Location: internet_14.png_Mean-Medain.png
Component: component_1755088178227_331.png
centerX: 0.324465941152761
centerY: 0.696036498431708
width: 0.02781136638452237
height: 0.019389791844881665
Area: 0.0001751549586954955
CentroidX: 0.3405
CentroidY: 0.7059
