Location: internet_14.png_Gaussian-Closing.png
Component: component_1755088178042_192.png
centerX: 0.2523176138653769
centerY: 0.37496435700028513
width: 0.024989923417976623
height: 0.020815511833475905
Area: 0.00019814117374739783
CentroidX: 0.2647
CentroidY: 0.3871
