Location: Dedata_9.png_Gaussian-Closing.png
Component: component_1755521955589_350.png
centerX: 0.8419354838709677
centerY: 0.6711313764605301
width: 0.02379032258064516
height: 0.02336848104873183
Area: 0.0002107483981283152
CentroidX: 0.8554
CentroidY: 0.6847
