Location: internet_14.png_Mean-Medain.png
Component: component_1755088178183_99.png
centerX: 0.10439338976219266
centerY: 0.18306244653550044
width: 0.02781136638452237
height: 0.024522383803820928
Area: 0.00023078159912109908
CentroidX: 0.1187
CentroidY: 0.1972
