Location: Dedata_9.png_Gaussian-Median.png
Component: component_1755521956167_195.png
centerX: 0.7076612903225806
centerY: 0.3505272157309775
width: 0.02661290322580645
height: 0.019663721858079224
Area: 0.0001843186644481012
CentroidX: 0.7234
CentroidY: 0.3600
