Location: Dedata_9.png_Mean-Closing.png
Component: component_1755521956009_108.png
centerX: 0.819758064516129
centerY: 0.20461669991450557
width: 0.028225806451612902
height: 0.022228555143915644
Area: 0.00022649132645087748
CentroidX: 0.8376
CentroidY: 0.2156
