Location: Dedata_9.png_Mean-Closing.png
Component: component_1755521956022_170.png
centerX: 0.059274193548387095
centerY: 0.3439726417782844
width: 0.028629032258064516
height: 0.020518666286691366
Area: 0.00019661423620367902
CentroidX: 0.0762
CentroidY: 0.3542
