Location: Dedata_9.png_Gaussian-Closing.png
Component: component_1755521955588_342.png
centerX: 0.11290322580645161
centerY: 0.6369335993160444
width: 0.03306451612903226
height: 0.02821316614420063
Area: 0.0003432418021860837
CentroidX: 0.1333
CentroidY: 0.6511
