Location: Dedata_9.png_Mean-Medain.png
Component: component_1755521955889_264.png
centerX: 0.21693548387096775
centerY: 0.5129666571672842
width: 0.031048387096774193
height: 0.025078369905956112
Area: 0.00032497081238106617
CentroidX: 0.2342
CentroidY: 0.5241
