Location: internet_14.png_Mean-Closing.png
Component: component_1755088177939_320.png
centerX: 0.5425231761386538
centerY: 0.6911890504704876
width: 0.02418379685610641
height: 0.01853435985172512
Area: 0.00018251054751210424
CentroidX: 0.5548
CentroidY: 0.7012
