Location: internet_14.png_Mean-Closing.png
Component: component_1755088177914_183.png
centerX: 0.3534864973800887
centerY: 0.37268320501853436
width: 0.024989923417976623
height: 0.021100655831194755
Area: 0.0002237708035302689
CentroidX: 0.3663
CentroidY: 0.3845
