Location: internet_14.png_Gaussian-Closing.png
Component: component_1755088178054_231.png
centerX: 0.37162434502216846
centerY: 0.46535500427716
width: 0.028617492946392584
height: 0.023096663815226688
Area: 0.00020170403708044267
CentroidX: 0.3865
CentroidY: 0.4793
