Location: Dedata_9.png_Mean-Medain.png
Component: component_1755521955800_56.png
centerX: 0.617741935483871
centerY: 0.07523510971786834
width: 0.03185483870967742
height: 0.01909375890567113
Area: 0.00034071374070362845
CentroidX: 0.6348
CentroidY: 0.0850
