Location: Dedata_9.png_Mean-Medain.png
Component: component_1755521955813_84.png
centerX: 0.5810483870967742
centerY: 0.121972071815332
width: 0.037096774193548385
height: 0.019663721858079224
Area: 0.00036427067724468875
CentroidX: 0.6024
CentroidY: 0.1312
