Location: internet_14.png_Mean-Medain.png
Component: component_1755088178217_276.png
centerX: 0.053204353083434096
centerY: 0.5759908753920729
width: 0.031035872632003223
height: 0.01996007984031936
Area: 0.00022319614815397132
CentroidX: 0.0689
CentroidY: 0.5865
