Location: Dedata_9.png_Gaussian-Closing.png
Component: component_1755521955582_312.png
centerX: 0.32620967741935486
centerY: 0.591621544599601
width: 0.02943548387096774
height: 0.0262182958107723
Area: 0.00031290506439662067
CentroidX: 0.3422
CentroidY: 0.6066
