Location: internet_14.png_Gaussian-Closing.png
Component: component_1755088178033_141.png
centerX: 0.7629987908101572
centerY: 0.272027373823781
width: 0.02902055622732769
height: 0.0213857998289136
Area: 0.00019526789686591004
CentroidX: 0.7790
CentroidY: 0.2833
