Location: Dedata_9.png_Gaussian-Median.png
Component: component_1755521956128_16.png
centerX: 0.5443548387096774
centerY: 0.005699629524080934
width: 0.027822580645161292
height: 0.02108862923909946
Area: 0.0002725709925629028
CentroidX: 0.5576
CentroidY: 0.0185
