Location: internet_14.png_Gaussian-Median.png
Component: component_1755088177624_215.png
centerX: 0.777509068923821
centerY: 0.41174793270601656
width: 0.024586860137041516
height: 0.023666951810664385
Area: 0.00018526889331833252
CentroidX: 0.7896
CentroidY: 0.4256
