Location: internet_14.png_Mean-Medain.png
Component: component_1755088178169_21.png
centerX: 0.8424022571543732
centerY: 0.016538351867693184
width: 0.029826682789197905
height: 0.025377815796977475
Area: 0.00030560172911504104
CentroidX: 0.8564
CentroidY: 0.0312
