Location: internet_14.png_Gaussian-Closing.png
Component: component_1755088178091_350.png
centerX: 0.7158403869407497
centerY: 0.7368120901055033
width: 0.024586860137041516
height: 0.019104647847162818
Area: 0.00017837302880276183
CentroidX: 0.7279
CentroidY: 0.7472
