Location: internet_14.png_Gaussian-Closing.png
Component: component_1755088178033_144.png
centerX: 0.5723498589278516
centerY: 0.2763045337895637
width: 0.028617492946392584
height: 0.020530367835757058
Area: 0.00021859890514359085
CentroidX: 0.5871
CentroidY: 0.2873
