Location: internet_14.png_Mean-Closing.png
Component: component_1755088177906_142.png
centerX: 0.2926239419588875
centerY: 0.2774451097804391
width: 0.03305118903667876
height: 0.022526375819788995
Area: 0.0002839946869662529
CentroidX: 0.3097
CentroidY: 0.2899
