Location: internet_14.png_Mean-Medain.png
Component: component_1755088178193_156.png
centerX: 0.6711003627569528
centerY: 0.31736526946107785
width: 0.024989923417976623
height: 0.024522383803820928
Area: 0.00023434446245414393
CentroidX: 0.6826
CentroidY: 0.3319
