Location: Dedata_9.png_Mean-Medain.png
Component: component_1755521955930_371.png
centerX: 0.9314516129032258
centerY: 0.7150185237959532
width: 0.027016129032258064
height: 0.02792818466799658
Area: 0.00030428667297915956
CentroidX: 0.9464
CentroidY: 0.7313
