Location: internet_14.png_Mean-Closing.png
Component: component_1755088177885_32.png
centerX: 0.6029826682789198
centerY: 0.05446250356429997
width: 0.025796049979846837
height: 0.023096663815226688
Area: 0.0002603188854627935
CentroidX: 0.6150
CentroidY: 0.0675
