Location: Dedata_9.png_Mean-Closing.png
Component: component_1755521956055_333.png
centerX: 0.4012096774193548
centerY: 0.6303790253633513
width: 0.025806451612903226
height: 0.025078369905956112
Area: 0.00026429733680214014
CentroidX: 0.4158
CentroidY: 0.6441
