Location: internet_14.png_Mean-Closing.png
Component: component_1755088177923_236.png
centerX: 0.8194276501410721
centerY: 0.5092671799258626
width: 0.02418379685610641
height: 0.021100655831194755
Area: 0.00019561269009168856
CentroidX: 0.8317
CentroidY: 0.5209
