Location: Dedata_9.png_Gaussian-Closing.png
Component: component_1755521955520_36.png
centerX: 0.4112903225806452
centerY: 0.039897406668566546
width: 0.02943548387096774
height: 0.021658592191507554
Area: 0.0002958981053328308
CentroidX: 0.4277
CentroidY: 0.0513
