Location: Dedata_9.png_Mean-Closing.png
Component: component_1755521956036_244.png
centerX: 0.5620967741935484
centerY: 0.47848389854659445
width: 0.028225806451612902
height: 0.02536335138216016
Area: 0.0003033673778946304
CentroidX: 0.5773
CentroidY: 0.4919
