Location: Dedata_9.png_Mean-Medain.png
Component: component_1755521955822_105.png
centerX: 0.6955645161290323
centerY: 0.16756910800797947
width: 0.03306451612903226
height: 0.020233684810487318
Area: 0.0003034822897801965
CentroidX: 0.7143
CentroidY: 0.1780
