Location: internet_14.png_Mean-Medain.png
Component: component_1755088178225_323.png
centerX: 0.6835953244659412
centerY: 0.6874821785001426
width: 0.027408303103587262
height: 0.02623324779013402
Area: 0.00023181597879843468
CentroidX: 0.6958
CentroidY: 0.7035
