Location: internet_14.png_Gaussian-Closing.png
Component: component_1755088178011_36.png
centerX: 0.25594518339379285
centerY: 0.05617336755061306
width: 0.029826682789197905
height: 0.023096663815226688
Area: 0.00026951337148355445
CentroidX: 0.2700
CentroidY: 0.0686
