Location: Dedata_9.png_Gaussian-Closing.png
Component: component_1755521955578_291.png
centerX: 0.25040322580645163
centerY: 0.5520091194072385
width: 0.028225806451612902
height: 0.024223425477343973
Area: 0.0002592412138372296
CentroidX: 0.2653
CentroidY: 0.5640
