Location: Dedata_9.png_Mean-Closing.png
Component: component_1755521956025_188.png
centerX: 0.839516129032258
centerY: 0.35081219720718154
width: 0.024596774193548387
height: 0.021658592191507554
Area: 0.00018179060296564595
CentroidX: 0.8536
CentroidY: 0.3622
