Location: Dedata_9.png_Gaussian-Closing.png
Component: component_1755521955524_52.png
centerX: 0.9169354838709678
centerY: 0.07324023938444
width: 0.03669354838709677
height: 0.022513536620119692
Area: 0.0003533540481159047
CentroidX: 0.9367
CentroidY: 0.0836
