Location: Dedata_9.png_Mean-Medain.png
Component: component_1755521955932_378.png
centerX: 0.6161290322580645
centerY: 0.7187232829866058
width: 0.029838709677419355
height: 0.029353092049016812
Area: 0.00032175327958521406
CentroidX: 0.6321
CentroidY: 0.7359
