Location: internet_14.png_Mean-Closing.png
Component: component_1755088177933_283.png
centerX: 0.3482466747279323
centerY: 0.6110635871114913
width: 0.02902055622732769
height: 0.021100655831194755
Area: 0.00023618335965829612
CentroidX: 0.3634
CentroidY: 0.6224
