Location: Dedata_9.png_Gaussian-Closing.png
Component: component_1755521955551_177.png
centerX: 0.14556451612903226
centerY: 0.34796238244514105
width: 0.03508064516129032
height: 0.020518666286691366
Area: 0.00022568694325191444
CentroidX: 0.1660
CentroidY: 0.3577
