Location: Dedata_9.png_Mean-Medain.png
Component: component_1755521955873_225.png
centerX: 0.2064516129032258
centerY: 0.4314619549729268
width: 0.03225806451612903
height: 0.022513536620119692
Area: 0.0002661359269711985
CentroidX: 0.2256
CentroidY: 0.4416
