Location: internet_14.png_Gaussian-Median.png
Component: component_1755088177475_69.png
centerX: 0.8577186618299073
centerY: 0.13088109495295125
width: 0.03143893591293833
height: 0.025377815796977475
Area: 0.00025250357234514676
CentroidX: 0.8738
CentroidY: 0.1443
