Location: internet_14.png_Gaussian-Closing.png
Component: component_1755088178022_93.png
centerX: 0.2067714631197098
centerY: 0.18106643855146848
width: 0.026602176541717048
height: 0.025377815796977475
Area: 0.0002479063293347663
CentroidX: 0.2193
CentroidY: 0.1958
