Location: Dedata_9.png_Mean-Medain.png
Component: component_1755521955804_64.png
centerX: 0.30685483870967745
centerY: 0.07950983186092904
width: 0.03669354838709677
height: 0.021373610715303505
Area: 0.0003785197510548911
CentroidX: 0.3270
CentroidY: 0.0902
