Location: Dedata_9.png_Gaussian-Median.png
Component: component_1755521956180_263.png
centerX: 0.9338709677419355
centerY: 0.4841835280706754
width: 0.02620967741935484
height: 0.0262182958107723
Area: 0.00027176660936393973
CentroidX: 0.9476
CentroidY: 0.4963
