Location: Dedata_9.png_Mean-Medain.png
Component: component_1755521955920_347.png
centerX: 0.11290322580645161
centerY: 0.6369335993160444
width: 0.03306451612903226
height: 0.02821316614420063
Area: 0.00035841017108081524
CentroidX: 0.1335
CentroidY: 0.6513
