Location: Dedata_9.png_Mean-Closing.png
Component: component_1755521955994_25.png
centerX: 0.844758064516129
centerY: 0.03305785123966942
width: 0.03225806451612903
height: 0.019948703334283273
Area: 0.0002921060131091479
CentroidX: 0.8629
CentroidY: 0.0448
