Location: Dedata_9.png_Gaussian-Closing.png
Component: component_1755521955593_367.png
centerX: 0.839516129032258
centerY: 0.7164434311769735
width: 0.03024193548387097
height: 0.025933314334568254
Area: 0.00028383235734838523
CentroidX: 0.8555
CentroidY: 0.7304
