Location: internet_14.png_Gaussian-Median.png
Component: component_1755088177743_303.png
centerX: 0.6977025392986699
centerY: 0.6027944111776448
width: 0.029826682789197905
height: 0.024522383803820928
Area: 0.00022342601030449035
CentroidX: 0.7122
CentroidY: 0.6176
