Location: Dedata_9.png_Gaussian-Closing.png
Component: component_1755521955542_143.png
centerX: 0.06491935483870968
centerY: 0.2542034767740097
width: 0.03225806451612903
height: 0.021658592191507554
Area: 0.00023878689820645529
CentroidX: 0.0851
CentroidY: 0.2650
