Location: Dedata_9.png_Gaussian-Closing.png
Component: component_1755521955567_251.png
centerX: 0.7060483870967742
centerY: 0.481618694784839
width: 0.029838709677419355
height: 0.024508406953548018
Area: 0.00029946037378538137
CentroidX: 0.7223
CentroidY: 0.4945
