Location: Dedata_9.png_Gaussian-Closing.png
Component: component_1755521955580_300.png
centerX: 0.8927419354838709
centerY: 0.5577087489313195
width: 0.02338709677419355
height: 0.025648332858364205
Area: 0.00024384302117136578
CentroidX: 0.9049
CentroidY: 0.5727
