Location: internet_14.png_Mean-Closing.png
Component: component_1755088177904_129.png
centerX: 0.9089076985086658
centerY: 0.262617621899059
width: 0.028214429665457477
height: 0.02594810379241517
Area: 0.00024744660503372827
CentroidX: 0.9224
CentroidY: 0.2777
