Location: internet_14.png_Gaussian-Median.png
Component: component_1755088177608_186.png
centerX: 0.05078597339782346
centerY: 0.3307670373538637
width: 0.02781136638452237
height: 0.023381807812945538
Area: 0.00018802723912456082
CentroidX: 0.0652
CentroidY: 0.3448
