Location: internet_14.png_Mean-Medain.png
Component: component_1755088178232_353.png
centerX: 0.4913341394598952
centerY: 0.7393783860849729
width: 0.029423619508262798
height: 0.022241231822070145
Area: 0.0002557216424524131
CentroidX: 0.5065
CentroidY: 0.7511
