Location: internet_14.png_Gaussian-Median.png
Component: component_1755088177731_271.png
centerX: 0.37162434502216846
centerY: 0.5163957798688338
width: 0.02781136638452237
height: 0.022526375819788995
Area: 0.00020124431277940462
CentroidX: 0.3852
CentroidY: 0.5292
