Location: internet_14.png_Gaussian-Closing.png
Component: component_1755088178018_70.png
centerX: 0.7601773478436115
centerY: 0.1371542629027659
width: 0.02539298669891173
height: 0.0213857998289136
Area: 0.00020181896815570219
CentroidX: 0.7734
CentroidY: 0.1498
