Location: Dedata_9.png_Gaussian-Closing.png
Component: component_1755521955572_275.png
centerX: 0.8903225806451613
centerY: 0.518381305215161
width: 0.025403225806451612
height: 0.024223425477343973
Area: 0.0002477500252806148
CentroidX: 0.9037
CentroidY: 0.5323
