Location: internet_14.png_Gaussian-Median.png
Component: component_1755088177740_290.png
centerX: 0.4179766223297058
centerY: 0.5583119475335044
width: 0.04030632809351068
height: 0.020245223838038208
Area: 0.00025330808987196333
CentroidX: 0.4408
CentroidY: 0.5676
