Location: Dedata_9.png_Gaussian-Closing.png
Component: component_1755521955550_172.png
centerX: 0.017741935483870968
centerY: 0.34169278996865204
width: 0.02379032258064516
height: 0.023083499572527786
Area: 0.00021155278132727824
CentroidX: 0.0318
CentroidY: 0.3543
