Location: Dedata_9.png_Gaussian-Closing.png
Component: component_1755521955560_223.png
centerX: 0.707258064516129
centerY: 0.4317469364491308
width: 0.027016129032258064
height: 0.02707324023938444
Area: 0.00026912363599591833
CentroidX: 0.7214
CentroidY: 0.4473
