Location: Dedata_9.png_Mean-Medain.png
Component: component_1755521955749_12.png
centerX: 0.15685483870967742
centerY: 0.005984611000284981
width: 0.027822580645161292
height: 0.02536335138216016
Area: 0.00031451383079454675
CentroidX: 0.1706
CentroidY: 0.0208
