Location: Dedata_9.png_Mean-Closing.png
Component: component_1755521956050_306.png
centerX: 0.32620967741935486
centerY: 0.591621544599601
width: 0.02943548387096774
height: 0.026503277286976348
Area: 0.00032600501935116155
CentroidX: 0.3424
CentroidY: 0.6067
