Location: internet_14.png_Mean-Closing.png
Component: component_1755088177894_77.png
centerX: 0.7009270455461507
centerY: 0.14086113487311092
width: 0.028617492946392584
height: 0.01996007984031936
Area: 0.00023170104772317517
CentroidX: 0.7169
CentroidY: 0.1506
