Location: Dedata_9.png_Mean-Medain.png
Component: component_1755521955761_21.png
centerX: 0.20161290322580644
centerY: 0.009404388714733543
width: 0.034274193548387094
height: 0.022228555143915644
Area: 0.00033416376322635804
CentroidX: 0.2186
CentroidY: 0.0227
