Location: Dedata_9.png_Gaussian-Closing.png
Component: component_1755521955547_159.png
centerX: 0.635483870967742
centerY: 0.29780564263322884
width: 0.02338709677419355
height: 0.027358221715588486
Area: 0.00019902738580056812
CentroidX: 0.6473
CentroidY: 0.3132
