Location: Dedata_9.png_Mean-Medain.png
Component: component_1755521955748_9.png
centerX: 0.49879032258064515
centerY: 0.004559703619264748
width: 0.027822580645161292
height: 0.021658592191507554
Area: 0.0003075042057750117
CentroidX: 0.5109
CentroidY: 0.0174
