Location: Dedata_9.png_Mean-Medain.png
Component: component_1755521955816_93.png
centerX: 0.8044354838709677
centerY: 0.16500427472214307
width: 0.04032258064516129
height: 0.0219435736677116
Area: 0.0003280734332913522
CentroidX: 0.8276
CentroidY: 0.1762
