Location: Dedata_9.png_Gaussian-Closing.png
Component: component_1755521955573_277.png
centerX: 0.7766129032258065
centerY: 0.5195212311199772
width: 0.02379032258064516
height: 0.023938444001139925
Area: 0.0002520017650465623
CentroidX: 0.7903
CentroidY: 0.5327
