Location: Dedata_9.png_Mean-Medain.png
Component: component_1755521955910_314.png
centerX: 0.8673387096774193
centerY: 0.591336563123397
width: 0.025806451612903226
height: 0.022228555143915644
Area: 0.0002792358819257393
CentroidX: 0.8814
CentroidY: 0.6033
