Location: Dedata_9.png_Gaussian-Closing.png
Component: component_1755521955580_303.png
centerX: 0.6379032258064516
centerY: 0.5862068965517241
width: 0.029838709677419355
height: 0.025648332858364205
Area: 0.00034117338824589307
CentroidX: 0.6537
CentroidY: 0.6008
