Location: Dedata_9.png_Gaussian-Closing.png
Component: component_1755521955583_315.png
centerX: 0.7879032258064517
centerY: 0.5921915075520091
width: 0.025403225806451612
height: 0.02108862923909946
Area: 0.00024234916665900587
CentroidX: 0.8014
CentroidY: 0.6036
