Location: internet_14.png_Mean-Medain.png
Component: component_1755088178198_180.png
centerX: 0.5646916565900847
centerY: 0.36840604505275165
width: 0.02781136638452237
height: 0.026803535785571715
Area: 0.0002506646751409946
CentroidX: 0.5771
CentroidY: 0.3844
