Location: Dedata_9.png_Mean-Closing.png
Component: component_1755521956028_204.png
centerX: 0.5596774193548387
centerY: 0.3895696779709319
width: 0.02661290322580645
height: 0.023083499572527786
Area: 0.0002138510190386012
CentroidX: 0.5741
CentroidY: 0.4024
