Location: internet_14.png_Mean-Medain.png
Component: component_1755088178189_135.png
centerX: 0.5175332527206772
centerY: 0.268320501853436
width: 0.03143893591293833
height: 0.02737382378100941
Area: 0.0003090496613728264
CentroidX: 0.5321
CentroidY: 0.2843
