Location: internet_14.png_Gaussian-Median.png
Component: component_1755088177739_285.png
centerX: 0.8270858524788391
centerY: 0.5540347875677217
width: 0.0237807335751713
height: 0.01996007984031936
Area: 0.00017377578579238137
CentroidX: 0.8387
CentroidY: 0.5652
