Location: Dedata_9.png_Gaussian-Closing.png
Component: component_1755521955572_274.png
centerX: 0.6512096774193549
centerY: 0.518096323738957
width: 0.02661290322580645
height: 0.022798518096323737
Area: 0.0002667104863990292
CentroidX: 0.6664
CentroidY: 0.5306
