Location: Dedata_9.png_Gaussian-Median.png
Component: component_1755521956126_8.png
centerX: 0.8649193548387096
centerY: 0.003989740666856654
width: 0.025806451612903226
height: 0.02108862923909946
Area: 0.0002553342097279806
CentroidX: 0.8768
CentroidY: 0.0161
