Location: internet_14.png_Gaussian-Median.png
Component: component_1755088177652_261.png
centerX: 0.6388553002821443
centerY: 0.5081266039349872
width: 0.024989923417976623
height: 0.023381807812945538
Area: 0.0001940036550380554
CentroidX: 0.6512
CentroidY: 0.5219
