Location: internet_14.png_Gaussian-Closing.png
Component: component_1755088178044_203.png
centerX: 0.7291414752116082
centerY: 0.41488451668092385
width: 0.028617492946392584
height: 0.025377815796977475
Area: 0.00023629829073355563
CentroidX: 0.7425
CentroidY: 0.4308
