Location: internet_14.png_Mean-Closing.png
Component: component_1755088177946_356.png
centerX: 0.7146311970979444
centerY: 0.7747362418021101
width: 0.02418379685610641
height: 0.020815511833475905
Area: 0.00019825610482265732
CentroidX: 0.7267
CentroidY: 0.7872
