Location: Dedata_9.png_Mean-Medain.png
Component: component_1755521955871_219.png
centerX: 0.018951612903225806
centerY: 0.42946708463949845
width: 0.02661290322580645
height: 0.02707324023938444
Area: 0.00023510971786833856
CentroidX: 0.0346
CentroidY: 0.4441
