Location: internet_14.png_Gaussian-Closing.png
Component: component_1755088178048_216.png
centerX: 0.05280128980249899
centerY: 0.4294268605645851
width: 0.028214429665457477
height: 0.022241231822070145
Area: 0.00022917256406746592
CentroidX: 0.0662
CentroidY: 0.4418
