Location: internet_14.png_Gaussian-Closing.png
Component: component_1755088178017_63.png
centerX: 0.44095122934300685
centerY: 0.1003706871970345
width: 0.028617492946392584
height: 0.02480752780153978
Area: 0.0002639966798710979
CentroidX: 0.4547
CentroidY: 0.1148
