Location: internet_14.png_Gaussian-Closing.png
Component: component_1755088178007_18.png
centerX: 0.8919790407093914
centerY: 0.015397775876817793
width: 0.022974607013301087
height: 0.02623324779013402
Area: 0.00025043481299047557
CentroidX: 0.9035
CentroidY: 0.0302
