Location: internet_14.png_Gaussian-Median.png
Component: component_1755088177460_12.png
centerX: 0.45747682386134625
centerY: 0.011690903906472769
width: 0.02781136638452237
height: 0.02480752780153978
Area: 0.0002667550256773262
CentroidX: 0.4715
CentroidY: 0.0256
