Location: Dedata_9.png_Mean-Medain.png
Component: component_1755521955886_255.png
centerX: 0.7056451612903226
centerY: 0.481618694784839
width: 0.03024193548387097
height: 0.024508406953548018
Area: 0.00031244541685435605
CentroidX: 0.7223
CentroidY: 0.4944
