Location: internet_14.png_Mean-Medain.png
Component: component_1755088178195_166.png
centerX: 0.007255139056831923
centerY: 0.32848588537211293
width: 0.020556227327690448
height: 0.025092671799258625
Area: 0.00022963228836850397
CentroidX: 0.0170
CentroidY: 0.3424
