Location: Dedata_9.png_Gaussian-Closing.png
Component: component_1755521955557_207.png
centerX: 0.5592741935483871
centerY: 0.3889997150185238
width: 0.02661290322580645
height: 0.02365346252493588
Area: 0.00020488789196444166
CentroidX: 0.5737
CentroidY: 0.4021
