Location: internet_14.png_Gaussian-Closing.png
Component: component_1755088178039_176.png
centerX: 0.8931882305521966
centerY: 0.360136869118905
width: 0.029423619508262798
height: 0.02480752780153978
Area: 0.00020814017729497533
CentroidX: 0.9090
CentroidY: 0.3740
