Location: internet_14.png_Gaussian-Closing.png
Component: component_1755088178060_250.png
centerX: 0.42563482466747277
centerY: 0.5149700598802395
width: 0.027005239822652155
height: 0.020530367835757058
Area: 0.00018549875546885154
CentroidX: 0.4395
CentroidY: 0.5262
