Location: internet_14.png_Mean-Closing.png
Component: component_1755088177940_322.png
centerX: 0.324465941152761
centerY: 0.696036498431708
width: 0.02781136638452237
height: 0.019389791844881665
Area: 0.0001719368885882292
CentroidX: 0.3405
CentroidY: 0.7059
