Location: internet_14.png_Gaussian-Median.png
Component: component_1755088177774_343.png
centerX: 0.8230552196694881
centerY: 0.6826347305389222
width: 0.02902055622732769
height: 0.026518391787852865
Area: 0.0001937737928875364
CentroidX: 0.8380
CentroidY: 0.6981
