Location: internet_14.png_Gaussian-Median.png
Component: component_1755088177629_221.png
centerX: 0.4788391777509069
centerY: 0.4174508126603935
width: 0.029826682789197905
height: 0.023952095808383235
Area: 0.0002448031903027595
CentroidX: 0.4947
CentroidY: 0.4304
