Location: Dedata_9.png_Gaussian-Median.png
Component: component_1755521956179_259.png
centerX: 0.7056451612903226
centerY: 0.481618694784839
width: 0.03024193548387097
height: 0.024508406953548018
Area: 0.0002995752856709475
CentroidX: 0.7222
CentroidY: 0.4944
