Location: internet_14.png_Gaussian-Median.png
Component: component_1755088177652_264.png
centerX: 0.5364772269246272
centerY: 0.5106928999144568
width: 0.026199113260781944
height: 0.023381807812945538
Area: 0.000204922107187709
CentroidX: 0.5491
CentroidY: 0.5241
