Location: internet_14.png_Gaussian-Closing.png
Component: component_1755088178055_236.png
centerX: 0.051189036678758564
centerY: 0.4793270601653835
width: 0.02902055622732769
height: 0.023952095808383235
Area: 0.00020239362353199975
CentroidX: 0.0655
CentroidY: 0.4938
