Location: internet_14.png_Gaussian-Closing.png
Component: component_1755088178005_7.png
centerX: 0.11124546553808948
centerY: 0.011690903906472769
width: 0.024586860137041516
height: 0.023952095808383235
Area: 0.00024641222535639267
CentroidX: 0.1231
CentroidY: 0.0252
