Location: internet_14.png_Mean-Medain.png
Component: component_1755088178204_207.png
centerX: 0.1003627569528416
centerY: 0.4248645566010835
width: 0.028617492946392584
height: 0.02765896777872826
Area: 0.00026755954320414275
CentroidX: 0.1137
CentroidY: 0.4417
