Location: internet_14.png_Gaussian-Closing.png
Component: component_1755088178047_215.png
centerX: 0.009270455461507456
centerY: 0.4265754205873966
width: 0.026199113260781944
height: 0.02281151981750784
Area: 0.00022549476965916156
CentroidX: 0.0213
CentroidY: 0.4397
