Location: Dedata_9.png_Gaussian-Median.png
Component: component_1755521956182_273.png
centerX: 0.31411290322580643
centerY: 0.5138216015958963
width: 0.027016129032258064
height: 0.0262182958107723
Area: 0.0002956682815616985
CentroidX: 0.3287
CentroidY: 0.5269
