Location: internet_14.png_Mean-Closing.png
Component: component_1755088177913_179.png
centerX: 0.147118097541314
centerY: 0.37097234103222126
width: 0.0237807335751713
height: 0.02737382378100941
Area: 0.0002380222568624483
CentroidX: 0.1581
CentroidY: 0.3877
