Location: Dedata_9.png_Mean-Closing.png
Component: component_1755521956019_155.png
centerX: 0.6745967741935484
centerY: 0.2975206611570248
width: 0.025806451612903226
height: 0.025933314334568254
Area: 0.00024223425477343973
CentroidX: 0.6894
CentroidY: 0.3115
