Location: internet_14.png_Mean-Medain.png
Component: component_1755088178166_5.png
centerX: 0.05965336557839581
centerY: 0.010265183917878529
width: 0.031035872632003223
height: 0.024522383803820928
Area: 0.00034410363932697743
CentroidX: 0.0748
CentroidY: 0.0240
