Location: Dedata_9.png_Gaussian-Closing.png
Component: component_1755521955549_167.png
centerX: 0.5923387096774193
centerY: 0.3000854944428612
width: 0.028225806451612902
height: 0.024508406953548018
Area: 0.00025050791053420236
CentroidX: 0.6077
CentroidY: 0.3118
