Location: internet_14.png_Gaussian-Closing.png
Component: component_1755088178037_161.png
centerX: 0.45908907698508666
centerY: 0.32249786142001713
width: 0.026602176541717048
height: 0.022241231822070145
Area: 0.00020239362353199975
CentroidX: 0.4726
CentroidY: 0.3342
