Location: Dedata_9.png_Mean-Medain.png
Component: component_1755521955875_233.png
centerX: 0.6209677419354839
centerY: 0.43488173268737534
width: 0.03024193548387097
height: 0.024508406953548018
Area: 0.00031118138611312845
CentroidX: 0.6382
CentroidY: 0.4462
