Location: Dedata_9.png_Gaussian-Closing.png
Component: component_1755521955559_215.png
centerX: 0.40483870967741936
centerY: 0.4288971216870903
width: 0.024193548387096774
height: 0.027358221715588486
Area: 0.0002433833736291012
CentroidX: 0.4179
CentroidY: 0.4430
