Location: Dedata_9.png_Mean-Medain.png
Component: component_1755521955860_176.png
centerX: 0.10443548387096774
centerY: 0.3456825306355087
width: 0.024193548387096774
height: 0.021658592191507554
Area: 0.00023694830803739692
CentroidX: 0.1184
CentroidY: 0.3571
