Location: internet_14.png_Gaussian-Median.png
Component: component_1755088177751_330.png
centerX: 0.5110842402257154
centerY: 0.65098374679213
width: 0.027005239822652155
height: 0.022241231822070145
Area: 0.00019733665622058123
CentroidX: 0.5230
CentroidY: 0.6645
