Location: Dedata_9.png_Gaussian-Closing.png
Component: component_1755521955524_49.png
centerX: 0.7725806451612903
centerY: 0.07124536905101168
width: 0.029838709677419355
height: 0.02108862923909946
Area: 0.0003183059230182296
CentroidX: 0.7886
CentroidY: 0.0817
