Location: Dedata_9.png_Gaussian-Closing.png
Component: component_1755521955569_260.png
centerX: 0.21693548387096775
centerY: 0.5129666571672842
width: 0.031048387096774193
height: 0.025078369905956112
Area: 0.00031405418325228214
CentroidX: 0.2341
CentroidY: 0.5241
