Location: internet_14.png_Mean-Closing.png
Component: component_1755088177935_292.png
centerX: 0.8569125352680371
centerY: 0.6427145708582834
width: 0.02418379685610641
height: 0.023381807812945538
Area: 0.00019676200084428367
CentroidX: 0.8686
CentroidY: 0.6567
