Location: internet_14.png_Gaussian-Median.png
Component: component_1755088177783_368.png
centerX: 0.8883514711809755
centerY: 0.7305389221556886
width: 0.02781136638452237
height: 0.023096663815226688
Area: 0.00022951735729324446
CentroidX: 0.9025
CentroidY: 0.7433
