Location: Dedata_9.png_Mean-Medain.png
Component: component_1755521955801_58.png
centerX: 0.20362903225806453
centerY: 0.07694499857509261
width: 0.03306451612903226
height: 0.022513536620119692
Area: 0.0003392198861912685
CentroidX: 0.2217
CentroidY: 0.0890
