Location: Dedata_9.png_Mean-Closing.png
Component: component_1755521956015_132.png
centerX: 0.4915322580645161
centerY: 0.2516386434881733
width: 0.027419354838709678
height: 0.027643203191792535
Area: 0.00025142720561873154
CentroidX: 0.5063
CentroidY: 0.2686
