Location: internet_14.png_Gaussian-Median.png
Component: component_1755088177617_202.png
centerX: 0.2994760177347844
centerY: 0.3706871970345024
width: 0.03143893591293833
height: 0.023381807812945538
Area: 0.00019940541557525245
CentroidX: 0.3150
CentroidY: 0.3844
