Location: internet_14.png_Mean-Medain.png
Component: component_1755088178226_329.png
centerX: 0.5421201128577187
centerY: 0.6911890504704876
width: 0.024586860137041516
height: 0.01853435985172512
Area: 0.00018561368654411106
CentroidX: 0.5548
CentroidY: 0.7013
