Location: internet_14.png_Mean-Closing.png
Component: component_1755088177945_355.png
centerX: 0.9048770656993148
centerY: 0.7715996578272027
width: 0.024586860137041516
height: 0.01996007984031936
Area: 0.00018469423794203498
CentroidX: 0.9179
CentroidY: 0.7830
