Location: Dedata_9.png_Mean-Closing.png
Component: component_1755521956032_221.png
centerX: 0.6665322580645161
centerY: 0.43374180678255914
width: 0.025806451612903226
height: 0.026788258763180393
Area: 0.000274294670846395
CentroidX: 0.6804
CentroidY: 0.4481
