Location: Dedata_9.png_Gaussian-Median.png
Component: component_1755521956125_3.png
centerX: 0.7008064516129032
centerY: 0.002279851809632374
width: 0.02620967741935484
height: 0.021373610715303505
Area: 0.0002597008613794942
CentroidX: 0.7135
CentroidY: 0.0145
