Location: Dedata_9.png_Mean-Medain.png
Component: component_1755521955820_104.png
centerX: 0.22782258064516128
centerY: 0.1669991450555714
width: 0.042741935483870966
height: 0.022228555143915644
Area: 0.00037679607277139887
CentroidX: 0.2530
CentroidY: 0.1770
