Location: internet_14.png_Mean-Medain.png
Component: component_1755088178200_190.png
centerX: 0.009270455461507456
centerY: 0.37553464499572287
width: 0.02418379685610641
height: 0.023952095808383235
Area: 0.00022836804654064935
CentroidX: 0.0197
CentroidY: 0.3900
