Location: Dedata_9.png_Mean-Medain.png
Component: component_1755521955932_375.png
centerX: 0.5701612903225807
centerY: 0.7184383015104018
width: 0.027822580645161292
height: 0.02963807352522086
Area: 0.0003194550418738911
CentroidX: 0.5849
CentroidY: 0.7367
