Location: internet_14.png_Mean-Medain.png
Component: component_1755088178206_219.png
centerX: 0.7803305118903668
centerY: 0.45737097234103224
width: 0.024989923417976623
height: 0.022526375819788995
Area: 0.00018653313514618717
CentroidX: 0.7930
CentroidY: 0.4699
