Location: Dedata_9.png_Gaussian-Closing.png
Component: component_1755521955533_96.png
centerX: 0.3524193548387097
centerY: 0.1658592191507552
width: 0.03588709677419355
height: 0.024508406953548018
Area: 0.00033014184723154284
CentroidX: 0.3731
CentroidY: 0.1789
