Location: Dedata_9.png_Mean-Medain.png
Component: component_1755521955886_257.png
centerX: 0.8443548387096774
centerY: 0.481618694784839
width: 0.027822580645161292
height: 0.025648332858364205
Area: 0.0003079638533172763
CentroidX: 0.8589
CentroidY: 0.4953
