Location: internet_14.png_Gaussian-Closing.png
Component: component_1755088178107_380.png
centerX: 0.1592099959693672
centerY: 0.784145993726832
width: 0.02902055622732769
height: 0.022526375819788995
Area: 0.00025939943686071747
CentroidX: 0.1731
CentroidY: 0.7967
