Location: internet_14.png_Gaussian-Closing.png
Component: component_1755088178041_183.png
centerX: 0.6670697299476017
centerY: 0.36840604505275165
width: 0.028214429665457477
height: 0.023666951810664385
Area: 0.00022882777084168738
CentroidX: 0.6805
CentroidY: 0.3817
