Location: Dedata_9.png_Mean-Medain.png
Component: component_1755521955818_99.png
centerX: 0.9209677419354839
centerY: 0.16614420062695925
width: 0.03225806451612903
height: 0.021658592191507554
Area: 0.000316237509078039
CentroidX: 0.9389
CentroidY: 0.1772
