Location: internet_14.png_Mean-Medain.png
Component: component_1755088178221_300.png
centerX: 0.898024989923418
centerY: 0.6429997148560023
width: 0.024586860137041516
height: 0.019674935842600515
Area: 0.0001780282355769833
CentroidX: 0.9110
CentroidY: 0.6533
