Location: Dedata_9.png_Gaussian-Median.png
Component: component_1755521956202_387.png
centerX: 0.5254032258064516
centerY: 0.719578227415218
width: 0.029838709677419355
height: 0.03134796238244514
Area: 0.0003261199312367277
CentroidX: 0.5413
CentroidY: 0.7384
