Location: internet_14.png_Mean-Medain.png
Component: component_1755088178212_253.png
centerX: 0.10157194679564692
centerY: 0.5303678357570573
width: 0.026199113260781944
height: 0.021956087824351298
Area: 0.0001879123080493013
CentroidX: 0.1148
CentroidY: 0.5431
