Location: Dedata_9.png_Mean-Medain.png
Component: component_1755521955897_280.png
centerX: 0.8133064516129033
centerY: 0.518666286691365
width: 0.025403225806451612
height: 0.022798518096323737
Area: 0.000274294670846395
CentroidX: 0.8257
CentroidY: 0.5314
