Location: internet_14.png_Mean-Closing.png
Component: component_1755088177936_300.png
centerX: 0.5590487706569931
centerY: 0.6512688907898488
width: 0.028214429665457477
height: 0.017678927858568578
Area: 0.0001751549586954955
CentroidX: 0.5744
CentroidY: 0.6607
