Location: Dedata_9.png_Gaussian-Median.png
Component: component_1755521956182_277.png
centerX: 0.527016129032258
centerY: 0.5161014534055286
width: 0.02661290322580645
height: 0.024508406953548018
Area: 0.00027946570569687166
CentroidX: 0.5416
CentroidY: 0.5294
