Location: Dedata_9.png_Gaussian-Closing.png
Component: component_1755521955538_120.png
centerX: 0.29758064516129035
centerY: 0.20946138500997435
width: 0.03346774193548387
height: 0.02365346252493588
Area: 0.00030233317092453506
CentroidX: 0.3173
CentroidY: 0.2214
