Location: Dedata_9.png_Mean-Closing.png
Component: component_1755521956033_226.png
centerX: 0.8866935483870968
centerY: 0.43488173268737534
width: 0.028225806451612902
height: 0.024793388429752067
Area: 0.00029153145368131716
CentroidX: 0.9017
CentroidY: 0.4474
