Location: internet_14.png_Mean-Medain.png
Component: component_1755088178212_252.png
centerX: 0.008464328899637243
centerY: 0.5300826917593384
width: 0.02176541717049577
height: 0.022241231822070145
Area: 0.0001789476841790594
CentroidX: 0.0190
CentroidY: 0.5427
