Location: Dedata_9.png_Gaussian-Median.png
Component: component_1755521956147_118.png
centerX: 0.9173387096774194
centerY: 0.20575662581932175
width: 0.031451612903225803
height: 0.022513536620119692
Area: 0.00022844482850550198
CentroidX: 0.9358
CentroidY: 0.2174
