Location: internet_14.png_Gaussian-Closing.png
Component: component_1755088178077_314.png
centerX: 0.3534864973800887
centerY: 0.6561163387510693
width: 0.03345425231761386
height: 0.019674935842600515
Area: 0.0002327354274005108
CentroidX: 0.3712
CentroidY: 0.6661
