Location: internet_14.png_Mean-Medain.png
Component: component_1755088178202_203.png
centerX: 0.577589681580008
centerY: 0.41944682064442546
width: 0.0237807335751713
height: 0.020815511833475905
Area: 0.00021641521471366015
CentroidX: 0.5889
CentroidY: 0.4317
