Location: Dedata_9.png_Mean-Closing.png
Component: component_1755521956066_371.png
centerX: 0.4729838709677419
centerY: 0.7215730977486463
width: 0.029838709677419355
height: 0.02821316614420063
Area: 0.00033680673659437945
CentroidX: 0.4889
CentroidY: 0.7386
