Location: Dedata_9.png_Mean-Medain.png
Component: component_1755521955891_267.png
centerX: 0.40846774193548385
centerY: 0.5135366201196923
width: 0.020967741935483872
height: 0.024223425477343973
Area: 0.00020075106408406034
CentroidX: 0.4200
CentroidY: 0.5273
