Location: Dedata_9.png_Mean-Closing.png
Component: component_1755521956040_251.png
centerX: 0.8911290322580645
centerY: 0.4827586206896552
width: 0.02620967741935484
height: 0.02536335138216016
Area: 0.00028004026512470237
CentroidX: 0.9048
CentroidY: 0.4958
