Location: Dedata_9.png_Gaussian-Median.png
Component: component_1755521956170_212.png
centerX: 0.8495967741935484
centerY: 0.3884297520661157
width: 0.045564516129032256
height: 0.023938444001139925
Area: 0.0003098024434863347
CentroidX: 0.8797
CentroidY: 0.3992
