Location: Dedata_9.png_Mean-Medain.png
Component: component_1755521955892_269.png
centerX: 0.11814516129032258
centerY: 0.5143915645483044
width: 0.028629032258064516
height: 0.024793388429752067
Area: 0.00031347962382445143
CentroidX: 0.1340
CentroidY: 0.5267
