Location: Dedata_9.png_Gaussian-Closing.png
Component: component_1755521955545_152.png
centerX: 0.014516129032258065
centerY: 0.29495582787118835
width: 0.029838709677419355
height: 0.022513536620119692
Area: 0.0002490140560218425
CentroidX: 0.0317
CentroidY: 0.3059
