Location: Dedata_9.png_Mean-Closing.png
Component: component_1755521956061_351.png
centerX: 0.7528225806451613
centerY: 0.6725562838415503
width: 0.02661290322580645
height: 0.026503277286976348
Area: 0.00030899806028737166
CentroidX: 0.7673
CentroidY: 0.6860
