Location: internet_14.png_Mean-Medain.png
Component: component_1755088178211_245.png
centerX: 0.7654171704957679
centerY: 0.5129740518962076
width: 0.03385731559854897
height: 0.019674935842600515
Area: 0.0002497452265389185
CentroidX: 0.7844
CentroidY: 0.5219
