Location: internet_14.png_Mean-Medain.png
Component: component_1755088178169_20.png
centerX: 0.40185409109230147
centerY: 0.016823495865412035
width: 0.030229746070133012
height: 0.02281151981750784
Area: 0.00030157914148095814
CentroidX: 0.4170
CentroidY: 0.0292
