Location: Dedata_9.png_Mean-Closing.png
Component: component_1755521956029_208.png
centerX: 0.807258064516129
centerY: 0.3895696779709319
width: 0.024596774193548387
height: 0.024793388429752067
Area: 0.00024993335110637166
CentroidX: 0.8213
CentroidY: 0.4031
