Location: internet_14.png_Gaussian-Median.png
Component: component_1755088177483_120.png
centerX: 0.611446997178557
centerY: 0.22383803820929568
width: 0.032245062474808545
height: 0.02594810379241517
Area: 0.000275030063096011
CentroidX: 0.6274
CentroidY: 0.2378
