Location: Dedata_9.png_Gaussian-Median.png
Component: component_1755521956204_397.png
centerX: 0.015725806451612902
centerY: 0.7295525790823596
width: 0.025403225806451612
height: 0.02707324023938444
Area: 0.0002894630397411265
CentroidX: 0.0305
CentroidY: 0.7436
