Location: internet_14.png_Mean-Closing.png
Component: component_1755088177882_15.png
centerX: 0.8033051189036678
centerY: 0.013686911890504704
width: 0.02257154373236598
height: 0.025377815796977475
Area: 0.00026215778266694574
CentroidX: 0.8143
CentroidY: 0.0277
