Location: internet_14.png_Mean-Closing.png
Component: component_1755088177904_132.png
centerX: 0.40669085046352277
centerY: 0.27003136583974907
width: 0.029423619508262798
height: 0.023381807812945538
Area: 0.0002650310595484335
CentroidX: 0.4213
CentroidY: 0.2832
