Location: Dedata_9.png_Gaussian-Closing.png
Component: component_1755521955562_228.png
centerX: 0.8
centerY: 0.4343117697349672
width: 0.027419354838709678
height: 0.024223425477343973
Area: 0.0002584368306382666
CentroidX: 0.8155
CentroidY: 0.4460
