Location: internet_14.png_Gaussian-Median.png
Component: component_1755088177455_7.png
centerX: 0.05965336557839581
centerY: 0.010550327915597377
width: 0.031035872632003223
height: 0.023952095808383235
Area: 0.0003276684955648673
CentroidX: 0.0748
CentroidY: 0.0241
