Location: Dedata_9.png_Gaussian-Closing.png
Component: component_1755521955552_180.png
centerX: 0.3895161290322581
centerY: 0.34910230834995726
width: 0.03346774193548387
height: 0.02336848104873183
Area: 0.00020810542476029382
CentroidX: 0.4097
CentroidY: 0.3596
