Location: internet_14.png_Gaussian-Closing.png
Component: component_1755088178057_243.png
centerX: 0.731962918178154
centerY: 0.5089820359281437
width: 0.023377670294236194
height: 0.023096663815226688
Area: 0.00019883076019895488
CentroidX: 0.7433
CentroidY: 0.5226
