Location: internet_14.png_Gaussian-Closing.png
Component: component_1755088178056_239.png
centerX: 0.6823861346231358
centerY: 0.5052751639577987
width: 0.026602176541717048
height: 0.028514399771884802
Area: 0.00022078259557352159
CentroidX: 0.6944
CentroidY: 0.5224
