Location: internet_14.png_Gaussian-Closing.png
Component: component_1755088178108_383.png
centerX: 0.11164852881902458
centerY: 0.7892785856857714
width: 0.025796049979846837
height: 0.020245223838038208
Area: 0.00020768045299393727
CentroidX: 0.1250
CentroidY: 0.8008
