Location: internet_14.png_Gaussian-Closing.png
Component: component_1755088178053_227.png
centerX: 0.5763804917372027
centerY: 0.4602224123182207
width: 0.030229746070133012
height: 0.016538351867693184
Area: 0.00014780136278373177
CentroidX: 0.5938
CentroidY: 0.4687
