Location: internet_14.png_Gaussian-Closing.png
Component: component_1755088178086_333.png
centerX: 0.27327690447400244
centerY: 0.69803250641574
width: 0.027408303103587262
height: 0.019104647847162818
Area: 0.0001740056479429004
CentroidX: 0.2886
CentroidY: 0.7085
