Location: internet_14.png_Mean-Closing.png
Component: component_1755088177911_171.png
centerX: 0.8508665860540104
centerY: 0.36070715711434276
width: 0.030632809351068116
height: 0.02480752780153978
Area: 0.00024158512019549315
CentroidX: 0.8664
CentroidY: 0.3753
