Location: Dedata_9.png_Mean-Medain.png
Component: component_1755521955916_334.png
centerX: 0.8237903225806451
centerY: 0.627814192077515
width: 0.028225806451612902
height: 0.025648332858364205
Area: 0.00034427600915617904
CentroidX: 0.8387
CentroidY: 0.6419
