Location: internet_14.png_Mean-Closing.png
Component: component_1755088177886_37.png
centerX: 0.5014107214832729
centerY: 0.05617336755061306
width: 0.028214429665457477
height: 0.023666951810664385
Area: 0.00026158312729064815
CentroidX: 0.5141
CentroidY: 0.0696
