Location: internet_14.png_Gaussian-Median.png
Component: component_1755088177750_323.png
centerX: 0.898024989923418
centerY: 0.6429997148560023
width: 0.024586860137041516
height: 0.019674935842600515
Area: 0.00016848895633044385
CentroidX: 0.9109
CentroidY: 0.6531
