Location: Dedata_9.png_Gaussian-Median.png
Component: component_1755521956202_385.png
centerX: 0.7899193548387097
centerY: 0.7181533200341977
width: 0.029838709677419355
height: 0.0262182958107723
Area: 0.0002687789003392199
CentroidX: 0.8065
CentroidY: 0.7325
