Location: internet_14.png_Mean-Closing.png
Component: component_1755088177916_193.png
centerX: 0.819024586860137
centerY: 0.4128885086968919
width: 0.026602176541717048
height: 0.022241231822070145
Area: 0.00017216675073874823
CentroidX: 0.8337
CentroidY: 0.4261
