Location: Dedata_9.png_Gaussian-Median.png
Component: component_1755521956199_365.png
centerX: 0.6536290322580646
centerY: 0.6714163579367342
width: 0.029838709677419355
height: 0.023938444001139925
Area: 0.0002822235909504592
CentroidX: 0.6707
CentroidY: 0.6834
