Location: Dedata_9.png_Mean-Medain.png
Component: component_1755521955769_35.png
centerX: 0.5504032258064516
centerY: 0.03875748076375036
width: 0.03508064516129032
height: 0.020233684810487318
Area: 0.00031842083490379576
CentroidX: 0.5700
CentroidY: 0.0495
