Location: internet_14.png_Mean-Closing.png
Component: component_1755088177946_360.png
centerX: 0.5743651753325272
centerY: 0.7770173937838608
width: 0.02781136638452237
height: 0.020245223838038208
Area: 0.00020227869245674024
CentroidX: 0.5884
CentroidY: 0.7884
