Location: Dedata_9.png_Gaussian-Closing.png
Component: component_1755521955538_121.png
centerX: 0.1870967741935484
centerY: 0.21003134796238246
width: 0.036290322580645164
height: 0.021373610715303505
Area: 0.00032531554803776465
CentroidX: 0.2083
CentroidY: 0.2199
