Location: Dedata_33.png_Gaussian-Median.png
Component: component_1755502146866_233.png
centerX: 0.9032648125755743
centerY: 0.36127744510978044
width: 0.020959290608625555
height: 0.03592814371257485
Area: 0.00024848098471106386
CentroidX: 0.9135
CentroidY: 0.3755
