Location: Dedata_33.png_Mean-Medain.png
Component: component_1755502146744_395.png
centerX: 0.20475614671503425
centerY: 0.6524094667807243
width: 0.022168480451430876
height: 0.036213287710293696
Area: 0.00024848098471106386
CentroidX: 0.2193
CentroidY: 0.6666
