Location: Dedata_33.png_Mean-Closing.png
Component: component_1755502147475_243.png
centerX: 0.509471987101975
centerY: 0.4317080125463359
width: 0.021362353889560662
height: 0.039064727687482176
Area: 0.0003450230879290535
CentroidX: 0.5220
CentroidY: 0.4463
