Location: internet_5.png_Gaussian-Median.png
Component: component_1755094087025_80.png
centerX: 0.5070536074163644
centerY: 0.2184203022526376
width: 0.04312777106005643
height: 0.027088679783290562
Area: 0.0004621378536184957
CentroidX: 0.5314
CentroidY: 0.2283
