Location: internet_5.png_Gaussian-Median.png
Component: component_1755094087012_23.png
centerX: 0.6501410721483273
centerY: 0.054177359566581124
width: 0.0471584038694075
height: 0.036783575705731396
Area: 0.0006794725169342319
CentroidX: 0.6749
CentroidY: 0.0688
