Location: Paraklitoni_1720_page_10.png_Mean-Medain.png
Component: component_1755610055328_1243.png
centerX: 0.8650914634146342
centerY: 0.4496240601503759
width: 0.013719512195121951
height: 0.011528822055137845
Area: 8.863622470811175e-05
CentroidX: 0.8724
CentroidY: 0.4541
