Location: Dedata_33.png_Mean-Medain.png
Component: component_1755502146756_450.png
centerX: 0.30390971382507054
centerY: 0.7553464499572284
width: 0.02015316404675534
height: 0.03706871970345024
Area: 0.00027640923599912517
CentroidX: 0.3156
CentroidY: 0.7705
