Location: Dedata_33.png_Gaussian-Closing.png
Component: component_1755502147209_112.png
centerX: 0.5695284159613059
centerY: 0.19019104647847163
width: 0.02418379685610641
height: 0.03507271171941831
Area: 0.00029112041363234264
CentroidX: 0.5820
CentroidY: 0.2031
