Location: Dedata_33.png_Mean-Medain.png
Component: component_1755502146741_382.png
centerX: 0.6356307940346635
centerY: 0.6190476190476191
width: 0.01894397420395002
height: 0.03649843170801255
Area: 0.00028146620331054366
CentroidX: 0.6470
CentroidY: 0.6336
