Location: Dedata_33.png_Mean-Closing.png
Component: component_1755502147689_374.png
centerX: 0.6819830713422007
centerY: 0.6712289706301683
width: 0.023377670294236194
height: 0.038209295694325636
Area: 0.0002807766168589866
CentroidX: 0.6961
CentroidY: 0.6862
