Location: internet_5.png_Gaussian-Median.png
Component: component_1755094087056_237.png
centerX: 0.6247480854494155
centerY: 0.6703735386370117
width: 0.04554615074566707
height: 0.033932135728542916
Area: 0.0004691486492093259
CentroidX: 0.6493
CentroidY: 0.6842
