Location: internet_5.png_Gaussian-Median.png
Component: component_1755094087014_34.png
centerX: 0.9476017734784361
centerY: 0.10550327915597377
width: 0.03909713825070536
height: 0.03592814371257485
Area: 0.0005891366917802559
CentroidX: 0.9674
CentroidY: 0.1209
