Location: Dedata_33.png_Gaussian-Median.png
Component: component_1755502146905_396.png
centerX: 0.8089480048367593
centerY: 0.6136298830909609
width: 0.019347037484885126
height: 0.03450242372398061
Area: 0.00023951636084082196
CentroidX: 0.8212
CentroidY: 0.6266
