Location: Dedata_33.png_Mean-Closing.png
Component: component_1755502147667_302.png
centerX: 0.29826682789197906
centerY: 0.5451953236384374
width: 0.018137847642079808
height: 0.03165098374679213
Area: 0.0002200930091219645
CentroidX: 0.3091
CentroidY: 0.5577
