Location: Dedata_33.png_Mean-Medain.png
Component: component_1755502146683_91.png
centerX: 0.27166465135026197
centerY: 0.13972055888223553
width: 0.02176541717049577
height: 0.034787567721699456
Area: 0.000264686266322655
CentroidX: 0.2832
CentroidY: 0.1529
