Location: Dedata_33.png_Mean-Medain.png
Component: component_1755502146686_108.png
centerX: 0.7468762595727529
centerY: 0.18363273453093812
width: 0.03426037887948408
height: 0.02879954376960365
Area: 0.00031215280040483323
CentroidX: 0.7685
CentroidY: 0.1931
