Location: Kurtxevani_1764_page_10.png_Otsu.png
Component: component_1755610055928_1219.png
centerX: 0.6990291262135923
centerY: 0.4794200187090739
width: 0.018770226537216828
height: 0.017305893358278764
Area: 0.00017800866429927253
CentroidX: 0.7103
CentroidY: 0.4861
