Location: internet_5.png_Gaussian-Closing.png
Component: component_1755094087631_158.png
centerX: 0.8218460298266828
centerY: 0.45223838038209296
width: 0.03909713825070536
height: 0.02737382378100941
Area: 0.0004282331864169398
CentroidX: 0.8437
CentroidY: 0.4627
