Location: Dedata_33.png_Mean-Medain.png
Component: component_1755502146691_134.png
centerX: 0.841596130592503
centerY: 0.2275449101796407
width: 0.01894397420395002
height: 0.03279155973766752
Area: 0.00023158611664791565
CentroidX: 0.8519
CentroidY: 0.2396
