Location: Dedata_33.png_Gaussian-Median.png
Component: component_1755502146826_79.png
centerX: 0.4598952035469569
centerY: 0.1365839749073282
width: 0.020556227327690448
height: 0.03877958368976333
Area: 0.00028640823954670266
CentroidX: 0.4688
CentroidY: 0.1517
