Location: internet_5.png_Mean-Closing.png
Component: component_1755094087520_248.png
centerX: 0.17573559048770657
centerY: 0.7419446820644425
width: 0.03909713825070536
height: 0.029369831765041345
Area: 0.00044466833017904996
CentroidX: 0.1986
CentroidY: 0.7527
