Location: Dedata_33.png_Mean-Medain.png
Component: component_1755502146727_324.png
centerX: 0.6158806932688432
centerY: 0.5266609637867123
width: 0.021362353889560662
height: 0.0290846877673225
Area: 0.00028020196148268903
CentroidX: 0.6284
CentroidY: 0.5382
