Location: Dedata_33.png_Mean-Medain.png
Component: component_1755502146729_333.png
centerX: 0.44014510278113667
centerY: 0.5372112917023096
width: 0.019750100765820233
height: 0.03022526375819789
Area: 0.0002079103151444563
CentroidX: 0.4531
CentroidY: 0.5486
