Location: internet_5.png_Mean-Closing.png
Component: component_1755094087467_7.png
centerX: 0.5276098347440548
centerY: 0.007413743940690049
width: 0.04554615074566707
height: 0.037639007698887936
Area: 0.0007052170777923626
CentroidX: 0.5538
CentroidY: 0.0225
