Location: internet_5.png_Gaussian-Closing.png
Component: component_1755094087594_40.png
centerX: 0.5671100362756953
centerY: 0.11092101511263187
width: 0.028617492946392584
height: 0.031080695751354435
Area: 0.00039904069330102393
CentroidX: 0.5840
CentroidY: 0.1238
