Location: Dedata_33.png_Gaussian-Median.png
Component: component_1755502146868_244.png
centerX: 0.5840386940749698
centerY: 0.37553464499572287
width: 0.020556227327690448
height: 0.037639007698887936
Area: 0.0003027284522335533
CentroidX: 0.5954
CentroidY: 0.3907
