Location: Dedata_33.png_Mean-Closing.png
Component: component_1755502147700_401.png
centerX: 0.012091898428053204
centerY: 0.7228400342172797
width: 0.019750100765820233
height: 0.03649843170801255
Area: 0.00028342003158995536
CentroidX: 0.0244
CentroidY: 0.7372
