Location: internet_5.png_Mean-Medain.png
Component: component_1755094087405_238.png
centerX: 0.890769850866586
centerY: 0.7199885942400912
width: 0.03788794840790004
height: 0.029940119760479042
Area: 0.0004205328043745526
CentroidX: 0.9114
CentroidY: 0.7328
