Location: Dedata_33.png_Gaussian-Median.png
Component: component_1755502146927_467.png
centerX: 0.43732365981459087
centerY: 0.7430852580553179
width: 0.019347037484885126
height: 0.03934987168520103
Area: 0.0002830752383641768
CentroidX: 0.4490
CentroidY: 0.7593
