Location: Dedata_33.png_Gaussian-Median.png
Component: component_1755502146884_315.png
centerX: 0.7243047158403869
centerY: 0.47276874821785003
width: 0.03305118903667876
height: 0.028229255774165955
Area: 0.0002420448444965312
CentroidX: 0.7471
CentroidY: 0.4828
