Location: Dedata_33.png_Gaussian-Median.png
Component: component_1755502146819_43.png
centerX: 0.5751713018943975
centerY: 0.055603079555175364
width: 0.026199113260781944
height: 0.03592814371257485
Area: 0.00034180501782178716
CentroidX: 0.5878
CentroidY: 0.0703
