Location: Samociqulo_1709_page_10.png_Gaussian-Median.png
Component: component_1755610056308_3399.png
centerX: 0.36412776412776415
centerY: 0.835
width: 0.02702702702702703
height: 0.0146875
Area: 0.00017383292383292383
CentroidX: 0.3782
CentroidY: 0.8403
