Location: Dedata_33.png_Mean-Closing.png
Component: component_1755502147676_336.png
centerX: 0.08383716243450222
centerY: 0.6093527231251782
width: 0.024586860137041516
height: 0.031080695751354435
Area: 0.00025928450578545793
CentroidX: 0.0998
CentroidY: 0.6211
