Location: internet_5.png_Gaussian-Median.png
Component: component_1755094087021_69.png
centerX: 0.27972591696896415
centerY: 0.17564870259481039
width: 0.03990326481257558
height: 0.03136583974907328
Area: 0.0005016741435077676
CentroidX: 0.3028
CentroidY: 0.1883
