Location: Dedata_33.png_Gaussian-Closing.png
Component: component_1755502147308_345.png
centerX: 0.905683192261185
centerY: 0.6124893071000855
width: 0.018540910923014912
height: 0.030795551753635585
Area: 0.00020974921234860846
CentroidX: 0.9176
CentroidY: 0.6243
