Location: Dedata_33.png_Mean-Medain.png
Component: component_1755502146689_123.png
centerX: 0.16928657799274485
centerY: 0.19503849443969204
width: 0.020556227327690448
height: 0.031936127744510975
Area: 0.00026618037030102864
CentroidX: 0.1804
CentroidY: 0.2072
