Location: internet_5.png_Gaussian-Closing.png
Component: component_1755094087602_54.png
centerX: 0.7670294236195082
centerY: 0.1562589107499287
width: 0.03184199919387344
height: 0.03022526375819789
Area: 0.0004055917645908161
CentroidX: 0.7860
CentroidY: 0.1683
