Location: internet_5.png_Gaussian-Median.png
Component: component_1755094087059_249.png
centerX: 0.9387343812978638
centerY: 0.720558882235529
width: 0.037081821846029824
height: 0.028514399771884802
Area: 0.0003715721663140007
CentroidX: 0.9608
CentroidY: 0.7314
