Location: Dedata_33.png_Mean-Medain.png
Component: component_1755502146742_387.png
centerX: 0.479242241031842
centerY: 0.632164242942686
width: 0.018540910923014912
height: 0.033932135728542916
Area: 0.0002398611540666005
CentroidX: 0.4908
CentroidY: 0.6456
