Location: Dedata_33.png_Mean-Medain.png
Component: component_1755502146752_434.png
centerX: 0.04675534058847239
centerY: 0.7216994582264044
width: 0.021362353889560662
height: 0.033932135728542916
Area: 0.0002643414730968764
CentroidX: 0.0603
CentroidY: 0.7345
