Location: Dedata_33.png_Mean-Medain.png
Component: component_1755502146701_184.png
centerX: 0.023377670294236194
centerY: 0.2956943256344454
width: 0.02176541717049577
height: 0.03421727972626176
Area: 0.0002899711028797475
CentroidX: 0.0355
CentroidY: 0.3089
