Location: Dedata_33.png_Gaussian-Median.png
Component: component_1755502146871_275.png
centerX: 0.13502619911326078
centerY: 0.40290846877673225
width: 0.0237807335751713
height: 0.03592814371257485
Area: 0.00027686896030016317
CentroidX: 0.1489
CentroidY: 0.4170
