Location: Dedata_33.png_Mean-Closing.png
Component: component_1755502147470_234.png
centerX: 0.8299072954453849
centerY: 0.414599372683205
width: 0.02176541717049577
height: 0.035642999714856
Area: 0.00030778541954497177
CentroidX: 0.8418
CentroidY: 0.4282
