Location: internet_5.png_Mean-Medain.png
Component: component_1755094087347_88.png
centerX: 0.8887545344619106
centerY: 0.25206729398346167
width: 0.04433696090286175
height: 0.029940119760479042
Area: 0.0005277634975916767
CentroidX: 0.9116
CentroidY: 0.2642
