Location: Dedata_33.png_Gaussian-Median.png
Component: component_1755502146891_347.png
centerX: 0.5856509471987102
centerY: 0.530938123752495
width: 0.01894397420395002
height: 0.03222127174222983
Area: 0.00020974921234860846
CentroidX: 0.5973
CentroidY: 0.5433
