Location: Dedata_33.png_Mean-Medain.png
Component: component_1755502146732_347.png
centerX: 0.012494961708988311
centerY: 0.564870259481038
width: 0.020959290608625555
height: 0.02879954376960365
Area: 0.00021584055933736258
CentroidX: 0.0250
CentroidY: 0.5752
