Location: internet_5.png_Mean-Medain.png
Component: component_1755094087308_37.png
centerX: 0.8524788391777509
centerY: 0.1080695751354434
width: 0.036275695284159616
height: 0.027088679783290562
Area: 0.0004973067626479062
CentroidX: 0.8717
CentroidY: 0.1196
