Location: Dedata_33.png_Mean-Closing.png
Component: component_1755502147497_267.png
centerX: 0.5513905683192262
centerY: 0.4793270601653835
width: 0.02539298669891173
height: 0.03592814371257485
Area: 0.00036180302491694216
CentroidX: 0.5662
CentroidY: 0.4925
