Location: Dedata_33.png_Mean-Medain.png
Component: component_1755502146736_364.png
centerX: 0.3365578395808142
centerY: 0.592814371257485
width: 0.022974607013301087
height: 0.033361847733105215
Area: 0.00026215778266694574
CentroidX: 0.3505
CentroidY: 0.6050
