Location: Dedata_33.png_Gaussian-Median.png
Component: component_1755502146906_402.png
centerX: 0.7101975010076582
centerY: 0.6179070430567437
width: 0.022168480451430876
height: 0.030795551753635585
Area: 0.00023181597879843468
CentroidX: 0.7228
CentroidY: 0.6303
