Location: internet_5.png_Mean-Closing.png
Component: component_1755094087486_97.png
centerX: 0.2257154373236598
centerY: 0.27060165383518675
width: 0.03466344216041919
height: 0.029940119760479042
Area: 0.000499490453077837
CentroidX: 0.2462
CentroidY: 0.2826
