Location: internet_5.png_Mean-Medain.png
Component: component_1755094087266_5.png
centerX: 0.18540910923014914
centerY: 0.007413743940690049
width: 0.042724707779121324
height: 0.035357855717137156
Area: 0.000614996183713646
CentroidX: 0.2093
CentroidY: 0.0220
