Location: internet_5.png_Gaussian-Closing.png
Component: component_1755094087618_107.png
centerX: 0.8367593712212817
centerY: 0.30367835757057315
width: 0.04030632809351068
height: 0.026518391787852865
Area: 0.0003768589957759382
CentroidX: 0.8603
CentroidY: 0.3128
