Location: Dedata_33.png_Gaussian-Median.png
Component: component_1755502146862_206.png
centerX: 0.5876662636033857
centerY: 0.3270601653835187
width: 0.020959290608625555
height: 0.03421727972626176
Area: 0.0002107835920259441
CentroidX: 0.5989
CentroidY: 0.3401
