Location: Samociqulo_1709_page_10.png_Gaussian-Median.png
Component: component_1755610056301_3279.png
centerX: 0.7469287469287469
centerY: 0.809375
width: 0.02457002457002457
height: 0.0125
Area: 0.0001355958230958231
CentroidX: 0.7596
CentroidY: 0.8139
