Location: Dedata_33.png_Gaussian-Median.png
Component: component_1755502146870_258.png
centerX: 0.40709391374445786
centerY: 0.3843741089250071
width: 0.022974607013301087
height: 0.03165098374679213
Area: 0.00023572363535725806
CentroidX: 0.4201
CentroidY: 0.3963
