Location: internet_5.png_Gaussian-Closing.png
Component: component_1755094087596_44.png
centerX: 0.011688835147118097
centerY: 0.11405759908753921
width: 0.04191858121725111
height: 0.03849443969204448
Area: 0.0006825756559662387
CentroidX: 0.0371
CentroidY: 0.1287
