Location: Dedata_33.png_Gaussian-Closing.png
Component: component_1755502147300_312.png
centerX: 0.15719467956469166
centerY: 0.5531793555745651
width: 0.017331721080209594
height: 0.03136583974907328
Area: 0.00022411559675604743
CentroidX: 0.1688
CentroidY: 0.5657
