Location: Dedata_33.png_Gaussian-Median.png
Component: component_1755502146904_394.png
centerX: 0.905683192261185
centerY: 0.6124893071000855
width: 0.018540910923014912
height: 0.030795551753635585
Area: 0.00021101345417646311
CentroidX: 0.9176
CentroidY: 0.6243
