Location: Dedata_33.png_Mean-Medain.png
Component: component_1755502146737_370.png
centerX: 0.08383716243450222
centerY: 0.6093527231251782
width: 0.024586860137041516
height: 0.031080695751354435
Area: 0.0002603188854627935
CentroidX: 0.0998
CentroidY: 0.6211
