Location: Dedata_33.png_Gaussian-Closing.png
Component: component_1755502147201_103.png
centerX: 0.6993147924224103
centerY: 0.18505845451953237
width: 0.03143893591293833
height: 0.030795551753635585
Area: 0.0003066361087923767
CentroidX: 0.7186
CentroidY: 0.1954
