Location: Dedata_33.png_Mean-Medain.png
Component: component_1755502146671_37.png
centerX: 0.282950423216445
centerY: 0.05446250356429997
width: 0.022168480451430876
height: 0.02737382378100941
Area: 0.00025457233169981795
CentroidX: 0.2940
CentroidY: 0.0645
