Location: Dedata_33.png_Mean-Closing.png
Component: component_1755502147419_113.png
centerX: 0.16968964127367997
centerY: 0.19503849443969204
width: 0.02015316404675534
height: 0.03165098374679213
Area: 0.00025825012610812233
CentroidX: 0.1804
CentroidY: 0.2072
