Location: Dedata_33.png_Mean-Closing.png
Component: component_1755502147618_286.png
centerX: 0.860540104796453
centerY: 0.5203877958368976
width: 0.022168480451430876
height: 0.03222127174222983
Area: 0.0002683640607309593
CentroidX: 0.8730
CentroidY: 0.5321
