Location: Dedata_33.png_Mean-Closing.png
Component: component_1755502147408_66.png
centerX: 0.6400644901249496
centerY: 0.09865982321072142
width: 0.026602176541717048
height: 0.031936127744510975
Area: 0.0003037628319108889
CentroidX: 0.6550
CentroidY: 0.1094
