Location: Dedata_33.png_Mean-Medain.png
Component: component_1755502146757_457.png
centerX: 0.16364369205965337
centerY: 0.7713145138294839
width: 0.023377670294236194
height: 0.038209295694325636
Area: 0.00027215678621452324
CentroidX: 0.1767
CentroidY: 0.7871
