Location: Dedata_33.png_Mean-Closing.png
Component: component_1755502147396_17.png
centerX: 0.5723498589278516
centerY: 0.010265183917878529
width: 0.025796049979846837
height: 0.03421727972626176
Area: 0.00033536887760725456
CentroidX: 0.5846
CentroidY: 0.0230
