Location: Paraklitoni_1720_page_10.png_Mean-Medain.png
Component: component_1755610055262_542.png
centerX: 0.5929878048780488
centerY: 0.20150375939849624
width: 0.012957317073170731
height: 0.011027568922305764
Area: 7.488232777064613e-05
CentroidX: 0.6002
CentroidY: 0.2055
