Location: Dedata_33.png_Gaussian-Median.png
Component: component_1755502146816_31.png
centerX: 0.46110439338976217
centerY: 0.05218135158254919
width: 0.022168480451430876
height: 0.03450242372398061
Area: 0.0002877874124498168
CentroidX: 0.4710
CentroidY: 0.0662
