Location: internet_5.png_Mean-Closing.png
Component: component_1755094087477_55.png
centerX: 0.660217654171705
centerY: 0.15911035072711718
width: 0.03788794840790004
height: 0.029369831765041345
Area: 0.0004891466563044809
CentroidX: 0.6832
CentroidY: 0.1701
