Location: internet_5.png_Gaussian-Median.png
Component: component_1755094087032_119.png
centerX: 0.48246674727932287
centerY: 0.31622469347020243
width: 0.03385731559854897
height: 0.02879954376960365
Area: 0.0004221418394281857
CentroidX: 0.5035
CentroidY: 0.3265
