Location: Dedata_33.png_Gaussian-Median.png
Component: component_1755502146921_451.png
centerX: 0.11688835147118097
centerY: 0.716852010265184
width: 0.024989923417976623
height: 0.03649843170801255
Area: 0.0002736508901928969
CentroidX: 0.1330
CentroidY: 0.7308
