Location: Samociqulo_1709_page_10.png_Gaussian-Median.png
Component: component_1755610056321_3600.png
centerX: 0.7095823095823096
centerY: 0.8853125
width: 0.022113022113022112
height: 0.0134375
Area: 0.0001359029484029484
CentroidX: 0.7212
CentroidY: 0.8900
