Location: Dedata_33.png_Mean-Medain.png
Component: component_1755502146736_366.png
centerX: 0.22853688029020555
centerY: 0.5996578272027374
width: 0.022974607013301087
height: 0.03279155973766752
Area: 0.0002620428515916862
CentroidX: 0.2428
CentroidY: 0.6121
