Location: Dedata_33.png_Mean-Medain.png
Component: component_1755502146692_136.png
centerX: 0.6344216041918581
centerY: 0.22954091816367264
width: 0.021362353889560662
height: 0.03307670373538637
Area: 0.0002546872627750775
CentroidX: 0.6470
CentroidY: 0.2416
