Location: Dedata_33.png_Mean-Closing.png
Component: component_1755502147419_114.png
centerX: 0.12696493349455865
centerY: 0.19703450242372397
width: 0.02176541717049577
height: 0.03849443969204448
Area: 0.00028284537621365777
CentroidX: 0.1386
CentroidY: 0.2117
