Location: internet_5.png_Gaussian-Median.png
Component: component_1755094087021_70.png
centerX: 0.16928657799274485
centerY: 0.17650413458796693
width: 0.03788794840790004
height: 0.03307670373538637
Area: 0.00048362996469202436
CentroidX: 0.1907
CentroidY: 0.1898
