Location: Dedata_33.png_Gaussian-Median.png
Component: component_1755502146875_288.png
centerX: 0.7255139056831923
centerY: 0.41944682064442546
width: 0.022974607013301087
height: 0.038209295694325636
Area: 0.0003316910831989502
CentroidX: 0.7388
CentroidY: 0.4337
