Location: Dedata_33.png_Gaussian-Median.png
Component: component_1755502146860_201.png
centerX: 0.7605804111245466
centerY: 0.3153692614770459
width: 0.020959290608625555
height: 0.03022526375819789
Area: 0.00021124331632698212
CentroidX: 0.7730
CentroidY: 0.3270
