Location: internet_5.png_Gaussian-Closing.png
Component: component_1755094087595_43.png
centerX: 0.3615477629987908
centerY: 0.11291702309666382
width: 0.03426037887948408
height: 0.03849443969204448
Area: 0.0006187889091972099
CentroidX: 0.3814
CentroidY: 0.1285
