Location: internet_5.png_Mean-Closing.png
Component: component_1755094087506_185.png
centerX: 0.8851269649334945
centerY: 0.553464499572284
width: 0.04232164449818621
height: 0.02737382378100941
Area: 0.0004082351793217848
CentroidX: 0.9090
CentroidY: 0.5633
