Location: internet_5.png_Gaussian-Median.png
Component: component_1755094087025_83.png
centerX: 0.39621120515921
centerY: 0.2209865982321072
width: 0.03909713825070536
height: 0.026803535785571715
Area: 0.00043041687684687054
CentroidX: 0.4189
CentroidY: 0.2310
