Location: Dedata_33.png_Mean-Medain.png
Component: component_1755502146733_352.png
centerX: 0.6767432486900443
centerY: 0.572284003421728
width: 0.021362353889560662
height: 0.03507271171941831
Area: 0.00027859292642905584
CentroidX: 0.6899
CentroidY: 0.5852
