Location: Dedata_33.png_Gaussian-Closing.png
Component: component_1755502147334_417.png
centerX: 0.4957678355501814
centerY: 0.7413743940690048
width: 0.02176541717049577
height: 0.035642999714856
Area: 0.0002677894053546618
CentroidX: 0.5099
CentroidY: 0.7553
