Location: Dedata_33.png_Mean-Medain.png
Component: component_1755502146733_355.png
centerX: 0.6098347440548166
centerY: 0.5771314513829484
width: 0.019750100765820233
height: 0.03735386370116909
Area: 0.00027882278857957487
CentroidX: 0.6217
CentroidY: 0.5911
