Location: internet_5.png_Mean-Closing.png
Component: component_1755094087483_84.png
centerX: 0.17452640064490124
centerY: 0.22412318220701455
width: 0.03869407496977025
height: 0.028229255774165955
Area: 0.0004719069950155542
CentroidX: 0.1971
CentroidY: 0.2354
