Location: Dedata_33.png_Gaussian-Median.png
Component: component_1755502146887_327.png
centerX: 0.282950423216445
centerY: 0.49329911605360705
width: 0.02257154373236598
height: 0.035642999714856
Area: 0.0003278983577153863
CentroidX: 0.2959
CentroidY: 0.5065
