Location: Dedata_33.png_Mean-Medain.png
Component: component_1755502146705_204.png
centerX: 0.3252720677146312
centerY: 0.3361847733105218
width: 0.031035872632003223
height: 0.033932135728542916
Area: 0.0003116930761037952
CentroidX: 0.3450
CentroidY: 0.3481
