Location: internet_5.png_Gaussian-Closing.png
Component: component_1755094087608_67.png
centerX: 0.27972591696896415
centerY: 0.17564870259481039
width: 0.039500201531640466
height: 0.03136583974907328
Area: 0.0005015592124325082
CentroidX: 0.3028
CentroidY: 0.1883
