Location: Dedata_33.png_Mean-Medain.png
Component: component_1755502146684_100.png
centerX: 0.10197501007658202
centerY: 0.14570858283433133
width: 0.020959290608625555
height: 0.035642999714856
Area: 0.000250319881915216
CentroidX: 0.1134
CentroidY: 0.1587
