Location: Dedata_33.png_Gaussian-Closing.png
Component: component_1755502147282_252.png
centerX: 0.33091495364772266
centerY: 0.43855146849158827
width: 0.020959290608625555
height: 0.037639007698887936
Area: 0.00032916259954324093
CentroidX: 0.3437
CentroidY: 0.4528
