Location: Dedata_33.png_Mean-Closing.png
Component: component_1755502147467_232.png
centerX: 0.8935912938331319
centerY: 0.41174793270601656
width: 0.0237807335751713
height: 0.03507271171941831
Area: 0.000310313903200681
CentroidX: 0.9065
CentroidY: 0.4243
