Location: Dedata_33.png_Mean-Medain.png
Component: component_1755502146716_277.png
centerX: 0.509471987101975
centerY: 0.4317080125463359
width: 0.021362353889560662
height: 0.039064727687482176
Area: 0.00034674705405794617
CentroidX: 0.5220
CentroidY: 0.4463
