Location: Dedata_33.png_Mean-Closing.png
Component: component_1755502147428_155.png
centerX: 0.56590084643289
centerY: 0.27573424579412603
width: 0.019347037484885126
height: 0.03279155973766752
Area: 0.00020584155578978508
CentroidX: 0.5770
CentroidY: 0.2887
