Location: internet_5.png_Mean-Closing.png
Component: component_1755094087465_1.png
centerX: 0.42200725513905685
centerY: 0.005988023952095809
width: 0.035872632003224506
height: 0.035357855717137156
Area: 0.0006038478694134734
CentroidX: 0.4426
CentroidY: 0.0203
