Location: internet_5.png_Gaussian-Closing.png
Component: component_1755094087597_46.png
centerX: 0.30350665054413545
centerY: 0.11548331907613345
width: 0.042724707779121324
height: 0.03649843170801255
Area: 0.0006951031431695255
CentroidX: 0.3260
CentroidY: 0.1312
