Location: Dedata_33.png_Gaussian-Closing.png
Component: component_1755502147202_107.png
centerX: 0.25272067714631197
centerY: 0.18962075848303392
width: 0.019750100765820233
height: 0.033361847733105215
Area: 0.00024147018912023364
CentroidX: 0.2635
CentroidY: 0.2029
