Location: Dedata_33.png_Mean-Closing.png
Component: component_1755502147638_297.png
centerX: 0.5135026199113261
centerY: 0.5360707157114343
width: 0.02257154373236598
height: 0.03222127174222983
Area: 0.00021457631750950796
CentroidX: 0.5288
CentroidY: 0.5478
