Location: Dedata_33.png_Gaussian-Median.png
Component: component_1755502146897_370.png
centerX: 0.7875856509471987
centerY: 0.568577131451383
width: 0.018540910923014912
height: 0.033361847733105215
Area: 0.00024353894847490486
CentroidX: 0.7991
CentroidY: 0.5819
