Location: Kurtxevani_1764_page_10.png_Otsu.png
Component: component_1755610055951_1414.png
centerX: 0.4349514563106796
centerY: 0.5701590271281571
width: 0.018770226537216828
height: 0.01683816651075772
Area: 0.00016044998652825585
CentroidX: 0.4453
CentroidY: 0.5766
