Location: Dedata_33.png_Gaussian-Median.png
Component: component_1755502146835_121.png
centerX: 0.3683998387746876
centerY: 0.19019104647847163
width: 0.01894397420395002
height: 0.03649843170801255
Area: 0.0002838797558909934
CentroidX: 0.3772
CentroidY: 0.2054
