Location: Dedata_33.png_Gaussian-Median.png
Component: component_1755502146834_119.png
centerX: 0.5139056831922612
centerY: 0.18933561448531508
width: 0.03506650544135429
height: 0.03165098374679213
Area: 0.0003596193344870115
CentroidX: 0.5338
CentroidY: 0.2003
