Location: Dedata_33.png_Mean-Closing.png
Component: component_1755502147434_185.png
centerX: 0.5485691253526803
centerY: 0.32763045337895635
width: 0.023377670294236194
height: 0.04020530367835757
Area: 0.0002099790744991275
CentroidX: 0.5625
CentroidY: 0.3409
