Location: internet_5.png_Mean-Closing.png
Component: component_1755094087501_168.png
centerX: 0.014107214832728738
centerY: 0.48845166809238666
width: 0.035872632003224506
height: 0.03165098374679213
Area: 0.0004738608232949659
CentroidX: 0.0357
CentroidY: 0.5002
