Location: Dedata_33.png_Mean-Medain.png
Component: component_1755502146672_44.png
centerX: 0.10761789600967352
centerY: 0.05788423153692615
width: 0.024586860137041516
height: 0.03222127174222983
Area: 0.00032111742427507514
CentroidX: 0.1185
CentroidY: 0.0708
