Location: Dedata_33.png_Mean-Medain.png
Component: component_1755502146704_198.png
centerX: 0.5876662636033857
centerY: 0.3270601653835187
width: 0.020959290608625555
height: 0.03421727972626176
Area: 0.00022135725094981913
CentroidX: 0.5990
CentroidY: 0.3394
