Location: internet_5.png_Mean-Medain.png
Component: component_1755094087384_160.png
centerX: 0.698105602579605
centerY: 0.45651554034787567
width: 0.03990326481257558
height: 0.029940119760479042
Area: 0.0004370828792119222
CentroidX: 0.7198
CentroidY: 0.4670
