Location: internet_5.png_Mean-Medain.png
Component: component_1755094087304_27.png
centerX: 0.00886739218057235
centerY: 0.06073567151411463
width: 0.03909713825070536
height: 0.036213287710293696
Area: 0.0007090098032759264
CentroidX: 0.0316
CentroidY: 0.0765
