Location: Dedata_33.png_Gaussian-Median.png
Component: component_1755502146822_60.png
centerX: 0.2893994357114067
centerY: 0.09580838323353294
width: 0.016928657799274487
height: 0.033361847733105215
Area: 0.00020055472632784756
CentroidX: 0.2968
CentroidY: 0.1085
