Location: Dedata_33.png_Mean-Closing.png
Component: component_1755502147440_213.png
centerX: 0.5840386940749698
centerY: 0.37553464499572287
width: 0.020556227327690448
height: 0.037639007698887936
Area: 0.0003039926940614079
CentroidX: 0.5955
CentroidY: 0.3903
