Location: internet_5.png_Mean-Medain.png
Component: component_1755094087349_100.png
centerX: 0.3313180169286578
centerY: 0.2708867978329056
width: 0.037484885126964934
height: 0.028229255774165955
Area: 0.0004578854038338938
CentroidX: 0.3530
CentroidY: 0.2819
