Location: Dedata_33.png_Mean-Closing.png
Component: component_1755502147402_42.png
centerX: 0.6142684401451027
centerY: 0.057028799543769604
width: 0.022974607013301087
height: 0.03421727972626176
Area: 0.00029238465546019727
CentroidX: 0.6255
CentroidY: 0.0708
