Location: Dedata_33.png_Gaussian-Median.png
Component: component_1755502146923_455.png
centerX: 0.04675534058847239
centerY: 0.7216994582264044
width: 0.021362353889560662
height: 0.033932135728542916
Area: 0.00026123833406486963
CentroidX: 0.0604
CentroidY: 0.7346
