Location: internet_5.png_Mean-Medain.png
Component: component_1755094087314_43.png
centerX: 0.3615477629987908
centerY: 0.11263187909894497
width: 0.03426037887948408
height: 0.03877958368976333
Area: 0.0006540727493018799
CentroidX: 0.3813
CentroidY: 0.1284
