Location: Dedata_33.png_Mean-Medain.png
Component: component_1755502146684_97.png
centerX: 0.6299879081015719
centerY: 0.1420017108639863
width: 0.019750100765820233
height: 0.03136583974907328
Area: 0.00025951436793597696
CentroidX: 0.6394
CentroidY: 0.1544
