Location: internet_5.png_Mean-Closing.png
Component: component_1755094087476_51.png
centerX: 0.9137444578798871
centerY: 0.15426290276589677
width: 0.04030632809351068
height: 0.026803535785571715
Area: 0.00044972529749046845
CentroidX: 0.9369
CentroidY: 0.1642
