Location: Dedata_33.png_Gaussian-Median.png
Component: component_1755502146858_191.png
centerX: 0.09230149133413947
centerY: 0.29455374964357
width: 0.0177347843611447
height: 0.032506415739948676
Area: 0.00021871383621885037
CentroidX: 0.1018
CentroidY: 0.3075
