Location: Dedata_33.png_Gaussian-Closing.png
Component: component_1755502147316_371.png
centerX: 0.12817412333736397
centerY: 0.6586826347305389
width: 0.023377670294236194
height: 0.03421727972626176
Area: 0.00026744461212888326
CentroidX: 0.1433
CentroidY: 0.6713
