Location: Dedata_33.png_Mean-Closing.png
Component: component_1755502147680_342.png
centerX: 0.013301088270858524
centerY: 0.6142001710863987
width: 0.02176541717049577
height: 0.03307670373538637
Area: 0.00027744361567646076
CentroidX: 0.0263
CentroidY: 0.6266
