Location: internet_5.png_Gaussian-Closing.png
Component: component_1755094087613_87.png
centerX: 0.9359129383313181
centerY: 0.24721984602224123
width: 0.03506650544135429
height: 0.031936127744510975
Area: 0.00047363096114444686
CentroidX: 0.9565
CentroidY: 0.2591
