Location: internet_5.png_Gaussian-Closing.png
Component: component_1755094087586_11.png
centerX: 0.3010882708585248
centerY: 0.009124607927003137
width: 0.0475614671503426
height: 0.03792415169660679
Area: 0.0006569460261833677
CentroidX: 0.3272
CentroidY: 0.0252
