Location: Dedata_33.png_Gaussian-Closing.png
Component: component_1755502147253_187.png
centerX: 0.6199113260781943
centerY: 0.3253493013972056
width: 0.019750100765820233
height: 0.029369831765041345
Area: 0.00017572961407179307
CentroidX: 0.6317
CentroidY: 0.3362
