Location: Dedata_33.png_Gaussian-Closing.png
Component: component_1755502147298_304.png
centerX: 0.44014510278113667
centerY: 0.5372112917023096
width: 0.019347037484885126
height: 0.03022526375819789
Area: 0.00020365786535985438
CentroidX: 0.4531
CentroidY: 0.5488
