Location: Dedata_33.png_Mean-Medain.png
Component: component_1755502146697_164.png
centerX: 0.60378879484079
centerY: 0.27231251782149984
width: 0.015719467956469165
height: 0.03364699173082407
Area: 0.00022365587245500937
CentroidX: 0.6134
CentroidY: 0.2863
