Location: Dedata_33.png_Mean-Closing.png
Component: component_1755502147427_150.png
centerX: 0.7275292220878677
centerY: 0.2714570858283433
width: 0.02781136638452237
height: 0.03051040775591674
Area: 0.0003308865656721336
CentroidX: 0.7434
CentroidY: 0.2831
