Location: Dedata_33.png_Gaussian-Median.png
Component: component_1755502146892_351.png
centerX: 0.40064490124949614
centerY: 0.5372112917023096
width: 0.019347037484885126
height: 0.03165098374679213
Area: 0.0002067610043918612
CentroidX: 0.4130
CentroidY: 0.5498
