Location: Dedata_33.png_Gaussian-Closing.png
Component: component_1755502147238_161.png
centerX: 0.39500201531640466
centerY: 0.2805816937553465
width: 0.020959290608625555
height: 0.03649843170801255
Area: 0.00026641023245154767
CentroidX: 0.4070
CentroidY: 0.2949
