Location: Dedata_33.png_Mean-Medain.png
Component: component_1755502146705_201.png
centerX: 0.48246674727932287
centerY: 0.330196749358426
width: 0.022168480451430876
height: 0.03279155973766752
Area: 0.0002279083222396113
CentroidX: 0.4961
CentroidY: 0.3426
