Location: Dedata_33.png_Gaussian-Closing.png
Component: component_1755502147270_215.png
centerX: 0.7980652962515115
centerY: 0.3686911890504705
width: 0.019750100765820233
height: 0.036213287710293696
Area: 0.0002310114612716181
CentroidX: 0.8097
CentroidY: 0.3820
