Location: Samociqulo_1709_page_10.png_Gaussian-Median.png
Component: component_1755610056322_3617.png
centerX: 0.600982800982801
centerY: 0.886875
width: 0.02800982800982801
height: 0.01375
Area: 0.00016139434889434888
CentroidX: 0.6173
CentroidY: 0.8921
