Location: internet_5.png_Mean-Medain.png
Component: component_1755094087333_62.png
centerX: 0.3333333333333333
centerY: 0.17251211861990304
width: 0.04030632809351068
height: 0.029369831765041345
Area: 0.0004922497953364877
CentroidX: 0.3570
CentroidY: 0.1837
