Location: Dedata_33.png_Mean-Medain.png
Component: component_1755502146755_445.png
centerX: 0.4957678355501814
centerY: 0.741089250071286
width: 0.022168480451430876
height: 0.03592814371257485
Area: 0.00027445540771971346
CentroidX: 0.5099
CentroidY: 0.7552
