Location: Samociqulo_1709_page_10.png_Gaussian-Median.png
Component: component_1755610056205_1933.png
centerX: 0.634889434889435
centerY: 0.4378125
width: 0.0285012285012285
height: 0.0128125
Area: 0.00016692260442260443
CentroidX: 0.6497
CentroidY: 0.4426
