Location: Dedata_33.png_Mean-Closing.png
Component: component_1755502147413_89.png
centerX: 0.6299879081015719
centerY: 0.1420017108639863
width: 0.019750100765820233
height: 0.031080695751354435
Area: 0.000255032056000856
CentroidX: 0.6394
CentroidY: 0.1543
