Location: Dedata_33.png_Mean-Medain.png
Component: component_1755502146724_313.png
centerX: 0.09068923821039904
centerY: 0.5061305959509552
width: 0.02015316404675534
height: 0.03165098374679213
Area: 0.00029043082718078556
CentroidX: 0.1027
CentroidY: 0.5183
