Location: Dedata_33.png_Mean-Medain.png
Component: component_1755502146694_145.png
centerX: 0.3550987505038291
centerY: 0.2392358140861135
width: 0.019750100765820233
height: 0.035642999714856
Area: 0.0002836498937404744
CentroidX: 0.3654
CentroidY: 0.2529
