Location: Dedata_33.png_Mean-Medain.png
Component: component_1755502146738_375.png
centerX: 0.8758565094719871
centerY: 0.6130595950955232
width: 0.020959290608625555
height: 0.02879954376960365
Area: 0.00022560970073442105
CentroidX: 0.8885
CentroidY: 0.6240
