Location: Dedata_33.png_Gaussian-Median.png
Component: component_1755502146900_378.png
centerX: 0.5098750503829101
centerY: 0.583689763330482
width: 0.019750100765820233
height: 0.03222127174222983
Area: 0.00023629829073355563
CentroidX: 0.5222
CentroidY: 0.5960
