Location: Dedata_33.png_Gaussian-Closing.png
Component: component_1755502147153_69.png
centerX: 0.054816606207174524
centerY: 0.10293698317650414
width: 0.01652559451833938
height: 0.029369831765041345
Area: 0.00017986713278113548
CentroidX: 0.0636
CentroidY: 0.1138
