Location: Dedata_33.png_Mean-Closing.png
Component: component_1755502147688_371.png
centerX: 0.7948407900040306
centerY: 0.6675220986598233
width: 0.021362353889560662
height: 0.03136583974907328
Area: 0.00026319216234428134
CentroidX: 0.8067
CentroidY: 0.6796
