Location: internet_5.png_Mean-Closing.png
Component: component_1755094087488_105.png
centerX: 0.8887545344619106
centerY: 0.3011120615911035
width: 0.037081821846029824
height: 0.0290846877673225
Area: 0.0004155907681383936
CentroidX: 0.9108
CentroidY: 0.3114
