Location: Dedata_33.png_Mean-Medain.png
Component: component_1755502146692_138.png
centerX: 0.5344619105199516
centerY: 0.2315369261477046
width: 0.019750100765820233
height: 0.035642999714856
Area: 0.00027583458062282757
CentroidX: 0.5448
CentroidY: 0.2446
