Location: Dedata_33.png_Mean-Closing.png
Component: component_1755502147698_395.png
centerX: 0.8432083837162434
centerY: 0.7151411462788708
width: 0.01894397420395002
height: 0.03934987168520103
Area: 0.0002729613037413398
CentroidX: 0.8544
CentroidY: 0.7306
