Location: Dedata_33.png_Mean-Medain.png
Component: component_1755502146671_39.png
centerX: 0.23982265215638857
centerY: 0.05531793555745652
width: 0.018540910923014912
height: 0.029654975762760195
Area: 0.00025330808987196333
CentroidX: 0.2484
CentroidY: 0.0672
