Location: Dedata_33.png_Mean-Medain.png
Component: component_1755502146678_66.png
centerX: 0.5929060862555421
centerY: 0.09808953521528371
width: 0.030229746070133012
height: 0.034787567721699456
Area: 0.0003330702561020643
CentroidX: 0.6088
CentroidY: 0.1093
