Location: Dedata_33.png_Mean-Closing.png
Component: component_1755502147491_262.png
centerX: 0.6896412736799677
centerY: 0.47191331622469346
width: 0.018137847642079808
height: 0.029940119760479042
Area: 0.0001949231036401315
CentroidX: 0.7003
CentroidY: 0.4836
