Location: internet_5.png_Mean-Closing.png
Component: component_1755094087501_166.png
centerX: 0.19951632406287786
centerY: 0.48246364414029086
width: 0.045949214026602174
height: 0.033361847733105215
Area: 0.00052466035855967
CentroidX: 0.2265
CentroidY: 0.4943
