Location: Dedata_33.png_Gaussian-Closing.png
Component: component_1755502147215_127.png
centerX: 0.8419991938734381
centerY: 0.2275449101796407
width: 0.018540910923014912
height: 0.03279155973766752
Area: 0.00021538083503632455
CentroidX: 0.8516
CentroidY: 0.2404
