Location: Dedata_33.png_Gaussian-Median.png
Component: component_1755502146827_83.png
centerX: 0.7214832728738412
centerY: 0.13743940690048476
width: 0.02015316404675534
height: 0.03279155973766752
Area: 0.0002477913982595068
CentroidX: 0.7319
CentroidY: 0.1503
