Location: internet_5.png_Mean-Medain.png
Component: component_1755094087301_23.png
centerX: 0.3675937122128174
centerY: 0.05474764756201882
width: 0.04030632809351068
height: 0.03450242372398061
Area: 0.0006721169281176232
CentroidX: 0.3927
CentroidY: 0.0683
