Location: Dedata_33.png_Mean-Closing.png
Component: component_1755502147422_128.png
centerX: 0.5344619105199516
centerY: 0.2315369261477046
width: 0.019750100765820233
height: 0.035357855717137156
Area: 0.00027525992524653003
CentroidX: 0.5448
CentroidY: 0.2447
