Location: internet_5.png_Mean-Medain.png
Component: component_1755094087411_265.png
centerX: 0.4147521160822249
centerY: 0.7927003136583974
width: 0.04836759371221282
height: 0.033361847733105215
Area: 0.0004811014810363151
CentroidX: 0.4394
CentroidY: 0.8066
