Location: Dedata_33.png_Mean-Closing.png
Component: component_1755502147407_62.png
centerX: 0.49375251914550583
centerY: 0.09751924721984602
width: 0.029826682789197905
height: 0.03136583974907328
Area: 0.0002979013470726538
CentroidX: 0.5103
CentroidY: 0.1079
