Location: Dedata_33.png_Gaussian-Closing.png
Component: component_1755502147283_257.png
centerX: 0.21442966545747683
centerY: 0.44853150841174794
width: 0.020556227327690448
height: 0.037639007698887936
Area: 0.0003180142852430683
CentroidX: 0.2262
CentroidY: 0.4629
