Location: internet_5.png_Mean-Closing.png
Component: component_1755094087508_194.png
centerX: 0.46392583635630796
centerY: 0.5742800114057599
width: 0.0354695687222894
height: 0.028514399771884802
Area: 0.00039570769211849806
CentroidX: 0.4852
CentroidY: 0.5844
