Location: Dedata_33.png_Gaussian-Closing.png
Component: component_1755502147047_8.png
centerX: 0.20354695687222893
centerY: 0.010550327915597377
width: 0.022974607013301087
height: 0.03450242372398061
Area: 0.00031996811352248
CentroidX: 0.2130
CentroidY: 0.0241
