Location: Dedata_33.png_Mean-Medain.png
Component: component_1755502146754_442.png
centerX: 0.5554212011285772
centerY: 0.7359566581123468
width: 0.019750100765820233
height: 0.03849443969204448
Area: 0.0002767540292249037
CentroidX: 0.5668
CentroidY: 0.7517
