Location: internet_5.png_Gaussian-Closing.png
Component: component_1755094087595_42.png
centerX: 0.5215638855300282
centerY: 0.11206159110350727
width: 0.03345425231761386
height: 0.032506415739948676
Area: 0.0005294874637205695
CentroidX: 0.5425
CentroidY: 0.1242
