Location: Dedata_33.png_Gaussian-Closing.png
Component: component_1755502147305_331.png
centerX: 0.4429665457476824
centerY: 0.585400627316795
width: 0.018540910923014912
height: 0.03735386370116909
Area: 0.0002707776133114091
CentroidX: 0.4550
CentroidY: 0.5997
