Location: Dedata_33.png_Mean-Medain.png
Component: component_1755502146741_380.png
centerX: 0.6654574768238614
centerY: 0.6179070430567437
width: 0.019347037484885126
height: 0.036213287710293696
Area: 0.00028744261922403826
CentroidX: 0.6768
CentroidY: 0.6323
