Location: Dedata_33.png_Gaussian-Median.png
Component: component_1755502146928_473.png
centerX: 0.23458282950423218
centerY: 0.75990875392073
width: 0.022974607013301087
height: 0.041916167664670656
Area: 0.0003285879441669434
CentroidX: 0.2495
CentroidY: 0.7768
