Location: Dedata_33.png_Gaussian-Median.png
Component: component_1755502146832_110.png
centerX: 0.9314792422410318
centerY: 0.18192187054462503
width: 0.018137847642079808
height: 0.033361847733105215
Area: 0.00022871283976642787
CentroidX: 0.9413
CentroidY: 0.1947
