Location: internet_5.png_Mean-Medain.png
Component: component_1755094087409_252.png
centerX: 0.12333736396614269
centerY: 0.7442258340461934
width: 0.03990326481257558
height: 0.031080695751354435
Area: 0.0004720219260908137
CentroidX: 0.1460
CentroidY: 0.7567
