Location: Paraklitoni_1720_page_10.png_Mean-Medain.png
Component: component_1755610055328_1246.png
centerX: 0.5746951219512195
centerY: 0.45012531328320804
width: 0.012957317073170731
height: 0.011528822055137845
Area: 8.137722354667156e-05
CentroidX: 0.5816
CentroidY: 0.4545
