Location: Dedata_33.png_Mean-Closing.png
Component: component_1755502147686_363.png
centerX: 0.17130189439742038
centerY: 0.6552609067579127
width: 0.018540910923014912
height: 0.03165098374679213
Area: 0.00020147417492992364
CentroidX: 0.1833
CentroidY: 0.6675
