Location: Dedata_33.png_Mean-Medain.png
Component: component_1755502146678_64.png
centerX: 0.6856106408706167
centerY: 0.09780439121756487
width: 0.02902055622732769
height: 0.02879954376960365
Area: 0.000284914135568329
CentroidX: 0.7031
CentroidY: 0.1072
