Location: Dedata_33.png_Mean-Closing.png
Component: component_1755502147397_22.png
centerX: 0.29705763804917373
centerY: 0.012261191901910464
width: 0.026199113260781944
height: 0.03222127174222983
Area: 0.0003162903191141756
CentroidX: 0.3109
CentroidY: 0.0237
