Location: internet_5.png_Mean-Medain.png
Component: component_1755094087340_73.png
centerX: 0.7259169689641274
centerY: 0.2055888223552894
width: 0.045949214026602174
height: 0.032506415739948676
Area: 0.0005360385350103616
CentroidX: 0.7517
CentroidY: 0.2180
