Location: internet_5.png_Mean-Medain.png
Component: component_1755094087345_82.png
centerX: 0.2889963724304716
centerY: 0.22241231822070145
width: 0.04030632809351068
height: 0.029654975762760195
Area: 0.00047834313523008684
CentroidX: 0.3118
CentroidY: 0.2346
