Location: internet_5.png_Gaussian-Median.png
Component: component_1755094087059_246.png
centerX: 0.06368399838774688
centerY: 0.6897633304818933
width: 0.04393389762192664
height: 0.03450242372398061
Area: 0.0004958126586695326
CentroidX: 0.0889
CentroidY: 0.7041
