Location: Dedata_33.png_Gaussian-Closing.png
Component: component_1755502147305_334.png
centerX: 0.37001209189842804
centerY: 0.5911035072711719
width: 0.02015316404675534
height: 0.032506415739948676
Area: 0.00025330808987196333
CentroidX: 0.3825
CentroidY: 0.6036
