Location: Dedata_33.png_Mean-Medain.png
Component: component_1755502146755_446.png
centerX: 0.43732365981459087
centerY: 0.7430852580553179
width: 0.019347037484885126
height: 0.03934987168520103
Area: 0.00028583358417040507
CentroidX: 0.4490
CentroidY: 0.7592
