Location: internet_5.png_Mean-Medain.png
Component: component_1755094087413_271.png
centerX: 0.12696493349455865
centerY: 0.8006843455945253
width: 0.04070939137444579
height: 0.03279155973766752
Area: 0.0004591496456617484
CentroidX: 0.1525
CentroidY: 0.8128
