Location: Dedata_33.png_Gaussian-Closing.png
Component: component_1755502147299_308.png
centerX: 0.29866989117291415
centerY: 0.5451953236384374
width: 0.0177347843611447
height: 0.03165098374679213
Area: 0.00021767945654151477
CentroidX: 0.3092
CentroidY: 0.5579
