Location: Dedata_33.png_Gaussian-Median.png
Component: component_1755502146838_133.png
centerX: 0.77347843611447
centerY: 0.22611919019104648
width: 0.019750100765820233
height: 0.03364699173082407
Area: 0.0002289427019169469
CentroidX: 0.7841
CentroidY: 0.2391
