Location: internet_5.png_Gaussian-Closing.png
Component: component_1755094087613_89.png
centerX: 0.7900040306328093
centerY: 0.2540633019674936
width: 0.035872632003224506
height: 0.030795551753635585
Area: 0.0005112134227543071
CentroidX: 0.8111
CentroidY: 0.2664
