Location: Dedata_33.png_Gaussian-Median.png
Component: component_1755502146902_385.png
centerX: 0.26320032245062475
centerY: 0.5968063872255489
width: 0.021362353889560662
height: 0.032506415739948676
Area: 0.00023836705008822685
CentroidX: 0.2760
CentroidY: 0.6095
