Location: Dedata_33.png_Mean-Closing.png
Component: component_1755502147397_20.png
centerX: 0.6158806932688432
centerY: 0.010835471913316224
width: 0.02257154373236598
height: 0.031936127744510975
Area: 0.0003026135211582938
CentroidX: 0.6262
CentroidY: 0.0232
