Location: Dedata_33.png_Mean-Medain.png
Component: component_1755502146709_218.png
centerX: 0.8327287384119306
centerY: 0.3661248930710009
width: 0.023377670294236194
height: 0.03706871970345024
Area: 0.00026652516352680715
CentroidX: 0.8459
CentroidY: 0.3790
