Location: Dedata_33.png_Mean-Closing.png
Component: component_1755502147466_231.png
centerX: 0.020556227327690448
centerY: 0.4111776447105788
width: 0.019750100765820233
height: 0.03735386370116909
Area: 0.0002816960654610627
CentroidX: 0.0313
CentroidY: 0.4258
