Location: internet_5.png_Mean-Medain.png
Component: component_1755094087349_99.png
centerX: 0.2785167271261588
centerY: 0.2703165098374679
width: 0.036275695284159616
height: 0.029940119760479042
Area: 0.000459494438887527
CentroidX: 0.3008
CentroidY: 0.2817
