Location: internet_5.png_Gaussian-Median.png
Component: component_1755094087049_203.png
centerX: 0.5912938331318017
centerY: 0.5680068434559452
width: 0.037081821846029824
height: 0.031936127744510975
Area: 0.00039076565588233906
CentroidX: 0.6131
CentroidY: 0.5797
