Location: Dedata_33.png_Gaussian-Median.png
Component: component_1755502146833_113.png
centerX: 0.7468762595727529
centerY: 0.18391787852865696
width: 0.03426037887948408
height: 0.028514399771884802
Area: 0.00029836107137369187
CentroidX: 0.7685
CentroidY: 0.1932
