Location: Dedata_33.png_Gaussian-Closing.png
Component: component_1755502147278_238.png
centerX: 0.8935912938331319
centerY: 0.41174793270601656
width: 0.0237807335751713
height: 0.03507271171941831
Area: 0.0003067510398676362
CentroidX: 0.9065
CentroidY: 0.4245
