Location: Dedata_33.png_Gaussian-Closing.png
Component: component_1755502147210_114.png
centerX: 0.3297057638049174
centerY: 0.19076133447390933
width: 0.019347037484885126
height: 0.03307670373538637
Area: 0.00024445839707698097
CentroidX: 0.3395
CentroidY: 0.2043
