Location: Dedata_33.png_Mean-Closing.png
Component: component_1755502147420_118.png
centerX: 0.9484079000403063
centerY: 0.22469347020245223
width: 0.019347037484885126
height: 0.033932135728542916
Area: 0.0002380222568624483
CentroidX: 0.9589
CentroidY: 0.2375
