Location: Dedata_33.png_Gaussian-Median.png
Component: component_1755502146825_68.png
centerX: 0.5429262394195888
centerY: 0.09837467921300257
width: 0.029826682789197905
height: 0.02879954376960365
Area: 0.0003057166601903006
CentroidX: 0.5602
CentroidY: 0.1082
