Location: Dedata_33.png_Gaussian-Closing.png
Component: component_1755502147286_270.png
centerX: 0.6259572752922209
centerY: 0.4750499001996008
width: 0.019750100765820233
height: 0.03307670373538637
Area: 0.0003142215597595044
CentroidX: 0.6376
CentroidY: 0.4879
