Location: internet_5.png_Gaussian-Median.png
Component: component_1755094087036_136.png
centerX: 0.37726723095526
centerY: 0.3712574850299401
width: 0.041515517936316
height: 0.025377815796977475
Area: 0.0003859385507214396
CentroidX: 0.3998
CentroidY: 0.3809
