Location: Dedata_33.png_Mean-Medain.png
Component: component_1755502146721_300.png
centerX: 0.5896815800080613
centerY: 0.4776161961790704
width: 0.022974607013301087
height: 0.034787567721699456
Area: 0.00032019797567299903
CentroidX: 0.6038
CentroidY: 0.4905
