Location: Dedata_33.png_Mean-Medain.png
Component: component_1755502146750_422.png
centerX: 0.22168480451430875
centerY: 0.7074422583404619
width: 0.02257154373236598
height: 0.03877958368976333
Area: 0.00029755655384687524
CentroidX: 0.2360
CentroidY: 0.7218
