Location: Kurtxevani_1764_page_10.png_Otsu.png
Component: component_1755610055974_1607.png
centerX: 0.49385113268608416
centerY: 0.6627689429373246
width: 0.018122977346278317
height: 0.01777362020579981
Area: 0.00016589923135374378
CentroidX: 0.5044
CentroidY: 0.6697
