Location: Kurtxevani_1764_page_10.png_Otsu.png
Component: component_1755610055915_1107.png
centerX: 0.801294498381877
centerY: 0.41814780168381666
width: 0.018770226537216828
height: 0.01637043966323667
Area: 0.00015590894917368256
CentroidX: 0.8118
CentroidY: 0.4244
