Location: Dedata_33.png_Gaussian-Closing.png
Component: component_1755502147316_373.png
centerX: 0.08988311164852882
centerY: 0.6623895067008839
width: 0.02257154373236598
height: 0.03136583974907328
Area: 0.0002488257779368424
CentroidX: 0.1032
CentroidY: 0.6741
