Location: internet_5.png_Mean-Closing.png
Component: component_1755094087473_37.png
centerX: 0.852881902458686
centerY: 0.1080695751354434
width: 0.035872632003224506
height: 0.027088679783290562
Area: 0.0004974216937231658
CentroidX: 0.8717
CentroidY: 0.1196
