Location: Dedata_33.png_Gaussian-Median.png
Component: component_1755502146833_115.png
centerX: 0.800080612656187
centerY: 0.1847733105218135
width: 0.035872632003224506
height: 0.03279155973766752
Area: 0.00034077063814445157
CentroidX: 0.8210
CentroidY: 0.1953
