Location: internet_5.png_Gaussian-Median.png
Component: component_1755094087040_154.png
centerX: 0.4417573559048771
centerY: 0.4228685486170516
width: 0.03990326481257558
height: 0.029654975762760195
Area: 0.0004551270580276655
CentroidX: 0.4641
CentroidY: 0.4345
