Location: internet_5.png_Gaussian-Median.png
Component: component_1755094087038_146.png
centerX: 0.8831116485288191
centerY: 0.4020530367835757
width: 0.032648125755743655
height: 0.026803535785571715
Area: 0.00037341106351815285
CentroidX: 0.9012
CentroidY: 0.4131
