Location: Dedata_33.png_Mean-Closing.png
Component: component_1755502147399_31.png
centerX: 0.9020556227327691
centerY: 0.05303678357570573
width: 0.030632809351068116
height: 0.03307670373538637
Area: 0.0003662853368520631
CentroidX: 0.9169
CentroidY: 0.0650
