Location: Dedata_33.png_Gaussian-Closing.png
Component: component_1755502147278_239.png
centerX: 0.8649738008867393
centerY: 0.41317365269461076
width: 0.02015316404675534
height: 0.035642999714856
Area: 0.00030284338330881276
CentroidX: 0.8753
CentroidY: 0.4267
