Location: Dedata_33.png_Mean-Closing.png
Component: component_1755502147401_37.png
centerX: 0.6880290205562273
centerY: 0.05503279155973767
width: 0.023377670294236194
height: 0.03421727972626176
Area: 0.0003036479008356294
CentroidX: 0.6992
CentroidY: 0.0689
