Location: Samociqulo_1709_page_10.png_Gaussian-Median.png
Component: component_1755610056105_679.png
centerX: 0.10024570024570024
centerY: 0.1203125
width: 0.019656019656019656
height: 0.0121875
Area: 0.00011041154791154792
CentroidX: 0.1109
CentroidY: 0.1250
