Location: internet_5.png_Gaussian-Median.png
Component: component_1755094087041_158.png
centerX: 0.20556227327690446
centerY: 0.4317080125463359
width: 0.04070939137444579
height: 0.027944111776447105
Area: 0.0004335200158788774
CentroidX: 0.2266
CentroidY: 0.4434
