Location: Dedata_33.png_Gaussian-Closing.png
Component: component_1755502147242_171.png
centerX: 0.12333736396614269
centerY: 0.2939834616481323
width: 0.022168480451430876
height: 0.03307670373538637
Area: 0.00023514897998096052
CentroidX: 0.1348
CentroidY: 0.3064
