Location: Dedata_33.png_Gaussian-Closing.png
Component: component_1755502147254_188.png
centerX: 0.5876662636033857
centerY: 0.3270601653835187
width: 0.020959290608625555
height: 0.03421727972626176
Area: 0.0002000950020268095
CentroidX: 0.5988
CentroidY: 0.3402
