Location: internet_5.png_Mean-Medain.png
Component: component_1755094087393_188.png
centerX: 0.8851269649334945
centerY: 0.553464499572284
width: 0.04232164449818621
height: 0.02737382378100941
Area: 0.00040938449007437994
CentroidX: 0.9089
CentroidY: 0.5632
