Location: Dedata_33.png_Gaussian-Median.png
Component: component_1755502146922_454.png
centerX: 0.7738814993954051
centerY: 0.7211291702309667
width: 0.01894397420395002
height: 0.03849443969204448
Area: 0.00026020395438753404
CentroidX: 0.7842
CentroidY: 0.7361
