Location: internet_5.png_Mean-Medain.png
Component: component_1755094087394_196.png
centerX: 0.39983877468762596
centerY: 0.5739948674080411
width: 0.04554615074566707
height: 0.029940119760479042
Area: 0.0004317960497499847
CentroidX: 0.4258
CentroidY: 0.5844
