Location: Dedata_33.png_Mean-Medain.png
Component: component_1755502146757_458.png
centerX: 0.13180169286577992
centerY: 0.7721699458226404
width: 0.024989923417976623
height: 0.03735386370116909
Area: 0.0003057166601903006
CentroidX: 0.1478
CentroidY: 0.7863
