Location: Dedata_33.png_Gaussian-Closing.png
Component: component_1755502147134_59.png
centerX: 0.4494155582426441
centerY: 0.09609352723125178
width: 0.028214429665457477
height: 0.03592814371257485
Area: 0.0002873276881487787
CentroidX: 0.4643
CentroidY: 0.1088
