Location: internet_5.png_Mean-Medain.png
Component: component_1755094087298_16.png
centerX: 0.7629987908101572
centerY: 0.011120615911035072
width: 0.042724707779121324
height: 0.03934987168520103
Area: 0.0006544175425276585
CentroidX: 0.7880
CentroidY: 0.0268
