Location: Dedata_33.png_Gaussian-Closing.png
Component: component_1755502147285_265.png
centerX: 0.867795243853285
centerY: 0.46535500427716
width: 0.01652559451833938
height: 0.027944111776447105
Area: 0.00017469523439445748
CentroidX: 0.8782
CentroidY: 0.4760
