Location: internet_5.png_Gaussian-Closing.png
Component: component_1755094087626_134.png
centerX: 0.196291817815397
centerY: 0.38038209295694325
width: 0.0471584038694075
height: 0.027944111776447105
Area: 0.0004820209296383912
CentroidX: 0.2214
CentroidY: 0.3914
