Location: Dedata_33.png_Mean-Medain.png
Component: component_1755502146707_208.png
centerX: 0.23216444981862153
centerY: 0.34302822925577414
width: 0.030229746070133012
height: 0.029654975762760195
Area: 0.0003073256952439337
CentroidX: 0.2514
CentroidY: 0.3537
