Location: Dedata_33.png_Mean-Medain.png
Component: component_1755502146671_36.png
centerX: 0.9508262797259169
centerY: 0.05389221556886228
width: 0.02902055622732769
height: 0.034787567721699456
Area: 0.0003561714022292261
CentroidX: 0.9636
CentroidY: 0.0661
