Location: Dedata_33.png_Gaussian-Median.png
Component: component_1755502146858_188.png
centerX: 0.0592503022974607
centerY: 0.2934131736526946
width: 0.020959290608625555
height: 0.03792415169660679
Area: 0.0002690536471825164
CentroidX: 0.0702
CentroidY: 0.3078
