Location: internet_5.png_Gaussian-Closing.png
Component: component_1755094087619_111.png
centerX: 0.6045949214026602
centerY: 0.31137724550898205
width: 0.041112454655380895
height: 0.0290846877673225
Area: 0.0004358186373840676
CentroidX: 0.6278
CentroidY: 0.3220
