Location: Dedata_33.png_Gaussian-Median.png
Component: component_1755502146892_350.png
centerX: 0.5135026199113261
centerY: 0.5360707157114343
width: 0.02257154373236598
height: 0.032506415739948676
Area: 0.00021365686890743187
CentroidX: 0.5288
CentroidY: 0.5480
