Location: Dedata_33.png_Gaussian-Median.png
Component: component_1755502146811_10.png
centerX: 0.20354695687222893
centerY: 0.010550327915597377
width: 0.022974607013301087
height: 0.03450242372398061
Area: 0.00032456535653286044
CentroidX: 0.2130
CentroidY: 0.0241
