Location: Dedata_33.png_Gaussian-Median.png
Component: component_1755502146838_135.png
centerX: 0.7404272470777912
centerY: 0.22668947818648416
width: 0.02015316404675534
height: 0.03421727972626176
Area: 0.00022882777084168738
CentroidX: 0.7505
CentroidY: 0.2390
