Location: internet_5.png_Mean-Closing.png
Component: component_1755094087506_184.png
centerX: 0.06489318823055219
centerY: 0.5380667236954663
width: 0.03909713825070536
height: 0.026518391787852865
Area: 0.0004315661875994657
CentroidX: 0.0869
CentroidY: 0.5485
