Location: Dedata_33.png_Mean-Medain.png
Component: component_1755502146745_402.png
centerX: 0.8295042321644498
centerY: 0.6635300826917594
width: 0.020959290608625555
height: 0.033932135728542916
Area: 0.00026123833406486963
CentroidX: 0.8411
CentroidY: 0.6768
