Location: Dedata_33.png_Mean-Closing.png
Component: component_1755502147699_397.png
centerX: 0.8081418782748891
centerY: 0.718562874251497
width: 0.018137847642079808
height: 0.038209295694325636
Area: 0.00026020395438753404
CentroidX: 0.8186
CentroidY: 0.7333
