Location: Dedata_33.png_Gaussian-Median.png
Component: component_1755502146843_147.png
centerX: 0.42039500201531643
centerY: 0.23638437410892502
width: 0.020556227327690448
height: 0.03222127174222983
Area: 0.0002483660536358043
CentroidX: 0.4311
CentroidY: 0.2486
