Location: internet_5.png_Mean-Closing.png
Component: component_1755094087507_187.png
centerX: 0.8319226118500604
centerY: 0.5566010835471913
width: 0.03990326481257558
height: 0.023666951810664385
Area: 0.00038352499814098983
CentroidX: 0.8533
CentroidY: 0.5656
