Location: Dedata_33.png_Mean-Closing.png
Component: component_1755502147472_238.png
centerX: 0.6928657799274486
centerY: 0.42115768463073855
width: 0.020556227327690448
height: 0.037639007698887936
Area: 0.00034249460427334424
CentroidX: 0.7032
CentroidY: 0.4355
