Location: Dedata_33.png_Gaussian-Median.png
Component: component_1755502146874_284.png
centerX: 0.8299072954453849
centerY: 0.4143142286854862
width: 0.02176541717049577
height: 0.036213287710293696
Area: 0.00030560172911504104
CentroidX: 0.8418
CentroidY: 0.4283
