Location: Dedata_33.png_Gaussian-Median.png
Component: component_1755502146822_57.png
centerX: 0.2494961708988311
centerY: 0.0943826632449387
width: 0.01894397420395002
height: 0.0290846877673225
Area: 0.00017952233955535694
CentroidX: 0.2598
CentroidY: 0.1054
