Location: Kurtxevani_1764_page_10.png_Otsu.png
Component: component_1755610055924_1171.png
centerX: 0.3061488673139159
centerY: 0.45088868101029
width: 0.018770226537216828
height: 0.017305893358278764
Area: 0.0001643855522355527
CentroidX: 0.3166
CentroidY: 0.4576
