Location: Dedata_33.png_Mean-Medain.png
Component: component_1755502146673_49.png
centerX: 0.9222087867795243
centerY: 0.0926717992586256
width: 0.017331721080209594
height: 0.03792415169660679
Area: 0.00023813718793770782
CentroidX: 0.9299
CentroidY: 0.1075
