Location: internet_5.png_Mean-Medain.png
Component: component_1755094087410_258.png
centerX: 0.8250705360741637
centerY: 0.7815796977473625
width: 0.03869407496977025
height: 0.02765896777872826
Area: 0.00039651220964531463
CentroidX: 0.8473
CentroidY: 0.7925
