Location: internet_5.png_Gaussian-Closing.png
Component: component_1755094087649_225.png
centerX: 0.6247480854494155
centerY: 0.6703735386370117
width: 0.04554615074566707
height: 0.033932135728542916
Area: 0.00046937851135984493
CentroidX: 0.6493
CentroidY: 0.6842
