Location: internet_5.png_Gaussian-Closing.png
Component: component_1755094087643_211.png
centerX: 0.44014510278113667
centerY: 0.6258910749928714
width: 0.04433696090286175
height: 0.03022526375819789
Area: 0.0004117980426548297
CentroidX: 0.4649
CentroidY: 0.6368
