Location: Dedata_33.png_Mean-Closing.png
Component: component_1755502147683_352.png
centerX: 0.5078597339782346
centerY: 0.6293128029654976
width: 0.016928657799274487
height: 0.03450242372398061
Area: 0.0002520438480441087
CentroidX: 0.5185
CentroidY: 0.6431
