Location: Dedata_33.png_Mean-Closing.png
Component: component_1755502147507_271.png
centerX: 0.43611446997178555
centerY: 0.4844596521243228
width: 0.022974607013301087
height: 0.03222127174222983
Area: 0.0003292775306185004
CentroidX: 0.4494
CentroidY: 0.4967
