Location: Dedata_33.png_Gaussian-Closing.png
Component: component_1755502147291_279.png
centerX: 0.3216444981862152
centerY: 0.49101796407185627
width: 0.02015316404675534
height: 0.03421727972626176
Area: 0.00031456635298528294
CentroidX: 0.3333
CentroidY: 0.5042
