Location: Dedata_33.png_Gaussian-Median.png
Component: component_1755502146835_123.png
centerX: 0.5695284159613059
centerY: 0.19019104647847163
width: 0.02418379685610641
height: 0.03507271171941831
Area: 0.0002941086215890899
CentroidX: 0.5819
CentroidY: 0.2031
