Location: internet_5.png_Gaussian-Closing.png
Component: component_1755094087688_238.png
centerX: 0.8351471180975413
centerY: 0.722269746221842
width: 0.03909713825070536
height: 0.0290846877673225
Area: 0.0003842145845925469
CentroidX: 0.8574
CentroidY: 0.7339
