Location: Dedata_33.png_Gaussian-Closing.png
Component: component_1755502147310_352.png
centerX: 0.6658605401047965
centerY: 0.6179070430567437
width: 0.01894397420395002
height: 0.036213287710293696
Area: 0.0002776734778269798
CentroidX: 0.6768
CentroidY: 0.6322
