Location: Dedata_33.png_Mean-Closing.png
Component: component_1755502147409_70.png
centerX: 0.539701733172108
centerY: 0.1360136869118905
width: 0.018137847642079808
height: 0.03421727972626176
Area: 0.0002760644427733466
CentroidX: 0.5481
CentroidY: 0.1493
