Location: internet_5.png_Gaussian-Closing.png
Component: component_1755094087632_161.png
centerX: 0.5699314792422411
centerY: 0.46478471628172224
width: 0.03990326481257558
height: 0.03051040775591674
Area: 0.00047627437587541565
CentroidX: 0.5919
CentroidY: 0.4754
