Location: internet_5.png_Mean-Closing.png
Component: component_1755094087510_204.png
centerX: 0.8428053204353083
centerY: 0.6136298830909609
width: 0.04514308746473196
height: 0.03051040775591674
Area: 0.00046340209544635033
CentroidX: 0.8667
CentroidY: 0.6263
