Location: internet_5.png_Mean-Closing.png
Component: component_1755094087469_17.png
centerX: 0.8101571946795647
centerY: 0.011976047904191617
width: 0.039500201531640466
height: 0.04020530367835757
Area: 0.0006357987083356176
CentroidX: 0.8337
CentroidY: 0.0276
