Location: internet_5.png_Mean-Closing.png
Component: component_1755094087491_124.png
centerX: 0.7436517533252721
centerY: 0.35443398916452806
width: 0.0471584038694075
height: 0.03222127174222983
Area: 0.0004890317252292214
CentroidX: 0.7697
CentroidY: 0.3666
