Location: Dedata_33.png_Gaussian-Closing.png
Component: component_1755502147282_253.png
centerX: 0.36960902861749295
centerY: 0.43912175648702595
width: 0.022974607013301087
height: 0.03450242372398061
Area: 0.00030881979922230737
CentroidX: 0.3823
CentroidY: 0.4517
