Location: internet_5.png_Gaussian-Closing.png
Component: component_1755094087691_243.png
centerX: 0.5324465941152761
centerY: 0.7296834901625321
width: 0.037081821846029824
height: 0.03136583974907328
Area: 0.00040306328093510683
CentroidX: 0.5533
CentroidY: 0.7433
