Location: Kurtxevani_1764_page_10.png_Otsu.png
Component: component_1755610055935_1291.png
centerX: 0.8258899676375404
centerY: 0.5088868101028999
width: 0.018122977346278317
height: 0.015902712815715623
Area: 0.00015681715664459724
CentroidX: 0.8362
CentroidY: 0.5152
