Location: Dedata_33.png_Gaussian-Closing.png
Component: component_1755502147231_142.png
centerX: 0.2124143490528013
centerY: 0.2446535500427716
width: 0.02015316404675534
height: 0.03364699173082407
Area: 0.00023342501385206784
CentroidX: 0.2222
CentroidY: 0.2577
