Location: internet_5.png_Gaussian-Closing.png
Component: component_1755094087642_206.png
centerX: 0.660217654171705
centerY: 0.6164813230681494
width: 0.046352277307537285
height: 0.029654975762760195
Area: 0.0004440936748027524
CentroidX: 0.6859
CentroidY: 0.6273
