Location: internet_5.png_Mean-Closing.png
Component: component_1755094087523_263.png
centerX: 0.18903667875856509
centerY: 0.7975477616196179
width: 0.03909713825070536
height: 0.0290846877673225
Area: 0.0003918000355596747
CentroidX: 0.2104
CentroidY: 0.8105
