Location: Dedata_33.png_Gaussian-Median.png
Component: component_1755502146818_40.png
centerX: 0.282950423216445
centerY: 0.05446250356429997
width: 0.022168480451430876
height: 0.02765896777872826
Area: 0.0002457226389048356
CentroidX: 0.2940
CentroidY: 0.0645
