Location: internet_5.png_Gaussian-Median.png
Component: component_1755094087056_234.png
centerX: 0.9480048367593712
centerY: 0.6652409466780724
width: 0.0354695687222894
height: 0.028229255774165955
Area: 0.00039007606943078203
CentroidX: 0.9678
CentroidY: 0.6759
