Location: internet_5.png_Gaussian-Closing.png
Component: component_1755094087695_248.png
centerX: 0.23377670294236194
centerY: 0.7382378100940975
width: 0.04191858121725111
height: 0.03165098374679213
Area: 0.0004459325720069046
CentroidX: 0.2572
CentroidY: 0.7506
