Location: Dedata_33.png_Gaussian-Median.png
Component: component_1755502146886_324.png
centerX: 0.3635630794034663
centerY: 0.4870259481037924
width: 0.01894397420395002
height: 0.036783575705731396
Area: 0.0003180142852430683
CentroidX: 0.3742
CentroidY: 0.5015
