Location: internet_5.png_Gaussian-Closing.png
Component: component_1755094087634_171.png
centerX: 0.8512696493349455
centerY: 0.499001996007984
width: 0.04030632809351068
height: 0.027088679783290562
Area: 0.0004091546279238609
CentroidX: 0.8758
CentroidY: 0.5085
