Location: Dedata_33.png_Gaussian-Closing.png
Component: component_1755502147305_332.png
centerX: 0.47682386134623134
centerY: 0.5856857713145138
width: 0.0177347843611447
height: 0.033361847733105215
Area: 0.000250319881915216
CentroidX: 0.4882
CentroidY: 0.5985
