Location: internet_5.png_Gaussian-Median.png
Component: component_1755094087026_88.png
centerX: 0.17452640064490124
centerY: 0.2244083262047334
width: 0.03909713825070536
height: 0.028229255774165955
Area: 0.0004501850217915065
CentroidX: 0.1971
CentroidY: 0.2355
