Location: Dedata_33.png_Gaussian-Median.png
Component: component_1755502146868_246.png
centerX: 0.5501813784764208
centerY: 0.37867122897063016
width: 0.023377670294236194
height: 0.03307670373538637
Area: 0.00027824813320327733
CentroidX: 0.5629
CentroidY: 0.3912
