Location: Dedata_33.png_Mean-Closing.png
Component: component_1755502147684_355.png
centerX: 0.4127367996775494
centerY: 0.6361562589107499
width: 0.022168480451430876
height: 0.035642999714856
Area: 0.000265375852774212
CentroidX: 0.4266
CentroidY: 0.6494
