Location: internet_5.png_Gaussian-Closing.png
Component: component_1755094087710_267.png
centerX: 0.2430471584038694
centerY: 0.7989734816082121
width: 0.04030632809351068
height: 0.029940119760479042
Area: 0.00040076465942991656
CentroidX: 0.2676
CentroidY: 0.8113
