Location: Dedata_33.png_Mean-Closing.png
Component: component_1755502147541_272.png
centerX: 0.3635630794034663
centerY: 0.4870259481037924
width: 0.01894397420395002
height: 0.03649843170801255
Area: 0.0003216920796513727
CentroidX: 0.3742
CentroidY: 0.5014
