Location: Dedata_33.png_Mean-Closing.png
Component: component_1755502147643_298.png
centerX: 0.40064490124949614
centerY: 0.5372112917023096
width: 0.019347037484885126
height: 0.03136583974907328
Area: 0.0002071057976176397
CentroidX: 0.4130
CentroidY: 0.5497
