Location: Dedata_33.png_Gaussian-Closing.png
Component: component_1755502147059_11.png
centerX: 0.4852881902458686
centerY: 0.010550327915597377
width: 0.023377670294236194
height: 0.028514399771884802
Area: 0.00026686995675258567
CentroidX: 0.4984
CentroidY: 0.0213
