Location: Kurtxevani_1764_page_10.png_Otsu.png
Component: component_1755610055913_1101.png
centerX: 0.458252427184466
centerY: 0.4186155285313377
width: 0.016828478964401296
height: 0.01777362020579981
Area: 0.00015076244017183285
CentroidX: 0.4677
CentroidY: 0.4256
