Location: Dedata_33.png_Gaussian-Closing.png
Component: component_1755502147301_315.png
centerX: 0.04433696090286175
centerY: 0.5608782435129741
width: 0.019750100765820233
height: 0.02566295979469632
Area: 0.0001889466877266369
CentroidX: 0.0565
CentroidY: 0.5707
