Location: Dedata_33.png_Mean-Medain.png
Component: component_1755502146681_84.png
centerX: 0.230149133413946
centerY: 0.13829483889364128
width: 0.020959290608625555
height: 0.03507271171941831
Area: 0.0002583650571833818
CentroidX: 0.2413
CentroidY: 0.1512
