Location: Dedata_33.png_Mean-Medain.png
Component: component_1755502146717_283.png
centerX: 0.29181781539701734
centerY: 0.44425434844596523
width: 0.021362353889560662
height: 0.03450242372398061
Area: 0.0003016940725562177
CentroidX: 0.3046
CentroidY: 0.4571
