Location: Dedata_33.png_Mean-Closing.png
Component: component_1755502147687_365.png
centerX: 0.9004433696090286
centerY: 0.6581123467351012
width: 0.020556227327690448
height: 0.03364699173082407
Area: 0.0002666400946020667
CentroidX: 0.9113
CentroidY: 0.6706
