Location: Dedata_33.png_Gaussian-Closing.png
Component: component_1755502147333_411.png
centerX: 0.648931882305522
centerY: 0.7305389221556886
width: 0.018137847642079808
height: 0.03507271171941831
Area: 0.00022859790869116835
CentroidX: 0.6603
CentroidY: 0.7437
