Location: Dedata_33.png_Gaussian-Median.png
Component: component_1755502146825_69.png
centerX: 0.5929060862555421
centerY: 0.09808953521528371
width: 0.029826682789197905
height: 0.034787567721699456
Area: 0.00032019797567299903
CentroidX: 0.6087
CentroidY: 0.1093
