Location: Dedata_33.png_Mean-Closing.png
Component: component_1755502147479_247.png
centerX: 0.36960902861749295
centerY: 0.4388366124893071
width: 0.022974607013301087
height: 0.034787567721699456
Area: 0.0003138767665337259
CentroidX: 0.3823
CentroidY: 0.4516
