Location: Dedata_33.png_Mean-Medain.png
Component: component_1755502146687_114.png
centerX: 0.5135026199113261
centerY: 0.18933561448531508
width: 0.0354695687222894
height: 0.03165098374679213
Area: 0.0003820308941626162
CentroidX: 0.5337
CentroidY: 0.2001
