Location: Dedata_33.png_Mean-Closing.png
Component: component_1755502147695_384.png
centerX: 0.3534864973800887
centerY: 0.6968919304248645
width: 0.02176541717049577
height: 0.03649843170801255
Area: 0.00027158213083822565
CentroidX: 0.3675
CentroidY: 0.7114
