Location: internet_5.png_Mean-Closing.png
Component: component_1755094087481_72.png
centerX: 0.7259169689641274
centerY: 0.2055888223552894
width: 0.04554615074566707
height: 0.032506415739948676
Area: 0.000535693741784583
CentroidX: 0.7517
CentroidY: 0.2180
