Location: internet_5.png_Mean-Closing.png
Component: component_1755094087518_239.png
centerX: 0.6614268440145102
centerY: 0.7265469061876247
width: 0.04796453043127771
height: 0.029369831765041345
Area: 0.0004590347145864889
CentroidX: 0.6887
CentroidY: 0.7369
