Location: Dedata_33.png_Gaussian-Closing.png
Component: component_1755502147180_88.png
centerX: 0.3450221684804514
centerY: 0.14029084687767324
width: 0.0177347843611447
height: 0.031936127744510975
Area: 0.00023560870428199858
CentroidX: 0.3544
CentroidY: 0.1527
