Location: Dedata_33.png_Gaussian-Median.png
Component: component_1755502146818_41.png
centerX: 0.6880290205562273
centerY: 0.05503279155973767
width: 0.023377670294236194
height: 0.03421727972626176
Area: 0.0002976714849221348
CentroidX: 0.6991
CentroidY: 0.0690
