Location: Dedata_33.png_Gaussian-Closing.png
Component: component_1755502147309_350.png
centerX: 0.8403869407496977
centerY: 0.6150556030795552
width: 0.021362353889560662
height: 0.032506415739948676
Area: 0.00024664208750691164
CentroidX: 0.8531
CentroidY: 0.6269
