Location: Dedata_33.png_Gaussian-Closing.png
Component: component_1755502147055_10.png
centerX: 0.4445787988714228
centerY: 0.010550327915597377
width: 0.023377670294236194
height: 0.031080695751354435
Area: 0.00028456934234255045
CentroidX: 0.4557
CentroidY: 0.0223
