Location: Dedata_33.png_Gaussian-Closing.png
Component: component_1755502147334_416.png
centerX: 0.4683595324465941
centerY: 0.7402338180781295
width: 0.018540910923014912
height: 0.03450242372398061
Area: 0.00026859392288147835
CentroidX: 0.4795
CentroidY: 0.7541
