Location: internet_5.png_Mean-Closing.png
Component: component_1755094087509_197.png
centerX: 0.19790407093913745
centerY: 0.5831194753350442
width: 0.04433696090286175
height: 0.026518391787852865
Area: 0.00044099053577074563
CentroidX: 0.2230
CentroidY: 0.5929
