Location: Dedata_33.png_Mean-Closing.png
Component: component_1755502147700_402.png
centerX: 0.7420395002015316
centerY: 0.7234103222127174
width: 0.021362353889560662
height: 0.037639007698887936
Area: 0.0002666400946020667
CentroidX: 0.7546
CentroidY: 0.7377
