Location: Dedata_33.png_Gaussian-Closing.png
Component: component_1755502147337_429.png
centerX: 0.13220475614671504
centerY: 0.7721699458226404
width: 0.024586860137041516
height: 0.03735386370116909
Area: 0.000295028070191166
CentroidX: 0.1477
CentroidY: 0.7864
