Location: internet_5.png_Gaussian-Median.png
Component: component_1755094087020_63.png
centerX: 0.4969770253929867
centerY: 0.16852010265183917
width: 0.0354695687222894
height: 0.03307670373538637
Area: 0.0005073057661954838
CentroidX: 0.5146
CentroidY: 0.1835
