Location: Dedata_33.png_Mean-Closing.png
Component: component_1755502147486_256.png
centerX: 0.017331721080209594
centerY: 0.4636441402908469
width: 0.016122531237404272
height: 0.029654975762760195
Area: 0.00022285135492819278
CentroidX: 0.0266
CentroidY: 0.4759
