Location: Dedata_33.png_Gaussian-Closing.png
Component: component_1755502147155_72.png
centerX: 0.539701733172108
centerY: 0.1360136869118905
width: 0.018137847642079808
height: 0.03421727972626176
Area: 0.0002666400946020667
CentroidX: 0.5480
CentroidY: 0.1494
