Location: internet_5.png_Mean-Closing.png
Component: component_1755094087485_92.png
centerX: 0.6146715034260379
centerY: 0.26033646991730824
width: 0.04191858121725111
height: 0.02566295979469632
Area: 0.00048064175673527706
CentroidX: 0.6375
CentroidY: 0.2708
