Location: Dedata_33.png_Mean-Medain.png
Component: component_1755502146693_142.png
centerX: 0.4554615074566707
centerY: 0.23410322212717422
width: 0.020959290608625555
height: 0.032506415739948676
Area: 0.00026859392288147835
CentroidX: 0.4666
CentroidY: 0.2462
