Location: Dedata_33.png_Gaussian-Median.png
Component: component_1755502146837_130.png
centerX: 0.049979846835953246
centerY: 0.20216709438266325
width: 0.022974607013301087
height: 0.030795551753635585
Area: 0.0002327354274005108
CentroidX: 0.0641
CentroidY: 0.2138
