Location: internet_5.png_Gaussian-Closing.png
Component: component_1755094087583_5.png
centerX: 0.18540910923014914
centerY: 0.007698887938408896
width: 0.042724707779121324
height: 0.03507271171941831
Area: 0.0005825856204904637
CentroidX: 0.2093
CentroidY: 0.0221
