Location: Dedata_33.png_Mean-Medain.png
Component: component_1755502146685_102.png
centerX: 0.060056428859330914
centerY: 0.14941545480467636
width: 0.021362353889560662
height: 0.032506415739948676
Area: 0.0002518139858935897
CentroidX: 0.0721
CentroidY: 0.1612
