Location: internet_5.png_Mean-Medain.png
Component: component_1755094087403_229.png
centerX: 0.5135026199113261
centerY: 0.6743655546050755
width: 0.03909713825070536
height: 0.030795551753635585
Area: 0.0004529433675977348
CentroidX: 0.5355
CentroidY: 0.6867
