Location: internet_5.png_Gaussian-Median.png
Component: component_1755094087045_179.png
centerX: 0.8512696493349455
centerY: 0.499001996007984
width: 0.04070939137444579
height: 0.027088679783290562
Area: 0.00040961435222489897
CentroidX: 0.8758
CentroidY: 0.5085
