Location: internet_5.png_Gaussian-Median.png
Component: component_1755094087018_57.png
centerX: 0.7122128174123338
centerY: 0.15739948674080412
width: 0.041112454655380895
height: 0.033932135728542916
Area: 0.0005513243680198767
CentroidX: 0.7361
CentroidY: 0.1708
