Location: Dedata_33.png_Mean-Medain.png
Component: component_1755502146699_172.png
centerX: 0.39500201531640466
centerY: 0.2805816937553465
width: 0.021362353889560662
height: 0.03649843170801255
Area: 0.0002670998189031047
CentroidX: 0.4071
CentroidY: 0.2943
