Location: internet_5.png_Mean-Closing.png
Component: component_1755094087502_169.png
centerX: 0.0709391374445788
centerY: 0.48845166809238666
width: 0.04353083434099154
height: 0.028514399771884802
Area: 0.00047041289103718053
CentroidX: 0.0965
CentroidY: 0.4988
