Location: internet_5.png_Gaussian-Median.png
Component: component_1755094087060_254.png
centerX: 0.5969367190648932
centerY: 0.7276874821785001
width: 0.053204353083434096
height: 0.031936127744510975
Area: 0.000494318554691159
CentroidX: 0.6262
CentroidY: 0.7397
