Location: internet_5.png_Mean-Medain.png
Component: component_1755094087316_45.png
centerX: 0.24748085449415558
centerY: 0.1151981750784146
width: 0.037484885126964934
height: 0.03592814371257485
Area: 0.0005831602758667613
CentroidX: 0.2690
CentroidY: 0.1297
