Location: Kurtxevani_1794_page_10.png_Mean-Medain.png
Component: component_1755610054762_694.png
centerX: 0.5914669783752192
centerY: 0.15777875716174528
width: 0.015780245470485097
height: 0.014103129131776113
Area: 0.00012054837145074555
CentroidX: 0.5999
CentroidY: 0.1633
