Location: internet_5.png_Mean-Closing.png
Component: component_1755094087499_161.png
centerX: 0.5135026199113261
centerY: 0.4656401482748788
width: 0.037081821846029824
height: 0.033361847733105215
Area: 0.00046639030340309763
CentroidX: 0.5347
CentroidY: 0.4780
