Location: Dedata_33.png_Mean-Closing.png
Component: component_1755502147696_385.png
centerX: 0.32204756146715036
centerY: 0.7000285143997719
width: 0.018137847642079808
height: 0.03279155973766752
Area: 0.00024158512019549315
CentroidX: 0.3336
CentroidY: 0.7128
