Location: Dedata_33.png_Gaussian-Median.png
Component: component_1755502146904_392.png
centerX: 0.9347037484885127
centerY: 0.6102081551183347
width: 0.01894397420395002
height: 0.03136583974907328
Area: 0.00022147218202507864
CentroidX: 0.9467
CentroidY: 0.6223
