Location: Dedata_33.png_Gaussian-Closing.png
Component: component_1755502147187_90.png
centerX: 0.31035872632003225
centerY: 0.14086113487311092
width: 0.015316404675534058
height: 0.035357855717137156
Area: 0.00024066567159341707
CentroidX: 0.3171
CentroidY: 0.1547
