Location: internet_5.png_Mean-Medain.png
Component: component_1755094087279_11.png
centerX: 0.3010882708585248
centerY: 0.008839463929284289
width: 0.0475614671503426
height: 0.038209295694325636
Area: 0.0006897013826323285
CentroidX: 0.3271
CentroidY: 0.0250
