Location: internet_5.png_Gaussian-Closing.png
Component: component_1755094087697_250.png
centerX: 0.12333736396614269
centerY: 0.7442258340461934
width: 0.03990326481257558
height: 0.031080695751354435
Area: 0.000444898192329569
CentroidX: 0.1460
CentroidY: 0.7567
