Location: internet_5.png_Gaussian-Closing.png
Component: component_1755094087617_104.png
centerX: 0.05642885933091495
centerY: 0.2748788138009695
width: 0.04030632809351068
height: 0.03022526375819789
Area: 0.0004919050021107092
CentroidX: 0.0791
CentroidY: 0.2875
