Location: internet_5.png_Gaussian-Median.png
Component: component_1755094087027_93.png
centerX: 0.8891575977428456
centerY: 0.25206729398346167
width: 0.04393389762192664
height: 0.03022526375819789
Area: 0.0005109835606037881
CentroidX: 0.9117
CentroidY: 0.2644
