Location: Dedata_33.png_Gaussian-Closing.png
Component: component_1755502147276_234.png
centerX: 0.09391374445787988
centerY: 0.40718562874251496
width: 0.0237807335751713
height: 0.03165098374679213
Area: 0.00023158611664791565
CentroidX: 0.1081
CentroidY: 0.4190
