Location: Dedata_33.png_Mean-Closing.png
Component: component_1755502147481_250.png
centerX: 0.25272067714631197
centerY: 0.4459652124322783
width: 0.02176541717049577
height: 0.032506415739948676
Area: 0.0003000850375025845
CentroidX: 0.2654
CentroidY: 0.4577
