Location: Dedata_33.png_Gaussian-Median.png
Component: component_1755502146903_389.png
centerX: 0.15558242644095122
centerY: 0.6030795551753636
width: 0.023377670294236194
height: 0.03165098374679213
Area: 0.00024170005127075266
CentroidX: 0.1693
CentroidY: 0.6155
