Location: Dedata_33.png_Gaussian-Median.png
Component: component_1755502146811_7.png
centerX: 0.7767029423619508
centerY: 0.009409751924721984
width: 0.024989923417976623
height: 0.03364699173082407
Area: 0.00030640624664185766
CentroidX: 0.7876
CentroidY: 0.0226
