Location: Dedata_33.png_Gaussian-Closing.png
Component: component_1755502147267_206.png
centerX: 0.02015316404675534
centerY: 0.3481608212147134
width: 0.02902055622732769
height: 0.04704875962360992
Area: 0.0003912253801833771
CentroidX: 0.0363
CentroidY: 0.3665
