Location: Dedata_33.png_Gaussian-Median.png
Component: component_1755502146810_5.png
centerX: 0.1656590084643289
centerY: 0.009409751924721984
width: 0.019347037484885126
height: 0.037639007698887936
Area: 0.0003003148996531035
CentroidX: 0.1737
CentroidY: 0.0242
