Location: Dedata_33.png_Gaussian-Closing.png
Component: component_1755502147158_76.png
centerX: 0.5002015316404675
centerY: 0.1377245508982036
width: 0.023377670294236194
height: 0.032506415739948676
Area: 0.00023825211901296734
CentroidX: 0.5117
CentroidY: 0.1498
