Location: Dedata_33.png_Mean-Closing.png
Component: component_1755502147422_125.png
centerX: 0.6698911729141476
centerY: 0.22897063016823496
width: 0.020556227327690448
height: 0.03279155973766752
Area: 0.00022135725094981913
CentroidX: 0.6813
CentroidY: 0.2403
