Location: internet_5.png_Mean-Closing.png
Component: component_1755094087494_138.png
centerX: 0.9274486094316807
centerY: 0.39863130881094955
width: 0.036275695284159616
height: 0.026803535785571715
Area: 0.00043145125652420613
CentroidX: 0.9476
CentroidY: 0.4092
