Location: Dedata_33.png_Gaussian-Median.png
Component: component_1755502146888_334.png
centerX: 0.958484482063684
centerY: 0.5129740518962076
width: 0.019347037484885126
height: 0.03592814371257485
Area: 0.0002606636786885721
CentroidX: 0.9698
CentroidY: 0.5270
