Location: Dedata_33.png_Mean-Closing.png
Component: component_1755502147670_315.png
centerX: 0.8238613462313583
centerY: 0.5660108354719133
width: 0.0177347843611447
height: 0.03507271171941831
Area: 0.00023618335965829612
CentroidX: 0.8342
CentroidY: 0.5796
