Location: Dedata_33.png_Mean-Closing.png
Component: component_1755502147439_209.png
centerX: 0.7980652962515115
centerY: 0.36840604505275165
width: 0.02015316404675534
height: 0.036213287710293696
Area: 0.00023882677438926488
CentroidX: 0.8097
CentroidY: 0.3812
