Location: Paraklitoni_1720_page_10.png_Mean-Medain.png
Component: component_1755610055685_2419.png
centerX: 0.17759146341463414
centerY: 0.8862155388471178
width: 0.013719512195121951
height: 0.011528822055137845
Area: 8.863622470811175e-05
CentroidX: 0.1846
CentroidY: 0.8905
