Location: Dedata_33.png_Mean-Medain.png
Component: component_1755502146677_59.png
centerX: 0.4026602176541717
centerY: 0.09609352723125178
width: 0.027408303103587262
height: 0.029654975762760195
Area: 0.00027353595911763735
CentroidX: 0.4172
CentroidY: 0.1059
