Location: internet_5.png_Gaussian-Closing.png
Component: component_1755094087640_195.png
centerX: 0.46392583635630796
centerY: 0.5745651554034787
width: 0.0354695687222894
height: 0.028229255774165955
Area: 0.000375249960722305
CentroidX: 0.4853
CentroidY: 0.5845
