Location: Dedata_33.png_Mean-Medain.png
Component: component_1755502146719_293.png
centerX: 0.8673921805723499
centerY: 0.46535500427716
width: 0.017331721080209594
height: 0.027944111776447105
Area: 0.00017986713278113548
CentroidX: 0.8782
CentroidY: 0.4760
