Location: Dedata_33.png_Gaussian-Closing.png
Component: component_1755502147326_393.png
centerX: 0.2535268037081822
centerY: 0.7040205303678357
width: 0.022974607013301087
height: 0.03877958368976333
Area: 0.00029284437976123527
CentroidX: 0.2679
CentroidY: 0.7188
