Location: internet_5.png_Mean-Closing.png
Component: component_1755094087479_64.png
centerX: 0.2245062474808545
centerY: 0.174508126603935
width: 0.036275695284159616
height: 0.03136583974907328
Area: 0.0004821358607136507
CentroidX: 0.2470
CentroidY: 0.1862
