Location: Dedata_33.png_Gaussian-Closing.png
Component: component_1755502147254_190.png
centerX: 0.5485691253526803
centerY: 0.32763045337895635
width: 0.022974607013301087
height: 0.04020530367835757
Area: 0.0002079103151444563
CentroidX: 0.5626
CentroidY: 0.3415
