Location: Dedata_33.png_Gaussian-Closing.png
Component: component_1755502147282_255.png
centerX: 0.29222087867795243
centerY: 0.44425434844596523
width: 0.020556227327690448
height: 0.03421727972626176
Area: 0.0002941086215890899
CentroidX: 0.3046
CentroidY: 0.4573
