Location: Dedata_33.png_Mean-Medain.png
Component: component_1755502146691_133.png
centerX: 0.7037484885126964
centerY: 0.2275449101796407
width: 0.021362353889560662
height: 0.035642999714856
Area: 0.00026261750696798374
CentroidX: 0.7151
CentroidY: 0.2410
