Location: internet_5.png_Mean-Medain.png
Component: component_1755094087378_142.png
centerX: 0.8182184602982668
centerY: 0.4031936127744511
width: 0.045949214026602174
height: 0.027088679783290562
Area: 0.0004829403782404673
CentroidX: 0.8440
CentroidY: 0.4141
