Location: internet_5.png_Mean-Medain.png
Component: component_1755094087346_87.png
centerX: 0.9359129383313181
centerY: 0.2469347020245224
width: 0.03506650544135429
height: 0.03222127174222983
Area: 0.0004959275897447921
CentroidX: 0.9565
CentroidY: 0.2591
