Location: Dedata_33.png_Mean-Closing.png
Component: component_1755502147684_356.png
centerX: 0.38170092704554615
centerY: 0.6401482748788138
width: 0.01894397420395002
height: 0.031936127744510975
Area: 0.0002379073257871888
CentroidX: 0.3929
CentroidY: 0.6528
