Location: internet_5.png_Mean-Medain.png
Component: component_1755094087388_171.png
centerX: 0.0709391374445788
centerY: 0.48845166809238666
width: 0.04353083434099154
height: 0.02879954376960365
Area: 0.0004721368571660732
CentroidX: 0.0965
CentroidY: 0.4988
