Location: Dedata_33.png_Mean-Medain.png
Component: component_1755502146677_57.png
centerX: 0.3651753325272068
centerY: 0.09552323923581409
width: 0.019347037484885126
height: 0.029940119760479042
Area: 0.0002089446948217919
CentroidX: 0.3747
CentroidY: 0.1065
