Location: Dedata_33.png_Mean-Medain.png
Component: component_1755502146694_150.png
centerX: 0.21201128577186618
centerY: 0.24436840604505275
width: 0.020959290608625555
height: 0.033932135728542916
Area: 0.0002567560221297487
CentroidX: 0.2226
CentroidY: 0.2577
