Location: Dedata_33.png_Gaussian-Closing.png
Component: component_1755502147288_275.png
centerX: 0.4740024183796856
centerY: 0.48246364414029086
width: 0.0237807335751713
height: 0.03592814371257485
Area: 0.00035410264287455493
CentroidX: 0.4871
CentroidY: 0.4958
