Location: internet_5.png_Gaussian-Median.png
Component: component_1755094087057_241.png
centerX: 0.3945989520354696
centerY: 0.6783575705731394
width: 0.037081821846029824
height: 0.03507271171941831
Area: 0.00041926856254669796
CentroidX: 0.4155
CentroidY: 0.6925
