Location: Dedata_33.png_Mean-Medain.png
Component: component_1755502146749_420.png
centerX: 0.28738411930673113
centerY: 0.7031650983746792
width: 0.02176541717049577
height: 0.03051040775591674
Area: 0.00024825112256054483
CentroidX: 0.3005
CentroidY: 0.7150
