Location: Dedata_33.png_Mean-Closing.png
Component: component_1755502147426_144.png
centerX: 0.05602579604997985
centerY: 0.25149700598802394
width: 0.021362353889560662
height: 0.03136583974907328
Area: 0.00022537983858390205
CentroidX: 0.0678
CentroidY: 0.2631
