Location: Dedata_33.png_Mean-Medain.png
Component: component_1755502146720_299.png
centerX: 0.6577992744860943
centerY: 0.47533504419731964
width: 0.01894397420395002
height: 0.029654975762760195
Area: 0.00018434944471625643
CentroidX: 0.6687
CentroidY: 0.4857
