Location: internet_5.png_Gaussian-Closing.png
Component: component_1755094087691_242.png
centerX: 0.5969367190648932
centerY: 0.7276874821785001
width: 0.053204353083434096
height: 0.031936127744510975
Area: 0.0004933991060890829
CentroidX: 0.6262
CentroidY: 0.7397
