Location: Paraklitoni_1720_page_10.png_Mean-Medain.png
Component: component_1755610055527_2096.png
centerX: 0.7736280487804879
centerY: 0.7619047619047619
width: 0.012957317073170731
height: 0.011528822055137845
Area: 8.443364508833058e-05
CentroidX: 0.7811
CentroidY: 0.7663
