Location: Dedata_33.png_Mean-Closing.png
Component: component_1755502147677_341.png
centerX: 0.8089480048367593
centerY: 0.6136298830909609
width: 0.01894397420395002
height: 0.03450242372398061
Area: 0.00024238963772230975
CentroidX: 0.8211
CentroidY: 0.6264
