Location: Dedata_33.png_Mean-Medain.png
Component: component_1755502146689_125.png
centerX: 0.08907698508665861
centerY: 0.19988594240091245
width: 0.019347037484885126
height: 0.03279155973766752
Area: 0.0002481361914852853
CentroidX: 0.0993
CentroidY: 0.2123
