Location: Dedata_33.png_Mean-Closing.png
Component: component_1755502147686_361.png
centerX: 0.20475614671503425
centerY: 0.6524094667807243
width: 0.02176541717049577
height: 0.036213287710293696
Area: 0.0002476764671842473
CentroidX: 0.2194
CentroidY: 0.6666
