Location: internet_5.png_Mean-Closing.png
Component: component_1755094087479_61.png
centerX: 0.3873438129786376
centerY: 0.17194183062446536
width: 0.0354695687222894
height: 0.029654975762760195
Area: 0.0004975366247984253
CentroidX: 0.4067
CentroidY: 0.1842
