Location: Dedata_33.png_Mean-Medain.png
Component: component_1755502146700_176.png
centerX: 0.2668278919790407
centerY: 0.2874251497005988
width: 0.024989923417976623
height: 0.035357855717137156
Area: 0.0002543424695492989
CentroidX: 0.2810
CentroidY: 0.3011
