Location: Dedata_33.png_Gaussian-Median.png
Component: component_1755502146865_228.png
centerX: 0.02015316404675534
centerY: 0.3473053892215569
width: 0.029423619508262798
height: 0.04790419161676647
Area: 0.0004059365578165946
CentroidX: 0.0365
CentroidY: 0.3665
