Location: Dedata_33.png_Mean-Medain.png
Component: component_1755502146679_67.png
centerX: 0.6400644901249496
centerY: 0.09865982321072142
width: 0.027005239822652155
height: 0.031936127744510975
Area: 0.0003052569358892625
CentroidX: 0.6550
CentroidY: 0.1094
