Location: internet_5.png_Mean-Medain.png
Component: component_1755094087396_204.png
centerX: 0.8935912938331319
centerY: 0.6119190191046479
width: 0.04433696090286175
height: 0.03136583974907328
Area: 0.0004708726153382186
CentroidX: 0.9179
CentroidY: 0.6250
