Location: Dedata_33.png_Gaussian-Median.png
Component: component_1755502146829_89.png
centerX: 0.1841999193873438
centerY: 0.1394354148845167
width: 0.02015316404675534
height: 0.03279155973766752
Area: 0.00022951735729324446
CentroidX: 0.1957
CentroidY: 0.1517
