Location: internet_5.png_Gaussian-Median.png
Component: component_1755094087040_156.png
centerX: 0.3845223700120919
centerY: 0.42600513259195893
width: 0.03909713825070536
height: 0.02879954376960365
Area: 0.00043248563620154173
CentroidX: 0.4061
CentroidY: 0.4373
