Location: Dedata_33.png_Mean-Medain.png
Component: component_1755502146695_157.png
centerX: 0.024586860137041516
centerY: 0.2537781579697747
width: 0.017331721080209594
height: 0.028229255774165955
Area: 0.0002200930091219645
CentroidX: 0.0346
CentroidY: 0.2653
