Location: Dedata_33.png_Gaussian-Median.png
Component: component_1755502146816_33.png
centerX: 0.3688029020556227
centerY: 0.052751639577986884
width: 0.022168480451430876
height: 0.029940119760479042
Area: 0.00026928350933303543
CentroidX: 0.3801
CentroidY: 0.0640
