Location: Dedata_33.png_Mean-Medain.png
Component: component_1755502146666_15.png
centerX: 0.4852881902458686
centerY: 0.010265183917878529
width: 0.0237807335751713
height: 0.02879954376960365
Area: 0.00027548978739704906
CentroidX: 0.4983
CentroidY: 0.0212
