Location: Dedata_33.png_Gaussian-Closing.png
Component: component_1755502147246_183.png
centerX: 0.7605804111245466
centerY: 0.3153692614770459
width: 0.020959290608625555
height: 0.03022526375819789
Area: 0.0002120478338537987
CentroidX: 0.7731
CentroidY: 0.3270
