Location: internet_5.png_Gaussian-Closing.png
Component: component_1755094087590_28.png
centerX: 0.18540910923014914
centerY: 0.06045052751639578
width: 0.04312777106005643
height: 0.03507271171941831
Area: 0.0006420049863996312
CentroidX: 0.2081
CentroidY: 0.0759
