Location: Dedata_33.png_Mean-Medain.png
Component: component_1755502146727_326.png
centerX: 0.6852075775896815
centerY: 0.52723125178215
width: 0.02015316404675534
height: 0.03022526375819789
Area: 0.00023963129191608147
CentroidX: 0.6972
CentroidY: 0.5387
