Location: internet_5.png_Gaussian-Median.png
Component: component_1755094087034_129.png
centerX: 0.8077388149939541
centerY: 0.3538637011690904
width: 0.03667875856509472
height: 0.031936127744510975
Area: 0.0004245553920086355
CentroidX: 0.8281
CentroidY: 0.3663
