Location: Dedata_33.png_Gaussian-Closing.png
Component: component_1755502147274_226.png
centerX: 0.3688029020556227
centerY: 0.38751069289991447
width: 0.02539298669891173
height: 0.03364699173082407
Area: 0.00027813320212801784
CentroidX: 0.3841
CentroidY: 0.4008
