Location: internet_5.png_Mean-Medain.png
Component: component_1755094087371_118.png
centerX: 0.1841999193873438
centerY: 0.32620473339036216
width: 0.04393389762192664
height: 0.02594810379241517
Area: 0.0004635170265216099
CentroidX: 0.2075
CentroidY: 0.3363
