Location: Dedata_33.png_Gaussian-Closing.png
Component: component_1755502147243_178.png
centerX: 0.8968158000806127
centerY: 0.3119475335044197
width: 0.022974607013301087
height: 0.031080695751354435
Area: 0.00021767945654151477
CentroidX: 0.9109
CentroidY: 0.3228
