Location: Dedata_33.png_Mean-Medain.png
Component: component_1755502146743_388.png
centerX: 0.44699717855703347
centerY: 0.634160250926718
width: 0.022168480451430876
height: 0.035642999714856
Area: 0.0002607786097638316
CentroidX: 0.4608
CentroidY: 0.6475
