Location: Dedata_33.png_Mean-Closing.png
Component: component_1755502147424_136.png
centerX: 0.29302700523982267
centerY: 0.23980610208155118
width: 0.016928657799274487
height: 0.03279155973766752
Area: 0.0002757196495475681
CentroidX: 0.3016
CentroidY: 0.2533
