Location: Dedata_33.png_Gaussian-Closing.png
Component: component_1755502147235_153.png
centerX: 0.60378879484079
centerY: 0.27231251782149984
width: 0.015719467956469165
height: 0.03364699173082407
Area: 0.00021882876729410988
CentroidX: 0.6134
CentroidY: 0.2867
