Location: internet_5.png_Gaussian-Closing.png
Component: component_1755094087619_112.png
centerX: 0.5425231761386538
centerY: 0.3136583974907328
width: 0.037484885126964934
height: 0.027944111776447105
Area: 0.0004235210123312999
CentroidX: 0.5651
CentroidY: 0.3245
