Location: internet_5.png_Mean-Medain.png
Component: component_1755094087413_272.png
centerX: 0.06852075775896815
centerY: 0.8018249215854006
width: 0.04070939137444579
height: 0.035642999714856
Area: 0.0005196033912482515
CentroidX: 0.0915
CentroidY: 0.8162
