Location: Dedata_33.png_Mean-Medain.png
Component: component_1755502146684_99.png
centerX: 0.14107214832728737
centerY: 0.14314228685486172
width: 0.02176541717049577
height: 0.033932135728542916
Area: 0.0002600890233122745
CentroidX: 0.1530
CentroidY: 0.1549
