Location: Kurtxevani_1794_page_10.png_Mean-Medain.png
Component: component_1755610054920_1351.png
centerX: 0.3220338983050847
centerY: 0.3847509916262671
width: 0.01636469900642899
height: 0.013662406346408109
Area: 0.0001362608728577872
CentroidX: 0.3308
CentroidY: 0.3900
