Location: Dedata_33.png_Gaussian-Median.png
Component: component_1755502146895_362.png
centerX: 0.08182184602982669
centerY: 0.5580268035357856
width: 0.022168480451430876
height: 0.026518391787852865
Area: 0.0002040026585856329
CentroidX: 0.0960
CentroidY: 0.5676
