Location: internet_5.png_Mean-Medain.png
Component: component_1755094087406_240.png
centerX: 0.8351471180975413
centerY: 0.722269746221842
width: 0.039500201531640466
height: 0.0290846877673225
Area: 0.00040903969684860143
CentroidX: 0.8575
CentroidY: 0.7339
