Location: Dedata_33.png_Mean-Medain.png
Component: component_1755502146712_253.png
centerX: 0.17533252720677148
centerY: 0.3980610208155118
width: 0.027005239822652155
height: 0.03136583974907328
Area: 0.00029721176062109673
CentroidX: 0.1910
CentroidY: 0.4095
