Location: Dedata_33.png_Mean-Medain.png
Component: component_1755502146707_211.png
centerX: 0.10278113663845223
centerY: 0.3444539492443684
width: 0.03385731559854897
height: 0.033361847733105215
Area: 0.0003659405436262846
CentroidX: 0.1209
CentroidY: 0.3564
