Location: Dedata_33.png_Gaussian-Closing.png
Component: component_1755502147265_199.png
centerX: 0.2781136638452237
centerY: 0.3410322212717422
width: 0.03184199919387344
height: 0.03279155973766752
Area: 0.0002737658212681564
CentroidX: 0.2974
CentroidY: 0.3522
