Location: Dedata_33.png_Mean-Closing.png
Component: component_1755502147434_183.png
centerX: 0.5876662636033857
centerY: 0.3270601653835187
width: 0.020959290608625555
height: 0.03421727972626176
Area: 0.00020538183148874705
CentroidX: 0.5989
CentroidY: 0.3394
