Location: Dedata_33.png_Mean-Medain.png
Component: component_1755502146682_87.png
centerX: 0.5840386940749698
centerY: 0.13857998289136014
width: 0.020959290608625555
height: 0.03649843170801255
Area: 0.0002949131391159065
CentroidX: 0.5940
CentroidY: 0.1528
