Location: Dedata_33.png_Gaussian-Closing.png
Component: component_1755502147279_242.png
centerX: 0.7638049173720274
centerY: 0.4180211006558312
width: 0.02257154373236598
height: 0.03706871970345024
Area: 0.00031755456094203024
CentroidX: 0.7763
CentroidY: 0.4319
