Location: internet_5.png_Mean-Medain.png
Component: component_1755094087389_174.png
centerX: 0.7940346634421604
centerY: 0.5018534359851725
width: 0.041112454655380895
height: 0.027088679783290562
Area: 0.000424900185234414
CentroidX: 0.8188
CentroidY: 0.5111
