Location: Dedata_33.png_Gaussian-Closing.png
Component: component_1755502147307_340.png
centerX: 0.15598548972188633
centerY: 0.6030795551753636
width: 0.02257154373236598
height: 0.03165098374679213
Area: 0.00024112539589445512
CentroidX: 0.1693
CentroidY: 0.6155
