Location: Dedata_33.png_Gaussian-Median.png
Component: component_1755502146816_32.png
centerX: 0.7638049173720274
centerY: 0.05218135158254919
width: 0.0237807335751713
height: 0.029369831765041345
Area: 0.00025319315879670384
CentroidX: 0.7755
CentroidY: 0.0634
