Location: internet_5.png_Gaussian-Median.png
Component: component_1755094087025_84.png
centerX: 0.06287787182587666
centerY: 0.22212717422298262
width: 0.03829101168883515
height: 0.03165098374679213
Area: 0.000434554395556213
CentroidX: 0.0848
CentroidY: 0.2346
