Location: Dedata_33.png_Gaussian-Closing.png
Component: component_1755502147133_55.png
centerX: 0.21362353889560662
centerY: 0.09466780724265754
width: 0.0177347843611447
height: 0.03051040775591674
Area: 0.00018561368654411106
CentroidX: 0.2229
CentroidY: 0.1061
