Location: internet_5.png_Mean-Medain.png
Component: component_1755094087361_114.png
centerX: 0.48286981056025796
centerY: 0.3159395494724836
width: 0.03385731559854897
height: 0.0290846877673225
Area: 0.00045041488394202553
CentroidX: 0.5036
CentroidY: 0.3265
