Location: Kurtxevani_1794_page_10.png_Mean-Medain.png
Component: component_1755610055094_2465.png
centerX: 0.6656925774400935
centerY: 0.7814014984574702
width: 0.02162478082992402
height: 0.01983252534156016
Area: 0.00020786866615545228
CentroidX: 0.6772
CentroidY: 0.7891
