Location: Dedata_33.png_Mean-Closing.png
Component: component_1755502147701_407.png
centerX: 0.5844417573559049
centerY: 0.7328200741374394
width: 0.019750100765820233
height: 0.03877958368976333
Area: 0.00028640823954670266
CentroidX: 0.5969
CentroidY: 0.7487
