Location: Dedata_33.png_Gaussian-Closing.png
Component: component_1755502147170_84.png
centerX: 0.6771463119709794
centerY: 0.13915027088679782
width: 0.019347037484885126
height: 0.03022526375819789
Area: 0.00023112639234687763
CentroidX: 0.6881
CentroidY: 0.1511
