Location: internet_5.png_Mean-Closing.png
Component: component_1755094087512_214.png
centerX: 0.25957275292220877
centerY: 0.6347305389221557
width: 0.037484885126964934
height: 0.03051040775591674
Area: 0.0004877674834013668
CentroidX: 0.2789
CentroidY: 0.6468
