Location: internet_5.png_Gaussian-Median.png
Component: component_1755094087043_171.png
centerX: 0.45304312777106004
centerY: 0.4716281722269746
width: 0.041515517936316
height: 0.027944111776447105
Area: 0.0004319109808252442
CentroidX: 0.4768
CentroidY: 0.4820
