Location: Dedata_33.png_Mean-Closing.png
Component: component_1755502147397_24.png
centerX: 0.42039500201531643
centerY: 0.0510407755916738
width: 0.020556227327690448
height: 0.02879954376960365
Area: 0.00026928350933303543
CentroidX: 0.4301
CentroidY: 0.0621
