Location: Dedata_33.png_Mean-Closing.png
Component: component_1755502147406_60.png
centerX: 0.4026602176541717
centerY: 0.09637867122897063
width: 0.027408303103587262
height: 0.0290846877673225
Area: 0.00026824912965569983
CentroidX: 0.4172
CentroidY: 0.1058
