Location: Dedata_33.png_Mean-Closing.png
Component: component_1755502147698_393.png
centerX: 0.8770656993147924
centerY: 0.7142857142857143
width: 0.0177347843611447
height: 0.03507271171941831
Area: 0.00025825012610812233
CentroidX: 0.8875
CentroidY: 0.7276
