Location: internet_5.png_Gaussian-Closing.png
Component: component_1755094087591_30.png
centerX: 0.062071745264006446
centerY: 0.06301682349586542
width: 0.046352277307537285
height: 0.03507271171941831
Area: 0.0006400511581202195
CentroidX: 0.0870
CentroidY: 0.0787
