Location: internet_5.png_Gaussian-Closing.png
Component: component_1755094087615_95.png
centerX: 0.4977831519548569
centerY: 0.2648987738808098
width: 0.041515517936316
height: 0.026518391787852865
Area: 0.00046960837351036396
CentroidX: 0.5223
CentroidY: 0.2749
