Location: Dedata_33.png_Mean-Closing.png
Component: component_1755502147632_294.png
centerX: 0.5856509471987102
centerY: 0.530938123752495
width: 0.018540910923014912
height: 0.03222127174222983
Area: 0.0002007845884783666
CentroidX: 0.5974
CentroidY: 0.5433
