Location: internet_5.png_Mean-Closing.png
Component: component_1755094087522_259.png
centerX: 0.607416364369206
centerY: 0.7892785856857714
width: 0.04070939137444579
height: 0.0290846877673225
Area: 0.00041536090598787455
CentroidX: 0.6317
CentroidY: 0.7993
