Location: Samociqulo_1709_page_10.png_Gaussian-Median.png
Component: component_1755610056321_3601.png
centerX: 0.7798525798525798
centerY: 0.8853125
width: 0.021621621621621623
height: 0.015
Area: 0.00013375307125307125
CentroidX: 0.7922
CentroidY: 0.8909
