Location: Dedata_33.png_Gaussian-Median.png
Component: component_1755502146838_134.png
centerX: 0.9129383313180169
centerY: 0.22583404619332764
width: 0.023377670294236194
height: 0.031080695751354435
Area: 0.00024411360385120242
CentroidX: 0.9257
CentroidY: 0.2372
