Location: internet_5.png_Gaussian-Closing.png
Component: component_1755094087589_24.png
centerX: 0.42563482466747277
centerY: 0.055603079555175364
width: 0.04232164449818621
height: 0.031936127744510975
Area: 0.000610513871778525
CentroidX: 0.4510
CentroidY: 0.0675
