Location: internet_5.png_Mean-Medain.png
Component: component_1755094087400_219.png
centerX: 0.13583232567513098
centerY: 0.6381522668947819
width: 0.04030632809351068
height: 0.02594810379241517
Area: 0.0004149011816868365
CentroidX: 0.1583
CentroidY: 0.6478
