Location: Samociqulo_1709_page_10.png_Gaussian-Median.png
Component: component_1755610056286_3030.png
centerX: 0.3886977886977887
centerY: 0.7528125
width: 0.022113022113022112
height: 0.010625
Area: 0.00010964373464373465
CentroidX: 0.4001
CentroidY: 0.7564
