Location: internet_5.png_Gaussian-Closing.png
Component: component_1755094087641_201.png
centerX: 0.012494961708988311
centerY: 0.5882520672939835
width: 0.0354695687222894
height: 0.02879954376960365
Area: 0.00040030493512887856
CentroidX: 0.0343
CentroidY: 0.5994
