Location: internet_5.png_Gaussian-Closing.png
Component: component_1755094087625_128.png
centerX: 0.5517936316001613
centerY: 0.36412888508696895
width: 0.03788794840790004
height: 0.026803535785571715
Area: 0.00038973127620500346
CentroidX: 0.5735
CentroidY: 0.3741
