Location: Dedata_33.png_Gaussian-Median.png
Component: component_1755502146860_200.png
centerX: 0.8295042321644498
centerY: 0.31451382948388934
width: 0.019347037484885126
height: 0.030795551753635585
Area: 0.0002000950020268095
CentroidX: 0.8411
CentroidY: 0.3266
