Location: internet_5.png_Mean-Medain.png
Component: component_1755094087408_249.png
centerX: 0.2910116888351471
centerY: 0.737382378100941
width: 0.03829101168883515
height: 0.03022526375819789
Area: 0.0004628274400700528
CentroidX: 0.3138
CentroidY: 0.7493
