Location: Dedata_33.png_Mean-Closing.png
Component: component_1755502147683_350.png
centerX: 0.5707376058041113
centerY: 0.6256059309951526
width: 0.019750100765820233
height: 0.03364699173082407
Area: 0.00024066567159341707
CentroidX: 0.5833
CentroidY: 0.6383
