Location: Dedata_33.png_Gaussian-Closing.png
Component: component_1755502147070_28.png
centerX: 0.7638049173720274
centerY: 0.05218135158254919
width: 0.022974607013301087
height: 0.0290846877673225
Area: 0.0002430792241738668
CentroidX: 0.7755
CentroidY: 0.0635
