Location: Dedata_33.png_Gaussian-Closing.png
Component: component_1755502147273_223.png
centerX: 0.48246674727932287
centerY: 0.38095238095238093
width: 0.01894397420395002
height: 0.03307670373538637
Area: 0.00022825311546538984
CentroidX: 0.4920
CentroidY: 0.3937
