Location: internet_5.png_Gaussian-Closing.png
Component: component_1755094087612_82.png
centerX: 0.2889963724304716
centerY: 0.22241231822070145
width: 0.04070939137444579
height: 0.029654975762760195
Area: 0.00045466733372662746
CentroidX: 0.3118
CentroidY: 0.2347
