Location: Dedata_33.png_Gaussian-Median.png
Component: component_1755502146894_359.png
centerX: 0.23055219669488108
centerY: 0.5506130595950955
width: 0.02015316404675534
height: 0.031936127744510975
Area: 0.0002279083222396113
CentroidX: 0.2432
CentroidY: 0.5632
