Location: internet_5.png_Mean-Medain.png
Component: component_1755094087370_117.png
centerX: 0.23901652559451833
centerY: 0.3202167094382663
width: 0.04393389762192664
height: 0.029940119760479042
Area: 0.0005225915992049988
CentroidX: 0.2621
CentroidY: 0.3320
