Location: Dedata_33.png_Gaussian-Closing.png
Component: component_1755502147169_83.png
centerX: 0.1841999193873438
centerY: 0.1394354148845167
width: 0.02015316404675534
height: 0.03279155973766752
Area: 0.0002238857346055284
CentroidX: 0.1957
CentroidY: 0.1517
