Location: Dedata_33.png_Gaussian-Median.png
Component: component_1755502146846_161.png
centerX: 0.094316807738815
centerY: 0.2512118619903051
width: 0.020959290608625555
height: 0.031080695751354435
Area: 0.00023158611664791565
CentroidX: 0.1053
CentroidY: 0.2627
