Location: internet_5.png_Mean-Medain.png
Component: component_1755094087392_186.png
centerX: 0.012494961708988311
centerY: 0.5377815796977473
width: 0.035872632003224506
height: 0.031080695751354435
Area: 0.0005023637299593248
CentroidX: 0.0322
CentroidY: 0.5497
