Location: Dedata_33.png_Mean-Closing.png
Component: component_1755502147669_309.png
centerX: 0.04393389762192664
centerY: 0.5608782435129741
width: 0.02015316404675534
height: 0.02566295979469632
Area: 0.00019687693191954318
CentroidX: 0.0562
CentroidY: 0.5707
