Location: Dedata_33.png_Gaussian-Median.png
Component: component_1755502146916_433.png
centerX: 0.5392986698911729
centerY: 0.6806387225548902
width: 0.02176541717049577
height: 0.039635015682919876
Area: 0.0002973266916963562
CentroidX: 0.5534
CentroidY: 0.6962
