Location: Dedata_33.png_Gaussian-Median.png
Component: component_1755502146917_434.png
centerX: 0.5054413542926239
centerY: 0.6834901625320787
width: 0.02176541717049577
height: 0.03649843170801255
Area: 0.00027422554556919443
CentroidX: 0.5192
CentroidY: 0.6978
