Location: Kurtxevani_1794_page_10.png_Mean-Medain.png
Component: component_1755610054885_1130.png
centerX: 0.9029807130333138
centerY: 0.3089466725429705
width: 0.018702513150204558
height: 0.015425297487880123
Area: 0.00019164100076785192
CentroidX: 0.9132
CentroidY: 0.3154
