Location: Dedata_33.png_Gaussian-Median.png
Component: component_1755502146867_238.png
centerX: 0.728335348649738
centerY: 0.3686911890504705
width: 0.024586860137041516
height: 0.03706871970345024
Area: 0.0002810064790095056
CentroidX: 0.7421
CentroidY: 0.3824
