Location: Dedata_33.png_Gaussian-Median.png
Component: component_1755502146881_306.png
centerX: 0.09230149133413947
centerY: 0.455945252352438
width: 0.02015316404675534
height: 0.037639007698887936
Area: 0.00029548779449220405
CentroidX: 0.1043
CentroidY: 0.4702
