Location: Dedata_33.png_Mean-Medain.png
Component: component_1755502146737_369.png
centerX: 0.12132204756146715
centerY: 0.6070715711434275
width: 0.021362353889560662
height: 0.03279155973766752
Area: 0.00024181498234601218
CentroidX: 0.1347
CentroidY: 0.6196
