Location: Dedata_33.png_Gaussian-Closing.png
Component: component_1755502147330_398.png
centerX: 0.9443772672309553
centerY: 0.7137154262902766
width: 0.020556227327690448
height: 0.03706871970345024
Area: 0.0002488257779368424
CentroidX: 0.9563
CentroidY: 0.7283
