Location: Dedata_33.png_Mean-Medain.png
Component: component_1755502146688_119.png
centerX: 0.2079806529625151
centerY: 0.19076133447390933
width: 0.0237807335751713
height: 0.034787567721699456
Area: 0.0002919249311591592
CentroidX: 0.2206
CentroidY: 0.2039
