Location: internet_5.png_Gaussian-Median.png
Component: component_1755094087009_13.png
centerX: 0.2434502216848045
centerY: 0.009694895922440832
width: 0.044740024183796856
height: 0.03735386370116909
Area: 0.0006284431195190089
CentroidX: 0.2684
CentroidY: 0.0256
