Location: Dedata_33.png_Gaussian-Median.png
Component: component_1755502146892_349.png
centerX: 0.47682386134623134
centerY: 0.5355004277159966
width: 0.017331721080209594
height: 0.035642999714856
Area: 0.0002210124577240406
CentroidX: 0.4883
CentroidY: 0.5496
