Location: Dedata_33.png_Mean-Closing.png
Component: component_1755502147541_273.png
centerX: 0.3216444981862152
centerY: 0.49101796407185627
width: 0.02015316404675534
height: 0.03421727972626176
Area: 0.0003203129067482585
CentroidX: 0.3332
CentroidY: 0.5041
