Location: Dedata_33.png_Mean-Medain.png
Component: component_1755502146709_217.png
centerX: 0.8686013704151552
centerY: 0.3644140290846878
width: 0.020959290608625555
height: 0.033361847733105215
Area: 0.00022560970073442105
CentroidX: 0.8802
CentroidY: 0.3762
