Location: internet_5.png_Gaussian-Closing.png
Component: component_1755094087605_60.png
centerX: 0.4397420395002015
centerY: 0.16852010265183917
width: 0.03869407496977025
height: 0.03222127174222983
Area: 0.00047259658146711126
CentroidX: 0.4622
CentroidY: 0.1811
