Location: internet_5.png_Mean-Closing.png
Component: component_1755094087512_213.png
centerX: 0.19830713422007254
centerY: 0.634160250926718
width: 0.041515517936316
height: 0.02623324779013402
Area: 0.000425130047384933
CentroidX: 0.2212
CentroidY: 0.6444
