Location: Dedata_33.png_Mean-Closing.png
Component: component_1755502147405_55.png
centerX: 0.7400241837968561
centerY: 0.0949529512403764
width: 0.030229746070133012
height: 0.029940119760479042
Area: 0.0003112333518027571
CentroidX: 0.7566
CentroidY: 0.1051
