Location: internet_5.png_Gaussian-Median.png
Component: component_1755094087044_175.png
centerX: 0.19911326078194277
centerY: 0.48246364414029086
width: 0.04675534058847239
height: 0.03364699173082407
Area: 0.0004967321072716086
CentroidX: 0.2265
CentroidY: 0.4945
