Location: internet_5.png_Mean-Medain.png
Component: component_1755094087384_162.png
centerX: 0.5695284159613059
centerY: 0.46478471628172224
width: 0.04030632809351068
height: 0.03051040775591674
Area: 0.000505122075765553
CentroidX: 0.5919
CentroidY: 0.4753
