Location: Dedata_33.png_Gaussian-Median.png
Component: component_1755502146929_480.png
centerX: 0.09109230149133414
centerY: 0.7750213857998289
width: 0.022974607013301087
height: 0.033361847733105215
Area: 0.00026686995675258567
CentroidX: 0.1062
CentroidY: 0.7883
