Location: internet_5.png_Mean-Closing.png
Component: component_1755094087480_66.png
centerX: 0.27972591696896415
centerY: 0.17564870259481039
width: 0.039500201531640466
height: 0.03136583974907328
Area: 0.0005317860852257597
CentroidX: 0.3028
CentroidY: 0.1883
