Location: internet_5.png_Mean-Medain.png
Component: component_1755094087406_239.png
centerX: 0.9387343812978638
centerY: 0.720558882235529
width: 0.037081821846029824
height: 0.028514399771884802
Area: 0.00039628234749479566
CentroidX: 0.9609
CentroidY: 0.7314
