Location: internet_5.png_Mean-Medain.png
Component: component_1755094087382_154.png
centerX: 0.014913341394598953
centerY: 0.43855146849158827
width: 0.03788794840790004
height: 0.03165098374679213
Area: 0.0004869629658745502
CentroidX: 0.0367
CentroidY: 0.4517
