Location: Dedata_33.png_Mean-Closing.png
Component: component_1755502147421_123.png
centerX: 0.7037484885126964
centerY: 0.2275449101796407
width: 0.021362353889560662
height: 0.035357855717137156
Area: 0.0002511243994420326
CentroidX: 0.7149
CentroidY: 0.2410
