Location: internet_5.png_Gaussian-Median.png
Component: component_1755094087045_180.png
centerX: 0.9117291414752116
centerY: 0.4992871400057029
width: 0.04353083434099154
height: 0.03222127174222983
Area: 0.0004458176409316451
CentroidX: 0.9369
CentroidY: 0.5108
