Location: Dedata_33.png_Mean-Medain.png
Component: component_1755502146726_320.png
centerX: 0.860540104796453
centerY: 0.5203877958368976
width: 0.02257154373236598
height: 0.03222127174222983
Area: 0.00026939844040829497
CentroidX: 0.8730
CentroidY: 0.5321
