Location: Dedata_33.png_Mean-Medain.png
Component: component_1755502146682_89.png
centerX: 0.6771463119709794
centerY: 0.13915027088679782
width: 0.019347037484885126
height: 0.030795551753635585
Area: 0.000245377845679057
CentroidX: 0.6881
CentroidY: 0.1510
