Location: internet_5.png_Gaussian-Closing.png
Component: component_1755094087641_202.png
centerX: 0.8935912938331319
centerY: 0.6119190191046479
width: 0.044740024183796856
height: 0.03136583974907328
Area: 0.0004489207799636519
CentroidX: 0.9180
CentroidY: 0.6252
