Location: Dedata_33.png_Gaussian-Median.png
Component: component_1755502146892_348.png
centerX: 0.5501813784764208
centerY: 0.5346449957228401
width: 0.01894397420395002
height: 0.03165098374679213
Area: 0.00020262348568251875
CentroidX: 0.5629
CentroidY: 0.5467
