Location: Paraklitoni_1720_page_10.png_Mean-Medain.png
Component: component_1755610055493_1973.png
centerX: 0.2705792682926829
centerY: 0.7177944862155389
width: 0.012957317073170731
height: 0.012030075187969926
Area: 8.366953970291582e-05
CentroidX: 0.2775
CentroidY: 0.7223
