Location: Dedata_33.png_Mean-Closing.png
Component: component_1755502147668_306.png
centerX: 0.15719467956469166
centerY: 0.5531793555745651
width: 0.017331721080209594
height: 0.03136583974907328
Area: 0.0002289427019169469
CentroidX: 0.1687
CentroidY: 0.5656
