Location: internet_5.png_Mean-Closing.png
Component: component_1755094087522_258.png
centerX: 0.671906489318823
centerY: 0.7884231536926147
width: 0.037081821846029824
height: 0.025092671799258625
Area: 0.0003692735448088104
CentroidX: 0.6930
CentroidY: 0.7976
