Location: Dedata_33.png_Mean-Medain.png
Component: component_1755502146664_4.png
centerX: 0.1652559451833938
centerY: 0.009409751924721984
width: 0.019750100765820233
height: 0.037639007698887936
Area: 0.0003082451438460098
CentroidX: 0.1737
CentroidY: 0.0240
