Location: Dedata_33.png_Mean-Medain.png
Component: component_1755502146719_295.png
centerX: 0.7762998790810157
centerY: 0.47105788423153694
width: 0.02902055622732769
height: 0.029940119760479042
Area: 0.0003415751556712682
CentroidX: 0.7943
CentroidY: 0.4832
