Location: Dedata_33.png_Mean-Closing.png
Component: component_1755502147674_329.png
centerX: 0.2966545747682386
centerY: 0.5925292272597662
width: 0.023377670294236194
height: 0.03735386370116909
Area: 0.00028422454911677193
CentroidX: 0.3110
CentroidY: 0.6073
