Location: Dedata_33.png_Gaussian-Median.png
Component: component_1755502146901_381.png
centerX: 0.4111245465538089
centerY: 0.5876817792985458
width: 0.01652559451833938
height: 0.033932135728542916
Area: 0.00025215877911936824
CentroidX: 0.4212
CentroidY: 0.6010
