Location: internet_5.png_Mean-Closing.png
Component: component_1755094087470_22.png
centerX: 0.6505441354292624
centerY: 0.054177359566581124
width: 0.046352277307537285
height: 0.036783575705731396
Area: 0.0007028035252119128
CentroidX: 0.6748
CentroidY: 0.0688
