Location: internet_5.png_Gaussian-Median.png
Component: component_1755094087010_14.png
centerX: 0.860540104796453
centerY: 0.00998003992015968
width: 0.04393389762192664
height: 0.03735386370116909
Area: 0.000630052154572642
CentroidX: 0.8852
CentroidY: 0.0252
