Location: Dedata_33.png_Mean-Closing.png
Component: component_1755502147439_207.png
centerX: 0.728335348649738
centerY: 0.3686911890504705
width: 0.024586860137041516
height: 0.03649843170801255
Area: 0.0002729613037413398
CentroidX: 0.7420
CentroidY: 0.3815
