Location: Dedata_33.png_Mean-Medain.png
Component: component_1755502146702_190.png
centerX: 0.8585247883917775
centerY: 0.3136583974907328
width: 0.02176541717049577
height: 0.03165098374679213
Area: 0.0002238857346055284
CentroidX: 0.8713
CentroidY: 0.3250
