Location: Dedata_33.png_Gaussian-Median.png
Component: component_1755502146865_229.png
centerX: 0.06166868198307134
centerY: 0.3473053892215569
width: 0.027408303103587262
height: 0.033932135728542916
Area: 0.0003010044861046606
CentroidX: 0.0766
CentroidY: 0.3599
