Location: Dedata_33.png_Mean-Medain.png
Component: component_1755502146716_280.png
centerX: 0.33091495364772266
centerY: 0.43826632449386943
width: 0.021362353889560662
height: 0.03792415169660679
Area: 0.00033881680986503986
CentroidX: 0.3437
CentroidY: 0.4526
