Location: Dedata_33.png_Mean-Medain.png
Component: component_1755502146733_353.png
centerX: 0.7174526400644902
centerY: 0.572284003421728
width: 0.018540910923014912
height: 0.032506415739948676
Area: 0.00024687194965743067
CentroidX: 0.7287
CentroidY: 0.5846
