Location: internet_5.png_Mean-Medain.png
Component: component_1755094087404_230.png
centerX: 0.4506247480854494
centerY: 0.6763615625891075
width: 0.044740024183796856
height: 0.034787567721699456
Area: 0.0005133971131842379
CentroidX: 0.4733
CentroidY: 0.6912
