Location: Dedata_33.png_Mean-Medain.png
Component: component_1755502146667_18.png
centerX: 0.6952841596130592
centerY: 0.010265183917878529
width: 0.024586860137041516
height: 0.036213287710293696
Area: 0.00033375984255362137
CentroidX: 0.7055
CentroidY: 0.0244
