Location: Dedata_33.png_Mean-Medain.png
Component: component_1755502146754_443.png
centerX: 0.5268037081821846
centerY: 0.7396635300826918
width: 0.02176541717049577
height: 0.036783575705731396
Area: 0.0002716970619134852
CentroidX: 0.5395
CentroidY: 0.7543
