Location: Dedata_33.png_Gaussian-Closing.png
Component: component_1755502147294_290.png
centerX: 0.8927851672712616
centerY: 0.5189620758483033
width: 0.018540910923014912
height: 0.033361847733105215
Area: 0.00024928550223788043
CentroidX: 0.9032
CentroidY: 0.5317
