Location: internet_5.png_Gaussian-Median.png
Component: component_1755094087063_265.png
centerX: 0.06247480854494156
centerY: 0.7470772740233818
width: 0.04030632809351068
height: 0.029654975762760195
Area: 0.00046455140619894547
CentroidX: 0.0854
CentroidY: 0.7584
