Location: Dedata_33.png_Gaussian-Median.png
Component: component_1755502146817_35.png
centerX: 0.9020556227327691
centerY: 0.05303678357570573
width: 0.030632809351068116
height: 0.033932135728542916
Area: 0.0003739857188944504
CentroidX: 0.9169
CentroidY: 0.0657
