Location: internet_5.png_Mean-Medain.png
Component: component_1755094087323_53.png
centerX: 0.7670294236195082
centerY: 0.1562589107499287
width: 0.032245062474808545
height: 0.03022526375819789
Area: 0.0004261644270622686
CentroidX: 0.7861
CentroidY: 0.1682
