Location: internet_5.png_Mean-Closing.png
Component: component_1755094087517_233.png
centerX: 0.06368399838774688
centerY: 0.6900484744796122
width: 0.04393389762192664
height: 0.03421727972626176
Area: 0.0005233961167318154
CentroidX: 0.0889
CentroidY: 0.7040
