Location: internet_5.png_Gaussian-Median.png
Component: component_1755094087065_278.png
centerX: 0.3534864973800887
centerY: 0.7946963216424294
width: 0.042724707779121324
height: 0.033932135728542916
Area: 0.000414556388461058
CentroidX: 0.3762
CentroidY: 0.8095
