Location: Dedata_33.png_Mean-Closing.png
Component: component_1755502147702_411.png
centerX: 0.4957678355501814
centerY: 0.7413743940690048
width: 0.02176541717049577
height: 0.035642999714856
Area: 0.0002736508901928969
CentroidX: 0.5099
CentroidY: 0.7552
