Location: Dedata_33.png_Mean-Closing.png
Component: component_1755502147437_203.png
centerX: 0.9355098750503829
centerY: 0.360136869118905
width: 0.029423619508262798
height: 0.03649843170801255
Area: 0.00028468427341781
CentroidX: 0.9527
CentroidY: 0.3734
