Location: Dedata_33.png_Gaussian-Median.png
Component: component_1755502146910_416.png
centerX: 0.20475614671503425
centerY: 0.6524094667807243
width: 0.02176541717049577
height: 0.036213287710293696
Area: 0.00024411360385120242
CentroidX: 0.2194
CentroidY: 0.6667
