Location: internet_5.png_Gaussian-Median.png
Component: component_1755094087048_198.png
centerX: 0.8319226118500604
centerY: 0.5568862275449101
width: 0.03990326481257558
height: 0.023381807812945538
Area: 0.0003620328870674612
CentroidX: 0.8534
CentroidY: 0.5657
