Location: Dedata_33.png_Mean-Closing.png
Component: component_1755502147702_410.png
centerX: 0.4683595324465941
centerY: 0.7402338180781295
width: 0.018540910923014912
height: 0.03421727972626176
Area: 0.0002716970619134852
CentroidX: 0.4796
CentroidY: 0.7540
