Location: Dedata_33.png_Gaussian-Closing.png
Component: component_1755502147277_236.png
centerX: 0.9294639258363563
centerY: 0.41003706871970347
width: 0.022974607013301087
height: 0.035357855717137156
Area: 0.00031054376535120004
CentroidX: 0.9418
CentroidY: 0.4230
