Location: internet_5.png_Mean-Closing.png
Component: component_1755094087507_188.png
centerX: 0.777509068923821
centerY: 0.5597376675220986
width: 0.04232164449818621
height: 0.027944111776447105
Area: 0.0004271988067396042
CentroidX: 0.8006
CentroidY: 0.5703
