Location: Dedata_33.png_Mean-Medain.png
Component: component_1755502146715_276.png
centerX: 0.5501813784764208
centerY: 0.4291417165668663
width: 0.022974607013301087
height: 0.039635015682919876
Area: 0.0003490456755631364
CentroidX: 0.5637
CentroidY: 0.4435
