Location: Dedata_33.png_Gaussian-Closing.png
Component: component_1755502147268_210.png
centerX: 0.8690044336960903
centerY: 0.3644140290846878
width: 0.02015316404675534
height: 0.033361847733105215
Area: 0.0002050370382629685
CentroidX: 0.8802
CentroidY: 0.3770
