Location: Dedata_33.png_Gaussian-Median.png
Component: component_1755502146885_320.png
centerX: 0.5122934300685208
centerY: 0.4816082121471343
width: 0.022168480451430876
height: 0.03735386370116909
Area: 0.00035640126437974515
CentroidX: 0.5249
CentroidY: 0.4963
