Location: internet_5.png_Mean-Medain.png
Component: component_1755094087339_70.png
centerX: 0.8839177750906893
centerY: 0.2024522383803821
width: 0.036275695284159616
height: 0.0290846877673225
Area: 0.00047466534082178245
CentroidX: 0.9043
CentroidY: 0.2140
