Location: Dedata_33.png_Gaussian-Median.png
Component: component_1755502146929_479.png
centerX: 0.13180169286577992
centerY: 0.7721699458226404
width: 0.024989923417976623
height: 0.03735386370116909
Area: 0.0002967520363200587
CentroidX: 0.1477
CentroidY: 0.7863
