Location: Dedata_33.png_Gaussian-Closing.png
Component: component_1755502147335_421.png
centerX: 0.33252720677146314
centerY: 0.7510692899914457
width: 0.02176541717049577
height: 0.03649843170801255
Area: 0.00027123733761244713
CentroidX: 0.3455
CentroidY: 0.7661
