Location: Dedata_33.png_Mean-Medain.png
Component: component_1755502146748_414.png
centerX: 0.4788391777509069
centerY: 0.6874821785001426
width: 0.01894397420395002
height: 0.03421727972626176
Area: 0.00026388174879583837
CentroidX: 0.4904
CentroidY: 0.7010
