Location: internet_5.png_Mean-Medain.png
Component: component_1755094087307_34.png
centerX: 0.8029020556227328
centerY: 0.10692899914456801
width: 0.03829101168883515
height: 0.03165098374679213
Area: 0.0005439687792032679
CentroidX: 0.8234
CentroidY: 0.1198
