Location: internet_5.png_Mean-Medain.png
Component: component_1755094087381_149.png
centerX: 0.3845223700120919
centerY: 0.4257199885942401
width: 0.03909713825070536
height: 0.0290846877673225
Area: 0.000464896199424724
CentroidX: 0.4060
CentroidY: 0.4372
