Location: Dedata_33.png_Gaussian-Closing.png
Component: component_1755502147305_333.png
centerX: 0.41152760983474407
centerY: 0.5876817792985458
width: 0.016122531237404272
height: 0.033932135728542916
Area: 0.0002506646751409946
CentroidX: 0.4213
CentroidY: 0.6010
