Location: Dedata_33.png_Gaussian-Median.png
Component: component_1755502146867_241.png
centerX: 0.6924627166465135
centerY: 0.3698317650413459
width: 0.02257154373236598
height: 0.036213287710293696
Area: 0.0003082451438460098
CentroidX: 0.7047
CentroidY: 0.3843
