Location: Dedata_33.png_Mean-Closing.png
Component: component_1755502147704_418.png
centerX: 0.23458282950423218
centerY: 0.75990875392073
width: 0.022974607013301087
height: 0.04163102366695181
Area: 0.0003366331194351092
CentroidX: 0.2496
CentroidY: 0.7766
