Location: Dedata_33.png_Gaussian-Median.png
Component: component_1755502146885_319.png
centerX: 0.5513905683192262
centerY: 0.4793270601653835
width: 0.02539298669891173
height: 0.036213287710293696
Area: 0.00035674605760552367
CentroidX: 0.5662
CentroidY: 0.4926
