Location: Dedata_33.png_Gaussian-Median.png
Component: component_1755502146853_172.png
centerX: 0.679161628375655
centerY: 0.27345309381237526
width: 0.029423619508262798
height: 0.03364699173082407
Area: 0.0003285879441669434
CentroidX: 0.6965
CentroidY: 0.2855
