Location: internet_5.png_Mean-Medain.png
Component: component_1755094087399_213.png
centerX: 0.44014510278113667
centerY: 0.6258910749928714
width: 0.04393389762192664
height: 0.03022526375819789
Area: 0.0004489207799636519
CentroidX: 0.4648
CentroidY: 0.6367
