Location: Dedata_33.png_Gaussian-Closing.png
Component: component_1755502147288_274.png
centerX: 0.5126964933494559
centerY: 0.4816082121471343
width: 0.02176541717049577
height: 0.03735386370116909
Area: 0.00035513702255189053
CentroidX: 0.5249
CentroidY: 0.4963
