Location: Dedata_33.png_Mean-Closing.png
Component: component_1755502147459_225.png
centerX: 0.17533252720677148
centerY: 0.3980610208155118
width: 0.027005239822652155
height: 0.03136583974907328
Area: 0.00028640823954670266
CentroidX: 0.1909
CentroidY: 0.4092
