Location: internet_5.png_Gaussian-Median.png
Component: component_1755094087014_33.png
centerX: 0.7488915759774285
centerY: 0.10493299116053607
width: 0.03990326481257558
height: 0.032506415739948676
Area: 0.0004996053841530965
CentroidX: 0.7709
CentroidY: 0.1186
