Location: internet_5.png_Gaussian-Median.png
Component: component_1755094087016_47.png
centerX: 0.24748085449415558
centerY: 0.1151981750784146
width: 0.037484885126964934
height: 0.035642999714856
Area: 0.0005516691612456551
CentroidX: 0.2690
CentroidY: 0.1297
