Location: Dedata_33.png_Gaussian-Median.png
Component: component_1755502146900_376.png
centerX: 0.5787988714228134
centerY: 0.579697747362418
width: 0.020959290608625555
height: 0.03136583974907328
Area: 0.0002439986727759429
CentroidX: 0.5918
CentroidY: 0.5917
