Location: internet_5.png_Gaussian-Median.png
Component: component_1755094087066_280.png
centerX: 0.29866989117291415
centerY: 0.7972626176218991
width: 0.045949214026602174
height: 0.03051040775591674
Area: 0.0004258196338364901
CentroidX: 0.3230
CentroidY: 0.8100
