Location: internet_5.png_Mean-Medain.png
Component: component_1755094087377_137.png
centerX: 0.07496977025392987
centerY: 0.38637011690903905
width: 0.03667875856509472
height: 0.0290846877673225
Area: 0.00047765354877852976
CentroidX: 0.0974
CentroidY: 0.3975
