Location: internet_5.png_Mean-Medain.png
Component: component_1755094087396_202.png
centerX: 0.13301088270858524
centerY: 0.5868263473053892
width: 0.04393389762192664
height: 0.03022526375819789
Area: 0.00045041488394202553
CentroidX: 0.1564
CentroidY: 0.5987
