Location: Dedata_33.png_Gaussian-Closing.png
Component: component_1755502147279_244.png
centerX: 0.6928657799274486
centerY: 0.42115768463073855
width: 0.02015316404675534
height: 0.037639007698887936
Area: 0.0003362883262093306
CentroidX: 0.7032
CentroidY: 0.4356
