Location: Dedata_33.png_Mean-Medain.png
Component: component_1755502146730_341.png
centerX: 0.12051592099959693
centerY: 0.5574565155403479
width: 0.018540910923014912
height: 0.03136583974907328
Area: 0.0002037727964351139
CentroidX: 0.1326
CentroidY: 0.5694
