Location: Dedata_33.png_Mean-Medain.png
Component: component_1755502146739_377.png
centerX: 0.7807335751713019
centerY: 0.6142001710863987
width: 0.017331721080209594
height: 0.031936127744510975
Area: 0.0002230812170787118
CentroidX: 0.7912
CentroidY: 0.6272
