Location: internet_5.png_Mean-Medain.png
Component: component_1755094087408_246.png
centerX: 0.4735993550987505
centerY: 0.7308240661534074
width: 0.03788794840790004
height: 0.02879954376960365
Area: 0.0003712273730882221
CentroidX: 0.4954
CentroidY: 0.7419
