Location: Dedata_33.png_Gaussian-Closing.png
Component: component_1755502147295_296.png
centerX: 0.6178960096735188
centerY: 0.5269461077844312
width: 0.018540910923014912
height: 0.0290846877673225
Area: 0.0002559515046029321
CentroidX: 0.6290
CentroidY: 0.5385
