Location: Dedata_33.png_Gaussian-Closing.png
Component: component_1755502147333_413.png
centerX: 0.5844417573559049
centerY: 0.7331052181351583
width: 0.019750100765820233
height: 0.03849443969204448
Area: 0.00027939744395587247
CentroidX: 0.5969
CentroidY: 0.7489
