Location: Dedata_33.png_Gaussian-Closing.png
Component: component_1755502147149_61.png
centerX: 0.4026602176541717
centerY: 0.09637867122897063
width: 0.027005239822652155
height: 0.029369831765041345
Area: 0.00025342302094722287
CentroidX: 0.4171
CentroidY: 0.1060
