Location: internet_5.png_Mean-Medain.png
Component: component_1755094087407_242.png
centerX: 0.6614268440145102
centerY: 0.7265469061876247
width: 0.04796453043127771
height: 0.029654975762760195
Area: 0.0004600690942638245
CentroidX: 0.6888
CentroidY: 0.7369
