Location: Samociqulo_1709_page_10.png_Gaussian-Median.png
Component: component_1755610056223_2099.png
centerX: 0.7656019656019656
centerY: 0.4903125
width: 0.022113022113022112
height: 0.0134375
Area: 0.00012607493857493858
CentroidX: 0.7773
CentroidY: 0.4950
