Location: Dedata_33.png_Mean-Medain.png
Component: component_1755502146693_144.png
centerX: 0.3841193067311568
centerY: 0.23809523809523808
width: 0.018540910923014912
height: 0.03165098374679213
Area: 0.0002469868807326902
CentroidX: 0.3942
CentroidY: 0.2501
