Location: internet_5.png_Mean-Closing.png
Component: component_1755094087513_218.png
centerX: 0.7428456267634018
centerY: 0.6646706586826348
width: 0.04836759371221282
height: 0.03421727972626176
Area: 0.00046121840501641965
CentroidX: 0.7676
CentroidY: 0.6796
