Location: internet_5.png_Mean-Medain.png
Component: component_1755094087404_232.png
centerX: 0.33575171301894396
centerY: 0.6812090105503279
width: 0.044740024183796856
height: 0.03877958368976333
Area: 0.0006018940411340617
CentroidX: 0.3581
CentroidY: 0.6986
