Location: internet_5.png_Gaussian-Closing.png
Component: component_1755094087648_220.png
centerX: 0.8540910923014914
centerY: 0.6643855146849159
width: 0.041112454655380895
height: 0.029940119760479042
Area: 0.00043225577405102276
CentroidX: 0.8771
CentroidY: 0.6776
