Location: internet_5.png_Mean-Closing.png
Component: component_1755094087519_243.png
centerX: 0.4735993550987505
centerY: 0.7308240661534074
width: 0.03788794840790004
height: 0.02879954376960365
Area: 0.00037053778663666503
CentroidX: 0.4954
CentroidY: 0.7419
