Location: Samociqulo_1709_page_10.png_Gaussian-Median.png
Component: component_1755610056205_1936.png
centerX: 0.7341523341523342
centerY: 0.438125
width: 0.02457002457002457
height: 0.010625
Area: 0.00013098894348894348
CentroidX: 0.7474
CentroidY: 0.4420
