Location: Dedata_33.png_Gaussian-Median.png
Component: component_1755502146844_160.png
centerX: 0.13381700927045545
centerY: 0.24664955802680352
width: 0.022974607013301087
height: 0.03592814371257485
Area: 0.00027997209933217
CentroidX: 0.1454
CentroidY: 0.2604
