Location: internet_5.png_Gaussian-Closing.png
Component: component_1755094087629_148.png
centerX: 0.32930270052398225
centerY: 0.4262902765896778
width: 0.035872632003224506
height: 0.03022526375819789
Area: 0.0004131772155579438
CentroidX: 0.3487
CentroidY: 0.4388
