Location: Dedata_33.png_Mean-Closing.png
Component: component_1755502147449_222.png
centerX: 0.294236195082628
centerY: 0.39093242087254065
width: 0.02176541717049577
height: 0.03507271171941831
Area: 0.00028617837739618364
CentroidX: 0.3064
CentroidY: 0.4040
