Location: Dedata_33.png_Mean-Medain.png
Component: component_1755502146672_41.png
centerX: 0.1539701733172108
centerY: 0.05645851154833191
width: 0.029423619508262798
height: 0.03165098374679213
Area: 0.00034973526201469347
CentroidX: 0.1676
CentroidY: 0.0697
