Location: Dedata_33.png_Gaussian-Median.png
Component: component_1755502146835_124.png
centerX: 0.2079806529625151
centerY: 0.19076133447390933
width: 0.023377670294236194
height: 0.03507271171941831
Area: 0.00027215678621452324
CentroidX: 0.2205
CentroidY: 0.2044
