Location: internet_5.png_Gaussian-Median.png
Component: component_1755094087033_125.png
centerX: 0.07376058041112454
centerY: 0.33105218135158254
width: 0.04070939137444579
height: 0.031080695751354435
Area: 0.000489376518455
CentroidX: 0.0959
CentroidY: 0.3428
