Location: Dedata_33.png_Mean-Medain.png
Component: component_1755502146674_50.png
centerX: 0.9568722289399436
centerY: 0.0926717992586256
width: 0.018137847642079808
height: 0.036213287710293696
Area: 0.00023124132342213714
CentroidX: 0.9654
CentroidY: 0.1071
