Location: Dedata_33.png_Gaussian-Closing.png
Component: component_1755502147298_302.png
centerX: 0.5135026199113261
centerY: 0.5360707157114343
width: 0.022168480451430876
height: 0.03222127174222983
Area: 0.0002120478338537987
CentroidX: 0.5288
CentroidY: 0.5480
