Location: Dedata_33.png_Mean-Medain.png
Component: component_1755502146707_212.png
centerX: 0.14953647722692462
centerY: 0.34587966923296265
width: 0.026602176541717048
height: 0.0290846877673225
Area: 0.0002536528830977419
CentroidX: 0.1661
CentroidY: 0.3568
