Location: Dedata_33.png_Gaussian-Closing.png
Component: component_1755502147061_13.png
centerX: 0.5723498589278516
centerY: 0.010265183917878529
width: 0.025796049979846837
height: 0.03421727972626176
Area: 0.00031410662868424494
CentroidX: 0.5845
CentroidY: 0.0233
