Location: Dedata_33.png_Gaussian-Closing.png
Component: component_1755502147214_124.png
centerX: 0.77347843611447
centerY: 0.22640433418876532
width: 0.019750100765820233
height: 0.03279155973766752
Area: 0.00021331207568165333
CentroidX: 0.7839
CentroidY: 0.2389
