Location: Dedata_33.png_Gaussian-Closing.png
Component: component_1755502147297_301.png
centerX: 0.47682386134623134
centerY: 0.5355004277159966
width: 0.017331721080209594
height: 0.035357855717137156
Area: 0.00022032287127248353
CentroidX: 0.4883
CentroidY: 0.5496
