Location: Dedata_33.png_Gaussian-Median.png
Component: component_1755502146841_144.png
centerX: 0.49455864570737607
centerY: 0.23267750213858
width: 0.020556227327690448
height: 0.03649843170801255
Area: 0.00027652416707438465
CentroidX: 0.5057
CentroidY: 0.2466
