Location: Dedata_33.png_Gaussian-Closing.png
Component: component_1755502147314_365.png
centerX: 0.2777106005642886
centerY: 0.6487025948103793
width: 0.019750100765820233
height: 0.039064727687482176
Area: 0.0002850290666435885
CentroidX: 0.2904
CentroidY: 0.6646
