Location: Dedata_33.png_Gaussian-Median.png
Component: component_1755502146812_16.png
centerX: 0.6952841596130592
centerY: 0.010265183917878529
width: 0.024586860137041516
height: 0.036213287710293696
Area: 0.0003196233202967015
CentroidX: 0.7054
CentroidY: 0.0247
