Location: Dedata_33.png_Gaussian-Closing.png
Component: component_1755502147299_306.png
centerX: 0.3639661426844015
centerY: 0.5389221556886228
width: 0.019347037484885126
height: 0.03222127174222983
Area: 0.00023583856643251758
CentroidX: 0.3766
CentroidY: 0.5515
