Location: Dedata_33.png_Gaussian-Closing.png
Component: component_1755502147271_217.png
centerX: 0.6195082627972591
centerY: 0.37097234103222126
width: 0.023377670294236194
height: 0.038209295694325636
Area: 0.00024756153610898775
CentroidX: 0.6331
CentroidY: 0.3856
