Location: internet_5.png_Mean-Closing.png
Component: component_1755094087475_46.png
centerX: 0.30390971382507054
centerY: 0.11548331907613345
width: 0.04232164449818621
height: 0.03649843170801255
Area: 0.000735443950585614
CentroidX: 0.3260
CentroidY: 0.1312
