Location: Dedata_33.png_Mean-Closing.png
Component: component_1755502147420_119.png
centerX: 0.9129383313180169
centerY: 0.22611919019104648
width: 0.023377670294236194
height: 0.03022526375819789
Area: 0.0002490556400873614
CentroidX: 0.9258
CentroidY: 0.2370
