Location: Dedata_33.png_Mean-Medain.png
Component: component_1755502146697_165.png
centerX: 0.634018540910923
centerY: 0.27345309381237526
width: 0.029423619508262798
height: 0.030795551753635585
Area: 0.0003342195668546594
CentroidX: 0.6519
CentroidY: 0.2845
