Location: Dedata_33.png_Mean-Closing.png
Component: component_1755502147696_387.png
centerX: 0.2535268037081822
centerY: 0.7040205303678357
width: 0.022974607013301087
height: 0.03877958368976333
Area: 0.0002969818984705777
CentroidX: 0.2678
CentroidY: 0.7186
