Location: Paraklitoni_1720_page_10.png_Mean-Medain.png
Component: component_1755610055203_263.png
centerX: 0.6905487804878049
centerY: 0.09824561403508772
width: 0.013719512195121951
height: 0.010526315789473684
Area: 7.679259123418302e-05
CentroidX: 0.6982
CentroidY: 0.1020
