Location: Dedata_33.png_Mean-Medain.png
Component: component_1755502146684_101.png
centerX: 0.017331721080209594
centerY: 0.1497005988023952
width: 0.020959290608625555
height: 0.03421727972626176
Area: 0.00024342401739964534
CentroidX: 0.0293
CentroidY: 0.1624
