Location: Dedata_33.png_Mean-Closing.png
Component: component_1755502147440_211.png
centerX: 0.6195082627972591
centerY: 0.37097234103222126
width: 0.0237807335751713
height: 0.038209295694325636
Area: 0.0002448031903027595
CentroidX: 0.6331
CentroidY: 0.3849
