Location: Dedata_33.png_Gaussian-Closing.png
Component: component_1755502147278_241.png
centerX: 0.7968561064087062
centerY: 0.4168805246649558
width: 0.02176541717049577
height: 0.035357855717137156
Area: 0.0003122677314800927
CentroidX: 0.8083
CentroidY: 0.4299
