Location: Dedata_33.png_Gaussian-Median.png
Component: component_1755502146912_423.png
centerX: 0.8295042321644498
centerY: 0.6635300826917594
width: 0.020959290608625555
height: 0.033932135728542916
Area: 0.00025721574643078674
CentroidX: 0.8411
CentroidY: 0.6770
