Location: internet_5.png_Mean-Medain.png
Component: component_1755094087383_156.png
centerX: 0.9242241031841999
centerY: 0.44568006843455943
width: 0.05038291011688835
height: 0.03450242372398061
Area: 0.000554542438127143
CentroidX: 0.9519
CentroidY: 0.4590
