Location: internet_5.png_Gaussian-Closing.png
Component: component_1755094087710_266.png
centerX: 0.18903667875856509
centerY: 0.7978329056173368
width: 0.03909713825070536
height: 0.0290846877673225
Area: 0.0003676645097551773
CentroidX: 0.2104
CentroidY: 0.8105
