Location: internet_5.png_Mean-Closing.png
Component: component_1755094087511_208.png
centerX: 0.5493752519145506
centerY: 0.6218990590248076
width: 0.03909713825070536
height: 0.02737382378100941
Area: 0.0004424846397491193
CentroidX: 0.5714
CentroidY: 0.6331
