Location: Dedata_33.png_Mean-Closing.png
Component: component_1755502147412_86.png
centerX: 0.34461910519951633
centerY: 0.14029084687767324
width: 0.018137847642079808
height: 0.03165098374679213
Area: 0.0002427344309480883
CentroidX: 0.3544
CentroidY: 0.1526
