Location: Dedata_33.png_Gaussian-Closing.png
Component: component_1755502147243_172.png
centerX: 0.09230149133413947
centerY: 0.29455374964357
width: 0.0177347843611447
height: 0.032506415739948676
Area: 0.00021250755815483677
CentroidX: 0.1017
CentroidY: 0.3074
