Location: internet_5.png_Gaussian-Median.png
Component: component_1755094087060_251.png
centerX: 0.7799274486094316
centerY: 0.7239806102081551
width: 0.04030632809351068
height: 0.03279155973766752
Area: 0.0004925945885622663
CentroidX: 0.8002
CentroidY: 0.7376
