Location: Dedata_33.png_Gaussian-Closing.png
Component: component_1755502147273_222.png
centerX: 0.44216041918581217
centerY: 0.3812375249500998
width: 0.0237807335751713
height: 0.036783575705731396
Area: 0.0002487108468615829
CentroidX: 0.4545
CentroidY: 0.3950
