Location: internet_5.png_Mean-Closing.png
Component: component_1755094087467_10.png
centerX: 0.07013301088270858
centerY: 0.00855431993156544
width: 0.04514308746473196
height: 0.036213287710293696
Area: 0.00064936057521624
CentroidX: 0.0976
CentroidY: 0.0217
