Location: internet_5.png_Mean-Medain.png
Component: component_1755094087341_77.png
centerX: 0.5070536074163644
centerY: 0.21813515825491872
width: 0.04312777106005643
height: 0.027088679783290562
Area: 0.0004844344822188409
CentroidX: 0.5314
CentroidY: 0.2282
