Location: Dedata_33.png_Mean-Medain.png
Component: component_1755502146669_27.png
centerX: 0.8540910923014914
centerY: 0.05132591958939264
width: 0.03426037887948408
height: 0.03051040775591674
Area: 0.0004045573849134805
CentroidX: 0.8716
CentroidY: 0.0627
