Location: Dedata_33.png_Gaussian-Median.png
Component: component_1755502146919_441.png
centerX: 0.28738411930673113
centerY: 0.7031650983746792
width: 0.022168480451430876
height: 0.030795551753635585
Area: 0.0002448031903027595
CentroidX: 0.3006
CentroidY: 0.7152
