Location: Dedata_33.png_Mean-Medain.png
Component: component_1755502146672_45.png
centerX: 0.6513502619911327
centerY: 0.0575990875392073
width: 0.021362353889560662
height: 0.029369831765041345
Area: 0.0002670998189031047
CentroidX: 0.6607
CentroidY: 0.0691
