Location: Dedata_33.png_Mean-Closing.png
Component: component_1755502147436_196.png
centerX: 0.18540910923014914
centerY: 0.3435985172512119
width: 0.030229746070133012
height: 0.03022526375819789
Area: 0.00027813320212801784
CentroidX: 0.2048
CentroidY: 0.3539
