Location: Dedata_33.png_Mean-Closing.png
Component: component_1755502147430_164.png
centerX: 0.2668278919790407
centerY: 0.28771029369831763
width: 0.024586860137041516
height: 0.034787567721699456
Area: 0.0002518139858935897
CentroidX: 0.2807
CentroidY: 0.3009
