Location: Dedata_33.png_Mean-Medain.png
Component: component_1755502146702_191.png
centerX: 0.7980652962515115
centerY: 0.3142286854861705
width: 0.0177347843611447
height: 0.03022526375819789
Area: 0.0002138867310579509
CentroidX: 0.8084
CentroidY: 0.3264
