Location: Dedata_33.png_Mean-Medain.png
Component: component_1755502146680_70.png
centerX: 0.016122531237404272
centerY: 0.10578842315369262
width: 0.019347037484885126
height: 0.026803535785571715
Area: 0.0001889466877266369
CentroidX: 0.0256
CentroidY: 0.1154
