Location: Dedata_33.png_Gaussian-Median.png
Component: component_1755502146854_174.png
centerX: 0.5352680370818218
centerY: 0.27773025377815796
width: 0.02176541717049577
height: 0.03421727972626176
Area: 0.00023825211901296734
CentroidX: 0.5483
CentroidY: 0.2910
