Location: Kurtxevani_1764_page_10.png_Otsu.png
Component: component_1755610055902_1049.png
centerX: 0.540453074433657
centerY: 0.3877455565949485
width: 0.018770226537216828
height: 0.01683816651075772
Area: 0.00016347734476463804
CentroidX: 0.5513
CentroidY: 0.3942
