Location: Dedata_33.png_Gaussian-Median.png
Component: component_1755502146867_242.png
centerX: 0.619105199516324
centerY: 0.37097234103222126
width: 0.0237807335751713
height: 0.038209295694325636
Area: 0.00025629629782871063
CentroidX: 0.6331
CentroidY: 0.3860
