Location: Dedata_33.png_Gaussian-Median.png
Component: component_1755502146886_323.png
centerX: 0.43611446997178555
centerY: 0.4844596521243228
width: 0.022974607013301087
height: 0.032506415739948676
Area: 0.0003243354943823414
CentroidX: 0.4494
CentroidY: 0.4968
