Location: Samociqulo_1709_page_10.png_Gaussian-Median.png
Component: component_1755610056180_1702.png
centerX: 0.5533169533169533
centerY: 0.3575
width: 0.02506142506142506
height: 0.01125
Area: 0.0001226965601965602
CentroidX: 0.5668
CentroidY: 0.3617
