Location: Dedata_33.png_Mean-Closing.png
Component: component_1755502147704_417.png
centerX: 0.2736799677549375
centerY: 0.7584830339321357
width: 0.021362353889560662
height: 0.039635015682919876
Area: 0.00029847600244895135
CentroidX: 0.2869
CentroidY: 0.7746
