Location: Dedata_33.png_Mean-Closing.png
Component: component_1755502147414_92.png
centerX: 0.0177347843611447
centerY: 0.1497005988023952
width: 0.020556227327690448
height: 0.03421727972626176
Area: 0.0002368729461098532
CentroidX: 0.0293
CentroidY: 0.1625
