Location: Samociqulo_1709_page_10.png_Gaussian-Median.png
Component: component_1755610056188_1786.png
centerX: 0.7071253071253071
centerY: 0.3840625
width: 0.025552825552825554
height: 0.0128125
Area: 0.00015264127764127764
CentroidX: 0.7204
CentroidY: 0.3889
