Location: Dedata_33.png_Gaussian-Median.png
Component: component_1755502146908_406.png
centerX: 0.5388956066102378
centerY: 0.6270316509837468
width: 0.01652559451833938
height: 0.038209295694325636
Area: 0.00027227171728978273
CentroidX: 0.5493
CentroidY: 0.6427
