Location: Dedata_33.png_Gaussian-Closing.png
Component: component_1755502147295_295.png
centerX: 0.7259169689641274
centerY: 0.5249500998003992
width: 0.015719467956469165
height: 0.03222127174222983
Area: 0.00023721773933563171
CentroidX: 0.7353
CentroidY: 0.5381
