Location: Dedata_33.png_Mean-Medain.png
Component: component_1755502146715_274.png
centerX: 0.6279725916968965
centerY: 0.4248645566010835
width: 0.01894397420395002
height: 0.03735386370116909
Area: 0.00032617439158649363
CentroidX: 0.6380
CentroidY: 0.4393
