Location: internet_5.png_Gaussian-Median.png
Component: component_1755094087018_54.png
centerX: 0.9137444578798871
centerY: 0.15426290276589677
width: 0.04030632809351068
height: 0.026803535785571715
Area: 0.0004291526350190159
CentroidX: 0.9368
CentroidY: 0.1642
