Location: Dedata_33.png_Gaussian-Closing.png
Component: component_1755502147309_347.png
centerX: 0.8089480048367593
centerY: 0.6136298830909609
width: 0.01894397420395002
height: 0.03450242372398061
Area: 0.00023848198116348636
CentroidX: 0.8212
CentroidY: 0.6265
