Location: Dedata_33.png_Gaussian-Median.png
Component: component_1755502146886_326.png
centerX: 0.24022571543732366
centerY: 0.49358426005132594
width: 0.02418379685610641
height: 0.03421727972626176
Area: 0.0003273237023390887
CentroidX: 0.2548
CentroidY: 0.5063
