Location: Dedata_33.png_Mean-Closing.png
Component: component_1755502147419_115.png
centerX: 0.08907698508665861
centerY: 0.19988594240091245
width: 0.019347037484885126
height: 0.032506415739948676
Area: 0.00024365387955016437
CentroidX: 0.0993
CentroidY: 0.2123
