Location: Dedata_33.png_Mean-Closing.png
Component: component_1755502147426_143.png
centerX: 0.094316807738815
centerY: 0.2512118619903051
width: 0.020959290608625555
height: 0.031080695751354435
Area: 0.00023181597879843468
CentroidX: 0.1053
CentroidY: 0.2624
