Location: internet_5.png_Mean-Closing.png
Component: component_1755094087490_118.png
centerX: 0.12494961708988311
centerY: 0.32848588537211293
width: 0.03829101168883515
height: 0.031080695751354435
Area: 0.000490755691358114
CentroidX: 0.1476
CentroidY: 0.3395
