Location: internet_5.png_Gaussian-Closing.png
Component: component_1755094087590_25.png
centerX: 0.3063280935106812
centerY: 0.058169375534645
width: 0.03788794840790004
height: 0.03450242372398061
Area: 0.0006012044546825046
CentroidX: 0.3289
CentroidY: 0.0716
