Location: Dedata_33.png_Mean-Closing.png
Component: component_1755502147668_304.png
centerX: 0.19588875453446192
centerY: 0.5503279155973767
width: 0.02015316404675534
height: 0.03022526375819789
Area: 0.0002208975266487811
CentroidX: 0.2082
CentroidY: 0.5620
