Location: Dedata_33.png_Mean-Closing.png
Component: component_1755502147441_216.png
centerX: 0.44216041918581217
centerY: 0.3812375249500998
width: 0.0237807335751713
height: 0.03649843170801255
Area: 0.0002546872627750775
CentroidX: 0.4546
CentroidY: 0.3944
