Location: Dedata_33.png_Gaussian-Median.png
Component: component_1755502146921_450.png
centerX: 0.8432083837162434
centerY: 0.7151411462788708
width: 0.019347037484885126
height: 0.039635015682919876
Area: 0.0002690536471825164
CentroidX: 0.8544
CentroidY: 0.7307
