Location: Dedata_33.png_Mean-Medain.png
Component: component_1755502146664_3.png
centerX: 0.8629584844820637
centerY: 0.008839463929284289
width: 0.0237807335751713
height: 0.03165098374679213
Area: 0.00026928350933303543
CentroidX: 0.8743
CentroidY: 0.0202
