Location: Dedata_33.png_Mean-Medain.png
Component: component_1755502146689_124.png
centerX: 0.12696493349455865
centerY: 0.19674935842600513
width: 0.022168480451430876
height: 0.039064727687482176
Area: 0.0002941086215890899
CentroidX: 0.1385
CentroidY: 0.2118
