Location: Dedata_33.png_Gaussian-Median.png
Component: component_1755502146819_44.png
centerX: 0.1539701733172108
centerY: 0.05645851154833191
width: 0.029423619508262798
height: 0.03165098374679213
Area: 0.00033674805051036867
CentroidX: 0.1676
CentroidY: 0.0697
