Location: internet_5.png_Mean-Closing.png
Component: component_1755094087510_203.png
centerX: 0.7887948407900041
centerY: 0.6139150270886797
width: 0.03869407496977025
height: 0.031080695751354435
Area: 0.0004537478851245514
CentroidX: 0.8111
CentroidY: 0.6262
