Location: Dedata_33.png_Mean-Closing.png
Component: component_1755502147691_377.png
centerX: 0.5751713018943975
centerY: 0.6780724265754206
width: 0.02015316404675534
height: 0.03364699173082407
Area: 0.00025526191815137503
CentroidX: 0.5873
CentroidY: 0.6913
