Location: Dedata_33.png_Mean-Closing.png
Component: component_1755502147405_56.png
centerX: 0.2893994357114067
centerY: 0.09580838323353294
width: 0.01652559451833938
height: 0.033361847733105215
Area: 0.00020354293428459486
CentroidX: 0.2968
CentroidY: 0.1083
