Location: internet_5.png_Mean-Medain.png
Component: component_1755094087375_131.png
centerX: 0.37726723095526
centerY: 0.37097234103222126
width: 0.041515517936316
height: 0.02566295979469632
Area: 0.000410074076525937
CentroidX: 0.3998
CentroidY: 0.3809
