Location: internet_5.png_Gaussian-Median.png
Component: component_1755094087059_248.png
centerX: 0.890769850866586
centerY: 0.72027373823781
width: 0.03788794840790004
height: 0.029654975762760195
Area: 0.00039731672717213125
CentroidX: 0.9114
CentroidY: 0.7328
