Location: Dedata_33.png_Gaussian-Closing.png
Component: component_1755502147230_138.png
centerX: 0.3550987505038291
centerY: 0.2392358140861135
width: 0.019347037484885126
height: 0.03507271171941831
Area: 0.00028284537621365777
CentroidX: 0.3654
CentroidY: 0.2531
