Location: Dedata_33.png_Gaussian-Closing.png
Component: component_1755502147338_433.png
centerX: 0.019750100765820233
centerY: 0.7795836897633305
width: 0.021362353889560662
height: 0.03364699173082407
Area: 0.00028284537621365777
CentroidX: 0.0331
CentroidY: 0.7928
