Location: internet_5.png_Gaussian-Median.png
Component: component_1755094087064_271.png
centerX: 0.7259169689641274
centerY: 0.7832905617336755
width: 0.03667875856509472
height: 0.026518391787852865
Area: 0.0003661704057768036
CentroidX: 0.7469
CentroidY: 0.7932
