Location: Dedata_33.png_Mean-Closing.png
Component: component_1755502147462_227.png
centerX: 0.966142684401451
centerY: 0.4069004847447961
width: 0.023377670294236194
height: 0.03649843170801255
Area: 0.0003190486649204039
CentroidX: 0.9785
CentroidY: 0.4208
