Location: Dedata_33.png_Mean-Closing.png
Component: component_1755502147669_311.png
centerX: 0.8972188633615478
centerY: 0.5637296834901625
width: 0.014913341394598953
height: 0.03706871970345024
Area: 0.00024124032696971464
CentroidX: 0.9061
CentroidY: 0.5781
