Location: Dedata_33.png_Gaussian-Closing.png
Component: component_1755502147297_300.png
centerX: 0.5501813784764208
centerY: 0.5349301397205589
width: 0.01894397420395002
height: 0.031080695751354435
Area: 0.0001979113115968788
CentroidX: 0.5629
CentroidY: 0.5467
