Location: Dedata_33.png_Mean-Medain.png
Component: component_1755502146667_19.png
centerX: 0.11930673115679162
centerY: 0.010835471913316224
width: 0.024586860137041516
height: 0.031936127744510975
Area: 0.0002822707208373602
CentroidX: 0.1308
CentroidY: 0.0226
