Location: Dedata_33.png_Gaussian-Median.png
Component: component_1755502146818_39.png
centerX: 0.9508262797259169
centerY: 0.05389221556886228
width: 0.02902055622732769
height: 0.034787567721699456
Area: 0.00033180601427420966
CentroidX: 0.9633
CentroidY: 0.0663
