Location: Dedata_33.png_Gaussian-Median.png
Component: component_1755502146914_428.png
centerX: 0.7557436517533253
centerY: 0.6706586826347305
width: 0.02176541717049577
height: 0.033361847733105215
Area: 0.00023721773933563171
CentroidX: 0.7688
CentroidY: 0.6838
