Location: internet_5.png_Mean-Closing.png
Component: component_1755094087482_76.png
centerX: 0.5074566706972995
centerY: 0.21813515825491872
width: 0.04232164449818621
height: 0.027088679783290562
Area: 0.00048431955114358144
CentroidX: 0.5314
CentroidY: 0.2282
