Location: internet_5.png_Gaussian-Closing.png
Component: component_1755094087628_145.png
centerX: 0.5570334542523177
centerY: 0.41830624465355004
width: 0.037081821846029824
height: 0.02737382378100941
Area: 0.000404902178139259
CentroidX: 0.5779
CentroidY: 0.4293
