Location: Dedata_33.png_Mean-Medain.png
Component: component_1755502146666_13.png
centerX: 0.39983877468762596
centerY: 0.010550327915597377
width: 0.020959290608625555
height: 0.028514399771884802
Area: 0.00026043381653805307
CentroidX: 0.4100
CentroidY: 0.0219
