Location: internet_5.png_Mean-Closing.png
Component: component_1755094087517_234.png
centerX: 0.13139862958484483
centerY: 0.6900484744796122
width: 0.04836759371221282
height: 0.03222127174222983
Area: 0.0004840896889930624
CentroidX: 0.1579
CentroidY: 0.7030
