Location: internet_5.png_Mean-Medain.png
Component: component_1755094087308_38.png
centerX: 0.6086255542120113
centerY: 0.10978043912175649
width: 0.03426037887948408
height: 0.028514399771884802
Area: 0.0004920199331859687
CentroidX: 0.6284
CentroidY: 0.1211
