Location: internet_5.png_Gaussian-Median.png
Component: component_1755094087055_229.png
centerX: 0.13583232567513098
centerY: 0.6384374108925007
width: 0.04030632809351068
height: 0.02566295979469632
Area: 0.00038777744792559176
CentroidX: 0.1583
CentroidY: 0.6479
