Location: Dedata_33.png_Gaussian-Median.png
Component: component_1755502146877_298.png
centerX: 0.33091495364772266
centerY: 0.43826632449386943
width: 0.021362353889560662
height: 0.03792415169660679
Area: 0.000330082048145317
CentroidX: 0.3437
CentroidY: 0.4528
