Location: Dedata_33.png_Gaussian-Median.png
Component: component_1755502146812_12.png
centerX: 0.44417573559048773
centerY: 0.010550327915597377
width: 0.0237807335751713
height: 0.031080695751354435
Area: 0.0002859485152456646
CentroidX: 0.4557
CentroidY: 0.0223
