Location: Kurtxevani_1784_page_10.png_Gaussian-Closing.png
Component: component_1755610055718_149.png
centerX: 0.11948331539289558
centerY: 0.1752988047808765
width: 0.0193756727664155
height: 0.019123505976095617
Area: 0.00017154203423121292
CentroidX: 0.1306
CentroidY: 0.1826
