Location: Dedata_33.png_Mean-Closing.png
Component: component_1755502147402_43.png
centerX: 0.10802095929060862
centerY: 0.05788423153692615
width: 0.02418379685610641
height: 0.03222127174222983
Area: 0.0003196233202967015
CentroidX: 0.1185
CentroidY: 0.0708
