Location: Dedata_33.png_Mean-Closing.png
Component: component_1755502147410_77.png
centerX: 0.230149133413946
centerY: 0.13829483889364128
width: 0.020959290608625555
height: 0.03421727972626176
Area: 0.00025319315879670384
CentroidX: 0.2413
CentroidY: 0.1512
