Location: internet_5.png_Mean-Medain.png
Component: component_1755094087412_267.png
centerX: 0.18903667875856509
centerY: 0.7975477616196179
width: 0.03909713825070536
height: 0.029369831765041345
Area: 0.0003929493463122698
CentroidX: 0.2105
CentroidY: 0.8105
