Location: Dedata_33.png_Mean-Closing.png
Component: component_1755502147674_330.png
centerX: 0.3365578395808142
centerY: 0.592814371257485
width: 0.022974607013301087
height: 0.03307670373538637
Area: 0.00026089354083909107
CentroidX: 0.3505
CentroidY: 0.6050
