Location: Dedata_33.png_Mean-Closing.png
Component: component_1755502147541_274.png
centerX: 0.24022571543732366
centerY: 0.49358426005132594
width: 0.024586860137041516
height: 0.03421727972626176
Area: 0.00033410463577939994
CentroidX: 0.2547
CentroidY: 0.5061
