Location: internet_5.png_Gaussian-Closing.png
Component: component_1755094087636_177.png
centerX: 0.5392986698911729
centerY: 0.5163957798688338
width: 0.041515517936316
height: 0.029654975762760195
Area: 0.00044938050426468994
CentroidX: 0.5633
CentroidY: 0.5269
