Location: Dedata_33.png_Gaussian-Closing.png
Component: component_1755502147233_147.png
centerX: 0.024989923417976623
centerY: 0.2537781579697747
width: 0.016928657799274487
height: 0.028229255774165955
Area: 0.00020986414342386798
CentroidX: 0.0347
CentroidY: 0.2654
