Location: Dedata_33.png_Mean-Medain.png
Component: component_1755502146715_269.png
centerX: 0.7255139056831923
centerY: 0.41944682064442546
width: 0.022974607013301087
height: 0.038209295694325636
Area: 0.000335024084381476
CentroidX: 0.7388
CentroidY: 0.4336
