Location: Dedata_33.png_Mean-Medain.png
Component: component_1755502146708_216.png
centerX: 0.9028617492946392
centerY: 0.36127744510978044
width: 0.021362353889560662
height: 0.035642999714856
Area: 0.0002469868807326902
CentroidX: 0.9136
CentroidY: 0.3744
