Location: Dedata_33.png_Mean-Closing.png
Component: component_1755502147615_283.png
centerX: 0.9242241031841999
centerY: 0.5166809238665526
width: 0.02015316404675534
height: 0.03222127174222983
Area: 0.0002543424695492989
CentroidX: 0.9368
CentroidY: 0.5287
