Location: Dedata_33.png_Gaussian-Median.png
Component: component_1755502146828_85.png
centerX: 0.230149133413946
centerY: 0.13829483889364128
width: 0.020556227327690448
height: 0.03507271171941831
Area: 0.0002430792241738668
CentroidX: 0.2413
CentroidY: 0.1515
