Location: Dedata_33.png_Gaussian-Median.png
Component: component_1755502146925_462.png
centerX: 0.5840386940749698
centerY: 0.7328200741374394
width: 0.020556227327690448
height: 0.03877958368976333
Area: 0.00028353496266521485
CentroidX: 0.5969
CentroidY: 0.7490
