Location: Dedata_33.png_Mean-Medain.png
Component: component_1755502146664_6.png
centerX: 0.7767029423619508
centerY: 0.009124607927003137
width: 0.024989923417976623
height: 0.033932135728542916
Area: 0.0003212323553503346
CentroidX: 0.7876
CentroidY: 0.0224
