Location: Dedata_33.png_Gaussian-Median.png
Component: component_1755502146828_86.png
centerX: 0.8089480048367593
centerY: 0.13800969489592244
width: 0.02257154373236598
height: 0.03421727972626176
Area: 0.0002519289169688492
CentroidX: 0.8191
CentroidY: 0.1515
