Location: internet_5.png_Gaussian-Median.png
Component: component_1755094087034_126.png
centerX: 0.022974607013301087
centerY: 0.3341887653264899
width: 0.035872632003224506
height: 0.03222127174222983
Area: 0.0004927095196375257
CentroidX: 0.0450
CentroidY: 0.3465
