Location: Dedata_33.png_Mean-Closing.png
Component: component_1755502147695_382.png
centerX: 0.41878274889157596
centerY: 0.6920444824636441
width: 0.021362353889560662
height: 0.03592814371257485
Area: 0.00028537385986936707
CentroidX: 0.4321
CentroidY: 0.7058
