Location: Dedata_33.png_Mean-Closing.png
Component: component_1755502147669_312.png
centerX: 0.9274486094316807
centerY: 0.5642999714856002
width: 0.0177347843611447
height: 0.029369831765041345
Area: 0.00022514997643338302
CentroidX: 0.9368
CentroidY: 0.5750
