Location: Dedata_33.png_Gaussian-Median.png
Component: component_1755502146863_212.png
centerX: 0.4482063683998388
centerY: 0.33219275734245796
width: 0.022168480451430876
height: 0.031080695751354435
Area: 0.00021170304062802017
CentroidX: 0.4612
CentroidY: 0.3438
