Location: Dedata_33.png_Mean-Medain.png
Component: component_1755502146728_330.png
centerX: 0.47682386134623134
centerY: 0.5355004277159966
width: 0.017331721080209594
height: 0.035357855717137156
Area: 0.00022342601030449035
CentroidX: 0.4882
CentroidY: 0.5493
