Location: Dedata_33.png_Mean-Closing.png
Component: component_1755502147437_201.png
centerX: 0.02015316404675534
centerY: 0.3478756772169946
width: 0.02902055622732769
height: 0.04733390362132877
Area: 0.0004312213943736871
CentroidX: 0.0364
CentroidY: 0.3661
