Location: internet_5.png_Mean-Closing.png
Component: component_1755094087481_71.png
centerX: 0.7900040306328093
centerY: 0.20473339036213287
width: 0.04070939137444579
height: 0.029654975762760195
Area: 0.0005074206972707433
CentroidX: 0.8106
CentroidY: 0.2171
