Location: Dedata_33.png_Mean-Medain.png
Component: component_1755502146690_128.png
centerX: 0.9484079000403063
centerY: 0.2244083262047334
width: 0.019347037484885126
height: 0.03450242372398061
Area: 0.0002430792241738668
CentroidX: 0.9589
CentroidY: 0.2376
