Location: Dedata_33.png_Gaussian-Median.png
Component: component_1755502146904_393.png
centerX: 0.0475614671503426
centerY: 0.6119190191046479
width: 0.022168480451430876
height: 0.03421727972626176
Area: 0.0002618129894411672
CentroidX: 0.0620
CentroidY: 0.6251
