Location: internet_5.png_Gaussian-Closing.png
Component: component_1755094087654_227.png
centerX: 0.5135026199113261
centerY: 0.6743655546050755
width: 0.03909713825070536
height: 0.030795551753635585
Area: 0.000424900185234414
CentroidX: 0.5355
CentroidY: 0.6868
