Location: Dedata_33.png_Mean-Medain.png
Component: component_1755502146729_335.png
centerX: 0.3305118903667876
centerY: 0.5426290276589678
width: 0.018540910923014912
height: 0.030795551753635585
Area: 0.0002159554904126221
CentroidX: 0.3426
CentroidY: 0.5548
