Location: Dedata_33.png_Gaussian-Median.png
Component: component_1755502146929_476.png
centerX: 0.19871019750100766
centerY: 0.7661819218705447
width: 0.01894397420395002
height: 0.03735386370116909
Area: 0.00029744162277161576
CentroidX: 0.2098
CentroidY: 0.7818
