Location: internet_5.png_Mean-Closing.png
Component: component_1755094087493_136.png
centerX: 0.018137847642079808
centerY: 0.3866552609067579
width: 0.030229746070133012
height: 0.03307670373538637
Area: 0.0005115582159800857
CentroidX: 0.0370
CentroidY: 0.3998
