Location: Dedata_33.png_Gaussian-Closing.png
Component: component_1755502147269_212.png
centerX: 0.8327287384119306
centerY: 0.3661248930710009
width: 0.023377670294236194
height: 0.03706871970345024
Area: 0.00024250456879756926
CentroidX: 0.8458
CentroidY: 0.3800
