Location: internet_5.png_Gaussian-Closing.png
Component: component_1755094087621_120.png
centerX: 0.07376058041112454
centerY: 0.33105218135158254
width: 0.04030632809351068
height: 0.030795551753635585
Area: 0.0004883421387776644
CentroidX: 0.0959
CentroidY: 0.3427
