Location: Dedata_33.png_Gaussian-Median.png
Component: component_1755502146864_223.png
centerX: 0.23216444981862153
centerY: 0.34302822925577414
width: 0.030229746070133012
height: 0.029654975762760195
Area: 0.0002897412407292285
CentroidX: 0.2513
CentroidY: 0.3538
