Location: Dedata_33.png_Gaussian-Median.png
Component: component_1755502146821_52.png
centerX: 0.9222087867795243
centerY: 0.0926717992586256
width: 0.017331721080209594
height: 0.03792415169660679
Area: 0.00023376980707784639
CentroidX: 0.9298
CentroidY: 0.1077
