Location: Dedata_33.png_Mean-Medain.png
Component: component_1755502146709_220.png
centerX: 0.7638049173720274
centerY: 0.36840604505275165
width: 0.02257154373236598
height: 0.035357855717137156
Area: 0.00027525992524653003
CentroidX: 0.7768
CentroidY: 0.3816
