Location: Dedata_33.png_Mean-Closing.png
Component: component_1755502147425_140.png
centerX: 0.17291414752116083
centerY: 0.24550898203592814
width: 0.022974607013301087
height: 0.03849443969204448
Area: 0.0002708925443866686
CentroidX: 0.1840
CentroidY: 0.2595
