Location: internet_5.png_Mean-Closing.png
Component: component_1755094087512_212.png
centerX: 0.32083837162434503
centerY: 0.6290276589677787
width: 0.039500201531640466
height: 0.0290846877673225
Area: 0.0004640916818979074
CentroidX: 0.3406
CentroidY: 0.6404
