Location: Dedata_33.png_Gaussian-Median.png
Component: component_1755502146834_120.png
centerX: 0.29302700523982267
centerY: 0.1899059024807528
width: 0.018137847642079808
height: 0.035642999714856
Area: 0.0002507796062162541
CentroidX: 0.3015
CentroidY: 0.2050
