Location: Dedata_33.png_Mean-Medain.png
Component: component_1755502146682_88.png
centerX: 0.1841999193873438
centerY: 0.1394354148845167
width: 0.020556227327690448
height: 0.03279155973766752
Area: 0.0002507796062162541
CentroidX: 0.1956
CentroidY: 0.1511
