Location: internet_5.png_Mean-Closing.png
Component: component_1755094087497_154.png
centerX: 0.9242241031841999
centerY: 0.44568006843455943
width: 0.05038291011688835
height: 0.03421727972626176
Area: 0.0005533931273745479
CentroidX: 0.9518
CentroidY: 0.4589
