Location: Dedata_33.png_Gaussian-Closing.png
Component: component_1755502147289_276.png
centerX: 0.4010479645304313
centerY: 0.48417450812660395
width: 0.018540910923014912
height: 0.035357855717137156
Area: 0.00032410563223182244
CentroidX: 0.4112
CentroidY: 0.4982
