Location: Dedata_33.png_Mean-Medain.png
Component: component_1755502146691_130.png
centerX: 0.9129383313180169
centerY: 0.22583404619332764
width: 0.023377670294236194
height: 0.030795551753635585
Area: 0.0002520438480441087
CentroidX: 0.9258
CentroidY: 0.2369
