Location: internet_5.png_Mean-Medain.png
Component: component_1755094087400_221.png
centerX: 0.7428456267634018
centerY: 0.6646706586826348
width: 0.04877065699314793
height: 0.03421727972626176
Area: 0.0004619079914679767
CentroidX: 0.7676
CentroidY: 0.6796
