Location: Dedata_33.png_Gaussian-Median.png
Component: component_1755502146822_58.png
centerX: 0.1725110842402257
centerY: 0.09466780724265754
width: 0.018540910923014912
height: 0.02879954376960365
Area: 0.00018733765267300374
CentroidX: 0.1824
CentroidY: 0.1054
