Location: Dedata_33.png_Mean-Closing.png
Component: component_1755502147682_349.png
centerX: 0.6029826682789198
centerY: 0.6224693470202453
width: 0.018137847642079808
height: 0.033932135728542916
Area: 0.0002610084719143506
CentroidX: 0.6138
CentroidY: 0.6355
