Location: Dedata_33.png_Gaussian-Median.png
Component: component_1755502146899_374.png
centerX: 0.6432889963724304
centerY: 0.5734245794126034
width: 0.019750100765820233
height: 0.03592814371257485
Area: 0.0002737658212681564
CentroidX: 0.6560
CentroidY: 0.5874
