Location: Dedata_33.png_Gaussian-Closing.png
Component: component_1755502147195_98.png
centerX: 0.8919790407093914
centerY: 0.1822070145423439
width: 0.02257154373236598
height: 0.03279155973766752
Area: 0.00025422753847403944
CentroidX: 0.9045
CentroidY: 0.1943
