Location: internet_5.png_Gaussian-Median.png
Component: component_1755094087046_184.png
centerX: 0.6025796049979847
centerY: 0.5109780439121756
width: 0.042724707779121324
height: 0.034787567721699456
Area: 0.00048167613641261265
CentroidX: 0.6278
CentroidY: 0.5231
