Location: Samociqulo_1709_page_10.png_Gaussian-Median.png
Component: component_1755610056287_3039.png
centerX: 0.8324324324324325
centerY: 0.7571875
width: 0.023587223587223587
height: 0.0121875
Area: 0.00014542383292383293
CentroidX: 0.8450
CentroidY: 0.7621
