Location: Dedata_33.png_Gaussian-Median.png
Component: component_1755502146830_96.png
centerX: 0.31035872632003225
centerY: 0.14086113487311092
width: 0.015316404675534058
height: 0.035642999714856
Area: 0.0002428493620233478
CentroidX: 0.3170
CentroidY: 0.1548
