Location: internet_5.png_Mean-Medain.png
Component: component_1755094087334_64.png
centerX: 0.2245062474808545
centerY: 0.174508126603935
width: 0.03667875856509472
height: 0.03136583974907328
Area: 0.0004831702403909863
CentroidX: 0.2470
CentroidY: 0.1862
