Location: internet_5.png_Mean-Closing.png
Component: component_1755094087465_3.png
centerX: 0.12898024989923418
centerY: 0.006843455945252352
width: 0.04232164449818621
height: 0.03592814371257485
Area: 0.0005976415913494597
CentroidX: 0.1541
CentroidY: 0.0200
