Location: Dedata_33.png_Mean-Closing.png
Component: component_1755502147399_30.png
centerX: 0.5006045949214026
centerY: 0.05332192757342458
width: 0.021362353889560662
height: 0.03279155973766752
Area: 0.0003119229382543142
CentroidX: 0.5114
CentroidY: 0.0662
