Location: Dedata_33.png_Gaussian-Closing.png
Component: component_1755502147159_77.png
centerX: 0.7214832728738412
centerY: 0.13743940690048476
width: 0.019750100765820233
height: 0.032506415739948676
Area: 0.00024411360385120242
CentroidX: 0.7319
CentroidY: 0.1503
