Location: internet_5.png_Mean-Medain.png
Component: component_1755094087393_191.png
centerX: 0.777509068923821
centerY: 0.5597376675220986
width: 0.04232164449818621
height: 0.028229255774165955
Area: 0.00042742866889012324
CentroidX: 0.8006
CentroidY: 0.5703
