Location: Dedata_33.png_Gaussian-Closing.png
Component: component_1755502147131_50.png
centerX: 0.9568722289399436
centerY: 0.0926717992586256
width: 0.018137847642079808
height: 0.03592814371257485
Area: 0.00022124231987455964
CentroidX: 0.9653
CentroidY: 0.1073
