Location: Dedata_33.png_Mean-Closing.png
Component: component_1755502147701_406.png
centerX: 0.6146715034260379
centerY: 0.7325349301397206
width: 0.020556227327690448
height: 0.036213287710293696
Area: 0.00026549078384947156
CentroidX: 0.6274
CentroidY: 0.7461
