Location: internet_5.png_Mean-Medain.png
Component: component_1755094087374_128.png
centerX: 0.5513905683192262
centerY: 0.36384374108925005
width: 0.03829101168883515
height: 0.02737382378100941
Area: 0.0004178893896435838
CentroidX: 0.5735
CentroidY: 0.3740
