Location: Dedata_33.png_Mean-Medain.png
Component: component_1755502146702_189.png
centerX: 0.9318823055219669
centerY: 0.3119475335044197
width: 0.019750100765820233
height: 0.03307670373538637
Area: 0.00021859890514359085
CentroidX: 0.9438
CentroidY: 0.3238
