Location: Dedata_33.png_Mean-Medain.png
Component: component_1755502146715_275.png
centerX: 0.5908907698508666
centerY: 0.4257199885942401
width: 0.022168480451430876
height: 0.038209295694325636
Area: 0.000335024084381476
CentroidX: 0.6034
CentroidY: 0.4400
