Location: internet_5.png_Mean-Closing.png
Component: component_1755094087492_129.png
centerX: 0.4381297863764611
centerY: 0.36840604505275165
width: 0.03506650544135429
height: 0.03136583974907328
Area: 0.0004475416070605378
CentroidX: 0.4583
CentroidY: 0.3796
