Location: internet_5.png_Mean-Medain.png
Component: component_1755094087307_36.png
centerX: 0.6549778315195486
centerY: 0.10778443113772455
width: 0.03345425231761386
height: 0.03421727972626176
Area: 0.0005364982593113997
CentroidX: 0.6735
CentroidY: 0.1215
