Location: Dedata_33.png_Gaussian-Median.png
Component: component_1755502146831_100.png
centerX: 0.10197501007658202
centerY: 0.1459937268320502
width: 0.020959290608625555
height: 0.035642999714856
Area: 0.0002389417054645244
CentroidX: 0.1133
CentroidY: 0.1592
