Location: Dedata_33.png_Mean-Medain.png
Component: component_1755502146681_81.png
centerX: 0.5002015316404675
centerY: 0.13743940690048476
width: 0.023377670294236194
height: 0.03364699173082407
Area: 0.0002637668177205789
CentroidX: 0.5118
CentroidY: 0.1495
