Location: Dedata_33.png_Mean-Closing.png
Component: component_1755502147429_160.png
centerX: 0.4280532043530834
centerY: 0.2805816937553465
width: 0.020959290608625555
height: 0.03507271171941831
Area: 0.0002580202639576033
CentroidX: 0.4405
CentroidY: 0.2941
