Location: internet_5.png_Gaussian-Closing.png
Component: component_1755094087615_94.png
centerX: 0.5594518339379283
centerY: 0.262617621899059
width: 0.03667875856509472
height: 0.02737382378100941
Area: 0.00044742667598527823
CentroidX: 0.5814
CentroidY: 0.2729
