Location: Dedata_33.png_Gaussian-Closing.png
Component: component_1755502147302_319.png
centerX: 0.012898024989923419
centerY: 0.564870259481038
width: 0.02015316404675534
height: 0.028514399771884802
Area: 0.00019860089804843586
CentroidX: 0.0249
CentroidY: 0.5753
