Location: Dedata_33.png_Mean-Closing.png
Component: component_1755502147393_3.png
centerX: 0.8629584844820637
centerY: 0.008839463929284289
width: 0.0237807335751713
height: 0.03136583974907328
Area: 0.0002623876448174647
CentroidX: 0.8743
CentroidY: 0.0201
