Location: internet_5.png_Gaussian-Median.png
Component: component_1755094087008_7.png
centerX: 0.3607416364369206
centerY: 0.007698887938408896
width: 0.04836759371221282
height: 0.036213287710293696
Area: 0.0006953330053200446
CentroidX: 0.3879
CentroidY: 0.0230
