Location: Dedata_33.png_Mean-Medain.png
Component: component_1755502146735_363.png
centerX: 0.2966545747682386
centerY: 0.5925292272597662
width: 0.023377670294236194
height: 0.03735386370116909
Area: 0.0002850290666435885
CentroidX: 0.3110
CentroidY: 0.6073
