Location: Dedata_33.png_Mean-Medain.png
Component: component_1755502146748_415.png
centerX: 0.4494155582426441
centerY: 0.688622754491018
width: 0.020556227327690448
height: 0.03706871970345024
Area: 0.00028755755029929775
CentroidX: 0.4616
CentroidY: 0.7031
