Location: Dedata_33.png_Gaussian-Closing.png
Component: component_1755502147303_326.png
centerX: 0.6432889963724304
centerY: 0.5734245794126034
width: 0.019750100765820233
height: 0.03592814371257485
Area: 0.00027342102804237786
CentroidX: 0.6561
CentroidY: 0.5874
