Location: Kurtxevani_1764_page_10.png_Otsu.png
Component: component_1755610055834_609.png
centerX: 0.511326860841424
centerY: 0.1735266604303087
width: 0.018122977346278317
height: 0.01637043966323667
Area: 0.0001386530072263041
CentroidX: 0.5214
CentroidY: 0.1794
