Location: Dedata_33.png_Gaussian-Median.png
Component: component_1755502146826_80.png
centerX: 0.38331318016928656
centerY: 0.13686911890504705
width: 0.01894397420395002
height: 0.03649843170801255
Area: 0.0002760644427733466
CentroidX: 0.3929
CentroidY: 0.1508
