Location: internet_5.png_Mean-Medain.png
Component: component_1755094087346_86.png
centerX: 0.22974607013301088
centerY: 0.22554890219560877
width: 0.041112454655380895
height: 0.02623324779013402
Area: 0.0004535180229740324
CentroidX: 0.2530
CentroidY: 0.2353
