Location: Dedata_33.png_Mean-Closing.png
Component: component_1755502147418_110.png
centerX: 0.2079806529625151
centerY: 0.19076133447390933
width: 0.0237807335751713
height: 0.03450242372398061
Area: 0.0002827304451383983
CentroidX: 0.2206
CentroidY: 0.2039
