Location: internet_5.png_Mean-Medain.png
Component: component_1755094087341_75.png
centerX: 0.6223297057638049
centerY: 0.21157684630738524
width: 0.03909713825070536
height: 0.027944111776447105
Area: 0.00047133233963925664
CentroidX: 0.6445
CentroidY: 0.2222
