Location: Dedata_33.png_Gaussian-Closing.png
Component: component_1755502147307_339.png
centerX: 0.1946795646916566
centerY: 0.6010835471913316
width: 0.02257154373236598
height: 0.03592814371257485
Area: 0.0002637668177205789
CentroidX: 0.2092
CentroidY: 0.6148
