Location: Dedata_33.png_Mean-Closing.png
Component: component_1755502147688_370.png
centerX: 0.049979846835953246
centerY: 0.6669518106643855
width: 0.02418379685610641
height: 0.032506415739948676
Area: 0.00026457133524739545
CentroidX: 0.0645
CentroidY: 0.6791
