Location: Dedata_33.png_Mean-Medain.png
Component: component_1755502146716_281.png
centerX: 0.36920596533655786
centerY: 0.4388366124893071
width: 0.0237807335751713
height: 0.034787567721699456
Area: 0.00031445142191002345
CentroidX: 0.3823
CentroidY: 0.4515
