Location: Kurtxevani_1764_page_10.png_Otsu.png
Component: component_1755610055827_520.png
centerX: 0.7495145631067961
centerY: 0.14265668849391955
width: 0.018122977346278317
height: 0.01683816651075772
Area: 0.00014773508193545066
CentroidX: 0.7600
CentroidY: 0.1490
