Location: Dedata_33.png_Gaussian-Closing.png
Component: component_1755502147310_351.png
centerX: 0.7492946392583636
centerY: 0.615340747077274
width: 0.020556227327690448
height: 0.03649843170801255
Area: 0.00024756153610898775
CentroidX: 0.7622
CentroidY: 0.6296
