Location: Dedata_33.png_Mean-Medain.png
Component: component_1755502146665_10.png
centerX: 0.07295445384925434
centerY: 0.010550327915597377
width: 0.0237807335751713
height: 0.030795551753635585
Area: 0.0002792825128806129
CentroidX: 0.0841
CentroidY: 0.0222
