Location: Dedata_33.png_Mean-Closing.png
Component: component_1755502147673_325.png
centerX: 0.44256348246674726
centerY: 0.585400627316795
width: 0.01894397420395002
height: 0.03735386370116909
Area: 0.0002759495116980871
CentroidX: 0.4549
CentroidY: 0.5995
