Location: internet_5.png_Gaussian-Closing.png
Component: component_1755094087608_69.png
centerX: 0.9286577992744861
centerY: 0.2013116623895067
width: 0.04554615074566707
height: 0.03450242372398061
Area: 0.0005482212289878698
CentroidX: 0.9531
CentroidY: 0.2154
