Location: Dedata_33.png_Gaussian-Closing.png
Component: component_1755502147234_152.png
centerX: 0.7275292220878677
centerY: 0.2714570858283433
width: 0.02781136638452237
height: 0.03051040775591674
Area: 0.00030284338330881276
CentroidX: 0.7432
CentroidY: 0.2830
