Location: Dedata_33.png_Mean-Closing.png
Component: component_1755502147392_2.png
centerX: 0.9459895203546956
centerY: 0.008269175933846592
width: 0.02257154373236598
height: 0.03307670373538637
Area: 0.0002743404766444539
CentroidX: 0.9556
CentroidY: 0.0206
