Location: Paraklitoni_1720_page_10.png_Mean-Medain.png
Component: component_1755610055556_2191.png
centerX: 0.3559451219512195
centerY: 0.8035087719298246
width: 0.012195121951219513
height: 0.011528822055137845
Area: 7.52643804633535e-05
CentroidX: 0.3630
CentroidY: 0.8079
