Location: internet_5.png_Mean-Medain.png
Component: component_1755094087388_169.png
centerX: 0.13462313583232569
centerY: 0.4864556601083547
width: 0.04191858121725111
height: 0.03022526375819789
Area: 0.0004928244507127853
CentroidX: 0.1594
CentroidY: 0.4972
