Location: Dedata_33.png_Gaussian-Closing.png
Component: component_1755502147333_412.png
centerX: 0.6146715034260379
centerY: 0.7325349301397206
width: 0.020556227327690448
height: 0.036213287710293696
Area: 0.0002581351950328628
CentroidX: 0.6275
CentroidY: 0.7463
