Location: Dedata_33.png_Gaussian-Closing.png
Component: component_1755502147131_48.png
centerX: 0.879081015719468
centerY: 0.09238665526090675
width: 0.02015316404675534
height: 0.03649843170801255
Area: 0.00024951536438839946
CentroidX: 0.8889
CentroidY: 0.1055
