Location: Dedata_33.png_Mean-Closing.png
Component: component_1755502147696_388.png
centerX: 0.22168480451430875
centerY: 0.7074422583404619
width: 0.02257154373236598
height: 0.03877958368976333
Area: 0.0002980162781479133
CentroidX: 0.2360
CentroidY: 0.7218
