Location: Dedata_33.png_Mean-Medain.png
Component: component_1755502146686_111.png
centerX: 0.6545747682386135
centerY: 0.18619903051040776
width: 0.03305118903667876
height: 0.03051040775591674
Area: 0.0003129573179316498
CentroidX: 0.6751
CentroidY: 0.1967
