Location: Dedata_33.png_Gaussian-Median.png
Component: component_1755502146812_15.png
centerX: 0.5723498589278516
centerY: 0.010265183917878529
width: 0.025796049979846837
height: 0.03450242372398061
Area: 0.00032617439158649363
CentroidX: 0.5845
CentroidY: 0.0234
