Location: internet_5.png_Mean-Closing.png
Component: component_1755094087478_60.png
centerX: 0.4969770253929867
centerY: 0.16852010265183917
width: 0.0354695687222894
height: 0.03279155973766752
Area: 0.0005335100513546524
CentroidX: 0.5145
CentroidY: 0.1834
