Location: Dedata_33.png_Mean-Closing.png
Component: component_1755502147697_391.png
centerX: 0.9750100765820234
centerY: 0.71285999429712
width: 0.0177347843611447
height: 0.041916167664670656
Area: 0.0002669848878278452
CentroidX: 0.9842
CentroidY: 0.7305
