Location: Dedata_33.png_Mean-Medain.png
Component: component_1755502146730_340.png
centerX: 0.15719467956469166
centerY: 0.5528942115768463
width: 0.017331721080209594
height: 0.03165098374679213
Area: 0.0002308965301963586
CentroidX: 0.1688
CentroidY: 0.5656
