Location: internet_5.png_Mean-Medain.png
Component: component_1755094087409_250.png
centerX: 0.23337363966142685
centerY: 0.7379526660963787
width: 0.042724707779121324
height: 0.031936127744510975
Area: 0.0004738608232949659
CentroidX: 0.2572
CentroidY: 0.7505
