Location: Dedata_33.png_Mean-Closing.png
Component: component_1755502147394_7.png
centerX: 0.8222490931076178
centerY: 0.009124607927003137
width: 0.024586860137041516
height: 0.03136583974907328
Area: 0.00029847600244895135
CentroidX: 0.8343
CentroidY: 0.0213
