Location: Dedata_33.png_Mean-Medain.png
Component: component_1755502146696_158.png
centerX: 0.7682386134623136
centerY: 0.26889078984887366
width: 0.029826682789197905
height: 0.03279155973766752
Area: 0.00032939246169375996
CentroidX: 0.7864
CentroidY: 0.2808
