Location: internet_5.png_Mean-Closing.png
Component: component_1755094087498_155.png
centerX: 0.8742442563482467
centerY: 0.45024237239806103
width: 0.042724707779121324
height: 0.03136583974907328
Area: 0.0004828254471652078
CentroidX: 0.8992
CentroidY: 0.4614
