Location: internet_5.png_Mean-Medain.png
Component: component_1755094087345_83.png
centerX: 0.34260378879484077
centerY: 0.2226974622184203
width: 0.039500201531640466
height: 0.03022526375819789
Area: 0.0004642066129731669
CentroidX: 0.3655
CentroidY: 0.2338
