Location: Dedata_33.png_Gaussian-Closing.png
Component: component_1755502147132_51.png
centerX: 0.7863764611043934
centerY: 0.09295694325634446
width: 0.032648125755743655
height: 0.033361847733105215
Area: 0.0003206576999740371
CentroidX: 0.8053
CentroidY: 0.1043
