Location: internet_5.png_Mean-Closing.png
Component: component_1755094087508_195.png
centerX: 0.33091495364772266
centerY: 0.5774165953806673
width: 0.04312777106005643
height: 0.0290846877673225
Area: 0.000444898192329569
CentroidX: 0.3542
CentroidY: 0.5890
