Location: Dedata_33.png_Mean-Medain.png
Component: component_1755502146745_398.png
centerX: 0.9004433696090286
centerY: 0.6578272027373824
width: 0.020556227327690448
height: 0.033932135728542916
Area: 0.0002679043364299213
CentroidX: 0.9113
CentroidY: 0.6706
