Location: Dedata_33.png_Gaussian-Median.png
Component: component_1755502146837_128.png
centerX: 0.12696493349455865
centerY: 0.19674935842600513
width: 0.02176541717049577
height: 0.039064727687482176
Area: 0.000279742237181651
CentroidX: 0.1385
CentroidY: 0.2122
