Location: Dedata_33.png_Gaussian-Closing.png
Component: component_1755502147286_269.png
centerX: 0.724707779121322
centerY: 0.47276874821785003
width: 0.032648125755743655
height: 0.028229255774165955
Area: 0.00024124032696971464
CentroidX: 0.7472
CentroidY: 0.4829
