Location: Dedata_33.png_Gaussian-Median.png
Component: component_1755502146833_114.png
centerX: 0.6993147924224103
centerY: 0.18505845451953237
width: 0.03143893591293833
height: 0.030795551753635585
Area: 0.00030755555739445274
CentroidX: 0.7186
CentroidY: 0.1955
