Location: internet_5.png_Gaussian-Closing.png
Component: component_1755094087610_75.png
centerX: 0.6223297057638049
centerY: 0.21186199030510408
width: 0.03909713825070536
height: 0.02765896777872826
Area: 0.0004460475030821641
CentroidX: 0.6446
CentroidY: 0.2223
