Location: Dedata_33.png_Mean-Closing.png
Component: component_1755502147426_146.png
centerX: 0.7686416767432487
centerY: 0.26889078984887366
width: 0.029423619508262798
height: 0.03279155973766752
Area: 0.0003276684955648673
CentroidX: 0.7864
CentroidY: 0.2808
