Location: internet_5.png_Gaussian-Median.png
Component: component_1755094087055_230.png
centerX: 0.07255139056831923
centerY: 0.6392928428856572
width: 0.041112454655380895
height: 0.026803535785571715
Area: 0.0004119129737300892
CentroidX: 0.0963
CentroidY: 0.6491
