Location: Dedata_33.png_Gaussian-Median.png
Component: component_1755502146883_312.png
centerX: 0.8250705360741637
centerY: 0.4696321642429427
width: 0.031035872632003223
height: 0.02594810379241517
Area: 0.0002427344309480883
CentroidX: 0.8468
CentroidY: 0.4788
