Location: Dedata_33.png_Gaussian-Median.png
Component: component_1755502146881_308.png
centerX: 0.017331721080209594
centerY: 0.4636441402908469
width: 0.016122531237404272
height: 0.029654975762760195
Area: 0.00021457631750950796
CentroidX: 0.0267
CentroidY: 0.4760
