Location: internet_5.png_Gaussian-Closing.png
Component: component_1755094087713_270.png
centerX: 0.06852075775896815
centerY: 0.8018249215854006
width: 0.04070939137444579
height: 0.035357855717137156
Area: 0.0004924796574870068
CentroidX: 0.0915
CentroidY: 0.8162
