Location: internet_5.png_Gaussian-Median.png
Component: component_1755094087060_252.png
centerX: 0.6614268440145102
centerY: 0.7268320501853436
width: 0.04796453043127771
height: 0.029369831765041345
Area: 0.0004281182553416803
CentroidX: 0.6884
CentroidY: 0.7369
