Location: Dedata_33.png_Mean-Closing.png
Component: component_1755502147411_79.png
centerX: 0.8504635227730754
centerY: 0.13800969489592244
width: 0.02539298669891173
height: 0.03279155973766752
Area: 0.00025859491933390085
CentroidX: 0.8632
CentroidY: 0.1497
