Location: internet_5.png_Mean-Medain.png
Component: component_1755094087411_263.png
centerX: 0.607416364369206
centerY: 0.7892785856857714
width: 0.041112454655380895
height: 0.0290846877673225
Area: 0.0004170848721167672
CentroidX: 0.6317
CentroidY: 0.7993
