Location: internet_5.png_Mean-Medain.png
Component: component_1755094087324_57.png
centerX: 0.5445384925433293
centerY: 0.16538351867693185
width: 0.04675534058847239
height: 0.027944111776447105
Area: 0.0005333951202793929
CentroidX: 0.5693
CentroidY: 0.1777
