Location: Dedata_33.png_Gaussian-Median.png
Component: component_1755502146819_42.png
centerX: 0.23982265215638857
centerY: 0.055603079555175364
width: 0.018137847642079808
height: 0.029369831765041345
Area: 0.000244918121378019
CentroidX: 0.2483
CentroidY: 0.0673
