Location: internet_5.png_Gaussian-Closing.png
Component: component_1755094087582_3.png
centerX: 0.12898024989923418
centerY: 0.006843455945252352
width: 0.04232164449818621
height: 0.03592814371257485
Area: 0.0005706327886634745
CentroidX: 0.1540
CentroidY: 0.0201
