Location: Dedata_33.png_Mean-Closing.png
Component: component_1755502147403_48.png
centerX: 0.9222087867795243
centerY: 0.0926717992586256
width: 0.017331721080209594
height: 0.03792415169660679
Area: 0.00023744760148615074
CentroidX: 0.9298
CentroidY: 0.1075
