Location: Dedata_33.png_Gaussian-Median.png
Component: component_1755502146866_237.png
centerX: 0.8327287384119306
centerY: 0.3661248930710009
width: 0.023377670294236194
height: 0.03735386370116909
Area: 0.0002660654392257691
CentroidX: 0.8458
CentroidY: 0.3803
