Location: Dedata_33.png_Gaussian-Closing.png
Component: component_1755502147268_209.png
centerX: 0.9032648125755743
centerY: 0.36127744510978044
width: 0.020556227327690448
height: 0.035642999714856
Area: 0.00022181697525085718
CentroidX: 0.9133
CentroidY: 0.3755
