Location: internet_5.png_Gaussian-Closing.png
Component: component_1755094087614_92.png
centerX: 0.6739218057234986
centerY: 0.25919589392643283
width: 0.04070939137444579
height: 0.02737382378100941
Area: 0.00046730975200517374
CentroidX: 0.6977
CentroidY: 0.2691
