Location: internet_5.png_Gaussian-Median.png
Component: component_1755094087053_221.png
centerX: 0.5493752519145506
centerY: 0.6218990590248076
width: 0.039500201531640466
height: 0.02737382378100941
Area: 0.00041765952749306477
CentroidX: 0.5713
CentroidY: 0.6331
