Location: Dedata_33.png_Mean-Closing.png
Component: component_1755502147668_307.png
centerX: 0.12091898428053205
centerY: 0.5577416595380668
width: 0.0177347843611447
height: 0.031080695751354435
Area: 0.0002019338992309617
CentroidX: 0.1327
CentroidY: 0.5695
