Location: Paraklitoni_1720_page_10.png_Mean-Medain.png
Component: component_1755610055668_2313.png
centerX: 0.375
centerY: 0.8456140350877193
width: 0.011432926829268292
height: 0.011027568922305764
Area: 7.067974815086497e-05
CentroidX: 0.3814
CentroidY: 0.8499
