Location: internet_5.png_Gaussian-Closing.png
Component: component_1755094087629_150.png
centerX: 0.27327690447400244
centerY: 0.42771599657827203
width: 0.03909713825070536
height: 0.026803535785571715
Area: 0.0004335200158788774
CentroidX: 0.2941
CentroidY: 0.4387
