Location: Dedata_33.png_Gaussian-Median.png
Component: component_1755502146823_61.png
centerX: 0.3651753325272068
centerY: 0.09580838323353294
width: 0.018137847642079808
height: 0.029940119760479042
Area: 0.00018975120525345347
CentroidX: 0.3743
CentroidY: 0.1069
