Location: internet_5.png_Gaussian-Closing.png
Component: component_1755094087620_114.png
centerX: 0.48286981056025796
centerY: 0.31622469347020243
width: 0.03345425231761386
height: 0.02879954376960365
Area: 0.0004212223908261096
CentroidX: 0.5036
CentroidY: 0.3266
