Location: internet_5.png_Gaussian-Median.png
Component: component_1755094087051_211.png
centerX: 0.13301088270858524
centerY: 0.587111491303108
width: 0.04393389762192664
height: 0.029940119760479042
Area: 0.0004245553920086355
CentroidX: 0.1564
CentroidY: 0.5988
