Location: internet_5.png_Mean-Medain.png
Component: component_1755094087301_24.png
centerX: 0.4260378879484079
centerY: 0.055603079555175364
width: 0.04191858121725111
height: 0.031936127744510975
Area: 0.0006446484011305999
CentroidX: 0.4510
CentroidY: 0.0676
