Location: internet_5.png_Gaussian-Closing.png
Component: component_1755094087629_147.png
centerX: 0.4417573559048771
centerY: 0.4228685486170516
width: 0.03990326481257558
height: 0.029369831765041345
Area: 0.0004540926783503299
CentroidX: 0.4642
CentroidY: 0.4345
