Location: Dedata_33.png_Gaussian-Median.png
Component: component_1755502146919_442.png
centerX: 0.2535268037081822
centerY: 0.7040205303678357
width: 0.023377670294236194
height: 0.039064727687482176
Area: 0.0002939936905138304
CentroidX: 0.2679
CentroidY: 0.7189
