Location: Dedata_33.png_Gaussian-Closing.png
Component: component_1755502147210_115.png
centerX: 0.41193067311567916
centerY: 0.19047619047619047
width: 0.03143893591293833
height: 0.033932135728542916
Area: 0.0003396213273918565
CentroidX: 0.4299
CentroidY: 0.2022
