Location: Dedata_33.png_Mean-Medain.png
Component: component_1755502146695_155.png
centerX: 0.094316807738815
centerY: 0.2512118619903051
width: 0.020959290608625555
height: 0.031080695751354435
Area: 0.000235034048905701
CentroidX: 0.1053
CentroidY: 0.2625
