Location: Dedata_33.png_Mean-Medain.png
Component: component_1755502146697_166.png
centerX: 0.679161628375655
centerY: 0.27345309381237526
width: 0.029826682789197905
height: 0.03364699173082407
Area: 0.0003492755377136554
CentroidX: 0.6967
CentroidY: 0.2854
