Location: internet_5.png_Mean-Closing.png
Component: component_1755094087505_181.png
centerX: 0.20435308343409916
centerY: 0.5332192757342458
width: 0.04554615074566707
height: 0.03307670373538637
Area: 0.0004914452778096712
CentroidX: 0.2297
CentroidY: 0.5450
