Location: internet_5.png_Gaussian-Median.png
Component: component_1755094087024_77.png
centerX: 0.6731156791616284
centerY: 0.20986598232107215
width: 0.04191858121725111
height: 0.02623324779013402
Area: 0.0004311064632984276
CentroidX: 0.6965
CentroidY: 0.2198
