Location: Dedata_33.png_Mean-Medain.png
Component: component_1755502146666_12.png
centerX: 0.2494961708988311
centerY: 0.010550327915597377
width: 0.023377670294236194
height: 0.03279155973766752
Area: 0.00034054077599393254
CentroidX: 0.2599
CentroidY: 0.0236
