Location: internet_5.png_Mean-Medain.png
Component: component_1755094087403_226.png
centerX: 0.6835953244659412
centerY: 0.666096378671229
width: 0.041515517936316
height: 0.029940119760479042
Area: 0.00045098953931832313
CentroidX: 0.7059
CentroidY: 0.6792
