Location: Dedata_33.png_Gaussian-Closing.png
Component: component_1755502147267_204.png
centerX: 0.15034260378879485
centerY: 0.3461648132306815
width: 0.025796049979846837
height: 0.02879954376960365
Area: 0.00022078259557352159
CentroidX: 0.1659
CentroidY: 0.3567
