Location: Dedata_33.png_Mean-Closing.png
Component: component_1755502147420_120.png
centerX: 0.7404272470777912
centerY: 0.22668947818648416
width: 0.019750100765820233
height: 0.033932135728542916
Area: 0.00022859790869116835
CentroidX: 0.7505
CentroidY: 0.2387
