Location: internet_5.png_Mean-Medain.png
Component: component_1755094087408_247.png
centerX: 0.3498589278516727
centerY: 0.7351012261191902
width: 0.04030632809351068
height: 0.030795551753635585
Area: 0.0004520239189956587
CentroidX: 0.3743
CentroidY: 0.7466
