Location: Dedata_33.png_Mean-Closing.png
Component: component_1755502147486_258.png
centerX: 0.8988311164852882
centerY: 0.4644995722840034
width: 0.01894397420395002
height: 0.03051040775591674
Area: 0.00021055372987542506
CentroidX: 0.9105
CentroidY: 0.4761
