Location: internet_5.png_Mean-Closing.png
Component: component_1755094087518_240.png
centerX: 0.7251108424022572
centerY: 0.7265469061876247
width: 0.03909713825070536
height: 0.03165098374679213
Area: 0.00042938249716953494
CentroidX: 0.7473
CentroidY: 0.7384
