Location: Dedata_33.png_Mean-Closing.png
Component: component_1755502147417_107.png
centerX: 0.3683998387746876
centerY: 0.19019104647847163
width: 0.01894397420395002
height: 0.03649843170801255
Area: 0.00029181000008389967
CentroidX: 0.3773
CentroidY: 0.2049
