Location: Dedata_33.png_Gaussian-Closing.png
Component: component_1755502147194_93.png
centerX: 0.14107214832728737
centerY: 0.14314228685486172
width: 0.021362353889560662
height: 0.033932135728542916
Area: 0.00023250556524999176
CentroidX: 0.1530
CentroidY: 0.1555
