Location: internet_5.png_Gaussian-Closing.png
Component: component_1755094087704_261.png
centerX: 0.607416364369206
centerY: 0.7895637296834902
width: 0.04070939137444579
height: 0.02879954376960365
Area: 0.0003855937574956611
CentroidX: 0.6317
CentroidY: 0.7993
