Location: internet_5.png_Gaussian-Closing.png
Component: component_1755094087647_216.png
centerX: 0.00886739218057235
centerY: 0.6384374108925007
width: 0.041515517936316
height: 0.03307670373538637
Area: 0.0004758146515743776
CentroidX: 0.0327
CentroidY: 0.6521
