Location: internet_5.png_Gaussian-Median.png
Component: component_1755094087026_85.png
centerX: 0.2889963724304716
centerY: 0.22212717422298262
width: 0.04070939137444579
height: 0.029940119760479042
Area: 0.0004551270580276655
CentroidX: 0.3118
CentroidY: 0.2347
