Location: internet_5.png_Gaussian-Closing.png
Component: component_1755094087643_208.png
centerX: 0.600161225312374
centerY: 0.6181921870544625
width: 0.046352277307537285
height: 0.03051040775591674
Area: 0.00047822820415482735
CentroidX: 0.6230
CentroidY: 0.6324
