Location: internet_5.png_Mean-Closing.png
Component: component_1755094087516_229.png
centerX: 0.33575171301894396
centerY: 0.6812090105503279
width: 0.044740024183796856
height: 0.03849443969204448
Area: 0.0006010895236072451
CentroidX: 0.3581
CentroidY: 0.6986
