Location: internet_5.png_Mean-Medain.png
Component: component_1755094087280_12.png
centerX: 0.24385328496573963
centerY: 0.009694895922440832
width: 0.04433696090286175
height: 0.03706871970345024
Area: 0.0006633821663979004
CentroidX: 0.2684
CentroidY: 0.0255
