Location: internet_5.png_Mean-Closing.png
Component: component_1755094087516_232.png
centerX: 0.004433696090286175
centerY: 0.6891930424864556
width: 0.04030632809351068
height: 0.03364699173082407
Area: 0.0004814462742620936
CentroidX: 0.0274
CentroidY: 0.7036
