Location: Dedata_33.png_Gaussian-Median.png
Component: component_1755502146852_171.png
centerX: 0.634018540910923
centerY: 0.27345309381237526
width: 0.029423619508262798
height: 0.030795551753635585
Area: 0.00030881979922230737
CentroidX: 0.6515
CentroidY: 0.2846
