Location: Dedata_33.png_Mean-Closing.png
Component: component_1755502147672_323.png
centerX: 0.5425231761386538
centerY: 0.5822640433418876
width: 0.02015316404675534
height: 0.03136583974907328
Area: 0.0002481361914852853
CentroidX: 0.5556
CentroidY: 0.5939
