Location: Dedata_33.png_Gaussian-Median.png
Component: component_1755502146827_84.png
centerX: 0.7682386134623136
centerY: 0.13743940690048476
width: 0.023377670294236194
height: 0.03222127174222983
Area: 0.00026089354083909107
CentroidX: 0.7797
CentroidY: 0.1498
