Location: Dedata_33.png_Gaussian-Closing.png
Component: component_1755502147227_132.png
centerX: 0.6009673518742442
centerY: 0.23239235814086112
width: 0.02015316404675534
height: 0.031080695751354435
Area: 0.00022917256406746592
CentroidX: 0.6134
CentroidY: 0.2448
