Location: Dedata_33.png_Gaussian-Median.png
Component: component_1755502146828_88.png
centerX: 0.5840386940749698
centerY: 0.13857998289136014
width: 0.020556227327690448
height: 0.03649843170801255
Area: 0.0002827304451383983
CentroidX: 0.5939
CentroidY: 0.1529
