Location: Dedata_33.png_Mean-Closing.png
Component: component_1755502147685_360.png
centerX: 0.24385328496573963
centerY: 0.6512688907898488
width: 0.019347037484885126
height: 0.035642999714856
Area: 0.000265375852774212
CentroidX: 0.2563
CentroidY: 0.6655
