Location: internet_5.png_Mean-Closing.png
Component: component_1755094087488_108.png
centerX: 0.727932285368803
centerY: 0.3088109495295124
width: 0.04796453043127771
height: 0.029654975762760195
Area: 0.000495697727594273
CentroidX: 0.7511
CentroidY: 0.3216
