Location: internet_5.png_Mean-Closing.png
Component: component_1755094087477_54.png
centerX: 0.7122128174123338
centerY: 0.15739948674080412
width: 0.041112454655380895
height: 0.033932135728542916
Area: 0.0005761494802759311
CentroidX: 0.7360
CentroidY: 0.1707
