Location: Dedata_33.png_Mean-Closing.png
Component: component_1755502147410_74.png
centerX: 0.5002015316404675
centerY: 0.1377245508982036
width: 0.023377670294236194
height: 0.032506415739948676
Area: 0.0002497452265389185
CentroidX: 0.5119
CentroidY: 0.1496
