Location: internet_5.png_Mean-Medain.png
Component: component_1755094087411_264.png
centerX: 0.4836759371221282
centerY: 0.7907043056743656
width: 0.04191858121725111
height: 0.034787567721699456
Area: 0.0004565062309307797
CentroidX: 0.5070
CentroidY: 0.8045
