Location: Dedata_33.png_Mean-Medain.png
Component: component_1755502146689_121.png
centerX: 0.41152760983474407
centerY: 0.19047619047619047
width: 0.03184199919387344
height: 0.03421727972626176
Area: 0.0003731812013676338
CentroidX: 0.4300
CentroidY: 0.2020
