Location: Dedata_33.png_Mean-Closing.png
Component: component_1755502147496_265.png
centerX: 0.6577992744860943
centerY: 0.47533504419731964
width: 0.01894397420395002
height: 0.029654975762760195
Area: 0.00018331506503892084
CentroidX: 0.6687
CentroidY: 0.4857
