Location: Dedata_33.png_Gaussian-Closing.png
Component: component_1755502147184_89.png
centerX: 0.8919790407093914
centerY: 0.14057599087539208
width: 0.02015316404675534
height: 0.031936127744510975
Area: 0.0002389417054645244
CentroidX: 0.9026
CentroidY: 0.1532
