Location: Dedata_33.png_Mean-Closing.png
Component: component_1755502147396_15.png
centerX: 0.4852881902458686
centerY: 0.010550327915597377
width: 0.0237807335751713
height: 0.028514399771884802
Area: 0.00027514499417127054
CentroidX: 0.4983
CentroidY: 0.0212
