Location: Dedata_33.png_Mean-Closing.png
Component: component_1755502147423_130.png
centerX: 0.49455864570737607
centerY: 0.23267750213858
width: 0.020556227327690448
height: 0.03592814371257485
Area: 0.00027560471847230854
CentroidX: 0.5057
CentroidY: 0.2464
