Location: internet_5.png_Gaussian-Median.png
Component: component_1755094087062_264.png
centerX: 0.0048367593712212815
centerY: 0.7453664100370687
width: 0.04312777106005643
height: 0.03307670373538637
Area: 0.0005148912171626115
CentroidX: 0.0279
CentroidY: 0.7596
