Location: Dedata_33.png_Mean-Closing.png
Component: component_1755502147616_284.png
centerX: 0.8923821039903265
centerY: 0.5189620758483033
width: 0.01894397420395002
height: 0.03307670373538637
Area: 0.00025330808987196333
CentroidX: 0.9031
CentroidY: 0.5315
