Location: internet_5.png_Mean-Closing.png
Component: component_1755094087489_113.png
centerX: 0.48286981056025796
centerY: 0.3159395494724836
width: 0.03385731559854897
height: 0.0290846877673225
Area: 0.000450070090716247
CentroidX: 0.5036
CentroidY: 0.3265
