Location: internet_5.png_Mean-Closing.png
Component: component_1755094087503_171.png
centerX: 0.9117291414752116
centerY: 0.4992871400057029
width: 0.04312777106005643
height: 0.03222127174222983
Area: 0.00046822920060724985
CentroidX: 0.9369
CentroidY: 0.5107
