Location: Dedata_33.png_Gaussian-Median.png
Component: component_1755502146857_184.png
centerX: 0.2668278919790407
centerY: 0.28771029369831763
width: 0.024586860137041516
height: 0.03507271171941831
Area: 0.00024744660503372827
CentroidX: 0.2808
CentroidY: 0.3017
