Location: Dedata_33.png_Mean-Medain.png
Component: component_1755502146679_68.png
centerX: 0.094316807738815
centerY: 0.10122611919019105
width: 0.017331721080209594
height: 0.03136583974907328
Area: 0.00019768144944635977
CentroidX: 0.1026
CentroidY: 0.1124
