Location: Dedata_33.png_Mean-Closing.png
Component: component_1755502147425_138.png
centerX: 0.25110842402257155
centerY: 0.24123182207014543
width: 0.02257154373236598
height: 0.03706871970345024
Area: 0.0002869828949230002
CentroidX: 0.2608
CentroidY: 0.2559
