Location: Dedata_33.png_Gaussian-Closing.png
Component: component_1755502147232_144.png
centerX: 0.13381700927045545
centerY: 0.2469347020245224
width: 0.022974607013301087
height: 0.035642999714856
Area: 0.0002579053328823438
CentroidX: 0.1452
CentroidY: 0.2603
