Location: Paraklitoni_1720_page_10.png_Mean-Medain.png
Component: component_1755610055275_672.png
centerX: 0.7949695121951219
centerY: 0.24360902255639097
width: 0.012957317073170731
height: 0.012030075187969926
Area: 7.832080200501253e-05
CentroidX: 0.8020
CentroidY: 0.2482
