Location: internet_5.png_Gaussian-Closing.png
Component: component_1755094087593_39.png
centerX: 0.4671503426037888
centerY: 0.11092101511263187
width: 0.04070939137444579
height: 0.033932135728542916
Area: 0.000574540445222298
CentroidX: 0.4899
CentroidY: 0.1245
