Location: internet_5.png_Mean-Medain.png
Component: component_1755094087347_90.png
centerX: 0.8419991938734381
centerY: 0.2537781579697747
width: 0.0354695687222894
height: 0.03051040775591674
Area: 0.0005110984916790476
CentroidX: 0.8633
CentroidY: 0.2647
