Location: Dedata_33.png_Gaussian-Closing.png
Component: component_1755502147157_74.png
centerX: 0.38331318016928656
centerY: 0.13686911890504705
width: 0.01894397420395002
height: 0.035642999714856
Area: 0.00027146719976296616
CentroidX: 0.3930
CentroidY: 0.1507
