Location: Dedata_33.png_Gaussian-Closing.png
Component: component_1755502147199_101.png
centerX: 0.8540910923014914
centerY: 0.18306244653550044
width: 0.020959290608625555
height: 0.03450242372398061
Area: 0.0002448031903027595
CentroidX: 0.8650
CentroidY: 0.1951
