Location: internet_5.png_Mean-Closing.png
Component: component_1755094087493_132.png
centerX: 0.2591696896412737
centerY: 0.37610493299116055
width: 0.041515517936316
height: 0.031080695751354435
Area: 0.0004809865499610556
CentroidX: 0.2824
CentroidY: 0.3883
