Location: Dedata_33.png_Gaussian-Closing.png
Component: component_1755502147294_293.png
centerX: 0.7904070939137444
centerY: 0.5209580838323353
width: 0.0177347843611447
height: 0.03507271171941831
Area: 0.0002581351950328628
CentroidX: 0.8013
CentroidY: 0.5347
