Location: Dedata_33.png_Mean-Medain.png
Component: component_1755502146673_48.png
centerX: 0.879081015719468
centerY: 0.09238665526090675
width: 0.02015316404675534
height: 0.03649843170801255
Area: 0.0002549171249255965
CentroidX: 0.8890
CentroidY: 0.1053
