Location: Dedata_33.png_Gaussian-Median.png
Component: component_1755502146887_330.png
centerX: 0.12414349052801289
centerY: 0.500998003992016
width: 0.017331721080209594
height: 0.038209295694325636
Area: 0.00031376183545846637
CentroidX: 0.1341
CentroidY: 0.5167
