Location: internet_5.png_Gaussian-Median.png
Component: component_1755094087014_35.png
centerX: 0.7037484885126964
centerY: 0.10664385514684915
width: 0.03305118903667876
height: 0.03051040775591674
Area: 0.00044731174491001875
CentroidX: 0.7219
CentroidY: 0.1192
