Location: internet_5.png_Gaussian-Median.png
Component: component_1755094087038_148.png
centerX: 0.7533252720677146
centerY: 0.4066153407470773
width: 0.045949214026602174
height: 0.028229255774165955
Area: 0.00046225278469375525
CentroidX: 0.7774
CentroidY: 0.4182
