Location: Dedata_33.png_Gaussian-Median.png
Component: component_1755502146823_63.png
centerX: 0.3248690044336961
centerY: 0.09666381522668947
width: 0.0177347843611447
height: 0.0290846877673225
Area: 0.00018342999611418035
CentroidX: 0.3334
CentroidY: 0.1072
