Location: internet_5.png_Gaussian-Closing.png
Component: component_1755094087636_178.png
centerX: 0.4687625957275292
centerY: 0.51981750784146
width: 0.04433696090286175
height: 0.032506415739948676
Area: 0.0004828254471652078
CentroidX: 0.4946
CentroidY: 0.5314
