Location: internet_5.png_Mean-Medain.png
Component: component_1755094087384_159.png
centerX: 0.8218460298266828
centerY: 0.45223838038209296
width: 0.03909713825070536
height: 0.02737382378100941
Area: 0.0004530582986729943
CentroidX: 0.8437
CentroidY: 0.4627
