Location: Dedata_33.png_Gaussian-Closing.png
Component: component_1755502147312_358.png
centerX: 0.5078597339782346
centerY: 0.6293128029654976
width: 0.016928657799274487
height: 0.03450242372398061
Area: 0.00024917057116262094
CentroidX: 0.5186
CentroidY: 0.6432
