Location: Samociqulo_1709_page_10.png_Gaussian-Median.png
Component: component_1755610056109_693.png
centerX: 0.2855036855036855
centerY: 0.1221875
width: 0.019656019656019656
height: 0.0109375
Area: 0.00010902948402948403
CentroidX: 0.2961
CentroidY: 0.1265
