Location: Dedata_33.png_Gaussian-Median.png
Component: component_1755502146858_192.png
centerX: 0.023377670294236194
centerY: 0.29597946963216426
width: 0.02176541717049577
height: 0.033932135728542916
Area: 0.0002710074754619281
CentroidX: 0.0354
CentroidY: 0.3089
