Location: internet_5.png_Gaussian-Median.png
Component: component_1755094087044_174.png
centerX: 0.2660217654171705
centerY: 0.4804676361562589
width: 0.045949214026602174
height: 0.03279155973766752
Area: 0.0004923647264117473
CentroidX: 0.2930
CentroidY: 0.4919
