Location: internet_5.png_Mean-Closing.png
Component: component_1755094087509_199.png
centerX: 0.13301088270858524
centerY: 0.5868263473053892
width: 0.04393389762192664
height: 0.03022526375819789
Area: 0.000449840228565728
CentroidX: 0.1564
CentroidY: 0.5987
