Location: Dedata_33.png_Mean-Medain.png
Component: component_1755502146728_332.png
centerX: 0.40024183796856105
centerY: 0.5372112917023096
width: 0.019750100765820233
height: 0.03165098374679213
Area: 0.00020986414342386798
CentroidX: 0.4129
CentroidY: 0.5497
