Location: Dedata_33.png_Mean-Closing.png
Component: component_1755502147431_166.png
centerX: 0.19709794437726724
centerY: 0.29227259766181923
width: 0.022974607013301087
height: 0.027088679783290562
Area: 0.00022779339116435178
CentroidX: 0.2099
CentroidY: 0.3023
