Location: Dedata_33.png_Mean-Medain.png
Component: component_1755502146687_116.png
centerX: 0.3683998387746876
centerY: 0.19019104647847163
width: 0.01894397420395002
height: 0.03649843170801255
Area: 0.00030422255621192693
CentroidX: 0.3773
CentroidY: 0.2050
