Location: Dedata_33.png_Mean-Closing.png
Component: component_1755502147425_141.png
centerX: 0.13381700927045545
centerY: 0.24664955802680352
width: 0.022974607013301087
height: 0.035642999714856
Area: 0.0002790526507300939
CentroidX: 0.1454
CentroidY: 0.2601
