Location: internet_5.png_Gaussian-Median.png
Component: component_1755094087034_127.png
centerX: 0.8625554212011286
centerY: 0.35186769318505845
width: 0.037081821846029824
height: 0.028514399771884802
Area: 0.0004275435999653828
CentroidX: 0.8848
CentroidY: 0.3624
