Location: internet_5.png_Mean-Medain.png
Component: component_1755094087317_49.png
centerX: 0.1829907295445385
centerY: 0.11719418306244654
width: 0.04191858121725111
height: 0.03307670373538637
Area: 0.000650509885968835
CentroidX: 0.2061
CentroidY: 0.1305
