Location: Dedata_33.png_Mean-Medain.png
Component: component_1755502146725_314.png
centerX: 0.05078597339782346
centerY: 0.5086968919304249
width: 0.019750100765820233
height: 0.033361847733105215
Area: 0.00030318817653459133
CentroidX: 0.0626
CentroidY: 0.5216
