Location: Dedata_33.png_Gaussian-Median.png
Component: component_1755502146820_48.png
centerX: 0.6513502619911327
centerY: 0.0575990875392073
width: 0.020959290608625555
height: 0.029369831765041345
Area: 0.000259974092237015
CentroidX: 0.6606
CentroidY: 0.0692
