Location: Dedata_33.png_Gaussian-Closing.png
Component: component_1755502147064_19.png
centerX: 0.6158806932688432
centerY: 0.010835471913316224
width: 0.022168480451430876
height: 0.031936127744510975
Area: 0.0002866381016972217
CentroidX: 0.6262
CentroidY: 0.0234
