Location: Dedata_33.png_Mean-Closing.png
Component: component_1755502147424_134.png
centerX: 0.3845223700120919
centerY: 0.23809523809523808
width: 0.018137847642079808
height: 0.03136583974907328
Area: 0.0002477913982595068
CentroidX: 0.3943
CentroidY: 0.2502
