Location: Dedata_33.png_Gaussian-Closing.png
Component: component_1755502147295_294.png
centerX: 0.7565497783151954
centerY: 0.5229540918163673
width: 0.018540910923014912
height: 0.03307670373538637
Area: 0.00024330908632438583
CentroidX: 0.7682
CentroidY: 0.5359
