Location: Dedata_33.png_Mean-Medain.png
Component: component_1755502146722_306.png
centerX: 0.36316001612253124
centerY: 0.4870259481037924
width: 0.019347037484885126
height: 0.036783575705731396
Area: 0.0003228413904039678
CentroidX: 0.3742
CentroidY: 0.5014
