Location: Dedata_33.png_Gaussian-Median.png
Component: component_1755502146928_471.png
centerX: 0.3043127771060056
centerY: 0.7553464499572284
width: 0.019750100765820233
height: 0.03706871970345024
Area: 0.0002708925443866686
CentroidX: 0.3156
CentroidY: 0.7706
