Location: Dedata_33.png_Gaussian-Median.png
Component: component_1755502146929_478.png
centerX: 0.16364369205965337
centerY: 0.7713145138294839
width: 0.023377670294236194
height: 0.038209295694325636
Area: 0.00026859392288147835
CentroidX: 0.1768
CentroidY: 0.7871
