Location: internet_5.png_Mean-Closing.png
Component: component_1755094087491_122.png
centerX: 0.9161628375654978
centerY: 0.35186769318505845
width: 0.042724707779121324
height: 0.027088679783290562
Area: 0.0004520239189956587
CentroidX: 0.9368
CentroidY: 0.3638
