Location: Dedata_33.png_Mean-Medain.png
Component: component_1755502146716_278.png
centerX: 0.47480854494155583
centerY: 0.4342743085258055
width: 0.02257154373236598
height: 0.036213287710293696
Area: 0.0003406557070691921
CentroidX: 0.4878
CentroidY: 0.4475
