Location: internet_5.png_Gaussian-Closing.png
Component: component_1755094087605_59.png
centerX: 0.009673518742442563
centerY: 0.16852010265183917
width: 0.03788794840790004
height: 0.03877958368976333
Area: 0.0005691386846851009
CentroidX: 0.0327
CentroidY: 0.1846
