Location: internet_5.png_Mean-Closing.png
Component: component_1755094087473_35.png
centerX: 0.8992341797662233
centerY: 0.10664385514684915
width: 0.04393389762192664
height: 0.027088679783290562
Area: 0.0005282232218927148
CentroidX: 0.9205
CentroidY: 0.1188
