Location: Dedata_33.png_Gaussian-Closing.png
Component: component_1755502147041_5.png
centerX: 0.7767029423619508
centerY: 0.009409751924721984
width: 0.024989923417976623
height: 0.03364699173082407
Area: 0.00030077462395414157
CentroidX: 0.7876
CentroidY: 0.0226
