Location: Dedata_33.png_Mean-Closing.png
Component: component_1755502147397_19.png
centerX: 0.11930673115679162
centerY: 0.010835471913316224
width: 0.02418379685610641
height: 0.031936127744510975
Area: 0.0002816960654610627
CentroidX: 0.1308
CentroidY: 0.0226
