Location: Kurtxevani_1794_page_10.png_Mean-Medain.png
Component: component_1755610054884_1123.png
centerX: 0.6919929865575687
centerY: 0.3080652269722345
width: 0.01636469900642899
height: 0.014103129131776113
Area: 0.00012209386339242178
CentroidX: 0.7012
CentroidY: 0.3138
