Location: internet_5.png_Mean-Closing.png
Component: component_1755094087514_223.png
centerX: 0.6839983877468763
centerY: 0.666096378671229
width: 0.04070939137444579
height: 0.029940119760479042
Area: 0.0004489207799636519
CentroidX: 0.7058
CentroidY: 0.6792
