Location: internet_5.png_Mean-Closing.png
Component: component_1755094087486_100.png
centerX: 0.166062071745264
centerY: 0.2725976618192187
width: 0.03829101168883515
height: 0.02879954376960365
Area: 0.0004665052344783572
CentroidX: 0.1886
CentroidY: 0.2837
