Location: Dedata_33.png_Mean-Medain.png
Component: component_1755502146747_412.png
centerX: 0.5392986698911729
centerY: 0.6806387225548902
width: 0.02176541717049577
height: 0.039635015682919876
Area: 0.0003016940725562177
CentroidX: 0.5533
CentroidY: 0.6961
