Location: Dedata_33.png_Gaussian-Closing.png
Component: component_1755502147311_357.png
centerX: 0.5388956066102378
centerY: 0.6270316509837468
width: 0.01652559451833938
height: 0.038209295694325636
Area: 0.0002716970619134852
CentroidX: 0.5494
CentroidY: 0.6427
