Location: internet_5.png_Gaussian-Median.png
Component: component_1755094087039_153.png
centerX: 0.5026199113260782
centerY: 0.42087254063301965
width: 0.039500201531640466
height: 0.027088679783290562
Area: 0.00043133632544894665
CentroidX: 0.5247
CentroidY: 0.4322
