Location: internet_5.png_Mean-Closing.png
Component: component_1755094087468_13.png
centerX: 0.860540104796453
centerY: 0.00998003992015968
width: 0.04393389762192664
height: 0.03706871970345024
Area: 0.0006518890588719492
CentroidX: 0.8852
CentroidY: 0.0251
