Location: Dedata_33.png_Mean-Closing.png
Component: component_1755502147427_151.png
centerX: 0.8166062071745264
centerY: 0.27174222982606216
width: 0.025796049979846837
height: 0.028514399771884802
Area: 0.00031238266255535226
CentroidX: 0.8316
CentroidY: 0.2830
