Location: internet_5.png_Gaussian-Median.png
Component: component_1755094087026_86.png
centerX: 0.3422007255139057
centerY: 0.22298260621613916
width: 0.03990326481257558
height: 0.029940119760479042
Area: 0.00044455339910379047
CentroidX: 0.3655
CentroidY: 0.2339
