Location: Samociqulo_1709_page_10.png_Gaussian-Median.png
Component: component_1755610056322_3608.png
centerX: 0.8648648648648649
centerY: 0.8859375
width: 0.02407862407862408
height: 0.0140625
Area: 0.00014066339066339065
CentroidX: 0.8770
CentroidY: 0.8908
