Location: Dedata_33.png_Gaussian-Median.png
Component: component_1755502146843_148.png
centerX: 0.3845223700120919
centerY: 0.23809523809523808
width: 0.018137847642079808
height: 0.03165098374679213
Area: 0.0002427344309480883
CentroidX: 0.3943
CentroidY: 0.2505
