Location: Dedata_33.png_Mean-Medain.png
Component: component_1755502146745_401.png
centerX: 0.08948004836759371
centerY: 0.6623895067008839
width: 0.022974607013301087
height: 0.03136583974907328
Area: 0.0002573306775060462
CentroidX: 0.1032
CentroidY: 0.6740
