Location: internet_5.png_Gaussian-Closing.png
Component: component_1755094087626_131.png
centerX: 0.37726723095526
centerY: 0.3712574850299401
width: 0.041112454655380895
height: 0.025377815796977475
Area: 0.00038628334394721816
CentroidX: 0.3998
CentroidY: 0.3809
