Location: internet_5.png_Gaussian-Median.png
Component: component_1755094087019_59.png
centerX: 0.6082224909310762
centerY: 0.16082121471343028
width: 0.03385731559854897
height: 0.03307670373538637
Area: 0.0004790327216816439
CentroidX: 0.6288
CentroidY: 0.1742
