Location: Dedata_33.png_Gaussian-Median.png
Component: component_1755502146843_151.png
centerX: 0.29302700523982267
centerY: 0.23980610208155118
width: 0.016928657799274487
height: 0.03307670373538637
Area: 0.00026744461212888326
CentroidX: 0.3015
CentroidY: 0.2534
