Location: Dedata_33.png_Gaussian-Median.png
Component: component_1755502146896_367.png
centerX: 0.012898024989923419
centerY: 0.564870259481038
width: 0.020556227327690448
height: 0.02879954376960365
Area: 0.0002007845884783666
CentroidX: 0.0249
CentroidY: 0.5754
