Location: internet_5.png_Mean-Medain.png
Component: component_1755094087364_115.png
centerX: 0.3704151551793632
centerY: 0.31679498146564017
width: 0.03788794840790004
height: 0.03222127174222983
Area: 0.00047696396232697273
CentroidX: 0.3926
CentroidY: 0.3285
