Location: Dedata_33.png_Mean-Closing.png
Component: component_1755502147413_90.png
centerX: 0.14107214832728737
centerY: 0.14314228685486172
width: 0.02176541717049577
height: 0.03364699173082407
Area: 0.00025089453729151357
CentroidX: 0.1530
CentroidY: 0.1550
