Location: Dedata_33.png_Mean-Medain.png
Component: component_1755502146730_338.png
centerX: 0.1954856912535268
centerY: 0.5503279155973767
width: 0.020556227327690448
height: 0.03051040775591674
Area: 0.00022181697525085718
CentroidX: 0.2082
CentroidY: 0.5620
