Location: Dedata_33.png_Gaussian-Closing.png
Component: component_1755502147261_194.png
centerX: 0.4482063683998388
centerY: 0.33219275734245796
width: 0.022168480451430876
height: 0.031080695751354435
Area: 0.00019883076019895488
CentroidX: 0.4610
CentroidY: 0.3439
