Location: Kurtxevani_1794_page_10.png_Mean-Medain.png
Component: component_1755610055084_2420.png
centerX: 0.3185271770894214
centerY: 0.7695019832525342
width: 0.015780245470485097
height: 0.01983252534156016
Area: 0.00015274612023566693
CentroidX: 0.3265
CentroidY: 0.7789
