Location: internet_5.png_Gaussian-Median.png
Component: component_1755094087064_273.png
centerX: 0.671906489318823
centerY: 0.7887082976903336
width: 0.037081821846029824
height: 0.02480752780153978
Area: 0.0003422647421228252
CentroidX: 0.6929
CentroidY: 0.7976
