Location: Dedata_33.png_Gaussian-Closing.png
Component: component_1755502147101_37.png
centerX: 0.6880290205562273
centerY: 0.05503279155973767
width: 0.023377670294236194
height: 0.03421727972626176
Area: 0.0002979013470726538
CentroidX: 0.6991
CentroidY: 0.0690
