Location: Dedata_33.png_Gaussian-Median.png
Component: component_1755502146818_37.png
centerX: 0.5417170495767836
centerY: 0.05389221556886228
width: 0.02257154373236598
height: 0.03450242372398061
Area: 0.0003259445294359746
CentroidX: 0.5521
CentroidY: 0.0679
