Location: internet_5.png_Mean-Medain.png
Component: component_1755094087391_182.png
centerX: 0.2760983474405482
centerY: 0.5292272597661819
width: 0.060459492140266025
height: 0.03222127174222983
Area: 0.0005820109651141662
CentroidX: 0.3096
CentroidY: 0.5413
