Location: Dedata_33.png_Mean-Medain.png
Component: component_1755502146719_292.png
centerX: 0.8988311164852882
centerY: 0.4644995722840034
width: 0.01894397420395002
height: 0.030795551753635585
Area: 0.00021158810955276066
CentroidX: 0.9105
CentroidY: 0.4761
