Location: internet_5.png_Mean-Medain.png
Component: component_1755094087395_200.png
centerX: 0.19790407093913745
centerY: 0.5831194753350442
width: 0.044740024183796856
height: 0.026518391787852865
Area: 0.0004419099843728217
CentroidX: 0.2230
CentroidY: 0.5929
