Location: Dedata_33.png_Mean-Medain.png
Component: component_1755502146685_104.png
centerX: 0.8919790407093914
centerY: 0.1822070145423439
width: 0.02257154373236598
height: 0.03307670373538637
Area: 0.00025939943686071747
CentroidX: 0.9045
CentroidY: 0.1941
