Location: internet_5.png_Mean-Closing.png
Component: component_1755094087485_95.png
centerX: 0.44740024183796856
centerY: 0.2671799258625606
width: 0.03667875856509472
height: 0.0290846877673225
Area: 0.0004671948209299142
CentroidX: 0.4681
CentroidY: 0.2791
