Location: Dedata_33.png_Mean-Closing.png
Component: component_1755502147411_81.png
centerX: 0.1841999193873438
centerY: 0.1394354148845167
width: 0.02015316404675534
height: 0.032506415739948676
Area: 0.000244918121378019
CentroidX: 0.1956
CentroidY: 0.1511
