Location: Dedata_33.png_Gaussian-Closing.png
Component: component_1755502147288_272.png
centerX: 0.5896815800080613
centerY: 0.4776161961790704
width: 0.022974607013301087
height: 0.034787567721699456
Area: 0.00031652018126469465
CentroidX: 0.6038
CentroidY: 0.4906
