Location: Dedata_33.png_Gaussian-Median.png
Component: component_1755502146813_20.png
centerX: 0.2494961708988311
centerY: 0.010835471913316224
width: 0.023377670294236194
height: 0.032506415739948676
Area: 0.00032617439158649363
CentroidX: 0.2599
CentroidY: 0.0238
