Location: Dedata_33.png_Gaussian-Median.png
Component: component_1755502146811_8.png
centerX: 0.8222490931076178
centerY: 0.009124607927003137
width: 0.024586860137041516
height: 0.03165098374679213
Area: 0.00028859192997663334
CentroidX: 0.8343
CentroidY: 0.0216
