Location: internet_5.png_Gaussian-Closing.png
Component: component_1755094087610_73.png
centerX: 0.7259169689641274
centerY: 0.20587396635300828
width: 0.045949214026602174
height: 0.03222127174222983
Area: 0.0005106387673780096
CentroidX: 0.7517
CentroidY: 0.2181
