Location: internet_5.png_Mean-Medain.png
Component: component_1755094087397_208.png
centerX: 0.660217654171705
centerY: 0.6161961790704306
width: 0.046352277307537285
height: 0.029940119760479042
Area: 0.00046662016555361666
CentroidX: 0.6858
CentroidY: 0.6273
