Location: internet_5.png_Mean-Closing.png
Component: component_1755094087511_207.png
centerX: 0.600161225312374
centerY: 0.6181921870544625
width: 0.045949214026602174
height: 0.03051040775591674
Area: 0.0005022487988840652
CentroidX: 0.6229
CentroidY: 0.6323
