Location: Dedata_33.png_Gaussian-Median.png
Component: component_1755502146822_59.png
centerX: 0.739621120515921
centerY: 0.09466780724265754
width: 0.030632809351068116
height: 0.03051040775591674
Area: 0.0002922697243849377
CentroidX: 0.7566
CentroidY: 0.1051
