Location: Dedata_33.png_Gaussian-Median.png
Component: component_1755502146882_309.png
centerX: 0.9343006852075776
centerY: 0.4639292842885657
width: 0.019347037484885126
height: 0.033932135728542916
Area: 0.00022273642385293326
CentroidX: 0.9472
CentroidY: 0.4771
