Location: Dedata_33.png_Gaussian-Closing.png
Component: component_1755502147293_287.png
centerX: 0.014510278113663845
centerY: 0.5104077559167379
width: 0.018137847642079808
height: 0.03364699173082407
Area: 0.0002941086215890899
CentroidX: 0.0259
CentroidY: 0.5238
