Location: Dedata_33.png_Mean-Closing.png
Component: component_1755502147432_174.png
centerX: 0.932285368802902
centerY: 0.31223267750213857
width: 0.019347037484885126
height: 0.03279155973766752
Area: 0.00021250755815483677
CentroidX: 0.9438
CentroidY: 0.3237
