Location: internet_5.png_Gaussian-Median.png
Component: component_1755094087028_97.png
centerX: 0.6739218057234986
centerY: 0.25919589392643283
width: 0.04070939137444579
height: 0.02765896777872826
Area: 0.0004677694763062118
CentroidX: 0.6977
CentroidY: 0.2691
