Location: internet_5.png_Mean-Closing.png
Component: component_1755094087503_173.png
centerX: 0.73559048770657
centerY: 0.5035642999714856
width: 0.04232164449818621
height: 0.029369831765041345
Area: 0.00047064275318769956
CentroidX: 0.7598
CentroidY: 0.5145
