Location: Dedata_33.png_Mean-Medain.png
Component: component_1755502146742_383.png
centerX: 0.6029826682789198
centerY: 0.6224693470202453
width: 0.018137847642079808
height: 0.033932135728542916
Area: 0.00026215778266694574
CentroidX: 0.6138
CentroidY: 0.6355
