Location: Dedata_33.png_Gaussian-Median.png
Component: component_1755502146864_226.png
centerX: 0.10278113663845223
centerY: 0.3444539492443684
width: 0.03385731559854897
height: 0.033361847733105215
Area: 0.00033479422223095696
CentroidX: 0.1207
CentroidY: 0.3564
