Location: Dedata_33.png_Gaussian-Closing.png
Component: component_1755502147192_92.png
centerX: 0.6299879081015719
centerY: 0.1420017108639863
width: 0.019347037484885126
height: 0.031080695751354435
Area: 0.00024445839707698097
CentroidX: 0.6393
CentroidY: 0.1546
