Location: internet_5.png_Mean-Medain.png
Component: component_1755094087371_120.png
centerX: 0.07376058041112454
centerY: 0.3307670373538637
width: 0.04030632809351068
height: 0.031080695751354435
Area: 0.0005163853211409852
CentroidX: 0.0959
CentroidY: 0.3427
