Location: Dedata_33.png_Gaussian-Closing.png
Component: component_1755502147272_219.png
centerX: 0.5840386940749698
centerY: 0.37553464499572287
width: 0.020556227327690448
height: 0.037639007698887936
Area: 0.00029744162277161576
CentroidX: 0.5956
CentroidY: 0.3907
