Location: Dedata_33.png_Gaussian-Closing.png
Component: component_1755502147300_314.png
centerX: 0.08182184602982669
centerY: 0.5583119475335044
width: 0.022168480451430876
height: 0.02623324779013402
Area: 0.00020239362353199975
CentroidX: 0.0960
CentroidY: 0.5676
