Location: Kurtxevani_1794_page_10.png_Mean-Medain.png
Component: component_1755610054606_538.png
centerX: 0.20572764465225016
centerY: 0.10621419127368885
width: 0.01636469900642899
height: 0.013221683561040106
Area: 0.00011282091174236443
CentroidX: 0.2148
CentroidY: 0.1115
