Location: internet_5.png_Gaussian-Median.png
Component: component_1755094087044_178.png
centerX: 0.07053607416364369
centerY: 0.4887368120901055
width: 0.04393389762192664
height: 0.028514399771884802
Area: 0.0004459325720069046
CentroidX: 0.0964
CentroidY: 0.4988
