Location: Dedata_33.png_Gaussian-Closing.png
Component: component_1755502147071_30.png
centerX: 0.5006045949214026
centerY: 0.05332192757342458
width: 0.020959290608625555
height: 0.03279155973766752
Area: 0.00030640624664185766
CentroidX: 0.5114
CentroidY: 0.0663
