Location: internet_5.png_Gaussian-Median.png
Component: component_1755094087043_172.png
centerX: 0.39298669891172916
centerY: 0.47305389221556887
width: 0.03829101168883515
height: 0.028514399771884802
Area: 0.00041846404501988133
CentroidX: 0.4142
CentroidY: 0.4836
