Location: internet_5.png_Mean-Closing.png
Component: component_1755094087494_140.png
centerX: 0.8182184602982668
centerY: 0.40347875677216993
width: 0.045949214026602174
height: 0.026803535785571715
Area: 0.00048259558501468876
CentroidX: 0.8440
CentroidY: 0.4141
