Location: Kurtxevani_1764_page_10.png_Otsu.png
Component: component_1755610055934_1287.png
centerX: 0.8944983818770227
centerY: 0.5079513564078578
width: 0.020711974110032363
height: 0.017305893358278764
Area: 0.00022886828267049326
CentroidX: 0.9060
CentroidY: 0.5153
