Location: Dedata_33.png_Gaussian-Median.png
Component: component_1755502146895_363.png
centerX: 0.04393389762192664
centerY: 0.5608782435129741
width: 0.02015316404675534
height: 0.02566295979469632
Area: 0.0001907855849307891
CentroidX: 0.0564
CentroidY: 0.5708
