Location: internet_5.png_Mean-Medain.png
Component: component_1755094087381_148.png
centerX: 0.4417573559048771
centerY: 0.42258340461933275
width: 0.03990326481257558
height: 0.029654975762760195
Area: 0.0004850091375951385
CentroidX: 0.4641
CentroidY: 0.4344
