Location: Dedata_33.png_Gaussian-Median.png
Component: component_1755502146884_314.png
centerX: 0.6896412736799677
centerY: 0.47191331622469346
width: 0.018137847642079808
height: 0.029940119760479042
Area: 0.0001899810674039725
CentroidX: 0.7004
CentroidY: 0.4836
