Location: Dedata_33.png_Mean-Closing.png
Component: component_1755502147423_129.png
centerX: 0.6009673518742442
centerY: 0.23239235814086112
width: 0.02015316404675534
height: 0.030795551753635585
Area: 0.00023147118557265614
CentroidX: 0.6133
CentroidY: 0.2444
