Location: internet_5.png_Mean-Closing.png
Component: component_1755094087470_20.png
centerX: 0.5937122128174124
centerY: 0.05360707157114343
width: 0.041112454655380895
height: 0.03507271171941831
Area: 0.0006556817843555131
CentroidX: 0.6194
CentroidY: 0.0664
