Location: internet_5.png_Mean-Medain.png
Component: component_1755094087339_71.png
centerX: 0.8395808141878275
centerY: 0.20387795836897632
width: 0.03385731559854897
height: 0.02623324779013402
Area: 0.0003720318906150387
CentroidX: 0.8587
CentroidY: 0.2139
