Location: internet_5.png_Mean-Closing.png
Component: component_1755094087480_70.png
centerX: 0.8395808141878275
centerY: 0.20387795836897632
width: 0.03385731559854897
height: 0.02623324779013402
Area: 0.0003708825798624436
CentroidX: 0.8587
CentroidY: 0.2139
