Location: Dedata_33.png_Mean-Closing.png
Component: component_1755502147396_14.png
centerX: 0.4445787988714228
centerY: 0.010550327915597377
width: 0.023377670294236194
height: 0.031080695751354435
Area: 0.00029422355266434943
CentroidX: 0.4558
CentroidY: 0.0221
