Location: internet_5.png_Gaussian-Closing.png
Component: component_1755094087582_1.png
centerX: 0.42200725513905685
centerY: 0.006273167949814656
width: 0.036275695284159616
height: 0.03507271171941831
Area: 0.0005729314101686648
CentroidX: 0.4427
CentroidY: 0.0205
