Location: internet_5.png_Mean-Closing.png
Component: component_1755094087507_189.png
centerX: 0.7239016525594518
centerY: 0.5625891074992871
width: 0.04191858121725111
height: 0.029654975762760195
Area: 0.00042558977168597107
CentroidX: 0.7471
CentroidY: 0.5735
