Location: internet_5.png_Gaussian-Median.png
Component: component_1755094087013_31.png
centerX: 0.062071745264006446
centerY: 0.06301682349586542
width: 0.046352277307537285
height: 0.03507271171941831
Area: 0.00063993622704496
CentroidX: 0.0870
CentroidY: 0.0788
