Location: Dedata_33.png_Mean-Closing.png
Component: component_1755502147411_80.png
centerX: 0.5840386940749698
centerY: 0.13857998289136014
width: 0.020556227327690448
height: 0.036213287710293696
Area: 0.0002908905514818236
CentroidX: 0.5940
CentroidY: 0.1527
