Location: Dedata_33.png_Mean-Closing.png
Component: component_1755502147410_75.png
centerX: 0.7214832728738412
centerY: 0.13743940690048476
width: 0.02015316404675534
height: 0.032506415739948676
Area: 0.0002580202639576033
CentroidX: 0.7319
CentroidY: 0.1500
