Location: Dedata_33.png_Mean-Closing.png
Component: component_1755502147398_28.png
centerX: 0.7638049173720274
centerY: 0.05218135158254919
width: 0.0237807335751713
height: 0.0290846877673225
Area: 0.0002620428515916862
CentroidX: 0.7757
CentroidY: 0.0631
