Location: Dedata_33.png_Mean-Medain.png
Component: component_1755502146703_194.png
centerX: 0.7230955259975816
centerY: 0.31679498146564017
width: 0.02418379685610641
height: 0.031936127744510975
Area: 0.0002168749390146982
CentroidX: 0.7379
CentroidY: 0.3293
