Location: Dedata_33.png_Mean-Closing.png
Component: component_1755502147433_180.png
centerX: 0.6537686416767432
centerY: 0.3213572854291417
width: 0.022168480451430876
height: 0.035357855717137156
Area: 0.00020848497052075384
CentroidX: 0.6652
CentroidY: 0.3338
