Location: internet_5.png_Gaussian-Closing.png
Component: component_1755094087631_156.png
centerX: 0.8742442563482467
centerY: 0.45052751639577987
width: 0.042724707779121324
height: 0.031080695751354435
Area: 0.00046121840501641965
CentroidX: 0.8992
CentroidY: 0.4615
