Location: Dedata_33.png_Gaussian-Median.png
Component: component_1755502146824_64.png
centerX: 0.4026602176541717
centerY: 0.09637867122897063
width: 0.027408303103587262
height: 0.029369831765041345
Area: 0.00025618136675345114
CentroidX: 0.4171
CentroidY: 0.1060
