Location: internet_5.png_Gaussian-Closing.png
Component: component_1755094087620_113.png
centerX: 0.4260378879484079
centerY: 0.31622469347020243
width: 0.04030632809351068
height: 0.03222127174222983
Area: 0.00045570171340396305
CentroidX: 0.4493
CentroidY: 0.3282
