Location: Dedata_33.png_Gaussian-Median.png
Component: component_1755502146873_282.png
centerX: 0.8935912938331319
centerY: 0.41146278870829767
width: 0.0237807335751713
height: 0.035642999714856
Area: 0.0003079003506202313
CentroidX: 0.9065
CentroidY: 0.4245
