Location: Dedata_33.png_Gaussian-Median.png
Component: component_1755502146812_17.png
centerX: 0.02418379685610641
centerY: 0.010835471913316224
width: 0.022974607013301087
height: 0.029369831765041345
Area: 0.00027158213083822565
CentroidX: 0.0347
CentroidY: 0.0223
