Location: Dedata_33.png_Gaussian-Closing.png
Component: component_1755502147281_250.png
centerX: 0.4752116082224909
centerY: 0.4342743085258055
width: 0.022168480451430876
height: 0.036213287710293696
Area: 0.00033513901545673553
CentroidX: 0.4879
CentroidY: 0.4477
