Location: Dedata_33.png_Gaussian-Closing.png
Component: component_1755502147276_232.png
centerX: 0.13502619911326078
centerY: 0.4031936127744511
width: 0.0237807335751713
height: 0.035642999714856
Area: 0.0002697432336340735
CentroidX: 0.1488
CentroidY: 0.4169
