Location: internet_5.png_Mean-Medain.png
Component: component_1755094087385_163.png
centerX: 0.513099556630391
centerY: 0.4656401482748788
width: 0.037484885126964934
height: 0.033361847733105215
Area: 0.0004668500277041357
CentroidX: 0.5347
CentroidY: 0.4780
