Location: internet_5.png_Mean-Medain.png
Component: component_1755094087349_97.png
centerX: 0.3861346231358323
centerY: 0.27003136583974907
width: 0.03909713825070536
height: 0.028229255774165955
Area: 0.00047535492727333954
CentroidX: 0.4091
CentroidY: 0.2803
