Location: Dedata_33.png_Gaussian-Closing.png
Component: component_1755502147308_342.png
centerX: 0.08424022571543732
centerY: 0.6093527231251782
width: 0.02418379685610641
height: 0.031080695751354435
Area: 0.0002539976763235204
CentroidX: 0.0998
CentroidY: 0.6212
