Location: Dedata_33.png_Gaussian-Median.png
Component: component_1755502146902_387.png
centerX: 0.22853688029020555
centerY: 0.5996578272027374
width: 0.022974607013301087
height: 0.03279155973766752
Area: 0.00025744560858130576
CentroidX: 0.2430
CentroidY: 0.6122
