Location: Dedata_33.png_Gaussian-Median.png
Component: component_1755502146897_369.png
centerX: 0.8238613462313583
centerY: 0.5660108354719133
width: 0.0177347843611447
height: 0.03507271171941831
Area: 0.00023526391105622004
CentroidX: 0.8342
CentroidY: 0.5797
