Location: Dedata_33.png_Gaussian-Closing.png
Component: component_1755502147262_195.png
centerX: 0.4131398629584845
centerY: 0.3324779013401768
width: 0.021362353889560662
height: 0.035357855717137156
Area: 0.00023342501385206784
CentroidX: 0.4254
CentroidY: 0.3461
