Location: Kurtxevani_1794_page_10.png_Mean-Medain.png
Component: component_1755610054755_692.png
centerX: 0.48451198129748685
centerY: 0.15733803437637725
width: 0.017533606078316773
height: 0.013662406346408109
Area: 0.000139609438731419
CentroidX: 0.4943
CentroidY: 0.1626
