Location: internet_5.png_Gaussian-Closing.png
Component: component_1755094087647_217.png
centerX: 0.13583232567513098
centerY: 0.6384374108925007
width: 0.04030632809351068
height: 0.02566295979469632
Area: 0.0003869729303987752
CentroidX: 0.1583
CentroidY: 0.6479
