Location: Kurtxevani_1764_page_10.png_Otsu.png
Component: component_1755610055833_602.png
centerX: 0.3016181229773463
centerY: 0.17212347988774557
width: 0.017475728155339806
height: 0.017305893358278764
Area: 0.00015106517599547108
CentroidX: 0.3113
CentroidY: 0.1792
