Location: internet_5.png_Mean-Medain.png
Component: component_1755094087391_181.png
centerX: 0.3498589278516727
centerY: 0.525235243798118
width: 0.03829101168883515
height: 0.03051040775591674
Area: 0.00042903770394375643
CentroidX: 0.3705
CentroidY: 0.5366
