Location: Kurtxevani_1764_page_10.png_Otsu.png
Component: component_1755610055887_999.png
centerX: 0.5320388349514563
centerY: 0.35640785781103834
width: 0.018122977346278317
height: 0.01683816651075772
Area: 0.00017134847617923172
CentroidX: 0.5421
CentroidY: 0.3632
