Location: internet_5.png_Gaussian-Median.png
Component: component_1755094087056_236.png
centerX: 0.6835953244659412
centerY: 0.666096378671229
width: 0.041515517936316
height: 0.029940119760479042
Area: 0.0004239807366323379
CentroidX: 0.7058
CentroidY: 0.6792
