Location: internet_5.png_Mean-Closing.png
Component: component_1755094087494_141.png
centerX: 0.7533252720677146
centerY: 0.40633019674935844
width: 0.04554615074566707
height: 0.028229255774165955
Area: 0.0004884570698529239
CentroidX: 0.7773
CentroidY: 0.4180
