Location: Dedata_33.png_Mean-Closing.png
Component: component_1755502147407_61.png
centerX: 0.13180169286577992
centerY: 0.09780439121756487
width: 0.020959290608625555
height: 0.033361847733105215
Area: 0.00023181597879843468
CentroidX: 0.1416
CentroidY: 0.1095
