Location: Dedata_33.png_Mean-Medain.png
Component: component_1755502146718_289.png
centerX: 0.04836759371221282
centerY: 0.4593669803250642
width: 0.02418379685610641
height: 0.03307670373538637
Area: 0.00028158113438580314
CentroidX: 0.0639
CentroidY: 0.4718
