Location: internet_5.png_Mean-Closing.png
Component: component_1755094087479_63.png
centerX: 0.062071745264006446
centerY: 0.17365269461077845
width: 0.036275695284159616
height: 0.038209295694325636
Area: 0.0005672997874809488
CentroidX: 0.0843
CentroidY: 0.1889
