Location: Dedata_33.png_Gaussian-Closing.png
Component: component_1755502147308_343.png
centerX: 0.9347037484885127
centerY: 0.6104932991160537
width: 0.01894397420395002
height: 0.031080695751354435
Area: 0.00022043780234774305
CentroidX: 0.9467
CentroidY: 0.6223
