Location: Dedata_33.png_Gaussian-Closing.png
Component: component_1755502147069_26.png
centerX: 0.8540910923014914
centerY: 0.05132591958939264
width: 0.03426037887948408
height: 0.03051040775591674
Area: 0.00037777844437801426
CentroidX: 0.8716
CentroidY: 0.0626
