Location: Dedata_33.png_Mean-Closing.png
Component: component_1755502147434_186.png
centerX: 0.5163240628778718
centerY: 0.32934131736526945
width: 0.020959290608625555
height: 0.033361847733105215
Area: 0.00020928948804757044
CentroidX: 0.5290
CentroidY: 0.3418
