Location: Dedata_33.png_Gaussian-Median.png
Component: component_1755502146869_252.png
centerX: 0.4820636839983877
centerY: 0.38095238095238093
width: 0.019347037484885126
height: 0.03307670373538637
Area: 0.00023779239471192928
CentroidX: 0.4921
CentroidY: 0.3938
