Location: Dedata_33.png_Mean-Closing.png
Component: component_1755502147441_214.png
centerX: 0.513099556630391
centerY: 0.3775306529797548
width: 0.0237807335751713
height: 0.03735386370116909
Area: 0.00031525593943684
CentroidX: 0.5268
CentroidY: 0.3921
