Location: Dedata_33.png_Gaussian-Median.png
Component: component_1755502146857_185.png
centerX: 0.23538895606610238
centerY: 0.28970630168234957
width: 0.020556227327690448
height: 0.035357855717137156
Area: 0.00024629729428113313
CentroidX: 0.2462
CentroidY: 0.3041
