Location: Dedata_33.png_Mean-Medain.png
Component: component_1755502146696_161.png
centerX: 0.8613462313583232
centerY: 0.26974622184203023
width: 0.029423619508262798
height: 0.031080695751354435
Area: 0.0003450230879290535
CentroidX: 0.8782
CentroidY: 0.2814
