Location: Dedata_33.png_Gaussian-Closing.png
Component: component_1755502147309_349.png
centerX: 0.781136638452237
centerY: 0.6144853150841175
width: 0.017331721080209594
height: 0.03165098374679213
Area: 0.0002179093186920338
CentroidX: 0.7912
CentroidY: 0.6274
