Location: Dedata_33.png_Mean-Medain.png
Component: component_1755502146671_35.png
centerX: 0.7243047158403869
centerY: 0.05389221556886228
width: 0.022168480451430876
height: 0.030795551753635585
Area: 0.0002746852698702325
CentroidX: 0.7353
CentroidY: 0.0658
