Location: Dedata_33.png_Mean-Medain.png
Component: component_1755502146685_106.png
centerX: 0.9665457476823861
centerY: 0.18192187054462503
width: 0.020556227327690448
height: 0.030795551753635585
Area: 0.0002473316739584687
CentroidX: 0.9771
CentroidY: 0.1927
