Location: internet_5.png_Mean-Closing.png
Component: component_1755094087515_227.png
centerX: 0.45102781136638453
centerY: 0.6763615625891075
width: 0.04393389762192664
height: 0.034787567721699456
Area: 0.0005121328713563832
CentroidX: 0.4733
CentroidY: 0.6912
