Location: Dedata_33.png_Gaussian-Closing.png
Component: component_1755502147272_218.png
centerX: 0.656590084643289
centerY: 0.37097234103222126
width: 0.021362353889560662
height: 0.03649843170801255
Area: 0.0002970968295458372
CentroidX: 0.6684
CentroidY: 0.3856
