Location: internet_5.png_Mean-Closing.png
Component: component_1755094087482_79.png
centerX: 0.39621120515921
centerY: 0.2209865982321072
width: 0.03869407496977025
height: 0.026803535785571715
Area: 0.0004535180229740324
CentroidX: 0.4189
CentroidY: 0.2310
