Location: Kurtxevani_1764_page_10.png_Otsu.png
Component: component_1755610056012_2033.png
centerX: 0.2912621359223301
centerY: 0.8465855940130963
width: 0.018122977346278317
height: 0.01683816651075772
Area: 0.00016832111794284953
CentroidX: 0.3014
CentroidY: 0.8532
