Location: internet_5.png_Mean-Medain.png
Component: component_1755094087320_51.png
centerX: 0.9137444578798871
centerY: 0.15426290276589677
width: 0.04030632809351068
height: 0.026803535785571715
Area: 0.000450070090716247
CentroidX: 0.9368
CentroidY: 0.1642
