Location: internet_5.png_Gaussian-Median.png
Component: component_1755094087044_177.png
centerX: 0.014107214832728738
centerY: 0.48845166809238666
width: 0.035872632003224506
height: 0.03165098374679213
Area: 0.0004465072273832022
CentroidX: 0.0358
CentroidY: 0.5003
