Location: Dedata_33.png_Mean-Medain.png
Component: component_1755502146747_410.png
centerX: 0.607416364369206
centerY: 0.6769318505845452
width: 0.018540910923014912
height: 0.033932135728542916
Area: 0.00024422853492646194
CentroidX: 0.6196
CentroidY: 0.6904
