Location: Dedata_33.png_Mean-Medain.png
Component: component_1755502146728_329.png
centerX: 0.5501813784764208
centerY: 0.5346449957228401
width: 0.019347037484885126
height: 0.03136583974907328
Area: 0.0002060714179403041
CentroidX: 0.5628
CentroidY: 0.5464
