Location: Dedata_33.png_Mean-Closing.png
Component: component_1755502147421_122.png
centerX: 0.8758565094719871
centerY: 0.22697462218420303
width: 0.020959290608625555
height: 0.03279155973766752
Area: 0.00023147118557265614
CentroidX: 0.8874
CentroidY: 0.2380
