Location: Dedata_33.png_Mean-Medain.png
Component: component_1755502146734_359.png
centerX: 0.44256348246674726
centerY: 0.5851154833190761
width: 0.01894397420395002
height: 0.037639007698887936
Area: 0.00027640923599912517
CentroidX: 0.4549
CentroidY: 0.5994
