Location: Dedata_33.png_Gaussian-Closing.png
Component: component_1755502147243_174.png
centerX: 0.0237807335751713
centerY: 0.29597946963216426
width: 0.021362353889560662
height: 0.033932135728542916
Area: 0.0002679043364299213
CentroidX: 0.0354
CentroidY: 0.3091
