Location: internet_5.png_Gaussian-Median.png
Component: component_1755094087048_199.png
centerX: 0.777509068923821
centerY: 0.5600228115198175
width: 0.04232164449818621
height: 0.027944111776447105
Area: 0.00040340807416088534
CentroidX: 0.8007
CentroidY: 0.5704
