Location: internet_5.png_Gaussian-Median.png
Component: component_1755094087066_282.png
centerX: 0.013301088270858524
centerY: 0.7995437696036498
width: 0.03990326481257558
height: 0.03136583974907328
Area: 0.0004369679481366627
CentroidX: 0.0377
CentroidY: 0.8128
