Location: internet_5.png_Mean-Closing.png
Component: component_1755094087488_107.png
centerX: 0.785167271261588
centerY: 0.30624465355004277
width: 0.03990326481257558
height: 0.03222127174222983
Area: 0.00043742767243770073
CentroidX: 0.8085
CentroidY: 0.3172
