Location: Dedata_33.png_Gaussian-Closing.png
Component: component_1755502147272_220.png
centerX: 0.513099556630391
centerY: 0.3775306529797548
width: 0.023377670294236194
height: 0.03735386370116909
Area: 0.0003029583143840723
CentroidX: 0.5267
CentroidY: 0.3927
