Location: internet_5.png_Mean-Medain.png
Component: component_1755094087403_228.png
centerX: 0.5727529222087868
centerY: 0.6706586826347305
width: 0.036275695284159616
height: 0.028514399771884802
Area: 0.00042168211512714766
CentroidX: 0.5936
CentroidY: 0.6830
