Location: Dedata_33.png_Gaussian-Median.png
Component: component_1755502146831_105.png
centerX: 0.060056428859330914
centerY: 0.14941545480467636
width: 0.021362353889560662
height: 0.032506415739948676
Area: 0.00024032087836763853
CentroidX: 0.0722
CentroidY: 0.1614
