Location: Dedata_33.png_Gaussian-Closing.png
Component: component_1755502147318_377.png
centerX: 0.7952438532849657
centerY: 0.6675220986598233
width: 0.020556227327690448
height: 0.03136583974907328
Area: 0.0002560664356781916
CentroidX: 0.8067
CentroidY: 0.6798
