Location: internet_5.png_Gaussian-Closing.png
Component: component_1755094087689_240.png
centerX: 0.6614268440145102
centerY: 0.7268320501853436
width: 0.04796453043127771
height: 0.0290846877673225
Area: 0.000424900185234414
CentroidX: 0.6883
CentroidY: 0.7369
