Location: internet_5.png_Gaussian-Closing.png
Component: component_1755094087630_154.png
centerX: 0.07496977025392987
centerY: 0.44026233247790136
width: 0.039500201531640466
height: 0.029369831765041345
Area: 0.0004358186373840676
CentroidX: 0.0975
CentroidY: 0.4516
