Location: Dedata_33.png_Mean-Medain.png
Component: component_1755502146679_69.png
centerX: 0.054816606207174524
centerY: 0.10293698317650414
width: 0.01652559451833938
height: 0.029369831765041345
Area: 0.00018837203235033933
CentroidX: 0.0636
CentroidY: 0.1137
