Location: Dedata_33.png_Gaussian-Median.png
Component: component_1755502146872_277.png
centerX: 0.09391374445787988
centerY: 0.40718562874251496
width: 0.0237807335751713
height: 0.03165098374679213
Area: 0.00024124032696971464
CentroidX: 0.1082
CentroidY: 0.4191
