Location: internet_5.png_Gaussian-Median.png
Component: component_1755094087019_60.png
centerX: 0.5445384925433293
centerY: 0.16538351867693185
width: 0.04675534058847239
height: 0.027944111776447105
Area: 0.0005058116622171101
CentroidX: 0.5693
CentroidY: 0.1777
