Location: Paraklitoni_1720_page_10.png_Mean-Medain.png
Component: component_1755610055177_189.png
centerX: 0.6166158536585366
centerY: 0.07719298245614035
width: 0.013719512195121951
height: 0.011027568922305764
Area: 7.335411699981662e-05
CentroidX: 0.6241
CentroidY: 0.0814
