Location: Dedata_33.png_Gaussian-Median.png
Component: component_1755502146874_287.png
centerX: 0.7638049173720274
centerY: 0.4180211006558312
width: 0.02257154373236598
height: 0.03706871970345024
Area: 0.00031858894061936584
CentroidX: 0.7762
CentroidY: 0.4319
