Location: internet_5.png_Mean-Closing.png
Component: component_1755094087516_230.png
centerX: 0.2587666263603386
centerY: 0.6849158825206729
width: 0.05038291011688835
height: 0.026803535785571715
Area: 0.0005035130407119199
CentroidX: 0.2870
CentroidY: 0.6951
