Location: internet_5.png_Mean-Medain.png
Component: component_1755094087375_130.png
centerX: 0.437726723095526
centerY: 0.36840604505275165
width: 0.0354695687222894
height: 0.03136583974907328
Area: 0.00044846105566261383
CentroidX: 0.4583
CentroidY: 0.3796
