Location: Dedata_33.png_Mean-Closing.png
Component: component_1755502147478_244.png
centerX: 0.47480854494155583
centerY: 0.4342743085258055
width: 0.02257154373236598
height: 0.036213287710293696
Area: 0.00033950639631659694
CentroidX: 0.4878
CentroidY: 0.4475
