Location: internet_5.png_Mean-Medain.png
Component: component_1755094087390_177.png
centerX: 0.6025796049979847
centerY: 0.5106928999144568
width: 0.04232164449818621
height: 0.03507271171941831
Area: 0.0005083401458728194
CentroidX: 0.6277
CentroidY: 0.5230
