Location: Dedata_33.png_Gaussian-Median.png
Component: component_1755502146890_339.png
centerX: 0.7900040306328093
centerY: 0.5206729398346165
width: 0.018137847642079808
height: 0.035357855717137156
Area: 0.00025962929901123644
CentroidX: 0.8012
CentroidY: 0.5347
