Location: internet_5.png_Mean-Medain.png
Component: component_1755094087389_176.png
centerX: 0.6650544135429263
centerY: 0.5067008839463929
width: 0.0471584038694075
height: 0.02879954376960365
Area: 0.0004647812683494645
CentroidX: 0.6916
CentroidY: 0.5175
