Location: Dedata_33.png_Gaussian-Closing.png
Component: component_1755502147227_131.png
centerX: 0.5344619105199516
centerY: 0.23182207014542344
width: 0.019750100765820233
height: 0.035357855717137156
Area: 0.0002650310595484335
CentroidX: 0.5447
CentroidY: 0.2450
