Location: internet_5.png_Gaussian-Closing.png
Component: component_1755094087681_232.png
centerX: 0.19951632406287786
centerY: 0.6857713145138294
width: 0.03829101168883515
height: 0.030795551753635585
Area: 0.0004301870146963515
CentroidX: 0.2209
CentroidY: 0.6990
