Location: internet_5.png_Mean-Closing.png
Component: component_1755094087492_130.png
centerX: 0.37726723095526
centerY: 0.37097234103222126
width: 0.041112454655380895
height: 0.02566295979469632
Area: 0.0004101890076011965
CentroidX: 0.3998
CentroidY: 0.3809
