Location: internet_5.png_Mean-Medain.png
Component: component_1755094087398_212.png
centerX: 0.4989923417976622
centerY: 0.6236099230111206
width: 0.041515517936316
height: 0.029940119760479042
Area: 0.0004856987240466956
CentroidX: 0.5207
CentroidY: 0.6366
