Location: internet_5.png_Mean-Closing.png
Component: component_1755094087498_158.png
centerX: 0.698105602579605
centerY: 0.4568006843455945
width: 0.03990326481257558
height: 0.029654975762760195
Area: 0.0004360484995345866
CentroidX: 0.7199
CentroidY: 0.4670
