Location: Dedata_33.png_Gaussian-Closing.png
Component: component_1755502147201_104.png
centerX: 0.8004836759371221
centerY: 0.1847733105218135
width: 0.0354695687222894
height: 0.032506415739948676
Area: 0.0003390466720155589
CentroidX: 0.8210
CentroidY: 0.1952
