Location: Dedata_33.png_Mean-Medain.png
Component: component_1755502146712_249.png
centerX: 0.25836356307940345
centerY: 0.3937838608497291
width: 0.02015316404675534
height: 0.03307670373538637
Area: 0.0002610084719143506
CentroidX: 0.2700
CentroidY: 0.4070
