Location: internet_5.png_Mean-Closing.png
Component: component_1755094087511_206.png
centerX: 0.7271261588069327
centerY: 0.6164813230681494
width: 0.04877065699314793
height: 0.02879954376960365
Area: 0.0004821358607136507
CentroidX: 0.7513
CentroidY: 0.6286
