Location: Dedata_33.png_Mean-Medain.png
Component: component_1755502146698_169.png
centerX: 0.494155582426441
centerY: 0.27858568577131454
width: 0.022168480451430876
height: 0.03307670373538637
Area: 0.00024043580944289804
CentroidX: 0.5068
CentroidY: 0.2909
