Location: internet_5.png_Mean-Closing.png
Component: component_1755094087515_225.png
centerX: 0.5727529222087868
centerY: 0.6709438266324493
width: 0.036275695284159616
height: 0.028229255774165955
Area: 0.000420188011148774
CentroidX: 0.5936
CentroidY: 0.6830
