Location: internet_5.png_Mean-Medain.png
Component: component_1755094087395_198.png
centerX: 0.33091495364772266
centerY: 0.5774165953806673
width: 0.04312777106005643
height: 0.029369831765041345
Area: 0.00044639229630794264
CentroidX: 0.3542
CentroidY: 0.5891
