Location: internet_5.png_Mean-Medain.png
Component: component_1755094087309_39.png
centerX: 0.4671503426037888
centerY: 0.11092101511263187
width: 0.04070939137444579
height: 0.03421727972626176
Area: 0.0006077555259722968
CentroidX: 0.4899
CentroidY: 0.1244
