Location: Dedata_33.png_Mean-Closing.png
Component: component_1755502147409_71.png
centerX: 0.460298266827892
centerY: 0.1365839749073282
width: 0.02015316404675534
height: 0.03792415169660679
Area: 0.0002933041040622733
CentroidX: 0.4690
CentroidY: 0.1511
