Location: Dedata_33.png_Gaussian-Closing.png
Component: component_1755502147238_160.png
centerX: 0.46311970979443773
centerY: 0.27944111776447106
width: 0.02015316404675534
height: 0.033361847733105215
Area: 0.00021158810955276066
CentroidX: 0.4750
CentroidY: 0.2921
