Location: internet_5.png_Gaussian-Median.png
Component: component_1755094087034_128.png
centerX: 0.9161628375654978
centerY: 0.35186769318505845
width: 0.042724707779121324
height: 0.027088679783290562
Area: 0.00042731373781486375
CentroidX: 0.9369
CentroidY: 0.3638
