Location: Dedata_33.png_Gaussian-Closing.png
Component: component_1755502147235_155.png
centerX: 0.634018540910923
centerY: 0.2737382378100941
width: 0.029423619508262798
height: 0.03051040775591674
Area: 0.00030721076416867423
CentroidX: 0.6516
CentroidY: 0.2846
