Location: Dedata_33.png_Gaussian-Closing.png
Component: component_1755502147280_245.png
centerX: 0.6606207174526401
centerY: 0.4234388366124893
width: 0.0237807335751713
height: 0.03706871970345024
Area: 0.00034456336362801544
CentroidX: 0.6729
CentroidY: 0.4373
