Location: internet_5.png_Mean-Medain.png
Component: component_1755094087401_223.png
centerX: 0.9032648125755743
centerY: 0.6643855146849159
width: 0.03667875856509472
height: 0.03136583974907328
Area: 0.0005062713865181481
CentroidX: 0.9253
CentroidY: 0.6766
