Location: Dedata_33.png_Mean-Closing.png
Component: component_1755502147684_357.png
centerX: 0.35066505441354295
centerY: 0.6429997148560023
width: 0.017331721080209594
height: 0.04020530367835757
Area: 0.0002553768492266345
CentroidX: 0.3607
CentroidY: 0.6593
