Location: Dedata_33.png_Gaussian-Median.png
Component: component_1755502146859_198.png
centerX: 0.8585247883917775
centerY: 0.3136583974907328
width: 0.02176541717049577
height: 0.031936127744510975
Area: 0.00022112738879930013
CentroidX: 0.8713
CentroidY: 0.3252
