Location: Dedata_33.png_Gaussian-Median.png
Component: component_1755502146902_388.png
centerX: 0.19427650141072147
centerY: 0.6010835471913316
width: 0.022974607013301087
height: 0.03592814371257485
Area: 0.000265375852774212
CentroidX: 0.2092
CentroidY: 0.6148
