Location: Dedata_33.png_Gaussian-Median.png
Component: component_1755502146874_283.png
centerX: 0.8649738008867393
centerY: 0.41317365269461076
width: 0.02015316404675534
height: 0.035642999714856
Area: 0.0003030732454593318
CentroidX: 0.8753
CentroidY: 0.4267
