Location: internet_5.png_Mean-Closing.png
Component: component_1755094087495_145.png
centerX: 0.5026199113260782
centerY: 0.42087254063301965
width: 0.03909713825070536
height: 0.027088679783290562
Area: 0.00045926457673700795
CentroidX: 0.5246
CentroidY: 0.4321
