Location: internet_5.png_Mean-Closing.png
Component: component_1755094087491_120.png
centerX: 0.022974607013301087
centerY: 0.3341887653264899
width: 0.035872632003224506
height: 0.03222127174222983
Area: 0.0005269589800648602
CentroidX: 0.0449
CentroidY: 0.3464
