Location: Dedata_33.png_Gaussian-Closing.png
Component: component_1755502147151_67.png
centerX: 0.6400644901249496
centerY: 0.09865982321072142
width: 0.026602176541717048
height: 0.031936127744510975
Area: 0.00029238465546019727
CentroidX: 0.6550
CentroidY: 0.1094
