Location: internet_5.png_Gaussian-Median.png
Component: component_1755094087046_185.png
centerX: 0.5392986698911729
centerY: 0.5163957798688338
width: 0.041515517936316
height: 0.029654975762760195
Area: 0.00044972529749046845
CentroidX: 0.5633
CentroidY: 0.5269
