Location: Dedata_33.png_Gaussian-Median.png
Component: component_1755502146833_116.png
centerX: 0.6545747682386135
centerY: 0.18619903051040776
width: 0.03305118903667876
height: 0.03051040775591674
Area: 0.00029951038212628695
CentroidX: 0.6751
CentroidY: 0.1968
