Location: internet_5.png_Mean-Closing.png
Component: component_1755094087476_50.png
centerX: 0.8621523579201935
centerY: 0.15397775876817793
width: 0.03667875856509472
height: 0.028229255774165955
Area: 0.00047742368662801073
CentroidX: 0.8837
CentroidY: 0.1649
