Location: Dedata_33.png_Gaussian-Closing.png
Component: component_1755502147234_149.png
centerX: 0.9419588875453446
centerY: 0.2686056458511548
width: 0.032648125755743655
height: 0.029940119760479042
Area: 0.00030939445459860496
CentroidX: 0.9617
CentroidY: 0.2795
