Location: internet_5.png_Gaussian-Median.png
Component: component_1755094087014_36.png
centerX: 0.8029020556227328
centerY: 0.10692899914456801
width: 0.03829101168883515
height: 0.031936127744510975
Area: 0.0005315562230752407
CentroidX: 0.8235
CentroidY: 0.1198
