Location: Dedata_33.png_Gaussian-Median.png
Component: component_1755502146824_65.png
centerX: 0.13180169286577992
centerY: 0.09780439121756487
width: 0.020959290608625555
height: 0.03364699173082407
Area: 0.00022825311546538984
CentroidX: 0.1415
CentroidY: 0.1097
