Location: internet_5.png_Gaussian-Median.png
Component: component_1755094087053_222.png
centerX: 0.4989923417976622
centerY: 0.6236099230111206
width: 0.041515517936316
height: 0.03022526375819789
Area: 0.0004580003349091533
CentroidX: 0.5208
CentroidY: 0.6367
