Location: Dedata_33.png_Mean-Closing.png
Component: component_1755502147700_403.png
centerX: 0.7089883111648528
centerY: 0.7268320501853436
width: 0.02015316404675534
height: 0.03706871970345024
Area: 0.00026319216234428134
CentroidX: 0.7211
CentroidY: 0.7413
