Location: Dedata_33.png_Mean-Medain.png
Component: component_1755502146741_379.png
centerX: 0.7492946392583636
centerY: 0.615340747077274
width: 0.020959290608625555
height: 0.03649843170801255
Area: 0.00025526191815137503
CentroidX: 0.7622
CentroidY: 0.6295
