Location: Kurtxevani_1794_page_10.png_Mean-Medain.png
Component: component_1755610055097_2486.png
centerX: 0.8819403857393338
centerY: 0.7844865579550463
width: 0.03974284044418469
height: 0.020273248126928163
Area: 0.00029827994474351143
CentroidX: 0.8988
CentroidY: 0.7922
