Location: internet_5.png_Gaussian-Median.png
Component: component_1755094087031_115.png
centerX: 0.6638452237001209
centerY: 0.3105218135158255
width: 0.04514308746473196
height: 0.023952095808383235
Area: 0.0003968570028710932
CentroidX: 0.6878
CentroidY: 0.3200
