Location: Dedata_33.png_Gaussian-Median.png
Component: component_1755502146893_355.png
centerX: 0.3305118903667876
centerY: 0.5426290276589678
width: 0.018540910923014912
height: 0.030795551753635585
Area: 0.00021273742030535577
CentroidX: 0.3427
CentroidY: 0.5549
