Location: Dedata_33.png_Gaussian-Median.png
Component: component_1755502146899_372.png
centerX: 0.6767432486900443
centerY: 0.572284003421728
width: 0.021362353889560662
height: 0.03507271171941831
Area: 0.0002757196495475681
CentroidX: 0.6900
CentroidY: 0.5854
