Location: internet_5.png_Mean-Closing.png
Component: component_1755094087489_111.png
centerX: 0.5425231761386538
centerY: 0.313373253493014
width: 0.037484885126964934
height: 0.028229255774165955
Area: 0.0004558166444792226
CentroidX: 0.5650
CentroidY: 0.3244
