Location: Dedata_33.png_Gaussian-Median.png
Component: component_1755502146856_182.png
centerX: 0.3301088270858525
centerY: 0.2857142857142857
width: 0.022974607013301087
height: 0.032506415739948676
Area: 0.0002494004333131399
CentroidX: 0.3430
CentroidY: 0.2980
