Location: Dedata_33.png_Mean-Medain.png
Component: component_1755502146710_225.png
centerX: 0.6561870213623539
centerY: 0.37097234103222126
width: 0.02176541717049577
height: 0.03649843170801255
Area: 0.00030422255621192693
CentroidX: 0.6683
CentroidY: 0.3850
