Location: internet_5.png_Mean-Medain.png
Component: component_1755094087355_106.png
centerX: 0.8887545344619106
centerY: 0.3011120615911035
width: 0.037081821846029824
height: 0.0290846877673225
Area: 0.00041570569921365306
CentroidX: 0.9108
CentroidY: 0.3114
