Location: Dedata_33.png_Gaussian-Median.png
Component: component_1755502146872_278.png
centerX: 0.05642885933091495
centerY: 0.40889649272882805
width: 0.020556227327690448
height: 0.03364699173082407
Area: 0.00024181498234601218
CentroidX: 0.0689
CentroidY: 0.4229
