Location: Dedata_33.png_Mean-Medain.png
Component: component_1755502146720_297.png
centerX: 0.7243047158403869
centerY: 0.47276874821785003
width: 0.03305118903667876
height: 0.027944111776447105
Area: 0.0002518139858935897
CentroidX: 0.7471
CentroidY: 0.4828
