Location: internet_5.png_Mean-Closing.png
Component: component_1755094087489_115.png
centerX: 0.3022974607013301
centerY: 0.31822070145423437
width: 0.04070939137444579
height: 0.030795551753635585
Area: 0.0005344294999567285
CentroidX: 0.3251
CentroidY: 0.3301
