Location: Dedata_33.png_Gaussian-Median.png
Component: component_1755502146871_272.png
centerX: 0.17573559048770657
centerY: 0.3983461648132307
width: 0.026602176541717048
height: 0.031080695751354435
Area: 0.00027882278857957487
CentroidX: 0.1911
CentroidY: 0.4097
