Location: internet_5.png_Gaussian-Median.png
Component: component_1755094087038_143.png
centerX: 0.07496977025392987
centerY: 0.3866552609067579
width: 0.03667875856509472
height: 0.02879954376960365
Area: 0.0004442086058780119
CentroidX: 0.0974
CentroidY: 0.3976
