Location: Dedata_33.png_Gaussian-Closing.png
Component: component_1755502147313_364.png
centerX: 0.31519548569125355
centerY: 0.6444254348445965
width: 0.019750100765820233
height: 0.03735386370116909
Area: 0.0002792825128806129
CentroidX: 0.3277
CentroidY: 0.6593
