Location: Dedata_33.png_Mean-Closing.png
Component: component_1755502147395_12.png
centerX: 0.2494961708988311
centerY: 0.010550327915597377
width: 0.023377670294236194
height: 0.03279155973766752
Area: 0.0003390466720155589
CentroidX: 0.2599
CentroidY: 0.0237
