Location: Dedata_33.png_Mean-Closing.png
Component: component_1755502147403_46.png
centerX: 0.06650544135429262
centerY: 0.05930995152552039
width: 0.020959290608625555
height: 0.02737382378100941
Area: 0.00023376980707784639
CentroidX: 0.0757
CentroidY: 0.0697
