Location: Dedata_33.png_Gaussian-Closing.png
Component: component_1755502147316_372.png
centerX: 0.8625554212011286
centerY: 0.6615340747077274
width: 0.02176541717049577
height: 0.036213287710293696
Area: 0.00027043282008563056
CentroidX: 0.8753
CentroidY: 0.6754
