Location: internet_5.png_Gaussian-Median.png
Component: component_1755094087008_3.png
centerX: 0.4719871019750101
centerY: 0.006273167949814656
width: 0.03829101168883515
height: 0.03450242372398061
Area: 0.0005790227571574189
CentroidX: 0.4955
CentroidY: 0.0198
