Location: internet_5.png_Gaussian-Median.png
Component: component_1755094087038_147.png
centerX: 0.8182184602982668
centerY: 0.40347875677216993
width: 0.046352277307537285
height: 0.026803535785571715
Area: 0.00045639129985552014
CentroidX: 0.8441
CentroidY: 0.4142
