Location: internet_5.png_Mean-Medain.png
Component: component_1755094087375_132.png
centerX: 0.3212414349052801
centerY: 0.37325349301397204
width: 0.04393389762192664
height: 0.0290846877673225
Area: 0.00045443747157610843
CentroidX: 0.3445
CentroidY: 0.3846
