Location: Dedata_33.png_Mean-Closing.png
Component: component_1755502147435_188.png
centerX: 0.4482063683998388
centerY: 0.33219275734245796
width: 0.022168480451430876
height: 0.030795551753635585
Area: 0.00020423252073615192
CentroidX: 0.4610
CentroidY: 0.3434
