Location: internet_5.png_Gaussian-Median.png
Component: component_1755094087019_58.png
centerX: 0.660217654171705
centerY: 0.15911035072711718
width: 0.03788794840790004
height: 0.029654975762760195
Area: 0.000464896199424724
CentroidX: 0.6832
CentroidY: 0.1702
