Location: internet_5.png_Mean-Medain.png
Component: component_1755094087375_133.png
centerX: 0.2591696896412737
centerY: 0.3758197889934417
width: 0.041515517936316
height: 0.03136583974907328
Area: 0.0004824806539394293
CentroidX: 0.2824
CentroidY: 0.3882
