Location: internet_5.png_Mean-Closing.png
Component: component_1755094087507_191.png
centerX: 0.5912938331318017
centerY: 0.5680068434559452
width: 0.03667875856509472
height: 0.031936127744510975
Area: 0.0004158206302889126
CentroidX: 0.6131
CentroidY: 0.5796
