Location: Dedata_33.png_Mean-Medain.png
Component: component_1755502146744_397.png
centerX: 0.1708988311164853
centerY: 0.6552609067579127
width: 0.019347037484885126
height: 0.03165098374679213
Area: 0.0002029682789082973
CentroidX: 0.1833
CentroidY: 0.6675
