Location: Kurtxevani_1764_page_10.png_Otsu.png
Component: component_1755610055930_1227.png
centerX: 0.598705501618123
centerY: 0.47988774555659497
width: 0.020711974110032363
height: 0.01777362020579981
Area: 0.0002001083794248625
CentroidX: 0.6100
CentroidY: 0.4871
