Location: internet_5.png_Gaussian-Median.png
Component: component_1755094087048_195.png
centerX: 0.06489318823055219
centerY: 0.5380667236954663
width: 0.039500201531640466
height: 0.026803535785571715
Area: 0.00040674107534341116
CentroidX: 0.0868
CentroidY: 0.5486
