Location: Dedata_33.png_Gaussian-Closing.png
Component: component_1755502147336_422.png
centerX: 0.3043127771060056
centerY: 0.7556315939549473
width: 0.019750100765820233
height: 0.036783575705731396
Area: 0.00026928350933303543
CentroidX: 0.3156
CentroidY: 0.7706
