Location: internet_5.png_Gaussian-Closing.png
Component: component_1755094087632_163.png
centerX: 0.4534461910519952
centerY: 0.4716281722269746
width: 0.041112454655380895
height: 0.027944111776447105
Area: 0.00043133632544894665
CentroidX: 0.4768
CentroidY: 0.4820
