Location: internet_5.png_Gaussian-Median.png
Component: component_1755094087057_238.png
centerX: 0.5727529222087868
centerY: 0.6709438266324493
width: 0.036275695284159616
height: 0.028229255774165955
Area: 0.0003980063136236883
CentroidX: 0.5937
CentroidY: 0.6830
