Location: internet_5.png_Mean-Medain.png
Component: component_1755094087387_167.png
centerX: 0.2660217654171705
centerY: 0.4801824921585401
width: 0.045949214026602174
height: 0.03307670373538637
Area: 0.0005213273573771442
CentroidX: 0.2930
CentroidY: 0.4918
