Location: Dedata_33.png_Mean-Closing.png
Component: component_1755502147680_343.png
centerX: 0.7807335751713019
centerY: 0.6144853150841175
width: 0.017331721080209594
height: 0.03165098374679213
Area: 0.0002220468374013762
CentroidX: 0.7912
CentroidY: 0.6273
