Location: internet_5.png_Gaussian-Median.png
Component: component_1755094087056_235.png
centerX: 0.7992744860943168
centerY: 0.6655260906757913
width: 0.03909713825070536
height: 0.03279155973766752
Area: 0.0004307616700726491
CentroidX: 0.8220
CentroidY: 0.6794
