Location: internet_5.png_Gaussian-Closing.png
Component: component_1755094087695_247.png
centerX: 0.2910116888351471
centerY: 0.737382378100941
width: 0.03829101168883515
height: 0.029940119760479042
Area: 0.0004317960497499847
CentroidX: 0.3138
CentroidY: 0.7493
