Location: Dedata_33.png_Mean-Closing.png
Component: component_1755502147473_241.png
centerX: 0.5908907698508666
centerY: 0.4257199885942401
width: 0.022168480451430876
height: 0.03792415169660679
Area: 0.0003336449114783619
CentroidX: 0.6034
CentroidY: 0.4400
