Location: Dedata_33.png_Gaussian-Closing.png
Component: component_1755502147197_99.png
centerX: 0.9314792422410318
centerY: 0.18192187054462503
width: 0.018137847642079808
height: 0.03307670373538637
Area: 0.000224920114282864
CentroidX: 0.9413
CentroidY: 0.1944
