Location: Dedata_33.png_Mean-Medain.png
Component: component_1755502146700_179.png
centerX: 0.1592099959693672
centerY: 0.2928428856572569
width: 0.02257154373236598
height: 0.03421727972626176
Area: 0.0002476764671842473
CentroidX: 0.1714
CentroidY: 0.3054
