Location: internet_5.png_Mean-Closing.png
Component: component_1755094087477_56.png
centerX: 0.6082224909310762
centerY: 0.16082121471343028
width: 0.03426037887948408
height: 0.03279155973766752
Area: 0.0005076505594212623
CentroidX: 0.6287
CentroidY: 0.1742
