Location: Dedata_33.png_Mean-Closing.png
Component: component_1755502147705_421.png
centerX: 0.16364369205965337
centerY: 0.7713145138294839
width: 0.023377670294236194
height: 0.03792415169660679
Area: 0.0002716970619134852
CentroidX: 0.1767
CentroidY: 0.7870
