Location: internet_5.png_Mean-Closing.png
Component: component_1755094087511_209.png
centerX: 0.49939540507859737
centerY: 0.6236099230111206
width: 0.04070939137444579
height: 0.029940119760479042
Area: 0.0004847792754446195
CentroidX: 0.5207
CentroidY: 0.6366
