Location: Dedata_33.png_Gaussian-Median.png
Component: component_1755502146870_261.png
centerX: 0.3688029020556227
centerY: 0.3872255489021956
width: 0.025796049979846837
height: 0.03421727972626176
Area: 0.0002860634463209241
CentroidX: 0.3841
CentroidY: 0.4008
