Location: Dedata_2.png_Mean-Medain.png
Component: component_1755523807287_229.png
centerX: 0.3935483870967742
centerY: 0.6152750071245369
width: 0.022983870967741935
height: 0.038472499287546306
Area: 0.0004171301446051168
CentroidX: 0.4025
CentroidY: 0.6328
