Location: internet_7.png_Gaussian-Closing.png
Component: component_1755093286179_9.png
centerX: 0.09068923821039904
centerY: 0.01454234388366125
width: 0.03506650544135429
height: 0.04562303963501568
Area: 0.0003796173415821665
CentroidX: 0.1053
CentroidY: 0.0372
