Location: internet_7.png_Mean-Medain.png
Component: component_1755093286457_268.png
centerX: 0.43450221684804513
centerY: 0.8229255774165953
width: 0.03143893591293833
height: 0.04562303963501568
Area: 0.00041961335577247647
CentroidX: 0.4491
CentroidY: 0.8442
