Location: Dedata_2.png_Gaussian-Median.png
Component: component_1755523807126_89.png
centerX: 0.7012096774193548
centerY: 0.21174123681960672
width: 0.03588709677419355
height: 0.04360216585921915
Area: 0.0005729506614328133
CentroidX: 0.7157
CentroidY: 0.2310
