Location: internet_7.png_Mean-Medain.png
Component: component_1755093286443_205.png
centerX: 0.6013704151551794
centerY: 0.6164813230681494
width: 0.039500201531640466
height: 0.04562303963501568
Area: 0.0005079953526470408
CentroidX: 0.6159
CentroidY: 0.6366
