Location: Dedata_2.png_Mean-Closing.png
Component: component_1755523807009_275.png
centerX: 0.896774193548387
centerY: 0.7532060416072955
width: 0.02379032258064516
height: 0.04018238814477059
Area: 0.0004586133352944962
CentroidX: 0.9067
CentroidY: 0.7712
