Location: Dedata_19.png_Gaussian-Closing.png
Component: component_1755511661524_301.png
centerX: 0.5592741935483871
centerY: 0.7911085779424337
width: 0.02217741935483871
height: 0.0438871473354232
Area: 0.0003821969313930078
CentroidX: 0.5680
CentroidY: 0.8117
