Location: internet_7.png_Gaussian-Closing.png
Component: component_1755093286205_116.png
centerX: 0.6553808948004837
centerY: 0.35015682919874536
width: 0.04070939137444579
height: 0.05246649558026804
Area: 0.0004109935251280131
CentroidX: 0.6770
CentroidY: 0.3763
