Location: Dedata_19.png_Gaussian-Closing.png
Component: component_1755511661510_252.png
centerX: 0.7467741935483871
centerY: 0.6622969506982046
width: 0.024596774193548387
height: 0.04616699914505557
Area: 0.0004409169049173094
CentroidX: 0.7562
CentroidY: 0.6844
