Location: internet_7.png_Gaussian-Closing.png
Component: component_1755093286187_41.png
centerX: 0.5872632003224506
centerY: 0.1234673510122612
width: 0.02539298669891173
height: 0.03992015968063872
Area: 0.0003389317409402994
CentroidX: 0.5978
CentroidY: 0.1438
