Location: internet_7.png_Gaussian-Closing.png
Component: component_1755093286217_162.png
centerX: 0.13139862958484483
centerY: 0.49700598802395207
width: 0.03426037887948408
height: 0.04847447961220416
Area: 0.00042432552985811645
CentroidX: 0.1464
CentroidY: 0.5193
