Location: internet_7.png_Otsu.png
Component: component_1755093286123_1077.png
centerX: 0.43571140669085046
centerY: 0.8243512974051896
width: 0.029423619508262798
height: 0.042486455660108356
Area: 0.00020630128009082314
CentroidX: 0.4500
CentroidY: 0.8435
