Location: Dedata_19.png_Gaussian-Median.png
Component: component_1755511661095_198.png
centerX: 0.37701612903225806
centerY: 0.5041322314049587
width: 0.025806451612903226
height: 0.04331718438301511
Area: 0.0004601071898068561
CentroidX: 0.3867
CentroidY: 0.5243
