Location: Dedata_19.png_Gaussian-Closing.png
Component: component_1755511661419_48.png
centerX: 0.14233870967741935
centerY: 0.07153035052721574
width: 0.022983870967741935
height: 0.05215161014534055
Area: 0.0004572343926677024
CentroidX: 0.1511
CentroidY: 0.0956
