Location: Dedata_19.png_Gaussian-Closing.png
Component: component_1755511661501_223.png
centerX: 0.1495967741935484
centerY: 0.5773724707893987
width: 0.02338709677419355
height: 0.04360216585921915
Area: 0.0004587282471800623
CentroidX: 0.1594
CentroidY: 0.5983
