Location: Dedata_2.png_Mean-Closing.png
Component: component_1755523806998_219.png
centerX: 0.01975806451612903
centerY: 0.585636933599316
width: 0.02056451612903226
height: 0.043032202906811055
Area: 0.0004042600134217082
CentroidX: 0.0282
CentroidY: 0.6057
