Location: internet_7.png_Mean-Closing.png
Component: component_1755093286334_158.png
centerX: 0.3675937122128174
centerY: 0.48902195608782434
width: 0.026602176541717048
height: 0.047619047619047616
Area: 0.00041248762910638673
CentroidX: 0.3771
CentroidY: 0.5114
