Location: internet_7.png_Otsu.png
Component: component_1755093286058_702.png
centerX: 0.30995566303909716
centerY: 0.49329911605360705
width: 0.02902055622732769
height: 0.04590818363273453
Area: 0.00028537385986936707
CentroidX: 0.3217
CentroidY: 0.5116
