Location: Dedata_19.png_Gaussian-Median.png
Component: component_1755511661084_154.png
centerX: 0.48266129032258065
centerY: 0.37817041892277004
width: 0.02258064516129032
height: 0.04360216585921915
Area: 0.0003981696834867024
CentroidX: 0.4909
CentroidY: 0.3990
