Location: internet_7.png_Otsu.png
Component: component_1755093286123_1076.png
centerX: 0.37122128174123337
centerY: 0.8240661534074708
width: 0.028617492946392584
height: 0.03507271171941831
Area: 0.00027353595911763735
CentroidX: 0.3820
CentroidY: 0.8393
