Location: Dedata_2.png_Mean-Medain.png
Component: component_1755523807256_95.png
centerX: 0.014516129032258065
centerY: 0.23795953263037903
width: 0.02943548387096774
height: 0.04132231404958678
Area: 0.0005343402678825877
CentroidX: 0.0257
CentroidY: 0.2572
