Location: Dedata_19.png_Gaussian-Closing.png
Component: component_1755511661514_268.png
centerX: 0.07701612903225806
centerY: 0.7061840980336278
width: 0.021370967741935483
height: 0.04132231404958678
Area: 0.0003445058329273113
CentroidX: 0.0850
CentroidY: 0.7269
