Location: Dedata_19.png_Mean-Closing.png
Component: component_1755511661987_94.png
centerX: 0.9459677419354838
centerY: 0.23510971786833856
width: 0.02620967741935484
height: 0.047021943573667714
Area: 0.00048446850954687946
CentroidX: 0.9563
CentroidY: 0.2566
