Location: internet_7.png_Mean-Closing.png
Component: component_1755093286351_241.png
centerX: 0.8762595727529222
centerY: 0.8226404334188765
width: 0.03385731559854897
height: 0.03706871970345024
Area: 0.0004435190194264549
CentroidX: 0.8934
CentroidY: 0.8398
