Location: Dedata_2.png_Gaussian-Median.png
Component: component_1755523807153_226.png
centerX: 0.10403225806451613
centerY: 0.5779424337418068
width: 0.01935483870967742
height: 0.04018238814477059
Area: 0.00036231717519006425
CentroidX: 0.1116
CentroidY: 0.5963
