Location: Dedata_2.png_Mean-Medain.png
Component: component_1755523807307_287.png
centerX: 0.6298387096774194
centerY: 0.7725847819891707
width: 0.025403225806451612
height: 0.042462239954402965
Area: 0.00047125364270677244
CentroidX: 0.6396
CentroidY: 0.7923
