Location: Dedata_2.png_Gaussian-Median.png
Component: component_1755523807115_33.png
centerX: 0.5423387096774194
centerY: 0.06469079509831861
width: 0.03306451612903226
height: 0.04360216585921915
Area: 0.0005226192555548405
CentroidX: 0.5558
CentroidY: 0.0836
