Location: Dedata_19.png_Gaussian-Closing.png
Component: component_1755511661498_216.png
centerX: 0.46169354838709675
centerY: 0.5628384155029923
width: 0.025806451612903226
height: 0.04673696209746366
Area: 0.000508255269859072
CentroidX: 0.4717
CentroidY: 0.5849
