Location: internet_7.png_Gaussian-Closing.png
Component: component_1755093286194_72.png
centerX: 0.9334945586457074
centerY: 0.22212717422298262
width: 0.035872632003224506
height: 0.03992015968063872
Area: 0.00043030194577161105
CentroidX: 0.9532
CentroidY: 0.2423
