Location: internet_7.png_Gaussian-Closing.png
Component: component_1755093286185_32.png
centerX: 0.13180169286577992
centerY: 0.07328200741374394
width: 0.024586860137041516
height: 0.04134587966923296
Area: 0.000274800200945492
CentroidX: 0.1417
CentroidY: 0.0935
