Location: Dedata_19.png_Otsu.png
Component: component_1755511661620_235.png
centerX: 0.1963709677419355
centerY: 0.3887147335423197
width: 0.02379032258064516
height: 0.04930179538330009
Area: 0.0004896395443973561
CentroidX: 0.2055
CentroidY: 0.4116
