Location: Dedata_19.png_Otsu.png
Component: component_1755511661615_214.png
centerX: 0.14475806451612902
centerY: 0.3285836420632659
width: 0.025
height: 0.047591906526075804
Area: 0.000487226394800467
CentroidX: 0.1542
CentroidY: 0.3509
