Location: Dedata_19.png_Otsu.png
Component: component_1755511661670_401.png
centerX: 0.3995967741935484
centerY: 0.8663436876603021
width: 0.01975806451612903
height: 0.04331718438301511
Area: 0.0003571461403395876
CentroidX: 0.4076
CentroidY: 0.8869
