Location: Dedata_2.png_Mean-Medain.png
Component: component_1755523807255_90.png
centerX: 0.26895161290322583
centerY: 0.2299800512966657
width: 0.03346774193548387
height: 0.04645198062125962
Area: 0.000632475018156078
CentroidX: 0.2830
CentroidY: 0.2500
