Location: Dedata_19.png_Gaussian-Closing.png
Component: component_1755511661529_310.png
centerX: 0.16129032258064516
centerY: 0.8213166144200627
width: 0.024193548387096774
height: 0.04531205471644343
Area: 0.00041126963844124325
CentroidX: 0.1709
CentroidY: 0.8429
