Location: internet_7.png_Otsu.png
Component: component_1755093286019_6.png
centerX: 0.8931882305521966
centerY: 0.013401767892785858
width: 0.03829101168883515
height: 0.03849443969204448
Area: 0.0003043374872871864
CentroidX: 0.9095
CentroidY: 0.0299
