Location: internet_7.png_Gaussian-Closing.png
Component: component_1755093286223_196.png
centerX: 0.0773881499395405
centerY: 0.6287425149700598
width: 0.03829101168883515
height: 0.0510407755916738
Area: 0.0005128224578079403
CentroidX: 0.0927
CentroidY: 0.6527
