Location: Dedata_2.png_Gaussian-Closing.png
Component: component_1755523807398_166.png
centerX: 0.505241935483871
centerY: 0.43744656597321174
width: 0.02620967741935484
height: 0.039897406668566546
Area: 0.0004303450114452238
CentroidX: 0.5155
CentroidY: 0.4560
