Location: internet_7.png_Mean-Closing.png
Component: component_1755093286312_74.png
centerX: 0.8323256751309955
centerY: 0.22583404619332764
width: 0.03426037887948408
height: 0.041916167664670656
Area: 0.00046029895641434355
CentroidX: 0.8489
CentroidY: 0.2456
