Location: Dedata_19.png_Mean-Closing.png
Component: component_1755511661919_22.png
centerX: 0.9564516129032258
centerY: 0.012254203476774009
width: 0.021370967741935483
height: 0.04132231404958678
Area: 0.00036427067724468875
CentroidX: 0.9648
CentroidY: 0.0308
