Location: internet_7.png_Otsu.png
Component: component_1755093286106_965.png
centerX: 0.739621120515921
centerY: 0.7550613059595096
width: 0.03506650544135429
height: 0.038209295694325636
Area: 0.00031617538803891613
CentroidX: 0.7535
CentroidY: 0.7716
