Location: Dedata_2.png_Mean-Closing.png
Component: component_1755523806904_76.png
centerX: 0.917741935483871
centerY: 0.20319179253348532
width: 0.035483870967741936
height: 0.037902536335138216
Area: 0.000523768374410502
CentroidX: 0.9322
CentroidY: 0.2185
