Location: Dedata_19.png_Mean-Closing.png
Component: component_1755511662056_277.png
centerX: 0.3254032258064516
centerY: 0.750356226845255
width: 0.02217741935483871
height: 0.047021943573667714
Area: 0.0004468923229667491
CentroidX: 0.3344
CentroidY: 0.7724
