Location: internet_7.png_Mean-Closing.png
Component: component_1755093286315_85.png
centerX: 0.3538895606610238
centerY: 0.24094667807242656
width: 0.0354695687222894
height: 0.045337895637296836
Area: 0.0005160405279152066
CentroidX: 0.3713
CentroidY: 0.2641
