Location: Dedata_19.png_Otsu.png
Component: component_1755511661642_322.png
centerX: 0.06411290322580646
centerY: 0.64576802507837
width: 0.025
height: 0.043032202906811055
Area: 0.0004340221917833405
CentroidX: 0.0729
CentroidY: 0.6659
