Location: internet_7.png_Gaussian-Closing.png
Component: component_1755093286180_14.png
centerX: 0.3655783958081419
centerY: 0.017678927858568578
width: 0.030632809351068116
height: 0.040490447676076416
Area: 0.00033318518717732383
CentroidX: 0.3772
CentroidY: 0.0361
