Location: internet_7.png_Otsu.png
Component: component_1755093286106_966.png
centerX: 0.7932285368802902
centerY: 0.7553464499572284
width: 0.018540910923014912
height: 0.03421727972626176
Area: 0.00018251054751210424
CentroidX: 0.8006
CentroidY: 0.7723
