Location: Dedata_19.png_Gaussian-Closing.png
Component: component_1755511661396_30.png
centerX: 0.8701612903225806
centerY: 0.06412083214591052
width: 0.021774193548387097
height: 0.04474209176403534
Area: 0.0003759916895724359
CentroidX: 0.8780
CentroidY: 0.0842
