Location: Dedata_19.png_Gaussian-Closing.png
Component: component_1755511661478_133.png
centerX: 0.3879032258064516
centerY: 0.3220290681105728
width: 0.02379032258064516
height: 0.04873183243089199
Area: 0.0005005561735261402
CentroidX: 0.3967
CentroidY: 0.3452
