Location: internet_7.png_Mean-Closing.png
Component: component_1755093286312_73.png
centerX: 0.8730350665054414
centerY: 0.22469347020245223
width: 0.04554615074566707
height: 0.042486455660108356
Area: 0.0005031682474861413
CentroidX: 0.8972
CentroidY: 0.2450
