Location: Dedata_2.png_Gaussian-Median.png
Component: component_1755523807141_164.png
centerX: 0.8548387096774194
centerY: 0.41008834425762325
width: 0.028629032258064516
height: 0.03932744371615845
Area: 0.0003989740666856654
CentroidX: 0.8653
CentroidY: 0.4282
