Location: internet_7.png_Gaussian-Closing.png
Component: component_1755093286187_40.png
centerX: 0.6320032245062475
centerY: 0.1223267750213858
width: 0.02902055622732769
height: 0.04134587966923296
Area: 0.00040432752276296145
CentroidX: 0.6455
CentroidY: 0.1427
