Location: Dedata_2.png_Gaussian-Median.png
Component: component_1755523807152_222.png
centerX: 0.19919354838709677
centerY: 0.573382730122542
width: 0.02258064516129032
height: 0.0438871473354232
Area: 0.00039414776749188723
CentroidX: 0.2076
CentroidY: 0.5938
