Location: internet_7.png_Mean-Medain.png
Component: component_1755093286421_95.png
centerX: 0.9439742039500202
centerY: 0.27601938979184487
width: 0.03788794840790004
height: 0.05075563159395495
Area: 0.00046753961415569277
CentroidX: 0.9647
CentroidY: 0.3008
