Location: internet_7.png_Otsu.png
Component: component_1755093286037_309.png
centerX: 0.6767432486900443
centerY: 0.23068149415454806
width: 0.03305118903667876
height: 0.045337895637296836
Area: 0.0004647812683494645
CentroidX: 0.6922
CentroidY: 0.2528
