Location: internet_7.png_Otsu.png
Component: component_1755093286046_374.png
centerX: 0.5525997581620314
centerY: 0.35129740518962077
width: 0.03869407496977025
height: 0.05218135158254919
Area: 0.00032445042545760095
CentroidX: 0.5720
CentroidY: 0.3768
