Location: Dedata_19.png_Otsu.png
Component: component_1755511661601_94.png
centerX: 0.8911290322580645
centerY: 0.1755485893416928
width: 0.02217741935483871
height: 0.04930179538330009
Area: 0.00041149946221237554
CentroidX: 0.8994
CentroidY: 0.1985
