Location: Dedata_19.png_Gaussian-Closing.png
Component: component_1755511661430_75.png
centerX: 0.8907258064516129
centerY: 0.1755485893416928
width: 0.02258064516129032
height: 0.049586776859504134
Area: 0.00044700723485231525
CentroidX: 0.8995
CentroidY: 0.1987
