Location: internet_7.png_Otsu.png
Component: component_1755093286111_981.png
centerX: 0.4909310761789601
centerY: 0.7613344739093242
width: 0.026602176541717048
height: 0.04077559167379527
Area: 0.00031180800717905467
CentroidX: 0.5013
CentroidY: 0.7794
