Location: internet_7.png_Otsu.png
Component: component_1755093286038_315.png
centerX: 0.40709391374445786
centerY: 0.23952095808383234
width: 0.03466344216041919
height: 0.045337895637296836
Area: 0.0004628274400700528
CentroidX: 0.4248
CentroidY: 0.2625
