Location: internet_7.png_Mean-Closing.png
Component: component_1755093286304_37.png
centerX: 0.7718661829907295
centerY: 0.11747932706016538
width: 0.03305118903667876
height: 0.043341887653264896
Area: 0.00048340010254150533
CentroidX: 0.7845
CentroidY: 0.1382
