Location: internet_7.png_Mean-Closing.png
Component: component_1755093286341_197.png
centerX: 0.022168480451430876
centerY: 0.6318790989449672
width: 0.030632809351068116
height: 0.04020530367835757
Area: 0.00040869490362282286
CentroidX: 0.0330
CentroidY: 0.6524
