Location: Dedata_2.png_Mean-Medain.png
Component: component_1755523807261_117.png
centerX: 0.8540322580645161
centerY: 0.30977486463379883
width: 0.03669354838709677
height: 0.04075235109717868
Area: 0.0005424990117577841
CentroidX: 0.8691
CentroidY: 0.3269
