Location: Dedata_19.png_Gaussian-Median.png
Component: component_1755511661139_311.png
centerX: 0.24919354838709679
centerY: 0.8184667996580223
width: 0.02258064516129032
height: 0.043032202906811055
Area: 0.00039679074085990863
CentroidX: 0.2582
CentroidY: 0.8389
