Location: internet_7.png_Mean-Closing.png
Component: component_1755093286302_28.png
centerX: 0.18178153970173316
centerY: 0.07242657542058739
width: 0.027005239822652155
height: 0.04305674365554605
Area: 0.0003442185704022369
CentroidX: 0.1933
CentroidY: 0.0928
