Location: internet_7.png_Mean-Medain.png
Component: component_1755093286409_34.png
centerX: 0.08182184602982669
centerY: 0.07385229540918163
width: 0.024989923417976623
height: 0.037639007698887936
Area: 0.00031019897212542153
CentroidX: 0.0907
CentroidY: 0.0910
