Location: Dedata_2.png_Gaussian-Median.png
Component: component_1755523807161_247.png
centerX: 0.777016129032258
centerY: 0.6343687660302081
width: 0.022983870967741935
height: 0.04103733257338273
Area: 0.0003940328556063211
CentroidX: 0.7859
CentroidY: 0.6542
