Location: internet_7.png_Mean-Medain.png
Component: component_1755093286434_154.png
centerX: 0.18702136235388955
centerY: 0.42543484459652126
width: 0.037484885126964934
height: 0.04875962360992301
Area: 0.00044524298555534755
CentroidX: 0.2069
CentroidY: 0.4487
