Location: Dedata_19.png_Mean-Closing.png
Component: component_1755511661981_83.png
centerX: 0.5173387096774194
centerY: 0.19492732972356797
width: 0.020161290322580645
height: 0.04360216585921915
Area: 0.0003179611873615312
CentroidX: 0.5253
CentroidY: 0.2140
