Location: Dedata_19.png_Mean-Closing.png
Component: component_1755511662000_127.png
centerX: 0.4342741935483871
centerY: 0.32174408663436876
width: 0.025
height: 0.0481618694784839
Area: 0.0005388218314196674
CentroidX: 0.4442
CentroidY: 0.3438
