Location: Dedata_19.png_Gaussian-Median.png
Component: component_1755511661109_251.png
centerX: 0.9233870967741935
centerY: 0.6523225990310629
width: 0.027419354838709678
height: 0.04274722143060701
Area: 0.00040621351547633273
CentroidX: 0.9338
CentroidY: 0.6717
