Location: internet_7.png_Gaussian-Closing.png
Component: component_1755093286200_94.png
centerX: 0.7698508665860541
centerY: 0.285143997718848
width: 0.03184199919387344
height: 0.04419731964642144
Area: 0.00040375286738666386
CentroidX: 0.7830
CentroidY: 0.3059
