Location: internet_7.png_Mean-Closing.png
Component: component_1755093286322_115.png
centerX: 0.7182587666263603
centerY: 0.34702024522383806
width: 0.03305118903667876
height: 0.05332192757342458
Area: 0.0004420249154480812
CentroidX: 0.7326
CentroidY: 0.3724
