Location: Dedata_19.png_Mean-Closing.png
Component: component_1755511662027_188.png
centerX: 0.4721774193548387
centerY: 0.4952978056426332
width: 0.022983870967741935
height: 0.04531205471644343
Area: 0.00047171329024903706
CentroidX: 0.4814
CentroidY: 0.5165
