Location: internet_7.png_Otsu.png
Component: component_1755093286034_296.png
centerX: 0.46997178557033453
centerY: 0.18106643855146848
width: 0.046352277307537285
height: 0.046193327630453376
Area: 0.0006145364594126079
CentroidX: 0.4945
CentroidY: 0.2021
