Location: internet_7.png_Mean-Medain.png
Component: component_1755093286406_19.png
centerX: 0.8395808141878275
centerY: 0.06073567151411463
width: 0.037081821846029824
height: 0.04419731964642144
Area: 0.00035778043728285926
CentroidX: 0.8545
CentroidY: 0.0808
