Location: Dedata_2.png_Mean-Medain.png
Component: component_1755523807258_104.png
centerX: 0.5338709677419354
centerY: 0.2764320319179253
width: 0.02903225806451613
height: 0.04331718438301511
Area: 0.000544682337583541
CentroidX: 0.5457
CentroidY: 0.2957
