Location: Dedata_19.png_Mean-Closing.png
Component: component_1755511661980_78.png
centerX: 0.6806451612903226
centerY: 0.1860929039612425
width: 0.02056451612903226
height: 0.04588201766885153
Area: 0.0003471488062953327
CentroidX: 0.6887
CentroidY: 0.2071
