Location: Dedata_19.png_Gaussian-Closing.png
Component: component_1755511661472_118.png
centerX: 0.15604838709677418
centerY: 0.26332288401253917
width: 0.024193548387096774
height: 0.047591906526075804
Area: 0.00048136588863659344
CentroidX: 0.1656
CentroidY: 0.2855
