Location: internet_7.png_Mean-Closing.png
Component: component_1755093286343_206.png
centerX: 0.5223700120918985
centerY: 0.6900484744796122
width: 0.02781136638452237
height: 0.04590818363273453
Area: 0.00042869291071797786
CentroidX: 0.5328
CentroidY: 0.7101
