Location: Dedata_19.png_Otsu.png
Component: component_1755511661619_231.png
centerX: 0.3879032258064516
centerY: 0.3830151040182388
width: 0.021774193548387097
height: 0.04474209176403534
Area: 0.00042563362413701174
CentroidX: 0.3959
CentroidY: 0.4042
