Location: Dedata_19.png_Gaussian-Closing.png
Component: component_1755511661533_331.png
centerX: 0.11814516129032258
centerY: 0.8805927614705045
width: 0.024596774193548387
height: 0.04075235109717868
Area: 0.0003842653453331985
CentroidX: 0.1273
CentroidY: 0.9001
