Location: Dedata_2.png_Mean-Closing.png
Component: component_1755523806894_29.png
centerX: 0.43185483870967745
centerY: 0.06782559133656313
width: 0.028629032258064516
height: 0.04217725847819892
Area: 0.0005462911039814671
CentroidX: 0.4442
CentroidY: 0.0865
