Location: internet_7.png_Mean-Medain.png
Component: component_1755093286442_198.png
centerX: 0.8077388149939541
centerY: 0.6113487311092102
width: 0.032245062474808545
height: 0.04362703165098375
Area: 0.0004271988067396042
CentroidX: 0.8221
CentroidY: 0.6310
