Location: internet_7.png_Mean-Medain.png
Component: component_1755093286453_252.png
centerX: 0.0709391374445788
centerY: 0.7619047619047619
width: 0.028214429665457477
height: 0.04163102366695181
Area: 0.0003669749233036202
CentroidX: 0.0818
CentroidY: 0.7815
