Location: Dedata_2.png_Mean-Medain.png
Component: component_1755523807271_156.png
centerX: 0.017338709677419354
centerY: 0.4103733257338273
width: 0.03064516129032258
height: 0.04417212881162724
Area: 0.0005811094053080098
CentroidX: 0.0296
CentroidY: 0.4305
