Location: Dedata_19.png_Mean-Closing.png
Component: component_1755511661931_43.png
centerX: 0.020967741935483872
centerY: 0.07124536905101168
width: 0.020161290322580645
height: 0.045027073240239385
Area: 0.0004133380523814339
CentroidX: 0.0290
CentroidY: 0.0930
