Location: Dedata_19.png_Otsu.png
Component: component_1755511661591_26.png
centerX: 0.8705645161290323
centerY: 0.06440581362211456
width: 0.020967741935483872
height: 0.04417212881162724
Area: 0.00029969019755651365
CentroidX: 0.8781
CentroidY: 0.0830
