Location: Dedata_2.png_Gaussian-Closing.png
Component: component_1755523807405_199.png
centerX: 0.06653225806451613
centerY: 0.5266457680250783
width: 0.02338709677419355
height: 0.04018238814477059
Area: 0.00039426267937745337
CentroidX: 0.0753
CentroidY: 0.5457
