Location: Dedata_19.png_Mean-Closing.png
Component: component_1755511661999_124.png
centerX: 0.5314516129032258
centerY: 0.3166144200626959
width: 0.024596774193548387
height: 0.04474209176403534
Area: 0.0004914781345664145
CentroidX: 0.5412
CentroidY: 0.3373
