Location: Dedata_19.png_Mean-Closing.png
Component: component_1755511662052_257.png
centerX: 0.24637096774193548
centerY: 0.6916500427472214
width: 0.02379032258064516
height: 0.04445711028783129
Area: 0.0004212669724854981
CentroidX: 0.2553
CentroidY: 0.7130
