Location: Dedata_19.png_Mean-Closing.png
Component: component_1755511662074_325.png
centerX: 0.07419354838709677
centerY: 0.8851524650897692
width: 0.024596774193548387
height: 0.04103733257338273
Area: 0.0004032258064516129
CentroidX: 0.0833
CentroidY: 0.9040
