Location: Dedata_19.png_Otsu.png
Component: component_1755511661618_228.png
centerX: 0.532258064516129
centerY: 0.3733257338273012
width: 0.021774193548387097
height: 0.047021943573667714
Area: 0.0004248292409380487
CentroidX: 0.5407
CentroidY: 0.3956
