Location: Dedata_19.png_Gaussian-Median.png
Component: component_1755511661073_113.png
centerX: 0.3895161290322581
centerY: 0.2573382730122542
width: 0.022983870967741935
height: 0.05272157309774864
Area: 0.0005180227801321947
CentroidX: 0.3981
CentroidY: 0.2819
