Location: internet_7.png_Mean-Medain.png
Component: component_1755093286416_70.png
centerX: 0.3538895606610238
centerY: 0.18249215854006273
width: 0.04353083434099154
height: 0.046763615625891077
Area: 0.0006357987083356176
CentroidX: 0.3762
CentroidY: 0.2060
