Location: Dedata_19.png_Mean-Closing.png
Component: component_1755511661981_84.png
centerX: 0.3161290322580645
centerY: 0.1963522371045882
width: 0.02056451612903226
height: 0.049586776859504134
Area: 0.0004252888884803133
CentroidX: 0.3244
CentroidY: 0.2187
