Location: internet_7.png_Mean-Medain.png
Component: component_1755093286447_224.png
centerX: 0.4554615074566707
centerY: 0.6909039064727688
width: 0.03788794840790004
height: 0.04647847162817223
Area: 0.00047661916910119416
CentroidX: 0.4679
CentroidY: 0.7121
