Location: internet_7.png_Mean-Closing.png
Component: component_1755093286315_86.png
centerX: 0.3014913341394599
centerY: 0.24265754205873966
width: 0.03869407496977025
height: 0.042486455660108356
Area: 0.0005099491809264525
CentroidX: 0.3209
CentroidY: 0.2642
