Location: internet_7.png_Otsu.png
Component: component_1755093286023_51.png
centerX: 0.9467956469165659
centerY: 0.06273167949814656
width: 0.035872632003224506
height: 0.04020530367835757
Area: 0.000244918121378019
CentroidX: 0.9652
CentroidY: 0.0811
