Location: Dedata_19.png_Mean-Closing.png
Component: component_1755511661989_102.png
centerX: 0.5798387096774194
centerY: 0.2516386434881733
width: 0.025403225806451612
height: 0.04645198062125962
Area: 0.0005140008641373794
CentroidX: 0.5903
CentroidY: 0.2730
