Location: Dedata_2.png_Mean-Closing.png
Component: component_1755523807004_247.png
centerX: 0.3403225806451613
centerY: 0.6742661726987745
width: 0.024193548387096774
height: 0.04645198062125962
Area: 0.0004881456898849962
CentroidX: 0.3501
CentroidY: 0.6961
