Location: internet_7.png_Otsu.png
Component: component_1755093286037_311.png
centerX: 0.6174929463925837
centerY: 0.23410322212717422
width: 0.03990326481257558
height: 0.04562303963501568
Area: 0.0004850091375951385
CentroidX: 0.6363
CentroidY: 0.2566
