Location: Dedata_2.png_Mean-Medain.png
Component: component_1755523807306_285.png
centerX: 0.677016129032258
centerY: 0.7643203191792534
width: 0.021370967741935483
height: 0.04417212881162724
Area: 0.0004533273885584534
CentroidX: 0.6856
CentroidY: 0.7848
