Location: Dedata_2.png_Mean-Medain.png
Component: component_1755523807289_241.png
centerX: 0.06169354838709677
centerY: 0.6420632658877173
width: 0.02379032258064516
height: 0.03761755485893417
Area: 0.00038438025721876466
CentroidX: 0.0708
CentroidY: 0.6593
