Location: Dedata_19.png_Mean-Closing.png
Component: component_1755511661980_77.png
centerX: 0.6415322580645161
centerY: 0.1860929039612425
width: 0.020161290322580645
height: 0.04787688800227985
Area: 0.00036541979610035027
CentroidX: 0.6493
CentroidY: 0.2085
