Location: internet_7.png_Otsu.png
Component: component_1755093286047_378.png
centerX: 0.456670697299476
centerY: 0.35528942115768464
width: 0.03788794840790004
height: 0.05161106358711149
Area: 0.0003403109138434135
CentroidX: 0.4738
CentroidY: 0.3807
