Location: Dedata_19.png_Otsu.png
Component: component_1755511661658_366.png
centerX: 0.9491935483870968
centerY: 0.7694499857509262
width: 0.02217741935483871
height: 0.039612425192362494
Area: 0.000343471625957216
CentroidX: 0.9579
CentroidY: 0.7883
