Location: Dedata_19.png_Mean-Closing.png
Component: component_1755511661981_82.png
centerX: 0.44314516129032255
centerY: 0.195212311199772
width: 0.02056451612903226
height: 0.043032202906811055
Area: 0.0002965875766462277
CentroidX: 0.4509
CentroidY: 0.2150
