Location: Dedata_19.png_Otsu.png
Component: component_1755511661614_207.png
centerX: 0.5318548387096774
centerY: 0.31718438301510404
width: 0.02379032258064516
height: 0.0438871473354232
Area: 0.0004294257163606946
CentroidX: 0.5412
CentroidY: 0.3373
