Location: Dedata_2.png_Gaussian-Median.png
Component: component_1755523807171_292.png
centerX: 0.7205645161290323
centerY: 0.7597606155599886
width: 0.02258064516129032
height: 0.04331718438301511
Area: 0.00045654492135430554
CentroidX: 0.7304
CentroidY: 0.7801
