Location: internet_7.png_Mean-Medain.png
Component: component_1755093286450_238.png
centerX: 0.7928254735993551
centerY: 0.7550613059595096
width: 0.02902055622732769
height: 0.035642999714856
Area: 0.0003542175739498144
CentroidX: 0.8053
CentroidY: 0.7722
