Location: Dedata_2.png_Gaussian-Closing.png
Component: component_1755523807396_161.png
centerX: 0.7592741935483871
centerY: 0.4169278996865204
width: 0.024193548387096774
height: 0.039612425192362494
Area: 0.0003915047941238658
CentroidX: 0.7691
CentroidY: 0.4349
