Location: internet_7.png_Mean-Closing.png
Component: component_1755093286303_31.png
centerX: 0.018540910923014912
centerY: 0.0729968634160251
width: 0.03305118903667876
height: 0.040490447676076416
Area: 0.0003452529500795725
CentroidX: 0.0314
CentroidY: 0.0919
