Location: Dedata_2.png_Gaussian-Closing.png
Component: component_1755523807412_231.png
centerX: 0.39395161290322583
centerY: 0.6152750071245369
width: 0.02217741935483871
height: 0.038472499287546306
Area: 0.00039184952978056425
CentroidX: 0.4025
CentroidY: 0.6330
