Location: Dedata_19.png_Otsu.png
Component: component_1755511661597_55.png
centerX: 0.7790322580645161
centerY: 0.12425192362496437
width: 0.021370967741935483
height: 0.045027073240239385
Area: 0.0003168120685058697
CentroidX: 0.7868
CentroidY: 0.1444
