Location: internet_7.png_Mean-Closing.png
Component: component_1755093286305_42.png
centerX: 0.12898024989923418
centerY: 0.12489307100085544
width: 0.03184199919387344
height: 0.046763615625891077
Area: 0.0003996153486773215
CentroidX: 0.1449
CentroidY: 0.1494
