Location: Dedata_19.png_Mean-Closing.png
Component: component_1755511661986_92.png
centerX: 0.018951612903225806
centerY: 0.20319179253348532
width: 0.021774193548387097
height: 0.04274722143060701
Area: 0.000388517085099146
CentroidX: 0.0265
CentroidY: 0.2227
