Location: Dedata_19.png_Gaussian-Median.png
Component: component_1755511661051_18.png
centerX: 0.46411290322580645
centerY: 0.011114277571957822
width: 0.02258064516129032
height: 0.04189227700199487
Area: 0.0003750723944879067
CentroidX: 0.4733
CentroidY: 0.0303
