Location: Dedata_2.png_Gaussian-Median.png
Component: component_1755523807118_47.png
centerX: 0.8895161290322581
centerY: 0.10914790538614991
width: 0.03346774193548387
height: 0.039612425192362494
Area: 0.0005088298292869029
CentroidX: 0.9056
CentroidY: 0.1262
