Location: internet_7.png_Gaussian-Closing.png
Component: component_1755093286186_39.png
centerX: 0.6803708182184603
centerY: 0.11919019104647847
width: 0.02902055622732769
height: 0.043912175648702596
Area: 0.0004417950532975622
CentroidX: 0.6925
CentroidY: 0.1404
