Location: Dedata_2.png_Mean-Closing.png
Component: component_1755523806890_11.png
centerX: 0.4508064516129032
centerY: 0.009974351667141636
width: 0.027016129032258064
height: 0.042462239954402965
Area: 0.0005481296941505254
CentroidX: 0.4620
CentroidY: 0.0286
