Location: Dedata_19.png_Otsu.png
Component: component_1755511661613_204.png
centerX: 0.6701612903225806
centerY: 0.30948988315759474
width: 0.02217741935483871
height: 0.043032202906811055
Area: 0.00040736263433199425
CentroidX: 0.6783
CentroidY: 0.3298
