Location: internet_7.png_Mean-Closing.png
Component: component_1755093286330_142.png
centerX: 0.29222087867795243
centerY: 0.4188765326489877
width: 0.041112454655380895
height: 0.0504704875962361
Area: 0.000440186018243929
CentroidX: 0.3138
CentroidY: 0.4428
