Location: Dedata_19.png_Gaussian-Median.png
Component: component_1755511661068_84.png
centerX: 0.48266129032258065
centerY: 0.1926474779139356
width: 0.018548387096774192
height: 0.04616699914505557
Area: 0.0002909568942534864
CentroidX: 0.4893
CentroidY: 0.2143
