Location: Dedata_2.png_Mean-Medain.png
Component: component_1755523807240_48.png
centerX: 0.39233870967741935
centerY: 0.1188372755770875
width: 0.029838709677419355
height: 0.0438871473354232
Area: 0.0005751339872585702
CentroidX: 0.4052
CentroidY: 0.1383
