Location: internet_7.png_Gaussian-Closing.png
Component: component_1755093286234_249.png
centerX: 0.8762595727529222
centerY: 0.8226404334188765
width: 0.03385731559854897
height: 0.03706871970345024
Area: 0.0004288078417932374
CentroidX: 0.8934
CentroidY: 0.8398
