Location: internet_7.png_Mean-Medain.png
Component: component_1755093286406_23.png
centerX: 0.6062071745264006
centerY: 0.06358711149130311
width: 0.03506650544135429
height: 0.04704875962360992
Area: 0.00036640026792732265
CentroidX: 0.6208
CentroidY: 0.0862
