Location: internet_7.png_Otsu.png
Component: component_1755093286107_968.png
centerX: 0.8472390165255945
centerY: 0.7567721699458226
width: 0.03466344216041919
height: 0.04220131166238951
Area: 0.0002511243994420326
CentroidX: 0.8646
CentroidY: 0.7749
