Location: internet_7.png_Otsu.png
Component: component_1755093286024_61.png
centerX: 0.3591293833131802
centerY: 0.07043056743655546
width: 0.03788794840790004
height: 0.046763615625891077
Area: 0.00026284736911850277
CentroidX: 0.3754
CentroidY: 0.0914
