Location: internet_7.png_Mean-Closing.png
Component: component_1755093286311_69.png
centerX: 0.2962515114873035
centerY: 0.18363273453093812
width: 0.04030632809351068
height: 0.046193327630453376
Area: 0.0005938488658658959
CentroidX: 0.3159
CentroidY: 0.2066
