Location: internet_7.png_Mean-Closing.png
Component: component_1755093286335_166.png
centerX: 0.731962918178154
centerY: 0.5454804676361562
width: 0.03788794840790004
height: 0.043912175648702596
Area: 0.0004330602915778393
CentroidX: 0.7451
CentroidY: 0.5661
