Location: internet_7.png_Gaussian-Closing.png
Component: component_1755093286227_217.png
centerX: 0.3164046755340588
centerY: 0.6977473624180212
width: 0.036275695284159616
height: 0.04733390362132877
Area: 0.00040329314308562586
CentroidX: 0.3303
CentroidY: 0.7175
