Location: Dedata_2.png_Mean-Closing.png
Component: component_1755523807001_234.png
centerX: 0.7766129032258065
centerY: 0.6343687660302081
width: 0.02379032258064516
height: 0.04103733257338273
Area: 0.0004104652552422802
CentroidX: 0.7859
CentroidY: 0.6541
