Location: Dedata_19.png_Mean-Closing.png
Component: component_1755511661978_73.png
centerX: 0.8028225806451613
centerY: 0.18039327443716158
width: 0.01935483870967742
height: 0.049586776859504134
Area: 0.0003609382325632705
CentroidX: 0.8112
CentroidY: 0.2029
