Location: Dedata_19.png_Otsu.png
Component: component_1755511661661_370.png
centerX: 0.8592741935483871
centerY: 0.774009689370191
width: 0.02379032258064516
height: 0.04103733257338273
Area: 0.00034933213212108956
CentroidX: 0.8684
CentroidY: 0.7931
