Location: Dedata_19.png_Otsu.png
Component: component_1755511661637_303.png
centerX: 0.9544354838709678
centerY: 0.5967512111712738
width: 0.027822580645161292
height: 0.0438871473354232
Area: 0.0004193134704308736
CentroidX: 0.9650
CentroidY: 0.6162
