Location: internet_7.png_Mean-Closing.png
Component: component_1755093286308_58.png
centerX: 0.758565094719871
centerY: 0.1722269746221842
width: 0.03829101168883515
height: 0.04562303963501568
Area: 0.0006054569044671066
CentroidX: 0.7796
CentroidY: 0.1946
