Location: internet_7.png_Mean-Closing.png
Component: component_1755093286308_56.png
centerX: 0.8065296251511487
centerY: 0.17194183062446536
width: 0.04312777106005643
height: 0.04647847162817223
Area: 0.0006089048367248919
CentroidX: 0.8304
CentroidY: 0.1948
