Location: Dedata_2.png_Mean-Closing.png
Component: component_1755523806919_120.png
centerX: 0.5733870967741935
centerY: 0.3240239384440011
width: 0.0375
height: 0.04360216585921915
Area: 0.0005889234135265078
CentroidX: 0.5890
CentroidY: 0.3427
