Location: internet_7.png_Mean-Medain.png
Component: component_1755093286419_86.png
centerX: 0.5090689238210399
centerY: 0.23781009409751924
width: 0.037081821846029824
height: 0.04704875962360992
Area: 0.0005497153329662434
CentroidX: 0.5280
CentroidY: 0.2615
