Location: Dedata_19.png_Mean-Closing.png
Component: component_1755511662032_203.png
centerX: 0.7004032258064516
centerY: 0.5408948418352807
width: 0.02661290322580645
height: 0.04103733257338273
Area: 0.00044769670616571215
CentroidX: 0.7107
CentroidY: 0.5598
