Location: Dedata_2.png_Mean-Closing.png
Component: component_1755523806930_131.png
centerX: 0.9443548387096774
centerY: 0.3542319749216301
width: 0.03024193548387097
height: 0.039612425192362494
Area: 0.0004658527840851635
CentroidX: 0.9558
CentroidY: 0.3723
