Location: Dedata_19.png_Otsu.png
Component: component_1755511661598_62.png
centerX: 0.26491935483870965
centerY: 0.1359361641493303
width: 0.02056451612903226
height: 0.05129666571672841
Area: 0.0003982845953722685
CentroidX: 0.2720
CentroidY: 0.1592
