Location: internet_7.png_Mean-Medain.png
Component: component_1755093286433_149.png
centerX: 0.29222087867795243
centerY: 0.4185913886512689
width: 0.041515517936316
height: 0.05075563159395495
Area: 0.0004467370895337212
CentroidX: 0.3138
CentroidY: 0.4429
