Location: Dedata_2.png_Mean-Closing.png
Component: component_1755523806884_5.png
centerX: 0.742741935483871
centerY: 0.007694499857509262
width: 0.028225806451612902
height: 0.04132231404958678
Area: 0.0005308929113156032
CentroidX: 0.7539
CentroidY: 0.0261
