Location: Samociqulo_1709_page_10.png_Gaussian-Median.png
Component: component_1755610056198_1859.png
centerX: 0.4697788697788698
centerY: 0.4103125
width: 0.019656019656019656
height: 0.013125
Area: 0.00012192874692874692
CentroidX: 0.4783
CentroidY: 0.4161
