Location: internet_7.png_Otsu.png
Component: component_1755093286068_816.png
centerX: 0.6090286174929463
centerY: 0.5451953236384374
width: 0.027408303103587262
height: 0.04077559167379527
Area: 0.00038168610093683767
CentroidX: 0.6196
CentroidY: 0.5626
