Location: Dedata_2.png_Mean-Closing.png
Component: component_1755523806902_65.png
centerX: 0.3818548387096774
centerY: 0.17041892277001994
width: 0.038306451612903226
height: 0.04787688800227985
Area: 0.0006521249505878892
CentroidX: 0.3992
CentroidY: 0.1907
