Location: internet_7.png_Mean-Closing.png
Component: component_1755093286301_26.png
centerX: 0.3587263200322451
centerY: 0.07014542343883662
width: 0.03869407496977025
height: 0.04704875962360992
Area: 0.00036272247351901827
CentroidX: 0.3741
CentroidY: 0.0920
