Location: Dedata_19.png_Mean-Closing.png
Component: component_1755511662051_254.png
centerX: 0.37459677419354837
centerY: 0.6873753206041607
width: 0.020967741935483872
height: 0.04132231404958678
Area: 0.00039414776749188723
CentroidX: 0.3828
CentroidY: 0.7066
