Location: Dedata_2.png_Gaussian-Median.png
Component: component_1755523807125_84.png
centerX: 0.9661290322580646
centerY: 0.20005699629524082
width: 0.02620967741935484
height: 0.040467369620974636
Area: 0.00047826326772630747
CentroidX: 0.9774
CentroidY: 0.2186
