Location: Dedata_2.png_Mean-Medain.png
Component: component_1755523807260_115.png
centerX: 0.9088709677419354
centerY: 0.30436021658592194
width: 0.038306451612903226
height: 0.04103733257338273
Area: 0.0005546796716277958
CentroidX: 0.9259
CentroidY: 0.3224
