Location: Dedata_2.png_Gaussian-Closing.png
Component: component_1755523807422_264.png
centerX: 0.018951612903225806
centerY: 0.6999145055571387
width: 0.02338709677419355
height: 0.04987175833570818
Area: 0.0004674615504830896
CentroidX: 0.0277
CentroidY: 0.7228
