Location: internet_7.png_Gaussian-Closing.png
Component: component_1755093286194_69.png
centerX: 0.2962515114873035
centerY: 0.18363273453093812
width: 0.04030632809351068
height: 0.046193327630453376
Area: 0.0005761494802759311
CentroidX: 0.3158
CentroidY: 0.2067
