Location: internet_7.png_Gaussian-Closing.png
Component: component_1755093286218_163.png
centerX: 0.06569931479242241
centerY: 0.499001996007984
width: 0.035872632003224506
height: 0.04932991160536071
Area: 0.0003691586137335509
CentroidX: 0.0810
CentroidY: 0.5217
