Location: internet_7.png_Otsu.png
Component: component_1755093286101_880.png
centerX: 0.5227730753728336
centerY: 0.6900484744796122
width: 0.027005239822652155
height: 0.04590818363273453
Area: 0.00030238365900777476
CentroidX: 0.5332
CentroidY: 0.7093
