Location: Dedata_19.png_Mean-Closing.png
Component: component_1755511661985_89.png
centerX: 0.18266129032258063
centerY: 0.19977201481903675
width: 0.022983870967741935
height: 0.047591906526075804
Area: 0.00041483190689379384
CentroidX: 0.1917
CentroidY: 0.2217
