Location: Dedata_2.png_Gaussian-Closing.png
Component: component_1755523807416_243.png
centerX: 0.6911290322580645
centerY: 0.6417782844115133
width: 0.02258064516129032
height: 0.04132231404958678
Area: 0.00039380303183518875
CentroidX: 0.6994
CentroidY: 0.6605
