Location: internet_7.png_Mean-Medain.png
Component: component_1755093286417_75.png
centerX: 0.010479645304312777
centerY: 0.18619903051040776
width: 0.036275695284159616
height: 0.043912175648702596
Area: 0.00052466035855967
CentroidX: 0.0273
CentroidY: 0.2087
