Location: Dedata_19.png_Gaussian-Closing.png
Component: component_1755511661477_128.png
centerX: 0.6262096774193548
centerY: 0.3103448275862069
width: 0.024596774193548387
height: 0.04787688800227985
Area: 0.000497338640730288
CentroidX: 0.6360
CentroidY: 0.3320
