Location: Dedata_2.png_Mean-Closing.png
Component: component_1755523806904_75.png
centerX: 0.9661290322580646
centerY: 0.20005699629524082
width: 0.02620967741935484
height: 0.040467369620974636
Area: 0.0005073359747745429
CentroidX: 0.9776
CentroidY: 0.2185
