Location: internet_7.png_Mean-Closing.png
Component: component_1755093286339_187.png
centerX: 0.9262394195888755
centerY: 0.615340747077274
width: 0.035872632003224506
height: 0.03706871970345024
Area: 0.00039444345029064344
CentroidX: 0.9437
CentroidY: 0.6307
