Location: internet_7.png_Gaussian-Closing.png
Component: component_1755093286226_210.png
centerX: 0.4558645707376058
centerY: 0.6909039064727688
width: 0.037484885126964934
height: 0.04647847162817223
Area: 0.00042041787329929304
CentroidX: 0.4681
CentroidY: 0.7125
