Location: Dedata_19.png_Mean-Closing.png
Component: component_1755511661915_5.png
centerX: 0.41693548387096774
centerY: 0.008549444286121402
width: 0.02379032258064516
height: 0.04445711028783129
Area: 0.0004416063762307063
CentroidX: 0.4256
CentroidY: 0.0287
