Location: Dedata_2.png_Gaussian-Median.png
Component: component_1755523807134_128.png
centerX: 0.6338709677419355
centerY: 0.3200341977771445
width: 0.0375
height: 0.04531205471644343
Area: 0.000557897204423648
CentroidX: 0.6485
CentroidY: 0.3394
