Location: internet_7.png_Mean-Closing.png
Component: component_1755093286335_165.png
centerX: 0.6086255542120113
centerY: 0.5451953236384374
width: 0.028214429665457477
height: 0.041060735671514116
Area: 0.0004189237693209194
CentroidX: 0.6196
CentroidY: 0.5627
