Location: internet_7.png_Mean-Medain.png
Component: component_1755093286449_228.png
centerX: 0.07496977025392987
centerY: 0.6954662104362703
width: 0.028617492946392584
height: 0.044767607641859136
Area: 0.00044133532899652414
CentroidX: 0.0859
CentroidY: 0.7164
