Location: internet_7.png_Otsu.png
Component: component_1755093286119_1070.png
centerX: 0.6025796049979847
centerY: 0.8226404334188765
width: 0.03305118903667876
height: 0.047619047619047616
Area: 0.0005708626508139936
CentroidX: 0.6189
CentroidY: 0.8455
