Location: Dedata_2.png_Gaussian-Closing.png
Component: component_1755523807370_48.png
centerX: 0.7314516129032258
centerY: 0.11741236819606725
width: 0.027016129032258064
height: 0.03818751781134226
Area: 0.00048148080052215963
CentroidX: 0.7416
CentroidY: 0.1347
