Location: Dedata_19.png_Mean-Closing.png
Component: component_1755511662041_228.png
centerX: 0.5540322580645162
centerY: 0.6189797663151895
width: 0.02903225806451613
height: 0.047591906526075804
Area: 0.0005257218764651265
CentroidX: 0.5650
CentroidY: 0.6416
