Location: internet_7.png_Otsu.png
Component: component_1755093286117_1065.png
centerX: 0.7186618299072954
centerY: 0.8195038494439693
width: 0.02902055622732769
height: 0.047619047619047616
Area: 0.0005139717685605354
CentroidX: 0.7327
CentroidY: 0.8420
