Location: Dedata_19.png_Gaussian-Closing.png
Component: component_1755511661529_313.png
centerX: 0.028629032258064516
centerY: 0.8298660587061841
width: 0.022983870967741935
height: 0.04474209176403534
Area: 0.0004179345278040798
CentroidX: 0.0374
CentroidY: 0.8514
