Location: internet_7.png_Otsu.png
Component: component_1755093286040_322.png
centerX: 0.013704151551793631
centerY: 0.24779013401767894
width: 0.03990326481257558
height: 0.042486455660108356
Area: 0.00045098953931832313
CentroidX: 0.0344
CentroidY: 0.2705
