Location: internet_7.png_Gaussian-Closing.png
Component: component_1755093286235_257.png
centerX: 0.3059250302297461
centerY: 0.8263473053892215
width: 0.02781136638452237
height: 0.0427715996578272
Area: 0.0003526085388961813
CentroidX: 0.3181
CentroidY: 0.8466
