Location: Dedata_19.png_Mean-Closing.png
Component: component_1755511662031_202.png
centerX: 0.7887096774193548
centerY: 0.5383300085494442
width: 0.025403225806451612
height: 0.04331718438301511
Area: 0.0004601071898068561
CentroidX: 0.7989
CentroidY: 0.5594
