Location: Dedata_2.png_Gaussian-Closing.png
Component: component_1755523807412_230.png
centerX: 0.43951612903225806
centerY: 0.6118552294100883
width: 0.02661290322580645
height: 0.04331718438301511
Area: 0.00044999494387703507
CentroidX: 0.4502
CentroidY: 0.6312
