Location: internet_7.png_Mean-Closing.png
Component: component_1755093286314_80.png
centerX: 0.45828295042321643
centerY: 0.23809523809523808
width: 0.037484885126964934
height: 0.04505275163957799
Area: 0.0005462674007084582
CentroidX: 0.4778
CentroidY: 0.2607
