Location: Dedata_2.png_Mean-Closing.png
Component: component_1755523806942_144.png
centerX: 0.3689516129032258
centerY: 0.38928469649472786
width: 0.027419354838709678
height: 0.04018238814477059
Area: 0.00045999227792128993
CentroidX: 0.3799
CentroidY: 0.4071
