Location: Dedata_19.png_Otsu.png
Component: component_1755511661620_233.png
centerX: 0.24274193548387096
centerY: 0.38757480763750357
width: 0.021370967741935483
height: 0.04645198062125962
Area: 0.00044539846845438916
CentroidX: 0.2518
CentroidY: 0.4093
