Location: internet_7.png_Gaussian-Closing.png
Component: component_1755093286231_234.png
centerX: 0.490528012898025
centerY: 0.7610493299116053
width: 0.027005239822652155
height: 0.04220131166238951
Area: 0.0003842145845925469
CentroidX: 0.5012
CentroidY: 0.7808
