Location: Dedata_19.png_Mean-Closing.png
Component: component_1755511662046_234.png
centerX: 0.28588709677419355
centerY: 0.6326588771729837
width: 0.02258064516129032
height: 0.043032202906811055
Area: 0.0004530975647873211
CentroidX: 0.2945
CentroidY: 0.6538
