Location: Dedata_2.png_Mean-Medain.png
Component: component_1755523807268_142.png
centerX: 0.567741935483871
centerY: 0.37817041892277004
width: 0.025
height: 0.0347677400968937
Area: 0.00040380036587944366
CentroidX: 0.5773
CentroidY: 0.3943
