Location: Dedata_2.png_Gaussian-Median.png
Component: component_1755523807171_291.png
centerX: 0.11612903225806452
centerY: 0.7577657452265603
width: 0.02379032258064516
height: 0.039897406668566546
Area: 0.0003996635379990623
CentroidX: 0.1255
CentroidY: 0.7762
