Location: Kurtxevani_1794_page_10.png_Mean-Medain.png
Component: component_1755610055122_2807.png
centerX: 0.2945645821157218
centerY: 0.883208461877479
width: 0.019871420222092345
height: 0.026884089907448214
Area: 0.00026299121207523765
CentroidX: 0.3030
CentroidY: 0.8972
