Location: Dedata_19.png_Mean-Closing.png
Component: component_1755511662064_300.png
centerX: 0.294758064516129
centerY: 0.8150470219435737
width: 0.022983870967741935
height: 0.04588201766885153
Area: 0.00042597835979371016
CentroidX: 0.3030
CentroidY: 0.8365
