Location: internet_7.png_Mean-Medain.png
Component: component_1755093286426_120.png
centerX: 0.9173720274083031
centerY: 0.34416880524664956
width: 0.03909713825070536
height: 0.05332192757342458
Area: 0.0004699531667361425
CentroidX: 0.9343
CentroidY: 0.3691
