Location: Dedata_19.png_Gaussian-Median.png
Component: component_1755511661097_206.png
centerX: 0.011693548387096775
centerY: 0.5246508976916501
width: 0.027822580645161292
height: 0.045597036192647475
Area: 0.0004940061960488697
CentroidX: 0.0219
CentroidY: 0.5457
