Location: internet_7.png_Mean-Closing.png
Component: component_1755093286297_6.png
centerX: 0.8432083837162434
centerY: 0.013401767892785858
width: 0.03426037887948408
height: 0.036213287710293696
Area: 0.0003419199488970467
CentroidX: 0.8558
CentroidY: 0.0292
