Location: Dedata_2.png_Mean-Medain.png
Component: component_1755523807240_46.png
centerX: 0.7310483870967742
centerY: 0.11712738671986321
width: 0.027419354838709678
height: 0.038472499287546306
Area: 0.0005067614153467121
CentroidX: 0.7417
CentroidY: 0.1344
