Location: Dedata_2.png_Mean-Medain.png
Component: component_1755523807292_255.png
centerX: 0.9016129032258065
centerY: 0.6850954687945283
width: 0.021370967741935483
height: 0.04417212881162724
Area: 0.000455395802498644
CentroidX: 0.9101
CentroidY: 0.7055
