Location: Dedata_19.png_Gaussian-Median.png
Component: component_1755511661068_83.png
centerX: 0.5991935483870968
centerY: 0.19008264462809918
width: 0.020161290322580645
height: 0.04616699914505557
Area: 0.0003439312734994806
CentroidX: 0.6071
CentroidY: 0.2111
