Location: Dedata_19.png_Mean-Closing.png
Component: component_1755511661918_16.png
centerX: 0.6975806451612904
centerY: 0.011114277571957822
width: 0.02217741935483871
height: 0.0481618694784839
Area: 0.00041345296426700004
CentroidX: 0.7071
CentroidY: 0.0327
