Location: internet_7.png_Mean-Medain.png
Component: component_1755093286431_140.png
centerX: 0.720677146311971
centerY: 0.41060735671514115
width: 0.028617492946392584
height: 0.05132591958939264
Area: 0.0004188088382456599
CentroidX: 0.7309
CentroidY: 0.4361
