Location: Dedata_19.png_Otsu.png
Component: component_1755511661656_362.png
centerX: 0.24274193548387096
centerY: 0.7574807637503562
width: 0.02258064516129032
height: 0.04331718438301511
Area: 0.0003657645317570487
CentroidX: 0.2514
CentroidY: 0.7778
