Location: Dedata_2.png_Gaussian-Median.png
Component: component_1755523807144_183.png
centerX: 0.10766129032258065
centerY: 0.4662296950698205
width: 0.02661290322580645
height: 0.039897406668566546
Area: 0.0004501098557626012
CentroidX: 0.1181
CentroidY: 0.4854
