Location: Dedata_19.png_Mean-Closing.png
Component: component_1755511662021_170.png
centerX: 0.33548387096774196
centerY: 0.44542604730692503
width: 0.025
height: 0.049586776859504134
Area: 0.000540085862160895
CentroidX: 0.3452
CentroidY: 0.4690
