Location: internet_7.png_Mean-Closing.png
Component: component_1755093286335_164.png
centerX: 0.014107214832728738
centerY: 0.5029940119760479
width: 0.027408303103587262
height: 0.04077559167379527
Area: 0.0003376674991124448
CentroidX: 0.0243
CentroidY: 0.5236
