Location: internet_7.png_Mean-Closing.png
Component: component_1755093286314_79.png
centerX: 0.5638855300282144
centerY: 0.23552894211576847
width: 0.04030632809351068
height: 0.04562303963501568
Area: 0.0005223617370544798
CentroidX: 0.5838
CentroidY: 0.2578
