Location: Dedata_19.png_Otsu.png
Component: component_1755511661591_27.png
centerX: 0.5443548387096774
centerY: 0.06497577657452265
width: 0.020967741935483872
height: 0.04588201766885153
Area: 0.0003153182139935098
CentroidX: 0.5530
CentroidY: 0.0848
