Location: Dedata_2.png_Gaussian-Median.png
Component: component_1755523807174_305.png
centerX: 0.2120967741935484
centerY: 0.8110572812767171
width: 0.025
height: 0.04588201766885153
Area: 0.0005199762821868192
CentroidX: 0.2231
CentroidY: 0.8330
