Location: Dedata_19.png_Gaussian-Median.png
Component: component_1755511661120_288.png
centerX: 0.28588709677419355
centerY: 0.7540609860359077
width: 0.021370967741935483
height: 0.04474209176403534
Area: 0.0004216117081421966
CentroidX: 0.2946
CentroidY: 0.7752
