Location: Dedata_19.png_Gaussian-Closing.png
Component: component_1755511661500_219.png
centerX: 0.33306451612903226
centerY: 0.5702479338842975
width: 0.02338709677419355
height: 0.04616699914505557
Area: 0.0004698747000799787
CentroidX: 0.3421
CentroidY: 0.5929
