Location: Dedata_19.png_Mean-Closing.png
Component: component_1755511662066_305.png
centerX: 0.07540322580645162
centerY: 0.8287261328013679
width: 0.02217741935483871
height: 0.04189227700199487
Area: 0.000405638956048502
CentroidX: 0.0832
CentroidY: 0.8486
