Location: internet_7.png_Mean-Medain.png
Component: component_1755093286424_108.png
centerX: 0.1700927045546151
centerY: 0.30367835757057315
width: 0.037484885126964934
height: 0.0510407755916738
Area: 0.0005452330210311225
CentroidX: 0.1877
CentroidY: 0.3286
