Location: internet_7.png_Mean-Medain.png
Component: component_1755093286447_223.png
centerX: 0.5223700120918985
centerY: 0.6900484744796122
width: 0.02781136638452237
height: 0.04590818363273453
Area: 0.00044168012222230266
CentroidX: 0.5327
CentroidY: 0.7102
