Location: Dedata_19.png_Otsu.png
Component: component_1755511661638_308.png
centerX: 0.7544354838709677
centerY: 0.6067255628384155
width: 0.028225806451612902
height: 0.04360216585921915
Area: 0.0004267827429926732
CentroidX: 0.7655
CentroidY: 0.6271
