Location: Dedata_19.png_Otsu.png
Component: component_1755511661586_5.png
centerX: 0.369758064516129
centerY: 0.009404388714733543
width: 0.02379032258064516
height: 0.04132231404958678
Area: 0.00035749087599628606
CentroidX: 0.3787
CentroidY: 0.0280
