Location: internet_7.png_Otsu.png
Component: component_1755093286053_519.png
centerX: 0.2426440951229343
centerY: 0.42001710863986313
width: 0.0354695687222894
height: 0.04818933561448532
Area: 0.00028284537621365777
CentroidX: 0.2614
CentroidY: 0.4445
