Location: Dedata_2.png_Mean-Closing.png
Component: component_1755523807005_253.png
centerX: 0.20201612903225807
centerY: 0.6876603020803648
width: 0.021370967741935483
height: 0.0438871473354232
Area: 0.00041172928598350787
CentroidX: 0.2094
CentroidY: 0.7081
