Location: Dedata_2.png_Mean-Closing.png
Component: component_1755523807006_259.png
centerX: 0.018951612903225806
centerY: 0.6999145055571387
width: 0.02338709677419355
height: 0.04987175833570818
Area: 0.00048780095422829776
CentroidX: 0.0276
CentroidY: 0.7227
