Location: Dedata_19.png_Otsu.png
Component: component_1755511661631_281.png
centerX: 0.011693548387096775
centerY: 0.5249358791678541
width: 0.027822580645161292
height: 0.04474209176403534
Area: 0.00045999227792128993
CentroidX: 0.0218
CentroidY: 0.5456
