Location: Dedata_2.png_Mean-Medain.png
Component: component_1755523807303_271.png
centerX: 0.4044354838709677
centerY: 0.7272727272727273
width: 0.02258064516129032
height: 0.039612425192362494
Area: 0.0003553075501705292
CentroidX: 0.4129
CentroidY: 0.7454
