Location: Dedata_2.png_Gaussian-Median.png
Component: component_1755523807149_209.png
centerX: 0.018951612903225806
centerY: 0.5294955827871188
width: 0.028225806451612902
height: 0.04189227700199487
Area: 0.0004682659336820526
CentroidX: 0.0303
CentroidY: 0.5489
