Location: Dedata_19.png_Gaussian-Median.png
Component: component_1755511661121_289.png
centerX: 0.24274193548387096
centerY: 0.7569108007979481
width: 0.02258064516129032
height: 0.04417212881162724
Area: 0.00040138721628255454
CentroidX: 0.2515
CentroidY: 0.7779
