Location: Dedata_2.png_Gaussian-Median.png
Component: component_1755523807118_48.png
centerX: 0.7866935483870968
centerY: 0.11199772014819037
width: 0.028629032258064516
height: 0.04160729552579082
Area: 0.0005007859972972724
CentroidX: 0.7990
CentroidY: 0.1302
