Location: Dedata_2.png_Gaussian-Median.png
Component: component_1755523807130_109.png
centerX: 0.6915322580645161
centerY: 0.26788258763180395
width: 0.032661290322580645
height: 0.037902536335138216
Area: 0.0004929719890787744
CentroidX: 0.7051
CentroidY: 0.2844
