Location: Dedata_2.png_Gaussian-Median.png
Component: component_1755523807109_7.png
centerX: 0.8713709677419355
centerY: 0.005984611000284981
width: 0.024193548387096774
height: 0.043032202906811055
Area: 0.0004956149624467958
CentroidX: 0.8816
CentroidY: 0.0255
