Location: internet_7.png_Mean-Closing.png
Component: component_1755093286336_169.png
centerX: 0.6694881096332124
centerY: 0.5469061876247505
width: 0.03184199919387344
height: 0.041060735671514116
Area: 0.000465126061575243
CentroidX: 0.6836
CentroidY: 0.5647
