Location: Dedata_19.png_Gaussian-Median.png
Component: component_1755511661085_162.png
centerX: 0.15403225806451612
centerY: 0.38985465944713593
width: 0.02258064516129032
height: 0.045597036192647475
Area: 0.0004750457349304553
CentroidX: 0.1629
CentroidY: 0.4112
