Location: Dedata_2.png_Mean-Closing.png
Component: component_1755523806904_73.png
centerX: 0.06088709677419355
centerY: 0.18438301510401825
width: 0.025403225806451612
height: 0.038472499287546306
Area: 0.0005129666571672841
CentroidX: 0.0723
CentroidY: 0.2013
