Location: Dedata_19.png_Gaussian-Closing.png
Component: component_1755511661424_59.png
centerX: 0.5161290322580645
centerY: 0.13251638643488173
width: 0.02258064516129032
height: 0.04787688800227985
Area: 0.0004101205195855818
CentroidX: 0.5246
CentroidY: 0.1545
