Location: Dedata_2.png_Mean-Medain.png
Component: component_1755523807282_202.png
centerX: 0.5395161290322581
centerY: 0.5388999715018524
width: 0.02379032258064516
height: 0.043032202906811055
Area: 0.0004267827429926732
CentroidX: 0.5488
CentroidY: 0.5591
