Location: Dedata_19.png_Gaussian-Closing.png
Component: component_1755511661516_278.png
centerX: 0.5834677419354839
centerY: 0.7352522086064406
width: 0.02217741935483871
height: 0.040467369620974636
Area: 0.0003759916895724359
CentroidX: 0.5919
CentroidY: 0.7547
