Location: Dedata_2.png_Gaussian-Median.png
Component: component_1755523807159_240.png
centerX: 0.34596774193548385
centerY: 0.6186947848389854
width: 0.021370967741935483
height: 0.04075235109717868
Area: 0.0003993188023423639
CentroidX: 0.3544
CentroidY: 0.6378
