Location: internet_7.png_Gaussian-Closing.png
Component: component_1755093286235_254.png
centerX: 0.06731156791616284
centerY: 0.8240661534074708
width: 0.03305118903667876
height: 0.04362703165098375
Area: 0.00037467530534600747
CentroidX: 0.0800
CentroidY: 0.8444
