Location: Dedata_19.png_Gaussian-Median.png
Component: component_1755511661068_88.png
centerX: 0.35685483870967744
centerY: 0.1963522371045882
width: 0.018951612903225806
height: 0.0481618694784839
Area: 0.00037553204203017126
CentroidX: 0.3650
CentroidY: 0.2188
