Location: Dedata_19.png_Gaussian-Median.png
Component: component_1755511661088_173.png
centerX: 0.5754032258064516
centerY: 0.43203191792533485
width: 0.022983870967741935
height: 0.04445711028783129
Area: 0.00044310023074306624
CentroidX: 0.5846
CentroidY: 0.4528
