Location: Dedata_2.png_Gaussian-Closing.png
Component: component_1755523807370_49.png
centerX: 0.5044354838709677
centerY: 0.11798233114847535
width: 0.03024193548387097
height: 0.040467369620974636
Area: 0.0005073359747745429
CentroidX: 0.5172
CentroidY: 0.1355
