Location: Dedata_19.png_Gaussian-Median.png
Component: component_1755511661060_49.png
centerX: 0.9407258064516129
centerY: 0.11712738671986321
width: 0.018548387096774192
height: 0.042462239954402965
Area: 0.0003227874865553094
CentroidX: 0.9478
CentroidY: 0.1367
