Location: Dedata_19.png_Gaussian-Closing.png
Component: component_1755511661421_50.png
centerX: 0.8979838709677419
centerY: 0.1188372755770875
width: 0.018548387096774192
height: 0.047021943573667714
Area: 0.00038311622647753705
CentroidX: 0.9058
CentroidY: 0.1408
