Location: Dedata_19.png_Gaussian-Closing.png
Component: component_1755511661515_272.png
centerX: 0.842741935483871
centerY: 0.7170133941293816
width: 0.02379032258064516
height: 0.04018238814477059
Area: 0.00036668382684157787
CentroidX: 0.8518
CentroidY: 0.7354
