Location: Dedata_19.png_Gaussian-Closing.png
Component: component_1755511661516_276.png
centerX: 0.6681451612903225
centerY: 0.7298375605585637
width: 0.025
height: 0.0438871473354232
Area: 0.000424254681510218
CentroidX: 0.6785
CentroidY: 0.7502
