Location: internet_7.png_Gaussian-Closing.png
Component: component_1755093286230_230.png
centerX: 0.4316807738814994
centerY: 0.7604790419161677
width: 0.026602176541717048
height: 0.04448246364414029
Area: 0.0003888118276029274
CentroidX: 0.4426
CentroidY: 0.7813
