Location: Dedata_19.png_Otsu.png
Component: component_1755511661671_407.png
centerX: 0.16129032258064516
centerY: 0.8828726132801368
width: 0.025
height: 0.04417212881162724
Area: 0.0003782899272837588
CentroidX: 0.1691
CentroidY: 0.9029
