Location: Dedata_19.png_Gaussian-Median.png
Component: component_1755511661108_245.png
centerX: 0.2407258064516129
centerY: 0.6346537475064121
width: 0.02217741935483871
height: 0.04445711028783129
Area: 0.00045355721232958566
CentroidX: 0.2496
CentroidY: 0.6560
