Location: internet_7.png_Mean-Closing.png
Component: component_1755093286316_91.png
centerX: 0.9020556227327691
centerY: 0.2780153977758768
width: 0.03667875856509472
height: 0.046763615625891077
Area: 0.00041467131953631746
CentroidX: 0.9208
CentroidY: 0.3009
