Location: internet_7.png_Otsu.png
Component: component_1755093286078_822.png
centerX: 0.5497783151954857
centerY: 0.549757627601939
width: 0.0237807335751713
height: 0.038209295694325636
Area: 0.0003492755377136554
CentroidX: 0.5592
CentroidY: 0.5664
