Location: Dedata_2.png_Mean-Closing.png
Component: component_1755523806924_122.png
centerX: 0.4592741935483871
centerY: 0.329438586491878
width: 0.03588709677419355
height: 0.04189227700199487
Area: 0.0005613445609906324
CentroidX: 0.4739
CentroidY: 0.3481
