Location: internet_7.png_Otsu.png
Component: component_1755093286059_709.png
centerX: 0.18661829907295446
centerY: 0.49615055603079555
width: 0.03345425231761386
height: 0.047619047619047616
Area: 0.00028537385986936707
CentroidX: 0.2012
CentroidY: 0.5189
