Location: Dedata_19.png_Mean-Closing.png
Component: component_1755511662031_200.png
centerX: 0.8834677419354838
centerY: 0.530920490168139
width: 0.027419354838709678
height: 0.0438871473354232
Area: 0.0004882606017705623
CentroidX: 0.8948
CentroidY: 0.5518
