Location: Dedata_2.png_Gaussian-Closing.png
Component: component_1755523807433_300.png
centerX: 0.06854838709677419
centerY: 0.823026503277287
width: 0.024193548387096774
height: 0.04417212881162724
Area: 0.00045826859963779776
CentroidX: 0.0781
CentroidY: 0.8438
