Location: Dedata_2.png_Mean-Medain.png
Component: component_1755523807303_273.png
centerX: 0.30201612903225805
centerY: 0.7392419492732972
width: 0.024596774193548387
height: 0.04360216585921915
Area: 0.00046665716728412653
CentroidX: 0.3115
CentroidY: 0.7596
