Location: internet_7.png_Otsu.png
Component: component_1755093286033_287.png
centerX: 0.8637646110439339
centerY: 0.16766467065868262
width: 0.03466344216041919
height: 0.039635015682919876
Area: 0.0003989257622257644
CentroidX: 0.8814
CentroidY: 0.1872
