Location: Dedata_19.png_Mean-Closing.png
Component: component_1755511661980_79.png
centerX: 0.5580645161290323
centerY: 0.18951268167569107
width: 0.021370967741935483
height: 0.04930179538330009
Area: 0.00036725838626940863
CentroidX: 0.5668
CentroidY: 0.2123
