Location: internet_7.png_Gaussian-Closing.png
Component: component_1755093286188_45.png
centerX: 0.5255945183393793
centerY: 0.1251782149985743
width: 0.04070939137444579
height: 0.0427715996578272
Area: 0.00032077263104929657
CentroidX: 0.5446
CentroidY: 0.1443
