Location: Dedata_2.png_Gaussian-Median.png
Component: component_1755523807138_146.png
centerX: 0.7564516129032258
centerY: 0.3667711598746082
width: 0.027822580645161292
height: 0.034482758620689655
Area: 0.00039713547651660706
CentroidX: 0.7670
CentroidY: 0.3819
