Location: Dedata_19.png_Mean-Closing.png
Component: component_1755511662038_216.png
centerX: 0.1495967741935484
centerY: 0.5773724707893987
width: 0.02379032258064516
height: 0.04360216585921915
Area: 0.00048044659355206426
CentroidX: 0.1593
CentroidY: 0.5983
