Location: Dedata_2.png_Mean-Closing.png
Component: component_1755523807005_254.png
centerX: 0.8088709677419355
centerY: 0.6899401538899972
width: 0.022983870967741935
height: 0.0438871473354232
Area: 0.0004534423004440195
CentroidX: 0.8180
CentroidY: 0.7101
