Location: internet_7.png_Gaussian-Closing.png
Component: component_1755093286224_198.png
centerX: 0.32849657396211207
centerY: 0.6295979469632165
width: 0.031035872632003223
height: 0.045337895637296836
Area: 0.00044742667598527823
CentroidX: 0.3402
CentroidY: 0.6492
