Location: Dedata_19.png_Gaussian-Closing.png
Component: component_1755511661516_277.png
centerX: 0.6245967741935484
centerY: 0.7301225420347678
width: 0.025806451612903226
height: 0.04531205471644343
Area: 0.0004297704520173931
CentroidX: 0.6337
CentroidY: 0.7515
