Location: Dedata_2.png_Gaussian-Median.png
Component: component_1755523807119_56.png
centerX: 0.12379032258064517
centerY: 0.11969222000569962
width: 0.027822580645161292
height: 0.04787688800227985
Area: 0.0005422691879866518
CentroidX: 0.1353
CentroidY: 0.1417
