Location: Dedata_19.png_Mean-Closing.png
Component: component_1755511662057_280.png
centerX: 0.20080645161290323
centerY: 0.7600455970361927
width: 0.021774193548387097
height: 0.04474209176403534
Area: 0.00042563362413701174
CentroidX: 0.2093
CentroidY: 0.7813
