Location: Dedata_2.png_Gaussian-Closing.png
Component: component_1755523807378_82.png
centerX: 0.8044354838709677
centerY: 0.21003134796238246
width: 0.031451612903225803
height: 0.04132231404958678
Area: 0.000536983241250609
CentroidX: 0.8176
CentroidY: 0.2282
