Location: Dedata_2.png_Mean-Closing.png
Component: component_1755523806897_40.png
centerX: 0.7866935483870968
centerY: 0.11199772014819037
width: 0.028629032258064516
height: 0.04132231404958678
Area: 0.0005228490793259728
CentroidX: 0.7991
CentroidY: 0.1299
