Location: Dedata_19.png_Gaussian-Median.png
Component: component_1755511661109_250.png
centerX: 0.020161290322580645
centerY: 0.6480478768880022
width: 0.027419354838709678
height: 0.04616699914505557
Area: 0.0004828597431489534
CentroidX: 0.0300
CentroidY: 0.6696
