Location: Dedata_19.png_Gaussian-Closing.png
Component: component_1755511661503_230.png
centerX: 0.8036290322580645
centerY: 0.6033057851239669
width: 0.027822580645161292
height: 0.04160729552579082
Area: 0.0004451686446832569
CentroidX: 0.8150
CentroidY: 0.6229
