Location: internet_7.png_Mean-Closing.png
Component: component_1755093286322_113.png
centerX: 0.8633615477629988
centerY: 0.34302822925577414
width: 0.03829101168883515
height: 0.05474764756201882
Area: 0.0004580003349091533
CentroidX: 0.8813
CentroidY: 0.3696
