Location: internet_7.png_Gaussian-Closing.png
Component: component_1755093286196_77.png
centerX: 0.7251108424022572
centerY: 0.23068149415454806
width: 0.037484885126964934
height: 0.04419731964642144
Area: 0.0004642066129731669
CentroidX: 0.7443
CentroidY: 0.2525
