Location: internet_7.png_Otsu.png
Component: component_1755093286028_140.png
centerX: 0.6807738814993954
centerY: 0.11919019104647847
width: 0.028617492946392584
height: 0.04362703165098375
Area: 0.0004209925286755906
CentroidX: 0.6925
CentroidY: 0.1402
