Location: Dedata_19.png_Mean-Closing.png
Component: component_1755511662000_126.png
centerX: 0.3875
centerY: 0.32174408663436876
width: 0.024193548387096774
height: 0.049016813907096037
Area: 0.0005298587043455078
CentroidX: 0.3966
CentroidY: 0.3452
