Location: Dedata_2.png_Mean-Closing.png
Component: component_1755523806902_63.png
centerX: 0.5951612903225807
centerY: 0.16842405243659161
width: 0.03064516129032258
height: 0.04075235109717868
Area: 0.0005420393642155195
CentroidX: 0.6088
CentroidY: 0.1865
