Location: internet_7.png_Otsu.png
Component: component_1755093286111_982.png
centerX: 0.0709391374445788
centerY: 0.7621899059024807
width: 0.02781136638452237
height: 0.041060735671514116
Area: 0.00028456934234255045
CentroidX: 0.0816
CentroidY: 0.7807
