Location: internet_7.png_Mean-Medain.png
Component: component_1755093286408_29.png
centerX: 0.2365981459089077
centerY: 0.07214143142286855
width: 0.03385731559854897
height: 0.041060735671514116
Area: 0.0003781232376037928
CentroidX: 0.2500
CentroidY: 0.0907
