Location: internet_7.png_Gaussian-Closing.png
Component: component_1755093286192_62.png
centerX: 0.5344619105199516
centerY: 0.17678927858568577
width: 0.04312777106005643
height: 0.04790419161676647
Area: 0.0005676445807067272
CentroidX: 0.5563
CentroidY: 0.1996
