Location: Dedata_2.png_Mean-Closing.png
Component: component_1755523807010_279.png
centerX: 0.7205645161290323
centerY: 0.7597606155599886
width: 0.022983870967741935
height: 0.04331718438301511
Area: 0.0004761948537861168
CentroidX: 0.7304
CentroidY: 0.7800
