Location: Dedata_19.png_Otsu.png
Component: component_1755511661623_247.png
centerX: 0.6258064516129033
centerY: 0.4297520661157025
width: 0.021774193548387097
height: 0.042462239954402965
Area: 0.000402536335138216
CentroidX: 0.6349
CentroidY: 0.4495
