Location: Dedata_19.png_Gaussian-Closing.png
Component: component_1755511661481_146.png
centerX: 0.7592741935483871
centerY: 0.3610715303505272
width: 0.025403225806451612
height: 0.045597036192647475
Area: 0.00047125364270677244
CentroidX: 0.7701
CentroidY: 0.3818
