Location: Dedata_2.png_Gaussian-Median.png
Component: component_1755523807129_107.png
centerX: 0.8004032258064516
centerY: 0.26132801367911085
width: 0.03588709677419355
height: 0.039042462239954404
Area: 0.0005003263497550079
CentroidX: 0.8154
CentroidY: 0.2779
