Location: internet_7.png_Mean-Closing.png
Component: component_1755093286343_207.png
centerX: 0.4554615074566707
centerY: 0.6909039064727688
width: 0.03788794840790004
height: 0.04647847162817223
Area: 0.00047420561652074445
CentroidX: 0.4679
CentroidY: 0.7120
