Location: internet_7.png_Mean-Medain.png
Component: component_1755093286421_94.png
centerX: 0.013301088270858524
centerY: 0.24750499001996007
width: 0.04070939137444579
height: 0.04305674365554605
Area: 0.0004984560734005014
CentroidX: 0.0344
CentroidY: 0.2705
