Location: internet_7.png_Gaussian-Closing.png
Component: component_1755093286224_199.png
centerX: 0.25594518339379285
centerY: 0.6313088109495295
width: 0.04191858121725111
height: 0.04647847162817223
Area: 0.0004777684798537893
CentroidX: 0.2711
CentroidY: 0.6511
