Location: Dedata_19.png_Gaussian-Median.png
Component: component_1755511661086_166.png
centerX: 0.8504032258064517
centerY: 0.41550299230550014
width: 0.025
height: 0.04360216585921915
Area: 0.0004502247676481674
CentroidX: 0.8602
CentroidY: 0.4358
