Location: internet_7.png_Otsu.png
Component: component_1755093286034_295.png
centerX: 0.5348649738008867
centerY: 0.1770744225834046
width: 0.04232164449818621
height: 0.047619047619047616
Area: 0.0005410955023217801
CentroidX: 0.5564
CentroidY: 0.1994
