Location: Dedata_19.png_Otsu.png
Component: component_1755511661600_71.png
centerX: 0.14233870967741935
centerY: 0.13878597891137076
width: 0.01975806451612903
height: 0.04673696209746366
Area: 0.00035059616286231717
CentroidX: 0.1491
CentroidY: 0.1607
