Location: Dedata_19.png_Gaussian-Median.png
Component: component_1755511661103_227.png
centerX: 0.1032258064516129
centerY: 0.5802222855514392
width: 0.024193548387096774
height: 0.04474209176403534
Area: 0.00046734663859752343
CentroidX: 0.1124
CentroidY: 0.6016
