Location: Dedata_19.png_Gaussian-Closing.png
Component: component_1755511661496_205.png
centerX: 0.932258064516129
centerY: 0.5300655457395269
width: 0.03064516129032258
height: 0.04189227700199487
Area: 0.00046930014065214794
CentroidX: 0.9445
CentroidY: 0.5499
