Location: internet_7.png_Mean-Closing.png
Component: component_1755093286319_104.png
centerX: 0.1700927045546151
centerY: 0.303963501568292
width: 0.037484885126964934
height: 0.05075563159395495
Area: 0.0005446583656548249
CentroidX: 0.1877
CentroidY: 0.3287
