Location: Dedata_19.png_Gaussian-Median.png
Component: component_1755511661102_223.png
centerX: 0.28669354838709676
centerY: 0.5713878597891137
width: 0.022983870967741935
height: 0.04787688800227985
Area: 0.0004944658435911344
CentroidX: 0.2957
CentroidY: 0.5945
