Location: Dedata_19.png_Otsu.png
Component: component_1755511661597_56.png
centerX: 0.6919354838709677
centerY: 0.12510686805357651
width: 0.02258064516129032
height: 0.04673696209746366
Area: 0.0002939446032782063
CentroidX: 0.7010
CentroidY: 0.1453
