Location: internet_7.png_Otsu.png
Component: component_1755093286034_297.png
centerX: 0.12777106005642885
centerY: 0.18277730253778157
width: 0.03990326481257558
height: 0.04562303963501568
Area: 0.0005400611226444445
CentroidX: 0.1468
CentroidY: 0.2057
