Location: internet_7.png_Otsu.png
Component: component_1755093286084_830.png
centerX: 0.012091898428053204
centerY: 0.5605930995152552
width: 0.03345425231761386
height: 0.04505275163957799
Area: 0.0004740906854454849
CentroidX: 0.0242
CentroidY: 0.5827
