Location: Dedata_19.png_Gaussian-Closing.png
Component: component_1755511661438_85.png
centerX: 0.4435483870967742
centerY: 0.195212311199772
width: 0.020161290322580645
height: 0.043032202906811055
Area: 0.0002808446483236654
CentroidX: 0.4508
CentroidY: 0.2152
