Location: Dedata_2.png_Mean-Medain.png
Component: component_1755523807308_295.png
centerX: 0.2592741935483871
centerY: 0.8067825591336563
width: 0.025
height: 0.04616699914505557
Area: 0.0004945807554767005
CentroidX: 0.2695
CentroidY: 0.8273
