Location: internet_7.png_Mean-Medain.png
Component: component_1755093286423_104.png
centerX: 0.5106811769447803
centerY: 0.2979754776161962
width: 0.037081821846029824
height: 0.04505275163957799
Area: 0.000479492445982682
CentroidX: 0.5314
CentroidY: 0.3202
