Location: internet_7.png_Otsu.png
Component: component_1755093286086_833.png
centerX: 0.8081418782748891
centerY: 0.611633875106929
width: 0.03143893591293833
height: 0.04305674365554605
Area: 0.0003572057819065617
CentroidX: 0.8221
CentroidY: 0.6303
