Location: Dedata_2.png_Gaussian-Median.png
Component: component_1755523807122_68.png
centerX: 0.7540322580645161
centerY: 0.15930464519806212
width: 0.027822580645161292
height: 0.04417212881162724
Area: 0.0005342253559970215
CentroidX: 0.7656
CentroidY: 0.1793
