Location: internet_7.png_Gaussian-Closing.png
Component: component_1755093286218_166.png
centerX: 0.731962918178154
centerY: 0.5454804676361562
width: 0.03788794840790004
height: 0.04362703165098375
Area: 0.00041639528566521014
CentroidX: 0.7451
CentroidY: 0.5662
