Location: internet_7.png_Mean-Closing.png
Component: component_1755093286333_154.png
centerX: 0.7303506650544136
centerY: 0.4827487881380097
width: 0.02418379685610641
height: 0.04163102366695181
Area: 0.0003369779126608877
CentroidX: 0.7397
CentroidY: 0.5040
