Location: Dedata_19.png_Otsu.png
Component: component_1755511661586_6.png
centerX: 0.785483870967742
centerY: 0.009404388714733543
width: 0.02056451612903226
height: 0.04930179538330009
Area: 0.0003700162715229962
CentroidX: 0.7946
CentroidY: 0.0319
