Location: internet_7.png_Gaussian-Closing.png
Component: component_1755093286200_97.png
centerX: 0.5602579604997985
centerY: 0.2956943256344454
width: 0.041112454655380895
height: 0.04790419161676647
Area: 0.000500639763830432
CentroidX: 0.5840
CentroidY: 0.3192
