Location: Dedata_19.png_Gaussian-Closing.png
Component: component_1755511661518_283.png
centerX: 0.36935483870967745
centerY: 0.7495012824166429
width: 0.020967741935483872
height: 0.04075235109717868
Area: 0.0003579505235385506
CentroidX: 0.3774
CentroidY: 0.7690
