Location: Dedata_19.png_Gaussian-Closing.png
Component: component_1755511661490_182.png
centerX: 0.10725806451612903
centerY: 0.45654032487888285
width: 0.021774193548387097
height: 0.04132231404958678
Area: 0.00042873624504729776
CentroidX: 0.1164
CentroidY: 0.4757
