Location: Dedata_2.png_Mean-Closing.png
Component: component_1755523806928_126.png
centerX: 0.21895161290322582
centerY: 0.34283271587346825
width: 0.031048387096774193
height: 0.040467369620974636
Area: 0.0005331911490269261
CentroidX: 0.2320
CentroidY: 0.3613
