Location: Dedata_19.png_Gaussian-Closing.png
Component: component_1755511661464_101.png
centerX: 0.7637096774193548
centerY: 0.24650897691650042
width: 0.028629032258064516
height: 0.050441721288116276
Area: 0.0005364086818227783
CentroidX: 0.7746
CentroidY: 0.2690
