Location: internet_7.png_Mean-Medain.png
Component: component_1755093286417_73.png
centerX: 0.2962515114873035
centerY: 0.18363273453093812
width: 0.04030632809351068
height: 0.046193327630453376
Area: 0.000595687763070048
CentroidX: 0.3159
CentroidY: 0.2066
