Location: Dedata_19.png_Otsu.png
Component: component_1755511661601_96.png
centerX: 0.8443548387096774
centerY: 0.18039327443716158
width: 0.02379032258064516
height: 0.04531205471644343
Area: 0.00039322847240735805
CentroidX: 0.8529
CentroidY: 0.2025
