Location: Dedata_19.png_Gaussian-Closing.png
Component: component_1755511661521_296.png
centerX: 0.7721774193548387
centerY: 0.7768595041322314
width: 0.021370967741935483
height: 0.04730692504987176
Area: 0.0004226459151122919
CentroidX: 0.7806
CentroidY: 0.7996
