Location: Dedata_19.png_Gaussian-Median.png
Component: component_1755511661128_295.png
centerX: 0.9016129032258065
centerY: 0.7722998005129666
width: 0.025
height: 0.04075235109717868
Area: 0.0003970205646310409
CentroidX: 0.9115
CentroidY: 0.7919
