Location: internet_7.png_Mean-Medain.png
Component: component_1755093286448_226.png
centerX: 0.12978637646110439
centerY: 0.6946107784431138
width: 0.029423619508262798
height: 0.045337895637296836
Area: 0.00042535990953545204
CentroidX: 0.1420
CentroidY: 0.7157
