Location: Dedata_19.png_Mean-Closing.png
Component: component_1755511662054_267.png
centerX: 0.7536290322580645
centerY: 0.7221430607010544
width: 0.024596774193548387
height: 0.04189227700199487
Area: 0.0004051793085062374
CentroidX: 0.7634
CentroidY: 0.7418
