Location: Kurtxevani_1764_page_10.png_Otsu.png
Component: component_1755610055911_1097.png
centerX: 0.7307443365695793
centerY: 0.41721234798877455
width: 0.013592233009708738
height: 0.01824134705332086
Area: 0.00014440498787543027
CentroidX: 0.7376
CentroidY: 0.4255
