Location: Dedata_2.png_Gaussian-Median.png
Component: component_1755523807144_184.png
centerX: 0.06169354838709677
centerY: 0.46736962097463663
width: 0.022983870967741935
height: 0.03875748076375036
Area: 0.00041391261180926466
CentroidX: 0.0708
CentroidY: 0.4857
