Location: internet_7.png_Gaussian-Closing.png
Component: component_1755093286216_156.png
centerX: 0.48972188633615477
centerY: 0.4853150841174793
width: 0.025796049979846837
height: 0.043912175648702596
Area: 0.00037547982287282404
CentroidX: 0.5008
CentroidY: 0.5059
