Location: Dedata_2.png_Mean-Medain.png
Component: component_1755523807284_214.png
centerX: 0.9173387096774194
centerY: 0.5753776004559704
width: 0.02661290322580645
height: 0.04018238814477059
Area: 0.00042379503396795337
CentroidX: 0.9281
CentroidY: 0.5932
