Location: internet_7.png_Mean-Closing.png
Component: component_1755093286351_242.png
centerX: 0.18097541313986296
centerY: 0.8229255774165953
width: 0.028214429665457477
height: 0.04305674365554605
Area: 0.0003578953683581188
CentroidX: 0.1931
CentroidY: 0.8429
