Location: Dedata_19.png_Otsu.png
Component: component_1755511661592_32.png
centerX: 0.5040322580645161
centerY: 0.06611570247933884
width: 0.020161290322580645
height: 0.047021943573667714
Area: 0.00032692431443569073
CentroidX: 0.5108
CentroidY: 0.0873
