Location: Dedata_2.png_Gaussian-Closing.png
Component: component_1755523807403_188.png
centerX: 0.4080645161290323
centerY: 0.49957252778569394
width: 0.028225806451612902
height: 0.03875748076375036
Area: 0.00039518197446198255
CentroidX: 0.4193
CentroidY: 0.5172
