Location: Dedata_2.png_Mean-Closing.png
Component: component_1755523807011_284.png
centerX: 0.5883064516129032
centerY: 0.7734397264177828
width: 0.025
height: 0.04189227700199487
Area: 0.00047194311402016934
CentroidX: 0.5981
CentroidY: 0.7924
