Location: Dedata_2.png_Gaussian-Median.png
Component: component_1755523807126_90.png
centerX: 0.6504032258064516
centerY: 0.21430607010544314
width: 0.03024193548387097
height: 0.04103733257338273
Area: 0.0005015903804962355
CentroidX: 0.6621
CentroidY: 0.2324
