Location: Dedata_19.png_Gaussian-Closing.png
Component: component_1755511661428_67.png
centerX: 0.3133064516129032
centerY: 0.13707609005414648
width: 0.018951612903225806
height: 0.047021943573667714
Area: 0.0004019617757103853
CentroidX: 0.3210
CentroidY: 0.1589
