Location: Dedata_19.png_Mean-Closing.png
Component: component_1755511662020_164.png
centerX: 0.6254032258064516
centerY: 0.42946708463949845
width: 0.02258064516129032
height: 0.043032202906811055
Area: 0.0004596475422645915
CentroidX: 0.6349
CentroidY: 0.4496
