Location: Dedata_2.png_Mean-Closing.png
Component: component_1755523806898_44.png
centerX: 0.4467741935483871
centerY: 0.11655742376745512
width: 0.031048387096774193
height: 0.047021943573667714
Area: 0.0005888085016409417
CentroidX: 0.4605
CentroidY: 0.1376
