Location: Dedata_2.png_Mean-Closing.png
Component: component_1755523806883_4.png
centerX: 0.9306451612903226
centerY: 0.006554573952693075
width: 0.029838709677419355
height: 0.04132231404958678
Area: 0.0005402007740464612
CentroidX: 0.9427
CentroidY: 0.0249
