Location: Dedata_2.png_Mean-Closing.png
Component: component_1755523806910_103.png
centerX: 0.47258064516129034
centerY: 0.27785693929894556
width: 0.03387096774193549
height: 0.0438871473354232
Area: 0.0006028277516800118
CentroidX: 0.4871
CentroidY: 0.2976
