Location: internet_7.png_Gaussian-Closing.png
Component: component_1755093286197_82.png
centerX: 0.40709391374445786
centerY: 0.2392358140861135
width: 0.03466344216041919
height: 0.04590818363273453
Area: 0.00048730775910032874
CentroidX: 0.4248
CentroidY: 0.2625
