Location: Dedata_19.png_Gaussian-Closing.png
Component: component_1755511661496_203.png
centerX: 0.05524193548387097
centerY: 0.5226560273582217
width: 0.02379032258064516
height: 0.042462239954402965
Area: 0.00045160371027496115
CentroidX: 0.0645
CentroidY: 0.5425
