Location: Dedata_2.png_Gaussian-Closing.png
Component: component_1755523807371_55.png
centerX: 0.17419354838709677
centerY: 0.12425192362496437
width: 0.027016129032258064
height: 0.04217725847819892
Area: 0.0004890649849695254
CentroidX: 0.1859
CentroidY: 0.1433
