Location: Dedata_19.png_Gaussian-Closing.png
Component: component_1755511661511_256.png
centerX: 0.5766129032258065
centerY: 0.676546024508407
width: 0.022983870967741935
height: 0.04274722143060701
Area: 0.0003920793535516966
CentroidX: 0.5855
CentroidY: 0.6967
