Location: Dedata_2.png_Mean-Medain.png
Component: component_1755523807233_14.png
centerX: 0.6237903225806452
centerY: 0.010259333143345683
width: 0.03467741935483871
height: 0.04360216585921915
Area: 0.0006105268480129436
CentroidX: 0.6375
CentroidY: 0.0292
