Location: Dedata_2.png_Mean-Closing.png
Component: component_1755523806890_13.png
centerX: 0.34475806451612906
centerY: 0.010829296095753777
width: 0.025403225806451612
height: 0.04132231404958678
Area: 0.0005406604215887257
CentroidX: 0.3553
CentroidY: 0.0300
