Location: Dedata_19.png_Otsu.png
Component: component_1755511661629_274.png
centerX: 0.2830645161290323
centerY: 0.5072670276432032
width: 0.024596774193548387
height: 0.04645198062125962
Area: 0.00046435892957280355
CentroidX: 0.2938
CentroidY: 0.5298
