Location: Dedata_2.png_Mean-Medain.png
Component: component_1755523807293_261.png
centerX: 0.7665322580645161
centerY: 0.6942148760330579
width: 0.020967741935483872
height: 0.04189227700199487
Area: 0.0004288511569328639
CentroidX: 0.7750
CentroidY: 0.7138
