Location: Dedata_19.png_Otsu.png
Component: component_1755511661638_310.png
centerX: 0.6068548387096774
centerY: 0.6149900256483328
width: 0.024596774193548387
height: 0.04645198062125962
Area: 0.00044562829222552145
CentroidX: 0.6170
CentroidY: 0.6370
