Location: Dedata_19.png_Gaussian-Closing.png
Component: component_1755511661511_255.png
centerX: 0.6225806451612903
centerY: 0.6745511541749786
width: 0.021774193548387097
height: 0.040467369620974636
Area: 0.0003776004559703619
CentroidX: 0.6314
CentroidY: 0.6937
