Location: internet_7.png_Mean-Medain.png
Component: component_1755093286422_99.png
centerX: 0.7698508665860541
centerY: 0.2848588537211292
width: 0.03184199919387344
height: 0.04448246364414029
Area: 0.00041938349362195744
CentroidX: 0.7831
CentroidY: 0.3057
