Location: Dedata_19.png_Mean-Closing.png
Component: component_1755511661938_54.png
centerX: 0.6048387096774194
centerY: 0.1268167569108008
width: 0.024193548387096774
height: 0.047021943573667714
Area: 0.00042436959339578413
CentroidX: 0.6137
CentroidY: 0.1483
