Location: Dedata_19.png_Otsu.png
Component: component_1755511661630_276.png
centerX: 0.23790322580645162
centerY: 0.512111712738672
width: 0.024193548387096774
height: 0.04645198062125962
Area: 0.0004490756487925059
CentroidX: 0.2476
CentroidY: 0.5342
