Location: internet_7.png_Gaussian-Closing.png
Component: component_1755093286186_37.png
centerX: 0.7718661829907295
centerY: 0.11747932706016538
width: 0.03305118903667876
height: 0.043341887653264896
Area: 0.00046627537232783815
CentroidX: 0.7845
CentroidY: 0.1383
