Location: Dedata_2.png_Gaussian-Closing.png
Component: component_1755523807367_34.png
centerX: 0.1254032258064516
centerY: 0.07039042462239954
width: 0.025806451612903226
height: 0.0438871473354232
Area: 0.0005184824276744592
CentroidX: 0.1363
CentroidY: 0.0906
