Location: Dedata_2.png_Gaussian-Median.png
Component: component_1755523807161_248.png
centerX: 0.1532258064516129
centerY: 0.6349387289826162
width: 0.020161290322580645
height: 0.04189227700199487
Area: 0.00039713547651660706
CentroidX: 0.1609
CentroidY: 0.6549
