Location: Dedata_2.png_Gaussian-Median.png
Component: component_1755523807162_251.png
centerX: 0.6911290322580645
centerY: 0.6417782844115133
width: 0.022983870967741935
height: 0.04132231404958678
Area: 0.0003940328556063211
CentroidX: 0.6994
CentroidY: 0.6605
