Location: Dedata_19.png_Mean-Closing.png
Component: component_1755511662028_191.png
centerX: 0.28266129032258064
centerY: 0.5069820461669992
width: 0.025403225806451612
height: 0.047021943573667714
Area: 0.0005243429338383327
CentroidX: 0.2938
CentroidY: 0.5299
