Location: Dedata_2.png_Gaussian-Median.png
Component: component_1755523807155_231.png
centerX: 0.7362903225806452
centerY: 0.5850669706469079
width: 0.021774193548387097
height: 0.039612425192362494
Area: 0.00038047325310951565
CentroidX: 0.7443
CentroidY: 0.6033
