Location: Dedata_19.png_Otsu.png
Component: component_1755511661604_119.png
centerX: 0.357258064516129
centerY: 0.1969222000569963
width: 0.017741935483870968
height: 0.04616699914505557
Area: 0.00016501346767298835
CentroidX: 0.3653
CentroidY: 0.2167
