Location: Dedata_2.png_Mean-Medain.png
Component: component_1755523807266_130.png
centerX: 0.12298387096774194
centerY: 0.34796238244514105
width: 0.028225806451612902
height: 0.04103733257338273
Area: 0.0005447972494691071
CentroidX: 0.1344
CentroidY: 0.3670
