Location: Dedata_19.png_Mean-Closing.png
Component: component_1755511661988_97.png
centerX: 0.8125
centerY: 0.24337418067825592
width: 0.028225806451612902
height: 0.04645198062125962
Area: 0.0005724910138905487
CentroidX: 0.8232
CentroidY: 0.2643
