Location: Dedata_2.png_Mean-Closing.png
Component: component_1755523806963_166.png
centerX: 0.25443548387096776
centerY: 0.4579652322599031
width: 0.028629032258064516
height: 0.040467369620974636
Area: 0.0004987175833570818
CentroidX: 0.2663
CentroidY: 0.4764
