Location: Dedata_19.png_Otsu.png
Component: component_1755511661655_359.png
centerX: 0.36935483870967745
centerY: 0.749786263892847
width: 0.020967741935483872
height: 0.039897406668566546
Area: 0.0003214085439285156
CentroidX: 0.3774
CentroidY: 0.7688
