Location: internet_7.png_Otsu.png
Component: component_1755093286047_382.png
centerX: 0.4083031035872632
centerY: 0.3587111491303108
width: 0.0354695687222894
height: 0.05218135158254919
Area: 0.0003306567035216146
CentroidX: 0.4256
CentroidY: 0.3843
