Location: Dedata_2.png_Gaussian-Closing.png
Component: component_1755523807380_91.png
centerX: 0.3834677419354839
centerY: 0.2285551439156455
width: 0.02620967741935484
height: 0.04103733257338273
Area: 0.0005123920977394534
CentroidX: 0.3943
CentroidY: 0.2474
