Location: internet_7.png_Otsu.png
Component: component_1755093286044_344.png
centerX: 0.2257154373236598
centerY: 0.3048189335614485
width: 0.0354695687222894
height: 0.0504704875962361
Area: 0.0004512194014688421
CentroidX: 0.2418
CentroidY: 0.3289
