Location: Dedata_2.png_Mean-Closing.png
Component: component_1755523807002_239.png
centerX: 0.7338709677419355
centerY: 0.6423482473639214
width: 0.020967741935483872
height: 0.03619264747791394
Area: 0.00035392860754373547
CentroidX: 0.7416
CentroidY: 0.6589
