Location: internet_7.png_Otsu.png
Component: component_1755093286026_71.png
centerX: 0.08222490931076179
centerY: 0.07413743940690048
width: 0.02418379685610641
height: 0.03706871970345024
Area: 0.0002327354274005108
CentroidX: 0.0909
CentroidY: 0.0901
