Location: internet_7.png_Mean-Medain.png
Component: component_1755093286422_97.png
centerX: 0.860540104796453
centerY: 0.28001140575990874
width: 0.032648125755743655
height: 0.045337895637296836
Area: 0.000394558381365903
CentroidX: 0.8757
CentroidY: 0.3012
