Location: internet_7.png_Mean-Closing.png
Component: component_1755093286318_100.png
centerX: 0.4159613059250302
centerY: 0.30025662959794697
width: 0.03506650544135429
height: 0.05018534359851725
Area: 0.0005066161797439267
CentroidX: 0.4356
CentroidY: 0.3247
