Location: Dedata_19.png_Otsu.png
Component: component_1755511661628_266.png
centerX: 0.7040322580645161
centerY: 0.48019378740381874
width: 0.02338709677419355
height: 0.04531205471644343
Area: 0.00042540380036587945
CentroidX: 0.7132
CentroidY: 0.5019
