Location: Dedata_2.png_Mean-Medain.png
Component: component_1755523807232_10.png
centerX: 0.3995967741935484
centerY: 0.009119407238529496
width: 0.024596774193548387
height: 0.045597036192647475
Area: 0.0005321569420568309
CentroidX: 0.4098
CentroidY: 0.0289
