Location: Dedata_19.png_Gaussian-Closing.png
Component: component_1755511661431_76.png
centerX: 0.8028225806451613
centerY: 0.18010829296095754
width: 0.01935483870967742
height: 0.050156739811912224
Area: 0.00035507772639939693
CentroidX: 0.8114
CentroidY: 0.2029
