Location: Dedata_19.png_Mean-Closing.png
Component: component_1755511661999_125.png
centerX: 0.4830645161290323
centerY: 0.31889427187232827
width: 0.024596774193548387
height: 0.04787688800227985
Area: 0.0005397411265041966
CentroidX: 0.4929
CentroidY: 0.3412
