Location: Dedata_2.png_Mean-Closing.png
Component: component_1755523807004_250.png
centerX: 0.9435483870967742
centerY: 0.6836705614135081
width: 0.02338709677419355
height: 0.04160729552579082
Area: 0.00043195377784314987
CentroidX: 0.9528
CentroidY: 0.7031
