Location: Dedata_2.png_Mean-Closing.png
Component: component_1755523806937_140.png
centerX: 0.567741935483871
centerY: 0.37817041892277004
width: 0.025
height: 0.0347677400968937
Area: 0.00040334071833717904
CentroidX: 0.5773
CentroidY: 0.3943
