Location: Dedata_19.png_Gaussian-Closing.png
Component: component_1755511661422_54.png
centerX: 0.8173387096774194
centerY: 0.12339697919635224
width: 0.020161290322580645
height: 0.04360216585921915
Area: 0.00036070840879213816
CentroidX: 0.8253
CentroidY: 0.1435
