Location: Dedata_2.png_Gaussian-Closing.png
Component: component_1755523807394_152.png
centerX: 0.16774193548387098
centerY: 0.4006839555428897
width: 0.028225806451612902
height: 0.04616699914505557
Area: 0.0005880041184419787
CentroidX: 0.1790
CentroidY: 0.4218
