Location: Dedata_2.png_Mean-Closing.png
Component: component_1755523806910_104.png
centerX: 0.42379032258064514
centerY: 0.27871188372755773
width: 0.031048387096774193
height: 0.04160729552579082
Area: 0.0005489340773494884
CentroidX: 0.4367
CentroidY: 0.2975
