Location: Dedata_19.png_Otsu.png
Component: component_1755511661628_267.png
centerX: 0.6108870967741935
centerY: 0.48332858364206327
width: 0.024193548387096774
height: 0.04331718438301511
Area: 0.00042253100322672577
CentroidX: 0.6204
CentroidY: 0.5033
