Location: internet_7.png_Mean-Closing.png
Component: component_1755093286311_70.png
centerX: 0.06771463119709795
centerY: 0.18420302252637583
width: 0.03909713825070536
height: 0.044767607641859136
Area: 0.00059994021285465
CentroidX: 0.0856
CentroidY: 0.2066
