Location: Dedata_2.png_Gaussian-Closing.png
Component: component_1755523807365_26.png
centerX: 0.6016129032258064
centerY: 0.06241094328868624
width: 0.02903225806451613
height: 0.04730692504987176
Area: 0.0005667454196122413
CentroidX: 0.6143
CentroidY: 0.0839
