Location: Paraklitoni_1720_page_10.png_Mean-Medain.png
Component: component_1755610055177_190.png
centerX: 0.6646341463414634
centerY: 0.07719298245614035
width: 0.010670731707317074
height: 0.011528822055137845
Area: 8.405159239562321e-05
CentroidX: 0.6694
CentroidY: 0.0829
