Location: internet_7.png_Mean-Medain.png
Component: component_1755093286437_177.png
centerX: 0.1309955663039097
centerY: 0.49700598802395207
width: 0.03466344216041919
height: 0.04847447961220416
Area: 0.00044800133136157583
CentroidX: 0.1463
CentroidY: 0.5191
