Location: Dedata_2.png_Mean-Medain.png
Component: component_1755523807286_223.png
centerX: 0.6903225806451613
centerY: 0.5876318039327444
width: 0.02379032258064516
height: 0.039612425192362494
Area: 0.00039736530028773934
CentroidX: 0.6989
CentroidY: 0.6051
