Location: internet_7.png_Mean-Medain.png
Component: component_1755093286441_193.png
centerX: 0.19266424828698106
centerY: 0.5566010835471913
width: 0.028617492946392584
height: 0.046193327630453376
Area: 0.00046524099265050255
CentroidX: 0.2057
CentroidY: 0.5787
