Location: internet_7.png_Otsu.png
Component: component_1755093286101_879.png
centerX: 0.648931882305522
centerY: 0.6866267465069861
width: 0.03305118903667876
height: 0.043341887653264896
Area: 0.00033456436008043794
CentroidX: 0.6654
CentroidY: 0.7065
