Location: internet_7.png_Mean-Closing.png
Component: component_1755093286331_147.png
centerX: 0.009270455461507456
centerY: 0.433418876532649
width: 0.04232164449818621
height: 0.04419731964642144
Area: 0.00043064673899738956
CentroidX: 0.0315
CentroidY: 0.4556
