Location: Dedata_19.png_Gaussian-Median.png
Component: component_1755511661065_70.png
centerX: 0.02217741935483871
centerY: 0.13878597891137076
width: 0.02258064516129032
height: 0.04987175833570818
Area: 0.00044080199303174326
CentroidX: 0.0301
CentroidY: 0.1624
