Location: internet_7.png_Mean-Closing.png
Component: component_1755093286351_243.png
centerX: 0.23982265215638857
centerY: 0.8229255774165953
width: 0.030632809351068116
height: 0.04733390362132877
Area: 0.00040547683351555653
CentroidX: 0.2524
CentroidY: 0.8449
