Location: Dedata_19.png_Otsu.png
Component: component_1755511661637_306.png
centerX: 0.8040322580645162
centerY: 0.603590766600171
width: 0.027016129032258064
height: 0.04103733257338273
Area: 0.0004097757839288833
CentroidX: 0.8151
CentroidY: 0.6227
