Location: Dedata_19.png_Gaussian-Median.png
Component: component_1755511661132_299.png
centerX: 0.7721774193548387
centerY: 0.7765745226560273
width: 0.021370967741935483
height: 0.047591906526075804
Area: 0.00042299065076899033
CentroidX: 0.7806
CentroidY: 0.7996
