Location: Dedata_19.png_Gaussian-Median.png
Component: component_1755511661090_183.png
centerX: 0.10725806451612903
centerY: 0.4562553434026788
width: 0.021774193548387097
height: 0.04160729552579082
Area: 0.00042873624504729776
CentroidX: 0.1164
CentroidY: 0.4757
