Location: Dedata_19.png_Otsu.png
Component: component_1755511661599_66.png
centerX: 0.22338709677419355
centerY: 0.13679110857794244
width: 0.01935483870967742
height: 0.045597036192647475
Area: 0.00033014184723154284
CentroidX: 0.2303
CentroidY: 0.1573
