Location: Dedata_2.png_Mean-Closing.png
Component: component_1755523807010_277.png
centerX: 0.7653225806451613
centerY: 0.7569108007979481
width: 0.025806451612903226
height: 0.04445711028783129
Area: 0.000483319390691218
CentroidX: 0.7751
CentroidY: 0.7766
