Location: Dedata_19.png_Mean-Closing.png
Component: component_1755511662024_180.png
centerX: 0.8508064516129032
centerY: 0.46936449130806496
width: 0.02620967741935484
height: 0.045597036192647475
Area: 0.0004706790832789417
CentroidX: 0.8609
CentroidY: 0.4905
