Location: Dedata_19.png_Otsu.png
Component: component_1755511661587_8.png
centerX: 0.8290322580645161
centerY: 0.00968937019093759
width: 0.020161290322580645
height: 0.043032202906811055
Area: 0.00033255499682843196
CentroidX: 0.8373
CentroidY: 0.0288
