Location: Dedata_2.png_Mean-Closing.png
Component: component_1755523806909_98.png
centerX: 0.744758064516129
centerY: 0.26560273582217153
width: 0.03225806451612903
height: 0.03932744371615845
Area: 0.0005107833313415274
CentroidX: 0.7583
CentroidY: 0.2823
