Location: Dedata_19.png_Gaussian-Median.png
Component: component_1755511661069_89.png
centerX: 0.3963709677419355
centerY: 0.19720718153320035
width: 0.02258064516129032
height: 0.047021943573667714
Area: 0.0003758767776868697
CentroidX: 0.4053
CentroidY: 0.2180
