Location: Dedata_2.png_Gaussian-Median.png
Component: component_1755523807113_23.png
centerX: 0.2060483870967742
centerY: 0.015104018238814477
width: 0.027822580645161292
height: 0.04588201766885153
Area: 0.0005218148723558775
CentroidX: 0.2172
CentroidY: 0.0365
