Location: Dedata_2.png_Mean-Closing.png
Component: component_1755523806892_20.png
centerX: 0.8596774193548387
centerY: 0.05785123966942149
width: 0.02943548387096774
height: 0.04075235109717868
Area: 0.0005099789481425643
CentroidX: 0.8728
CentroidY: 0.0756
