Location: Dedata_19.png_Gaussian-Closing.png
Component: component_1755511661467_105.png
centerX: 0.5802419354838709
centerY: 0.2516386434881733
width: 0.025
height: 0.04645198062125962
Area: 0.0004884904255416946
CentroidX: 0.5903
CentroidY: 0.2731
