Location: Dedata_2.png_Mean-Medain.png
Component: component_1755523807274_168.png
centerX: 0.25443548387096776
centerY: 0.4579652322599031
width: 0.02903225806451613
height: 0.040467369620974636
Area: 0.0004995219665560448
CentroidX: 0.2663
CentroidY: 0.4764
