Location: internet_7.png_Mean-Closing.png
Component: component_1755093286304_38.png
centerX: 0.7275292220878677
centerY: 0.11804961505560307
width: 0.029423619508262798
height: 0.0427715996578272
Area: 0.00046857399383302837
CentroidX: 0.7405
CentroidY: 0.1390
