Location: Dedata_2.png_Mean-Medain.png
Component: component_1755523807283_210.png
centerX: 0.29758064516129035
centerY: 0.5616984895981761
width: 0.02379032258064516
height: 0.04445711028783129
Area: 0.0004580387758666654
CentroidX: 0.3074
CentroidY: 0.5824
