Location: Dedata_2.png_Gaussian-Closing.png
Component: component_1755523807405_197.png
centerX: 0.8209677419354838
centerY: 0.5232259903106298
width: 0.025403225806451612
height: 0.040467369620974636
Area: 0.00039977844988462846
CentroidX: 0.8302
CentroidY: 0.5410
