Location: Dedata_19.png_Otsu.png
Component: component_1755511661648_337.png
centerX: 0.375
centerY: 0.6873753206041607
width: 0.020161290322580645
height: 0.04103733257338273
Area: 0.00034599968743967126
CentroidX: 0.3828
CentroidY: 0.7064
