Location: internet_7.png_Mean-Medain.png
Component: component_1755093286426_118.png
centerX: 0.8178153970173317
centerY: 0.3427430852580553
width: 0.03426037887948408
height: 0.05503279155973767
Area: 0.00044236970867385974
CentroidX: 0.8329
CentroidY: 0.3701
