Location: internet_7.png_Mean-Medain.png
Component: component_1755093286453_253.png
centerX: 0.3083434099153567
centerY: 0.7641859138865127
width: 0.028617492946392584
height: 0.04305674365554605
Area: 0.00041432652631053895
CentroidX: 0.3213
CentroidY: 0.7832
