Location: Dedata_19.png_Otsu.png
Component: component_1755511661631_278.png
centerX: 0.10120967741935484
centerY: 0.5166714163579368
width: 0.024193548387096774
height: 0.04474209176403534
Area: 0.00045194844593165963
CentroidX: 0.1107
CentroidY: 0.5378
