Location: Dedata_19.png_Otsu.png
Component: component_1755511661652_351.png
centerX: 0.714516129032258
centerY: 0.7241379310344828
width: 0.01975806451612903
height: 0.04189227700199487
Area: 0.0003595592899364767
CentroidX: 0.7225
CentroidY: 0.7446
