Location: internet_7.png_Gaussian-Closing.png
Component: component_1755093286211_136.png
centerX: 0.44135429262394194
centerY: 0.4128885086968919
width: 0.04232164449818621
height: 0.05161106358711149
Area: 0.0004052469713650375
CentroidX: 0.4638
CentroidY: 0.4373
