Location: Dedata_19.png_Otsu.png
Component: component_1755511661653_356.png
centerX: 0.49879032258064515
centerY: 0.7392419492732972
width: 0.021774193548387097
height: 0.04445711028783129
Area: 0.0003688671526673347
CentroidX: 0.5073
CentroidY: 0.7595
