Location: Dedata_2.png_Gaussian-Closing.png
Component: component_1755523807422_265.png
centerX: 0.7213709677419354
centerY: 0.700769449985751
width: 0.02056451612903226
height: 0.039897406668566546
Area: 0.00037978378179611875
CentroidX: 0.7292
CentroidY: 0.7195
