Location: Dedata_19.png_Mean-Closing.png
Component: component_1755511661926_32.png
centerX: 0.7512096774193548
centerY: 0.06554573952693075
width: 0.02217741935483871
height: 0.0438871473354232
Area: 0.00037576186580130354
CentroidX: 0.7594
CentroidY: 0.0859
