Location: Dedata_19.png_Gaussian-Median.png
Component: component_1755511661051_21.png
centerX: 0.16048387096774194
centerY: 0.011399259048161869
width: 0.021774193548387097
height: 0.04445711028783129
Area: 0.0003917346178949981
CentroidX: 0.1688
CentroidY: 0.0323
