Location: Dedata_19.png_Mean-Closing.png
Component: component_1755511662018_157.png
centerX: 0.9379032258064516
centerY: 0.4123681960672556
width: 0.025806451612903226
height: 0.04160729552579082
Area: 0.00046412910580167127
CentroidX: 0.9473
CentroidY: 0.4316
