Location: internet_7.png_Gaussian-Closing.png
Component: component_1755093286196_79.png
centerX: 0.5638855300282144
centerY: 0.23552894211576847
width: 0.04030632809351068
height: 0.04562303963501568
Area: 0.0005029383853356223
CentroidX: 0.5837
CentroidY: 0.2580
