Location: Dedata_19.png_Otsu.png
Component: component_1755511661652_353.png
centerX: 0.6685483870967742
centerY: 0.7301225420347678
width: 0.024193548387096774
height: 0.043032202906811055
Area: 0.0003842653453331985
CentroidX: 0.6784
CentroidY: 0.7499
