Location: Dedata_19.png_Otsu.png
Component: component_1755511661602_107.png
centerX: 0.5584677419354839
centerY: 0.1897976631518951
width: 0.020161290322580645
height: 0.048446850954687946
Area: 0.00028452182866178213
CentroidX: 0.5668
CentroidY: 0.2122
