Location: internet_7.png_Mean-Closing.png
Component: component_1755093286330_141.png
centerX: 0.34784361144699716
centerY: 0.41830624465355004
width: 0.03305118903667876
height: 0.046763615625891077
Area: 0.00035732071298182126
CentroidX: 0.3640
CentroidY: 0.4407
