Location: Dedata_2.png_Gaussian-Median.png
Component: component_1755523807173_301.png
centerX: 0.4004032258064516
centerY: 0.7936734112282702
width: 0.024193548387096774
height: 0.045597036192647475
Area: 0.0004850430689747102
CentroidX: 0.4085
CentroidY: 0.8147
