Location: Dedata_19.png_Gaussian-Closing.png
Component: component_1755511661425_62.png
centerX: 0.43790322580645163
centerY: 0.1353662011969222
width: 0.020967741935483872
height: 0.049016813907096037
Area: 0.0004143722593515292
CentroidX: 0.4454
CentroidY: 0.1581
