Location: Dedata_2.png_Gaussian-Median.png
Component: component_1755523807146_190.png
centerX: 0.6016129032258064
centerY: 0.487888287261328
width: 0.025806451612903226
height: 0.03505272157309775
Area: 0.00038035834122394945
CentroidX: 0.6117
CentroidY: 0.5042
