Location: internet_7.png_Gaussian-Closing.png
Component: component_1755093286229_226.png
centerX: 0.8996372430471584
centerY: 0.7584830339321357
width: 0.0354695687222894
height: 0.043912175648702596
Area: 0.0003119229382543142
CentroidX: 0.9163
CentroidY: 0.7789
