Location: Dedata_19.png_Gaussian-Median.png
Component: component_1755511661152_324.png
centerX: 0.6524193548387097
centerY: 0.8452550584212026
width: 0.020967741935483872
height: 0.042462239954402965
Area: 0.00035323913623033857
CentroidX: 0.6601
CentroidY: 0.8658
