Location: Dedata_2.png_Gaussian-Median.png
Component: component_1755523807110_10.png
centerX: 0.742741935483871
centerY: 0.007979481333713309
width: 0.028225806451612902
height: 0.04103733257338273
Area: 0.0004955000505612296
CentroidX: 0.7539
CentroidY: 0.0263
