Location: Dedata_2.png_Gaussian-Closing.png
Component: component_1755523807405_196.png
centerX: 0.11290322580645161
centerY: 0.5229410088344257
width: 0.024596774193548387
height: 0.03875748076375036
Area: 0.000402536335138216
CentroidX: 0.1220
CentroidY: 0.5410
