Location: Dedata_19.png_Gaussian-Median.png
Component: component_1755511661114_263.png
centerX: 0.4080645161290323
centerY: 0.6862353946993446
width: 0.021774193548387097
height: 0.042462239954402965
Area: 0.0003931135605217919
CentroidX: 0.4180
CentroidY: 0.7059
