Location: Kurtxevani_1764_page_10.png_Otsu.png
Component: component_1755610055819_478.png
centerX: 0.7812297734627832
centerY: 0.13517305893358278
width: 0.011003236245954692
height: 0.021983161833489244
Area: 0.00011958065033709634
CentroidX: 0.7853
CentroidY: 0.1457
