Location: Dedata_19.png_Gaussian-Closing.png
Component: component_1755511661398_32.png
centerX: 0.675
centerY: 0.06469079509831861
width: 0.021774193548387097
height: 0.04616699914505557
Area: 0.00039127497035273354
CentroidX: 0.6834
CentroidY: 0.0855
