Location: Dedata_19.png_Otsu.png
Component: component_1755511661626_259.png
centerX: 0.06169354838709677
centerY: 0.457110287831291
width: 0.020161290322580645
height: 0.04474209176403534
Area: 0.00042138188437106425
CentroidX: 0.0700
CentroidY: 0.4785
