Location: Dedata_19.png_Otsu.png
Component: component_1755511661634_291.png
centerX: 0.5100806451612904
centerY: 0.5559988600740952
width: 0.027016129032258064
height: 0.045597036192647475
Area: 0.00047676941321394753
CentroidX: 0.5202
CentroidY: 0.5781
