Location: Dedata_2.png_Mean-Closing.png
Component: component_1755523806956_157.png
centerX: 0.714516129032258
centerY: 0.42291251068680535
width: 0.025403225806451612
height: 0.03676261043032203
Area: 0.0003858741117311246
CentroidX: 0.7235
CentroidY: 0.4394
