Location: Dedata_2.png_Gaussian-Median.png
Component: component_1755523807150_213.png
centerX: 0.589516129032258
centerY: 0.5403248788828726
width: 0.02217741935483871
height: 0.03761755485893417
Area: 0.0003579505235385506
CentroidX: 0.5972
CentroidY: 0.5579
