Location: internet_7.png_Mean-Medain.png
Component: component_1755093286435_168.png
centerX: 0.7303506650544136
centerY: 0.48246364414029086
width: 0.02418379685610641
height: 0.04220131166238951
Area: 0.0003542175739498144
CentroidX: 0.7397
CentroidY: 0.5038
