Location: Dedata_19.png_Otsu.png
Component: component_1755511661599_64.png
centerX: 0.35080645161290325
centerY: 0.1365061271017384
width: 0.01935483870967742
height: 0.04987175833570818
Area: 0.0003779451916270604
CentroidX: 0.3584
CentroidY: 0.1595
