Location: internet_7.png_Gaussian-Closing.png
Component: component_1755093286224_202.png
centerX: 0.8532849657396211
centerY: 0.6812090105503279
width: 0.028617492946392584
height: 0.04419731964642144
Area: 0.00036237768029323975
CentroidX: 0.8649
CentroidY: 0.7013
