Location: Dedata_19.png_Gaussian-Median.png
Component: component_1755511661092_189.png
centerX: 0.7951612903225806
centerY: 0.4736392134511257
width: 0.027016129032258064
height: 0.045597036192647475
Area: 0.00048182553617885806
CentroidX: 0.8058
CentroidY: 0.4950
