Location: Dedata_2.png_Gaussian-Closing.png
Component: component_1755523807383_102.png
centerX: 0.744758064516129
centerY: 0.26560273582217153
width: 0.03225806451612903
height: 0.03932744371615845
Area: 0.00048469833331801174
CentroidX: 0.7581
CentroidY: 0.2826
