Location: Dedata_19.png_Gaussian-Median.png
Component: component_1755511661068_87.png
centerX: 0.3161290322580645
centerY: 0.1963522371045882
width: 0.020161290322580645
height: 0.04987175833570818
Area: 0.00040839684130208957
CentroidX: 0.3243
CentroidY: 0.2190
