Location: Dedata_19.png_Mean-Closing.png
Component: component_1755511662057_281.png
centerX: 0.16370967741935483
centerY: 0.7617554858934169
width: 0.02258064516129032
height: 0.04417212881162724
Area: 0.00043712481269362653
CentroidX: 0.1726
CentroidY: 0.7825
