Location: Dedata_2.png_Mean-Closing.png
Component: component_1755523806896_39.png
centerX: 0.8899193548387097
centerY: 0.10886292390994586
width: 0.03306451612903226
height: 0.039612425192362494
Area: 0.000526066612121825
CentroidX: 0.9057
CentroidY: 0.1259
