Location: Dedata_19.png_Gaussian-Median.png
Component: component_1755511661094_196.png
centerX: 0.47258064516129034
centerY: 0.49501282416642917
width: 0.02258064516129032
height: 0.04588201766885153
Area: 0.00045252300535949033
CentroidX: 0.4814
CentroidY: 0.5166
