Location: internet_7.png_Otsu.png
Component: component_1755093286043_338.png
centerX: 0.37001209189842804
centerY: 0.30196749358426006
width: 0.03466344216041919
height: 0.04818933561448532
Area: 0.0004429443640501573
CentroidX: 0.3882
CentroidY: 0.3253
