Location: Dedata_2.png_Gaussian-Median.png
Component: component_1755523807144_182.png
centerX: 0.8600806451612903
centerY: 0.46366486178398403
width: 0.022983870967741935
height: 0.04075235109717868
Area: 0.0003611680563344028
CentroidX: 0.8692
CentroidY: 0.4816
