Location: Dedata_19.png_Otsu.png
Component: component_1755511661610_190.png
centerX: 0.2879032258064516
centerY: 0.2610430322029068
width: 0.024193548387096774
height: 0.05072670276432032
Area: 0.0004826299193778211
CentroidX: 0.2970
CentroidY: 0.2841
