Location: Dedata_19.png_Gaussian-Median.png
Component: component_1755511661113_261.png
centerX: 0.49516129032258066
centerY: 0.6808207466514676
width: 0.021370967741935483
height: 0.04445711028783129
Area: 0.00040265124702378214
CentroidX: 0.5033
CentroidY: 0.7022
