Location: Dedata_2.png_Mean-Medain.png
Component: component_1755523807289_238.png
centerX: 0.1528225806451613
centerY: 0.6349387289826162
width: 0.02056451612903226
height: 0.04189227700199487
Area: 0.0004195432942020059
CentroidX: 0.1610
CentroidY: 0.6548
