Location: Dedata_19.png_Otsu.png
Component: component_1755511661613_202.png
centerX: 0.7564516129032258
centerY: 0.3074950128241664
width: 0.025806451612903226
height: 0.04930179538330009
Area: 0.0004658527840851635
CentroidX: 0.7658
CentroidY: 0.3300
