Location: Dedata_19.png_Gaussian-Closing.png
Component: component_1755511661533_327.png
centerX: 0.29838709677419356
centerY: 0.872328298660587
width: 0.025806451612903226
height: 0.053006554573952695
Area: 0.00048113606486546116
CentroidX: 0.3079
CentroidY: 0.8973
