Location: Dedata_2.png_Gaussian-Median.png
Component: component_1755523807169_282.png
centerX: 0.3024193548387097
centerY: 0.7392419492732972
width: 0.024193548387096774
height: 0.04360216585921915
Area: 0.00043907831474825104
CentroidX: 0.3114
CentroidY: 0.7596
