Location: Dedata_19.png_Gaussian-Median.png
Component: component_1755511661069_90.png
centerX: 0.1443548387096774
centerY: 0.19806212596181247
width: 0.018951612903225806
height: 0.048446850954687946
Area: 0.000386218847387823
CentroidX: 0.1517
CentroidY: 0.2212
