Location: Dedata_19.png_Otsu.png
Component: component_1755511661606_134.png
centerX: 0.05846774193548387
centerY: 0.20376175548589343
width: 0.020161290322580645
height: 0.04360216585921915
Area: 0.00032818834517691833
CentroidX: 0.0665
CentroidY: 0.2229
