Location: Dedata_2.png_Mean-Medain.png
Component: component_1755523807271_157.png
centerX: 0.8056451612903226
centerY: 0.4115132516386435
width: 0.025806451612903226
height: 0.040467369620974636
Area: 0.0004078222818742588
CentroidX: 0.8159
CentroidY: 0.4294
