Location: Dedata_19.png_Otsu.png
Component: component_1755511661666_392.png
centerX: 0.8314516129032258
centerY: 0.8349957252778569
width: 0.022983870967741935
height: 0.0438871473354232
Area: 0.0003362321771665487
CentroidX: 0.8393
CentroidY: 0.8566
