Location: internet_7.png_Mean-Medain.png
Component: component_1755093286405_15.png
centerX: 0.3651753325272068
centerY: 0.017678927858568578
width: 0.03143893591293833
height: 0.040490447676076416
Area: 0.0003549071604013715
CentroidX: 0.3772
CentroidY: 0.0360
