Location: internet_7.png_Gaussian-Closing.png
Component: component_1755093286218_165.png
centerX: 0.6086255542120113
centerY: 0.5451953236384374
width: 0.028214429665457477
height: 0.04077559167379527
Area: 0.00040202890125777123
CentroidX: 0.6196
CentroidY: 0.5627
