Location: Dedata_19.png_Gaussian-Closing.png
Component: component_1755511661517_280.png
centerX: 0.49838709677419357
centerY: 0.7386719863208892
width: 0.02258064516129032
height: 0.04531205471644343
Area: 0.0004127634929536032
CentroidX: 0.5073
CentroidY: 0.7598
