Location: internet_7.png_Mean-Medain.png
Component: component_1755093286412_49.png
centerX: 0.2877871825876663
centerY: 0.12546335899629313
width: 0.030632809351068116
height: 0.04562303963501568
Area: 0.00033973625846711597
CentroidX: 0.3022
CentroidY: 0.1478
