Location: Dedata_19.png_Gaussian-Closing.png
Component: component_1755511661368_15.png
centerX: 0.8693548387096774
centerY: 0.009974351667141636
width: 0.022983870967741935
height: 0.04445711028783129
Area: 0.00037978378179611875
CentroidX: 0.8793
CentroidY: 0.0302
