Location: internet_7.png_Mean-Closing.png
Component: component_1755093286349_233.png
centerX: 0.6634421604191858
centerY: 0.8175078414599373
width: 0.028617492946392584
height: 0.05389221556886228
Area: 0.0006022388343598403
CentroidX: 0.6745
CentroidY: 0.8430
