Location: Dedata_19.png_Gaussian-Closing.png
Component: component_1755511661399_34.png
centerX: 0.45806451612903226
centerY: 0.06583072100313479
width: 0.02056451612903226
height: 0.05215161014534055
Area: 0.0004303450114452238
CentroidX: 0.4663
CentroidY: 0.0900
