Location: internet_7.png_Mean-Closing.png
Component: component_1755093286301_24.png
centerX: 0.5521966948810964
centerY: 0.06558311947533504
width: 0.035872632003224506
height: 0.046193327630453376
Area: 0.0003482411580363198
CentroidX: 0.5659
CentroidY: 0.0857
