Location: internet_7.png_Gaussian-Closing.png
Component: component_1755093286176_1.png
centerX: 0.6803708182184603
centerY: 0.011120615911035072
width: 0.030632809351068116
height: 0.041060735671514116
Area: 0.00035352798749825734
CentroidX: 0.6922
CentroidY: 0.0293
