Location: internet_7.png_Mean-Medain.png
Component: component_1755093286415_63.png
centerX: 0.6485288190245868
centerY: 0.174508126603935
width: 0.03788794840790004
height: 0.04647847162817223
Area: 0.0006321209139273132
CentroidX: 0.6694
CentroidY: 0.1964
