Location: internet_7.png_Mean-Medain.png
Component: component_1755093286451_242.png
centerX: 0.8996372430471584
centerY: 0.7584830339321357
width: 0.0354695687222894
height: 0.043912175648702596
Area: 0.000354562367175593
CentroidX: 0.9162
CentroidY: 0.7788
