Location: Dedata_19.png_Gaussian-Median.png
Component: component_1755511661142_318.png
centerX: 0.9290322580645162
centerY: 0.8307210031347962
width: 0.024596774193548387
height: 0.04160729552579082
Area: 0.0003582952591952491
CentroidX: 0.9381
CentroidY: 0.8505
