Location: Dedata_2.png_Mean-Medain.png
Component: component_1755523807289_242.png
centerX: 0.7338709677419355
centerY: 0.6423482473639214
width: 0.020967741935483872
height: 0.03619264747791394
Area: 0.0003540435194293016
CentroidX: 0.7416
CentroidY: 0.6589
