Location: internet_7.png_Mean-Medain.png
Component: component_1755093286419_85.png
centerX: 0.45828295042321643
centerY: 0.23809523809523808
width: 0.03788794840790004
height: 0.04505275163957799
Area: 0.0005481062979126103
CentroidX: 0.4778
CentroidY: 0.2607
