Location: Dedata_2.png_Gaussian-Median.png
Component: component_1755523807145_185.png
centerX: 0.8133064516129033
centerY: 0.46736962097463663
width: 0.021774193548387097
height: 0.04132231404958678
Area: 0.0003445058329273113
CentroidX: 0.8220
CentroidY: 0.4861
