Location: internet_7.png_Mean-Closing.png
Component: component_1755093286334_161.png
centerX: 0.18621523579201935
centerY: 0.49615055603079555
width: 0.03385731559854897
height: 0.04790419161676647
Area: 0.00042547484061071153
CentroidX: 0.1995
CentroidY: 0.5187
