Location: Dedata_2.png_Gaussian-Median.png
Component: component_1755523807166_267.png
centerX: 0.8088709677419355
centerY: 0.6899401538899972
width: 0.022983870967741935
height: 0.0438871473354232
Area: 0.00043023009955965764
CentroidX: 0.8179
CentroidY: 0.7102
