Location: Dedata_19.png_Gaussian-Median.png
Component: component_1755511661113_262.png
centerX: 0.45241935483870965
centerY: 0.6833855799373041
width: 0.020967741935483872
height: 0.047591906526075804
Area: 0.00043746954835032495
CentroidX: 0.4615
CentroidY: 0.7060
