Location: Dedata_2.png_Mean-Closing.png
Component: component_1755523806892_19.png
centerX: 0.9145161290322581
centerY: 0.0567113137646053
width: 0.03064516129032258
height: 0.04075235109717868
Area: 0.0005228490793259728
CentroidX: 0.9276
CentroidY: 0.0741
