Location: internet_7.png_Otsu.png
Component: component_1755093286100_877.png
centerX: 0.58484482063684
centerY: 0.6863416025092672
width: 0.03184199919387344
height: 0.043912175648702596
Area: 0.00031054376535120004
CentroidX: 0.5983
CentroidY: 0.7060
