Location: internet_7.png_Mean-Medain.png
Component: component_1755093286420_91.png
centerX: 0.3010882708585248
centerY: 0.24265754205873966
width: 0.03909713825070536
height: 0.042486455660108356
Area: 0.0005112134227543071
CentroidX: 0.3209
CentroidY: 0.2642
