Location: Dedata_19.png_Mean-Closing.png
Component: component_1755511662048_243.png
centerX: 0.8306451612903226
centerY: 0.6591621544599601
width: 0.02338709677419355
height: 0.04160729552579082
Area: 0.00041218893352577244
CentroidX: 0.8396
CentroidY: 0.6787
