Location: Dedata_19.png_Mean-Closing.png
Component: component_1755511661990_106.png
centerX: 0.38911290322580644
centerY: 0.2573382730122542
width: 0.02338709677419355
height: 0.053006554573952695
Area: 0.0005498533724340176
CentroidX: 0.3981
CentroidY: 0.2819
