Location: internet_7.png_Mean-Closing.png
Component: component_1755093286348_232.png
centerX: 0.30874647319629184
centerY: 0.7641859138865127
width: 0.028214429665457477
height: 0.04305674365554605
Area: 0.0004045573849134805
CentroidX: 0.3214
CentroidY: 0.7832
