Location: Dedata_2.png_Gaussian-Closing.png
Component: component_1755523807396_160.png
centerX: 0.8060483870967742
centerY: 0.41179823311484753
width: 0.025
height: 0.04018238814477059
Area: 0.00038506972853216155
CentroidX: 0.8159
CentroidY: 0.4296
