Location: internet_7.png_Gaussian-Closing.png
Component: component_1755093286214_148.png
centerX: 0.8915759774284563
centerY: 0.47790134017678926
width: 0.02539298669891173
height: 0.045337895637296836
Area: 0.0003329553250268048
CentroidX: 0.9013
CentroidY: 0.4998
