Location: internet_7.png_Mean-Medain.png
Component: component_1755093286420_89.png
centerX: 0.24909310761789602
centerY: 0.24094667807242656
width: 0.03345425231761386
height: 0.0499001996007984
Area: 0.000540635778020742
CentroidX: 0.2654
CentroidY: 0.2653
