Location: Dedata_19.png_Gaussian-Closing.png
Component: component_1755511661505_236.png
centerX: 0.5100806451612904
centerY: 0.6232544884582503
width: 0.024596774193548387
height: 0.04360216585921915
Area: 0.0004543615955285487
CentroidX: 0.5194
CentroidY: 0.6439
