Location: Dedata_19.png_Mean-Closing.png
Component: component_1755511662021_171.png
centerX: 0.29193548387096774
centerY: 0.4482758620689655
width: 0.02338709677419355
height: 0.04616699914505557
Area: 0.000500441261640574
CentroidX: 0.3008
CentroidY: 0.4697
