Location: Dedata_2.png_Mean-Medain.png
Component: component_1755523807280_196.png
centerX: 0.06653225806451613
centerY: 0.5266457680250783
width: 0.02379032258064516
height: 0.04018238814477059
Area: 0.0004096608720433172
CentroidX: 0.0753
CentroidY: 0.5456
