Location: Dedata_19.png_Otsu.png
Component: component_1755511661634_294.png
centerX: 0.3790322580645161
centerY: 0.5682530635508692
width: 0.022983870967741935
height: 0.04445711028783129
Area: 0.0004435598782853308
CentroidX: 0.3877
CentroidY: 0.5895
