Location: Dedata_2.png_Gaussian-Median.png
Component: component_1755523807117_42.png
centerX: 0.18024193548387096
centerY: 0.07210031347962383
width: 0.027822580645161292
height: 0.043032202906811055
Area: 0.00047653958944281525
CentroidX: 0.1919
CentroidY: 0.0914
