Location: Dedata_2.png_Mean-Closing.png
Component: component_1755523806898_43.png
centerX: 0.6108870967741935
centerY: 0.11598746081504702
width: 0.029838709677419355
height: 0.04474209176403534
Area: 0.0005368683293650429
CentroidX: 0.6236
CentroidY: 0.1356
