Location: Dedata_2.png_Gaussian-Median.png
Component: component_1755523807160_245.png
centerX: 0.19959677419354838
centerY: 0.6318039327443716
width: 0.02379032258064516
height: 0.040467369620974636
Area: 0.00040793719375982495
CentroidX: 0.2090
CentroidY: 0.6510
