Location: Dedata_19.png_Mean-Closing.png
Component: component_1755511661997_116.png
centerX: 0.95
centerY: 0.2983756055856369
width: 0.025403225806451612
height: 0.045597036192647475
Area: 0.0004897544562829223
CentroidX: 0.9594
CentroidY: 0.3192
