Location: Dedata_19.png_Otsu.png
Component: component_1755511661670_403.png
centerX: 0.3487903225806452
centerY: 0.8731832430891993
width: 0.024193548387096774
height: 0.042462239954402965
Area: 0.0003713952141497899
CentroidX: 0.3576
CentroidY: 0.8926
