Location: Dedata_19.png_Gaussian-Median.png
Component: component_1755511661087_169.png
centerX: 0.7596774193548387
centerY: 0.4197777144485608
width: 0.025
height: 0.045597036192647475
Area: 0.00047814835584074133
CentroidX: 0.7698
CentroidY: 0.4407
