Location: internet_7.png_Mean-Medain.png
Component: component_1755093286430_136.png
centerX: 0.008061265618702136
centerY: 0.37182777302537784
width: 0.037081821846029824
height: 0.0504704875962361
Area: 0.0004660455101773191
CentroidX: 0.0259
CentroidY: 0.3967
