Location: Dedata_2.png_Mean-Closing.png
Component: component_1755523806999_224.png
centerX: 0.4959677419354839
centerY: 0.6055856369335993
width: 0.02379032258064516
height: 0.039612425192362494
Area: 0.0004133380523814339
CentroidX: 0.5047
CentroidY: 0.6237
