Location: Dedata_19.png_Otsu.png
Component: component_1755511661628_269.png
centerX: 0.5653225806451613
centerY: 0.48560843545169563
width: 0.02338709677419355
height: 0.04189227700199487
Area: 0.00039920389045679775
CentroidX: 0.5743
CentroidY: 0.5053
