Location: Dedata_19.png_Gaussian-Median.png
Component: component_1755511661063_60.png
centerX: 0.4790322580645161
centerY: 0.1336563123396979
width: 0.020967741935483872
height: 0.04730692504987176
Area: 0.00039161970600943197
CentroidX: 0.4875
CentroidY: 0.1556
