Location: Dedata_19.png_Mean-Closing.png
Component: component_1755511661915_6.png
centerX: 0.11895161290322581
centerY: 0.009404388714733543
width: 0.02217741935483871
height: 0.047021943573667714
Area: 0.00041724505649068296
CentroidX: 0.1275
CentroidY: 0.0317
