Location: Dedata_2.png_Mean-Medain.png
Component: component_1755523807258_106.png
centerX: 0.42379032258064514
centerY: 0.27871188372755773
width: 0.031048387096774193
height: 0.04160729552579082
Area: 0.0005491639011206207
CentroidX: 0.4367
CentroidY: 0.2975
