Location: Dedata_19.png_Mean-Closing.png
Component: component_1755511662072_319.png
centerX: 0.29838709677419356
centerY: 0.872328298660587
width: 0.025806451612903226
height: 0.053006554573952695
Area: 0.0005080254460879398
CentroidX: 0.3079
CentroidY: 0.8972
