Location: Dedata_2.png_Mean-Medain.png
Component: component_1755523807278_185.png
centerX: 0.4080645161290323
centerY: 0.49957252778569394
width: 0.028629032258064516
height: 0.038472499287546306
Area: 0.00041965820608757203
CentroidX: 0.4193
CentroidY: 0.5170
