Location: Dedata_19.png_Mean-Closing.png
Component: component_1755511662035_210.png
centerX: 0.4189516129032258
centerY: 0.5648332858364207
width: 0.024596774193548387
height: 0.04360216585921915
Area: 0.00047941238658196893
CentroidX: 0.4284
CentroidY: 0.5858
