Location: internet_7.png_Mean-Closing.png
Component: component_1755093286325_124.png
centerX: 0.20233776702942363
centerY: 0.3646991730824066
width: 0.02781136638452237
height: 0.05246649558026804
Area: 0.0004139817330847604
CentroidX: 0.2145
CentroidY: 0.3904
