Location: Dedata_19.png_Otsu.png
Component: component_1755511661617_220.png
centerX: 0.9366935483870967
centerY: 0.35879167854089483
width: 0.02217741935483871
height: 0.04189227700199487
Area: 0.0003917346178949981
CentroidX: 0.9449
CentroidY: 0.3779
