Location: internet_7.png_Mean-Closing.png
Component: component_1755093286299_16.png
centerX: 0.2978637646110439
centerY: 0.020245223838038208
width: 0.028617492946392584
height: 0.03649843170801255
Area: 0.0003346792911556975
CentroidX: 0.3077
CentroidY: 0.0363
