Location: Dedata_19.png_Otsu.png
Component: component_1755511661644_329.png
centerX: 0.7048387096774194
centerY: 0.6682815616984896
width: 0.021774193548387097
height: 0.04274722143060701
Area: 0.0003639259415879903
CentroidX: 0.7135
CentroidY: 0.6885
