Location: Dedata_19.png_Mean-Closing.png
Component: component_1755511661926_33.png
centerX: 0.7887096774193548
centerY: 0.06583072100313479
width: 0.021774193548387097
height: 0.04645198062125962
Area: 0.00038598902361669074
CentroidX: 0.7968
CentroidY: 0.0866
