Location: Dedata_2.png_Mean-Medain.png
Component: component_1755523807274_169.png
centerX: 0.9467741935483871
centerY: 0.46024508406953546
width: 0.027016129032258064
height: 0.04160729552579082
Area: 0.0004175897921473814
CentroidX: 0.9576
CentroidY: 0.4786
