Location: Dedata_19.png_Otsu.png
Component: component_1755511661616_217.png
centerX: 0.018951612903225806
centerY: 0.3317184383015104
width: 0.022983870967741935
height: 0.045597036192647475
Area: 0.0004507993270759981
CentroidX: 0.0273
CentroidY: 0.3530
