Location: internet_7.png_Otsu.png
Component: component_1755093286054_567.png
centerX: 0.009270455461507456
centerY: 0.43370402053036783
width: 0.04232164449818621
height: 0.04362703165098375
Area: 0.0003069809020181552
CentroidX: 0.0322
CentroidY: 0.4546
