Location: Dedata_19.png_Mean-Closing.png
Component: component_1755511661995_113.png
centerX: 0.15564516129032258
centerY: 0.26332288401253917
width: 0.024596774193548387
height: 0.047591906526075804
Area: 0.000502739499351897
CentroidX: 0.1656
CentroidY: 0.2854
