Location: Dedata_2.png_Gaussian-Median.png
Component: component_1755523807134_129.png
centerX: 0.6919354838709677
centerY: 0.31974921630094044
width: 0.03024193548387097
height: 0.04018238814477059
Area: 0.0004881456898849962
CentroidX: 0.7052
CentroidY: 0.3374
