Location: internet_7.png_Mean-Medain.png
Component: component_1755093286423_101.png
centerX: 0.6577992744860943
centerY: 0.29227259766181923
width: 0.039500201531640466
height: 0.044767607641859136
Area: 0.00042673908243856615
CentroidX: 0.6796
CentroidY: 0.3137
