Location: internet_7.png_Mean-Closing.png
Component: component_1755093286313_76.png
centerX: 0.6763401854091092
centerY: 0.23068149415454806
width: 0.03385731559854897
height: 0.04562303963501568
Area: 0.0005140866996357949
CentroidX: 0.6922
CentroidY: 0.2529
