Location: internet_7.png_Mean-Closing.png
Component: component_1755093286352_249.png
centerX: 0.3059250302297461
centerY: 0.8263473053892215
width: 0.02781136638452237
height: 0.04305674365554605
Area: 0.0003888118276029274
CentroidX: 0.3181
CentroidY: 0.8464
