Location: Dedata_19.png_Mean-Closing.png
Component: component_1755511661978_72.png
centerX: 0.8903225806451613
centerY: 0.1755485893416928
width: 0.02338709677419355
height: 0.049586776859504134
Area: 0.0004649334890006343
CentroidX: 0.8994
CentroidY: 0.1986
