Location: Dedata_2.png_Mean-Closing.png
Component: component_1755523806993_201.png
centerX: 0.5891129032258065
centerY: 0.5403248788828726
width: 0.02258064516129032
height: 0.03761755485893417
Area: 0.0003834609621342355
CentroidX: 0.5972
CentroidY: 0.5579
