Location: Dedata_19.png_Gaussian-Median.png
Component: component_1755511661057_39.png
centerX: 0.42016129032258065
centerY: 0.06697064690795099
width: 0.02217741935483871
height: 0.050156739811912224
Area: 0.00042034767740096893
CentroidX: 0.4273
CentroidY: 0.0905
