Location: internet_7.png_Otsu.png
Component: component_1755093286042_330.png
centerX: 0.6582023377670294
centerY: 0.29227259766181923
width: 0.03869407496977025
height: 0.04448246364414029
Area: 0.0003162903191141756
CentroidX: 0.6801
CentroidY: 0.3135
