Location: internet_7.png_Otsu.png
Component: component_1755093286021_14.png
centerX: 0.3655783958081419
centerY: 0.017678927858568578
width: 0.030632809351068116
height: 0.04020530367835757
Area: 0.0002966371052447992
CentroidX: 0.3773
CentroidY: 0.0357
