Location: Dedata_19.png_Gaussian-Closing.png
Component: component_1755511661422_52.png
centerX: 0.6491935483870968
centerY: 0.12282701624394414
width: 0.02379032258064516
height: 0.050441721288116276
Area: 0.0004393081385193833
CentroidX: 0.6586
CentroidY: 0.1463
