Location: Dedata_19.png_Gaussian-Median.png
Component: component_1755511661080_141.png
centerX: 0.062096774193548386
centerY: 0.329438586491878
width: 0.022983870967741935
height: 0.047021943573667714
Area: 0.00048711148291490086
CentroidX: 0.0709
CentroidY: 0.3520
