Location: Kurtxevani_1784_page_10.png_Gaussian-Closing.png
Component: component_1755610055715_126.png
centerX: 0.2852529601722282
centerY: 0.1601593625498008
width: 0.017222820236813777
height: 0.027888446215139442
Area: 0.0002350125868967617
CentroidX: 0.2922
CentroidY: 0.1733
