Location: Dedata_2.png_Mean-Medain.png
Component: component_1755523807266_128.png
centerX: 0.21895161290322582
centerY: 0.34283271587346825
width: 0.031048387096774193
height: 0.040467369620974636
Area: 0.0005326165895990954
CentroidX: 0.2320
CentroidY: 0.3613
