Location: internet_7.png_Gaussian-Closing.png
Component: component_1755093286178_8.png
centerX: 0.4913341394598952
centerY: 0.013686911890504704
width: 0.041515517936316
height: 0.04590818363273453
Area: 0.00040145424588147364
CentroidX: 0.5096
CentroidY: 0.0343
