Location: Dedata_19.png_Mean-Closing.png
Component: component_1755511662047_238.png
centerX: 0.10524193548387097
centerY: 0.6443431176973496
width: 0.024193548387096774
height: 0.04160729552579082
Area: 0.0004724027615624339
CentroidX: 0.1153
CentroidY: 0.6642
