Location: Dedata_19.png_Gaussian-Closing.png
Component: component_1755511661496_206.png
centerX: 0.8838709677419355
centerY: 0.5312054716443431
width: 0.02661290322580645
height: 0.04360216585921915
Area: 0.00046079666112025297
CentroidX: 0.8948
CentroidY: 0.5518
