Location: Dedata_19.png_Gaussian-Closing.png
Component: component_1755511661488_170.png
centerX: 0.6258064516129033
centerY: 0.42946708463949845
width: 0.02217741935483871
height: 0.043032202906811055
Area: 0.0004329879848132452
CentroidX: 0.6350
CentroidY: 0.4497
