Location: Dedata_2.png_Mean-Closing.png
Component: component_1755523806999_221.png
centerX: 0.6370967741935484
centerY: 0.5907666001709889
width: 0.021774193548387097
height: 0.04360216585921915
Area: 0.00043815901966372185
CentroidX: 0.6459
CentroidY: 0.6112
