Location: Dedata_19.png_Otsu.png
Component: component_1755511661614_208.png
centerX: 0.48346774193548386
centerY: 0.31917925334853237
width: 0.02379032258064516
height: 0.04730692504987176
Area: 0.000474815911159323
CentroidX: 0.4929
CentroidY: 0.3411
