Location: Dedata_19.png_Gaussian-Closing.png
Component: component_1755511661475_124.png
centerX: 0.853225806451613
centerY: 0.30322029068110573
width: 0.02338709677419355
height: 0.04730692504987176
Area: 0.0005107833313415274
CentroidX: 0.8628
CentroidY: 0.3255
