Location: internet_7.png_Mean-Medain.png
Component: component_1755093286414_58.png
centerX: 0.8637646110439339
centerY: 0.16766467065868262
width: 0.03506650544135429
height: 0.039635015682919876
Area: 0.0004339797401799154
CentroidX: 0.8814
CentroidY: 0.1871
