Location: internet_7.png_Otsu.png
Component: component_1755093286086_834.png
centerX: 0.7376058041112454
centerY: 0.6119190191046479
width: 0.03829101168883515
height: 0.04505275163957799
Area: 0.0004469669516842402
CentroidX: 0.7528
CentroidY: 0.6321
