Location: Dedata_2.png_Mean-Medain.png
Component: component_1755523807271_153.png
centerX: 0.0657258064516129
centerY: 0.4080934739241949
width: 0.02620967741935484
height: 0.04360216585921915
Area: 0.000540085862160895
CentroidX: 0.0768
CentroidY: 0.4285
