Location: internet_7.png_Mean-Closing.png
Component: component_1755093286300_21.png
centerX: 0.9467956469165659
centerY: 0.06273167949814656
width: 0.036275695284159616
height: 0.04020530367835757
Area: 0.00038547882642040154
CentroidX: 0.9635
CentroidY: 0.0812
