Location: Dedata_19.png_Gaussian-Closing.png
Component: component_1755511661523_298.png
centerX: 0.6870967741935484
centerY: 0.7819891707039043
width: 0.02379032258064516
height: 0.042462239954402965
Area: 0.00038863199698471214
CentroidX: 0.6965
CentroidY: 0.8020
