Location: internet_7.png_Mean-Medain.png
Component: component_1755093286429_133.png
centerX: 0.15598548972188633
centerY: 0.3678357570573139
width: 0.030229746070133012
height: 0.04932991160536071
Area: 0.00041041886975171554
CentroidX: 0.1709
CentroidY: 0.3916
