Location: Dedata_19.png_Gaussian-Closing.png
Component: component_1755511661518_282.png
centerX: 0.40483870967741936
centerY: 0.7457965232259903
width: 0.02379032258064516
height: 0.04274722143060701
Area: 0.00041322314049586776
CentroidX: 0.4141
CentroidY: 0.7653
