Location: Dedata_19.png_Gaussian-Closing.png
Component: component_1755511661439_86.png
centerX: 0.5177419354838709
centerY: 0.19492732972356797
width: 0.01935483870967742
height: 0.0438871473354232
Area: 0.00030589543937708564
CentroidX: 0.5253
CentroidY: 0.2143
