Location: Dedata_2.png_Mean-Closing.png
Component: component_1755523806917_117.png
centerX: 0.7435483870967742
centerY: 0.31433456825306355
width: 0.03669354838709677
height: 0.039042462239954404
Area: 0.0005258367883506927
CentroidX: 0.7590
CentroidY: 0.3312
