Location: Dedata_2.png_Mean-Closing.png
Component: component_1755523806901_60.png
centerX: 0.7024193548387097
centerY: 0.16300940438871472
width: 0.03185483870967742
height: 0.037902536335138216
Area: 0.0005236534625249359
CentroidX: 0.7154
CentroidY: 0.1804
