Location: Dedata_19.png_Gaussian-Closing.png
Component: component_1755511661479_139.png
centerX: 0.062096774193548386
centerY: 0.329438586491878
width: 0.022983870967741935
height: 0.047021943573667714
Area: 0.00048734130668603314
CentroidX: 0.0709
CentroidY: 0.3520
