Location: Dedata_2.png_Mean-Medain.png
Component: component_1755523807272_159.png
centerX: 0.714516129032258
centerY: 0.42291251068680535
width: 0.025403225806451612
height: 0.03676261043032203
Area: 0.00038633375927338916
CentroidX: 0.7235
CentroidY: 0.4394
