Location: Dedata_2.png_Mean-Medain.png
Component: component_1755523807261_120.png
centerX: 0.6338709677419355
centerY: 0.31974921630094044
width: 0.0375
height: 0.045597036192647475
Area: 0.0005838672905615974
CentroidX: 0.6486
CentroidY: 0.3391
