Location: internet_7.png_Mean-Medain.png
Component: component_1755093286442_203.png
centerX: 0.9262394195888755
centerY: 0.615340747077274
width: 0.035872632003224506
height: 0.03735386370116909
Area: 0.00039835110684946685
CentroidX: 0.9437
CentroidY: 0.6308
