Location: Dedata_19.png_Mean-Closing.png
Component: component_1755511662003_133.png
centerX: 0.06169354838709677
centerY: 0.329438586491878
width: 0.02338709677419355
height: 0.047021943573667714
Area: 0.0005015903804962355
CentroidX: 0.0709
CentroidY: 0.3519
