Location: Dedata_19.png_Mean-Closing.png
Component: component_1755511662060_286.png
centerX: 0.8588709677419355
centerY: 0.7737247078939868
width: 0.024596774193548387
height: 0.04132231404958678
Area: 0.00040437492530727437
CentroidX: 0.8685
CentroidY: 0.7933
