Location: Dedata_19.png_Gaussian-Closing.png
Component: component_1755511661501_222.png
centerX: 0.1975806451612903
centerY: 0.5756625819321745
width: 0.02258064516129032
height: 0.04645198062125962
Area: 0.000493431636621039
CentroidX: 0.2070
CentroidY: 0.5984
