Location: Dedata_2.png_Mean-Closing.png
Component: component_1755523806907_90.png
centerX: 0.10766129032258065
centerY: 0.23254488458250214
width: 0.02943548387096774
height: 0.04331718438301511
Area: 0.0005601954421349709
CentroidX: 0.1201
CentroidY: 0.2523
