Location: internet_7.png_Gaussian-Closing.png
Component: component_1755093286219_168.png
centerX: 0.8653768641676743
centerY: 0.5463358996293128
width: 0.028617492946392584
height: 0.0427715996578272
Area: 0.0003778933754532738
CentroidX: 0.8753
CentroidY: 0.5666
