Location: Dedata_2.png_Mean-Medain.png
Component: component_1755523807254_85.png
centerX: 0.5415322580645161
centerY: 0.22000569962952407
width: 0.03064516129032258
height: 0.04103733257338273
Area: 0.0005239981981816343
CentroidX: 0.5535
CentroidY: 0.2379
