Location: Dedata_19.png_Mean-Closing.png
Component: component_1755511661949_62.png
centerX: 0.06411290322580646
centerY: 0.13679110857794244
width: 0.02056451612903226
height: 0.049016813907096037
Area: 0.00042931080447512846
CentroidX: 0.0717
CentroidY: 0.1603
