Location: internet_7.png_Gaussian-Closing.png
Component: component_1755093286184_29.png
centerX: 0.2365981459089077
centerY: 0.07242657542058739
width: 0.03385731559854897
height: 0.04077559167379527
Area: 0.00035755057513234023
CentroidX: 0.2501
CentroidY: 0.0909
