Location: Dedata_19.png_Mean-Closing.png
Component: component_1755511662020_165.png
centerX: 0.575
centerY: 0.43203191792533485
width: 0.02338709677419355
height: 0.04417212881162724
Area: 0.0004694150525377141
CentroidX: 0.5846
CentroidY: 0.4527
