Location: Dedata_19.png_Otsu.png
Component: component_1755511661600_69.png
centerX: 0.3951612903225806
centerY: 0.13736107153035051
width: 0.017741935483870968
height: 0.047021943573667714
Area: 0.0003445058329273113
CentroidX: 0.4023
CentroidY: 0.1586
