Location: internet_7.png_Gaussian-Closing.png
Component: component_1755093286210_132.png
centerX: 0.5413139862958485
centerY: 0.40975192472198463
width: 0.04353083434099154
height: 0.052751639577986884
Area: 0.00040340807416088534
CentroidX: 0.5639
CentroidY: 0.4352
