Location: internet_7.png_Mean-Closing.png
Component: component_1755093286296_2.png
centerX: 0.7428456267634018
centerY: 0.010835471913316224
width: 0.030229746070133012
height: 0.040490447676076416
Area: 0.00035433250502507396
CentroidX: 0.7537
CentroidY: 0.0293
