Location: internet_7.png_Otsu.png
Component: component_1755093286090_838.png
centerX: 0.6017734784361145
centerY: 0.6167664670658682
width: 0.03869407496977025
height: 0.04505275163957799
Area: 0.00042869291071797786
CentroidX: 0.6160
CentroidY: 0.6360
