Location: Dedata_19.png_Otsu.png
Component: component_1755511661669_400.png
centerX: 0.44475806451612904
centerY: 0.8660587061840981
width: 0.025806451612903226
height: 0.04075235109717868
Area: 0.00037116539037865764
CentroidX: 0.4545
CentroidY: 0.8844
