Location: Dedata_2.png_Gaussian-Closing.png
Component: component_1755523807407_209.png
centerX: 0.3919354838709677
centerY: 0.5514391564548304
width: 0.02338709677419355
height: 0.04331718438301511
Area: 0.000395526710118681
CentroidX: 0.4013
CentroidY: 0.5717
