Location: internet_7.png_Gaussian-Closing.png
Component: component_1755093286196_80.png
centerX: 0.45828295042321643
centerY: 0.23809523809523808
width: 0.037484885126964934
height: 0.04505275163957799
Area: 0.0005238558410328534
CentroidX: 0.4777
CentroidY: 0.2609
