Location: Dedata_19.png_Gaussian-Closing.png
Component: component_1755511661513_263.png
centerX: 0.3334677419354839
centerY: 0.6896551724137931
width: 0.020967741935483872
height: 0.04075235109717868
Area: 0.0003756469539157374
CentroidX: 0.3412
CentroidY: 0.7095
