Location: Dedata_2.png_Gaussian-Closing.png
Component: component_1755523807398_167.png
centerX: 0.4544354838709677
centerY: 0.44200626959247646
width: 0.024193548387096774
height: 0.03590766600170989
Area: 0.000382311843278574
CentroidX: 0.4641
CentroidY: 0.4588
