Location: internet_7.png_Gaussian-Closing.png
Component: component_1755093286232_238.png
centerX: 0.30874647319629184
centerY: 0.7641859138865127
width: 0.028214429665457477
height: 0.04305674365554605
Area: 0.00036341205997057535
CentroidX: 0.3212
CentroidY: 0.7834
