Location: Dedata_2.png_Mean-Medain.png
Component: component_1755523807279_189.png
centerX: 0.2129032258064516
centerY: 0.5158164719293246
width: 0.027419354838709678
height: 0.0438871473354232
Area: 0.000474815911159323
CentroidX: 0.2232
CentroidY: 0.5356
