Location: Dedata_19.png_Gaussian-Closing.png
Component: component_1755511661413_39.png
centerX: 0.42016129032258065
centerY: 0.06697064690795099
width: 0.02217741935483871
height: 0.04987175833570818
Area: 0.00042034767740096893
CentroidX: 0.4273
CentroidY: 0.0905
