Location: Dedata_19.png_Gaussian-Closing.png
Component: component_1755511661506_239.png
centerX: 0.3713709677419355
centerY: 0.6300940438871473
width: 0.025403225806451612
height: 0.04616699914505557
Area: 0.00048136588863659344
CentroidX: 0.3810
CentroidY: 0.6532
