Location: Dedata_19.png_Otsu.png
Component: component_1755511661635_296.png
centerX: 0.2870967741935484
centerY: 0.5716728412653177
width: 0.02258064516129032
height: 0.04730692504987176
Area: 0.0004580387758666654
CentroidX: 0.2957
CentroidY: 0.5945
