Location: internet_7.png_Mean-Closing.png
Component: component_1755093286351_244.png
centerX: 0.43450221684804513
centerY: 0.8232107214143143
width: 0.03143893591293833
height: 0.04505275163957799
Area: 0.00041260256018164627
CentroidX: 0.4491
CentroidY: 0.8443
