Location: Dedata_2.png_Gaussian-Median.png
Component: component_1755523807170_284.png
centerX: 0.2060483870967742
centerY: 0.7463664861783984
width: 0.025403225806451612
height: 0.04217725847819892
Area: 0.00040529422039180355
CentroidX: 0.2152
CentroidY: 0.7666
