Location: internet_7.png_Mean-Medain.png
Component: component_1755093286420_88.png
centerX: 0.19669488109633212
centerY: 0.23980610208155118
width: 0.03506650544135429
height: 0.05018534359851725
Area: 0.0005427045373754132
CentroidX: 0.2129
CentroidY: 0.2649
