Location: Dedata_19.png_Otsu.png
Component: component_1755511661666_391.png
centerX: 0.8794354838709677
centerY: 0.8338557993730408
width: 0.02379032258064516
height: 0.039612425192362494
Area: 0.00031577786153577436
CentroidX: 0.8882
CentroidY: 0.8525
