Location: Dedata_19.png_Gaussian-Closing.png
Component: component_1755511661498_212.png
centerX: 0.6080645161290322
centerY: 0.5463094898831576
width: 0.024193548387096774
height: 0.045597036192647475
Area: 0.00045815368775223156
CentroidX: 0.6172
CentroidY: 0.5679
