Location: Dedata_2.png_Mean-Closing.png
Component: component_1755523806893_23.png
centerX: 0.6012096774193548
centerY: 0.06241094328868624
width: 0.029838709677419355
height: 0.04730692504987176
Area: 0.0005946690078048153
CentroidX: 0.6144
CentroidY: 0.0837
