Location: internet_7.png_Mean-Medain.png
Component: component_1755093286452_248.png
centerX: 0.1825876662636034
centerY: 0.7607641859138865
width: 0.030229746070133012
height: 0.044767607641859136
Area: 0.000410074076525937
CentroidX: 0.1936
CentroidY: 0.7820
