Location: internet_7.png_Mean-Medain.png
Component: component_1755093286409_37.png
centerX: 0.9238210399032648
centerY: 0.11092101511263187
width: 0.03385731559854897
height: 0.041916167664670656
Area: 0.000494318554691159
CentroidX: 0.9395
CentroidY: 0.1318
