Location: internet_7.png_Mean-Medain.png
Component: component_1755093286439_185.png
centerX: 0.9189842805320435
centerY: 0.5466210436270317
width: 0.04070939137444579
height: 0.042486455660108356
Area: 0.00044535791663060704
CentroidX: 0.9359
CentroidY: 0.5667
