Location: Dedata_2.png_Gaussian-Median.png
Component: component_1755523807126_92.png
centerX: 0.5963709677419354
centerY: 0.21544599601025932
width: 0.03064516129032258
height: 0.047591906526075804
Area: 0.0005898427086110371
CentroidX: 0.6090
CentroidY: 0.2369
