Location: Dedata_2.png_Mean-Medain.png
Component: component_1755523807263_121.png
centerX: 0.6919354838709677
centerY: 0.31974921630094044
width: 0.03024193548387097
height: 0.039897406668566546
Area: 0.000512851745281718
CentroidX: 0.7053
CentroidY: 0.3372
