Location: internet_7.png_Gaussian-Closing.png
Component: component_1755093286222_188.png
centerX: 0.9262394195888755
centerY: 0.615340747077274
width: 0.035872632003224506
height: 0.03706871970345024
Area: 0.0003718020284645197
CentroidX: 0.9436
CentroidY: 0.6308
