Location: Dedata_2.png_Gaussian-Median.png
Component: component_1755523807129_108.png
centerX: 0.744758064516129
centerY: 0.26560273582217153
width: 0.03225806451612903
height: 0.03932744371615845
Area: 0.000484928157089144
CentroidX: 0.7581
CentroidY: 0.2825
