Location: Dedata_19.png_Mean-Closing.png
Component: component_1755511661986_90.png
centerX: 0.22701612903225807
centerY: 0.19948703334283271
width: 0.020967741935483872
height: 0.04673696209746366
Area: 0.000415751201978323
CentroidX: 0.2353
CentroidY: 0.2205
