Location: internet_7.png_Otsu.png
Component: component_1755093286033_293.png
centerX: 0.648931882305522
centerY: 0.17479327060165384
width: 0.037484885126964934
height: 0.04590818363273453
Area: 0.000585114104146173
CentroidX: 0.6693
CentroidY: 0.1964
