Location: internet_7.png_Otsu.png
Component: component_1755093286023_53.png
centerX: 0.8935912938331319
centerY: 0.06358711149130311
width: 0.0354695687222894
height: 0.03992015968063872
Area: 0.00024135525804497415
CentroidX: 0.9117
CentroidY: 0.0803
