Location: internet_7.png_Mean-Medain.png
Component: component_1755093286457_269.png
centerX: 0.06731156791616284
centerY: 0.823781009409752
width: 0.03305118903667876
height: 0.043912175648702596
Area: 0.00039708686502161223
CentroidX: 0.0800
CentroidY: 0.8442
