Location: Dedata_19.png_Gaussian-Closing.png
Component: component_1755511661432_79.png
centerX: 0.725
centerY: 0.18438301510401825
width: 0.01975806451612903
height: 0.047591906526075804
Area: 0.000323247134097574
CentroidX: 0.7325
CentroidY: 0.2068
