Location: Dedata_19.png_Otsu.png
Component: component_1755511661610_188.png
centerX: 0.3895161290322581
centerY: 0.25762325448845824
width: 0.02258064516129032
height: 0.0524365916215446
Area: 0.00047826326772630747
CentroidX: 0.3981
CentroidY: 0.2817
