Location: Dedata_2.png_Mean-Closing.png
Component: component_1755523807005_256.png
centerX: 0.10846774193548388
centerY: 0.6930749501282417
width: 0.025
height: 0.042462239954402965
Area: 0.0004399976098327802
CentroidX: 0.1171
CentroidY: 0.7126
