Location: internet_7.png_Otsu.png
Component: component_1755093286053_515.png
centerX: 0.3482466747279323
centerY: 0.4185913886512689
width: 0.032245062474808545
height: 0.04647847162817223
Area: 0.0002516990548183302
CentroidX: 0.3640
CentroidY: 0.4415
