Location: Dedata_19.png_Otsu.png
Component: component_1755511661663_379.png
centerX: 0.47016129032258064
centerY: 0.8013679110857794
width: 0.020967741935483872
height: 0.04360216585921915
Area: 0.00037518730637347284
CentroidX: 0.4783
CentroidY: 0.8218
