Location: internet_7.png_Otsu.png
Component: component_1755093286038_313.png
centerX: 0.5090689238210399
centerY: 0.23809523809523808
width: 0.03667875856509472
height: 0.046763615625891077
Area: 0.0005033981096366604
CentroidX: 0.5279
CentroidY: 0.2615
