Location: internet_7.png_Gaussian-Closing.png
Component: component_1755093286185_33.png
centerX: 0.08182184602982669
centerY: 0.07413743940690048
width: 0.024586860137041516
height: 0.03735386370116909
Area: 0.00028560372201988604
CentroidX: 0.0906
CentroidY: 0.0911
