Location: Dedata_19.png_Otsu.png
Component: component_1755511661633_289.png
centerX: 0.6080645161290322
centerY: 0.5465944713593617
width: 0.024193548387096774
height: 0.045027073240239385
Area: 0.0004235652101968211
CentroidX: 0.6172
CentroidY: 0.5678
