Location: Dedata_2.png_Gaussian-Closing.png
Component: component_1755523807375_73.png
centerX: 0.22419354838709676
centerY: 0.17668851524650897
width: 0.031451612903225803
height: 0.04189227700199487
Area: 0.0005122771858538872
CentroidX: 0.2365
CentroidY: 0.1953
