Location: Dedata_2.png_Gaussian-Closing.png
Component: component_1755523807413_232.png
centerX: 0.34596774193548385
centerY: 0.6186947848389854
width: 0.021370967741935483
height: 0.04075235109717868
Area: 0.00039943371422793004
CentroidX: 0.3544
CentroidY: 0.6378
