Location: Dedata_19.png_Mean-Closing.png
Component: component_1755511662025_184.png
centerX: 0.6104838709677419
centerY: 0.48304360216585923
width: 0.025
height: 0.0438871473354232
Area: 0.00048274483126338724
CentroidX: 0.6205
CentroidY: 0.5035
