Location: Dedata_2.png_Gaussian-Closing.png
Component: component_1755523807384_110.png
centerX: 0.21008064516129032
centerY: 0.2827016243944144
width: 0.028629032258064516
height: 0.04103733257338273
Area: 0.0005151499829930409
CentroidX: 0.2220
CentroidY: 0.3017
