Location: Dedata_19.png_Otsu.png
Component: component_1755511661670_404.png
centerX: 0.2540322580645161
centerY: 0.8766030208036477
width: 0.01975806451612903
height: 0.04360216585921915
Area: 0.000346574246867502
CentroidX: 0.2619
CentroidY: 0.8971
