Location: Dedata_2.png_Mean-Medain.png
Component: component_1755523807276_175.png
centerX: 0.06169354838709677
centerY: 0.46736962097463663
width: 0.022983870967741935
height: 0.03875748076375036
Area: 0.00043091957087305454
CentroidX: 0.0709
CentroidY: 0.4856
