Location: Dedata_2.png_Gaussian-Closing.png
Component: component_1755523807391_138.png
centerX: 0.7991935483870968
centerY: 0.35822171558848676
width: 0.02620967741935484
height: 0.03590766600170989
Area: 0.00039679074085990863
CentroidX: 0.8090
CentroidY: 0.3743
