Location: Dedata_2.png_Gaussian-Closing.png
Component: component_1755523807389_130.png
centerX: 0.21895161290322582
centerY: 0.3431176973496723
width: 0.031048387096774193
height: 0.04018238814477059
Area: 0.0005049228251776537
CentroidX: 0.2320
CentroidY: 0.3614
