Location: internet_7.png_Otsu.png
Component: component_1755093286115_1064.png
centerX: 0.6634421604191858
centerY: 0.8177929854576561
width: 0.028617492946392584
height: 0.05360707157114343
Area: 0.0005555768178044786
CentroidX: 0.6744
CentroidY: 0.8430
