Location: Dedata_2.png_Mean-Closing.png
Component: component_1755523807011_283.png
centerX: 0.6298387096774194
centerY: 0.7728697634653747
width: 0.025403225806451612
height: 0.04217725847819892
Area: 0.00047102381893564016
CentroidX: 0.6396
CentroidY: 0.7923
