Location: Dedata_19.png_Mean-Closing.png
Component: component_1755511662065_303.png
centerX: 0.16088709677419355
centerY: 0.8213166144200627
width: 0.025
height: 0.045027073240239385
Area: 0.0004301151876740915
CentroidX: 0.1709
CentroidY: 0.8429
