Location: Dedata_2.png_Mean-Closing.png
Component: component_1755523806913_113.png
centerX: 0.9088709677419354
centerY: 0.30436021658592194
width: 0.038306451612903226
height: 0.04103733257338273
Area: 0.0005550244072844942
CentroidX: 0.9259
CentroidY: 0.3224
