Location: internet_7.png_Otsu.png
Component: component_1755093286044_343.png
centerX: 0.11406690850463523
centerY: 0.3045337895637297
width: 0.03305118903667876
height: 0.05018534359851725
Area: 0.000455012126952406
CentroidX: 0.1300
CentroidY: 0.3307
