Location: Dedata_19.png_Otsu.png
Component: component_1755511661612_196.png
centerX: 0.020967741935483872
centerY: 0.2644628099173554
width: 0.02258064516129032
height: 0.051011684240524366
Area: 0.00046435892957280355
CentroidX: 0.0290
CentroidY: 0.2885
