Location: Dedata_19.png_Gaussian-Closing.png
Component: component_1755511661507_246.png
centerX: 0.06411290322580646
centerY: 0.6454830436021659
width: 0.025403225806451612
height: 0.04360216585921915
Area: 0.00046435892957280355
CentroidX: 0.0730
CentroidY: 0.6660
