Location: Dedata_19.png_Gaussian-Closing.png
Component: component_1755511661498_217.png
centerX: 0.4189516129032258
centerY: 0.5648332858364207
width: 0.024596774193548387
height: 0.04360216585921915
Area: 0.0004636694582594067
CentroidX: 0.4285
CentroidY: 0.5859
