Location: Dedata_19.png_Mean-Closing.png
Component: component_1755511661989_101.png
centerX: 0.6266129032258064
centerY: 0.25049871758335707
width: 0.02620967741935484
height: 0.048446850954687946
Area: 0.0005261815240073911
CentroidX: 0.6361
CentroidY: 0.2725
