Location: Dedata_19.png_Otsu.png
Component: component_1755511661599_65.png
centerX: 0.06411290322580646
centerY: 0.13707609005414648
width: 0.020161290322580645
height: 0.04873183243089199
Area: 0.00033784094356447477
CentroidX: 0.0717
CentroidY: 0.1598
