Location: internet_7.png_Mean-Closing.png
Component: component_1755093286347_226.png
centerX: 0.9536477226924627
centerY: 0.7601938979184488
width: 0.02418379685610641
height: 0.04077559167379527
Area: 0.000335253946531995
CentroidX: 0.9645
CentroidY: 0.7788
