Location: Dedata_19.png_Mean-Closing.png
Component: component_1755511662011_144.png
centerX: 0.5754032258064516
centerY: 0.372185807922485
width: 0.02338709677419355
height: 0.0438871473354232
Area: 0.00047630976567168297
CentroidX: 0.5854
CentroidY: 0.3923
