Location: Dedata_2.png_Mean-Closing.png
Component: component_1755523806978_188.png
centerX: 0.9173387096774194
centerY: 0.5172413793103449
width: 0.028225806451612902
height: 0.04217725847819892
Area: 0.00045125897461826273
CentroidX: 0.9273
CentroidY: 0.5363
