Location: Dedata_2.png_Mean-Medain.png
Component: component_1755523807282_201.png
centerX: 0.6338709677419355
centerY: 0.5351952123111998
width: 0.02379032258064516
height: 0.04075235109717868
Area: 0.0004156362900927569
CentroidX: 0.6428
CentroidY: 0.5541
