Location: Dedata_19.png_Otsu.png
Component: component_1755511661657_364.png
centerX: 0.16411290322580646
centerY: 0.7620404673696209
width: 0.021774193548387097
height: 0.04360216585921915
Area: 0.0003848399047610292
CentroidX: 0.1725
CentroidY: 0.7823
