Location: Dedata_2.png_Mean-Closing.png
Component: component_1755523806961_162.png
centerX: 0.4544354838709677
centerY: 0.44200626959247646
width: 0.024596774193548387
height: 0.03590766600170989
Area: 0.0004096608720433172
CentroidX: 0.4641
CentroidY: 0.4587
