Location: Dedata_19.png_Gaussian-Closing.png
Component: component_1755511661491_184.png
centerX: 0.9443548387096774
centerY: 0.46565973211741235
width: 0.02379032258064516
height: 0.039612425192362494
Area: 0.00039127497035273354
CentroidX: 0.9537
CentroidY: 0.4839
