Location: internet_7.png_Mean-Closing.png
Component: component_1755093286303_33.png
centerX: 0.08182184602982669
centerY: 0.07385229540918163
width: 0.024586860137041516
height: 0.037639007698887936
Area: 0.0003070958330934147
CentroidX: 0.0906
CentroidY: 0.0909
