Location: Dedata_19.png_Mean-Closing.png
Component: component_1755511662023_179.png
centerX: 0.8983870967741936
centerY: 0.46793958392704477
width: 0.02620967741935484
height: 0.04360216585921915
Area: 0.00045815368775223156
CentroidX: 0.9087
CentroidY: 0.4879
