Location: Dedata_2.png_Mean-Closing.png
Component: component_1755523806904_72.png
centerX: 0.16653225806451613
centerY: 0.1786833855799373
width: 0.03588709677419355
height: 0.04360216585921915
Area: 0.0006130549094953989
CentroidX: 0.1807
CentroidY: 0.1978
