Location: Dedata_2.png_Gaussian-Closing.png
Component: component_1755523807379_87.png
centerX: 0.5419354838709678
centerY: 0.22029068110572814
width: 0.03024193548387097
height: 0.04075235109717868
Area: 0.0004944658435911344
CentroidX: 0.5535
CentroidY: 0.2380
