Location: Dedata_19.png_Mean-Closing.png
Component: component_1755511661981_81.png
centerX: 0.48266129032258065
centerY: 0.1926474779139356
width: 0.018548387096774192
height: 0.04616699914505557
Area: 0.0003009542282977413
CentroidX: 0.4894
CentroidY: 0.2141
