Location: Dedata_2.png_Mean-Closing.png
Component: component_1755523807002_236.png
centerX: 0.10766129032258065
centerY: 0.6377885437446565
width: 0.025806451612903226
height: 0.039612425192362494
Area: 0.00042184153191332887
CentroidX: 0.1170
CentroidY: 0.6557
