Location: Dedata_2.png_Gaussian-Median.png
Component: component_1755523807120_59.png
centerX: 0.2786290322580645
centerY: 0.1225420347677401
width: 0.031451612903225803
height: 0.04616699914505557
Area: 0.0005827181717059359
CentroidX: 0.2919
CentroidY: 0.1430
