Location: Dedata_19.png_Gaussian-Closing.png
Component: component_1755511661510_250.png
centerX: 0.8310483870967742
centerY: 0.6591621544599601
width: 0.022983870967741935
height: 0.04160729552579082
Area: 0.00039472232691971793
CentroidX: 0.8396
CentroidY: 0.6788
