Location: Dedata_19.png_Gaussian-Median.png
Component: component_1755511661088_172.png
centerX: 0.6258064516129033
centerY: 0.42946708463949845
width: 0.02217741935483871
height: 0.04331718438301511
Area: 0.00043310289669881133
CentroidX: 0.6350
CentroidY: 0.4497
