Location: Dedata_19.png_Gaussian-Median.png
Component: component_1755511661049_14.png
centerX: 0.6028225806451613
centerY: 0.009974351667141636
width: 0.024193548387096774
height: 0.04645198062125962
Area: 0.0004206924130576674
CentroidX: 0.6124
CentroidY: 0.0308
