Location: Dedata_2.png_Mean-Closing.png
Component: component_1755523807007_266.png
centerX: 0.4963709677419355
centerY: 0.7224280421772585
width: 0.021370967741935483
height: 0.0353377030493018
Area: 0.00033876023864900395
CentroidX: 0.5051
CentroidY: 0.7384
