Location: Dedata_2.png_Gaussian-Closing.png
Component: component_1755523807422_262.png
centerX: 0.7669354838709678
centerY: 0.6944998575092619
width: 0.020161290322580645
height: 0.04160729552579082
Area: 0.00040759245810312653
CentroidX: 0.7750
CentroidY: 0.7138
