Location: Dedata_19.png_Mean-Closing.png
Component: component_1755511661998_120.png
centerX: 0.7125
centerY: 0.30777999430037045
width: 0.025806451612903226
height: 0.04730692504987176
Area: 0.0005091745649436013
CentroidX: 0.7225
CentroidY: 0.3292
