Location: Dedata_2.png_Mean-Closing.png
Component: component_1755523806903_69.png
centerX: 0.22379032258064516
centerY: 0.17668851524650897
width: 0.03185483870967742
height: 0.04189227700199487
Area: 0.0005380174482207044
CentroidX: 0.2365
CentroidY: 0.1952
