Location: Dedata_19.png_Gaussian-Median.png
Component: component_1755511661099_214.png
centerX: 0.6544354838709677
centerY: 0.5431746936449131
width: 0.027822580645161292
height: 0.04474209176403534
Area: 0.0004892948087406577
CentroidX: 0.6655
CentroidY: 0.5643
