Location: Dedata_2.png_Gaussian-Closing.png
Component: component_1755523807432_295.png
centerX: 0.3084677419354839
centerY: 0.8056426332288401
width: 0.02620967741935484
height: 0.04217725847819892
Area: 0.00045654492135430554
CentroidX: 0.3179
CentroidY: 0.8249
