Location: Dedata_19.png_Gaussian-Closing.png
Component: component_1755511661369_17.png
centerX: 0.255241935483871
centerY: 0.011114277571957822
width: 0.02258064516129032
height: 0.04645198062125962
Area: 0.00042758712619163624
CentroidX: 0.2643
CentroidY: 0.0329
