Location: Dedata_2.png_Mean-Medain.png
Component: component_1755523807268_138.png
centerX: 0.7564516129032258
centerY: 0.3664861783984041
width: 0.027822580645161292
height: 0.0347677400968937
Area: 0.0004143722593515292
CentroidX: 0.7671
CentroidY: 0.3817
