Location: Dedata_2.png_Gaussian-Closing.png
Component: component_1755523807379_85.png
centerX: 0.7564516129032258
centerY: 0.21430607010544314
width: 0.03346774193548387
height: 0.039612425192362494
Area: 0.0004976833763869864
CentroidX: 0.7706
CentroidY: 0.2315
