Location: Dedata_19.png_Gaussian-Closing.png
Component: component_1755511661496_204.png
centerX: 0.011693548387096775
centerY: 0.5246508976916501
width: 0.027822580645161292
height: 0.045597036192647475
Area: 0.0004941211079344358
CentroidX: 0.0219
CentroidY: 0.5457
