Location: Dedata_2.png_Mean-Medain.png
Component: component_1755523807275_173.png
centerX: 0.8600806451612903
centerY: 0.46366486178398403
width: 0.02338709677419355
height: 0.04075235109717868
Area: 0.00038506972853216155
CentroidX: 0.8693
CentroidY: 0.4814
