Location: Dedata_19.png_Gaussian-Median.png
Component: component_1755511661074_118.png
centerX: 0.11088709677419355
centerY: 0.26303790253633513
width: 0.021774193548387097
height: 0.04987175833570818
Area: 0.0004896395443973561
CentroidX: 0.1194
CentroidY: 0.2865
