Location: internet_7.png_Otsu.png
Component: component_1755093286056_691.png
centerX: 0.49012494961708986
centerY: 0.4853150841174793
width: 0.02539298669891173
height: 0.04305674365554605
Area: 0.0002669848878278452
CentroidX: 0.5014
CentroidY: 0.5047
