Location: Dedata_2.png_Mean-Medain.png
Component: component_1755523807243_57.png
centerX: 0.9596774193548387
centerY: 0.15132516386434883
width: 0.03024193548387097
height: 0.04189227700199487
Area: 0.0005358341223949476
CentroidX: 0.9722
CentroidY: 0.1698
