Location: internet_7.png_Mean-Medain.png
Component: component_1755093286441_194.png
centerX: 0.2539298669891173
centerY: 0.5568862275449101
width: 0.026199113260781944
height: 0.04932991160536071
Area: 0.00047638930695067513
CentroidX: 0.2641
CentroidY: 0.5800
