Location: Dedata_19.png_Gaussian-Closing.png
Component: component_1755511661423_56.png
centerX: 0.6919354838709677
centerY: 0.12482188657737248
width: 0.022983870967741935
height: 0.04787688800227985
Area: 0.000405638956048502
CentroidX: 0.7004
CentroidY: 0.1466
