Location: Dedata_2.png_Mean-Medain.png
Component: component_1755523807305_279.png
centerX: 0.896774193548387
centerY: 0.7532060416072955
width: 0.02379032258064516
height: 0.040467369620974636
Area: 0.0004583835115233639
CentroidX: 0.9067
CentroidY: 0.7712
