Location: internet_7.png_Otsu.png
Component: component_1755093286035_300.png
centerX: 0.3542926239419589
centerY: 0.18277730253778157
width: 0.04312777106005643
height: 0.04647847162817223
Area: 0.000584884241995654
CentroidX: 0.3762
CentroidY: 0.2061
