Location: Dedata_19.png_Mean-Closing.png
Component: component_1755511662054_264.png
centerX: 0.8919354838709678
centerY: 0.7141635793673411
width: 0.02217741935483871
height: 0.04075235109717868
Area: 0.0004003530093124592
CentroidX: 0.9009
CentroidY: 0.7332
