Location: Dedata_19.png_Gaussian-Median.png
Component: component_1755511661052_24.png
centerX: 0.7362903225806452
centerY: 0.011399259048161869
width: 0.02217741935483871
height: 0.04730692504987176
Area: 0.00039058549903933664
CentroidX: 0.7458
CentroidY: 0.0329
