Location: Dedata_19.png_Mean-Closing.png
Component: component_1755511661937_53.png
centerX: 0.6915322580645161
centerY: 0.12482188657737248
width: 0.02338709677419355
height: 0.04787688800227985
Area: 0.00041621084952058764
CentroidX: 0.7004
CentroidY: 0.1464
