Location: internet_7.png_Gaussian-Closing.png
Component: component_1755093286233_245.png
centerX: 0.5461507456670698
centerY: 0.8212147134302823
width: 0.03345425231761386
height: 0.04932991160536071
Area: 0.0005979863845752383
CentroidX: 0.5602
CentroidY: 0.8447
