Location: internet_7.png_Gaussian-Closing.png
Component: component_1755093286203_109.png
centerX: 0.06569931479242241
centerY: 0.30852580553179354
width: 0.03345425231761386
height: 0.04704875962360992
Area: 0.000459954163188565
CentroidX: 0.0804
CentroidY: 0.3319
