Location: Dedata_2.png_Mean-Closing.png
Component: component_1755523806908_95.png
centerX: 0.9165322580645161
centerY: 0.256198347107438
width: 0.03870967741935484
height: 0.04018238814477059
Area: 0.000557897204423648
CentroidX: 0.9337
CentroidY: 0.2739
