Location: Dedata_2.png_Mean-Closing.png
Component: component_1755523806906_84.png
centerX: 0.4830645161290323
centerY: 0.22171558848674836
width: 0.031048387096774193
height: 0.04673696209746366
Area: 0.0006354627271807977
CentroidX: 0.4959
CentroidY: 0.2429
