Location: Dedata_2.png_Mean-Closing.png
Component: component_1755523806997_214.png
centerX: 0.10362903225806451
centerY: 0.5779424337418068
width: 0.01975806451612903
height: 0.04018238814477059
Area: 0.0003828864027064047
CentroidX: 0.1117
CentroidY: 0.5962
