Location: internet_7.png_Mean-Medain.png
Component: component_1755093286444_211.png
centerX: 0.20193470374848851
centerY: 0.6290276589677787
width: 0.030229746070133012
height: 0.04932991160536071
Area: 0.0005124776645821618
CentroidX: 0.2140
CentroidY: 0.6506
