Location: Dedata_19.png_Gaussian-Median.png
Component: component_1755511661072_106.png
centerX: 0.6266129032258064
centerY: 0.25049871758335707
width: 0.02620967741935484
height: 0.048446850954687946
Area: 0.0005025096755807647
CentroidX: 0.6361
CentroidY: 0.2726
