Location: Dedata_19.png_Otsu.png
Component: component_1755511661662_373.png
centerX: 0.7241935483870968
centerY: 0.7794243374180678
width: 0.02620967741935484
height: 0.04018238814477059
Area: 0.00034726371818089886
CentroidX: 0.7341
CentroidY: 0.7982
