Location: Dedata_2.png_Mean-Medain.png
Component: component_1755523807307_290.png
centerX: 0.49556451612903224
centerY: 0.7814192077514962
width: 0.025806451612903226
height: 0.04474209176403534
Area: 0.0005046930014065215
CentroidX: 0.5055
CentroidY: 0.8028
