Location: internet_7.png_Mean-Medain.png
Component: component_1755093286417_71.png
centerX: 0.41233373639661425
centerY: 0.18334759053321928
width: 0.04232164449818621
height: 0.04562303963501568
Area: 0.0006339598111314654
CentroidX: 0.4332
CentroidY: 0.2045
