Location: Dedata_19.png_Gaussian-Median.png
Component: component_1755511661065_68.png
centerX: 0.39475806451612905
centerY: 0.13707609005414648
width: 0.018548387096774192
height: 0.047591906526075804
Area: 0.0003952968863475487
CentroidX: 0.4024
CentroidY: 0.1591
