Location: Dedata_19.png_Mean-Closing.png
Component: component_1755511661927_36.png
centerX: 0.419758064516129
centerY: 0.06697064690795099
width: 0.02258064516129032
height: 0.04987175833570818
Area: 0.00043884849097711875
CentroidX: 0.4273
CentroidY: 0.0904
