Location: Dedata_19.png_Gaussian-Median.png
Component: component_1755511661049_13.png
centerX: 0.2068548387096774
centerY: 0.009974351667141636
width: 0.02056451612903226
height: 0.04132231404958678
Area: 0.0003650750604436518
CentroidX: 0.2148
CentroidY: 0.0299
