Location: Dedata_19.png_Gaussian-Closing.png
Component: component_1755511661530_316.png
centerX: 0.8310483870967742
centerY: 0.8347107438016529
width: 0.02379032258064516
height: 0.04445711028783129
Area: 0.0003802434293383833
CentroidX: 0.8393
CentroidY: 0.8566
