Location: Dedata_2.png_Mean-Closing.png
Component: component_1755523806895_33.png
centerX: 0.2342741935483871
centerY: 0.07124536905101168
width: 0.02620967741935484
height: 0.04018238814477059
Area: 0.0004594177184934592
CentroidX: 0.2449
CentroidY: 0.0896
