Location: Dedata_19.png_Mean-Closing.png
Component: component_1755511662049_249.png
centerX: 0.5766129032258065
centerY: 0.676831005984611
width: 0.022983870967741935
height: 0.042462239954402965
Area: 0.0004078222818742588
CentroidX: 0.5854
CentroidY: 0.6967
