Location: Dedata_19.png_Otsu.png
Component: component_1755511661667_393.png
centerX: 0.782258064516129
centerY: 0.8384155029923055
width: 0.021370967741935483
height: 0.04531205471644343
Area: 0.0003708206547219592
CentroidX: 0.7910
CentroidY: 0.8604
