Location: Dedata_19.png_Mean-Closing.png
Component: component_1755511662061_291.png
centerX: 0.6870967741935484
centerY: 0.7822741521801083
width: 0.024193548387096774
height: 0.04217725847819892
Area: 0.0004009275687402899
CentroidX: 0.6966
CentroidY: 0.8020
