Location: Dedata_19.png_Gaussian-Closing.png
Component: component_1755511661488_173.png
centerX: 0.4798387096774194
centerY: 0.43630664006839553
width: 0.024193548387096774
height: 0.04474209176403534
Area: 0.0004418362000018386
CentroidX: 0.4895
CentroidY: 0.4572
