Location: Dedata_2.png_Mean-Closing.png
Component: component_1755523806909_101.png
centerX: 0.5850806451612903
centerY: 0.2738671986320889
width: 0.03185483870967742
height: 0.043032202906811055
Area: 0.0005699629524080935
CentroidX: 0.5987
CentroidY: 0.2924
