Location: Dedata_2.png_Gaussian-Median.png
Component: component_1755523807141_167.png
centerX: 0.7592741935483871
centerY: 0.4169278996865204
width: 0.024193548387096774
height: 0.039897406668566546
Area: 0.0003917346178949981
CentroidX: 0.7691
CentroidY: 0.4349
