Location: Dedata_19.png_Gaussian-Median.png
Component: component_1755511661050_16.png
centerX: 0.5548387096774193
centerY: 0.01054431461954973
width: 0.021370967741935483
height: 0.04588201766885153
Area: 0.0004123038454113386
CentroidX: 0.5640
CentroidY: 0.0312
