Location: Dedata_19.png_Mean-Closing.png
Component: component_1755511662062_292.png
centerX: 0.6427419354838709
centerY: 0.7859789113707609
width: 0.02379032258064516
height: 0.042462239954402965
Area: 0.0004123038454113386
CentroidX: 0.6522
CentroidY: 0.8057
