Location: Dedata_2.png_Gaussian-Closing.png
Component: component_1755523807377_80.png
centerX: 0.917741935483871
centerY: 0.20347677400968936
width: 0.03508064516129032
height: 0.03761755485893417
Area: 0.0005007859972972724
CentroidX: 0.9321
CentroidY: 0.2187
