Location: Dedata_19.png_Otsu.png
Component: component_1755511661609_185.png
centerX: 0.4870967741935484
centerY: 0.2542034767740097
width: 0.02338709677419355
height: 0.04787688800227985
Area: 0.00043218360161428215
CentroidX: 0.4964
CentroidY: 0.2764
