Location: Dedata_19.png_Otsu.png
Component: component_1755511661652_350.png
centerX: 0.7540322580645161
centerY: 0.7224280421772585
width: 0.02379032258064516
height: 0.04132231404958678
Area: 0.00035415843131486775
CentroidX: 0.7633
CentroidY: 0.7417
