Location: Dedata_2.png_Gaussian-Closing.png
Component: component_1755523807362_10.png
centerX: 0.02943548387096774
centerY: 0.009404388714733543
width: 0.03024193548387097
height: 0.048446850954687946
Area: 0.0005200911940723853
CentroidX: 0.0419
CentroidY: 0.0312
