Location: Dedata_19.png_Gaussian-Closing.png
Component: component_1755511661473_119.png
centerX: 0.02056451612903226
centerY: 0.26417782844115134
width: 0.022983870967741935
height: 0.051581647192932456
Area: 0.0005038886182075585
CentroidX: 0.0290
CentroidY: 0.2886
