Location: Dedata_19.png_Otsu.png
Component: component_1755511661615_213.png
centerX: 0.2375
centerY: 0.3265887717298376
width: 0.02620967741935484
height: 0.047591906526075804
Area: 0.00047194311402016934
CentroidX: 0.2473
CentroidY: 0.3483
