Location: Dedata_2.png_Gaussian-Closing.png
Component: component_1755523807430_286.png
centerX: 0.677016129032258
centerY: 0.7643203191792534
width: 0.021370967741935483
height: 0.04417212881162724
Area: 0.00043091957087305454
CentroidX: 0.6856
CentroidY: 0.7849
