Location: Dedata_19.png_Mean-Closing.png
Component: component_1755511662000_128.png
centerX: 0.3326612903225806
centerY: 0.32459390139640926
width: 0.024596774193548387
height: 0.04930179538330009
Area: 0.0005353744748526829
CentroidX: 0.3425
CentroidY: 0.3477
