Location: internet_7.png_Gaussian-Closing.png
Component: component_1755093286183_26.png
centerX: 0.3587263200322451
centerY: 0.07014542343883662
width: 0.03869407496977025
height: 0.04704875962360992
Area: 0.0003378973612629638
CentroidX: 0.3744
CentroidY: 0.0923
