Location: Dedata_19.png_Gaussian-Closing.png
Component: component_1755511661357_9.png
centerX: 0.3161290322580645
centerY: 0.009119407238529496
width: 0.02258064516129032
height: 0.04445711028783129
Area: 0.00040115739251142226
CentroidX: 0.3251
CentroidY: 0.0294
