Location: Dedata_19.png_Gaussian-Median.png
Component: component_1755511661083_153.png
centerX: 0.532258064516129
centerY: 0.3730407523510972
width: 0.02217741935483871
height: 0.047591906526075804
Area: 0.00046148613243364987
CentroidX: 0.5408
CentroidY: 0.3958
