Location: Dedata_19.png_Otsu.png
Component: component_1755511661585_2.png
centerX: 0.025403225806451612
centerY: 0.00883442576232545
width: 0.02217741935483871
height: 0.047591906526075804
Area: 0.0004144871712370954
CentroidX: 0.0337
CentroidY: 0.0311
