Location: internet_7.png_Gaussian-Closing.png
Component: component_1755093286215_150.png
centerX: 0.9403466344216042
centerY: 0.47961220416310235
width: 0.028214429665457477
height: 0.043341887653264896
Area: 0.00030755555739445274
CentroidX: 0.9522
CentroidY: 0.4993
