Location: Dedata_19.png_Gaussian-Median.png
Component: component_1755511661106_237.png
centerX: 0.6064516129032258
centerY: 0.6147050441721288
width: 0.025403225806451612
height: 0.047021943573667714
Area: 0.0004829746550345195
CentroidX: 0.6170
CentroidY: 0.6371
