Location: internet_7.png_Gaussian-Closing.png
Component: component_1755093286223_195.png
centerX: 0.3889560661023781
centerY: 0.6281722269746222
width: 0.03869407496977025
height: 0.04562303963501568
Area: 0.00043570370630880806
CentroidX: 0.4012
CentroidY: 0.6488
