Location: internet_7.png_Otsu.png
Component: component_1755093286040_324.png
centerX: 0.9443772672309553
centerY: 0.27601938979184487
width: 0.037081821846029824
height: 0.0499001996007984
Area: 0.0004182341828693623
CentroidX: 0.9646
CentroidY: 0.3007
