Location: internet_7.png_Gaussian-Closing.png
Component: component_1755093286231_236.png
centerX: 0.0709391374445788
centerY: 0.7619047619047619
width: 0.02781136638452237
height: 0.04163102366695181
Area: 0.0003310014967473931
CentroidX: 0.0817
CentroidY: 0.7816
