Location: Dedata_19.png_Otsu.png
Component: component_1755511661607_175.png
centerX: 0.9008064516129032
centerY: 0.24052436591621545
width: 0.025806451612903226
height: 0.04730692504987176
Area: 0.0004501098557626012
CentroidX: 0.9106
CentroidY: 0.2623
