Location: Dedata_2.png_Gaussian-Closing.png
Component: component_1755523807376_79.png
centerX: 0.9661290322580646
centerY: 0.20005699629524082
width: 0.025806451612903226
height: 0.040467369620974636
Area: 0.00047780362018404285
CentroidX: 0.9774
CentroidY: 0.2186
