Location: internet_7.png_Mean-Closing.png
Component: component_1755093286343_209.png
centerX: 0.12978637646110439
centerY: 0.6948959224408326
width: 0.02902055622732769
height: 0.04505275163957799
Area: 0.0004198432179229955
CentroidX: 0.1420
CentroidY: 0.7157
