Location: internet_7.png_Otsu.png
Component: component_1755093286039_316.png
centerX: 0.19709794437726724
centerY: 0.24009124607927004
width: 0.03466344216041919
height: 0.04961505560307956
Area: 0.0004938588303901209
CentroidX: 0.2129
CentroidY: 0.2649
