Location: Dedata_19.png_Mean-Closing.png
Component: component_1755511661926_31.png
centerX: 0.5032258064516129
centerY: 0.06583072100313479
width: 0.020967741935483872
height: 0.04787688800227985
Area: 0.0004044898371928405
CentroidX: 0.5107
CentroidY: 0.0880
