Location: Dedata_19.png_Gaussian-Median.png
Component: component_1755511661080_138.png
centerX: 0.2375
centerY: 0.32601880877742945
width: 0.02661290322580645
height: 0.048446850954687946
Area: 0.0005077956223168075
CentroidX: 0.2474
CentroidY: 0.3484
