Location: Dedata_19.png_Otsu.png
Component: component_1755511661632_285.png
centerX: 0.7891129032258064
centerY: 0.5386149900256484
width: 0.024596774193548387
height: 0.04274722143060701
Area: 0.0004019617757103853
CentroidX: 0.7988
CentroidY: 0.5593
