Location: internet_7.png_Mean-Closing.png
Component: component_1755093286328_135.png
centerX: 0.7670294236195082
centerY: 0.41174793270601656
width: 0.031035872632003223
height: 0.045337895637296836
Area: 0.0003928344152370103
CentroidX: 0.7796
CentroidY: 0.4340
