Location: Dedata_2.png_Gaussian-Closing.png
Component: component_1755523807370_46.png
centerX: 0.6108870967741935
centerY: 0.11598746081504702
width: 0.02943548387096774
height: 0.04474209176403534
Area: 0.0005119324501971888
CentroidX: 0.6235
CentroidY: 0.1358
