Location: internet_7.png_Otsu.png
Component: component_1755093286094_847.png
centerX: 0.25594518339379285
centerY: 0.6313088109495295
width: 0.04191858121725111
height: 0.04647847162817223
Area: 0.00043363494695413687
CentroidX: 0.2713
CentroidY: 0.6506
