Location: Dedata_19.png_Mean-Closing.png
Component: component_1755511662062_294.png
centerX: 0.5592741935483871
centerY: 0.7911085779424337
width: 0.02258064516129032
height: 0.0438871473354232
Area: 0.0004032258064516129
CentroidX: 0.5680
CentroidY: 0.8116
