Location: Dedata_2.png_Mean-Medain.png
Component: component_1755523807256_92.png
centerX: 0.10766129032258065
centerY: 0.23254488458250214
width: 0.02943548387096774
height: 0.04331718438301511
Area: 0.0005592761470504417
CentroidX: 0.1201
CentroidY: 0.2523
