Location: Dedata_2.png_Mean-Closing.png
Component: component_1755523806928_127.png
centerX: 0.16612903225806452
centerY: 0.34653747506412086
width: 0.03024193548387097
height: 0.04103733257338273
Area: 0.0005572077331102511
CentroidX: 0.1792
CentroidY: 0.3654
