Location: internet_7.png_Mean-Closing.png
Component: component_1755093286338_180.png
centerX: 0.0761789600967352
centerY: 0.5605930995152552
width: 0.028617492946392584
height: 0.04875962360992301
Area: 0.0005047772825397744
CentroidX: 0.0878
CentroidY: 0.5837
