Location: internet_7.png_Mean-Medain.png
Component: component_1755093286408_31.png
centerX: 0.29343006852075776
centerY: 0.07242657542058739
width: 0.0354695687222894
height: 0.04505275163957799
Area: 0.0003949031745916815
CentroidX: 0.3093
CentroidY: 0.0931
