Location: internet_7.png_Mean-Medain.png
Component: component_1755093286452_249.png
centerX: 0.3724304715840387
centerY: 0.7607641859138865
width: 0.025796049979846837
height: 0.046193327630453376
Area: 0.00044938050426468994
CentroidX: 0.3833
CentroidY: 0.7823
