Location: Dedata_19.png_Otsu.png
Component: component_1755511661617_224.png
centerX: 0.7165322580645161
centerY: 0.36363636363636365
width: 0.02258064516129032
height: 0.04873183243089199
Area: 0.00043746954835032495
CentroidX: 0.7254
CentroidY: 0.3861
