Location: Dedata_19.png_Otsu.png
Component: component_1755511661662_374.png
centerX: 0.6875
centerY: 0.7825591336563124
width: 0.02338709677419355
height: 0.04132231404958678
Area: 0.00034622951121080354
CentroidX: 0.6966
CentroidY: 0.8017
