Location: Dedata_19.png_Otsu.png
Component: component_1755511661645_332.png
centerX: 0.5770161290322581
centerY: 0.677115987460815
width: 0.02217741935483871
height: 0.04189227700199487
Area: 0.00035438825508600003
CentroidX: 0.5853
CentroidY: 0.6965
