Location: Dedata_2.png_Mean-Closing.png
Component: component_1755523806903_70.png
centerX: 0.2778225806451613
centerY: 0.17697349672271304
width: 0.027822580645161292
height: 0.04645198062125962
Area: 0.0005537603765432667
CentroidX: 0.2886
CentroidY: 0.1970
