Location: Dedata_2.png_Mean-Closing.png
Component: component_1755523806938_141.png
centerX: 0.5125
centerY: 0.3787403818751781
width: 0.02661290322580645
height: 0.039612425192362494
Area: 0.0004501098557626012
CentroidX: 0.5226
CentroidY: 0.3959
