Location: internet_7.png_Gaussian-Closing.png
Component: component_1755093286206_119.png
centerX: 0.5010076582023377
centerY: 0.3541488451668092
width: 0.037081821846029824
height: 0.05389221556886228
Area: 0.0003981212446989478
CentroidX: 0.5202
CentroidY: 0.3811
