Location: Dedata_2.png_Mean-Closing.png
Component: component_1755523806891_15.png
centerX: 0.1407258064516129
centerY: 0.012254203476774009
width: 0.034274193548387094
height: 0.047591906526075804
Area: 0.0006063900201325623
CentroidX: 0.1548
CentroidY: 0.0345
