Location: Dedata_2.png_Mean-Medain.png
Component: component_1755523807259_108.png
centerX: 0.21008064516129032
centerY: 0.28241664291821034
width: 0.02903225806451613
height: 0.04132231404958678
Area: 0.0005475551347226946
CentroidX: 0.2220
CentroidY: 0.3016
