Location: Dedata_19.png_Gaussian-Closing.png
Component: component_1755511661427_64.png
centerX: 0.22298387096774194
centerY: 0.1365061271017384
width: 0.020161290322580645
height: 0.04616699914505557
Area: 0.00038150746007961097
CentroidX: 0.2304
CentroidY: 0.1577
