Location: Dedata_2.png_Gaussian-Median.png
Component: component_1755523807143_177.png
centerX: 0.25443548387096776
centerY: 0.4579652322599031
width: 0.028629032258064516
height: 0.040467369620974636
Area: 0.0004711387308212063
CentroidX: 0.2663
CentroidY: 0.4765
