Location: Dedata_2.png_Mean-Medain.png
Component: component_1755523807273_162.png
centerX: 0.555241935483871
centerY: 0.43288686235394697
width: 0.027419354838709678
height: 0.03875748076375036
Area: 0.0004564300094687394
CentroidX: 0.5661
CentroidY: 0.4506
