Location: Dedata_19.png_Otsu.png
Component: component_1755511661623_248.png
centerX: 0.5758064516129032
centerY: 0.4323168994015389
width: 0.02258064516129032
height: 0.04360216585921915
Area: 0.00040621351547633273
CentroidX: 0.5846
CentroidY: 0.4526
