Location: Dedata_19.png_Mean-Closing.png
Component: component_1755511661990_105.png
centerX: 0.4407258064516129
centerY: 0.2567683100598461
width: 0.024193548387096774
height: 0.04673696209746366
Area: 0.0004998667022127433
CentroidX: 0.4497
CentroidY: 0.2782
