Location: internet_7.png_Mean-Closing.png
Component: component_1755093286348_231.png
centerX: 0.0709391374445788
centerY: 0.7619047619047619
width: 0.02781136638452237
height: 0.04163102366695181
Area: 0.00035732071298182126
CentroidX: 0.0818
CentroidY: 0.7815
