Location: Dedata_19.png_Gaussian-Median.png
Component: component_1755511661045_5.png
centerX: 0.06814516129032258
centerY: 0.007694499857509262
width: 0.02620967741935484
height: 0.049586776859504134
Area: 0.0004822851837211226
CentroidX: 0.0774
CentroidY: 0.0313
