Location: Dedata_19.png_Otsu.png
Component: component_1755511661593_35.png
centerX: 0.42016129032258065
centerY: 0.06754060986035908
width: 0.021774193548387097
height: 0.049016813907096037
Area: 0.0003743829231745098
CentroidX: 0.4272
CentroidY: 0.0901
