Location: internet_7.png_Gaussian-Closing.png
Component: component_1755093286217_159.png
centerX: 0.24586860137041516
centerY: 0.49272882805816937
width: 0.028617492946392584
height: 0.04932991160536071
Area: 0.00042501511630967353
CentroidX: 0.2579
CentroidY: 0.5160
