Location: Dedata_19.png_Mean-Closing.png
Component: component_1755511661972_66.png
centerX: 0.31290322580645163
centerY: 0.13736107153035051
width: 0.01975806451612903
height: 0.04673696209746366
Area: 0.0004200029417442705
CentroidX: 0.3210
CentroidY: 0.1588
