Location: internet_7.png_Mean-Closing.png
Component: component_1755093286317_92.png
centerX: 0.860540104796453
centerY: 0.28001140575990874
width: 0.032648125755743655
height: 0.045337895637296836
Area: 0.0003942135881401244
CentroidX: 0.8758
CentroidY: 0.3012
