Location: Dedata_19.png_Otsu.png
Component: component_1755511661590_21.png
centerX: 0.9568548387096775
centerY: 0.012824166429182103
width: 0.02056451612903226
height: 0.04018238814477059
Area: 0.0003079638533172763
CentroidX: 0.9646
CentroidY: 0.0308
