Location: Dedata_19.png_Gaussian-Median.png
Component: component_1755511661104_231.png
centerX: 0.9044354838709677
centerY: 0.5993160444571103
width: 0.028225806451612902
height: 0.03818751781134226
Area: 0.00041253366918247086
CentroidX: 0.9157
CentroidY: 0.6175
