Location: Dedata_2.png_Gaussian-Closing.png
Component: component_1755523807395_154.png
centerX: 0.11733870967741936
centerY: 0.40638358506697064
width: 0.027822580645161292
height: 0.0438871473354232
Area: 0.0005320420301712647
CentroidX: 0.1285
CentroidY: 0.4273
