Location: Dedata_2.png_Gaussian-Closing.png
Component: component_1755523807425_278.png
centerX: 0.1592741935483871
centerY: 0.7520661157024794
width: 0.022983870967741935
height: 0.04274722143060701
Area: 0.0004226459151122919
CentroidX: 0.1683
CentroidY: 0.7721
