Location: Dedata_19.png_Gaussian-Median.png
Component: component_1755511661118_279.png
centerX: 0.6681451612903225
centerY: 0.7298375605585637
width: 0.025
height: 0.0438871473354232
Area: 0.00042436959339578413
CentroidX: 0.6785
CentroidY: 0.7502
