Location: Dedata_2.png_Mean-Closing.png
Component: component_1755523807005_255.png
centerX: 0.8572580645161291
centerY: 0.6896551724137931
width: 0.02217741935483871
height: 0.04075235109717868
Area: 0.00043160904218645144
CentroidX: 0.8656
CentroidY: 0.7085
