Location: Dedata_2.png_Mean-Medain.png
Component: component_1755523807287_230.png
centerX: 0.3455645161290323
centerY: 0.6186947848389854
width: 0.02217741935483871
height: 0.04075235109717868
Area: 0.0004255187122514456
CentroidX: 0.3543
CentroidY: 0.6377
