Location: Dedata_2.png_Gaussian-Closing.png
Component: component_1755523807366_31.png
centerX: 0.48508064516129035
centerY: 0.06754060986035908
width: 0.02903225806451613
height: 0.04075235109717868
Area: 0.0004927421653076421
CentroidX: 0.4982
CentroidY: 0.0855
