Location: internet_7.png_Mean-Closing.png
Component: component_1755093286312_72.png
centerX: 0.9334945586457074
centerY: 0.22212717422298262
width: 0.036275695284159616
height: 0.03992015968063872
Area: 0.0004511044703935826
CentroidX: 0.9534
CentroidY: 0.2421
