Location: internet_7.png_Mean-Medain.png
Component: component_1755093286428_128.png
centerX: 0.3567110036275695
centerY: 0.3581408611348731
width: 0.03869407496977025
height: 0.05389221556886228
Area: 0.0004658156480268001
CentroidX: 0.3739
CentroidY: 0.3846
