Location: Dedata_2.png_Mean-Closing.png
Component: component_1755523806905_77.png
centerX: 0.8580645161290322
centerY: 0.2054716443431177
width: 0.034274193548387094
height: 0.04588201766885153
Area: 0.0005953584791182122
CentroidX: 0.8724
CentroidY: 0.2252
