Location: Dedata_2.png_Mean-Closing.png
Component: component_1755523806991_198.png
centerX: 0.6814516129032258
centerY: 0.5300655457395269
width: 0.02379032258064516
height: 0.04160729552579082
Area: 0.0004279318618483347
CentroidX: 0.6907
CentroidY: 0.5493
