Location: internet_7.png_Gaussian-Closing.png
Component: component_1755093286186_38.png
centerX: 0.7275292220878677
centerY: 0.11804961505560307
width: 0.029423619508262798
height: 0.0427715996578272
Area: 0.0004501850217915065
CentroidX: 0.7404
CentroidY: 0.1390
