Location: Dedata_19.png_Otsu.png
Component: component_1755511661654_357.png
centerX: 0.4532258064516129
centerY: 0.7406668566543174
width: 0.02338709677419355
height: 0.04531205471644343
Area: 0.000386218847387823
CentroidX: 0.4617
CentroidY: 0.7614
