Location: Dedata_2.png_Gaussian-Closing.png
Component: component_1755523807420_257.png
centerX: 0.15604838709677418
centerY: 0.6870903391279567
width: 0.02379032258064516
height: 0.04132231404958678
Area: 0.00040046792119802536
CentroidX: 0.1647
CentroidY: 0.7064
