Location: Dedata_2.png_Gaussian-Closing.png
Component: component_1755523807382_97.png
centerX: 0.014919354838709677
centerY: 0.23795953263037903
width: 0.02903225806451613
height: 0.04132231404958678
Area: 0.0005112429788837919
CentroidX: 0.0257
CentroidY: 0.2573
