Location: Dedata_19.png_Mean-Closing.png
Component: component_1755511662071_316.png
centerX: 0.4939516129032258
centerY: 0.8557993730407524
width: 0.025806451612903226
height: 0.047591906526075804
Area: 0.0004642440176872374
CentroidX: 0.5042
CentroidY: 0.8781
