Location: internet_7.png_Mean-Closing.png
Component: component_1755093286342_204.png
centerX: 0.6485288190245868
centerY: 0.6863416025092672
width: 0.03385731559854897
height: 0.04362703165098375
Area: 0.00041674007889098866
CentroidX: 0.6650
CentroidY: 0.7067
