Location: internet_7.png_Mean-Closing.png
Component: component_1755093286306_45.png
centerX: 0.5255945183393793
centerY: 0.1251782149985743
width: 0.04070939137444579
height: 0.042486455660108356
Area: 0.0003450230879290535
CentroidX: 0.5446
CentroidY: 0.1436
