Location: Dedata_19.png_Gaussian-Closing.png
Component: component_1755511661437_84.png
centerX: 0.48266129032258065
centerY: 0.1926474779139356
width: 0.018548387096774192
height: 0.04616699914505557
Area: 0.00029084198236792026
CentroidX: 0.4893
CentroidY: 0.2143
