Location: Dedata_19.png_Otsu.png
Component: component_1755511661587_10.png
centerX: 0.20725806451612902
centerY: 0.010259333143345683
width: 0.020161290322580645
height: 0.04075235109717868
Area: 0.0003247409886099339
CentroidX: 0.2148
CentroidY: 0.0298
