Location: Dedata_19.png_Gaussian-Median.png
Component: component_1755511661103_226.png
centerX: 0.1495967741935484
centerY: 0.5773724707893987
width: 0.02338709677419355
height: 0.04360216585921915
Area: 0.0004579238639810993
CentroidX: 0.1594
CentroidY: 0.5983
