Location: Dedata_2.png_Gaussian-Closing.png
Component: component_1755523807424_274.png
centerX: 0.3024193548387097
centerY: 0.7392419492732972
width: 0.024193548387096774
height: 0.04331718438301511
Area: 0.00044172128811627244
CentroidX: 0.3114
CentroidY: 0.7596
