Location: internet_7.png_Mean-Closing.png
Component: component_1755093286337_175.png
centerX: 0.36275695284159615
centerY: 0.5520387795836897
width: 0.03143893591293833
height: 0.04562303963501568
Area: 0.0004788028595311249
CentroidX: 0.3769
CentroidY: 0.5723
