Location: internet_7.png_Gaussian-Closing.png
Component: component_1755093286218_164.png
centerX: 0.014107214832728738
centerY: 0.5029940119760479
width: 0.027408303103587262
height: 0.04077559167379527
Area: 0.0003146812840605425
CentroidX: 0.0242
CentroidY: 0.5237
