Location: internet_7.png_Otsu.png
Component: component_1755093286048_400.png
centerX: 0.058444175735590485
centerY: 0.3698317650413459
width: 0.02902055622732769
height: 0.04704875962360992
Area: 0.000309854178899643
CentroidX: 0.0721
CentroidY: 0.3931
