Location: Dedata_19.png_Mean-Closing.png
Component: component_1755511661914_2.png
centerX: 0.06814516129032258
centerY: 0.007694499857509262
width: 0.02620967741935484
height: 0.049586776859504134
Area: 0.0005096342124858658
CentroidX: 0.0775
CentroidY: 0.0312
