Location: Dedata_19.png_Otsu.png
Component: component_1755511661608_182.png
centerX: 0.7185483870967742
centerY: 0.24736392134511256
width: 0.024596774193548387
height: 0.05072670276432032
Area: 0.0004948105792478328
CentroidX: 0.7280
CentroidY: 0.2706
