Location: Dedata_19.png_Mean-Closing.png
Component: component_1755511661920_23.png
centerX: 0.9512096774193548
centerY: 0.060701054431461954
width: 0.01935483870967742
height: 0.043032202906811055
Area: 0.00036852241701063623
CentroidX: 0.9598
CentroidY: 0.0804
