Location: internet_7.png_Mean-Closing.png
Component: component_1755093286316_90.png
centerX: 0.9439742039500202
centerY: 0.27601938979184487
width: 0.03788794840790004
height: 0.0504704875962361
Area: 0.000464896199424724
CentroidX: 0.9647
CentroidY: 0.3008
