Location: Dedata_19.png_Gaussian-Median.png
Component: component_1755511661062_58.png
centerX: 0.5604838709677419
centerY: 0.12909660872043316
width: 0.021774193548387097
height: 0.04930179538330009
Area: 0.0004226459151122919
CentroidX: 0.5690
CentroidY: 0.1519
