Location: Dedata_2.png_Gaussian-Closing.png
Component: component_1755523807408_213.png
centerX: 0.24637096774193548
centerY: 0.5685380450270733
width: 0.02217741935483871
height: 0.04588201766885153
Area: 0.00041172928598350787
CentroidX: 0.2549
CentroidY: 0.5899
