Location: Dedata_19.png_Otsu.png
Component: component_1755511661668_399.png
centerX: 0.494758064516129
centerY: 0.8560843545169564
width: 0.024596774193548387
height: 0.047021943573667714
Area: 0.0003848399047610292
CentroidX: 0.5043
CentroidY: 0.8777
