Location: internet_7.png_Mean-Closing.png
Component: component_1755093286329_139.png
centerX: 0.6058041112454655
centerY: 0.4143142286854862
width: 0.028214429665457477
height: 0.043341887653264896
Area: 0.0004751250651228205
CentroidX: 0.6150
CentroidY: 0.4348
