Location: internet_7.png_Mean-Closing.png
Component: component_1755093286344_211.png
centerX: 0.07537283353486497
centerY: 0.6954662104362703
width: 0.028214429665457477
height: 0.044767607641859136
Area: 0.00043466932663147246
CentroidX: 0.0859
CentroidY: 0.7163
