Location: internet_7.png_Mean-Closing.png
Component: component_1755093286325_125.png
centerX: 0.2523176138653769
centerY: 0.3652694610778443
width: 0.03466344216041919
height: 0.04220131166238951
Area: 0.0003690436826582914
CentroidX: 0.2686
CentroidY: 0.3853
