Location: Dedata_2.png_Mean-Medain.png
Component: component_1755523807236_29.png
centerX: 0.48508064516129035
centerY: 0.06725562838415503
width: 0.02903225806451613
height: 0.04075235109717868
Area: 0.0005215850485847453
CentroidX: 0.4983
CentroidY: 0.0852
