Location: internet_7.png_Mean-Medain.png
Component: component_1755093286435_167.png
centerX: 0.8355501813784765
centerY: 0.4816082121471343
width: 0.028617492946392584
height: 0.04875962360992301
Area: 0.0004477714692110568
CentroidX: 0.8454
CentroidY: 0.5045
