Location: Dedata_19.png_Gaussian-Median.png
Component: component_1755511661089_179.png
centerX: 0.29193548387096774
centerY: 0.4482758620689655
width: 0.02338709677419355
height: 0.04616699914505557
Area: 0.00047826326772630747
CentroidX: 0.3009
CentroidY: 0.4698
