Location: Dedata_19.png_Otsu.png
Component: component_1755511661629_272.png
centerX: 0.42983870967741933
centerY: 0.49786263892846966
width: 0.020967741935483872
height: 0.04274722143060701
Area: 0.00041000560770001565
CentroidX: 0.4380
CentroidY: 0.5180
