Location: Dedata_19.png_Gaussian-Closing.png
Component: component_1755511661478_135.png
centerX: 0.33306451612903226
centerY: 0.3248788828726133
width: 0.024193548387096774
height: 0.049016813907096037
Area: 0.000504348265749823
CentroidX: 0.3425
CentroidY: 0.3478
