Location: Dedata_19.png_Mean-Closing.png
Component: component_1755511662028_189.png
centerX: 0.42943548387096775
centerY: 0.4975776574522656
width: 0.021370967741935483
height: 0.04360216585921915
Area: 0.00046838084556761876
CentroidX: 0.4380
CentroidY: 0.5181
