Location: Dedata_19.png_Otsu.png
Component: component_1755511661668_397.png
centerX: 0.5987903225806451
centerY: 0.8503847249928754
width: 0.02217741935483871
height: 0.04075235109717868
Area: 0.00032037433695842027
CentroidX: 0.6080
CentroidY: 0.8691
