Location: Dedata_2.png_Gaussian-Closing.png
Component: component_1755523807431_292.png
centerX: 0.4495967741935484
centerY: 0.7879737817041892
width: 0.024193548387096774
height: 0.04445711028783129
Area: 0.0004658527840851635
CentroidX: 0.4590
CentroidY: 0.8084
