Location: Dedata_19.png_Mean-Closing.png
Component: component_1755511662056_274.png
centerX: 0.4528225806451613
centerY: 0.7403818751781134
width: 0.024193548387096774
height: 0.04588201766885153
Area: 0.0004502247676481674
CentroidX: 0.4617
CentroidY: 0.7615
