Location: Dedata_19.png_Gaussian-Closing.png
Component: component_1755511661478_134.png
centerX: 0.28225806451612906
centerY: 0.32516386434881733
width: 0.024193548387096774
height: 0.049586776859504134
Area: 0.0005220446961270098
CentroidX: 0.2923
CentroidY: 0.3483
