Location: Dedata_19.png_Mean-Closing.png
Component: component_1755511661939_59.png
centerX: 0.4375
centerY: 0.1353662011969222
width: 0.021370967741935483
height: 0.049016813907096037
Area: 0.0004340221917833405
CentroidX: 0.4454
CentroidY: 0.1578
