Location: Dedata_19.png_Otsu.png
Component: component_1755511661594_40.png
centerX: 0.19032258064516128
centerY: 0.07096038757480763
width: 0.022983870967741935
height: 0.048446850954687946
Area: 0.00036162770387666735
CentroidX: 0.1984
CentroidY: 0.0932
