Location: Dedata_19.png_Otsu.png
Component: component_1755511661602_102.png
centerX: 0.7258064516129032
centerY: 0.1846679965802223
width: 0.018145161290322582
height: 0.0262182958107723
Area: 0.00016053190413590858
CentroidX: 0.7336
CentroidY: 0.1990
