Location: Dedata_2.png_Mean-Closing.png
Component: component_1755523807008_268.png
centerX: 0.35604838709677417
centerY: 0.7383870048446851
width: 0.02217741935483871
height: 0.033912795668281565
Area: 0.0002645271605732724
CentroidX: 0.3640
CentroidY: 0.7527
