Location: Dedata_2.png_Gaussian-Closing.png
Component: component_1755523807392_144.png
centerX: 0.567741935483871
centerY: 0.37817041892277004
width: 0.024596774193548387
height: 0.0347677400968937
Area: 0.0003754171301446051
CentroidX: 0.5772
CentroidY: 0.3943
