Location: internet_7.png_Gaussian-Closing.png
Component: component_1755093286220_176.png
centerX: 0.13462313583232569
centerY: 0.5563159395494724
width: 0.027005239822652155
height: 0.047619047619047616
Area: 0.0004619079914679767
CentroidX: 0.1449
CentroidY: 0.5788
