Location: internet_7.png_Mean-Medain.png
Component: component_1755093286425_113.png
centerX: 0.01007658202337767
centerY: 0.3082406615340747
width: 0.03466344216041919
height: 0.049044767607641856
Area: 0.0005306367744731645
CentroidX: 0.0283
CentroidY: 0.3330
