Location: Dedata_2.png_Gaussian-Median.png
Component: component_1755523807147_197.png
centerX: 0.2645161290322581
centerY: 0.5115417497862639
width: 0.027419354838709678
height: 0.03875748076375036
Area: 0.0004127634929536032
CentroidX: 0.2750
CentroidY: 0.5289
