Location: Dedata_2.png_Gaussian-Median.png
Component: component_1755523807166_269.png
centerX: 0.10846774193548388
centerY: 0.6930749501282417
width: 0.025403225806451612
height: 0.042462239954402965
Area: 0.00041781961591851367
CentroidX: 0.1170
CentroidY: 0.7127
