Location: Dedata_19.png_Mean-Closing.png
Component: component_1755511661987_96.png
centerX: 0.8516129032258064
centerY: 0.24308919920205185
width: 0.028225806451612902
height: 0.04930179538330009
Area: 0.000549393724891753
CentroidX: 0.8625
CentroidY: 0.2652
