Location: Dedata_19.png_Mean-Closing.png
Component: component_1755511661936_50.png
centerX: 0.8572580645161291
centerY: 0.12282701624394414
width: 0.01975806451612903
height: 0.0438871473354232
Area: 0.00036806276946837167
CentroidX: 0.8652
CentroidY: 0.1430
