Location: internet_7.png_Mean-Medain.png
Component: component_1755093286442_202.png
centerX: 0.867795243853285
centerY: 0.615340747077274
width: 0.03184199919387344
height: 0.03849443969204448
Area: 0.0003682391651314748
CentroidX: 0.8813
CentroidY: 0.6313
