Location: Dedata_2.png_Mean-Medain.png
Component: component_1755523807277_182.png
centerX: 0.5536290322580645
centerY: 0.49045312054716445
width: 0.028225806451612902
height: 0.04018238814477059
Area: 0.0004573493045532686
CentroidX: 0.5645
CentroidY: 0.5081
