Location: internet_7.png_Otsu.png
Component: component_1755093286029_144.png
centerX: 0.19064893188230553
centerY: 0.1251782149985743
width: 0.03184199919387344
height: 0.03165098374679213
Area: 0.0001937737928875364
CentroidX: 0.2067
CentroidY: 0.1436
