Location: Dedata_19.png_Gaussian-Closing.png
Component: component_1755511661401_35.png
centerX: 0.5036290322580645
centerY: 0.06583072100313479
width: 0.02056451612903226
height: 0.04787688800227985
Area: 0.0003874828781290506
CentroidX: 0.5107
CentroidY: 0.0881
