Location: Dedata_19.png_Gaussian-Closing.png
Component: component_1755511661517_281.png
centerX: 0.4528225806451613
centerY: 0.7403818751781134
width: 0.02379032258064516
height: 0.04588201766885153
Area: 0.00042873624504729776
CentroidX: 0.4617
CentroidY: 0.7616
