Location: Dedata_2.png_Mean-Medain.png
Component: component_1755523807293_262.png
centerX: 0.06330645161290323
centerY: 0.6956397834140781
width: 0.024193548387096774
height: 0.04673696209746366
Area: 0.0004734369685325293
CentroidX: 0.0721
CentroidY: 0.7179
