Location: Dedata_2.png_Mean-Medain.png
Component: component_1755523807259_111.png
centerX: 0.3149193548387097
centerY: 0.2838415502992305
width: 0.03306451612903226
height: 0.04474209176403534
Area: 0.0005899576204966032
CentroidX: 0.3284
CentroidY: 0.3037
