Location: Dedata_2.png_Mean-Medain.png
Component: component_1755523807269_148.png
centerX: 0.21895161290322582
centerY: 0.3969791963522371
width: 0.03346774193548387
height: 0.04474209176403534
Area: 0.0006074242271026577
CentroidX: 0.2338
CentroidY: 0.4177
