Location: Dedata_19.png_Gaussian-Median.png
Component: component_1755511661067_82.png
centerX: 0.5580645161290323
centerY: 0.18951268167569107
width: 0.020967741935483872
height: 0.04930179538330009
Area: 0.00035289440057364015
CentroidX: 0.5667
CentroidY: 0.2126
