Location: Dedata_19.png_Gaussian-Closing.png
Component: component_1755511661450_94.png
centerX: 0.09959677419354838
centerY: 0.2017668851524651
width: 0.02056451612903226
height: 0.04787688800227985
Area: 0.000418049439689646
CentroidX: 0.1071
CentroidY: 0.2243
