Location: Dedata_2.png_Gaussian-Median.png
Component: component_1755523807150_214.png
centerX: 0.4899193548387097
centerY: 0.5454545454545454
width: 0.024193548387096774
height: 0.04103733257338273
Area: 0.0003989740666856654
CentroidX: 0.4992
CentroidY: 0.5644
