Location: Dedata_2.png_Gaussian-Closing.png
Component: component_1755523807415_238.png
centerX: 0.8221774193548387
centerY: 0.6326588771729837
width: 0.02217741935483871
height: 0.039042462239954404
Area: 0.0003708206547219592
CentroidX: 0.8307
CentroidY: 0.6514
