Location: Dedata_2.png_Mean-Medain.png
Component: component_1755523807293_260.png
centerX: 0.10846774193548388
centerY: 0.6927899686520376
width: 0.025403225806451612
height: 0.04274722143060701
Area: 0.00044045725737504483
CentroidX: 0.1171
CentroidY: 0.7126
