Location: internet_7.png_Otsu.png
Component: component_1755093286035_299.png
centerX: 0.23901652559451833
centerY: 0.18249215854006273
width: 0.042724707779121324
height: 0.046763615625891077
Area: 0.0005941936590916744
CentroidX: 0.2586
CentroidY: 0.2052
