Location: Dedata_19.png_Gaussian-Closing.png
Component: component_1755511661426_63.png
centerX: 0.3504032258064516
centerY: 0.1359361641493303
width: 0.020161290322580645
height: 0.05072670276432032
Area: 0.00043459675121117127
CentroidX: 0.3585
CentroidY: 0.1599
