Location: Dedata_19.png_Gaussian-Median.png
Component: component_1755511661153_330.png
centerX: 0.4443548387096774
centerY: 0.8657737247078939
width: 0.02661290322580645
height: 0.04132231404958678
Area: 0.000418049439689646
CentroidX: 0.4545
CentroidY: 0.8847
