Location: Dedata_2.png_Gaussian-Closing.png
Component: component_1755523807409_215.png
centerX: 0.8709677419354839
centerY: 0.5748076375035622
width: 0.024193548387096774
height: 0.04189227700199487
Area: 0.0003931135605217919
CentroidX: 0.8802
CentroidY: 0.5941
