Location: internet_7.png_Mean-Medain.png
Component: component_1755093286436_170.png
centerX: 0.4893188230552197
centerY: 0.48502994011976047
width: 0.026602176541717048
height: 0.04419731964642144
Area: 0.00041041886975171554
CentroidX: 0.5010
CentroidY: 0.5056
