Location: Dedata_19.png_Gaussian-Median.png
Component: component_1755511661073_112.png
centerX: 0.4407258064516129
centerY: 0.2567683100598461
width: 0.02379032258064516
height: 0.04673696209746366
Area: 0.00047194311402016934
CentroidX: 0.4497
CentroidY: 0.2783
