Location: Dedata_19.png_Mean-Closing.png
Component: component_1755511662039_221.png
centerX: 0.9040322580645161
centerY: 0.5993160444571103
width: 0.028629032258064516
height: 0.03818751781134226
Area: 0.00043448183932560513
CentroidX: 0.9158
CentroidY: 0.6174
