Location: Dedata_19.png_Gaussian-Median.png
Component: component_1755511661076_124.png
centerX: 0.95
centerY: 0.2983756055856369
width: 0.025403225806451612
height: 0.045597036192647475
Area: 0.0004629799869460098
CentroidX: 0.9593
CentroidY: 0.3193
