Location: internet_7.png_Mean-Closing.png
Component: component_1755093286320_107.png
centerX: 0.27448609431680776
centerY: 0.3048189335614485
width: 0.036275695284159616
height: 0.04590818363273453
Area: 0.0004678844073814713
CentroidX: 0.2937
CentroidY: 0.3268
