Location: internet_7.png_Gaussian-Closing.png
Component: component_1755093286219_172.png
centerX: 0.48770656993147926
centerY: 0.5508982035928144
width: 0.030229746070133012
height: 0.04419731964642144
Area: 0.00041869390717040036
CentroidX: 0.5015
CentroidY: 0.5698
