Location: internet_7.png_Otsu.png
Component: component_1755093286091_839.png
centerX: 0.52801289802499
centerY: 0.6213287710293698
width: 0.039500201531640466
height: 0.04733390362132877
Area: 0.00041363693985898187
CentroidX: 0.5422
CentroidY: 0.6401
