Location: Dedata_19.png_Mean-Closing.png
Component: component_1755511661982_87.png
centerX: 0.1443548387096774
centerY: 0.19806212596181247
width: 0.018951612903225806
height: 0.0481618694784839
Area: 0.0004010424806258561
CentroidX: 0.1517
CentroidY: 0.2211
