Location: Dedata_2.png_Gaussian-Closing.png
Component: component_1755523807421_260.png
centerX: 0.8088709677419355
centerY: 0.6902251353662012
width: 0.022983870967741935
height: 0.04360216585921915
Area: 0.0004298853639029592
CentroidX: 0.8179
CentroidY: 0.7103
