Location: Dedata_2.png_Gaussian-Median.png
Component: component_1755523807120_57.png
centerX: 0.33145161290322583
centerY: 0.12054716443431177
width: 0.03346774193548387
height: 0.04588201766885153
Area: 0.0005476700466082608
CentroidX: 0.3442
CentroidY: 0.1419
