Location: Dedata_19.png_Otsu.png
Component: component_1755511661599_67.png
centerX: 0.1032258064516129
centerY: 0.13764605300655458
width: 0.018951612903225806
height: 0.049586776859504134
Area: 0.0003241664291821032
CentroidX: 0.1107
CentroidY: 0.1613
