Location: Dedata_2.png_Mean-Closing.png
Component: component_1755523806983_190.png
centerX: 0.8689516129032258
centerY: 0.5218010829296096
width: 0.025
height: 0.038472499287546306
Area: 0.0004311493946441868
CentroidX: 0.8785
CentroidY: 0.5390
