Location: Dedata_19.png_Gaussian-Closing.png
Component: component_1755511661519_286.png
centerX: 0.24274193548387096
centerY: 0.7569108007979481
width: 0.02258064516129032
height: 0.04417212881162724
Area: 0.0004009275687402899
CentroidX: 0.2515
CentroidY: 0.7779
