Location: internet_7.png_Gaussian-Closing.png
Component: component_1755093286183_27.png
centerX: 0.4183796856106409
centerY: 0.07043056743655546
width: 0.03829101168883515
height: 0.04733390362132877
Area: 0.00037547982287282404
CentroidX: 0.4326
CentroidY: 0.0931
