Location: Samociqulo_1709_page_10.png_Gaussian-Median.png
Component: component_1755610056188_1783.png
centerX: 0.2864864864864865
centerY: 0.38375
width: 0.016707616707616706
height: 0.013125
Area: 0.00013375307125307125
CentroidX: 0.2945
CentroidY: 0.3905
