Location: Dedata_19.png_Gaussian-Closing.png
Component: component_1755511661414_40.png
centerX: 0.3758064516129032
centerY: 0.06754060986035908
width: 0.01975806451612903
height: 0.04987175833570818
Area: 0.000395526710118681
CentroidX: 0.3828
CentroidY: 0.0910
