Location: Dedata_19.png_Gaussian-Closing.png
Component: component_1755511661513_265.png
centerX: 0.20201612903225807
centerY: 0.6930749501282417
width: 0.024596774193548387
height: 0.04787688800227985
Area: 0.00045551071438421016
CentroidX: 0.2113
CentroidY: 0.7158
