Location: Dedata_19.png_Mean-Closing.png
Component: component_1755511662018_156.png
centerX: 0.0657258064516129
centerY: 0.39355941863778854
width: 0.022983870967741935
height: 0.04588201766885153
Area: 0.0005018202042673678
CentroidX: 0.0745
CentroidY: 0.4151
