Location: internet_7.png_Mean-Medain.png
Component: component_1755093286435_165.png
centerX: 0.6727126158806933
centerY: 0.4810379241516966
width: 0.03385731559854897
height: 0.0504704875962361
Area: 0.00046328716437109085
CentroidX: 0.6877
CentroidY: 0.5044
