Location: Dedata_19.png_Gaussian-Median.png
Component: component_1755511661106_238.png
centerX: 0.5540322580645162
centerY: 0.6189797663151895
width: 0.02903225806451613
height: 0.047591906526075804
Area: 0.00050354388255086
CentroidX: 0.5649
CentroidY: 0.6418
