Location: Dedata_2.png_Mean-Closing.png
Component: component_1755523806903_71.png
centerX: 0.11330645161290323
centerY: 0.1775434596751211
width: 0.02903225806451613
height: 0.0438871473354232
Area: 0.000559505970821574
CentroidX: 0.1242
CentroidY: 0.1979
