Location: Dedata_19.png_Otsu.png
Component: component_1755511661623_249.png
centerX: 0.5221774193548387
centerY: 0.4351667141635794
width: 0.02620967741935484
height: 0.04531205471644343
Area: 0.0004829746550345195
CentroidX: 0.5327
CentroidY: 0.4553
