Location: Dedata_2.png_Mean-Medain.png
Component: component_1755523807238_39.png
centerX: 0.8354838709677419
centerY: 0.10886292390994586
width: 0.037096774193548385
height: 0.04103733257338273
Area: 0.0005411200691309904
CentroidX: 0.8534
CentroidY: 0.1271
