Location: Dedata_19.png_Otsu.png
Component: component_1755511661621_239.png
centerX: 0.06612903225806452
centerY: 0.3938444001139926
width: 0.02258064516129032
height: 0.045027073240239385
Area: 0.00045137388650382887
CentroidX: 0.0745
CentroidY: 0.4150
