Location: Dedata_2.png_Mean-Closing.png
Component: component_1755523807008_269.png
centerX: 0.30201612903225805
centerY: 0.7392419492732972
width: 0.024596774193548387
height: 0.04331718438301511
Area: 0.00046596769597072963
CentroidX: 0.3115
CentroidY: 0.7596
