Location: Dedata_19.png_Otsu.png
Component: component_1755511661589_19.png
centerX: 0.507258064516129
centerY: 0.012254203476774009
width: 0.02258064516129032
height: 0.04075235109717868
Area: 0.0003533540481159047
CentroidX: 0.5169
CentroidY: 0.0300
