Location: Dedata_19.png_Mean-Closing.png
Component: component_1755511662055_272.png
centerX: 0.5423387096774194
centerY: 0.737532060416073
width: 0.02217741935483871
height: 0.04160729552579082
Area: 0.0004012723043969884
CentroidX: 0.5510
CentroidY: 0.7570
