Location: Dedata_2.png_Mean-Medain.png
Component: component_1755523807288_236.png
centerX: 0.8221774193548387
centerY: 0.6326588771729837
width: 0.022983870967741935
height: 0.039042462239954404
Area: 0.00039977844988462846
CentroidX: 0.8306
CentroidY: 0.6513
