Location: Dedata_2.png_Mean-Closing.png
Component: component_1755523806944_150.png
centerX: 0.11693548387096774
centerY: 0.40638358506697064
width: 0.028225806451612902
height: 0.0438871473354232
Area: 0.000555598966712325
CentroidX: 0.1285
CentroidY: 0.4272
