Location: Dedata_2.png_Mean-Closing.png
Component: component_1755523806942_145.png
centerX: 0.32217741935483873
centerY: 0.3927044742091764
width: 0.024193548387096774
height: 0.036477628954117984
Area: 0.000418049439689646
CentroidX: 0.3317
CentroidY: 0.4090
