Location: Dedata_19.png_Mean-Closing.png
Component: component_1755511662063_299.png
centerX: 0.33830645161290324
centerY: 0.8104873183243089
width: 0.021370967741935483
height: 0.04445711028783129
Area: 0.0004205775011721012
CentroidX: 0.3473
CentroidY: 0.8317
