Location: Dedata_19.png_Gaussian-Median.png
Component: component_1755511661064_66.png
centerX: 0.1028225806451613
centerY: 0.13707609005414648
width: 0.01975806451612903
height: 0.050441721288116276
Area: 0.00043907831474825104
CentroidX: 0.1105
CentroidY: 0.1615
