Location: internet_7.png_Mean-Medain.png
Component: component_1755093286434_162.png
centerX: 0.8915759774284563
centerY: 0.47790134017678926
width: 0.025796049979846837
height: 0.045337895637296836
Area: 0.000375020098571786
CentroidX: 0.9015
CentroidY: 0.4992
