Location: Dedata_2.png_Gaussian-Closing.png
Component: component_1755523807413_234.png
centerX: 0.9149193548387097
centerY: 0.6266742661726987
width: 0.024193548387096774
height: 0.04217725847819892
Area: 0.00039414776749188723
CentroidX: 0.9241
CentroidY: 0.6465
