Location: internet_7.png_Mean-Closing.png
Component: component_1755093286351_245.png
centerX: 0.3708182184602983
centerY: 0.823781009409752
width: 0.029423619508262798
height: 0.03706871970345024
Area: 0.0003712273730882221
CentroidX: 0.3826
CentroidY: 0.8406
