Location: Dedata_19.png_Otsu.png
Component: component_1755511661587_11.png
centerX: 0.6028225806451613
centerY: 0.01054431461954973
width: 0.024193548387096774
height: 0.045597036192647475
Area: 0.00037783027974149424
CentroidX: 0.6123
CentroidY: 0.0305
