Location: internet_7.png_Mean-Medain.png
Component: component_1755093286451_245.png
centerX: 0.4312777106005643
centerY: 0.75990875392073
width: 0.027005239822652155
height: 0.04505275163957799
Area: 0.00046121840501641965
CentroidX: 0.4425
CentroidY: 0.7812
