Location: Paraklitoni_1720_page_10.png_Mean-Medain.png
Component: component_1755610055272_641.png
centerX: 0.3475609756097561
centerY: 0.23759398496240602
width: 0.010670731707317074
height: 0.014536340852130326
Area: 7.220795892169449e-05
CentroidX: 0.3524
CentroidY: 0.2448
