Location: Dedata_19.png_Gaussian-Median.png
Component: component_1755511661082_147.png
centerX: 0.8467741935483871
centerY: 0.3593616414933029
width: 0.024596774193548387
height: 0.045027073240239385
Area: 0.0004610264848913853
CentroidX: 0.8566
CentroidY: 0.3800
