Location: Dedata_19.png_Gaussian-Median.png
Component: component_1755511661115_269.png
centerX: 0.15604838709677418
centerY: 0.6973496722713024
width: 0.02379032258064516
height: 0.04588201766885153
Area: 0.000445283556568823
CentroidX: 0.1656
CentroidY: 0.7193
