Location: Dedata_2.png_Gaussian-Median.png
Component: component_1755523807173_299.png
centerX: 0.4959677419354839
centerY: 0.7814192077514962
width: 0.025403225806451612
height: 0.04474209176403534
Area: 0.0004773439726417783
CentroidX: 0.5055
CentroidY: 0.8028
