Location: Dedata_19.png_Gaussian-Median.png
Component: component_1755511661135_306.png
centerX: 0.47016129032258064
centerY: 0.8010829296095754
width: 0.021370967741935483
height: 0.04417212881162724
Area: 0.0004136827880381324
CentroidX: 0.4783
CentroidY: 0.8219
