Location: Dedata_2.png_Mean-Medain.png
Component: component_1755523807290_247.png
centerX: 0.5403225806451613
centerY: 0.6568823026503278
width: 0.02379032258064516
height: 0.040467369620974636
Area: 0.000434366927440039
CentroidX: 0.5499
CentroidY: 0.6750
