Location: Dedata_2.png_Mean-Medain.png
Component: component_1755523807268_139.png
centerX: 0.7129032258064516
centerY: 0.3676261043032203
width: 0.025806451612903226
height: 0.0347677400968937
Area: 0.0004003530093124592
CentroidX: 0.7230
CentroidY: 0.3833
