Location: Dedata_2.png_Gaussian-Median.png
Component: component_1755523807142_168.png
centerX: 0.714516129032258
centerY: 0.42291251068680535
width: 0.025403225806451612
height: 0.03676261043032203
Area: 0.00036599435552818097
CentroidX: 0.7235
CentroidY: 0.4395
