Location: internet_7.png_Mean-Closing.png
Component: component_1755093286342_203.png
centerX: 0.58484482063684
centerY: 0.6863416025092672
width: 0.03184199919387344
height: 0.04419731964642144
Area: 0.0004317960497499847
CentroidX: 0.5979
CentroidY: 0.7069
