Location: internet_7.png_Gaussian-Closing.png
Component: component_1755093286196_78.png
centerX: 0.6174929463925837
centerY: 0.23410322212717422
width: 0.03990326481257558
height: 0.04590818363273453
Area: 0.0005130523199584593
CentroidX: 0.6363
CentroidY: 0.2568
