Location: Dedata_2.png_Mean-Closing.png
Component: component_1755523806925_123.png
centerX: 0.3975806451612903
centerY: 0.3322884012539185
width: 0.034274193548387094
height: 0.040467369620974636
Area: 0.0005526112576876051
CentroidX: 0.4114
CentroidY: 0.3490
