Location: Dedata_19.png_Otsu.png
Component: component_1755511661608_179.png
centerX: 0.7641129032258065
centerY: 0.2467939583927045
width: 0.028225806451612902
height: 0.049586776859504134
Area: 0.0004981430239292511
CentroidX: 0.7745
CentroidY: 0.2687
