Location: Dedata_19.png_Mean-Closing.png
Component: component_1755511662047_240.png
centerX: 0.01975806451612903
centerY: 0.6480478768880022
width: 0.027822580645161292
height: 0.04616699914505557
Area: 0.0005072210628889768
CentroidX: 0.0298
CentroidY: 0.6696
