Location: Dedata_2.png_Gaussian-Median.png
Component: component_1755523807168_277.png
centerX: 0.5423387096774194
centerY: 0.7138785978911371
width: 0.01935483870967742
height: 0.04189227700199487
Area: 0.00038070307688064793
CentroidX: 0.5497
CentroidY: 0.7333
