Location: internet_7.png_Mean-Closing.png
Component: component_1755093286338_182.png
centerX: 0.8077388149939541
centerY: 0.6113487311092102
width: 0.032245062474808545
height: 0.04362703165098375
Area: 0.00042467032308389496
CentroidX: 0.8221
CentroidY: 0.6310
