Location: Dedata_19.png_Gaussian-Median.png
Component: component_1755511661117_277.png
centerX: 0.7540322580645161
centerY: 0.7221430607010544
width: 0.024193548387096774
height: 0.04189227700199487
Area: 0.0003936881199496226
CentroidX: 0.7634
CentroidY: 0.7419
