Location: Dedata_2.png_Mean-Medain.png
Component: component_1755523807252_76.png
centerX: 0.018145161290322582
centerY: 0.1860929039612425
width: 0.02661290322580645
height: 0.039042462239954404
Area: 0.0004680361099109203
CentroidX: 0.0286
CentroidY: 0.2042
