Location: Dedata_2.png_Gaussian-Closing.png
Component: component_1755523807362_8.png
centerX: 0.5096774193548387
centerY: 0.008549444286121402
width: 0.027419354838709678
height: 0.04531205471644343
Area: 0.000575019075373004
CentroidX: 0.5222
CentroidY: 0.0291
