Location: internet_7.png_Gaussian-Closing.png
Component: component_1755093286199_93.png
centerX: 0.8153970173317211
centerY: 0.281437125748503
width: 0.029423619508262798
height: 0.04733390362132877
Area: 0.0003999601419031
CentroidX: 0.8298
CentroidY: 0.3038
