Location: Dedata_19.png_Gaussian-Closing.png
Component: component_1755511661368_13.png
centerX: 0.2068548387096774
centerY: 0.009974351667141636
width: 0.02056451612903226
height: 0.04132231404958678
Area: 0.0003645005010158211
CentroidX: 0.2148
CentroidY: 0.0299
