Location: Dedata_2.png_Gaussian-Median.png
Component: component_1755523807111_14.png
centerX: 0.3995967741935484
centerY: 0.009404388714733543
width: 0.024596774193548387
height: 0.04531205471644343
Area: 0.0005022798518096324
CentroidX: 0.4097
CentroidY: 0.0292
