Location: Dedata_19.png_Gaussian-Closing.png
Component: component_1755511661424_60.png
centerX: 0.4790322580645161
centerY: 0.1336563123396979
width: 0.020967741935483872
height: 0.047021943573667714
Area: 0.00039127497035273354
CentroidX: 0.4875
CentroidY: 0.1555
