Location: Dedata_2.png_Mean-Closing.png
Component: component_1755523807015_294.png
centerX: 0.11612903225806452
centerY: 0.8184667996580223
width: 0.021370967741935483
height: 0.04274722143060701
Area: 0.000461601044319216
CentroidX: 0.1249
CentroidY: 0.8384
