Location: Dedata_19.png_Gaussian-Closing.png
Component: component_1755511661433_80.png
centerX: 0.6419354838709678
centerY: 0.1860929039612425
width: 0.01975806451612903
height: 0.04787688800227985
Area: 0.00034462074481287746
CentroidX: 0.6493
CentroidY: 0.2086
