Location: Dedata_2.png_Mean-Closing.png
Component: component_1755523807003_242.png
centerX: 0.5875
centerY: 0.6546024508406953
width: 0.027016129032258064
height: 0.042462239954402965
Area: 0.0004559703619264748
CentroidX: 0.5976
CentroidY: 0.6741
