Location: Dedata_2.png_Mean-Medain.png
Component: component_1755523807258_102.png
centerX: 0.6375
centerY: 0.27158734682245655
width: 0.029838709677419355
height: 0.04160729552579082
Area: 0.0005492788130061868
CentroidX: 0.6509
CentroidY: 0.2900
