Location: Dedata_2.png_Mean-Medain.png
Component: component_1755523807237_36.png
centerX: 0.06612903225806452
centerY: 0.07324023938444
width: 0.027016129032258064
height: 0.04132231404958678
Area: 0.0005028544112374631
CentroidX: 0.0778
CentroidY: 0.0921
