Location: Dedata_2.png_Mean-Closing.png
Component: component_1755523806986_191.png
centerX: 0.1125
centerY: 0.5229410088344257
width: 0.025
height: 0.03875748076375036
Area: 0.0004264380073359748
CentroidX: 0.1220
CentroidY: 0.5409
