Location: internet_7.png_Mean-Closing.png
Component: component_1755093286300_19.png
centerX: 0.7267230955259976
centerY: 0.061305959509552324
width: 0.03305118903667876
height: 0.047619047619047616
Area: 0.00038375486029150886
CentroidX: 0.7391
CentroidY: 0.0835
