Location: Dedata_2.png_Mean-Medain.png
Component: component_1755523807289_239.png
centerX: 0.10766129032258065
centerY: 0.6377885437446565
width: 0.025806451612903226
height: 0.039612425192362494
Area: 0.00042207135568446115
CentroidX: 0.1170
CentroidY: 0.6557
