Location: internet_7.png_Mean-Closing.png
Component: component_1755093286345_218.png
centerX: 0.675130995566304
centerY: 0.7564870259481038
width: 0.032648125755743655
height: 0.045337895637296836
Area: 0.00040329314308562586
CentroidX: 0.6869
CentroidY: 0.7788
