Location: Dedata_2.png_Mean-Medain.png
Component: component_1755523807269_146.png
centerX: 0.3689516129032258
centerY: 0.38928469649472786
width: 0.027419354838709678
height: 0.04018238814477059
Area: 0.00045953263037902536
CentroidX: 0.3798
CentroidY: 0.4071
