Location: internet_7.png_Otsu.png
Component: component_1755093286058_700.png
centerX: 0.24586860137041516
centerY: 0.49272882805816937
width: 0.028214429665457477
height: 0.04875962360992301
Area: 0.0002783630642785368
CentroidX: 0.2585
CentroidY: 0.5116
