Location: internet_7.png_Mean-Closing.png
Component: component_1755093286318_98.png
centerX: 0.611446997178557
centerY: 0.29597946963216426
width: 0.039500201531640466
height: 0.04562303963501568
Area: 0.0004471968138347592
CentroidX: 0.6319
CentroidY: 0.3173
