Location: internet_7.png_Otsu.png
Component: component_1755093286031_155.png
centerX: 0.46634421604191856
centerY: 0.1277445109780439
width: 0.032245062474808545
height: 0.033932135728542916
Area: 0.00015251353686937175
CentroidX: 0.4830
CentroidY: 0.1434
