Location: Dedata_19.png_Gaussian-Median.png
Component: component_1755511661107_243.png
centerX: 0.32903225806451614
centerY: 0.6312339697919636
width: 0.024193548387096774
height: 0.04673696209746366
Area: 0.0004632098107171421
CentroidX: 0.3388
CentroidY: 0.6539
