Location: internet_7.png_Otsu.png
Component: component_1755093286079_823.png
centerX: 0.48810963321241435
centerY: 0.5508982035928144
width: 0.029826682789197905
height: 0.04419731964642144
Area: 0.00039628234749479566
CentroidX: 0.5016
CentroidY: 0.5696
