Location: Dedata_19.png_Mean-Closing.png
Component: component_1755511662040_227.png
centerX: 0.6064516129032258
centerY: 0.6144200626959248
width: 0.025403225806451612
height: 0.04730692504987176
Area: 0.000512162273968321
CentroidX: 0.6170
CentroidY: 0.6370
