Location: Dedata_2.png_Gaussian-Median.png
Component: component_1755523807159_242.png
centerX: 0.9149193548387097
centerY: 0.6266742661726987
width: 0.024596774193548387
height: 0.04217725847819892
Area: 0.0003936881199496226
CentroidX: 0.9241
CentroidY: 0.6465
