Location: Dedata_2.png_Mean-Closing.png
Component: component_1755523807015_295.png
centerX: 0.06814516129032258
centerY: 0.823026503277287
width: 0.024596774193548387
height: 0.04417212881162724
Area: 0.0004792974746964028
CentroidX: 0.0781
CentroidY: 0.8438
