Location: Dedata_19.png_Gaussian-Closing.png
Component: component_1755511661446_90.png
centerX: 0.1443548387096774
centerY: 0.19806212596181247
width: 0.018951612903225806
height: 0.0481618694784839
Area: 0.0003858741117311246
CentroidX: 0.1517
CentroidY: 0.2212
