Location: Dedata_19.png_Gaussian-Closing.png
Component: component_1755511661509_249.png
centerX: 0.8754032258064516
centerY: 0.6546024508406953
width: 0.024193548387096774
height: 0.0438871473354232
Area: 0.0004019617757103853
CentroidX: 0.8849
CentroidY: 0.6755
