Location: internet_7.png_Gaussian-Closing.png
Component: component_1755093286186_36.png
centerX: 0.8174123337363967
centerY: 0.11633875106929
width: 0.037081821846029824
height: 0.0427715996578272
Area: 0.0004659305791020596
CentroidX: 0.8344
CentroidY: 0.1378
