Location: Dedata_19.png_Gaussian-Median.png
Component: component_1755511661056_36.png
centerX: 0.7516129032258064
centerY: 0.06554573952693075
width: 0.021774193548387097
height: 0.04417212881162724
Area: 0.0003686373288962024
CentroidX: 0.7594
CentroidY: 0.0860
