Location: Dedata_2.png_Mean-Closing.png
Component: component_1755523806883_3.png
centerX: 0.8036290322580645
centerY: 0.006554573952693075
width: 0.035483870967741936
height: 0.04417212881162724
Area: 0.0005948988315759476
CentroidX: 0.8165
CentroidY: 0.0266
