Location: internet_7.png_Gaussian-Closing.png
Component: component_1755093286181_20.png
centerX: 0.664248286981056
centerY: 0.06216139150270887
width: 0.03426037887948408
height: 0.046193327630453376
Area: 0.0003591596101859734
CentroidX: 0.6778
CentroidY: 0.0833
