Location: Dedata_2.png_Gaussian-Closing.png
Component: component_1755523807409_219.png
centerX: 0.1504032258064516
centerY: 0.5779424337418068
width: 0.01935483870967742
height: 0.04160729552579082
Area: 0.00037576186580130354
CentroidX: 0.1577
CentroidY: 0.5966
