Location: Dedata_19.png_Mean-Closing.png
Component: component_1755511662022_174.png
centerX: 0.1504032258064516
centerY: 0.45397549159304645
width: 0.02338709677419355
height: 0.04616699914505557
Area: 0.0005057272083766168
CentroidX: 0.1595
CentroidY: 0.4756
