Location: Dedata_2.png_Gaussian-Closing.png
Component: component_1755523807361_6.png
centerX: 0.9306451612903226
centerY: 0.006839555428897122
width: 0.02943548387096774
height: 0.04103733257338273
Area: 0.0005021649399240662
CentroidX: 0.9425
CentroidY: 0.0251
