Location: Dedata_19.png_Otsu.png
Component: component_1755511661637_304.png
centerX: 0.9048387096774193
centerY: 0.5996010259333143
width: 0.027822580645161292
height: 0.03761755485893417
Area: 0.0003809329006517802
CentroidX: 0.9158
CentroidY: 0.6174
