Location: Dedata_2.png_Mean-Closing.png
Component: component_1755523806962_165.png
centerX: 0.30524193548387096
centerY: 0.4534055286406384
width: 0.025
height: 0.039612425192362494
Area: 0.00044792652993684443
CentroidX: 0.3154
CentroidY: 0.4715
