Location: Dedata_19.png_Mean-Closing.png
Component: component_1755511661917_11.png
centerX: 0.6024193548387097
centerY: 0.009974351667141636
width: 0.025
height: 0.04645198062125962
Area: 0.0004464326754244845
CentroidX: 0.6124
CentroidY: 0.0305
