Location: Dedata_19.png_Gaussian-Closing.png
Component: component_1755511661470_110.png
centerX: 0.4407258064516129
centerY: 0.2567683100598461
width: 0.02379032258064516
height: 0.04645198062125962
Area: 0.00047171329024903706
CentroidX: 0.4497
CentroidY: 0.2783
