Location: Dedata_19.png_Mean-Closing.png
Component: component_1755511661929_41.png
centerX: 0.18991935483870967
centerY: 0.07039042462239954
width: 0.02379032258064516
height: 0.04930179538330009
Area: 0.0004317239540720176
CentroidX: 0.1983
CentroidY: 0.0933
