Location: internet_7.png_Otsu.png
Component: component_1755093286109_975.png
centerX: 0.4316807738814994
centerY: 0.7601938979184488
width: 0.026602176541717048
height: 0.04362703165098375
Area: 0.00032157714857611314
CentroidX: 0.4426
CentroidY: 0.7801
