Location: Dedata_19.png_Mean-Closing.png
Component: component_1755511662017_153.png
centerX: 0.11008064516129032
centerY: 0.39013964092333997
width: 0.025806451612903226
height: 0.04673696209746366
Area: 0.000519861370301253
CentroidX: 0.1197
CentroidY: 0.4126
