Location: Dedata_2.png_Mean-Medain.png
Component: component_1755523807309_296.png
centerX: 0.21169354838709678
centerY: 0.8110572812767171
width: 0.025403225806451612
height: 0.04588201766885153
Area: 0.0005518068744886422
CentroidX: 0.2231
CentroidY: 0.8329
