Location: internet_7.png_Gaussian-Closing.png
Component: component_1755093286190_56.png
centerX: 0.8065296251511487
centerY: 0.17194183062446536
width: 0.04312777106005643
height: 0.04647847162817223
Area: 0.00059051586468337
CentroidX: 0.8303
CentroidY: 0.1949
