Location: Dedata_19.png_Mean-Closing.png
Component: component_1755511661932_44.png
centerX: 0.05524193548387097
centerY: 0.07153035052721574
width: 0.024596774193548387
height: 0.0481618694784839
Area: 0.00046137122054808373
CentroidX: 0.0645
CentroidY: 0.0943
