Location: Dedata_19.png_Gaussian-Closing.png
Component: component_1755511661472_117.png
centerX: 0.11088709677419355
centerY: 0.26332288401253917
width: 0.021774193548387097
height: 0.049586776859504134
Area: 0.0004894097206262238
CentroidX: 0.1194
CentroidY: 0.2865
