Location: Dedata_2.png_Mean-Closing.png
Component: component_1755523807001_233.png
centerX: 0.8221774193548387
centerY: 0.6326588771729837
width: 0.02258064516129032
height: 0.039042462239954404
Area: 0.00040000827365576074
CentroidX: 0.8306
CentroidY: 0.6513
