Location: internet_7.png_Mean-Medain.png
Component: component_1755093286443_206.png
centerX: 0.5276098347440548
centerY: 0.621043627031651
width: 0.04030632809351068
height: 0.04790419161676647
Area: 0.0005129373888831998
CentroidX: 0.5416
CentroidY: 0.6410
