Location: Dedata_2.png_Mean-Medain.png
Component: component_1755523807241_50.png
centerX: 0.33145161290322583
centerY: 0.12026218295810773
width: 0.03306451612903226
height: 0.04616699914505557
Area: 0.0005757085466864009
CentroidX: 0.3443
CentroidY: 0.1417
