Location: Dedata_2.png_Gaussian-Median.png
Component: component_1755523807118_49.png
centerX: 0.6709677419354839
centerY: 0.11256768310059846
width: 0.034274193548387094
height: 0.04189227700199487
Area: 0.0005231938149826713
CentroidX: 0.6856
CentroidY: 0.1303
