Location: Dedata_19.png_Otsu.png
Component: component_1755511661666_390.png
centerX: 0.9294354838709677
centerY: 0.8310059846110003
width: 0.02379032258064516
height: 0.040467369620974636
Area: 0.00031221559308322377
CentroidX: 0.9380
CentroidY: 0.8503
