Location: Dedata_19.png_Otsu.png
Component: component_1755511661650_344.png
centerX: 0.07701612903225806
centerY: 0.7067540609860359
width: 0.020967741935483872
height: 0.04018238814477059
Area: 0.0003062401750337841
CentroidX: 0.0849
CentroidY: 0.7268
