Location: Dedata_19.png_Gaussian-Median.png
Component: component_1755511661116_271.png
centerX: 0.07701612903225806
centerY: 0.7061840980336278
width: 0.021370967741935483
height: 0.04132231404958678
Area: 0.0003441610972706129
CentroidX: 0.0849
CentroidY: 0.7269
