Location: Dedata_19.png_Otsu.png
Component: component_1755511661621_240.png
centerX: 0.9379032258064516
centerY: 0.41265317754345965
width: 0.025403225806451612
height: 0.04103733257338273
Area: 0.0004049494847351051
CentroidX: 0.9471
CentroidY: 0.4316
