Location: internet_7.png_Mean-Medain.png
Component: component_1755093286432_147.png
centerX: 0.3970173317210802
centerY: 0.41659538066723695
width: 0.036275695284159616
height: 0.05075563159395495
Area: 0.0004101890076011965
CentroidX: 0.4154
CentroidY: 0.4406
