Location: internet_7.png_Mean-Closing.png
Component: component_1755093286300_22.png
centerX: 0.6062071745264006
centerY: 0.06358711149130311
width: 0.03466344216041919
height: 0.04704875962360992
Area: 0.0003631821978200563
CentroidX: 0.6208
CentroidY: 0.0861
