Location: Dedata_2.png_Gaussian-Median.png
Component: component_1755523807170_285.png
centerX: 0.847983870967742
centerY: 0.7512111712738672
width: 0.029838709677419355
height: 0.04645198062125962
Area: 0.0005114728026549242
CentroidX: 0.8605
CentroidY: 0.7722
