Location: internet_7.png_Mean-Closing.png
Component: component_1755093286319_103.png
centerX: 0.11406690850463523
centerY: 0.30424864556601083
width: 0.03305118903667876
height: 0.05075563159395495
Area: 0.0005033981096366604
CentroidX: 0.1300
CentroidY: 0.3307
