Location: Dedata_2.png_Mean-Medain.png
Component: component_1755523807244_59.png
centerX: 0.8076612903225806
centerY: 0.15616984895981761
width: 0.02943548387096774
height: 0.043032202906811055
Area: 0.0005345700916537199
CentroidX: 0.8186
CentroidY: 0.1761
