Location: Dedata_2.png_Mean-Medain.png
Component: component_1755523807306_286.png
centerX: 0.025403225806451612
centerY: 0.7671701339412939
width: 0.021774193548387097
height: 0.04132231404958678
Area: 0.00041287840483916934
CentroidX: 0.0338
CentroidY: 0.7871
