Location: internet_7.png_Mean-Medain.png
Component: component_1755093286403_5.png
centerX: 0.5562273276904474
centerY: 0.01311662389506701
width: 0.0354695687222894
height: 0.039064727687482176
Area: 0.0003692735448088104
CentroidX: 0.5707
CentroidY: 0.0312
