Location: Dedata_2.png_Gaussian-Median.png
Component: component_1755523807163_258.png
centerX: 0.4346774193548387
centerY: 0.664861783984041
width: 0.02258064516129032
height: 0.04360216585921915
Area: 0.00039656091708877635
CentroidX: 0.4434
CentroidY: 0.6858
