Location: Dedata_19.png_Mean-Closing.png
Component: component_1755511662069_311.png
centerX: 0.7358870967741935
centerY: 0.8406953548019379
width: 0.02258064516129032
height: 0.04474209176403534
Area: 0.0004245994171669164
CentroidX: 0.7461
CentroidY: 0.8624
