Location: Dedata_19.png_Mean-Closing.png
Component: component_1755511661999_122.png
centerX: 0.6262096774193548
centerY: 0.3103448275862069
width: 0.025
height: 0.04787688800227985
Area: 0.0005195166346445546
CentroidX: 0.6361
CentroidY: 0.3319
