Location: internet_7.png_Otsu.png
Component: component_1755093286124_1079.png
centerX: 0.01652559451833938
centerY: 0.8252067293983462
width: 0.02781136638452237
height: 0.03706871970345024
Area: 0.00030445241836244596
CentroidX: 0.0281
CentroidY: 0.8425
