Location: internet_7.png_Mean-Medain.png
Component: component_1755093286430_135.png
centerX: 0.05804111245465538
centerY: 0.3698317650413459
width: 0.029423619508262798
height: 0.04733390362132877
Area: 0.00039662714072057417
CentroidX: 0.0721
CentroidY: 0.3935
