Location: Dedata_19.png_Otsu.png
Component: component_1755511661594_41.png
centerX: 0.2346774193548387
centerY: 0.07096038757480763
width: 0.020967741935483872
height: 0.049016813907096037
Area: 0.0003632364702745934
CentroidX: 0.2429
CentroidY: 0.0935
