Location: Dedata_19.png_Mean-Closing.png
Component: component_1755511661936_49.png
centerX: 0.6491935483870968
centerY: 0.12282701624394414
width: 0.02379032258064516
height: 0.050441721288116276
Area: 0.00045654492135430554
CentroidX: 0.6586
CentroidY: 0.1462
