Location: internet_7.png_Mean-Medain.png
Component: component_1755093286424_106.png
centerX: 0.46311970979443773
centerY: 0.30082691759338465
width: 0.03667875856509472
height: 0.04562303963501568
Area: 0.0004512194014688421
CentroidX: 0.4817
CentroidY: 0.3227
