Location: Dedata_2.png_Mean-Closing.png
Component: component_1755523806906_85.png
centerX: 0.4342741935483871
centerY: 0.22513536620119692
width: 0.028629032258064516
height: 0.04331718438301511
Area: 0.0005661708601844106
CentroidX: 0.4461
CentroidY: 0.2447
