Location: internet_7.png_Otsu.png
Component: component_1755093286025_66.png
centerX: 0.2365981459089077
centerY: 0.07242657542058739
width: 0.03385731559854897
height: 0.04077559167379527
Area: 0.0002827304451383983
CentroidX: 0.2510
CentroidY: 0.0903
