Location: Dedata_19.png_Mean-Closing.png
Component: component_1755511662063_296.png
centerX: 0.46975806451612906
centerY: 0.8010829296095754
width: 0.021774193548387097
height: 0.04417212881162724
Area: 0.00043551604629570045
CentroidX: 0.4783
CentroidY: 0.8218
