Location: Dedata_19.png_Otsu.png
Component: component_1755511661649_342.png
centerX: 0.15645161290322582
centerY: 0.6976346537475064
width: 0.02338709677419355
height: 0.04531205471644343
Area: 0.00040529422039180355
CentroidX: 0.1656
CentroidY: 0.7192
