Location: internet_7.png_Otsu.png
Component: component_1755093286019_4.png
centerX: 0.7952438532849657
centerY: 0.013401767892785858
width: 0.030229746070133012
height: 0.041916167664670656
Area: 0.0002866381016972217
CentroidX: 0.8052
CentroidY: 0.0311
