Location: internet_7.png_Otsu.png
Component: component_1755093286082_829.png
centerX: 0.2543329302700524
centerY: 0.5568862275449101
width: 0.02539298669891173
height: 0.04932991160536071
Area: 0.00043466932663147246
CentroidX: 0.2641
CentroidY: 0.5799
