Location: Dedata_2.png_Mean-Closing.png
Component: component_1755523806900_55.png
centerX: 0.9596774193548387
centerY: 0.15132516386434883
width: 0.03024193548387097
height: 0.04189227700199487
Area: 0.0005351446510815506
CentroidX: 0.9722
CentroidY: 0.1698
