Location: Dedata_2.png_Mean-Medain.png
Component: component_1755523807251_72.png
centerX: 0.2778225806451613
centerY: 0.17697349672271304
width: 0.027822580645161292
height: 0.04645198062125962
Area: 0.0005531858171154358
CentroidX: 0.2886
CentroidY: 0.1970
