Location: internet_7.png_Gaussian-Closing.png
Component: component_1755093286216_153.png
centerX: 0.8355501813784765
centerY: 0.4818933561448531
width: 0.028617492946392584
height: 0.04847447961220416
Area: 0.0004198432179229955
CentroidX: 0.8454
CentroidY: 0.5049
