Location: Paraklitoni_1720_page_10.png_Mean-Medain.png
Component: component_1755610055177_193.png
centerX: 0.7317073170731707
centerY: 0.07719298245614035
width: 0.010670731707317074
height: 0.012030075187969926
Area: 7.52643804633535e-05
CentroidX: 0.7366
CentroidY: 0.0827
