Location: Dedata_19.png_Otsu.png
Component: component_1755511661588_15.png
centerX: 0.25564516129032255
centerY: 0.011399259048161869
width: 0.021774193548387097
height: 0.04616699914505557
Area: 0.00038897673264141056
CentroidX: 0.2643
CentroidY: 0.0327
