Location: Dedata_19.png_Otsu.png
Component: component_1755511661593_36.png
centerX: 0.3758064516129032
centerY: 0.06782559133656313
width: 0.01935483870967742
height: 0.04930179538330009
Area: 0.0003410584763603269
CentroidX: 0.3827
CentroidY: 0.0906
