Location: Dedata_19.png_Gaussian-Closing.png
Component: component_1755511661423_57.png
centerX: 0.605241935483871
centerY: 0.1268167569108008
width: 0.02379032258064516
height: 0.047021943573667714
Area: 0.00040437492530727437
CentroidX: 0.6137
CentroidY: 0.1485
