Location: Dedata_19.png_Mean-Closing.png
Component: component_1755511662038_218.png
centerX: 0.054838709677419356
centerY: 0.5839270447420918
width: 0.02620967741935484
height: 0.04160729552579082
Area: 0.0004714834664779047
CentroidX: 0.0650
CentroidY: 0.6042
