Location: Dedata_2.png_Mean-Medain.png
Component: component_1755523807286_224.png
centerX: 0.6370967741935484
centerY: 0.5907666001709889
width: 0.021774193548387097
height: 0.0438871473354232
Area: 0.0004387335790915526
CentroidX: 0.6459
CentroidY: 0.6112
