Location: internet_7.png_Mean-Closing.png
Component: component_1755093286337_178.png
centerX: 0.2539298669891173
centerY: 0.5568862275449101
width: 0.025796049979846837
height: 0.04932991160536071
Area: 0.00047523999619808005
CentroidX: 0.2641
CentroidY: 0.5799
