Location: Dedata_19.png_Mean-Closing.png
Component: component_1755511662049_248.png
centerX: 0.6225806451612903
centerY: 0.6748361356511827
width: 0.02217741935483871
height: 0.04018238814477059
Area: 0.00039276882486509343
CentroidX: 0.6313
CentroidY: 0.6937
