Location: Dedata_2.png_Gaussian-Closing.png
Component: component_1755523807374_70.png
centerX: 0.442741935483871
centerY: 0.170703904246224
width: 0.02943548387096774
height: 0.04075235109717868
Area: 0.000515954366192004
CentroidX: 0.4554
CentroidY: 0.1888
