Location: Dedata_19.png_Mean-Closing.png
Component: component_1755511662032_204.png
centerX: 0.7459677419354839
centerY: 0.5417497862638928
width: 0.024193548387096774
height: 0.04132231404958678
Area: 0.0004228757388834242
CentroidX: 0.7552
CentroidY: 0.5614
