Location: Dedata_19.png_Gaussian-Median.png
Component: component_1755511661094_195.png
centerX: 0.5173387096774194
centerY: 0.4907381020233685
width: 0.02217741935483871
height: 0.043032202906811055
Area: 0.00042540380036587945
CentroidX: 0.5259
CentroidY: 0.5108
