Location: Dedata_19.png_Otsu.png
Component: component_1755511661671_405.png
centerX: 0.21048387096774193
centerY: 0.8794528355656882
width: 0.022983870967741935
height: 0.04474209176403534
Area: 0.0003759916895724359
CentroidX: 0.2189
CentroidY: 0.9007
