Location: internet_7.png_Otsu.png
Component: component_1755093286054_678.png
centerX: 0.7807335751713019
centerY: 0.47904191616766467
width: 0.03184199919387344
height: 0.04932991160536071
Area: 0.00031238266255535226
CentroidX: 0.7959
CentroidY: 0.5018
