Location: Dedata_2.png_Mean-Medain.png
Component: component_1755523807283_208.png
centerX: 0.34516129032258064
centerY: 0.5571387859789114
width: 0.02379032258064516
height: 0.03932744371615845
Area: 0.00037679607277139887
CentroidX: 0.3541
CentroidY: 0.5744
