Location: internet_7.png_Otsu.png
Component: component_1755093286038_312.png
centerX: 0.5638855300282144
centerY: 0.23552894211576847
width: 0.03990326481257558
height: 0.04562303963501568
Area: 0.00047960737705794146
CentroidX: 0.5837
CentroidY: 0.2578
