Location: Dedata_2.png_Gaussian-Closing.png
Component: component_1755523807431_290.png
centerX: 0.5411290322580645
centerY: 0.7785693929894557
width: 0.02379032258064516
height: 0.04360216585921915
Area: 0.0004583835115233639
CentroidX: 0.5507
CentroidY: 0.7978
