Location: Dedata_19.png_Gaussian-Median.png
Component: component_1755511661111_254.png
centerX: 0.7895161290322581
centerY: 0.6617269877457965
width: 0.021774193548387097
height: 0.04445711028783129
Area: 0.0004147169950082277
CentroidX: 0.7987
CentroidY: 0.6826
