Location: Dedata_2.png_Mean-Closing.png
Component: component_1755523806959_159.png
centerX: 0.6072580645161291
centerY: 0.42946708463949845
width: 0.03064516129032258
height: 0.039042462239954404
Area: 0.00047941238658196893
CentroidX: 0.6195
CentroidY: 0.4453
