Location: Dedata_19.png_Gaussian-Median.png
Component: component_1755511661069_91.png
centerX: 0.27298387096774196
centerY: 0.1989170703904246
width: 0.01975806451612903
height: 0.04987175833570818
Area: 0.0004147169950082277
CentroidX: 0.2804
CentroidY: 0.2215
