Location: internet_7.png_Gaussian-Closing.png
Component: component_1755093286210_131.png
centerX: 0.8710197501007658
centerY: 0.4091816367265469
width: 0.03667875856509472
height: 0.04647847162817223
Area: 0.0004015691769567332
CentroidX: 0.8862
CentroidY: 0.4306
