Location: internet_7.png_Gaussian-Closing.png
Component: component_1755093286207_124.png
centerX: 0.20233776702942363
centerY: 0.3646991730824066
width: 0.027408303103587262
height: 0.05246649558026804
Area: 0.00039570769211849806
CentroidX: 0.2144
CentroidY: 0.3905
