Location: Dedata_19.png_Gaussian-Median.png
Component: component_1755511661141_316.png
centerX: 0.07540322580645162
centerY: 0.8287261328013679
width: 0.02217741935483871
height: 0.04189227700199487
Area: 0.000390125851497072
CentroidX: 0.0831
CentroidY: 0.8487
