Location: Dedata_19.png_Mean-Closing.png
Component: component_1755511662040_224.png
centerX: 0.707258064516129
centerY: 0.6061555998860074
width: 0.02943548387096774
height: 0.04730692504987176
Area: 0.0005429586593000488
CentroidX: 0.7189
CentroidY: 0.6291
