Location: Dedata_19.png_Mean-Closing.png
Component: component_1755511661915_4.png
centerX: 0.3157258064516129
centerY: 0.00883442576232545
width: 0.02338709677419355
height: 0.04474209176403534
Area: 0.00043310289669881133
CentroidX: 0.3251
CentroidY: 0.0292
