Location: Dedata_2.png_Gaussian-Median.png
Component: component_1755523807124_82.png
centerX: 0.06088709677419355
centerY: 0.1846679965802223
width: 0.025403225806451612
height: 0.03818751781134226
Area: 0.0004861921878303717
CentroidX: 0.0722
CentroidY: 0.2014
