Location: Dedata_19.png_Gaussian-Closing.png
Component: component_1755511661483_155.png
centerX: 0.24274193548387096
centerY: 0.38728982616129953
width: 0.021370967741935483
height: 0.047021943573667714
Area: 0.0004806764173231966
CentroidX: 0.2519
CentroidY: 0.4095
