Location: Dedata_2.png_Mean-Medain.png
Component: component_1755523807259_109.png
centerX: 0.2620967741935484
centerY: 0.28327158734682245
width: 0.03346774193548387
height: 0.039042462239954404
Area: 0.0005210104891569144
CentroidX: 0.2752
CentroidY: 0.3003
