Location: internet_7.png_Gaussian-Closing.png
Component: component_1755093286181_16.png
centerX: 0.2978637646110439
centerY: 0.020245223838038208
width: 0.028214429665457477
height: 0.03649843170801255
Area: 0.00031376183545846637
CentroidX: 0.3077
CentroidY: 0.0363
