Location: Dedata_19.png_Mean-Closing.png
Component: component_1755511662068_308.png
centerX: 0.8790322580645161
centerY: 0.8338557993730408
width: 0.024596774193548387
height: 0.039897406668566546
Area: 0.00037886448671158957
CentroidX: 0.8883
CentroidY: 0.8525
