Location: Dedata_19.png_Gaussian-Median.png
Component: component_1755511661085_161.png
centerX: 0.11048387096774194
centerY: 0.39013964092333997
width: 0.025
height: 0.04673696209746366
Area: 0.0004999816140983095
CentroidX: 0.1197
CentroidY: 0.4126
