Location: Dedata_2.png_Gaussian-Closing.png
Component: component_1755523807413_233.png
centerX: 0.294758064516129
centerY: 0.6238244514106583
width: 0.025
height: 0.043032202906811055
Area: 0.0004437897020564631
CentroidX: 0.3038
CentroidY: 0.6438
