Location: internet_7.png_Mean-Closing.png
Component: component_1755093286325_127.png
centerX: 0.10600564288593309
centerY: 0.36840604505275165
width: 0.030632809351068116
height: 0.05018534359851725
Area: 0.0004022587634082902
CentroidX: 0.1214
CentroidY: 0.3930
