Location: Dedata_19.png_Mean-Closing.png
Component: component_1755511662031_199.png
centerX: 0.9318548387096774
centerY: 0.5300655457395269
width: 0.031451612903225803
height: 0.04189227700199487
Area: 0.0004986026714715157
CentroidX: 0.9447
CentroidY: 0.5498
