Location: Dedata_19.png_Gaussian-Closing.png
Component: component_1755511661368_14.png
centerX: 0.6028225806451613
centerY: 0.009974351667141636
width: 0.024193548387096774
height: 0.04645198062125962
Area: 0.0004209222368287997
CentroidX: 0.6124
CentroidY: 0.0308
