Location: Paraklitoni_1720_page_10.png_Mean-Medain.png
Component: component_1755610055382_1739.png
centerX: 0.8086890243902439
centerY: 0.6300751879699248
width: 0.011432926829268292
height: 0.016541353383458645
Area: 0.0001016260162601626
CentroidX: 0.8134
CentroidY: 0.6377
