Location: Dedata_19.png_Otsu.png
Component: component_1755511661626_258.png
centerX: 0.10725806451612903
centerY: 0.45682530635508695
width: 0.021370967741935483
height: 0.04075235109717868
Area: 0.0003957565338898133
CentroidX: 0.1162
CentroidY: 0.4756
