Location: internet_7.png_Otsu.png
Component: component_1755093286095_873.png
centerX: 0.8536880290205562
centerY: 0.6812090105503279
width: 0.02781136638452237
height: 0.043912175648702596
Area: 0.00031238266255535226
CentroidX: 0.8650
CentroidY: 0.7009
