Location: Dedata_19.png_Mean-Closing.png
Component: component_1755511662071_317.png
centerX: 0.3987903225806452
centerY: 0.8660587061840981
width: 0.020967741935483872
height: 0.0438871473354232
Area: 0.00042172662002776273
CentroidX: 0.4075
CentroidY: 0.8872
