Location: internet_7.png_Mean-Closing.png
Component: component_1755093286339_185.png
centerX: 0.6767432486900443
centerY: 0.6136298830909609
width: 0.032245062474808545
height: 0.041916167664670656
Area: 0.00042467032308389496
CentroidX: 0.6898
CentroidY: 0.6325
