Location: Dedata_19.png_Mean-Closing.png
Component: component_1755511662054_268.png
centerX: 0.7141129032258065
centerY: 0.7238529495582787
width: 0.02056451612903226
height: 0.042462239954402965
Area: 0.0004142573474659631
CentroidX: 0.7226
CentroidY: 0.7447
