Location: Dedata_2.png_Gaussian-Closing.png
Component: component_1755523807375_72.png
centerX: 0.3286290322580645
centerY: 0.17412368196067254
width: 0.028629032258064516
height: 0.042462239954402965
Area: 0.0004990623190137802
CentroidX: 0.3413
CentroidY: 0.1935
