Location: Dedata_2.png_Mean-Medain.png
Component: component_1755523807286_225.png
centerX: 0.5891129032258065
centerY: 0.5984611000284982
width: 0.02338709677419355
height: 0.03761755485893417
Area: 0.00040598369170520045
CentroidX: 0.5981
CentroidY: 0.6156
