Location: Dedata_2.png_Mean-Medain.png
Component: component_1755523807239_43.png
centerX: 0.5568548387096774
centerY: 0.11456255343402678
width: 0.032661290322580645
height: 0.04445711028783129
Area: 0.000561804208532897
CentroidX: 0.5703
CentroidY: 0.1345
