Location: internet_7.png_Mean-Closing.png
Component: component_1755093286352_246.png
centerX: 0.9310761789600968
centerY: 0.823781009409752
width: 0.032648125755743655
height: 0.04020530367835757
Area: 0.0004821358607136507
CentroidX: 0.9463
CentroidY: 0.8424
