Location: Dedata_19.png_Otsu.png
Component: component_1755511661613_206.png
centerX: 0.5802419354838709
centerY: 0.31319464234824734
width: 0.024596774193548387
height: 0.0438871473354232
Area: 0.00044206602377297086
CentroidX: 0.5900
CentroidY: 0.3334
