Location: Dedata_2.png_Gaussian-Closing.png
Component: component_1755523807431_291.png
centerX: 0.4959677419354839
centerY: 0.7814192077514962
width: 0.025403225806451612
height: 0.04474209176403534
Area: 0.00047757379641291057
CentroidX: 0.5055
CentroidY: 0.8028
