Location: Dedata_19.png_Gaussian-Closing.png
Component: component_1755511661484_157.png
centerX: 0.2846774193548387
centerY: 0.3878597891137076
width: 0.025806451612903226
height: 0.048446850954687946
Area: 0.0005168736612765331
CentroidX: 0.2942
CentroidY: 0.4104
