Location: Dedata_19.png_Otsu.png
Component: component_1755511661629_273.png
centerX: 0.3774193548387097
centerY: 0.5044172128811627
width: 0.025
height: 0.04274722143060701
Area: 0.000425059064709181
CentroidX: 0.3867
CentroidY: 0.5241
