Location: Dedata_2.png_Gaussian-Closing.png
Component: component_1755523807429_281.png
centerX: 0.8108870967741936
centerY: 0.755770874893132
width: 0.02620967741935484
height: 0.043032202906811055
Area: 0.0004586133352944962
CentroidX: 0.8214
CentroidY: 0.7748
