Location: Dedata_19.png_Gaussian-Median.png
Component: component_1755511661067_80.png
centerX: 0.6419354838709678
centerY: 0.1860929039612425
width: 0.01975806451612903
height: 0.04787688800227985
Area: 0.0003448505685840098
CentroidX: 0.6493
CentroidY: 0.2086
