Location: Dedata_19.png_Gaussian-Closing.png
Component: component_1755511661511_253.png
centerX: 0.7048387096774194
centerY: 0.6679965802222856
width: 0.021774193548387097
height: 0.04360216585921915
Area: 0.0003995486261134962
CentroidX: 0.7136
CentroidY: 0.6887
