Location: Dedata_19.png_Otsu.png
Component: component_1755511661587_9.png
centerX: 0.869758064516129
centerY: 0.009974351667141636
width: 0.02258064516129032
height: 0.04417212881162724
Area: 0.00033715147225107787
CentroidX: 0.8793
CentroidY: 0.0299
