Location: Dedata_19.png_Mean-Closing.png
Component: component_1755511662069_312.png
centerX: 0.6919354838709677
centerY: 0.8435451695639783
width: 0.021370967741935483
height: 0.04189227700199487
Area: 0.00039679074085990863
CentroidX: 0.7013
CentroidY: 0.8637
