Location: Dedata_19.png_Gaussian-Closing.png
Component: component_1755511661488_174.png
centerX: 0.38387096774193546
centerY: 0.44200626959247646
width: 0.02338709677419355
height: 0.050156739811912224
Area: 0.0005134263047095487
CentroidX: 0.3934
CentroidY: 0.4658
