Location: internet_7.png_Gaussian-Closing.png
Component: component_1755093286188_46.png
centerX: 0.2877871825876663
centerY: 0.12546335899629313
width: 0.029826682789197905
height: 0.04562303963501568
Area: 0.00028353496266521485
CentroidX: 0.3027
CentroidY: 0.1484
