Location: Dedata_19.png_Gaussian-Closing.png
Component: component_1755511661493_190.png
centerX: 0.6104838709677419
centerY: 0.48304360216585923
width: 0.024596774193548387
height: 0.0438871473354232
Area: 0.0004593028066078931
CentroidX: 0.6204
CentroidY: 0.5036
