Location: internet_7.png_Otsu.png
Component: component_1755093286052_505.png
centerX: 0.6058041112454655
centerY: 0.414599372683205
width: 0.02781136638452237
height: 0.04305674365554605
Area: 0.00038570868857092057
CentroidX: 0.6150
CentroidY: 0.4348
