Location: Dedata_19.png_Gaussian-Median.png
Component: component_1755511661076_125.png
centerX: 0.807258064516129
centerY: 0.30350527215730977
width: 0.022983870967741935
height: 0.04873183243089199
Area: 0.0005106684194559612
CentroidX: 0.8163
CentroidY: 0.3261
