Location: Dedata_19.png_Mean-Closing.png
Component: component_1755511662056_275.png
centerX: 0.4044354838709677
centerY: 0.7457965232259903
width: 0.024596774193548387
height: 0.042462239954402965
Area: 0.00043023009955965764
CentroidX: 0.4141
CentroidY: 0.7652
