Location: Dedata_19.png_Gaussian-Median.png
Component: component_1755511661107_241.png
centerX: 0.4181451612903226
centerY: 0.627529210601311
width: 0.024596774193548387
height: 0.048446850954687946
Area: 0.0004964193456457589
CentroidX: 0.4271
CentroidY: 0.6509
