Location: Dedata_19.png_Mean-Closing.png
Component: component_1755511661914_3.png
centerX: 0.025
centerY: 0.008549444286121402
width: 0.02258064516129032
height: 0.0481618694784839
Area: 0.00047653958944281525
CentroidX: 0.0337
CentroidY: 0.0310
