Location: Dedata_19.png_Mean-Closing.png
Component: component_1755511661921_28.png
centerX: 0.5439516129032258
centerY: 0.06469079509831861
width: 0.021774193548387097
height: 0.04645198062125962
Area: 0.0003979398597155701
CentroidX: 0.5529
CentroidY: 0.0856
