Location: Dedata_2.png_Mean-Medain.png
Component: component_1755523807270_151.png
centerX: 0.9495967741935484
centerY: 0.40581362211456257
width: 0.028225806451612902
height: 0.040467369620974636
Area: 0.00045252300535949033
CentroidX: 0.9606
CentroidY: 0.4239
