Location: Dedata_19.png_Gaussian-Median.png
Component: component_1755511661107_242.png
centerX: 0.3713709677419355
centerY: 0.6300940438871473
width: 0.025806451612903226
height: 0.04616699914505557
Area: 0.0004817106242932919
CentroidX: 0.3810
CentroidY: 0.6532
