Location: internet_7.png_Mean-Medain.png
Component: component_1755093286446_219.png
centerX: 0.7251108424022572
centerY: 0.6852010265183918
width: 0.02902055622732769
height: 0.043341887653264896
Area: 0.00043731274136244125
CentroidX: 0.7355
CentroidY: 0.7056
