Location: Dedata_19.png_Otsu.png
Component: component_1755511661603_115.png
centerX: 0.4439516129032258
centerY: 0.1957822741521801
width: 0.01935483870967742
height: 0.04217725847819892
Area: 0.0001933967034078269
CentroidX: 0.4510
CentroidY: 0.2148
