Location: Dedata_19.png_Gaussian-Median.png
Component: component_1755511661048_8.png
centerX: 0.11895161290322581
centerY: 0.009404388714733543
width: 0.02217741935483871
height: 0.047021943573667714
Area: 0.0003983995072578347
CentroidX: 0.1276
CentroidY: 0.0318
