Location: Dedata_2.png_Gaussian-Closing.png
Component: component_1755523807394_150.png
centerX: 0.21895161290322582
centerY: 0.3969791963522371
width: 0.03306451612903226
height: 0.04474209176403534
Area: 0.0005791559032533853
CentroidX: 0.2337
CentroidY: 0.4178
