Location: Dedata_19.png_Otsu.png
Component: component_1755511661629_271.png
centerX: 0.47258064516129034
centerY: 0.4955827871188373
width: 0.02217741935483871
height: 0.04474209176403534
Area: 0.0004190836466597413
CentroidX: 0.4813
CentroidY: 0.5164
