Location: internet_7.png_Otsu.png
Component: component_1755093286101_881.png
centerX: 0.4558645707376058
centerY: 0.6911890504704876
width: 0.03667875856509472
height: 0.04562303963501568
Area: 0.0003588148169601949
CentroidX: 0.4682
CentroidY: 0.7116
