Location: Dedata_19.png_Mean-Closing.png
Component: component_1755511662050_251.png
centerX: 0.494758064516129
centerY: 0.6808207466514676
width: 0.021774193548387097
height: 0.04417212881162724
Area: 0.00041621084952058764
CentroidX: 0.5033
CentroidY: 0.7021
