Location: Dedata_19.png_Gaussian-Median.png
Component: component_1755511661116_273.png
centerX: 0.02661290322580645
centerY: 0.7115987460815048
width: 0.025403225806451612
height: 0.047591906526075804
Area: 0.0004959596981034942
CentroidX: 0.0358
CentroidY: 0.7344
