Location: Dedata_19.png_Otsu.png
Component: component_1755511661617_223.png
centerX: 0.7596774193548387
centerY: 0.3613565118267313
width: 0.024596774193548387
height: 0.045027073240239385
Area: 0.00043482657498230355
CentroidX: 0.7699
CentroidY: 0.3815
