Location: internet_7.png_Mean-Medain.png
Component: component_1755093286431_141.png
centerX: 0.8234582829504232
centerY: 0.41089250071286
width: 0.030229746070133012
height: 0.04134587966923296
Area: 0.0003420348799723062
CentroidX: 0.8345
CentroidY: 0.4309
