Location: internet_7.png_Gaussian-Closing.png
Component: component_1755093286205_118.png
centerX: 0.6054010479645304
centerY: 0.35300826917593386
width: 0.04070939137444579
height: 0.049044767607641856
Area: 0.00039973027975258096
CentroidX: 0.6250
CentroidY: 0.3762
