Location: internet_7.png_Mean-Closing.png
Component: component_1755093286343_208.png
centerX: 0.38492543329302703
centerY: 0.694325634445395
width: 0.030229746070133012
height: 0.04647847162817223
Area: 0.0004439787437274929
CentroidX: 0.3951
CentroidY: 0.7166
