Location: Dedata_19.png_Gaussian-Median.png
Component: component_1755511661151_323.png
centerX: 0.6923387096774194
centerY: 0.8435451695639783
width: 0.02056451612903226
height: 0.04189227700199487
Area: 0.0003766811608858327
CentroidX: 0.7013
CentroidY: 0.8638
