Location: Dedata_2.png_Mean-Closing.png
Component: component_1755523806896_36.png
centerX: 0.01532258064516129
centerY: 0.0743801652892562
width: 0.024193548387096774
height: 0.04132231404958678
Area: 0.0005192868108734222
CentroidX: 0.0259
CentroidY: 0.0934
