Location: Dedata_2.png_Mean-Closing.png
Component: component_1755523806964_168.png
centerX: 0.2060483870967742
centerY: 0.46110002849814763
width: 0.02661290322580645
height: 0.037047591906526074
Area: 0.00043229851349984834
CentroidX: 0.2164
CentroidY: 0.4783
