Location: Dedata_2.png_Gaussian-Closing.png
Component: component_1755523807365_24.png
centerX: 0.7528225806451613
centerY: 0.060131091479053864
width: 0.031451612903225803
height: 0.04331718438301511
Area: 0.0005344551797681538
CentroidX: 0.7672
CentroidY: 0.0791
