Location: Dedata_19.png_Otsu.png
Component: component_1755511661623_246.png
centerX: 0.6721774193548387
centerY: 0.42832715873468225
width: 0.02379032258064516
height: 0.04531205471644343
Area: 0.0004511440627326966
CentroidX: 0.6816
CentroidY: 0.4490
