Location: internet_7.png_Otsu.png
Component: component_1755093286023_54.png
centerX: 0.6066102378073358
centerY: 0.06387225548902195
width: 0.03426037887948408
height: 0.046763615625891077
Area: 0.000245147983528538
CentroidX: 0.6222
CentroidY: 0.0859
