Location: internet_7.png_Mean-Closing.png
Component: component_1755093286344_213.png
centerX: 0.25110842402257155
centerY: 0.6977473624180212
width: 0.030632809351068116
height: 0.04220131166238951
Area: 0.00044834612458735434
CentroidX: 0.2653
CentroidY: 0.7165
