Location: internet_7.png_Gaussian-Closing.png
Component: component_1755093286204_114.png
centerX: 0.9173720274083031
centerY: 0.34416880524664956
width: 0.03869407496977025
height: 0.05303678357570573
Area: 0.0004282331864169398
CentroidX: 0.9343
CentroidY: 0.3689
