Location: internet_7.png_Otsu.png
Component: component_1755093286105_888.png
centerX: 0.25151148730350664
centerY: 0.6977473624180212
width: 0.030229746070133012
height: 0.041916167664670656
Area: 0.00036548081932524654
CentroidX: 0.2653
CentroidY: 0.7162
