Location: internet_7.png_Otsu.png
Component: component_1755093286028_143.png
centerX: 0.12898024989923418
centerY: 0.12489307100085544
width: 0.03184199919387344
height: 0.04647847162817223
Area: 0.0002610084719143506
CentroidX: 0.1460
CentroidY: 0.1496
