Location: Dedata_19.png_Gaussian-Closing.png
Component: component_1755511661491_183.png
centerX: 0.018951612903225806
centerY: 0.4579652322599031
width: 0.021370967741935483
height: 0.04616699914505557
Area: 0.0004474668823945798
CentroidX: 0.0278
CentroidY: 0.4802
