Location: Dedata_19.png_Gaussian-Closing.png
Component: component_1755511661397_31.png
centerX: 0.5439516129032258
centerY: 0.06469079509831861
width: 0.021774193548387097
height: 0.04645198062125962
Area: 0.00038242675516414015
CentroidX: 0.5529
CentroidY: 0.0857
