Location: Dedata_19.png_Gaussian-Median.png
Component: component_1755511661153_328.png
centerX: 0.49435483870967745
centerY: 0.8557993730407524
width: 0.025403225806451612
height: 0.04787688800227985
Area: 0.0004360906057235312
CentroidX: 0.5042
CentroidY: 0.8781
