Location: Dedata_19.png_Gaussian-Closing.png
Component: component_1755511661527_304.png
centerX: 0.4254032258064516
centerY: 0.8030777999430037
width: 0.021370967741935483
height: 0.0438871473354232
Area: 0.0004111547265556771
CentroidX: 0.4344
CentroidY: 0.8239
