Location: internet_7.png_Gaussian-Closing.png
Component: component_1755093286232_242.png
centerX: 0.7186618299072954
centerY: 0.8195038494439693
width: 0.02902055622732769
height: 0.04790419161676647
Area: 0.0005339697756556904
CentroidX: 0.7327
CentroidY: 0.8420
