Location: Dedata_19.png_Otsu.png
Component: component_1755511661632_284.png
centerX: 0.8354838709677419
centerY: 0.536335138216016
width: 0.025806451612903226
height: 0.040467369620974636
Area: 0.0004005828330835915
CentroidX: 0.8455
CentroidY: 0.5557
