Location: internet_7.png_Otsu.png
Component: component_1755093286050_499.png
centerX: 0.8238613462313583
centerY: 0.4111776447105788
width: 0.029826682789197905
height: 0.040490447676076416
Area: 0.0002488257779368424
CentroidX: 0.8350
CentroidY: 0.4303
