Location: Dedata_19.png_Gaussian-Closing.png
Component: component_1755511661481_147.png
centerX: 0.7165322580645161
centerY: 0.3633513821601596
width: 0.022983870967741935
height: 0.04930179538330009
Area: 0.00047918256281083665
CentroidX: 0.7255
CentroidY: 0.3863
