Location: Dedata_2.png_Gaussian-Median.png
Component: component_1755523807111_13.png
centerX: 0.02943548387096774
centerY: 0.009404388714733543
width: 0.03024193548387097
height: 0.048446850954687946
Area: 0.0005199762821868192
CentroidX: 0.0419
CentroidY: 0.0312
