Location: internet_7.png_Otsu.png
Component: component_1755093286020_11.png
centerX: 0.9576783555018138
centerY: 0.014257199885942401
width: 0.03184199919387344
height: 0.039635015682919876
Area: 0.00028859192997663334
CentroidX: 0.9709
CentroidY: 0.0326
