Location: internet_7.png_Otsu.png
Component: component_1755093286030_151.png
centerX: 0.018137847642079808
centerY: 0.12745936698032506
width: 0.027005239822652155
height: 0.037639007698887936
Area: 0.0002040026585856329
CentroidX: 0.0304
CentroidY: 0.1454
