Location: Dedata_19.png_Otsu.png
Component: component_1755511661616_216.png
centerX: 0.19274193548387097
centerY: 0.329438586491878
width: 0.025
height: 0.04474209176403534
Area: 0.0004385037553204203
CentroidX: 0.2020
CentroidY: 0.3497
