Location: Dedata_2.png_Mean-Closing.png
Component: component_1755523807007_262.png
centerX: 0.6294354838709677
centerY: 0.7070390424622399
width: 0.01975806451612903
height: 0.04217725847819892
Area: 0.00040701789867529577
CentroidX: 0.6366
CentroidY: 0.7267
