Location: Dedata_2.png_Mean-Closing.png
Component: component_1755523807002_237.png
centerX: 0.6911290322580645
centerY: 0.6414933029353092
width: 0.022983870967741935
height: 0.04160729552579082
Area: 0.0004175897921473814
CentroidX: 0.6995
CentroidY: 0.6603
