Location: internet_7.png_Mean-Closing.png
Component: component_1755093286352_247.png
centerX: 0.06731156791616284
centerY: 0.8240661534074708
width: 0.03305118903667876
height: 0.04362703165098375
Area: 0.0003922597598607127
CentroidX: 0.0800
CentroidY: 0.8443
