Location: internet_7.png_Otsu.png
Component: component_1755093286049_405.png
centerX: 0.008464328899637243
centerY: 0.37182777302537784
width: 0.03667875856509472
height: 0.0499001996007984
Area: 0.0003682391651314748
CentroidX: 0.0260
CentroidY: 0.3966
