Location: Dedata_2.png_Gaussian-Closing.png
Component: component_1755523807394_151.png
centerX: 0.2709677419354839
centerY: 0.3975491593046452
width: 0.02903225806451613
height: 0.036477628954117984
Area: 0.00042804677373390086
CentroidX: 0.2836
CentroidY: 0.4146
