Location: Dedata_19.png_Gaussian-Closing.png
Component: component_1755511661403_37.png
centerX: 0.7887096774193548
centerY: 0.06583072100313479
width: 0.021774193548387097
height: 0.04645198062125962
Area: 0.00037679607277139887
CentroidX: 0.7968
CentroidY: 0.0868
