Location: internet_7.png_Mean-Closing.png
Component: component_1755093286327_131.png
centerX: 0.8710197501007658
centerY: 0.4091816367265469
width: 0.03667875856509472
height: 0.046763615625891077
Area: 0.0004265092202880472
CentroidX: 0.8861
CentroidY: 0.4305
