Location: Dedata_2.png_Gaussian-Median.png
Component: component_1755523807123_77.png
centerX: 0.3286290322580645
centerY: 0.17412368196067254
width: 0.028629032258064516
height: 0.042462239954402965
Area: 0.0004989474071282141
CentroidX: 0.3413
CentroidY: 0.1935
