Location: Dedata_2.png_Mean-Medain.png
Component: component_1755523807242_55.png
centerX: 0.01975806451612903
centerY: 0.1273867198632089
width: 0.02620967741935484
height: 0.04360216585921915
Area: 0.0005314674707434339
CentroidX: 0.0291
CentroidY: 0.1465
