Location: Dedata_2.png_Mean-Closing.png
Component: component_1755523806994_203.png
centerX: 0.43951612903225806
centerY: 0.5480193787403819
width: 0.02258064516129032
height: 0.040467369620974636
Area: 0.0004054091322773697
CentroidX: 0.4484
CentroidY: 0.5662
