Location: Dedata_19.png_Otsu.png
Component: component_1755511661621_238.png
centerX: 0.020161290322580645
centerY: 0.39355941863778854
width: 0.02661290322580645
height: 0.04987175833570818
Area: 0.0004949254911333989
CentroidX: 0.0298
CentroidY: 0.4171
