Location: Paraklitoni_1720_page_10.png_Mean-Medain.png
Component: component_1755610055236_370.png
centerX: 0.6821646341463414
centerY: 0.1393483709273183
width: 0.010670731707317074
height: 0.012030075187969926
Area: 8.137722354667156e-05
CentroidX: 0.6873
CentroidY: 0.1450
