Location: Dedata_19.png_Mean-Closing.png
Component: component_1755511662031_201.png
centerX: 0.8350806451612903
centerY: 0.5360501567398119
width: 0.02661290322580645
height: 0.04103733257338273
Area: 0.000455395802498644
CentroidX: 0.8455
CentroidY: 0.5557
