Location: Dedata_2.png_Mean-Closing.png
Component: component_1755523806906_82.png
centerX: 0.5963709677419354
centerY: 0.21544599601025932
width: 0.03064516129032258
height: 0.047591906526075804
Area: 0.000620064534514934
CentroidX: 0.6090
CentroidY: 0.2367
