Location: Dedata_2.png_Gaussian-Closing.png
Component: component_1755523807409_216.png
centerX: 0.917741935483871
centerY: 0.5753776004559704
width: 0.02620967741935484
height: 0.04018238814477059
Area: 0.00040690298678972963
CentroidX: 0.9280
CentroidY: 0.5934
