Location: Dedata_19.png_Otsu.png
Component: component_1755511661611_193.png
centerX: 0.2411290322580645
centerY: 0.26303790253633513
width: 0.025
height: 0.04873183243089199
Area: 0.000467806286139788
CentroidX: 0.2516
CentroidY: 0.2846
