Location: internet_7.png_Mean-Medain.png
Component: component_1755093286408_30.png
centerX: 0.18137847642079807
centerY: 0.07242657542058739
width: 0.027408303103587262
height: 0.043341887653264896
Area: 0.00034916060663839593
CentroidX: 0.1933
CentroidY: 0.0928
