Location: internet_7.png_Mean-Medain.png
Component: component_1755093286445_217.png
centerX: 0.9129383313180169
centerY: 0.6812090105503279
width: 0.029826682789197905
height: 0.047619047619047616
Area: 0.0004308766011479086
CentroidX: 0.9246
CentroidY: 0.7028
