Location: Dedata_19.png_Mean-Closing.png
Component: component_1755511661999_123.png
centerX: 0.5798387096774194
centerY: 0.3129096608720433
width: 0.025403225806451612
height: 0.04445711028783129
Area: 0.0005028544112374631
CentroidX: 0.5900
CentroidY: 0.3334
