Location: Dedata_19.png_Otsu.png
Component: component_1755511661631_282.png
centerX: 0.932258064516129
centerY: 0.530350527215731
width: 0.03024193548387097
height: 0.04132231404958678
Area: 0.00043459675121117127
CentroidX: 0.9445
CentroidY: 0.5498
