Location: internet_7.png_Gaussian-Closing.png
Component: component_1755093286207_123.png
centerX: 0.30350665054413545
centerY: 0.36127744510978044
width: 0.037081821846029824
height: 0.04733390362132877
Area: 0.00038007706588320453
CentroidX: 0.3211
CentroidY: 0.3834
