Location: Dedata_2.png_Mean-Medain.png
Component: component_1755523807282_203.png
centerX: 0.5891129032258065
centerY: 0.5400398974066686
width: 0.02258064516129032
height: 0.037902536335138216
Area: 0.00038369078590536776
CentroidX: 0.5972
CentroidY: 0.5579
