Location: Dedata_19.png_Mean-Closing.png
Component: component_1755511662057_278.png
centerX: 0.28588709677419355
centerY: 0.7543459675121117
width: 0.021370967741935483
height: 0.04445711028783129
Area: 0.0004363204294946635
CentroidX: 0.2946
CentroidY: 0.7751
