Location: Dedata_2.png_Mean-Medain.png
Component: component_1755523807302_270.png
centerX: 0.4963709677419355
centerY: 0.7221430607010544
width: 0.021370967741935483
height: 0.03562268452550584
Area: 0.0003388751505345701
CentroidX: 0.5051
CentroidY: 0.7384
