Location: Dedata_2.png_Gaussian-Median.png
Component: component_1755523807163_259.png
centerX: 0.3911290322580645
centerY: 0.6736962097463665
width: 0.02217741935483871
height: 0.038472499287546306
Area: 0.0003758767776868697
CentroidX: 0.3996
CentroidY: 0.6915
