Location: Dedata_19.png_Mean-Closing.png
Component: component_1755511662008_143.png
centerX: 0.6201612903225806
centerY: 0.3684810487318324
width: 0.025403225806451612
height: 0.04673696209746366
Area: 0.0004959596981034942
CentroidX: 0.6304
CentroidY: 0.3903
