Location: Dedata_19.png_Otsu.png
Component: component_1755511661662_371.png
centerX: 0.8173387096774194
centerY: 0.7757195782274152
width: 0.021370967741935483
height: 0.04132231404958678
Area: 0.0003360023533954164
CentroidX: 0.8254
CentroidY: 0.7952
