Location: Dedata_2.png_Gaussian-Closing.png
Component: component_1755523807404_195.png
centerX: 0.8693548387096774
centerY: 0.5218010829296096
width: 0.024193548387096774
height: 0.038472499287546306
Area: 0.0004089714007299203
CentroidX: 0.8785
CentroidY: 0.5391
