Location: Dedata_2.png_Mean-Medain.png
Component: component_1755523807256_91.png
centerX: 0.21935483870967742
centerY: 0.23168994015389
width: 0.028225806451612902
height: 0.037902536335138216
Area: 0.0004909035751385838
CentroidX: 0.2310
CentroidY: 0.2488
