Location: Dedata_19.png_Gaussian-Median.png
Component: component_1755511661134_304.png
centerX: 0.5592741935483871
centerY: 0.7911085779424337
width: 0.02258064516129032
height: 0.0438871473354232
Area: 0.000382311843278574
CentroidX: 0.5680
CentroidY: 0.8117
