Location: Dedata_19.png_Mean-Closing.png
Component: component_1755511661981_80.png
centerX: 0.5991935483870968
centerY: 0.19036762610430322
width: 0.020161290322580645
height: 0.04588201766885153
Area: 0.0003551926382849631
CentroidX: 0.6071
CentroidY: 0.2108
