Location: Dedata_2.png_Gaussian-Closing.png
Component: component_1755523807390_136.png
centerX: 0.896774193548387
centerY: 0.3548019378740382
width: 0.025806451612903226
height: 0.03875748076375036
Area: 0.00040989069581444946
CentroidX: 0.9060
CentroidY: 0.3730
