Location: Dedata_19.png_Gaussian-Closing.png
Component: component_1755511661480_143.png
centerX: 0.9366935483870967
centerY: 0.3585066970646908
width: 0.02217741935483871
height: 0.042462239954402965
Area: 0.0004216117081421966
CentroidX: 0.9449
CentroidY: 0.3780
