Location: Dedata_19.png_Mean-Closing.png
Component: component_1755511661916_9.png
centerX: 0.8286290322580645
centerY: 0.009404388714733543
width: 0.020967741935483872
height: 0.04331718438301511
Area: 0.0003855293760744261
CentroidX: 0.8374
CentroidY: 0.0288
