Location: Paraklitoni_1720_page_10.png_Mean-Medain.png
Component: component_1755610055166_127.png
centerX: 0.7202743902439024
centerY: 0.05664160401002506
width: 0.010670731707317074
height: 0.011027568922305764
Area: 6.838743199462069e-05
CentroidX: 0.7255
CentroidY: 0.0618
