Location: internet_7.png_Gaussian-Closing.png
Component: component_1755093286213_143.png
centerX: 0.2422410318419992
centerY: 0.420302252637582
width: 0.035872632003224506
height: 0.04875962360992301
Area: 0.0003682391651314748
CentroidX: 0.2613
CentroidY: 0.4439
