Location: Dedata_19.png_Gaussian-Closing.png
Component: component_1755511661495_201.png
centerX: 0.10120967741935484
centerY: 0.5163864348817326
width: 0.024193548387096774
height: 0.045597036192647475
Area: 0.0004865369234870701
CentroidX: 0.1107
CentroidY: 0.5379
