Location: Dedata_19.png_Gaussian-Median.png
Component: component_1755511661057_42.png
centerX: 0.27903225806451615
centerY: 0.06925049871758336
width: 0.02258064516129032
height: 0.05129666571672841
Area: 0.00043838884343485414
CentroidX: 0.2877
CentroidY: 0.0937
