Location: internet_7.png_Mean-Closing.png
Component: component_1755093286310_65.png
centerX: 0.12777106005642885
centerY: 0.18277730253778157
width: 0.04030632809351068
height: 0.04562303963501568
Area: 0.000584424517694616
CentroidX: 0.1468
CentroidY: 0.2057
