Location: Dedata_2.png_Mean-Closing.png
Component: component_1755523806918_119.png
centerX: 0.6919354838709677
centerY: 0.31974921630094044
width: 0.03024193548387097
height: 0.039897406668566546
Area: 0.0005127368333961519
CentroidX: 0.7053
CentroidY: 0.3372
