Location: Dedata_2.png_Gaussian-Median.png
Component: component_1755523807123_74.png
centerX: 0.3818548387096774
centerY: 0.170703904246224
width: 0.038306451612903226
height: 0.047591906526075804
Area: 0.0006215583890272939
CentroidX: 0.3992
CentroidY: 0.1909
