Location: Dedata_19.png_Mean-Closing.png
Component: component_1755511661918_17.png
centerX: 0.9153225806451613
centerY: 0.010829296095753777
width: 0.018145161290322582
height: 0.04217725847819892
Area: 0.00036404085347355647
CentroidX: 0.9233
CentroidY: 0.0303
