Location: Dedata_19.png_Gaussian-Median.png
Component: component_1755511661058_46.png
centerX: 0.021370967741935483
centerY: 0.07124536905101168
width: 0.01975806451612903
height: 0.045027073240239385
Area: 0.0003952968863475487
CentroidX: 0.0290
CentroidY: 0.0930
