Location: Dedata_2.png_Mean-Closing.png
Component: component_1755523807003_244.png
centerX: 0.4883064516129032
centerY: 0.6597321174123681
width: 0.025806451612903226
height: 0.04217725847819892
Area: 0.0004418362000018386
CentroidX: 0.4978
CentroidY: 0.6799
