Location: internet_7.png_Gaussian-Closing.png
Component: component_1755093286225_203.png
centerX: 0.913341394598952
centerY: 0.6812090105503279
width: 0.029423619508262798
height: 0.04733390362132877
Area: 0.00038249061846365424
CentroidX: 0.9248
CentroidY: 0.7028
