Location: internet_7.png_Otsu.png
Component: component_1755093286054_557.png
centerX: 0.06610237807335752
centerY: 0.4305674365554605
width: 0.04232164449818621
height: 0.05018534359851725
Area: 0.0003268639780380507
CentroidX: 0.0878
CentroidY: 0.4547
