Location: internet_7.png_Mean-Medain.png
Component: component_1755093286411_43.png
centerX: 0.6320032245062475
centerY: 0.1223267750213858
width: 0.029423619508262798
height: 0.04134587966923296
Area: 0.0004171998031920267
CentroidX: 0.6456
CentroidY: 0.1427
