Location: Dedata_2.png_Mean-Closing.png
Component: component_1755523806890_10.png
centerX: 0.5645161290322581
centerY: 0.009404388714733543
width: 0.03024193548387097
height: 0.04189227700199487
Area: 0.0005682392741246013
CentroidX: 0.5778
CentroidY: 0.0289
