Location: Dedata_19.png_Mean-Closing.png
Component: component_1755511662047_241.png
centerX: 0.9233870967741935
centerY: 0.6523225990310629
width: 0.027822580645161292
height: 0.04274722143060701
Area: 0.0004354011344101343
CentroidX: 0.9339
CentroidY: 0.6716
