Location: internet_7.png_Mean-Closing.png
Component: component_1755093286300_20.png
centerX: 0.664248286981056
centerY: 0.06216139150270887
width: 0.03426037887948408
height: 0.046193327630453376
Area: 0.00037869789298009037
CentroidX: 0.6777
CentroidY: 0.0830
