Location: Dedata_19.png_Mean-Closing.png
Component: component_1755511662036_211.png
centerX: 0.3786290322580645
centerY: 0.5679680820746651
width: 0.02379032258064516
height: 0.045027073240239385
Area: 0.0004950404030189651
CentroidX: 0.3877
CentroidY: 0.5896
