Location: internet_7.png_Gaussian-Closing.png
Component: component_1755093286193_68.png
centerX: 0.41233373639661425
centerY: 0.18334759053321928
width: 0.04232164449818621
height: 0.04562303963501568
Area: 0.000610054147477487
CentroidX: 0.4331
CentroidY: 0.2047
