Location: internet_7.png_Mean-Medain.png
Component: component_1755093286436_174.png
centerX: 0.24546553808948005
centerY: 0.49272882805816937
width: 0.029423619508262798
height: 0.04961505560307956
Area: 0.0004694934424351045
CentroidX: 0.2581
CentroidY: 0.5158
