Location: Dedata_19.png_Otsu.png
Component: component_1755511661588_13.png
centerX: 0.915725806451613
centerY: 0.011114277571957822
width: 0.017338709677419354
height: 0.04160729552579082
Area: 0.0003119857693120915
CentroidX: 0.9233
CentroidY: 0.0303
