Location: Dedata_19.png_Gaussian-Closing.png
Component: component_1755511661511_254.png
centerX: 0.6653225806451613
centerY: 0.670846394984326
width: 0.021370967741935483
height: 0.045027073240239385
Area: 0.0004124187572969047
CentroidX: 0.6734
CentroidY: 0.6923
