Location: internet_7.png_Mean-Closing.png
Component: component_1755093286342_202.png
centerX: 0.7251108424022572
centerY: 0.6852010265183918
width: 0.02902055622732769
height: 0.043341887653264896
Area: 0.0004338648091046559
CentroidX: 0.7355
CentroidY: 0.7056
