Location: Dedata_19.png_Otsu.png
Component: component_1755511661588_16.png
centerX: 0.4645161290322581
centerY: 0.011684240524365916
width: 0.021774193548387097
height: 0.04075235109717868
Area: 0.00033715147225107787
CentroidX: 0.4731
CentroidY: 0.0301
