Location: Dedata_19.png_Gaussian-Closing.png
Component: component_1755511661454_96.png
centerX: 0.05846774193548387
centerY: 0.20347677400968936
width: 0.02056451612903226
height: 0.04474209176403534
Area: 0.00040770736998869267
CentroidX: 0.0664
CentroidY: 0.2243
