Location: Dedata_19.png_Otsu.png
Component: component_1755511661626_260.png
centerX: 0.01935483870967742
centerY: 0.45825021373610714
width: 0.02056451612903226
height: 0.045597036192647475
Area: 0.00040931613638661875
CentroidX: 0.0277
CentroidY: 0.4801
