Location: Dedata_19.png_Mean-Closing.png
Component: component_1755511662027_187.png
centerX: 0.5169354838709678
centerY: 0.4910230834995725
width: 0.022983870967741935
height: 0.04274722143060701
Area: 0.0004502247676481674
CentroidX: 0.5259
CentroidY: 0.5108
