Location: Dedata_2.png_Mean-Closing.png
Component: component_1755523806934_138.png
centerX: 0.6653225806451613
centerY: 0.3707609005414648
width: 0.025
height: 0.03590766600170989
Area: 0.0004074775462175604
CentroidX: 0.6754
CentroidY: 0.3871
