Location: Dedata_19.png_Mean-Closing.png
Component: component_1755511662003_134.png
centerX: 0.018548387096774192
centerY: 0.33143345682530634
width: 0.02379032258064516
height: 0.04616699914505557
Area: 0.0005036587944364262
CentroidX: 0.0273
CentroidY: 0.3531
