Location: internet_7.png_Otsu.png
Component: component_1755093286040_321.png
centerX: 0.07053607416364369
centerY: 0.2440832620473339
width: 0.041112454655380895
height: 0.046193327630453376
Area: 0.0004985710044757609
CentroidX: 0.0907
CentroidY: 0.2678
