Location: Dedata_19.png_Mean-Closing.png
Component: component_1755511662018_159.png
centerX: 0.8927419354838709
centerY: 0.41550299230550014
width: 0.021774193548387097
height: 0.0438871473354232
Area: 0.0004573493045532686
CentroidX: 0.9021
CentroidY: 0.4356
