Location: Dedata_19.png_Gaussian-Median.png
Component: component_1755511661088_171.png
centerX: 0.6721774193548387
centerY: 0.42775719578227417
width: 0.024193548387096774
height: 0.04616699914505557
Area: 0.0004861921878303717
CentroidX: 0.6816
CentroidY: 0.4492
