Location: internet_7.png_Otsu.png
Component: component_1755093286109_976.png
centerX: 0.6086255542120113
centerY: 0.7601938979184488
width: 0.0237807335751713
height: 0.04704875962360992
Area: 0.00027939744395587247
CentroidX: 0.6185
CentroidY: 0.7805
