Location: internet_7.png_Otsu.png
Component: component_1755093286027_132.png
centerX: 0.9238210399032648
centerY: 0.11120615911035073
width: 0.03385731559854897
height: 0.04134587966923296
Area: 0.00044926557318943045
CentroidX: 0.9394
CentroidY: 0.1319
