Location: Dedata_2.png_Gaussian-Median.png
Component: component_1755523807162_255.png
centerX: 0.5879032258064516
centerY: 0.6546024508406953
width: 0.02661290322580645
height: 0.042462239954402965
Area: 0.00043091957087305454
CentroidX: 0.5975
CentroidY: 0.6743
