Location: internet_7.png_Mean-Medain.png
Component: component_1755093286407_28.png
centerX: 0.4179766223297058
centerY: 0.07014542343883662
width: 0.03869407496977025
height: 0.047619047619047616
Area: 0.0004031782120103663
CentroidX: 0.4325
CentroidY: 0.0929
