Location: Dedata_19.png_Otsu.png
Component: component_1755511661612_199.png
centerX: 0.95
centerY: 0.29866058706184095
width: 0.025
height: 0.045027073240239385
Area: 0.0004279318618483347
CentroidX: 0.9593
CentroidY: 0.3192
