Location: internet_7.png_Mean-Medain.png
Component: component_1755093286428_127.png
centerX: 0.456670697299476
centerY: 0.35528942115768464
width: 0.03829101168883515
height: 0.05246649558026804
Area: 0.0004228314258797428
CentroidX: 0.4741
CentroidY: 0.3809
