Location: Dedata_19.png_Mean-Closing.png
Component: component_1755511662035_208.png
centerX: 0.5096774193548387
centerY: 0.5554288971216871
width: 0.027822580645161292
height: 0.04645198062125962
Area: 0.0005407753334742919
CentroidX: 0.5203
CentroidY: 0.5781
