Location: Dedata_2.png_Gaussian-Closing.png
Component: component_1755523807422_266.png
centerX: 0.6733870967741935
centerY: 0.7024793388429752
width: 0.02217741935483871
height: 0.04331718438301511
Area: 0.00040265124702378214
CentroidX: 0.6818
CentroidY: 0.7223
