Location: Dedata_19.png_Otsu.png
Component: component_1755511661612_201.png
centerX: 0.8076612903225806
centerY: 0.3037902536335138
width: 0.02217741935483871
height: 0.04787688800227985
Area: 0.00047585011812941835
CentroidX: 0.8163
CentroidY: 0.3260
