Location: Dedata_19.png_Gaussian-Closing.png
Component: component_1755511661481_148.png
centerX: 0.6689516129032258
centerY: 0.3664861783984041
width: 0.02338709677419355
height: 0.04360216585921915
Area: 0.00044298531885750004
CentroidX: 0.6786
CentroidY: 0.3869
