Location: Dedata_19.png_Otsu.png
Component: component_1755511661613_203.png
centerX: 0.7129032258064516
centerY: 0.30806497577657455
width: 0.025
height: 0.04673696209746366
Area: 0.0004567747451254378
CentroidX: 0.7225
CentroidY: 0.3291
