Location: Dedata_2.png_Mean-Medain.png
Component: component_1755523807258_103.png
centerX: 0.5850806451612903
centerY: 0.2735822171558849
width: 0.03185483870967742
height: 0.04331718438301511
Area: 0.0005699629524080935
CentroidX: 0.5987
CentroidY: 0.2924
