Location: Dedata_2.png_Mean-Medain.png
Component: component_1755523807260_112.png
centerX: 0.1028225806451613
centerY: 0.286406383585067
width: 0.027419354838709678
height: 0.04417212881162724
Area: 0.0005572077331102511
CentroidX: 0.1143
CentroidY: 0.3069
