Location: internet_7.png_Otsu.png
Component: component_1755093286055_681.png
centerX: 0.6731156791616284
centerY: 0.4810379241516966
width: 0.03345425231761386
height: 0.04932991160536071
Area: 0.0003159455258883971
CentroidX: 0.6889
CentroidY: 0.5028
