Location: internet_7.png_Mean-Medain.png
Component: component_1755093286426_117.png
centerX: 0.7706569931479242
centerY: 0.34302822925577414
width: 0.03426037887948408
height: 0.06216139150270887
Area: 0.00048558379297143606
CentroidX: 0.7855
CentroidY: 0.3726
