Location: Dedata_2.png_Gaussian-Closing.png
Component: component_1755523807390_135.png
centerX: 0.944758064516129
centerY: 0.3542319749216301
width: 0.029838709677419355
height: 0.039897406668566546
Area: 0.00043781428400702343
CentroidX: 0.9556
CentroidY: 0.3724
