Location: Dedata_2.png_Gaussian-Closing.png
Component: component_1755523807384_108.png
centerX: 0.42379032258064514
centerY: 0.27871188372755773
width: 0.03064516129032258
height: 0.04189227700199487
Area: 0.0005242280219527666
CentroidX: 0.4366
CentroidY: 0.2977
