Location: internet_7.png_Gaussian-Closing.png
Component: component_1755093286209_129.png
centerX: 0.008464328899637243
centerY: 0.37182777302537784
width: 0.03667875856509472
height: 0.05018534359851725
Area: 0.00043248563620154173
CentroidX: 0.0259
CentroidY: 0.3967
