Location: internet_7.png_Mean-Closing.png
Component: component_1755093286333_157.png
centerX: 0.42200725513905685
centerY: 0.48731109210151125
width: 0.03426037887948408
height: 0.04590818363273453
Area: 0.00043662315491088417
CentroidX: 0.4377
CentroidY: 0.5081
