Location: Dedata_19.png_Otsu.png
Component: component_1755511661604_118.png
centerX: 0.3165322580645161
centerY: 0.19663721858079225
width: 0.01975806451612903
height: 0.0481618694784839
Area: 0.0002483245847084456
CentroidX: 0.3252
CentroidY: 0.2165
