Location: Dedata_19.png_Otsu.png
Component: component_1755511661602_103.png
centerX: 0.6427419354838709
centerY: 0.1866628669136506
width: 0.018548387096774192
height: 0.04645198062125962
Area: 0.00024395793305693195
CentroidX: 0.6497
CentroidY: 0.2087
