Location: internet_7.png_Gaussian-Closing.png
Component: component_1755093286226_211.png
centerX: 0.38492543329302703
centerY: 0.694325634445395
width: 0.030229746070133012
height: 0.046193327630453376
Area: 0.0003942135881401244
CentroidX: 0.3954
CentroidY: 0.7166
