Location: internet_7.png_Otsu.png
Component: component_1755093286118_1069.png
centerX: 0.49334945586457074
centerY: 0.82178500142572
width: 0.030632809351068116
height: 0.04961505560307956
Area: 0.0005478764357620913
CentroidX: 0.5073
CentroidY: 0.8448
