Location: internet_7.png_Otsu.png
Component: component_1755093286022_49.png
centerX: 0.7267230955259976
centerY: 0.06159110350727117
width: 0.03305118903667876
height: 0.04733390362132877
Area: 0.0002448031903027595
CentroidX: 0.7396
CentroidY: 0.0833
