Location: Dedata_2.png_Mean-Closing.png
Component: component_1755523807000_226.png
centerX: 0.39395161290322583
centerY: 0.6152750071245369
width: 0.02258064516129032
height: 0.038472499287546306
Area: 0.0004163257614061538
CentroidX: 0.4025
CentroidY: 0.6328
