Location: Dedata_19.png_Otsu.png
Component: component_1755511661589_20.png
centerX: 0.652016129032258
centerY: 0.011969222000569962
width: 0.02258064516129032
height: 0.04360216585921915
Area: 0.0003511707222901479
CentroidX: 0.6613
CentroidY: 0.0310
