Location: Dedata_19.png_Gaussian-Median.png
Component: component_1755511661098_212.png
centerX: 0.7004032258064516
centerY: 0.5411798233114847
width: 0.02661290322580645
height: 0.04075235109717868
Area: 0.00042666783110710706
CentroidX: 0.7107
CentroidY: 0.5599
