Location: Dedata_19.png_Mean-Closing.png
Component: component_1755511662037_215.png
centerX: 0.1971774193548387
centerY: 0.5756625819321745
width: 0.02338709677419355
height: 0.04645198062125962
Area: 0.0005161841899631363
CentroidX: 0.2070
CentroidY: 0.5984
