Location: internet_7.png_Mean-Medain.png
Component: component_1755093286445_213.png
centerX: 0.2555421201128577
centerY: 0.6313088109495295
width: 0.042724707779121324
height: 0.046763615625891077
Area: 0.0005078804215717813
CentroidX: 0.2710
CentroidY: 0.6511
