Location: Dedata_2.png_Mean-Closing.png
Component: component_1755523807002_238.png
centerX: 0.06169354838709677
centerY: 0.6420632658877173
width: 0.02379032258064516
height: 0.03733257338273012
Area: 0.0003842653453331985
CentroidX: 0.0708
CentroidY: 0.6593
