Location: internet_7.png_Otsu.png
Component: component_1755093286041_325.png
centerX: 0.9020556227327691
centerY: 0.27830054177359564
width: 0.036275695284159616
height: 0.04647847162817223
Area: 0.00037375585674393136
CentroidX: 0.9208
CentroidY: 0.3008
