Location: internet_7.png_Mean-Closing.png
Component: component_1755093286305_43.png
centerX: 0.18218460298266828
centerY: 0.1251782149985743
width: 0.04070939137444579
height: 0.046763615625891077
Area: 0.00037777844437801426
CentroidX: 0.2006
CentroidY: 0.1476
