Location: Dedata_2.png_Gaussian-Closing.png
Component: component_1755523807369_45.png
centerX: 0.557258064516129
centerY: 0.11484753491023084
width: 0.03225806451612903
height: 0.04417212881162724
Area: 0.0005357192105093814
CentroidX: 0.5703
CentroidY: 0.1347
