Location: Dedata_2.png_Mean-Medain.png
Component: component_1755523807270_150.png
centerX: 0.16733870967741934
centerY: 0.4006839555428897
width: 0.028629032258064516
height: 0.04616699914505557
Area: 0.0006204092701716324
CentroidX: 0.1790
CentroidY: 0.4217
