Location: Dedata_2.png_Gaussian-Closing.png
Component: component_1755523807396_163.png
centerX: 0.6625
centerY: 0.4237674551154175
width: 0.02661290322580645
height: 0.03932744371615845
Area: 0.00042666783110710706
CentroidX: 0.6733
CentroidY: 0.4415
