Location: Dedata_19.png_Otsu.png
Component: component_1755511661663_377.png
centerX: 0.5596774193548387
centerY: 0.7913935594186378
width: 0.021774193548387097
height: 0.04331718438301511
Area: 0.00033944970996240085
CentroidX: 0.5680
CentroidY: 0.8114
