Location: Dedata_2.png_Mean-Medain.png
Component: component_1755523807271_155.png
centerX: 0.8548387096774194
centerY: 0.41008834425762325
width: 0.028629032258064516
height: 0.039042462239954404
Area: 0.00042138188437106425
CentroidX: 0.8653
CentroidY: 0.4280
