Location: Dedata_2.png_Gaussian-Closing.png
Component: component_1755523807390_134.png
centerX: 0.02217741935483871
centerY: 0.3513821601595896
width: 0.032661290322580645
height: 0.04474209176403534
Area: 0.0006013338971676518
CentroidX: 0.0348
CentroidY: 0.3712
