Location: Kurtxevani_1794_page_10.png_Mean-Medain.png
Component: component_1755610054815_822.png
centerX: 0.2711864406779661
centerY: 0.20758043190832967
width: 0.012857977790765635
height: 0.01498457470251212
Area: 0.00012363935533409802
CentroidX: 0.2771
CentroidY: 0.2143
