Location: Dedata_19.png_Mean-Closing.png
Component: component_1755511661970_65.png
centerX: 0.1842741935483871
centerY: 0.13764605300655458
width: 0.01975806451612903
height: 0.04645198062125962
Area: 0.00040000827365576074
CentroidX: 0.1919
CentroidY: 0.1596
