Location: internet_7.png_Mean-Closing.png
Component: component_1755093286312_75.png
centerX: 0.777509068923821
centerY: 0.22811519817507842
width: 0.036275695284159616
height: 0.04590818363273453
Area: 0.0005067311108191861
CentroidX: 0.7967
CentroidY: 0.2500
