Location: internet_7.png_Mean-Closing.png
Component: component_1755093286343_210.png
centerX: 0.021362353889560662
centerY: 0.6951810664385515
width: 0.029423619508262798
height: 0.043912175648702596
Area: 0.00040743066179496824
CentroidX: 0.0321
CentroidY: 0.7161
