Location: Dedata_2.png_Mean-Closing.png
Component: component_1755523806962_164.png
centerX: 0.35604838709677417
centerY: 0.4488458250213736
width: 0.024193548387096774
height: 0.03932744371615845
Area: 0.0004533273885584534
CentroidX: 0.3661
CentroidY: 0.4667
