Location: Dedata_2.png_Mean-Closing.png
Component: component_1755523806972_182.png
centerX: 0.45403225806451614
centerY: 0.4964377315474494
width: 0.028225806451612902
height: 0.037902536335138216
Area: 0.00041873891100304285
CentroidX: 0.4646
CentroidY: 0.5134
