Location: Dedata_2.png_Mean-Medain.png
Component: component_1755523807256_93.png
centerX: 0.16088709677419355
centerY: 0.23311484753491024
width: 0.03185483870967742
height: 0.03818751781134226
Area: 0.0005283648498331479
CentroidX: 0.1739
CentroidY: 0.2498
