Location: internet_7.png_Otsu.png
Component: component_1755093286055_682.png
centerX: 0.6021765417170496
centerY: 0.48132306814941545
width: 0.041515517936316
height: 0.046763615625891077
Area: 0.000304912142663484
CentroidX: 0.6198
CentroidY: 0.5006
