Location: Dedata_2.png_Mean-Closing.png
Component: component_1755523806934_137.png
centerX: 0.7129032258064516
centerY: 0.3676261043032203
width: 0.025806451612903226
height: 0.0347677400968937
Area: 0.00040046792119802536
CentroidX: 0.7230
CentroidY: 0.3832
