Location: Dedata_2.png_Gaussian-Closing.png
Component: component_1755523807404_193.png
centerX: 0.917741935483871
centerY: 0.5172413793103449
width: 0.027822580645161292
height: 0.04217725847819892
Area: 0.0004265529192215409
CentroidX: 0.9271
CentroidY: 0.5364
