Location: Dedata_19.png_Gaussian-Median.png
Component: component_1755511661131_298.png
centerX: 0.8173387096774194
centerY: 0.7754345967512112
width: 0.021370967741935483
height: 0.04217725847819892
Area: 0.0003723145092343191
CentroidX: 0.8255
CentroidY: 0.7955
