Location: Dedata_19.png_Gaussian-Closing.png
Component: component_1755511661512_261.png
centerX: 0.37459677419354837
centerY: 0.6870903391279567
width: 0.020967741935483872
height: 0.04189227700199487
Area: 0.00038150746007961097
CentroidX: 0.3827
CentroidY: 0.7067
