Location: Dedata_2.png_Mean-Medain.png
Component: component_1755523807275_172.png
centerX: 0.15403225806451612
centerY: 0.46309489883157595
width: 0.025806451612903226
height: 0.040467369620974636
Area: 0.0004651633127717666
CentroidX: 0.1641
CentroidY: 0.4814
