Location: internet_7.png_Gaussian-Closing.png
Component: component_1755093286234_252.png
centerX: 0.43450221684804513
centerY: 0.8232107214143143
width: 0.03143893591293833
height: 0.044767607641859136
Area: 0.0003726065459913363
CentroidX: 0.4490
CentroidY: 0.8445
