Location: internet_7.png_Otsu.png
Component: component_1755093286090_837.png
centerX: 0.9266424828698105
centerY: 0.6156258910749929
width: 0.03506650544135429
height: 0.036783575705731396
Area: 0.00032778342664012677
CentroidX: 0.9437
CentroidY: 0.6302
