Location: Dedata_19.png_Mean-Closing.png
Component: component_1755511662038_217.png
centerX: 0.1028225806451613
centerY: 0.5802222855514392
width: 0.024596774193548387
height: 0.04474209176403534
Area: 0.00048780095422829776
CentroidX: 0.1123
CentroidY: 0.6015
