Location: internet_7.png_Mean-Closing.png
Component: component_1755093286314_81.png
centerX: 0.5090689238210399
centerY: 0.23781009409751924
width: 0.037081821846029824
height: 0.04704875962360992
Area: 0.0005485660222136484
CentroidX: 0.5280
CentroidY: 0.2614
