Location: Dedata_19.png_Gaussian-Closing.png
Component: component_1755511661504_233.png
centerX: 0.6588709677419354
centerY: 0.6124251923624965
width: 0.025403225806451612
height: 0.045597036192647475
Area: 0.000481021152979895
CentroidX: 0.6685
CentroidY: 0.6343
