Location: Dedata_2.png_Mean-Closing.png
Component: component_1755523807007_264.png
centerX: 0.5423387096774194
centerY: 0.7138785978911371
width: 0.01935483870967742
height: 0.04160729552579082
Area: 0.00040138721628255454
CentroidX: 0.5497
CentroidY: 0.7331
