Location: Dedata_19.png_Gaussian-Closing.png
Component: component_1755511661379_22.png
centerX: 0.652016129032258
centerY: 0.011684240524365916
width: 0.022983870967741935
height: 0.04417212881162724
Area: 0.00039391794372075495
CentroidX: 0.6614
CentroidY: 0.0313
