Location: Dedata_19.png_Mean-Closing.png
Component: component_1755511662004_136.png
centerX: 0.8887096774193548
centerY: 0.3559418637788544
width: 0.024596774193548387
height: 0.04445711028783129
Area: 0.00045757912832440086
CentroidX: 0.8984
CentroidY: 0.3766
