Location: Dedata_2.png_Gaussian-Closing.png
Component: component_1755523807429_282.png
centerX: 0.7653225806451613
centerY: 0.7569108007979481
width: 0.025806451612903226
height: 0.04445711028783129
Area: 0.00045953263037902536
CentroidX: 0.7750
CentroidY: 0.7768
