Location: internet_7.png_Mean-Closing.png
Component: component_1755093286329_140.png
centerX: 0.3970173317210802
centerY: 0.41659538066723695
width: 0.035872632003224506
height: 0.05075563159395495
Area: 0.00038053679018424253
CentroidX: 0.4155
CentroidY: 0.4404
