Location: internet_7.png_Mean-Medain.png
Component: component_1755093286431_139.png
centerX: 0.5413139862958485
centerY: 0.40975192472198463
width: 0.04353083434099154
height: 0.052751639577986884
Area: 0.0004459325720069046
CentroidX: 0.5640
CentroidY: 0.4349
