Location: internet_7.png_Mean-Closing.png
Component: component_1755093286297_7.png
centerX: 0.8927851672712616
centerY: 0.013401767892785858
width: 0.03869407496977025
height: 0.03877958368976333
Area: 0.0003772037890017167
CentroidX: 0.9091
CentroidY: 0.0300
