Location: Dedata_19.png_Mean-Closing.png
Component: component_1755511662045_233.png
centerX: 0.32903225806451614
centerY: 0.6312339697919636
width: 0.024193548387096774
height: 0.04673696209746366
Area: 0.00047872291526857203
CentroidX: 0.3387
CentroidY: 0.6538
