Location: internet_7.png_Mean-Closing.png
Component: component_1755093286296_3.png
centerX: 0.024586860137041516
centerY: 0.013401767892785858
width: 0.03305118903667876
height: 0.037639007698887936
Area: 0.0003257146672854556
CentroidX: 0.0360
CentroidY: 0.0326
