Location: Dedata_19.png_Gaussian-Median.png
Component: component_1755511661140_314.png
centerX: 0.11895161290322581
centerY: 0.8255913365631234
width: 0.01975806451612903
height: 0.042462239954402965
Area: 0.00036174261576223354
CentroidX: 0.1261
CentroidY: 0.8465
