Location: internet_7.png_Otsu.png
Component: component_1755093286037_308.png
centerX: 0.7779121322047562
centerY: 0.22840034217279725
width: 0.035872632003224506
height: 0.04562303963501568
Area: 0.00046064374964012206
CentroidX: 0.7967
CentroidY: 0.2500
