Location: internet_7.png_Mean-Medain.png
Component: component_1755093286403_6.png
centerX: 0.7948407900040306
centerY: 0.013401767892785858
width: 0.03184199919387344
height: 0.041916167664670656
Area: 0.0003672047854541392
CentroidX: 0.8050
CentroidY: 0.0315
