Location: Dedata_19.png_Mean-Closing.png
Component: component_1755511662069_310.png
centerX: 0.7818548387096774
centerY: 0.8381305215161015
width: 0.02217741935483871
height: 0.04616699914505557
Area: 0.00043689498892249425
CentroidX: 0.7911
CentroidY: 0.8607
