Location: Dedata_19.png_Mean-Closing.png
Component: component_1755511662039_220.png
centerX: 0.9540322580645161
centerY: 0.5961812482188658
width: 0.028629032258064516
height: 0.04474209176403534
Area: 0.0004797571222386674
CentroidX: 0.9651
CentroidY: 0.6162
