Location: Dedata_19.png_Gaussian-Median.png
Component: component_1755511661108_244.png
centerX: 0.28588709677419355
centerY: 0.6326588771729837
width: 0.02217741935483871
height: 0.043032202906811055
Area: 0.0004375844602358911
CentroidX: 0.2945
CentroidY: 0.6539
