Location: Dedata_2.png_Gaussian-Closing.png
Component: component_1755523807378_84.png
centerX: 0.6504032258064516
centerY: 0.21430607010544314
width: 0.03024193548387097
height: 0.04103733257338273
Area: 0.0005021649399240662
CentroidX: 0.6621
CentroidY: 0.2324
