Location: Dedata_2.png_Gaussian-Closing.png
Component: component_1755523807429_284.png
centerX: 0.7205645161290323
centerY: 0.7597606155599886
width: 0.02258064516129032
height: 0.04331718438301511
Area: 0.0004574642164388347
CentroidX: 0.7304
CentroidY: 0.7801
