Location: Dedata_19.png_Gaussian-Median.png
Component: component_1755511661098_211.png
centerX: 0.7887096774193548
centerY: 0.5380450270732402
width: 0.025403225806451612
height: 0.04360216585921915
Area: 0.0004393081385193833
CentroidX: 0.7989
CentroidY: 0.5594
