Location: internet_7.png_Gaussian-Closing.png
Component: component_1755093286233_246.png
centerX: 0.8274889157597742
centerY: 0.8212147134302823
width: 0.0354695687222894
height: 0.04448246364414029
Area: 0.0005120179402811237
CentroidX: 0.8432
CentroidY: 0.8421
