Location: Dedata_2.png_Gaussian-Median.png
Component: component_1755523807122_69.png
centerX: 0.7024193548387097
centerY: 0.16300940438871472
width: 0.03185483870967742
height: 0.037902536335138216
Area: 0.0005003263497550079
CentroidX: 0.7153
CentroidY: 0.1806
