Location: internet_7.png_Mean-Medain.png
Component: component_1755093286419_84.png
centerX: 0.5638855300282144
centerY: 0.2352437981180496
width: 0.04030632809351068
height: 0.04590818363273453
Area: 0.0005235110478070749
CentroidX: 0.5838
CentroidY: 0.2578
