Location: internet_7.png_Mean-Closing.png
Component: component_1755093286306_46.png
centerX: 0.2877871825876663
centerY: 0.12546335899629313
width: 0.030229746070133012
height: 0.04562303963501568
Area: 0.0003198531824472205
CentroidX: 0.3025
CentroidY: 0.1480
