Location: internet_7.png_Mean-Closing.png
Component: component_1755093286319_101.png
centerX: 0.46311970979443773
centerY: 0.30082691759338465
width: 0.03667875856509472
height: 0.04562303963501568
Area: 0.0004499551596409875
CentroidX: 0.4817
CentroidY: 0.3227
