Location: Dedata_19.png_Gaussian-Median.png
Component: component_1755511661084_155.png
centerX: 0.43629032258064515
centerY: 0.3804502707324024
width: 0.02620967741935484
height: 0.04417212881162724
Area: 0.0004706790832789417
CentroidX: 0.4462
CentroidY: 0.4014
