Location: Dedata_19.png_Mean-Closing.png
Component: component_1755511662063_298.png
centerX: 0.3810483870967742
centerY: 0.8062125961812482
width: 0.02258064516129032
height: 0.047591906526075804
Area: 0.0004528677410161888
CentroidX: 0.3900
CentroidY: 0.8289
