Location: Dedata_2.png_Mean-Closing.png
Component: component_1755523806901_56.png
centerX: 0.910483870967742
centerY: 0.152465089769165
width: 0.02903225806451613
height: 0.039612425192362494
Area: 0.0004894097206262238
CentroidX: 0.9223
CentroidY: 0.1703
