Location: Dedata_19.png_Gaussian-Closing.png
Component: component_1755511661516_275.png
centerX: 0.714516129032258
centerY: 0.7238529495582787
width: 0.01975806451612903
height: 0.042462239954402965
Area: 0.0003946074150341518
CentroidX: 0.7226
CentroidY: 0.7447
