Location: Dedata_2.png_Mean-Closing.png
Component: component_1755523806970_178.png
centerX: 0.6532258064516129
centerY: 0.48019378740381874
width: 0.027822580645161292
height: 0.03875748076375036
Area: 0.00044608793976778606
CentroidX: 0.6644
CentroidY: 0.4977
