Location: Dedata_19.png_Gaussian-Median.png
Component: component_1755511661101_219.png
centerX: 0.46169354838709675
centerY: 0.5628384155029923
width: 0.025806451612903226
height: 0.04673696209746366
Area: 0.0005081403579735059
CentroidX: 0.4717
CentroidY: 0.5849
