Location: Dedata_19.png_Gaussian-Closing.png
Component: component_1755511661518_284.png
centerX: 0.3254032258064516
centerY: 0.750356226845255
width: 0.02217741935483871
height: 0.047021943573667714
Area: 0.00043333272046994366
CentroidX: 0.3344
CentroidY: 0.7725
