Location: Dedata_2.png_Gaussian-Median.png
Component: component_1755523807162_253.png
centerX: 0.02056451612903226
centerY: 0.6437731547449416
width: 0.020967741935483872
height: 0.04075235109717868
Area: 0.00039483723880528413
CentroidX: 0.0290
CentroidY: 0.6631
