Location: internet_7.png_Mean-Medain.png
Component: component_1755093286441_191.png
centerX: 0.36275695284159615
centerY: 0.5520387795836897
width: 0.03143893591293833
height: 0.04590818363273453
Area: 0.00048052682566001757
CentroidX: 0.3769
CentroidY: 0.5723
