Location: Dedata_19.png_Gaussian-Median.png
Component: component_1755511661066_74.png
centerX: 0.9346774193548387
centerY: 0.17412368196067254
width: 0.027016129032258064
height: 0.05386149900256483
Area: 0.0005202061059579515
CentroidX: 0.9446
CentroidY: 0.1985
