Location: Dedata_19.png_Mean-Closing.png
Component: component_1755511662022_175.png
centerX: 0.06129032258064516
centerY: 0.45654032487888285
width: 0.020967741935483872
height: 0.045597036192647475
Area: 0.0004730922328758308
CentroidX: 0.0701
CentroidY: 0.4785
