Location: internet_7.png_Mean-Medain.png
Component: component_1755093286419_83.png
centerX: 0.6170898831116485
centerY: 0.23410322212717422
width: 0.04070939137444579
height: 0.04590818363273453
Area: 0.0005339697756556904
CentroidX: 0.6364
CentroidY: 0.2567
