Location: Dedata_2.png_Gaussian-Closing.png
Component: component_1755523807393_147.png
centerX: 0.41774193548387095
centerY: 0.3847249928754631
width: 0.024596774193548387
height: 0.03818751781134226
Area: 0.00040529422039180355
CentroidX: 0.4276
CentroidY: 0.4018
