Location: internet_7.png_Otsu.png
Component: component_1755093286021_16.png
centerX: 0.29826682789197906
centerY: 0.020245223838038208
width: 0.02781136638452237
height: 0.036213287710293696
Area: 0.0002837648248157339
CentroidX: 0.3076
CentroidY: 0.0362
