Location: internet_7.png_Mean-Medain.png
Component: component_1755093286434_155.png
centerX: 0.06569931479242241
centerY: 0.43028229255774164
width: 0.04312777106005643
height: 0.05075563159395495
Area: 0.0004974216937231658
CentroidX: 0.0876
CentroidY: 0.4549
