Location: internet_7.png_Gaussian-Closing.png
Component: component_1755093286218_167.png
centerX: 0.8029020556227328
centerY: 0.546050755631594
width: 0.03506650544135429
height: 0.04505275163957799
Area: 0.0004239807366323379
CentroidX: 0.8139
CentroidY: 0.5665
