Location: Dedata_19.png_Mean-Closing.png
Component: component_1755511662064_301.png
centerX: 0.24919354838709679
centerY: 0.8187517811342263
width: 0.02258064516129032
height: 0.042462239954402965
Area: 0.0004131082286103016
CentroidX: 0.2582
CentroidY: 0.8388
