Location: Dedata_2.png_Gaussian-Closing.png
Component: component_1755523807412_228.png
centerX: 0.5403225806451613
centerY: 0.6027358221715589
width: 0.024596774193548387
height: 0.04018238814477059
Area: 0.00040644333924746507
CentroidX: 0.5494
CentroidY: 0.6218
