Location: internet_7.png_Mean-Closing.png
Component: component_1755093286324_120.png
centerX: 0.456670697299476
centerY: 0.35528942115768464
width: 0.03788794840790004
height: 0.05218135158254919
Area: 0.00041961335577247647
CentroidX: 0.4741
CentroidY: 0.3809
