Location: Dedata_19.png_Gaussian-Closing.png
Component: component_1755511661390_26.png
centerX: 0.9516129032258065
centerY: 0.060701054431461954
width: 0.018548387096774192
height: 0.043032202906811055
Area: 0.0003451953042407082
CentroidX: 0.9596
CentroidY: 0.0805
