Location: Dedata_19.png_Otsu.png
Component: component_1755511661610_189.png
centerX: 0.3403225806451613
centerY: 0.25876318039327445
width: 0.025
height: 0.04616699914505557
Area: 0.0004360906057235312
CentroidX: 0.3500
CentroidY: 0.2799
