Location: Dedata_19.png_Mean-Closing.png
Component: component_1755511662022_172.png
centerX: 0.19516129032258064
centerY: 0.4505557138785979
width: 0.02620967741935484
height: 0.050156739811912224
Area: 0.0005442226900412763
CentroidX: 0.2052
CentroidY: 0.4741
