Location: Dedata_2.png_Gaussian-Closing.png
Component: component_1755523807419_253.png
centerX: 0.28911290322580646
centerY: 0.6793958392704474
width: 0.021774193548387097
height: 0.04417212881162724
Area: 0.0004318388659575837
CentroidX: 0.2980
CentroidY: 0.7003
