Location: Dedata_2.png_Mean-Medain.png
Component: component_1755523807308_291.png
centerX: 0.4495967741935484
centerY: 0.7876888002279852
width: 0.024596774193548387
height: 0.04474209176403534
Area: 0.0004999816140983095
CentroidX: 0.4589
CentroidY: 0.8083
