Location: internet_7.png_Gaussian-Closing.png
Component: component_1755093286220_173.png
centerX: 0.4280532043530834
centerY: 0.5517536355859709
width: 0.026602176541717048
height: 0.04305674365554605
Area: 0.0004115681805043107
CentroidX: 0.4402
CentroidY: 0.5710
