Location: Dedata_2.png_Gaussian-Median.png
Component: component_1755523807138_148.png
centerX: 0.665725806451613
centerY: 0.3707609005414648
width: 0.024193548387096774
height: 0.03590766600170989
Area: 0.0003834609621342355
CentroidX: 0.6754
CentroidY: 0.3871
