Location: internet_7.png_Otsu.png
Component: component_1755093286028_142.png
centerX: 0.5876662636033857
centerY: 0.1234673510122612
width: 0.024586860137041516
height: 0.039635015682919876
Area: 0.0003182441473935873
CentroidX: 0.5978
CentroidY: 0.1437
