Location: internet_7.png_Mean-Medain.png
Component: component_1755093286404_13.png
centerX: 0.42926239419588874
centerY: 0.016253207869974338
width: 0.035872632003224506
height: 0.040490447676076416
Area: 0.0003922597598607127
CentroidX: 0.4443
CentroidY: 0.0355
