Location: Dedata_19.png_Gaussian-Closing.png
Component: component_1755511661491_186.png
centerX: 0.8508064516129032
centerY: 0.46936449130806496
width: 0.02620967741935484
height: 0.045597036192647475
Area: 0.0004464326754244845
CentroidX: 0.8610
CentroidY: 0.4906
