Location: Dedata_2.png_Mean-Medain.png
Component: component_1755523807272_158.png
centerX: 0.7588709677419355
centerY: 0.4169278996865204
width: 0.024596774193548387
height: 0.039612425192362494
Area: 0.00041391261180926466
CentroidX: 0.7691
CentroidY: 0.4347
