Location: Dedata_19.png_Otsu.png
Component: component_1755511661625_254.png
centerX: 0.2923387096774194
centerY: 0.44856084354516956
width: 0.02258064516129032
height: 0.045597036192647475
Area: 0.00044310023074306624
CentroidX: 0.3008
CentroidY: 0.4696
