Location: Dedata_2.png_Gaussian-Median.png
Component: component_1755523807171_290.png
centerX: 0.7653225806451613
centerY: 0.7569108007979481
width: 0.025806451612903226
height: 0.04474209176403534
Area: 0.00045976245415015765
CentroidX: 0.7750
CentroidY: 0.7768
