Location: internet_7.png_Otsu.png
Component: component_1755093286027_134.png
centerX: 0.8694074969770254
centerY: 0.11491303108069575
width: 0.0354695687222894
height: 0.04134587966923296
Area: 0.00047753861770327027
CentroidX: 0.8867
CentroidY: 0.1357
