Location: Dedata_2.png_Gaussian-Median.png
Component: component_1755523807153_225.png
centerX: 0.8254032258064516
centerY: 0.5768025078369906
width: 0.024596774193548387
height: 0.04445711028783129
Area: 0.00044172128811627244
CentroidX: 0.8346
CentroidY: 0.5974
