Location: Dedata_2.png_Gaussian-Closing.png
Component: component_1755523807411_227.png
centerX: 0.589516129032258
centerY: 0.5984611000284982
width: 0.02258064516129032
height: 0.03761755485893417
Area: 0.00038070307688064793
CentroidX: 0.5981
CentroidY: 0.6157
