Location: Dedata_2.png_Gaussian-Median.png
Component: component_1755523807121_62.png
centerX: 0.01975806451612903
centerY: 0.12767170133941294
width: 0.02620967741935484
height: 0.04331718438301511
Area: 0.0005036587944364262
CentroidX: 0.0292
CentroidY: 0.1466
