Location: Dedata_2.png_Gaussian-Median.png
Component: component_1755523807175_308.png
centerX: 0.06854838709677419
centerY: 0.823026503277287
width: 0.024193548387096774
height: 0.04417212881162724
Area: 0.0004583835115233639
CentroidX: 0.0781
CentroidY: 0.8438
