Location: internet_7.png_Gaussian-Closing.png
Component: component_1755093286211_135.png
centerX: 0.7670294236195082
centerY: 0.41174793270601656
width: 0.031035872632003223
height: 0.045337895637296836
Area: 0.00036743464760465825
CentroidX: 0.7795
CentroidY: 0.4342
