Location: internet_7.png_Mean-Medain.png
Component: component_1755093286405_14.png
centerX: 0.16041918581217252
centerY: 0.017678927858568578
width: 0.044740024183796856
height: 0.04448246364414029
Area: 0.00041375187093424136
CentroidX: 0.1785
CentroidY: 0.0369
