Location: internet_7.png_Mean-Medain.png
Component: component_1755093286449_229.png
centerX: 0.18984280532043532
centerY: 0.6951810664385515
width: 0.03345425231761386
height: 0.04305674365554605
Area: 0.0004535180229740324
CentroidX: 0.2031
CentroidY: 0.7149
