Location: Dedata_2.png_Mean-Medain.png
Component: component_1755523807288_235.png
centerX: 0.19959677419354838
centerY: 0.6318039327443716
width: 0.02379032258064516
height: 0.04018238814477059
Area: 0.0004288511569328639
CentroidX: 0.2090
CentroidY: 0.6509
