Location: internet_7.png_Gaussian-Closing.png
Component: component_1755093286215_149.png
centerX: 0.7807335751713019
centerY: 0.47904191616766467
width: 0.032245062474808545
height: 0.0499001996007984
Area: 0.00041972828684773596
CentroidX: 0.7956
CentroidY: 0.5031
