Location: Dedata_19.png_Otsu.png
Component: component_1755511661592_30.png
centerX: 0.7516129032258064
centerY: 0.06583072100313479
width: 0.021370967741935483
height: 0.04360216585921915
Area: 0.0003216383676996479
CentroidX: 0.7594
CentroidY: 0.0856
