Location: internet_7.png_Mean-Medain.png
Component: component_1755093286437_176.png
centerX: 0.18621523579201935
centerY: 0.49615055603079555
width: 0.03426037887948408
height: 0.04790419161676647
Area: 0.0004315661875994657
CentroidX: 0.1996
CentroidY: 0.5188
