Location: Dedata_2.png_Gaussian-Median.png
Component: component_1755523807128_99.png
centerX: 0.21975806451612903
centerY: 0.23197492163009403
width: 0.027822580645161292
height: 0.03761755485893417
Area: 0.00046573787219959735
CentroidX: 0.2310
CentroidY: 0.2490
