Location: Dedata_2.png_Gaussian-Closing.png
Component: component_1755523807433_298.png
centerX: 0.16451612903225807
centerY: 0.8136221145625534
width: 0.02338709677419355
height: 0.04331718438301511
Area: 0.0004687255812243172
CentroidX: 0.1738
CentroidY: 0.8336
