Location: Dedata_2.png_Mean-Medain.png
Component: component_1755523807231_8.png
centerX: 0.6854838709677419
centerY: 0.008549444286121402
width: 0.028629032258064516
height: 0.04474209176403534
Area: 0.000526066612121825
CentroidX: 0.6985
CentroidY: 0.0284
