Location: internet_7.png_Otsu.png
Component: component_1755093286034_294.png
centerX: 0.5888754534461911
centerY: 0.17536355859709152
width: 0.04675534058847239
height: 0.04818933561448532
Area: 0.0006238458765086284
CentroidX: 0.6118
CentroidY: 0.1977
