Location: Dedata_2.png_Mean-Closing.png
Component: component_1755523806914_114.png
centerX: 0.9596774193548387
centerY: 0.30635508691935026
width: 0.03508064516129032
height: 0.03619264747791394
Area: 0.00047171329024903706
CentroidX: 0.9750
CentroidY: 0.3226
