Location: Dedata_19.png_Gaussian-Median.png
Component: component_1755511661129_296.png
centerX: 0.8588709677419355
centerY: 0.7734397264177828
width: 0.024596774193548387
height: 0.04189227700199487
Area: 0.00038564428795999226
CentroidX: 0.8685
CentroidY: 0.7933
