Location: Dedata_2.png_Gaussian-Median.png
Component: component_1755523807117_45.png
centerX: 0.9451612903225807
centerY: 0.10772299800512966
width: 0.03185483870967742
height: 0.04075235109717868
Area: 0.0005080254460879398
CentroidX: 0.9585
CentroidY: 0.1257
