Location: Dedata_2.png_Mean-Closing.png
Component: component_1755523806979_189.png
centerX: 0.16088709677419355
centerY: 0.5198062125961812
width: 0.025806451612903226
height: 0.03875748076375036
Area: 0.0004329879848132452
CentroidX: 0.1716
CentroidY: 0.5370
