Location: internet_7.png_Otsu.png
Component: component_1755093286081_827.png
centerX: 0.13502619911326078
centerY: 0.5566010835471913
width: 0.026602176541717048
height: 0.04733390362132877
Area: 0.0004412203979212646
CentroidX: 0.1449
CentroidY: 0.5787
