Location: Dedata_19.png_Mean-Closing.png
Component: component_1755511662057_279.png
centerX: 0.24233870967741936
centerY: 0.7571957822741522
width: 0.022983870967741935
height: 0.0438871473354232
Area: 0.0004163257614061538
CentroidX: 0.2514
CentroidY: 0.7779
