Location: Dedata_19.png_Otsu.png
Component: component_1755511661588_14.png
centerX: 0.16048387096774194
centerY: 0.011684240524365916
width: 0.021774193548387097
height: 0.04417212881162724
Area: 0.0003549628145138308
CentroidX: 0.1687
CentroidY: 0.0322
