Location: Dedata_19.png_Gaussian-Closing.png
Component: component_1755511661532_322.png
centerX: 0.5447580645161291
centerY: 0.8520946138500998
width: 0.027822580645161292
height: 0.04474209176403534
Area: 0.00042954062824626074
CentroidX: 0.5554
CentroidY: 0.8720
