Location: Dedata_19.png_Mean-Closing.png
Component: component_1755511662004_137.png
centerX: 0.9362903225806452
centerY: 0.3585066970646908
width: 0.022983870967741935
height: 0.042462239954402965
Area: 0.00044861600125024133
CentroidX: 0.9451
CentroidY: 0.3779
