Location: internet_7.png_Mean-Medain.png
Component: component_1755093286418_77.png
centerX: 0.9334945586457074
centerY: 0.22184203022526375
width: 0.036275695284159616
height: 0.040490447676076416
Area: 0.0004524836432966968
CentroidX: 0.9534
CentroidY: 0.2421
