Location: Dedata_2.png_Mean-Medain.png
Component: component_1755523807280_194.png
centerX: 0.8205645161290323
centerY: 0.5232259903106298
width: 0.02620967741935484
height: 0.04018238814477059
Area: 0.00042080732494323355
CentroidX: 0.8302
CentroidY: 0.5408
