Location: Dedata_2.png_Mean-Closing.png
Component: component_1755523807000_227.png
centerX: 0.3455645161290323
centerY: 0.6186947848389854
width: 0.021774193548387097
height: 0.04075235109717868
Area: 0.0004245994171669164
CentroidX: 0.3543
CentroidY: 0.6376
