Location: internet_7.png_Gaussian-Closing.png
Component: component_1755093286202_103.png
centerX: 0.11366384522370013
centerY: 0.30424864556601083
width: 0.03345425231761386
height: 0.05075563159395495
Area: 0.0004820209296383912
CentroidX: 0.1299
CentroidY: 0.3307
