Location: Dedata_19.png_Mean-Closing.png
Component: component_1755511661930_42.png
centerX: 0.2342741935483871
centerY: 0.0706754060986036
width: 0.02217741935483871
height: 0.049586776859504134
Area: 0.00043597569383796507
CentroidX: 0.2429
CentroidY: 0.0937
