Location: Dedata_19.png_Gaussian-Closing.png
Component: component_1755511661494_196.png
centerX: 0.37701612903225806
centerY: 0.5041322314049587
width: 0.025403225806451612
height: 0.04331718438301511
Area: 0.00046045192546355455
CentroidX: 0.3867
CentroidY: 0.5243
