Location: Dedata_19.png_Gaussian-Closing.png
Component: component_1755511661477_129.png
centerX: 0.5802419354838709
centerY: 0.3129096608720433
width: 0.024596774193548387
height: 0.04445711028783129
Area: 0.0004766545013283814
CentroidX: 0.5900
CentroidY: 0.3335
