Location: Dedata_2.png_Gaussian-Median.png
Component: component_1755523807172_296.png
centerX: 0.6298387096774194
centerY: 0.7728697634653747
width: 0.025403225806451612
height: 0.04217725847819892
Area: 0.0004497651201059028
CentroidX: 0.6395
CentroidY: 0.7924
