Location: Dedata_19.png_Gaussian-Median.png
Component: component_1755511661070_94.png
centerX: 0.09959677419354838
centerY: 0.20148190367626104
width: 0.02056451612903226
height: 0.0481618694784839
Area: 0.0004183941753463444
CentroidX: 0.1071
CentroidY: 0.2243
