Location: Dedata_19.png_Gaussian-Median.png
Component: component_1755511661084_156.png
centerX: 0.3879032258064516
centerY: 0.38273012254203476
width: 0.021774193548387097
height: 0.04531205471644343
Area: 0.00046079666112025297
CentroidX: 0.3960
CentroidY: 0.4044
