Location: Dedata_2.png_Mean-Closing.png
Component: component_1755523807004_246.png
centerX: 0.3911290322580645
centerY: 0.6736962097463665
width: 0.02258064516129032
height: 0.038472499287546306
Area: 0.000402536335138216
CentroidX: 0.3996
CentroidY: 0.6914
