Location: Dedata_19.png_Gaussian-Closing.png
Component: component_1755511661530_317.png
centerX: 0.782258064516129
centerY: 0.8381305215161015
width: 0.021774193548387097
height: 0.04616699914505557
Area: 0.00041414243558039694
CentroidX: 0.7911
CentroidY: 0.8607
