Location: Dedata_19.png_Gaussian-Closing.png
Component: component_1755511661491_185.png
centerX: 0.8987903225806452
centerY: 0.46793958392704477
width: 0.025806451612903226
height: 0.04360216585921915
Area: 0.00043976778606164793
CentroidX: 0.9088
CentroidY: 0.4879
