Location: Dedata_2.png_Gaussian-Median.png
Component: component_1755523807129_106.png
centerX: 0.8572580645161291
centerY: 0.2579082359646623
width: 0.039919354838709675
height: 0.043032202906811055
Area: 0.0005769725774276285
CentroidX: 0.8741
CentroidY: 0.2757
