Location: Dedata_19.png_Otsu.png
Component: component_1755511661631_279.png
centerX: 0.14556451612903226
centerY: 0.5178113422627529
width: 0.025403225806451612
height: 0.042462239954402965
Area: 0.00042207135568446115
CentroidX: 0.1558
CentroidY: 0.5375
