Location: internet_7.png_Otsu.png
Component: component_1755093286121_1074.png
centerX: 0.9314792422410318
centerY: 0.823781009409752
width: 0.03184199919387344
height: 0.04020530367835757
Area: 0.0004469669516842402
CentroidX: 0.9463
CentroidY: 0.8423
