Location: internet_7.png_Mean-Medain.png
Component: component_1755093286456_266.png
centerX: 0.18057234985892784
centerY: 0.8229255774165953
width: 0.02902055622732769
height: 0.04305674365554605
Area: 0.00036352699104583484
CentroidX: 0.1931
CentroidY: 0.8428
