Location: internet_7.png_Gaussian-Closing.png
Component: component_1755093286210_133.png
centerX: 0.720677146311971
centerY: 0.41060735671514115
width: 0.028214429665457477
height: 0.05075563159395495
Area: 0.0003918000355596747
CentroidX: 0.7309
CentroidY: 0.4361
