Location: internet_7.png_Mean-Closing.png
Component: component_1755093286307_48.png
centerX: 0.07053607416364369
centerY: 0.12688907898488735
width: 0.03788794840790004
height: 0.045337895637296836
Area: 0.0003968570028710932
CentroidX: 0.0866
CentroidY: 0.1495
