Location: internet_7.png_Otsu.png
Component: component_1755093286124_1078.png
centerX: 0.06852075775896815
centerY: 0.8246364414029085
width: 0.031035872632003223
height: 0.04305674365554605
Area: 0.0003403109138434135
CentroidX: 0.0801
CentroidY: 0.8446
