Location: Dedata_19.png_Gaussian-Median.png
Component: component_1755511661070_97.png
centerX: 0.05846774193548387
centerY: 0.20347677400968936
width: 0.02056451612903226
height: 0.045027073240239385
Area: 0.000408741576958788
CentroidX: 0.0664
CentroidY: 0.2243
