Location: Dedata_19.png_Otsu.png
Component: component_1755511661632_286.png
centerX: 0.7008064516129032
centerY: 0.5414648047876888
width: 0.025806451612903226
height: 0.04018238814477059
Area: 0.00039357320806405647
CentroidX: 0.7107
CentroidY: 0.5597
