Location: Dedata_2.png_Gaussian-Closing.png
Component: component_1755523807410_220.png
centerX: 0.9604838709677419
centerY: 0.5782274152180108
width: 0.024596774193548387
height: 0.039042462239954404
Area: 0.00038173728385074325
CentroidX: 0.9702
CentroidY: 0.5955
