Location: internet_7.png_Otsu.png
Component: component_1755093286033_289.png
centerX: 0.8069326884320839
centerY: 0.17194183062446536
width: 0.04232164449818621
height: 0.046193327630453376
Area: 0.0005662654078036132
CentroidX: 0.8303
CentroidY: 0.1948
