Location: Dedata_2.png_Gaussian-Closing.png
Component: component_1755523807422_263.png
centerX: 0.06370967741935483
centerY: 0.6956397834140781
width: 0.02379032258064516
height: 0.04673696209746366
Area: 0.0004528677410161888
CentroidX: 0.0721
CentroidY: 0.7179
