Location: internet_7.png_Otsu.png
Component: component_1755093286040_320.png
centerX: 0.13301088270858524
centerY: 0.24379811804961504
width: 0.041515517936316
height: 0.045337895637296836
Area: 0.00047340109899392783
CentroidX: 0.1521
CentroidY: 0.2661
