Location: Dedata_19.png_Gaussian-Median.png
Component: component_1755511661117_276.png
centerX: 0.7955645161290322
centerY: 0.7187232829866058
width: 0.02258064516129032
height: 0.04189227700199487
Area: 0.0003758767776868697
CentroidX: 0.8040
CentroidY: 0.7386
