Location: Dedata_19.png_Otsu.png
Component: component_1755511661648_336.png
centerX: 0.40846774193548385
centerY: 0.6865203761755486
width: 0.021370967741935483
height: 0.04160729552579082
Area: 0.00035346896000147085
CentroidX: 0.4179
CentroidY: 0.7056
