Location: internet_7.png_Mean-Closing.png
Component: component_1755093286308_55.png
centerX: 0.8637646110439339
centerY: 0.16766467065868262
width: 0.03466344216041919
height: 0.039635015682919876
Area: 0.00043329015372835835
CentroidX: 0.8814
CentroidY: 0.1871
