Location: internet_7.png_Gaussian-Closing.png
Component: component_1755093286234_251.png
centerX: 0.23982265215638857
centerY: 0.8229255774165953
width: 0.030632809351068116
height: 0.04733390362132877
Area: 0.0003485859512620984
CentroidX: 0.2526
CentroidY: 0.8456
