Location: Dedata_19.png_Mean-Closing.png
Component: component_1755511662034_207.png
centerX: 0.5588709677419355
centerY: 0.5511541749786264
width: 0.025
height: 0.04445711028783129
Area: 0.00048573254028810706
CentroidX: 0.5681
CentroidY: 0.5727
