Location: Dedata_19.png_Gaussian-Median.png
Component: component_1755511661078_132.png
centerX: 0.5318548387096774
centerY: 0.3166144200626959
width: 0.02379032258064516
height: 0.04474209176403534
Area: 0.00046401419391610513
CentroidX: 0.5412
CentroidY: 0.3374
