Location: 2025-04-19_204823-1.png_Gaussian-Median.png
Component: component_1745098807915_144.png
centerX: 0.06831566548881036
centerY: 0.26187419768934533
width: 0.028857479387514724
height: 0.0329482242190843
Area: 0.00026359385780950985
CentroidX: 0.0828
CentroidY: 0.2810
