Location: 2025-04-19_204823-1.png_Gaussian-Median.png
Component: component_1745098807949_316.png
centerX: 0.7991755005889282
centerY: 0.6131792896876337
width: 0.030624263839811542
height: 0.03594351732991014
Area: 0.0003512904758952741
CentroidX: 0.8137
CentroidY: 0.6328
