Location: 2025-04-19_204823-1.png_Otsu.png
Component: component_1745098808407_494.png
centerX: 0.7856301531213192
centerY: 0.9550706033376123
width: 0.030035335689045935
height: 0.029097133076593923
Area: 0.00030315813665854715
CentroidX: 0.7992
CentroidY: 0.9709
