Location: 2025-04-19_204823-1.png_Otsu.png
Component: component_1745098808130_302.png
centerX: 0.8362779740871613
centerY: 0.6123234916559692
width: 0.03180212014134275
height: 0.03508771929824561
Area: 0.0003218062680905775
CentroidX: 0.8527
CentroidY: 0.6316
