Location: 2025-04-19_204823-1.png_Gaussian-Median.png
Component: component_1745098807892_31.png
centerX: 0.251472320376914
centerY: 0.022250748823277707
width: 0.03356890459363958
height: 0.03337612323491656
Area: 0.000315254221911756
CentroidX: 0.2674
CentroidY: 0.0397
