Location: 2025-04-19_204823-1.png_Otsu.png
Component: component_1745098808053_163.png
centerX: 0.10247349823321555
centerY: 0.31322207958921694
width: 0.028268551236749116
height: 0.03123662815575524
Area: 0.00024494572637747953
CentroidX: 0.1167
CentroidY: 0.3309
