Location: 2025-04-19_204823-1.png_Otsu.png
Component: component_1745098808027_42.png
centerX: 0.11484098939929328
centerY: 0.06632434745400086
width: 0.028857479387514724
height: 0.032520325203252036
Area: 0.00024116569973585173
CentroidX: 0.1303
CentroidY: 0.0846
