Location: 2025-04-19_204823-1.png_Otsu.png
Component: component_1745098808403_477.png
centerX: 0.3510011778563015
centerY: 0.9255455712451861
width: 0.02944640753828033
height: 0.03080872913992298
Area: 0.0002658618737944865
CentroidX: 0.3658
CentroidY: 0.9432
