Location: 2025-04-19_204823-1.png_Gaussian-Median.png
Component: component_1745098807913_130.png
centerX: 0.2661955241460542
centerY: 0.21352160890029953
width: 0.03121319199057715
height: 0.03380402225074882
Area: 0.00027669795016715276
CentroidX: 0.2820
CentroidY: 0.2325
