Location: 2025-04-19_204823-1.png_Gaussian-Median.png
Component: component_1745098807976_445.png
centerX: 0.9199057714958775
centerY: 0.8626444159178434
width: 0.032391048292108364
height: 0.031664527171587506
Area: 0.0003051741508674153
CentroidX: 0.9365
CentroidY: 0.8804
