Location: Handwritten_2025-04-19_204955-1.png_Gaussian-Closing.png
Component: component_1745098808454_36.png
centerX: 0.2420494699646643
centerY: 0.024390243902439025
width: 0.03415783274440518
height: 0.03808301240907146
Area: 0.00035330649010414223
CentroidX: 0.2597
CentroidY: 0.0472
