Location: 2025-04-19_204823-1.png_Otsu.png
Component: component_1745098808028_48.png
centerX: 0.284452296819788
centerY: 0.06675224646983312
width: 0.03356890459363958
height: 0.032520325203252036
Area: 0.00026334185603340133
CentroidX: 0.3028
CentroidY: 0.0847
