Location: 2025-04-19_204823-1.png_Otsu.png
Component: component_1745098808027_46.png
centerX: 0.15371024734982333
centerY: 0.06718014548566538
width: 0.024734982332155476
height: 0.031664527171587506
Area: 0.00022327357363214695
CentroidX: 0.1663
CentroidY: 0.0848
