Location: 2025-04-19_204823-1.png_Gaussian-Median.png
Component: component_1745098807914_136.png
centerX: 0.3003533568904594
centerY: 0.21480530594779632
width: 0.03180212014134275
height: 0.030380830124090714
Area: 0.000265609872018378
CentroidX: 0.3167
CentroidY: 0.2322
