Location: easy26_Mean-Closing.png
Component: component_1744297381953_22.png
centerX: 0.8435483870967742
centerY: 0.031609195402298854
width: 0.025806451612903226
height: 0.014846743295019157
Area: 0.00011741441107403287
CentroidX: 0.8565
CentroidY: 0.0392
