Location: easy16_Gaussian-Median.png
Component: component_1744297381914_1210.png
centerX: 0.9008064516129032
centerY: 0.8448275862068966
width: 0.025
height: 0.014846743295019157
Area: 0.00011548325299715734
CentroidX: 0.9132
CentroidY: 0.8528
