Location: 2025-04-19_204823-1.png_Otsu.png
Component: component_1745098808023_29.png
centerX: 0.934040047114252
centerY: 0.06247325631151048
width: 0.030624263839811542
height: 0.029097133076593923
Area: 0.0002459537334819136
CentroidX: 0.9511
CentroidY: 0.0794
