Location: 2025-04-19_204823-1.png_Gaussian-Median.png
Component: component_1745098807903_78.png
centerX: 0.21201413427561838
centerY: 0.11767222935387249
width: 0.03121319199057715
height: 0.031664527171587506
Area: 0.0002572938134067969
CentroidX: 0.2290
CentroidY: 0.1358
