Location: 2025-04-19_204823-1.png_Gaussian-Median.png
Component: component_1745098807889_17.png
centerX: 0.7414605418138988
centerY: 0.01797175866495507
width: 0.03121319199057715
height: 0.029097133076593923
Area: 0.0002751859395105017
CentroidX: 0.7573
CentroidY: 0.0342
