Location: easy16_Gaussian-Median.png
Component: component_1744297381919_1243.png
centerX: 0.8161290322580645
centerY: 0.8673371647509579
width: 0.025806451612903226
height: 0.01532567049808429
Area: 0.00012861512791991102
CentroidX: 0.8289
CentroidY: 0.8755
