Location: easy43_Mean-Closing.png
Component: component_1744297380618_545.png
centerX: 0.46009673518742444
centerY: 0.38948268490808036
width: 0.018137847642079808
height: 0.00983326207781103
Area: 8.013015204567109e-05
CentroidX: 0.4684
CentroidY: 0.3943
