Location: easy64_Gaussian-Closing.png
Component: component_1744297381559_1206.png
centerX: 0.3053204353083434
centerY: 0.7610089781958101
width: 0.013905683192261185
height: 0.00940572894399316
Area: 7.160016811822868e-05
CentroidX: 0.3122
CentroidY: 0.7659
