Location: easy26_Mean-Closing.png
Component: component_1744297382027_406.png
centerX: 0.049193548387096775
centerY: 0.28160919540229884
width: 0.025
height: 0.014367816091954023
Area: 0.00010042021999752812
CentroidX: 0.0615
CentroidY: 0.2894
