Location: 2025-04-19_204823-1.png_Otsu.png
Component: component_1745098808032_69.png
centerX: 0.18080094228504123
centerY: 0.11681643132220795
width: 0.026501766784452298
height: 0.03209242618741977
Area: 0.00021924154521441068
CentroidX: 0.1948
CentroidY: 0.1357
