Location: 2025-04-19_204823-1.png_Gaussian-Median.png
Component: component_1745098807899_63.png
centerX: 0.726148409893993
centerY: 0.10783055198973042
width: 0.02944640753828033
height: 0.02995293110825845
Area: 0.0002517497743324095
CentroidX: 0.7410
CentroidY: 0.1246
