Location: 2025-04-19_204823-1.png_Otsu.png
Component: component_1745098808030_59.png
centerX: 0.8639575971731449
centerY: 0.10954214805305948
width: 0.030624263839811542
height: 0.02866923406076166
Area: 0.0002182335381099766
CentroidX: 0.8813
CentroidY: 0.1267
