Location: 2025-04-19_204823-1.png_Otsu.png
Component: component_1745098808025_37.png
centerX: 0.660188457008245
centerY: 0.06418485237483953
width: 0.02944640753828033
height: 0.02781343602909713
Area: 0.00020462544220011664
CentroidX: 0.6756
CentroidY: 0.0803
