Location: Handwritten_2025-04-19_204955-1.png_Mean-Closing.png
Component: component_1745098807857_79.png
centerX: 0.8150765606595995
centerY: 0.07916131792896876
width: 0.032391048292108364
height: 0.03380402225074882
Area: 0.0003286103160455075
CentroidX: 0.8314
CentroidY: 0.0985
