Location: 2025-04-19_204823-1.png_Gaussian-Median.png
Component: component_1745098807945_288.png
centerX: 0.8433451118963486
centerY: 0.5592640136927685
width: 0.03769140164899882
height: 0.029525032092426188
Area: 0.0003238222822994456
CentroidX: 0.8637
CentroidY: 0.5758
