Location: 2025-04-19_204823-1.png_Otsu.png
Component: component_1745098808136_304.png
centerX: 0.7567726737338045
centerY: 0.615318784766795
width: 0.03356890459363958
height: 0.03551561831407788
Area: 0.00032483028940387973
CentroidX: 0.7738
CentroidY: 0.6346
