Location: easy21_Mean-Medain.png
Component: component_1744297380823_294.png
centerX: 0.08225806451612903
centerY: 0.29262452107279696
width: 0.025
height: 0.014846743295019157
Area: 0.00011277963168953157
CentroidX: 0.0949
CentroidY: 0.3007
