Location: 2025-04-19_204823-1.png_Otsu.png
Component: component_1745098808228_359.png
centerX: 0.09187279151943463
centerY: 0.7287120239623449
width: 0.030624263839811542
height: 0.03508771929824561
Area: 0.00029837010291248534
CentroidX: 0.1070
CentroidY: 0.7488
