Location: 2025-04-19_204823-1.png_Gaussian-Median.png
Component: component_1745098807948_308.png
centerX: 0.11366313309776208
centerY: 0.5708172871202396
width: 0.03180212014134275
height: 0.036799315361574665
Area: 0.0003480144528058634
CentroidX: 0.1292
CentroidY: 0.5914
