Location: 2025-04-19_204823-1.png_Otsu.png
Component: component_1745098808227_357.png
centerX: 0.7632508833922261
centerY: 0.7261446298673513
width: 0.032391048292108364
height: 0.029097133076593923
Area: 0.0002784619625999124
CentroidX: 0.7787
CentroidY: 0.7422
