Location: 2025-04-19_204823-1.png_Gaussian-Median.png
Component: component_1745098807970_422.png
centerX: 0.8292108362779741
centerY: 0.819854514334617
width: 0.028857479387514724
height: 0.030380830124090714
Area: 0.00027342192707774203
CentroidX: 0.8438
CentroidY: 0.8366
