Location: 2025-04-19_204823-1.png_Otsu.png
Component: component_1745098808067_222.png
centerX: 0.3916372202591284
centerY: 0.4103551561831408
width: 0.028268551236749116
height: 0.031664527171587506
Area: 0.0002225175683038214
CentroidX: 0.4068
CentroidY: 0.4290
