Location: easy64_Gaussian-Closing.png
Component: component_1744297381410_912.png
centerX: 0.34522370012091896
centerY: 0.6139375801624626
width: 0.013905683192261185
height: 0.00940572894399316
Area: 6.84983557809769e-05
CentroidX: 0.3519
CentroidY: 0.6188
