Location: 2025-04-19_204823-1.png_Otsu.png
Component: component_1745098808123_291.png
centerX: 0.23851590106007067
centerY: 0.566538296961917
width: 0.028857479387514724
height: 0.03594351732991014
Area: 0.00028602201588316797
CentroidX: 0.2534
CentroidY: 0.5867
