Location: 2025-04-19_204823-1.png_Gaussian-Median.png
Component: component_1745098807888_11.png
centerX: 0.45288574793875147
centerY: 0.017543859649122806
width: 0.030035335689045935
height: 0.031664527171587506
Area: 0.0002913140531814468
CentroidX: 0.4677
CentroidY: 0.0349
