Location: 2025-04-19_204823-1.png_Gaussian-Median.png
Component: component_1745098807966_401.png
centerX: 0.5129564193168433
centerY: 0.7757809157038938
width: 0.032391048292108364
height: 0.037655113393239195
Area: 0.00036464657002902555
CentroidX: 0.5303
CentroidY: 0.7967
