Location: 2025-04-19_204823-1.png_Gaussian-Median.png
Component: component_1745098807910_114.png
centerX: 0.8645465253239105
centerY: 0.20367993153615746
width: 0.032391048292108364
height: 0.03123662815575524
Area: 0.000272917923525525
CentroidX: 0.8810
CentroidY: 0.2216
