Location: 2025-04-19_204823-1.png_Otsu.png
Component: component_1745098808023_28.png
centerX: 0.8704358068315665
centerY: 0.06247325631151048
width: 0.024734982332155476
height: 0.02995293110825845
Area: 0.00020689345818509329
CentroidX: 0.8837
CentroidY: 0.0800
