Location: easy26_Mean-Closing.png
Component: component_1744297381978_151.png
centerX: 0.3741935483870968
centerY: 0.12164750957854406
width: 0.024193548387096774
height: 0.014367816091954023
Area: 0.0001089173155357805
CentroidX: 0.3862
CentroidY: 0.1293
