Location: 2025-04-19_204823-1.png_Gaussian-Median.png
Component: component_1745098807946_297.png
centerX: 0.467020023557126
centerY: 0.5626872058194267
width: 0.034746760895170786
height: 0.03209242618741977
Area: 0.00034095840307482486
CentroidX: 0.4846
CentroidY: 0.5802
