Location: Handwritten_2025-04-19_204955-1.png_Gaussian-Closing.png
Component: component_1745098808453_33.png
centerX: 0.09481743227326266
centerY: 0.0235344458707745
width: 0.032391048292108364
height: 0.037227214377406934
Area: 0.00038127868725218775
CentroidX: 0.1107
CentroidY: 0.0453
