Location: 2025-04-19_204823-1.png_Otsu.png
Component: component_1745098808224_349.png
centerX: 0.32391048292108365
centerY: 0.6786478391099701
width: 0.028857479387514724
height: 0.0329482242190843
Area: 0.00026334185603340133
CentroidX: 0.3383
CentroidY: 0.6965
