Location: 2025-04-19_204823-1.png_Otsu.png
Component: component_1745098808071_238.png
centerX: 0.4746760895170789
centerY: 0.45742404792468977
width: 0.032391048292108364
height: 0.031664527171587506
Area: 0.0002835019981220828
CentroidX: 0.4916
CentroidY: 0.4761
