Location: easy64_Gaussian-Closing.png
Component: component_1744297381375_754.png
centerX: 0.5846432889963724
centerY: 0.5292860196665241
width: 0.014510278113663845
height: 0.00983326207781103
Area: 7.676985534698165e-05
CentroidX: 0.5916
CentroidY: 0.5344
