Location: 2025-04-19_204823-1.png_Otsu.png
Component: component_1745098808223_345.png
centerX: 0.28975265017667845
centerY: 0.6777920410783055
width: 0.028268551236749116
height: 0.0329482242190843
Area: 0.00027694995194326127
CentroidX: 0.3039
CentroidY: 0.6958
