Location: 2025-04-19_204823-1.png_Gaussian-Median.png
Component: component_1745098807989_499.png
centerX: 0.8244994110718492
centerY: 0.9542148053059478
width: 0.03297997644287397
height: 0.03209242618741977
Area: 0.000328862317821616
CentroidX: 0.8406
CentroidY: 0.9717
