Location: Handwritten_2025-04-19_204955-1.png_Mean-Closing.png
Component: component_1745098807855_42.png
centerX: 0.14428739693757361
centerY: 0.026529738981600343
width: 0.03828032979976443
height: 0.03594351732991014
Area: 0.0003933747725053966
CentroidX: 0.1634
CentroidY: 0.0477
