Location: 2025-04-19_204823-1.png_Otsu.png
Component: component_1745098808312_435.png
centerX: 0.8168433451118964
centerY: 0.8639281129653402
width: 0.02767962308598351
height: 0.03123662815575524
Area: 0.0002381416784225495
CentroidX: 0.8309
CentroidY: 0.8814
