Location: 2025-04-19_204823-1.png_Gaussian-Median.png
Component: component_1745098807927_193.png
centerX: 0.8680800942285041
centerY: 0.35772357723577236
width: 0.030624263839811542
height: 0.03551561831407788
Area: 0.00031676623256840714
CentroidX: 0.8843
CentroidY: 0.3781
