Location: 2025-04-19_204823-1.png_Otsu.png
Component: component_1745098808049_148.png
centerX: 0.3745583038869258
centerY: 0.26658108686350024
width: 0.02944640753828033
height: 0.03337612323491656
Area: 0.00025376578854127766
CentroidX: 0.3896
CentroidY: 0.2857
