Location: 2025-04-19_204823-1.png_Otsu.png
Component: component_1745098808076_249.png
centerX: 0.38633686690223795
centerY: 0.45999144201968334
width: 0.03769140164899882
height: 0.031664527171587506
Area: 0.0002882900318681446
CentroidX: 0.4059
CentroidY: 0.4780
