Location: 2025-04-19_204823-1.png_Gaussian-Median.png
Component: component_1745098807903_80.png
centerX: 0.11307420494699646
centerY: 0.11810012836970475
width: 0.02767962308598351
height: 0.03080872913992298
Area: 0.00022654959672155768
CentroidX: 0.1276
CentroidY: 0.1357
