Location: 2025-04-19_204823-1.png_Gaussian-Median.png
Component: component_1745098807983_472.png
centerX: 0.7243816254416962
centerY: 0.9097133076593924
width: 0.032391048292108364
height: 0.031664527171587506
Area: 0.0002935820691664235
CentroidX: 0.7405
CentroidY: 0.9272
