Location: 2025-04-19_204823-1.png_Gaussian-Median.png
Component: component_1745098807976_448.png
centerX: 0.8168433451118964
centerY: 0.8639281129653402
width: 0.028268551236749116
height: 0.03123662815575524
Area: 0.0002618298453767502
CentroidX: 0.8308
CentroidY: 0.8814
