Location: easy43_Mean-Closing.png
Component: component_1744297380657_880.png
centerX: 0.2889963724304716
centerY: 0.5451047456177853
width: 0.014510278113663845
height: 0.00983326207781103
Area: 7.030774631104044e-05
CentroidX: 0.2957
CentroidY: 0.5502
