Location: 2025-04-19_204823-1.png_Otsu.png
Component: component_1745098808029_53.png
centerX: 0.7926972909305064
centerY: 0.1069747539580659
width: 0.03297997644287397
height: 0.02995293110825845
Area: 0.0002487257530191073
CentroidX: 0.8090
CentroidY: 0.1239
