Location: 2025-04-19_204823-1.png_Gaussian-Median.png
Component: component_1745098807916_146.png
centerX: 0.610718492343934
centerY: 0.26230209670517757
width: 0.03415783274440518
height: 0.03423192126658109
Area: 0.0003218062680905775
CentroidX: 0.6282
CentroidY: 0.2812
