Location: 2025-04-19_204823-1.png_Otsu.png
Component: component_1745098808224_351.png
centerX: 0.9140164899882215
centerY: 0.7205819426615319
width: 0.02944640753828033
height: 0.03209242618741977
Area: 0.00028451000522651684
CentroidX: 0.9275
CentroidY: 0.7384
