Location: 2025-04-19_204823-1.png_Gaussian-Median.png
Component: component_1745098807954_335.png
centerX: 0.23733804475853945
centerY: 0.6243046640992725
width: 0.03180212014134275
height: 0.03209242618741977
Area: 0.0003182782432250583
CentroidX: 0.2539
CentroidY: 0.6410
