Location: 2025-04-19_204823-1.png_Gaussian-Median.png
Component: component_1745098807955_340.png
centerX: 0.8833922261484098
centerY: 0.6683782627299957
width: 0.035924617196702
height: 0.03465982028241335
Area: 0.00032961832314994154
CentroidX: 0.9024
CentroidY: 0.6862
