Location: 2025-04-19_204823-1.png_Gaussian-Median.png
Component: component_1745098807899_61.png
centerX: 0.7926972909305064
centerY: 0.1069747539580659
width: 0.03297997644287397
height: 0.02995293110825845
Area: 0.00027442993418217614
CentroidX: 0.8092
CentroidY: 0.1238
