Location: 2025-04-19_204823-1.png_Gaussian-Median.png
Component: component_1745098807931_215.png
centerX: 0.8150765606595995
centerY: 0.4069319640564827
width: 0.034746760895170786
height: 0.030380830124090714
Area: 0.00028324999634597427
CentroidX: 0.8331
CentroidY: 0.4248
