Location: 2025-04-19_204823-1.png_Otsu.png
Component: component_1745098808289_413.png
centerX: 0.5394581861012956
centerY: 0.8258451005562687
width: 0.03180212014134275
height: 0.03423192126658109
Area: 0.00031651423079229863
CentroidX: 0.5558
CentroidY: 0.8435
