Location: 2025-04-19_204823-1.png_Gaussian-Median.png
Component: component_1745098807912_127.png
centerX: 0.19199057714958775
centerY: 0.21223791185280275
width: 0.028268551236749116
height: 0.03209242618741977
Area: 0.0002703979057644398
CentroidX: 0.2053
CentroidY: 0.2305
