Location: 2025-04-19_204823-1.png_Otsu.png
Component: component_1745098808146_312.png
centerX: 0.627208480565371
centerY: 0.6204535729567822
width: 0.035924617196702
height: 0.0329482242190843
Area: 0.0003122302005984538
CentroidX: 0.6464
CentroidY: 0.6390
