Location: 2025-04-19_204823-1.png_Gaussian-Median.png
Component: component_1745098807968_411.png
centerX: 0.06537102473498234
centerY: 0.7821994009413779
width: 0.030035335689045935
height: 0.03508771929824561
Area: 0.00033037432847826713
CentroidX: 0.0797
CentroidY: 0.8012
