Location: 2025-04-19_204823-1.png_Gaussian-Median.png
Component: component_1745098807990_504.png
centerX: 0.5288574793875147
centerY: 0.9606332905434317
width: 0.03356890459363958
height: 0.03209242618741977
Area: 0.0003328943462393523
CentroidX: 0.5452
CentroidY: 0.9783
