Location: 2025-04-19_204823-1.png_Otsu.png
Component: component_1745098808031_60.png
centerX: 0.8992932862190812
centerY: 0.110397946084724
width: 0.03356890459363958
height: 0.028241335044929396
Area: 0.0002419217050641773
CentroidX: 0.9165
CentroidY: 0.1262
