Location: 2025-04-19_204823-1.png_Otsu.png
Component: component_1745098808404_479.png
centerX: 0.20906949352179033
centerY: 0.9264013692768507
width: 0.028857479387514724
height: 0.03209242618741977
Area: 0.0002545217938696032
CentroidX: 0.2228
CentroidY: 0.9445
