Location: 2025-04-19_204823-1.png_Otsu.png
Component: component_1745098808066_216.png
centerX: 0.7061248527679623
centerY: 0.40864356011981173
width: 0.032391048292108364
height: 0.029525032092426188
Area: 0.00025023776367575837
CentroidX: 0.7232
CentroidY: 0.4256
