Location: easy16_Gaussian-Median.png
Component: component_1744297381762_405.png
centerX: 0.2532258064516129
centerY: 0.27011494252873564
width: 0.025
height: 0.014846743295019157
Area: 0.00010853108392040538
CentroidX: 0.2656
CentroidY: 0.2781
