Location: 2025-04-19_204823-1.png_Otsu.png
Component: component_1745098808064_207.png
centerX: 0.27208480565371024
centerY: 0.4077877620881472
width: 0.028857479387514724
height: 0.032520325203252036
Area: 0.0002862740176592765
CentroidX: 0.2867
CentroidY: 0.4264
