Location: Handwritten_2025-04-19_204955-1.png_Mean-Closing.png
Component: component_1745098807856_54.png
centerX: 0.826266195524146
centerY: 0.029097133076593923
width: 0.03828032979976443
height: 0.03380402225074882
Area: 0.00034650244214921226
CentroidX: 0.8455
CentroidY: 0.0487
