Location: easy64_Gaussian-Closing.png
Component: component_1744297381563_1224.png
centerX: 0.6910519951632407
centerY: 0.7661393758016246
width: 0.014510278113663845
height: 0.00940572894399316
Area: 8.219802693717227e-05
CentroidX: 0.6982
CentroidY: 0.7709
