Location: 2025-04-19_204823-1.png_Otsu.png
Component: component_1745098808290_423.png
centerX: 0.26030624263839813
centerY: 0.8314077877620881
width: 0.030624263839811542
height: 0.03337612323491656
Area: 0.0002535137867651691
CentroidX: 0.2760
CentroidY: 0.8506
