Location: 2025-04-19_204823-1.png_Otsu.png
Component: component_1745098808065_214.png
centerX: 0.6277974087161367
centerY: 0.40821566110397944
width: 0.03297997644287397
height: 0.03380402225074882
Area: 0.000272917923525525
CentroidX: 0.6445
CentroidY: 0.4276
