Location: 2025-04-19_204823-1.png_Otsu.png
Component: component_1745098808066_220.png
centerX: 0.46760895170789163
centerY: 0.40949935815147626
width: 0.032391048292108364
height: 0.03380402225074882
Area: 0.0002754379412866102
CentroidX: 0.4851
CentroidY: 0.4293
