Location: 2025-04-19_204823-1.png_Gaussian-Median.png
Component: component_1745098807922_179.png
centerX: 0.5429917550058893
centerY: 0.31450577663671375
width: 0.03121319199057715
height: 0.03423192126658109
Area: 0.0003150022201356475
CentroidX: 0.5591
CentroidY: 0.3342
