Location: 2025-04-19_204823-1.png_Gaussian-Median.png
Component: component_1745098807968_410.png
centerX: 0.4275618374558304
centerY: 0.7813436029097133
width: 0.030624263839811542
height: 0.02995293110825845
Area: 0.0003205462592100349
CentroidX: 0.4428
CentroidY: 0.7978
