Location: 2025-04-19_204823-1.png_Otsu.png
Component: component_1745098808111_280.png
centerX: 0.8433451118963486
centerY: 0.5596919127086007
width: 0.03769140164899882
height: 0.02866923406076166
Area: 0.0002918180567336639
CentroidX: 0.8637
CentroidY: 0.5758
