Location: 2025-04-19_204823-1.png_Gaussian-Median.png
Component: component_1745098807900_66.png
centerX: 0.6908127208480566
centerY: 0.10911424903722722
width: 0.030035335689045935
height: 0.029097133076593923
Area: 0.0002590578258395565
CentroidX: 0.7059
CentroidY: 0.1259
