Location: 2025-04-19_204823-1.png_Otsu.png
Component: component_1745098808266_387.png
centerX: 0.4658421672555948
centerY: 0.7787762088147198
width: 0.032391048292108364
height: 0.03080872913992298
Area: 0.0003104661881656942
CentroidX: 0.4824
CentroidY: 0.7961
