Location: 2025-04-19_204823-1.png_Otsu.png
Component: component_1745098808061_197.png
centerX: 0.43521790341578326
centerY: 0.36243046640992727
width: 0.03121319199057715
height: 0.029525032092426188
Area: 0.0002696419004361143
CentroidX: 0.4506
CentroidY: 0.3794
