Location: 2025-04-19_204823-1.png_Gaussian-Median.png
Component: component_1745098807919_162.png
centerX: 0.8621908127208481
centerY: 0.3080872913992298
width: 0.03297997644287397
height: 0.03337612323491656
Area: 0.00032508229117998825
CentroidX: 0.8798
CentroidY: 0.3269
