Location: 2025-04-19_204823-1.png_Gaussian-Median.png
Component: component_1745098807894_36.png
centerX: 0.934040047114252
centerY: 0.06204535729567822
width: 0.030624263839811542
height: 0.02995293110825845
Area: 0.00027946996970434646
CentroidX: 0.9510
CentroidY: 0.0794
