Location: easy21_Mean-Medain.png
Component: component_1744297380745_6.png
centerX: 0.12741935483870967
centerY: 0.034961685823754786
width: 0.025
height: 0.015804597701149427
Area: 0.00011934556915090841
CentroidX: 0.1399
CentroidY: 0.0435
