Location: easy16_Gaussian-Median.png
Component: component_1744297381877_1011.png
centerX: 0.5080645161290323
centerY: 0.710727969348659
width: 0.024193548387096774
height: 0.014846743295019157
Area: 0.00011046224199728093
CentroidX: 0.5197
CentroidY: 0.7186
