Location: 2025-04-19_204823-1.png_Otsu.png
Component: component_1745098808223_347.png
centerX: 0.5871613663133097
centerY: 0.6777920410783055
width: 0.02944640753828033
height: 0.03080872913992298
Area: 0.0002779579590476954
CentroidX: 0.6021
CentroidY: 0.6950
