Location: easy26_Mean-Closing.png
Component: component_1744297382004_290.png
centerX: 0.5379032258064517
centerY: 0.21216475095785442
width: 0.025
height: 0.014367816091954023
Area: 0.00010775862068965517
CentroidX: 0.5500
CentroidY: 0.2201
