Location: 2025-04-19_204823-1.png_Otsu.png
Component: component_1745098808045_136.png
centerX: 0.8356890459363958
centerY: 0.26187419768934533
width: 0.027090694935217905
height: 0.032520325203252036
Area: 0.00024544972992969656
CentroidX: 0.8494
CentroidY: 0.2799
