Location: Handwritten_2025-04-19_204955-1.png_Gaussian-Closing.png
Component: component_1745098808460_63.png
centerX: 0.7373380447585395
centerY: 0.03123662815575524
width: 0.035924617196702
height: 0.029525032092426188
Area: 0.0003132382077028879
CentroidX: 0.7556
CentroidY: 0.0475
