Location: 2025-04-19_204823-1.png_Otsu.png
Component: component_1745098808316_440.png
centerX: 0.5653710247349824
centerY: 0.8729139922978177
width: 0.028268551236749116
height: 0.03423192126658109
Area: 0.0002824939910176487
CentroidX: 0.5785
CentroidY: 0.8918
