Location: 2025-04-19_204823-1.png_Gaussian-Median.png
Component: component_1745098807935_246.png
centerX: 0.06890459363957598
centerY: 0.45656824989302525
width: 0.030035335689045935
height: 0.03380402225074882
Area: 0.00030038611712135345
CentroidX: 0.0844
CentroidY: 0.4756
