Location: 2025-04-19_204823-1.png_Gaussian-Median.png
Component: component_1745098807928_198.png
centerX: 0.03415783274440518
centerY: 0.36029097133076593
width: 0.030624263839811542
height: 0.032520325203252036
Area: 0.00030315813665854715
CentroidX: 0.0501
CentroidY: 0.3789
