Location: easy21_Mean-Medain.png
Component: component_1744297380946_860.png
centerX: 0.8604838709677419
centerY: 0.6546934865900383
width: 0.025806451612903226
height: 0.01532567049808429
Area: 0.00012050426399703374
CentroidX: 0.8730
CentroidY: 0.6630
