Location: 2025-04-19_204823-1.png_Otsu.png
Component: component_1745098808407_495.png
centerX: 0.6071849234393404
centerY: 0.9576379974326059
width: 0.02944640753828033
height: 0.03337612323491656
Area: 0.00030164612600189607
CentroidX: 0.6220
CentroidY: 0.9755
