Location: 2025-04-19_204823-1.png_Gaussian-Median.png
Component: component_1745098807889_18.png
centerX: 0.09540636042402827
centerY: 0.019255455712451863
width: 0.03297997644287397
height: 0.03337612323491656
Area: 0.00028602201588316797
CentroidX: 0.1110
CentroidY: 0.0374
