Location: 2025-04-19_204823-1.png_Gaussian-Median.png
Component: component_1745098807888_10.png
centerX: 0.7785630153121319
centerY: 0.01668806161745828
width: 0.03180212014134275
height: 0.03123662815575524
Area: 0.00028778602831592756
CentroidX: 0.7953
CentroidY: 0.0349
