Location: 2025-04-19_204823-1.png_Gaussian-Median.png
Component: component_1745098807958_358.png
centerX: 0.28916372202591284
centerY: 0.6773641420624733
width: 0.028857479387514724
height: 0.03337612323491656
Area: 0.00030668616152406644
CentroidX: 0.3038
CentroidY: 0.6957
