Location: easy26_Mean-Closing.png
Component: component_1744297381995_235.png
centerX: 0.6330645161290323
centerY: 0.16762452107279693
width: 0.025
height: 0.014367816091954023
Area: 0.00010930354715115561
CentroidX: 0.6447
CentroidY: 0.1754
