Location: 2025-04-19_204823-1.png_Otsu.png
Component: component_1745098808179_326.png
centerX: 0.8839811542991755
centerY: 0.6683782627299957
width: 0.0353356890459364
height: 0.03465982028241335
Area: 0.0003021501295541131
CentroidX: 0.9025
CentroidY: 0.6861
