Location: 2025-04-19_204823-1.png_Gaussian-Median.png
Component: component_1745098807956_343.png
centerX: 0.8168433451118964
centerY: 0.6713735558408216
width: 0.030035335689045935
height: 0.03080872913992298
Area: 0.00029862210468859385
CentroidX: 0.8317
CentroidY: 0.6885
