Location: 2025-04-19_204823-1.png_Gaussian-Median.png
Component: component_1745098807982_468.png
centerX: 0.7985865724381626
centerY: 0.9080017115960634
width: 0.030624263839811542
height: 0.03423192126658109
Area: 0.00030567815441963234
CentroidX: 0.8137
CentroidY: 0.9276
