Location: Handwritten_2025-04-19_204955-1.png_Gaussian-Closing.png
Component: component_1745098808455_47.png
centerX: 0.4193168433451119
centerY: 0.026529738981600343
width: 0.03297997644287397
height: 0.036371416345742404
Area: 0.0002996301117930279
CentroidX: 0.4362
CentroidY: 0.0487
