Location: 2025-04-19_204823-1.png_Otsu.png
Component: component_1745098808403_478.png
centerX: 0.38810365135453473
centerY: 0.9251176722293539
width: 0.030624263839811542
height: 0.031664527171587506
Area: 0.00027468193595828465
CentroidX: 0.4038
CentroidY: 0.9430
