Location: 2025-04-19_204823-1.png_Gaussian-Median.png
Component: component_1745098807961_372.png
centerX: 0.05771495877502945
centerY: 0.7252888318356868
width: 0.028857479387514724
height: 0.036799315361574665
Area: 0.0003026541331063301
CentroidX: 0.0717
CentroidY: 0.7456
