Location: 2025-04-19_204823-1.png_Otsu.png
Component: component_1745098808055_173.png
centerX: 0.5023557126030624
centerY: 0.314933675652546
width: 0.03121319199057715
height: 0.03465982028241335
Area: 0.00028022597503267205
CentroidX: 0.5194
CentroidY: 0.3349
