Location: easy16_Gaussian-Median.png
Component: component_1744297381657_78.png
centerX: 0.6717741935483871
centerY: 0.06609195402298851
width: 0.025806451612903226
height: 0.014367816091954023
Area: 0.00011277963168953157
CentroidX: 0.6847
CentroidY: 0.0739
