Location: 2025-04-19_204823-1.png_Gaussian-Median.png
Component: component_1745098807920_171.png
centerX: 0.6183745583038869
centerY: 0.3127941805733847
width: 0.03651354534746761
height: 0.03551561831407788
Area: 0.0003427224155075845
CentroidX: 0.6368
CentroidY: 0.3326
