Location: 2025-04-19_204823-1.png_Gaussian-Median.png
Component: component_1745098807896_48.png
centerX: 0.44051825677267376
centerY: 0.06546854942233633
width: 0.032391048292108364
height: 0.0329482242190843
Area: 0.0002603178347200991
CentroidX: 0.4572
CentroidY: 0.0844
