Location: 2025-04-19_204823-1.png_Gaussian-Median.png
Component: component_1745098807933_229.png
centerX: 0.35217903415783275
centerY: 0.40907145913564397
width: 0.030624263839811542
height: 0.032520325203252036
Area: 0.0003134902094789964
CentroidX: 0.3679
CentroidY: 0.4274
