Location: 2025-04-19_204823-1.png_Gaussian-Median.png
Component: component_1745098807890_22.png
centerX: 0.7078916372202592
centerY: 0.018827556696619598
width: 0.03121319199057715
height: 0.029525032092426188
Area: 0.00027694995194326127
CentroidX: 0.7236
CentroidY: 0.0359
