Location: 2025-04-19_204823-1.png_Otsu.png
Component: component_1745098808038_98.png
centerX: 0.46937573616018846
centerY: 0.1647411210954215
width: 0.030624263839811542
height: 0.03080872913992298
Area: 0.00022932161625875138
CentroidX: 0.4856
CentroidY: 0.1829
