Location: easy16_Gaussian-Median.png
Component: component_1744297381927_1279.png
centerX: 0.646774193548387
centerY: 0.8903256704980843
width: 0.025
height: 0.01532567049808429
Area: 0.0001278426646891608
CentroidX: 0.6590
CentroidY: 0.8985
