Location: 2025-04-19_204823-1.png_Gaussian-Median.png
Component: component_1745098807936_249.png
centerX: 0.4387514723203769
centerY: 0.45742404792468977
width: 0.030035335689045935
height: 0.032520325203252036
Area: 0.00031424621480732195
CentroidX: 0.4543
CentroidY: 0.4759
