Location: easy26_Mean-Closing.png
Component: component_1744297381967_87.png
centerX: 0.8693548387096774
centerY: 0.07614942528735633
width: 0.025806451612903226
height: 0.014846743295019157
Area: 0.00011934556915090841
CentroidX: 0.8819
CentroidY: 0.0841
