Location: easy21_Mean-Medain.png
Component: component_1744297380931_801.png
centerX: 0.10967741935483871
centerY: 0.6317049808429118
width: 0.025
height: 0.014367816091954023
Area: 0.00010042021999752812
CentroidX: 0.1220
CentroidY: 0.6396
