Location: 2025-04-19_204823-1.png_Otsu.png
Component: component_1745098808071_236.png
centerX: 0.06949352179034157
centerY: 0.45699614890885754
width: 0.02944640753828033
height: 0.03337612323491656
Area: 0.00026913789688389725
CentroidX: 0.0844
CentroidY: 0.4757
