Location: 2025-04-19_204823-1.png_Otsu.png
Component: component_1745098808122_287.png
centerX: 0.5624263839811543
centerY: 0.5631151048352588
width: 0.034746760895170786
height: 0.032520325203252036
Area: 0.00033818638353763116
CentroidX: 0.5812
CentroidY: 0.5818
