Location: 2025-04-19_204823-1.png_Otsu.png
Component: component_1745098808025_38.png
centerX: 0.04299175500588928
centerY: 0.06504065040650407
width: 0.027090694935217905
height: 0.031664527171587506
Area: 0.00023133763046761954
CentroidX: 0.0572
CentroidY: 0.0831
