Location: 2025-04-19_204823-1.png_Otsu.png
Component: component_1745098808050_150.png
centerX: 0.45170789163722025
centerY: 0.26615318784766795
width: 0.030624263839811542
height: 0.031664527171587506
Area: 0.00026661787912281206
CentroidX: 0.4671
CentroidY: 0.2843
