Location: 2025-04-19_204823-1.png_Otsu.png
Component: component_1745098808282_400.png
centerX: 0.8610129564193169
centerY: 0.8189987163029525
width: 0.028857479387514724
height: 0.02995293110825845
Area: 0.00024670973881023913
CentroidX: 0.8751
CentroidY: 0.8357
