Location: 2025-04-19_204823-1.png_Otsu.png
Component: component_1745098808054_165.png
centerX: 0.4581861012956419
centerY: 0.31364997860504923
width: 0.032391048292108364
height: 0.032520325203252036
Area: 0.0002908100496292298
CentroidX: 0.4747
CentroidY: 0.3318
