Location: easy64_Gaussian-Closing.png
Component: component_1744297381395_839.png
centerX: 0.6354292623941958
centerY: 0.5746045318512185
width: 0.013905683192261185
height: 0.00983326207781103
Area: 7.004926194960279e-05
CentroidX: 0.6422
CentroidY: 0.5800
