Location: 2025-04-19_204823-1.png_Gaussian-Median.png
Component: component_1745098807935_242.png
centerX: 0.8292108362779741
centerY: 0.4540008557980317
width: 0.03180212014134275
height: 0.03551561831407788
Area: 0.0003160102272400816
CentroidX: 0.8463
CentroidY: 0.4739
