Location: 2025-04-19_204823-1.png_Otsu.png
Component: component_1745098808413_510.png
centerX: 0.08480565371024736
centerY: 0.9696191698759092
width: 0.027090694935217905
height: 0.02781343602909713
Area: 0.0002351176571092473
CentroidX: 0.0987
CentroidY: 0.9847
