Location: 2025-04-19_204823-1.png_Gaussian-Median.png
Component: component_1745098807990_503.png
centerX: 0.6071849234393404
centerY: 0.9572100984167736
width: 0.030035335689045935
height: 0.03380402225074882
Area: 0.00033087833203048416
CentroidX: 0.6219
CentroidY: 0.9755
