Location: 2025-04-19_204823-1.png_Otsu.png
Component: component_1745098808307_427.png
centerX: 0.2997644287396938
centerY: 0.8322635857937527
width: 0.030624263839811542
height: 0.0329482242190843
Area: 0.00026384585958561836
CentroidX: 0.3155
CentroidY: 0.8508
