Location: 2025-04-19_204823-1.png_Gaussian-Median.png
Component: component_1745098807960_369.png
centerX: 0.9464075382803298
centerY: 0.7222935387248609
width: 0.03297997644287397
height: 0.03465982028241335
Area: 0.00033566636577654597
CentroidX: 0.9637
CentroidY: 0.7411
