Location: 2025-04-19_204823-1.png_Gaussian-Median.png
Component: component_1745098807958_355.png
centerX: 0.5471142520612485
centerY: 0.6765083440308087
width: 0.032391048292108364
height: 0.031664527171587506
Area: 0.00029862210468859385
CentroidX: 0.5632
CentroidY: 0.6935
