Location: 2025-04-19_204823-1.png_Otsu.png
Component: component_1745098808057_180.png
centerX: 0.07420494699646643
centerY: 0.3581514762516046
width: 0.03180212014134275
height: 0.03209242618741977
Area: 0.0002857700141070594
CentroidX: 0.0905
CentroidY: 0.3768
