Location: 2025-04-19_204823-1.png_Otsu.png
Component: component_1745098808029_55.png
centerX: 0.7267373380447585
centerY: 0.10783055198973042
width: 0.028268551236749116
height: 0.029525032092426188
Area: 0.00022428158073658103
CentroidX: 0.7410
CentroidY: 0.1248
