Location: 2025-04-19_204823-1.png_Gaussian-Median.png
Component: component_1745098807889_19.png
centerX: 0.4905771495877503
centerY: 0.018827556696619598
width: 0.02944640753828033
height: 0.029097133076593923
Area: 0.000265609872018378
CentroidX: 0.5057
CentroidY: 0.0348
