Location: 2025-04-19_204823-1.png_Otsu.png
Component: component_1745098808267_389.png
centerX: 0.2661955241460542
centerY: 0.7804878048780488
width: 0.032391048292108364
height: 0.03423192126658109
Area: 0.0003054261526435238
CentroidX: 0.2822
CentroidY: 0.7992
