Location: 2025-04-19_204823-1.png_Otsu.png
Component: component_1745098808038_103.png
centerX: 0.8250883392226148
centerY: 0.20410783055198972
width: 0.03180212014134275
height: 0.0329482242190843
Area: 0.0002419217050641773
CentroidX: 0.8432
CentroidY: 0.2238
