Location: Handwritten_2025-04-19_204955-1.png_Mean-Closing.png
Component: component_1745098807859_94.png
centerX: 0.4416961130742049
centerY: 0.08386820710312366
width: 0.0353356890459364
height: 0.03209242618741977
Area: 0.0003444864279403441
CentroidX: 0.4605
CentroidY: 0.1017
