Location: Handwritten_2025-04-19_204955-1.png_Mean-Closing.png
Component: component_1745098807859_91.png
centerX: 0.9422850412249706
centerY: 0.0834403080872914
width: 0.03828032979976443
height: 0.03380402225074882
Area: 0.00035607850964133593
CentroidX: 0.9615
CentroidY: 0.1024
