Location: Handwritten_2025-04-19_204955-1.png_Mean-Closing.png
Component: component_1745098807860_99.png
centerX: 0.31861012956419316
centerY: 0.08600770218228498
width: 0.032391048292108364
height: 0.0329482242190843
Area: 0.00037598664995390886
CentroidX: 0.3335
CentroidY: 0.1043
