Location: 2025-04-19_204823-1.png_Gaussian-Median.png
Component: component_1745098807970_420.png
centerX: 0.7608951707891637
centerY: 0.819854514334617
width: 0.03180212014134275
height: 0.030380830124090714
Area: 0.0002812339821371061
CentroidX: 0.7764
CentroidY: 0.8364
