Location: 2025-04-19_204823-1.png_Otsu.png
Component: component_1745098808021_20.png
centerX: 0.17667844522968199
centerY: 0.020967051775780916
width: 0.032391048292108364
height: 0.03337612323491656
Area: 0.00026107384004842466
CentroidX: 0.1924
CentroidY: 0.0395
