Location: 2025-04-19_204823-1.png_Gaussian-Median.png
Component: component_1745098807908_106.png
centerX: 0.508833922261484
centerY: 0.16345742404792468
width: 0.030035335689045935
height: 0.0329482242190843
Area: 0.0002754379412866102
CentroidX: 0.5246
CentroidY: 0.1820
