Location: 2025-04-19_204823-1.png_Gaussian-Median.png
Component: component_1745098807984_476.png
centerX: 0.6554770318021201
centerY: 0.9114249037227214
width: 0.024146054181389872
height: 0.03337612323491656
Area: 0.0002787139643760209
CentroidX: 0.6679
CentroidY: 0.9305
