Location: easy64_Gaussian-Closing.png
Component: component_1744297381557_1203.png
centerX: 0.25211608222490933
centerY: 0.7592988456605387
width: 0.014510278113663845
height: 0.00940572894399316
Area: 6.901532450385219e-05
CentroidX: 0.2591
CentroidY: 0.7642
