Location: 2025-04-19_204823-1.png_Otsu.png
Component: component_1745098808180_330.png
centerX: 0.7767962308598351
centerY: 0.6722293538724861
width: 0.030035335689045935
height: 0.03209242618741977
Area: 0.0002756899430627187
CentroidX: 0.7919
CentroidY: 0.6896
