Location: 2025-04-19_204823-1.png_Otsu.png
Component: component_1745098808317_448.png
centerX: 0.027090694935217905
centerY: 0.8793324775353016
width: 0.030035335689045935
height: 0.03380402225074882
Area: 0.00032558629473220527
CentroidX: 0.0406
CentroidY: 0.8992
