Location: 2025-04-19_204823-1.png_Otsu.png
Component: component_1745098808219_340.png
centerX: 0.5471142520612485
centerY: 0.6765083440308087
width: 0.03180212014134275
height: 0.03123662815575524
Area: 0.0002671218826750291
CentroidX: 0.5632
CentroidY: 0.6936
