Location: 2025-04-19_204823-1.png_Gaussian-Median.png
Component: component_1745098807900_68.png
centerX: 0.8987043580683156
centerY: 0.110397946084724
width: 0.03415783274440518
height: 0.028241335044929396
Area: 0.0002754379412866102
CentroidX: 0.9165
CentroidY: 0.1261
