Location: 2025-04-19_204823-1.png_Otsu.png
Component: component_1745098808038_101.png
centerX: 0.39045936395759717
centerY: 0.16516902011125376
width: 0.03356890459363958
height: 0.02995293110825845
Area: 0.00022402957896047252
CentroidX: 0.4087
CentroidY: 0.1829
