Location: 2025-04-19_204823-1.png_Otsu.png
Component: component_1745098808373_464.png
centerX: 0.9034157832744405
centerY: 0.9101412066752247
width: 0.027090694935217905
height: 0.03080872913992298
Area: 0.0002751859395105017
CentroidX: 0.9164
CentroidY: 0.9278
