Location: 2025-04-19_204823-1.png_Otsu.png
Component: component_1745098808019_15.png
centerX: 0.8945818610129564
centerY: 0.019255455712451863
width: 0.034746760895170786
height: 0.03123662815575524
Area: 0.00026888589510778874
CentroidX: 0.9126
CentroidY: 0.0367
