Location: 2025-04-19_204823-1.png_Gaussian-Median.png
Component: component_1745098807938_257.png
centerX: 0.2714958775029446
centerY: 0.4582798459563543
width: 0.03121319199057715
height: 0.03209242618741977
Area: 0.0003175222378967327
CentroidX: 0.2876
CentroidY: 0.4764
