Location: easy16_Gaussian-Median.png
Component: component_1744297381870_967.png
centerX: 0.4274193548387097
centerY: 0.6882183908045977
width: 0.025
height: 0.014846743295019157
Area: 0.00010930354715115561
CentroidX: 0.4396
CentroidY: 0.6962
