Location: 2025-04-19_204823-1.png_Gaussian-Median.png
Component: component_1745098807932_224.png
centerX: 0.3115429917550059
centerY: 0.40821566110397944
width: 0.03121319199057715
height: 0.031664527171587506
Area: 0.00029761409758415975
CentroidX: 0.3281
CentroidY: 0.4266
