Location: 2025-04-19_204823-1.png_Otsu.png
Component: component_1745098808024_34.png
centerX: 0.803886925795053
centerY: 0.06375695335900727
width: 0.028268551236749116
height: 0.031664527171587506
Area: 0.0002381416784225495
CentroidX: 0.8183
CentroidY: 0.0820
