Location: easy21_Mean-Medain.png
Component: component_1744297380799_199.png
centerX: 0.5637096774193548
centerY: 0.1527777777777778
width: 0.02661290322580645
height: 0.014846743295019157
Area: 0.00012011803238165864
CentroidX: 0.5766
CentroidY: 0.1609
