Location: easy43_Mean-Closing.png
Component: component_1744297380666_964.png
centerX: 0.43833131801692865
centerY: 0.5887131252672082
width: 0.013905683192261185
height: 0.010260795211628902
Area: 7.470198045548046e-05
CentroidX: 0.4451
CentroidY: 0.5940
