Location: easy21_Mean-Medain.png
Component: component_1744297380940_837.png
centerX: 0.17338709677419356
centerY: 0.6542145593869731
width: 0.025806451612903226
height: 0.014846743295019157
Area: 0.00010968977876653071
CentroidX: 0.1863
CentroidY: 0.6623
