Location: 2025-04-19_204823-1.png_Otsu.png
Component: component_1745098808036_90.png
centerX: 0.10777385159010601
centerY: 0.16174582798459564
width: 0.025323910482921083
height: 0.03080872913992298
Area: 0.00019706538891686108
CentroidX: 0.1215
CentroidY: 0.1796
