Location: 2025-04-19_204823-1.png_Otsu.png
Component: component_1745098808030_57.png
centerX: 0.9369846878680801
centerY: 0.10825845100556268
width: 0.032391048292108364
height: 0.02738553701326487
Area: 0.0002431817139447199
CentroidX: 0.9531
CentroidY: 0.1234
