Location: 2025-04-19_204823-1.png_Gaussian-Median.png
Component: component_1745098807932_222.png
centerX: 0.6637220259128387
centerY: 0.4077877620881472
width: 0.03356890459363958
height: 0.031664527171587506
Area: 0.0002812339821371061
CentroidX: 0.6818
CentroidY: 0.4264
