Location: 2025-04-19_204823-1.png_Otsu.png
Component: component_1745098808027_45.png
centerX: 0.5147232037691402
centerY: 0.06632434745400086
width: 0.030624263839811542
height: 0.030380830124090714
Area: 0.00022024955231884474
CentroidX: 0.5307
CentroidY: 0.0833
