Location: 2025-04-19_204823-1.png_Otsu.png
Component: component_1745098808100_272.png
centerX: 0.30683156654888105
centerY: 0.5139067180145486
width: 0.032391048292108364
height: 0.031664527171587506
Area: 0.0002840060016742998
CentroidX: 0.3234
CentroidY: 0.5319
