Location: 2025-04-19_204823-1.png_Gaussian-Median.png
Component: component_1745098807925_185.png
centerX: 0.31448763250883394
centerY: 0.31664527171587503
width: 0.02767962308598351
height: 0.03209242618741977
Area: 0.0002643498631378354
CentroidX: 0.3288
CentroidY: 0.3343
