Location: 2025-04-19_204823-1.png_Otsu.png
Component: component_1745098808076_250.png
centerX: 0.574793875147232
centerY: 0.5087719298245614
width: 0.03297997644287397
height: 0.03337612323491656
Area: 0.00030870217573293455
CentroidX: 0.5926
CentroidY: 0.5278
