Location: 2025-04-19_204823-1.png_Otsu.png
Component: component_1745098808024_32.png
centerX: 0.6967020023557126
centerY: 0.06375695335900727
width: 0.03180212014134275
height: 0.030380830124090714
Area: 0.00023738567309422397
CentroidX: 0.7145
CentroidY: 0.0807
