Location: easy16_Gaussian-Median.png
Component: component_1744297381801_591.png
centerX: 0.8306451612903226
centerY: 0.4003831417624521
width: 0.025806451612903226
height: 0.014846743295019157
Area: 0.00011741441107403287
CentroidX: 0.8433
CentroidY: 0.4085
