Location: 2025-04-19_204823-1.png_Otsu.png
Component: component_1745098808062_203.png
centerX: 0.850412249705536
centerY: 0.4069319640564827
width: 0.03297997644287397
height: 0.03080872913992298
Area: 0.0002698939022122228
CentroidX: 0.8671
CentroidY: 0.4246
