Location: Handwritten_2025-04-19_204955-1.png_Mean-Closing.png
Component: component_1745098807860_100.png
centerX: 0.3574793875147232
centerY: 0.08557980316645272
width: 0.03415783274440518
height: 0.03080872913992298
Area: 0.0003245782876277712
CentroidX: 0.3746
CentroidY: 0.1032
