Location: 2025-04-19_204823-1.png_Otsu.png
Component: component_1745098808068_228.png
centerX: 0.035924617196702
centerY: 0.45314505776636715
width: 0.026501766784452298
height: 0.031664527171587506
Area: 0.00026888589510778874
CentroidX: 0.0488
CentroidY: 0.4708
