Location: 2025-04-19_204823-1.png_Gaussian-Median.png
Component: component_1745098807939_267.png
centerX: 0.8739693757361602
centerY: 0.5096277278562259
width: 0.032391048292108364
height: 0.0329482242190843
Area: 0.00031172619704623677
CentroidX: 0.8906
CentroidY: 0.5283
