Location: 2025-04-19_204823-1.png_Gaussian-Median.png
Component: component_1745098807926_190.png
centerX: 0.07361601884570082
centerY: 0.3581514762516046
width: 0.03297997644287397
height: 0.032520325203252036
Area: 0.0003210502627622519
CentroidX: 0.0905
CentroidY: 0.3767
