Location: 2025-04-19_204823-1.png_Otsu.png
Component: component_1745098808315_439.png
centerX: 0.6048292108362779
centerY: 0.8699186991869918
width: 0.027090694935217905
height: 0.03465982028241335
Area: 0.00026938989866000576
CentroidX: 0.6182
CentroidY: 0.8893
