Location: 2025-04-19_204823-1.png_Gaussian-Median.png
Component: component_1745098807907_104.png
centerX: 0.24676089517078917
centerY: 0.16388532306375694
width: 0.03180212014134275
height: 0.03209242618741977
Area: 0.0002759419448388272
CentroidX: 0.2628
CentroidY: 0.1818
