Location: easy26_Mean-Closing.png
Component: component_1744297382124_755.png
centerX: 0.7975806451612903
centerY: 0.6130268199233716
width: 0.025806451612903226
height: 0.014367816091954023
Area: 0.0001135520949202818
CentroidX: 0.8103
CentroidY: 0.6209
