Location: easy16_Gaussian-Median.png
Component: component_1744297381860_909.png
centerX: 0.15403225806451612
centerY: 0.6446360153256705
width: 0.025
height: 0.014846743295019157
Area: 0.00010930354715115561
CentroidX: 0.1664
CentroidY: 0.6527
