Location: Handwritten_2025-04-19_204955-1.png_Mean-Closing.png
Component: component_1745098807857_78.png
centerX: 0.7243816254416962
centerY: 0.0787334189131365
width: 0.034746760895170786
height: 0.03380402225074882
Area: 0.0003318863391349182
CentroidX: 0.7427
CentroidY: 0.0982
