Location: easy21_Mean-Medain.png
Component: component_1744297380795_190.png
centerX: 0.8056451612903226
centerY: 0.15134099616858238
width: 0.025806451612903226
height: 0.014846743295019157
Area: 0.00013324990730441232
CentroidX: 0.8182
CentroidY: 0.1594
