Location: easy21_Mean-Medain.png
Component: component_1744297381125_1110.png
centerX: 0.910483870967742
centerY: 0.8175287356321839
width: 0.02661290322580645
height: 0.01532567049808429
Area: 0.00012591150661228525
CentroidX: 0.9235
CentroidY: 0.8255
