Location: 2025-04-19_204823-1.png_Otsu.png
Component: component_1745098808037_95.png
centerX: 0.508833922261484
centerY: 0.16345742404792468
width: 0.02944640753828033
height: 0.0329482242190843
Area: 0.0002406616961836347
CentroidX: 0.5245
CentroidY: 0.1823
