Location: 2025-04-19_204823-1.png_Otsu.png
Component: component_1745098808124_294.png
centerX: 0.27267373380447585
centerY: 0.5673940949935815
width: 0.03180212014134275
height: 0.03423192126658109
Area: 0.0003109701917179112
CentroidX: 0.2885
CentroidY: 0.5855
