Location: 2025-04-19_204823-1.png_Gaussian-Median.png
Component: component_1745098807948_307.png
centerX: 0.07479387514723204
centerY: 0.5708172871202396
width: 0.032391048292108364
height: 0.032520325203252036
Area: 0.00033264234446324375
CentroidX: 0.0908
CentroidY: 0.5896
