Location: 2025-04-19_204823-1.png_Gaussian-Median.png
Component: component_1745098807977_450.png
centerX: 0.6431095406360424
centerY: 0.8660676080445014
width: 0.028268551236749116
height: 0.03594351732991014
Area: 0.00030996218461347717
CentroidX: 0.6571
CentroidY: 0.8860
