Location: 2025-04-19_204823-1.png_Gaussian-Median.png
Component: component_1745098807985_480.png
centerX: 0.4664310954063604
centerY: 0.922122379118528
width: 0.028857479387514724
height: 0.032520325203252036
Area: 0.000314750218359539
CentroidX: 0.4801
CentroidY: 0.9400
