Location: easy16_Gaussian-Median.png
Component: component_1744297381862_928.png
centerX: 0.8733870967741936
centerY: 0.6647509578544061
width: 0.025
height: 0.014846743295019157
Area: 0.00011625571622790755
CentroidX: 0.8855
CentroidY: 0.6729
