Location: Handwritten_2025-04-19_204955-1.png_Gaussian-Closing.png
Component: component_1745098808456_54.png
centerX: 0.7791519434628975
centerY: 0.029097133076593923
width: 0.03769140164899882
height: 0.03123662815575524
Area: 0.0003187822467772753
CentroidX: 0.7991
CentroidY: 0.0474
