Location: easy21_Mean-Medain.png
Component: component_1744297380906_688.png
centerX: 0.5508064516129032
centerY: 0.5411877394636015
width: 0.025806451612903226
height: 0.014846743295019157
Area: 0.00011664194784328266
CentroidX: 0.5634
CentroidY: 0.5490
