Location: 2025-04-19_204823-1.png_Otsu.png
Component: component_1745098808060_194.png
centerX: 0.2838633686690224
centerY: 0.36114676936243045
width: 0.02944640753828033
height: 0.031664527171587506
Area: 0.00027216191819719946
CentroidX: 0.2976
CentroidY: 0.3783
