Location: 2025-04-19_204823-1.png_Gaussian-Median.png
Component: component_1745098807957_349.png
centerX: 0.5147232037691402
centerY: 0.675224646983312
width: 0.030624263839811542
height: 0.032520325203252036
Area: 0.0003109701917179112
CentroidX: 0.5296
CentroidY: 0.6932
