Location: 2025-04-19_204823-1.png_Gaussian-Median.png
Component: component_1745098807936_247.png
centerX: 0.11189634864546526
centerY: 0.45656824989302525
width: 0.02944640753828033
height: 0.03594351732991014
Area: 0.0003187822467772753
CentroidX: 0.1270
CentroidY: 0.4774
