Location: Handwritten_2025-04-19_204955-1.png_Mean-Closing.png
Component: component_1745098807855_43.png
centerX: 0.19434628975265017
centerY: 0.026957637997432605
width: 0.034746760895170786
height: 0.036371416345742404
Area: 0.0003747266410733663
CentroidX: 0.2118
CentroidY: 0.0477
