Location: 2025-04-19_204823-1.png_Otsu.png
Component: component_1745098808108_276.png
centerX: 0.9275618374558304
centerY: 0.5562687205819427
width: 0.030035335689045935
height: 0.03080872913992298
Area: 0.0002867780212114935
CentroidX: 0.9425
CentroidY: 0.5728
