Location: 2025-04-19_204823-1.png_Gaussian-Median.png
Component: component_1745098807898_58.png
centerX: 0.3280329799764429
centerY: 0.06718014548566538
width: 0.028857479387514724
height: 0.0329482242190843
Area: 0.0002562858063023628
CentroidX: 0.3436
CentroidY: 0.0863
