Location: 2025-04-19_204823-1.png_Gaussian-Median.png
Component: component_1745098807963_383.png
centerX: 0.2414605418138987
centerY: 0.7325631151048353
width: 0.03297997644287397
height: 0.037227214377406934
Area: 0.0003442344261642356
CentroidX: 0.2576
CentroidY: 0.7532
