Location: 2025-04-19_204823-1.png_Otsu.png
Component: component_1745098808033_76.png
centerX: 0.38987043580683156
centerY: 0.11895592640136927
width: 0.02767962308598351
height: 0.03080872913992298
Area: 0.0002252895878410151
CentroidX: 0.4040
CentroidY: 0.1364
