Location: 2025-04-19_204823-1.png_Otsu.png
Component: component_1745098808033_72.png
centerX: 0.11366313309776208
centerY: 0.11852802738553701
width: 0.026501766784452298
height: 0.030380830124090714
Area: 0.0001958053800363185
CentroidX: 0.1276
CentroidY: 0.1358
