Location: easy43_Mean-Closing.png
Component: component_1744297380636_697.png
centerX: 0.250906892382104
centerY: 0.45746045318512185
width: 0.014510278113663845
height: 0.00983326207781103
Area: 7.392652737116751e-05
CentroidX: 0.2578
CentroidY: 0.4625
