Location: 2025-04-19_204823-1.png_Otsu.png
Component: component_1745098808053_159.png
centerX: 0.7850412249705536
centerY: 0.3119383825417201
width: 0.04004711425206125
height: 0.02995293110825845
Area: 0.0002991261082408109
CentroidX: 0.8029
CentroidY: 0.3286
