Location: 2025-04-19_204823-1.png_Otsu.png
Component: component_1745098808045_134.png
centerX: 0.532979976442874
centerY: 0.26187419768934533
width: 0.030624263839811542
height: 0.03508771929824561
Area: 0.00027669795016715276
CentroidX: 0.5490
CentroidY: 0.2818
