Location: 2025-04-19_204823-1.png_Otsu.png
Component: component_1745098808016_2.png
centerX: 0.45288574793875147
centerY: 0.017543859649122806
width: 0.030035335689045935
height: 0.03123662815575524
Area: 0.0002595618293917736
CentroidX: 0.4677
CentroidY: 0.0350
