Location: 2025-04-19_204823-1.png_Otsu.png
Component: component_1745098808067_223.png
centerX: 0.4299175500588928
centerY: 0.4103551561831408
width: 0.030035335689045935
height: 0.02995293110825845
Area: 0.0002391496855269836
CentroidX: 0.4454
CentroidY: 0.4286
