Location: Handwritten_2025-04-19_204955-1.png_Gaussian-Closing.png
Component: component_1745098808467_107.png
centerX: 0.13780918727915195
centerY: 0.08729139922978177
width: 0.03121319199057715
height: 0.03465982028241335
Area: 0.00033213834091102673
CentroidX: 0.1541
CentroidY: 0.1071
