Location: 2025-04-19_204823-1.png_Otsu.png
Component: component_1745098808412_506.png
centerX: 0.23851590106007067
centerY: 0.9670517757809157
width: 0.03180212014134275
height: 0.03080872913992298
Area: 0.000272413919973308
CentroidX: 0.2544
CentroidY: 0.9845
