Location: easy43_Mean-Closing.png
Component: component_1744297380709_1344.png
centerX: 0.7726723095525998
centerY: 0.7605814450619923
width: 0.014510278113663845
height: 0.01410859341598974
Area: 0.00010494465074368535
CentroidX: 0.7792
CentroidY: 0.7678
