Location: 2025-04-19_204823-1.png_Gaussian-Median.png
Component: component_1745098807969_414.png
centerX: 0.10895170789163722
centerY: 0.7843388960205392
width: 0.03121319199057715
height: 0.0329482242190843
Area: 0.00030945818106126015
CentroidX: 0.1241
CentroidY: 0.8016
