Location: 2025-04-19_204823-1.png_Otsu.png
Component: component_1745098808365_454.png
centerX: 0.22379269729093051
centerY: 0.8818998716302953
width: 0.03297997644287397
height: 0.036371416345742404
Area: 0.00030315813665854715
CentroidX: 0.2412
CentroidY: 0.9024
