Location: 2025-04-19_204823-1.png_Gaussian-Median.png
Component: component_1745098807898_56.png
centerX: 0.24734982332155478
centerY: 0.06718014548566538
width: 0.030624263839811542
height: 0.03423192126658109
Area: 0.0002754379412866102
CentroidX: 0.2645
CentroidY: 0.0866
