Location: 2025-04-19_204823-1.png_Otsu.png
Component: component_1745098808145_311.png
centerX: 0.44110718492343937
centerY: 0.6204535729567822
width: 0.028857479387514724
height: 0.032520325203252036
Area: 0.00029055804785312126
CentroidX: 0.4562
CentroidY: 0.6384
