Location: 2025-04-19_204823-1.png_Otsu.png
Component: component_1745098808040_113.png
centerX: 0.07714958775029446
centerY: 0.2100984167736414
width: 0.027090694935217905
height: 0.032520325203252036
Area: 0.0002517497743324095
CentroidX: 0.0907
CentroidY: 0.2282
