Location: 2025-04-19_204823-1.png_Otsu.png
Component: component_1745098808060_191.png
centerX: 0.5930506478209658
centerY: 0.36029097133076593
width: 0.03297997644287397
height: 0.029097133076593923
Area: 0.00027190991642109095
CentroidX: 0.6096
CentroidY: 0.3774
