Location: 2025-04-19_204823-1.png_Gaussian-Median.png
Component: component_1745098807918_159.png
centerX: 0.41401648998822144
centerY: 0.26615318784766795
width: 0.028857479387514724
height: 0.0329482242190843
Area: 0.0002787139643760209
CentroidX: 0.4283
CentroidY: 0.2844
