Location: 2025-04-19_204823-1.png_Gaussian-Median.png
Component: component_1745098807891_25.png
centerX: 0.13839811542991756
centerY: 0.019683354728284124
width: 0.028268551236749116
height: 0.0329482242190843
Area: 0.0002630898542572928
CentroidX: 0.1520
CentroidY: 0.0377
