Location: 2025-04-19_204823-1.png_Otsu.png
Component: component_1745098808022_25.png
centerX: 0.2149587750294464
centerY: 0.024390243902439025
width: 0.028268551236749116
height: 0.032520325203252036
Area: 0.00024544972992969656
CentroidX: 0.2297
CentroidY: 0.0425
