Location: 2025-04-19_204823-1.png_Gaussian-Median.png
Component: component_1745098807959_364.png
centerX: 0.6277974087161367
centerY: 0.6777920410783055
width: 0.03297997644287397
height: 0.030380830124090714
Area: 0.0003180262414489497
CentroidX: 0.6456
CentroidY: 0.6941
