Location: easy21_Mean-Medain.png
Component: component_1744297380965_926.png
centerX: 0.682258064516129
centerY: 0.7001915708812261
width: 0.02661290322580645
height: 0.01532567049808429
Area: 0.00012359411692003462
CentroidX: 0.6956
CentroidY: 0.7084
