Location: 2025-04-19_204823-1.png_Otsu.png
Component: component_1745098808316_443.png
centerX: 0.411660777385159
centerY: 0.8754813863928113
width: 0.030035335689045935
height: 0.03380402225074882
Area: 0.0002814859839132146
CentroidX: 0.4267
CentroidY: 0.8944
