Location: 2025-04-19_204823-1.png_Otsu.png
Component: component_1745098808224_350.png
centerX: 0.8745583038869258
centerY: 0.7205819426615319
width: 0.032391048292108364
height: 0.03209242618741977
Area: 0.0002991261082408109
CentroidX: 0.8911
CentroidY: 0.7392
