Location: 2025-04-19_204823-1.png_Gaussian-Median.png
Component: component_1745098807932_225.png
centerX: 0.627208480565371
centerY: 0.40821566110397944
width: 0.03415783274440518
height: 0.03380402225074882
Area: 0.00030996218461347717
CentroidX: 0.6445
CentroidY: 0.4275
