Location: 2025-04-19_204823-1.png_Otsu.png
Component: component_1745098808081_260.png
centerX: 0.8374558303886925
centerY: 0.5100556268720582
width: 0.0353356890459364
height: 0.030380830124090714
Area: 0.0002935820691664235
CentroidX: 0.8556
CentroidY: 0.5270
