Location: 2025-04-19_204823-1.png_Gaussian-Median.png
Component: component_1745098807984_474.png
centerX: 0.9034157832744405
centerY: 0.9101412066752247
width: 0.027090694935217905
height: 0.03080872913992298
Area: 0.0003018981277780046
CentroidX: 0.9165
CentroidY: 0.9277
