Location: 2025-04-19_204823-1.png_Otsu.png
Component: component_1745098808026_41.png
centerX: 0.07891637220259129
centerY: 0.0658964484381686
width: 0.028268551236749116
height: 0.03080872913992298
Area: 0.0002252895878410151
CentroidX: 0.0949
CentroidY: 0.0836
