Location: 2025-04-19_204823-1.png_Otsu.png
Component: component_1745098808411_505.png
centerX: 0.160188457008245
centerY: 0.967479674796748
width: 0.03121319199057715
height: 0.03123662815575524
Area: 0.00027896596615212943
CentroidX: 0.1755
CentroidY: 0.9845
