Location: 2025-04-19_204823-1.png_Otsu.png
Component: component_1745098808228_358.png
centerX: 0.7249705535924618
centerY: 0.727428326914848
width: 0.03297997644287397
height: 0.030380830124090714
Area: 0.0002837539998981913
CentroidX: 0.7409
CentroidY: 0.7443
