Location: 2025-04-19_204823-1.png_Otsu.png
Component: component_1745098808401_476.png
centerX: 0.28091872791519434
centerY: 0.9255455712451861
width: 0.027090694935217905
height: 0.032520325203252036
Area: 0.0002615778436006417
CentroidX: 0.2940
CentroidY: 0.9439
