Location: 2025-04-19_204823-1.png_Otsu.png
Component: component_1745098808099_268.png
centerX: 0.06301531213191991
centerY: 0.5134788189987163
width: 0.03180212014134275
height: 0.036371416345742404
Area: 0.0002991261082408109
CentroidX: 0.0794
CentroidY: 0.5338
