Location: 2025-04-19_204823-1.png_Otsu.png
Component: component_1745098808252_370.png
centerX: 0.6507656065959952
centerY: 0.7325631151048353
width: 0.032391048292108364
height: 0.03123662815575524
Area: 0.0002996301117930279
CentroidX: 0.6664
CentroidY: 0.7496
