Location: 2025-04-19_204823-1.png_Gaussian-Median.png
Component: component_1745098807951_325.png
centerX: 0.05771495877502945
centerY: 0.6208814719726145
width: 0.030624263839811542
height: 0.03465982028241335
Area: 0.00030895417750904307
CentroidX: 0.0741
CentroidY: 0.6398
