Location: 2025-04-19_204823-1.png_Otsu.png
Component: component_1745098808064_206.png
centerX: 0.14899882214369847
centerY: 0.4073598630723149
width: 0.03297997644287397
height: 0.03123662815575524
Area: 0.00029459007627085753
CentroidX: 0.1657
CentroidY: 0.4253
