Location: easy64_Gaussian-Closing.png
Component: component_1744297381246_328.png
centerX: 0.7013301088270859
centerY: 0.28088926891834115
width: 0.014510278113663845
height: 0.00983326207781103
Area: 6.953229322672748e-05
CentroidX: 0.7084
CentroidY: 0.2859
