Location: 2025-04-19_204823-1.png_Otsu.png
Component: component_1745098808068_226.png
centerX: 0.9358068315665489
centerY: 0.4488660676080445
width: 0.035924617196702
height: 0.03337612323491656
Area: 0.00030593015619574085
CentroidX: 0.9540
CentroidY: 0.4672
