Location: 2025-04-19_204823-1.png_Gaussian-Median.png
Component: component_1745098807972_428.png
centerX: 0.028268551236749116
centerY: 0.8271287976037656
width: 0.03180212014134275
height: 0.036799315361574665
Area: 0.00036515057358124263
CentroidX: 0.0438
CentroidY: 0.8481
