Location: 2025-04-19_204823-1.png_Gaussian-Median.png
Component: component_1745098807907_105.png
centerX: 0.2850412249705536
centerY: 0.16345742404792468
width: 0.030035335689045935
height: 0.032520325203252036
Area: 0.0002618298453767502
CentroidX: 0.3003
CentroidY: 0.1815
