Location: easy26_Mean-Closing.png
Component: component_1744297382106_648.png
centerX: 0.6008064516129032
centerY: 0.43582375478927204
width: 0.025
height: 0.014846743295019157
Area: 0.00010814485230503028
CentroidX: 0.6132
CentroidY: 0.4437
