Location: 2025-04-19_204823-1.png_Gaussian-Median.png
Component: component_1745098807919_166.png
centerX: 0.034746760895170786
centerY: 0.30979888746255885
width: 0.024734982332155476
height: 0.03080872913992298
Area: 0.00024948175834743283
CentroidX: 0.0467
CentroidY: 0.3275
