Location: 2025-04-19_204823-1.png_Gaussian-Median.png
Component: component_1745098807966_399.png
centerX: 0.6489988221436984
centerY: 0.772785622593068
width: 0.03415783274440518
height: 0.032520325203252036
Area: 0.0003245782876277712
CentroidX: 0.6668
CentroidY: 0.7909
