Location: 2025-04-19_204823-1.png_Otsu.png
Component: component_1745098808038_99.png
centerX: 0.3209658421672556
centerY: 0.16516902011125376
width: 0.03297997644287397
height: 0.030380830124090714
Area: 0.00022780960560210027
CentroidX: 0.3386
CentroidY: 0.1821
