Location: easy21_Mean-Medain.png
Component: component_1744297380850_417.png
centerX: 0.8419354838709677
centerY: 0.3797892720306513
width: 0.025806451612903226
height: 0.01532567049808429
Area: 0.00011934556915090841
CentroidX: 0.8547
CentroidY: 0.3881
