Location: 2025-04-19_204823-1.png_Otsu.png
Component: component_1745098808035_84.png
centerX: 0.7432273262661955
centerY: 0.15703893881044073
width: 0.032391048292108364
height: 0.03423192126658109
Area: 0.000258805824063448
CentroidX: 0.7594
CentroidY: 0.1753
