Location: 2025-04-19_204823-1.png_Otsu.png
Component: component_1745098808103_274.png
centerX: 0.34393404004711425
centerY: 0.5143346170303809
width: 0.03297997644287397
height: 0.03209242618741977
Area: 0.0002898020425247957
CentroidX: 0.3610
CentroidY: 0.5322
