Location: 2025-04-19_204823-1.png_Gaussian-Median.png
Component: component_1745098807954_334.png
centerX: 0.16313309776207302
centerY: 0.6238767650834403
width: 0.02944640753828033
height: 0.03423192126658109
Area: 0.00030139412422578756
CentroidX: 0.1790
CentroidY: 0.6427
