Location: 2025-04-19_204823-1.png_Otsu.png
Component: component_1745098808268_393.png
centerX: 0.3504122497055359
centerY: 0.7813436029097133
width: 0.030035335689045935
height: 0.03337612323491656
Area: 0.0003122302005984538
CentroidX: 0.3644
CentroidY: 0.7994
