Location: 2025-04-19_204823-1.png_Otsu.png
Component: component_1745098808052_157.png
centerX: 0.0353356890459364
centerY: 0.30979888746255885
width: 0.024146054181389872
height: 0.03080872913992298
Area: 0.00022352557540825547
CentroidX: 0.0468
CentroidY: 0.3275
