Location: 2025-04-19_204823-1.png_Gaussian-Median.png
Component: component_1745098807941_275.png
centerX: 0.032391048292108364
centerY: 0.5117672229353872
width: 0.027090694935217905
height: 0.0329482242190843
Area: 0.0003092061792851516
CentroidX: 0.0460
CentroidY: 0.5303
