Location: 2025-04-19_204823-1.png_Otsu.png
Component: component_1745098808048_144.png
centerX: 0.48586572438162545
centerY: 0.2644415917843389
width: 0.032391048292108364
height: 0.03380402225074882
Area: 0.00027770595727158687
CentroidX: 0.5027
CentroidY: 0.2840
