Location: 2025-04-19_204823-1.png_Gaussian-Median.png
Component: component_1745098807893_32.png
centerX: 0.29917550058892817
centerY: 0.022250748823277707
width: 0.032391048292108364
height: 0.03080872913992298
Area: 0.0003162622290161901
CentroidX: 0.3150
CentroidY: 0.0385
