Location: 2025-04-19_204823-1.png_Otsu.png
Component: component_1745098808100_271.png
centerX: 0.26855123674911663
centerY: 0.5139067180145486
width: 0.030624263839811542
height: 0.03080872913992298
Area: 0.00027921796792823795
CentroidX: 0.2837
CentroidY: 0.5314
