Location: 2025-04-19_204823-1.png_Gaussian-Median.png
Component: component_1745098807940_268.png
centerX: 0.9434628975265018
centerY: 0.5091998288403937
width: 0.03180212014134275
height: 0.030380830124090714
Area: 0.00029761409758415975
CentroidX: 0.9595
CentroidY: 0.5265
