Location: 2025-04-19_204823-1.png_Gaussian-Median.png
Component: component_1745098807961_374.png
centerX: 0.7243816254416962
centerY: 0.727428326914848
width: 0.03356890459363958
height: 0.030380830124090714
Area: 0.00031248220237456236
CentroidX: 0.7409
CentroidY: 0.7441
