Location: 2025-04-19_204823-1.png_Gaussian-Median.png
Component: component_1745098807917_151.png
centerX: 0.7626619552414605
centerY: 0.2631578947368421
width: 0.027090694935217905
height: 0.031664527171587506
Area: 0.0002701459039883313
CentroidX: 0.7761
CentroidY: 0.2805
