Location: easy21_Mean-Medain.png
Component: component_1744297380844_386.png
centerX: 0.8032258064516129
centerY: 0.3577586206896552
width: 0.02661290322580645
height: 0.014846743295019157
Area: 0.00012359411692003462
CentroidX: 0.8163
CentroidY: 0.3658
