Location: 2025-04-19_204823-1.png_Gaussian-Median.png
Component: component_1745098807911_119.png
centerX: 0.7167255594817432
centerY: 0.20667522464698332
width: 0.028857479387514724
height: 0.032520325203252036
Area: 0.00027064990754054833
CentroidX: 0.7314
CentroidY: 0.2245
