Location: 2025-04-19_204823-1.png_Gaussian-Median.png
Component: component_1745098807956_347.png
centerX: 0.09481743227326266
centerY: 0.675224646983312
width: 0.030035335689045935
height: 0.0329482242190843
Area: 0.00030366214021076423
CentroidX: 0.1097
CentroidY: 0.6935
