Location: easy43_Mean-Closing.png
Component: component_1744297380719_1407.png
centerX: 0.7339782345828295
centerY: 0.7866609662248825
width: 0.014510278113663845
height: 0.010260795211628902
Area: 7.289258992541693e-05
CentroidX: 0.7410
CentroidY: 0.7921
