Location: Handwritten_2025-04-19_204955-1.png_Mean-Closing.png
Component: component_1745098807858_80.png
centerX: 0.8539458186101295
centerY: 0.0787334189131365
width: 0.03415783274440518
height: 0.03465982028241335
Area: 0.00033087833203048416
CentroidX: 0.8717
CentroidY: 0.0995
