Location: easy16_Gaussian-Median.png
Component: component_1744297381809_632.png
centerX: 0.6419354838709678
centerY: 0.4248084291187739
width: 0.025806451612903226
height: 0.014846743295019157
Area: 0.00010775862068965517
CentroidX: 0.6544
CentroidY: 0.4328
