Location: 2025-04-19_204823-1.png_Otsu.png
Component: component_1745098808369_460.png
centerX: 0.6896348645465253
centerY: 0.9092854086435601
width: 0.026501766784452298
height: 0.032520325203252036
Area: 0.00026535787024226944
CentroidX: 0.7031
CentroidY: 0.9277
