Location: 2025-04-19_204823-1.png_Otsu.png
Component: component_1745098808410_502.png
centerX: 0.395170789163722
centerY: 0.9644843816859221
width: 0.035924617196702
height: 0.02995293110825845
Area: 0.0003119781988223453
CentroidX: 0.4111
CentroidY: 0.9810
