Location: Handwritten_2025-04-19_204955-1.png_Mean-Closing.png
Component: component_1745098807861_103.png
centerX: 0.13780918727915195
centerY: 0.08729139922978177
width: 0.03121319199057715
height: 0.03508771929824561
Area: 0.00034650244214921226
CentroidX: 0.1541
CentroidY: 0.1072
