Location: 2025-04-19_204823-1.png_Gaussian-Median.png
Component: component_1745098807916_148.png
centerX: 0.14546525323910484
centerY: 0.2631578947368421
width: 0.028857479387514724
height: 0.03380402225074882
Area: 0.0002731699253016335
CentroidX: 0.1600
CentroidY: 0.2825
