Location: 2025-04-19_204823-1.png_Otsu.png
Component: component_1745098808097_266.png
centerX: 0.22202591283863368
centerY: 0.5126230209670518
width: 0.032391048292108364
height: 0.032520325203252036
Area: 0.000300638118897462
CentroidX: 0.2381
CentroidY: 0.5312
