Location: 2025-04-19_204823-1.png_Otsu.png
Component: component_1745098808058_185.png
centerX: 0.5512367491166078
centerY: 0.3598630723149337
width: 0.03180212014134275
height: 0.03123662815575524
Area: 0.0002809819803609976
CentroidX: 0.5672
CentroidY: 0.3781
