Location: 2025-04-19_204823-1.png_Gaussian-Median.png
Component: component_1745098807967_407.png
centerX: 0.39045936395759717
centerY: 0.7809157038938811
width: 0.03356890459363958
height: 0.032520325203252036
Area: 0.0003396983941942823
CentroidX: 0.4072
CentroidY: 0.7986
