Location: easy64_Gaussian-Closing.png
Component: component_1744297381319_638.png
centerX: 0.36698911729141476
centerY: 0.4313809320222317
width: 0.013905683192261185
height: 0.010260795211628902
Area: 7.108319939535339e-05
CentroidX: 0.3738
CentroidY: 0.4366
