Location: 2025-04-19_204823-1.png_Otsu.png
Component: component_1745098808042_120.png
centerX: 0.22909305064782096
centerY: 0.21352160890029953
width: 0.02767962308598351
height: 0.030380830124090714
Area: 0.00022932161625875138
CentroidX: 0.2433
CentroidY: 0.2306
