Location: 2025-04-19_204823-1.png_Otsu.png
Component: component_1745098808017_5.png
centerX: 0.048292108362779744
centerY: 0.018399657680787333
width: 0.02944640753828033
height: 0.032520325203252036
Area: 0.00024393771927304543
CentroidX: 0.0633
CentroidY: 0.0368
