Location: 2025-04-19_204823-1.png_Gaussian-Median.png
Component: component_1745098807917_154.png
centerX: 0.6890459363957597
centerY: 0.2644415917843389
width: 0.02944640753828033
height: 0.0329482242190843
Area: 0.000279721971480455
CentroidX: 0.7033
CentroidY: 0.2822
