Location: Handwritten_2025-04-19_204955-1.png_Mean-Closing.png
Component: component_1745098807856_59.png
centerX: 0.5541813898704359
centerY: 0.03080872913992298
width: 0.034746760895170786
height: 0.03380402225074882
Area: 0.00032533429295609676
CentroidX: 0.5721
CentroidY: 0.0500
