Location: 2025-04-19_204823-1.png_Gaussian-Median.png
Component: component_1745098807931_216.png
centerX: 0.850412249705536
centerY: 0.4069319640564827
width: 0.03297997644287397
height: 0.03123662815575524
Area: 0.00029862210468859385
CentroidX: 0.8671
CentroidY: 0.4246
