Location: 2025-04-19_204823-1.png_Gaussian-Median.png
Component: component_1745098807913_132.png
centerX: 0.41813898704358066
centerY: 0.21309370988446727
width: 0.03180212014134275
height: 0.03209242618741977
Area: 0.0002925740620619894
CentroidX: 0.4349
CentroidY: 0.2307
