Location: 2025-04-19_204823-1.png_Gaussian-Median.png
Component: component_1745098807934_237.png
centerX: 0.9358068315665489
centerY: 0.4488660676080445
width: 0.03651354534746761
height: 0.03337612323491656
Area: 0.0003344063568960034
CentroidX: 0.9541
CentroidY: 0.4671
