Location: 2025-04-19_204823-1.png_Gaussian-Median.png
Component: component_1745098807989_498.png
centerX: 0.7850412249705536
centerY: 0.9546427043217801
width: 0.030624263839811542
height: 0.02995293110825845
Area: 0.00033339834979156935
CentroidX: 0.7992
CentroidY: 0.9709
