Location: 2025-04-19_204823-1.png_Gaussian-Median.png
Component: component_1745098807956_348.png
centerX: 0.36454652532391046
centerY: 0.675224646983312
width: 0.030624263839811542
height: 0.03423192126658109
Area: 0.0003258382965083138
CentroidX: 0.3794
CentroidY: 0.6936
