Location: 2025-04-19_204823-1.png_Otsu.png
Component: component_1745098808265_385.png
centerX: 0.5129564193168433
centerY: 0.7757809157038938
width: 0.032391048292108364
height: 0.037227214377406934
Area: 0.00033062633025437565
CentroidX: 0.5305
CentroidY: 0.7968
