Location: 2025-04-19_204823-1.png_Gaussian-Median.png
Component: component_1745098807980_462.png
centerX: 0.14840989399293286
centerY: 0.8797603765511339
width: 0.03121319199057715
height: 0.037655113393239195
Area: 0.00033339834979156935
CentroidX: 0.1646
CentroidY: 0.9016
