Location: 2025-04-19_204823-1.png_Otsu.png
Component: component_1745098808040_111.png
centerX: 0.03651354534746761
centerY: 0.20838682071031236
width: 0.028268551236749116
height: 0.03337612323491656
Area: 0.00026384585958561836
CentroidX: 0.0510
CentroidY: 0.2262
