Location: 2025-04-19_204823-1.png_Gaussian-Median.png
Component: component_1745098807902_74.png
centerX: 0.4958775029446408
centerY: 0.11382113821138211
width: 0.03415783274440518
height: 0.03080872913992298
Area: 0.0002862740176592765
CentroidX: 0.5137
CentroidY: 0.1307
