Location: 2025-04-19_204823-1.png_Otsu.png
Component: component_1745098808123_289.png
centerX: 0.35276796230859836
centerY: 0.5661103979460848
width: 0.03356890459363958
height: 0.031664527171587506
Area: 0.00028753402653981905
CentroidX: 0.3693
CentroidY: 0.5835
