Location: 2025-04-19_204823-1.png_Gaussian-Median.png
Component: component_1745098807940_273.png
centerX: 0.5365135453474676
centerY: 0.5109114249037228
width: 0.034746760895170786
height: 0.03209242618741977
Area: 0.0003243262858516627
CentroidX: 0.5546
CentroidY: 0.5290
