Location: 2025-04-19_204823-1.png_Otsu.png
Component: component_1745098808043_125.png
centerX: 0.3374558303886926
centerY: 0.2139495079161318
width: 0.030035335689045935
height: 0.030380830124090714
Area: 0.00023108562869151103
CentroidX: 0.3529
CentroidY: 0.2309
