Location: 2025-04-19_204823-1.png_Otsu.png
Component: component_1745098808017_3.png
centerX: 0.5282685512367491
centerY: 0.017543859649122806
width: 0.02944640753828033
height: 0.030380830124090714
Area: 0.000258805824063448
CentroidX: 0.5431
CentroidY: 0.0345
