Location: Handwritten_2025-04-19_204955-1.png_Mean-Closing.png
Component: component_1745098807858_86.png
centerX: 0.585394581861013
centerY: 0.08044501497646556
width: 0.03356890459363958
height: 0.031664527171587506
Area: 0.00035330649010414223
CentroidX: 0.6019
CentroidY: 0.0985
