Location: 2025-04-19_204823-1.png_Gaussian-Median.png
Component: component_1745098807950_321.png
centerX: 0.4004711425206125
centerY: 0.6187419768934531
width: 0.03180212014134275
height: 0.03508771929824561
Area: 0.0003396983941942823
CentroidX: 0.4172
CentroidY: 0.6378
