Location: 2025-04-19_204823-1.png_Gaussian-Median.png
Component: component_1745098807977_452.png
centerX: 0.5647820965842167
centerY: 0.8724860932819855
width: 0.028857479387514724
height: 0.03465982028241335
Area: 0.00031399421303121344
CentroidX: 0.5784
CentroidY: 0.8917
