Location: easy21_Mean-Medain.png
Component: component_1744297380778_129.png
centerX: 0.3346774193548387
centerY: 0.10727969348659004
width: 0.025
height: 0.01532567049808429
Area: 0.00011007601038190582
CentroidX: 0.3467
CentroidY: 0.1157
