Location: easy21_Mean-Medain.png
Component: component_1744297380961_917.png
centerX: 0.4032258064516129
centerY: 0.6997126436781609
width: 0.025806451612903226
height: 0.014846743295019157
Area: 0.00011046224199728093
CentroidX: 0.4158
CentroidY: 0.7078
