Location: Handwritten_2025-04-19_204955-1.png_Gaussian-Closing.png
Component: component_1745098808466_102.png
centerX: 0.22732626619552415
centerY: 0.08557980316645272
width: 0.03415783274440518
height: 0.03423192126658109
Area: 0.0003260902982844223
CentroidX: 0.2451
CentroidY: 0.1049
