Location: 2025-04-19_204823-1.png_Otsu.png
Component: component_1745098808316_442.png
centerX: 0.5318021201413428
centerY: 0.8741976893453145
width: 0.022968197879858657
height: 0.032520325203252036
Area: 0.00026913789688389725
CentroidX: 0.5423
CentroidY: 0.8923
