Location: 2025-04-19_204823-1.png_Gaussian-Median.png
Component: component_1745098807896_45.png
centerX: 0.660188457008245
centerY: 0.06418485237483953
width: 0.02944640753828033
height: 0.02781343602909713
Area: 0.00023335364467648768
CentroidX: 0.6757
CentroidY: 0.0802
