Location: 2025-04-19_204823-1.png_Gaussian-Median.png
Component: component_1745098807929_206.png
centerX: 0.39752650176678445
centerY: 0.362002567394095
width: 0.030035335689045935
height: 0.029525032092426188
Area: 0.00028224198924154016
CentroidX: 0.4121
CentroidY: 0.3790
