Location: 2025-04-19_204823-1.png_Gaussian-Median.png
Component: component_1745098807931_219.png
centerX: 0.03121319199057715
centerY: 0.4077877620881472
width: 0.026501766784452298
height: 0.032520325203252036
Area: 0.00029459007627085753
CentroidX: 0.0450
CentroidY: 0.4267
