Location: 2025-04-19_204823-1.png_Otsu.png
Component: component_1745098808405_484.png
centerX: 0.09658421672555949
centerY: 0.9311082584510055
width: 0.027090694935217905
height: 0.02866923406076166
Area: 0.00024242570861639432
CentroidX: 0.1094
CentroidY: 0.9475
