Location: easy26_Mean-Closing.png
Component: component_1744297382156_920.png
centerX: 0.07258064516129033
centerY: 0.7260536398467433
width: 0.025
height: 0.014367816091954023
Area: 9.771659868990237e-05
CentroidX: 0.0845
CentroidY: 0.7339
