Location: easy21_Mean-Medain.png
Component: component_1744297381011_985.png
centerX: 0.38467741935483873
centerY: 0.7452107279693486
width: 0.025
height: 0.01532567049808429
Area: 0.00010544123099740452
CentroidX: 0.3967
CentroidY: 0.7536
