Location: 2025-04-19_204823-1.png_Otsu.png
Component: component_1745098808066_218.png
centerX: 0.23439340400471143
centerY: 0.40949935815147626
width: 0.028857479387514724
height: 0.032520325203252036
Area: 0.0002971100940319427
CentroidX: 0.2482
CentroidY: 0.4282
