Location: easy26_Mean-Closing.png
Component: component_1744297382212_1203.png
centerX: 0.175
centerY: 0.9066091954022989
width: 0.025806451612903226
height: 0.014846743295019157
Area: 0.00012359411692003462
CentroidX: 0.1874
CentroidY: 0.9146
