Location: 2025-04-19_204823-1.png_Otsu.png
Component: component_1745098808029_52.png
centerX: 0.7608951707891637
centerY: 0.10740265297389816
width: 0.02944640753828033
height: 0.029525032092426188
Area: 0.00023436165178092176
CentroidX: 0.7763
CentroidY: 0.1248
