Location: 2025-04-19_204823-1.png_Gaussian-Median.png
Component: component_1745098807971_424.png
centerX: 0.7249705535924618
centerY: 0.8211382113821138
width: 0.03121319199057715
height: 0.029525032092426188
Area: 0.0002630898542572928
CentroidX: 0.7411
CentroidY: 0.8381
