Location: 2025-04-19_204823-1.png_Otsu.png
Component: component_1745098808410_503.png
centerX: 0.44110718492343937
centerY: 0.9644843816859221
width: 0.028857479387514724
height: 0.02995293110825845
Area: 0.00027115391109276536
CentroidX: 0.4545
CentroidY: 0.9811
