Location: easy64_Gaussian-Closing.png
Component: component_1744297381452_1011.png
centerX: 0.48972188633615477
centerY: 0.6575459598118855
width: 0.013905683192261185
height: 0.00983326207781103
Area: 6.617199652803805e-05
CentroidX: 0.4964
CentroidY: 0.6628
