Location: 2025-04-19_204823-1.png_Otsu.png
Component: component_1745098808213_333.png
centerX: 0.09540636042402827
centerY: 0.6756525459991441
width: 0.028857479387514724
height: 0.03209242618741977
Area: 0.00027468193595828465
CentroidX: 0.1097
CentroidY: 0.6936
