Location: 2025-04-19_204823-1.png_Gaussian-Median.png
Component: component_1745098807932_226.png
centerX: 0.7055359246171967
centerY: 0.40821566110397944
width: 0.03297997644287397
height: 0.030380830124090714
Area: 0.0002799739732565635
CentroidX: 0.7231
CentroidY: 0.4256
