Location: 2025-04-19_204823-1.png_Otsu.png
Component: component_1745098808290_420.png
centerX: 0.37161366313309774
centerY: 0.8292682926829268
width: 0.03415783274440518
height: 0.03337612323491656
Area: 0.0002756899430627187
CentroidX: 0.3896
CentroidY: 0.8484
