Location: 2025-04-19_204823-1.png_Otsu.png
Component: component_1745098808044_128.png
centerX: 0.9393404004711425
centerY: 0.2588789045785195
width: 0.030624263839811542
height: 0.031664527171587506
Area: 0.0002618298453767502
CentroidX: 0.9543
CentroidY: 0.2767
