Location: 2025-04-19_204823-1.png_Gaussian-Median.png
Component: component_1745098807914_138.png
centerX: 0.9387514723203769
centerY: 0.2588789045785195
width: 0.03180212014134275
height: 0.03209242618741977
Area: 0.0002963540887036172
CentroidX: 0.9543
CentroidY: 0.2766
