Location: 2025-04-19_204823-1.png_Gaussian-Median.png
Component: component_1745098807962_376.png
centerX: 0.127208480565371
centerY: 0.7291399229781772
width: 0.02944640753828033
height: 0.037227214377406934
Area: 0.0003157582254639731
CentroidX: 0.1425
CentroidY: 0.7508
