Location: Handwritten_2025-04-19_204955-1.png_Gaussian-Closing.png
Component: component_1745098808456_52.png
centerX: 0.508833922261484
centerY: 0.028241335044929396
width: 0.03180212014134275
height: 0.03508771929824561
Area: 0.00031449821658343047
CentroidX: 0.5257
CentroidY: 0.0490
