Location: 2025-04-19_204823-1.png_Otsu.png
Component: component_1745098808216_338.png
centerX: 0.20965842167255594
centerY: 0.6765083440308087
width: 0.03180212014134275
height: 0.03380402225074882
Area: 0.000293834070942532
CentroidX: 0.2266
CentroidY: 0.6955
