Location: 2025-04-19_204823-1.png_Gaussian-Median.png
Component: component_1745098807925_188.png
centerX: 0.1160188457008245
centerY: 0.355584082156611
width: 0.03415783274440518
height: 0.036371416345742404
Area: 0.0003485184563580804
CentroidX: 0.1328
CentroidY: 0.3766
