Location: 2025-04-19_204823-1.png_Otsu.png
Component: component_1745098808290_419.png
centerX: 0.18315665488810365
centerY: 0.8296961916987591
width: 0.028857479387514724
height: 0.03551561831407788
Area: 0.000272413919973308
CentroidX: 0.1978
CentroidY: 0.8501
