Location: 2025-04-19_204823-1.png_Otsu.png
Component: component_1745098808074_244.png
centerX: 0.19081272084805653
centerY: 0.4587077449721866
width: 0.03180212014134275
height: 0.03380402225074882
Area: 0.0002799739732565635
CentroidX: 0.2072
CentroidY: 0.4783
