Location: 2025-04-19_204823-1.png_Gaussian-Median.png
Component: component_1745098807991_506.png
centerX: 0.3138987043580683
centerY: 0.9640564826700898
width: 0.030035335689045935
height: 0.0329482242190843
Area: 0.00032231027164279454
CentroidX: 0.3281
CentroidY: 0.9826
