Location: easy26_Mean-Closing.png
Component: component_1744297382134_812.png
centerX: 0.38467741935483873
centerY: 0.6585249042145593
width: 0.024193548387096774
height: 0.014846743295019157
Area: 0.00010351007292052898
CentroidX: 0.3960
CentroidY: 0.6666
