Location: Handwritten_2025-04-19_204955-1.png_Gaussian-Closing.png
Component: component_1745098808461_64.png
centerX: 0.9110718492343934
centerY: 0.03080872913992298
width: 0.035924617196702
height: 0.03423192126658109
Area: 0.00034045439952260783
CentroidX: 0.9288
CentroidY: 0.0498
