Location: easy43_Mean-Closing.png
Component: component_1744297380602_436.png
centerX: 0.7478839177750907
centerY: 0.34416417272338606
width: 0.014510278113663845
height: 0.00983326207781103
Area: 7.030774631104044e-05
CentroidX: 0.7547
CentroidY: 0.3493
