Location: 2025-04-19_204823-1.png_Otsu.png
Component: component_1745098808175_317.png
centerX: 0.5176678445229682
centerY: 0.6213093709884467
width: 0.030624263839811542
height: 0.03209242618741977
Area: 0.0002840060016742998
CentroidX: 0.5333
CentroidY: 0.6393
