Location: 2025-04-19_204823-1.png_Otsu.png
Component: component_1745098808408_498.png
centerX: 0.5683156654888104
centerY: 0.9619169875909286
width: 0.030624263839811542
height: 0.02995293110825845
Area: 0.0003132382077028879
CentroidX: 0.5828
CentroidY: 0.9780
