Location: 2025-04-19_204823-1.png_Otsu.png
Component: component_1745098808032_70.png
centerX: 0.212603062426384
centerY: 0.11767222935387249
width: 0.030035335689045935
height: 0.03123662815575524
Area: 0.00021999755054273622
CentroidX: 0.2290
CentroidY: 0.1360
