Location: 2025-04-19_204823-1.png_Otsu.png
Component: component_1745098808097_265.png
centerX: 0.3845700824499411
centerY: 0.5117672229353872
width: 0.03180212014134275
height: 0.03465982028241335
Area: 0.0002895500407486872
CentroidX: 0.4010
CentroidY: 0.5318
