Location: easy16_Gaussian-Median.png
Component: component_1744297381830_763.png
centerX: 0.3185483870967742
centerY: 0.5545977011494253
width: 0.024193548387096774
height: 0.014846743295019157
Area: 0.00010814485230503028
CentroidX: 0.3302
CentroidY: 0.5626
