Location: 2025-04-19_204823-1.png_Gaussian-Median.png
Component: component_1745098807989_500.png
centerX: 0.9328621908127208
centerY: 0.9542148053059478
width: 0.02944640753828033
height: 0.03380402225074882
Area: 0.0003258382965083138
CentroidX: 0.9479
CentroidY: 0.9731
