Location: 2025-04-19_204823-1.png_Gaussian-Median.png
Component: component_1745098807907_103.png
centerX: 0.21024734982332155
centerY: 0.16388532306375694
width: 0.030624263839811542
height: 0.029097133076593923
Area: 0.00023284964112427065
CentroidX: 0.2260
CentroidY: 0.1803
