Location: 2025-04-19_204823-1.png_Otsu.png
Component: component_1745098808052_156.png
centerX: 0.8981154299175501
centerY: 0.30937098844672656
width: 0.0353356890459364
height: 0.03465982028241335
Area: 0.0002842580034504083
CentroidX: 0.9154
CentroidY: 0.3283
