Location: 2025-04-19_204823-1.png_Gaussian-Median.png
Component: component_1745098807891_27.png
centerX: 0.37868080094228507
centerY: 0.02011125374411639
width: 0.02767962308598351
height: 0.02995293110825845
Area: 0.0002812339821371061
CentroidX: 0.3930
CentroidY: 0.0364
