Location: 2025-04-19_204823-1.png_Otsu.png
Component: component_1745098808062_200.png
centerX: 0.32626619552414604
centerY: 0.363714163457424
width: 0.024146054181389872
height: 0.03080872913992298
Area: 0.0002381416784225495
CentroidX: 0.3379
CentroidY: 0.3815
