Location: 2025-04-19_204823-1.png_Gaussian-Median.png
Component: component_1745098807965_391.png
centerX: 0.8074204946996466
centerY: 0.7667950363714163
width: 0.0353356890459364
height: 0.03508771929824561
Area: 0.00033768237998541413
CentroidX: 0.8233
CentroidY: 0.7861
