Location: 2025-04-19_204823-1.png_Otsu.png
Component: component_1745098808180_328.png
centerX: 0.8527679623085983
centerY: 0.6700898587933247
width: 0.030035335689045935
height: 0.032520325203252036
Area: 0.00027946996970434646
CentroidX: 0.8682
CentroidY: 0.6871
