Location: 2025-04-19_204823-1.png_Gaussian-Median.png
Component: component_1745098807965_394.png
centerX: 0.9163722025912838
centerY: 0.7680787334189131
width: 0.03297997644287397
height: 0.03380402225074882
Area: 0.0003240742840755542
CentroidX: 0.9317
CentroidY: 0.7863
