Location: easy26_Mean-Closing.png
Component: component_1744297382068_484.png
centerX: 0.5580645161290323
centerY: 0.34626436781609193
width: 0.025
height: 0.014846743295019157
Area: 0.00010351007292052898
CentroidX: 0.5703
CentroidY: 0.3543
