Location: 2025-04-19_204823-1.png_Gaussian-Median.png
Component: component_1745098807923_181.png
centerX: 0.42285041224970554
centerY: 0.314933675652546
width: 0.030624263839811542
height: 0.0329482242190843
Area: 0.00030845017395682604
CentroidX: 0.4377
CentroidY: 0.3328
