Location: 2025-04-19_204823-1.png_Otsu.png
Component: component_1745098808407_497.png
centerX: 0.5288574793875147
centerY: 0.9606332905434317
width: 0.03297997644287397
height: 0.03209242618741977
Area: 0.00030341013843465566
CentroidX: 0.5452
CentroidY: 0.9782
