Location: easy64_Gaussian-Closing.png
Component: component_1744297381420_927.png
centerX: 0.6039903264812576
centerY: 0.6165027789653699
width: 0.014510278113663845
height: 0.010260795211628902
Area: 7.289258992541693e-05
CentroidX: 0.6108
CentroidY: 0.6218
