Location: 2025-04-19_204823-1.png_Gaussian-Median.png
Component: component_1745098807932_223.png
centerX: 0.7820965842167256
centerY: 0.4073598630723149
width: 0.026501766784452298
height: 0.028241335044929396
Area: 0.0002431817139447199
CentroidX: 0.7965
CentroidY: 0.4235
