Location: easy26_Mean-Closing.png
Component: component_1744297381979_155.png
centerX: 0.4685483870967742
centerY: 0.1221264367816092
width: 0.024193548387096774
height: 0.014367816091954023
Area: 0.00010968977876653071
CentroidX: 0.4801
CentroidY: 0.1301
