Location: 2025-04-19_204823-1.png_Otsu.png
Component: component_1745098808372_462.png
centerX: 0.7243816254416962
centerY: 0.9101412066752247
width: 0.032391048292108364
height: 0.03123662815575524
Area: 0.0002628378524811843
CentroidX: 0.7405
CentroidY: 0.9273
