Location: easy16_Gaussian-Median.png
Component: component_1744297381674_172.png
centerX: 0.1
centerY: 0.11494252873563218
width: 0.025
height: 0.014846743295019157
Area: 0.00010930354715115561
CentroidX: 0.1122
CentroidY: 0.1229
