Location: easy21_Mean-Medain.png
Component: component_1744297381143_1168.png
centerX: 0.6895161290322581
centerY: 0.8620689655172413
width: 0.02661290322580645
height: 0.01532567049808429
Area: 0.00013131874922753676
CentroidX: 0.7027
CentroidY: 0.8703
