Location: easy26_Mean-Closing.png
Component: component_1744297382155_916.png
centerX: 0.7540322580645161
centerY: 0.7255747126436781
width: 0.025
height: 0.014367816091954023
Area: 0.00010737238907428007
CentroidX: 0.7662
CentroidY: 0.7334
