Location: 2025-04-19_204823-1.png_Otsu.png
Component: component_1745098808112_281.png
centerX: 0.428150765606596
centerY: 0.5609756097560976
width: 0.034746760895170786
height: 0.0329482242190843
Area: 0.00032760230894107343
CentroidX: 0.4466
CentroidY: 0.5797
