Location: 2025-04-19_204823-1.png_Otsu.png
Component: component_1745098808035_83.png
centerX: 0.03651354534746761
centerY: 0.15661103979460847
width: 0.026501766784452298
height: 0.03337612323491656
Area: 0.00024444172282526245
CentroidX: 0.0505
CentroidY: 0.1758
