Location: 2025-04-19_204823-1.png_Otsu.png
Component: component_1745098808107_275.png
centerX: 0.8886925795053003
centerY: 0.5554129225502782
width: 0.03121319199057715
height: 0.0329482242190843
Area: 0.0002915660549575553
CentroidX: 0.9056
CentroidY: 0.5743
