Location: 2025-04-19_204823-1.png_Otsu.png
Component: component_1745098808051_152.png
centerX: 0.29799764428739695
centerY: 0.26743688489516476
width: 0.028268551236749116
height: 0.03337612323491656
Area: 0.00023713367131811546
CentroidX: 0.3123
CentroidY: 0.2862
