Location: easy16_Gaussian-Median.png
Component: component_1744297381908_1178.png
centerX: 0.48870967741935484
centerY: 0.8232758620689655
width: 0.025
height: 0.014846743295019157
Area: 0.00011046224199728093
CentroidX: 0.5011
CentroidY: 0.8313
