Location: 2025-04-19_204823-1.png_Gaussian-Median.png
Component: component_1745098807970_421.png
centerX: 0.7962308598351001
centerY: 0.819854514334617
width: 0.030624263839811542
height: 0.03123662815575524
Area: 0.0002731699253016335
CentroidX: 0.8100
CentroidY: 0.8373
