Location: 2025-04-19_204823-1.png_Otsu.png
Component: component_1745098808257_372.png
centerX: 0.36984687868080096
centerY: 0.7347026101839966
width: 0.030624263839811542
height: 0.03465982028241335
Area: 0.00029736209580805123
CentroidX: 0.3859
CentroidY: 0.7552
