Location: easy26_Mean-Closing.png
Component: component_1744297382113_693.png
centerX: 0.43790322580645163
centerY: 0.47988505747126436
width: 0.025
height: 0.014846743295019157
Area: 0.00011934556915090841
CentroidX: 0.4505
CentroidY: 0.4879
