Location: Handwritten_2025-04-19_204955-1.png_Gaussian-Closing.png
Component: component_1745098808463_88.png
centerX: 0.48586572438162545
centerY: 0.08044501497646556
width: 0.037102473498233215
height: 0.03337612323491656
Area: 0.00034599843859699523
CentroidX: 0.5052
CentroidY: 0.0992
