Location: 2025-04-19_204823-1.png_Gaussian-Median.png
Component: component_1745098807993_516.png
centerX: 0.12190812720848057
centerY: 0.9691912708600771
width: 0.03121319199057715
height: 0.02995293110825845
Area: 0.00028198998746543165
CentroidX: 0.1379
CentroidY: 0.9863
