Location: easy64_Gaussian-Closing.png
Component: component_1744297381380_779.png
centerX: 0.34280532043530837
centerY: 0.5489525438221462
width: 0.014510278113663845
height: 0.00983326207781103
Area: 7.289258992541693e-05
CentroidX: 0.3499
CentroidY: 0.5541
