Location: easy26_Mean-Closing.png
Component: component_1744297382128_782.png
centerX: 0.8540322580645161
centerY: 0.6355363984674329
width: 0.025
height: 0.014846743295019157
Area: 0.00012436658015078483
CentroidX: 0.8663
CentroidY: 0.6433
