Location: 2025-04-19_204823-1.png_Gaussian-Median.png
Component: component_1745098807992_510.png
centerX: 0.3486454652532391
centerY: 0.9649122807017544
width: 0.034746760895170786
height: 0.029525032092426188
Area: 0.0003286103160455075
CentroidX: 0.3652
CentroidY: 0.9816
