Location: 2025-04-19_204823-1.png_Gaussian-Median.png
Component: component_1745098807947_300.png
centerX: 0.23851590106007067
centerY: 0.5661103979460848
width: 0.02944640753828033
height: 0.036371416345742404
Area: 0.00031928625032949233
CentroidX: 0.2535
CentroidY: 0.5865
