Location: 2025-04-19_204823-1.png_Otsu.png
Component: component_1745098808068_225.png
centerX: 0.5901060070671378
centerY: 0.4099272571673085
width: 0.027090694935217905
height: 0.032520325203252036
Area: 0.00022982561981096844
CentroidX: 0.6046
CentroidY: 0.4297
