Location: 2025-04-19_204823-1.png_Otsu.png
Component: component_1745098808410_504.png
centerX: 0.2773851590106007
centerY: 0.9653401797175867
width: 0.02944640753828033
height: 0.03080872913992298
Area: 0.00028224198924154016
CentroidX: 0.2918
CentroidY: 0.9826
