Location: 2025-04-19_204823-1.png_Otsu.png
Component: component_1745098808288_407.png
centerX: 0.6183745583038869
centerY: 0.8207103123662816
width: 0.02944640753828033
height: 0.03423192126658109
Area: 0.00027770595727158687
CentroidX: 0.6331
CentroidY: 0.8392
