Location: 2025-04-19_204823-1.png_Otsu.png
Component: component_1745098808269_395.png
centerX: 0.06595995288574794
centerY: 0.7826272999572101
width: 0.02944640753828033
height: 0.03423192126658109
Area: 0.0002968580922558342
CentroidX: 0.0798
CentroidY: 0.8010
