Location: 2025-04-19_204823-1.png_Otsu.png
Component: component_1745098808052_155.png
centerX: 0.8250883392226148
centerY: 0.30937098844672656
width: 0.035924617196702
height: 0.03209242618741977
Area: 0.00029282606383809794
CentroidX: 0.8436
CentroidY: 0.3273
