Location: 2025-04-19_204823-1.png_Gaussian-Median.png
Component: component_1745098807930_212.png
centerX: 0.7396937573616019
centerY: 0.4056482670089859
width: 0.03415783274440518
height: 0.03423192126658109
Area: 0.0003081981721807175
CentroidX: 0.7585
CentroidY: 0.4248
