Location: 2025-04-19_204823-1.png_Gaussian-Median.png
Component: component_1745098807991_509.png
centerX: 0.4799764428739694
centerY: 0.9640564826700898
width: 0.035924617196702
height: 0.02995293110825845
Area: 0.0003530544883280337
CentroidX: 0.4955
CentroidY: 0.9802
