Location: 2025-04-19_204823-1.png_Otsu.png
Component: component_1745098808289_417.png
centerX: 0.4552414605418139
centerY: 0.8284124946512623
width: 0.030035335689045935
height: 0.03380402225074882
Area: 0.00027946996970434646
CentroidX: 0.4700
CentroidY: 0.8471
