Location: 2025-04-19_204823-1.png_Gaussian-Median.png
Component: component_1745098807918_157.png
centerX: 0.45111896348645464
centerY: 0.26572528883183566
width: 0.03121319199057715
height: 0.032520325203252036
Area: 0.00029610208692750867
CentroidX: 0.4670
CentroidY: 0.2841
