Location: 2025-04-19_204823-1.png_Otsu.png
Component: component_1745098808406_491.png
centerX: 0.9334511189634864
centerY: 0.9546427043217801
width: 0.028268551236749116
height: 0.0329482242190843
Area: 0.00029610208692750867
CentroidX: 0.9479
CentroidY: 0.9731
