Location: 2025-04-19_204823-1.png_Gaussian-Median.png
Component: component_1745098807980_463.png
centerX: 0.2656065959952886
centerY: 0.8801882755669662
width: 0.030035335689045935
height: 0.03465982028241335
Area: 0.00033037432847826713
CentroidX: 0.2803
CentroidY: 0.8999
