Location: 2025-04-19_204823-1.png_Gaussian-Median.png
Component: component_1745098807964_389.png
centerX: 0.36984687868080096
centerY: 0.7342747111681643
width: 0.030624263839811542
height: 0.03551561831407788
Area: 0.00032835831426939897
CentroidX: 0.3859
CentroidY: 0.7550
