Location: 2025-04-19_204823-1.png_Otsu.png
Component: component_1745098808265_384.png
centerX: 0.6060070671378092
centerY: 0.7740693196405648
width: 0.03297997644287397
height: 0.03337612323491656
Area: 0.00031172619704623677
CentroidX: 0.6209
CentroidY: 0.7922
