Location: easy26_Mean-Closing.png
Component: component_1744297382205_1163.png
centerX: 0.17661290322580644
centerY: 0.8836206896551724
width: 0.025
height: 0.014846743295019157
Area: 0.00011239340007415647
CentroidX: 0.1886
CentroidY: 0.8916
