Location: Handwritten_2025-04-19_204955-1.png_Mean-Closing.png
Component: component_1745098807855_48.png
centerX: 0.37043580683156657
centerY: 0.02738553701326487
width: 0.03415783274440518
height: 0.03337612323491656
Area: 0.00033541436400043746
CentroidX: 0.3885
CentroidY: 0.0468
