Location: Handwritten_2025-04-19_204955-1.png_Mean-Closing.png
Component: component_1745098807854_33.png
centerX: 0.09481743227326266
centerY: 0.02396234488660676
width: 0.03297997644287397
height: 0.036799315361574665
Area: 0.00039135875829652845
CentroidX: 0.1107
CentroidY: 0.0453
