Location: 2025-04-19_204823-1.png_Gaussian-Median.png
Component: component_1745098807967_403.png
centerX: 0.028268551236749116
centerY: 0.7792041078305519
width: 0.026501766784452298
height: 0.03123662815575524
Area: 0.0002925740620619894
CentroidX: 0.0410
CentroidY: 0.7956
