Location: 2025-04-19_204823-1.png_Otsu.png
Component: component_1745098808314_437.png
centerX: 0.7491166077738516
centerY: 0.8647839109970047
width: 0.027090694935217905
height: 0.031664527171587506
Area: 0.00024418972104915394
CentroidX: 0.7625
CentroidY: 0.8831
