Location: Handwritten_2025-04-19_204955-1.png_Gaussian-Closing.png
Component: component_1745098808458_61.png
centerX: 0.6501766784452296
centerY: 0.03123662815575524
width: 0.03651354534746761
height: 0.031664527171587506
Area: 0.00030567815441963234
CentroidX: 0.6688
CentroidY: 0.0494
