Location: 2025-04-19_204823-1.png_Otsu.png
Component: component_1745098808052_154.png
centerX: 0.9346289752650176
centerY: 0.30851519041506204
width: 0.032391048292108364
height: 0.032520325203252036
Area: 0.00026812988977946314
CentroidX: 0.9506
CentroidY: 0.3269
