Location: 2025-04-19_204823-1.png_Otsu.png
Component: component_1745098808219_339.png
centerX: 0.4705535924617197
centerY: 0.6765083440308087
width: 0.030624263839811542
height: 0.03423192126658109
Area: 0.0002600658329439906
CentroidX: 0.4869
CentroidY: 0.6959
