Location: easy43_Mean-Closing.png
Component: component_1744297380645_780.png
centerX: 0.6596130592503023
centerY: 0.49850363403163744
width: 0.013905683192261185
height: 0.00940572894399316
Area: 5.945140313065919e-05
CentroidX: 0.6664
CentroidY: 0.5035
