Location: 2025-04-19_204823-1.png_Gaussian-Median.png
Component: component_1745098807908_110.png
centerX: 0.39045936395759717
centerY: 0.16516902011125376
width: 0.03415783274440518
height: 0.030380830124090714
Area: 0.0002565378080784713
CentroidX: 0.4086
CentroidY: 0.1829
