Location: easy16_Gaussian-Median.png
Component: component_1744297381792_555.png
centerX: 0.9016129032258065
centerY: 0.3773946360153257
width: 0.025806451612903226
height: 0.014846743295019157
Area: 0.00010930354715115561
CentroidX: 0.9145
CentroidY: 0.3853
