Location: 2025-04-19_204823-1.png_Gaussian-Median.png
Component: component_1745098807920_170.png
centerX: 0.10247349823321555
centerY: 0.3127941805733847
width: 0.028268551236749116
height: 0.031664527171587506
Area: 0.00028324999634597427
CentroidX: 0.1165
CentroidY: 0.3308
