Location: 2025-04-19_204823-1.png_Otsu.png
Component: component_1745098808051_153.png
centerX: 0.8627797408716137
centerY: 0.30851519041506204
width: 0.032391048292108364
height: 0.0329482242190843
Area: 0.0002923220602858809
CentroidX: 0.8799
CentroidY: 0.3271
