Location: easy21_Mean-Medain.png
Component: component_1744297380788_165.png
centerX: 0.3911290322580645
centerY: 0.1307471264367816
width: 0.025806451612903226
height: 0.01532567049808429
Area: 0.00011277963168953157
CentroidX: 0.4035
CentroidY: 0.1391
