Location: 2025-04-19_204823-1.png_Otsu.png
Component: component_1745098808018_8.png
centerX: 0.7420494699646644
centerY: 0.01797175866495507
width: 0.030624263839811542
height: 0.029097133076593923
Area: 0.0002507417672279754
CentroidX: 0.7574
CentroidY: 0.0342
