Location: 2025-04-19_204823-1.png_Otsu.png
Component: component_1745098808126_296.png
centerX: 0.11425206124852769
centerY: 0.5712451861360719
width: 0.03121319199057715
height: 0.036371416345742404
Area: 0.00030996218461347717
CentroidX: 0.1293
CentroidY: 0.5914
