Location: 2025-04-19_204823-1.png_Gaussian-Median.png
Component: component_1745098807950_319.png
centerX: 0.7161366313309776
centerY: 0.6178861788617886
width: 0.03415783274440518
height: 0.03508771929824561
Area: 0.0003583465256263126
CentroidX: 0.7332
CentroidY: 0.6373
