Location: 2025-04-19_204823-1.png_Gaussian-Median.png
Component: component_1745098807971_427.png
centerX: 0.49646643109540634
centerY: 0.8258451005562687
width: 0.02944640753828033
height: 0.03508771929824561
Area: 0.00033213834091102673
CentroidX: 0.5115
CentroidY: 0.8452
