Location: Handwritten_2025-04-19_204955-1.png_Gaussian-Closing.png
Component: component_1745098808465_99.png
centerX: 0.3963486454652532
centerY: 0.08515190415062045
width: 0.034746760895170786
height: 0.031664527171587506
Area: 0.0003218062680905775
CentroidX: 0.4144
CentroidY: 0.1033
