Location: 2025-04-19_204823-1.png_Gaussian-Median.png
Component: component_1745098807897_52.png
centerX: 0.18492343934040048
centerY: 0.0658964484381686
width: 0.02944640753828033
height: 0.032520325203252036
Area: 0.0002807299785848891
CentroidX: 0.2002
CentroidY: 0.0836
