Location: 2025-04-19_204823-1.png_Gaussian-Median.png
Component: component_1745098807967_404.png
centerX: 0.4652532391048292
centerY: 0.7787762088147198
width: 0.03356890459363958
height: 0.03123662815575524
Area: 0.000342974417283693
CentroidX: 0.4824
CentroidY: 0.7961
