Location: 2025-04-19_204823-1.png_Gaussian-Median.png
Component: component_1745098807901_69.png
centerX: 0.04063604240282685
centerY: 0.1116816431322208
width: 0.025323910482921083
height: 0.02995293110825845
Area: 0.0002142015096922403
CentroidX: 0.0531
CentroidY: 0.1301
