Location: 2025-04-19_204823-1.png_Otsu.png
Component: component_1745098808378_468.png
centerX: 0.6201413427561837
centerY: 0.9157038938810441
width: 0.025323910482921083
height: 0.030380830124090714
Area: 0.00023864568197476657
CentroidX: 0.6326
CentroidY: 0.9329
