Location: easy64_Gaussian-Closing.png
Component: component_1744297381346_676.png
centerX: 0.5048367593712213
centerY: 0.45275758871312527
width: 0.014510278113663845
height: 0.010260795211628902
Area: 6.84983557809769e-05
CentroidX: 0.5119
CentroidY: 0.4580
