Location: Handwritten_2025-04-19_204955-1.png_Gaussian-Closing.png
Component: component_1745098808458_62.png
centerX: 0.6955241460541813
centerY: 0.03123662815575524
width: 0.03415783274440518
height: 0.032520325203252036
Area: 0.0003134902094789964
CentroidX: 0.7130
CentroidY: 0.0492
