Location: Handwritten_2025-04-19_204955-1.png_Mean-Closing.png
Component: component_1745098807861_101.png
centerX: 0.27326266195524146
centerY: 0.08643560119811725
width: 0.03180212014134275
height: 0.03337612323491656
Area: 0.00033365035156767786
CentroidX: 0.2906
CentroidY: 0.1053
