Location: easy21_Mean-Medain.png
Component: component_1744297380894_641.png
centerX: 0.40725806451612906
centerY: 0.5186781609195402
width: 0.025806451612903226
height: 0.01532567049808429
Area: 0.00011895933753553331
CentroidX: 0.4203
CentroidY: 0.5268
