Location: 2025-04-19_204823-1.png_Gaussian-Median.png
Component: component_1745098807963_385.png
centerX: 0.5730270906949352
centerY: 0.7329910141206675
width: 0.034746760895170786
height: 0.03080872913992298
Area: 0.0003396983941942823
CentroidX: 0.5906
CentroidY: 0.7498
