Location: 2025-04-19_204823-1.png_Otsu.png
Component: component_1745098808079_257.png
centerX: 0.7290930506478209
centerY: 0.5104835258878905
width: 0.03356890459363958
height: 0.03123662815575524
Area: 0.0002676258862272461
CentroidX: 0.7472
CentroidY: 0.5283
