Location: 2025-04-19_204823-1.png_Gaussian-Median.png
Component: component_1745098807949_314.png
centerX: 0.8739693757361602
centerY: 0.6110397946084724
width: 0.030035335689045935
height: 0.03508771929824561
Area: 0.00033818638353763116
CentroidX: 0.8891
CentroidY: 0.6303
