Location: easy26_Mean-Closing.png
Component: component_1744297382216_1219.png
centerX: 0.6169354838709677
centerY: 0.9061302681992337
width: 0.024193548387096774
height: 0.01532567049808429
Area: 0.00011625571622790755
CentroidX: 0.6286
CentroidY: 0.9144
