Location: 2025-04-19_204823-1.png_Otsu.png
Component: component_1745098808072_240.png
centerX: 0.6336866902237926
centerY: 0.45742404792468977
width: 0.034746760895170786
height: 0.032520325203252036
Area: 0.000314750218359539
CentroidX: 0.6513
CentroidY: 0.4756
