Location: 2025-04-19_204823-1.png_Gaussian-Median.png
Component: component_1745098807904_85.png
centerX: 0.32037691401649
centerY: 0.1198117244330338
width: 0.032391048292108364
height: 0.03123662815575524
Area: 0.0002701459039883313
CentroidX: 0.3366
CentroidY: 0.1379
