Location: 2025-04-19_204823-1.png_Otsu.png
Component: component_1745098808032_68.png
centerX: 0.14487632508833923
centerY: 0.11681643132220795
width: 0.028857479387514724
height: 0.03080872913992298
Area: 0.00022604559316934065
CentroidX: 0.1604
CentroidY: 0.1345
