Location: 2025-04-19_204823-1.png_Otsu.png
Component: component_1745098808136_305.png
centerX: 0.7161366313309776
centerY: 0.6183140778776208
width: 0.03356890459363958
height: 0.03465982028241335
Area: 0.0003235702805233371
CentroidX: 0.7332
CentroidY: 0.6373
