Location: 2025-04-19_204823-1.png_Otsu.png
Component: component_1745098808044_127.png
centerX: 0.3003533568904594
centerY: 0.21523320496362858
width: 0.03180212014134275
height: 0.02995293110825845
Area: 0.00023763767487033248
CentroidX: 0.3168
CentroidY: 0.2322
