Location: 2025-04-19_204823-1.png_Gaussian-Median.png
Component: component_1745098807894_37.png
centerX: 0.6254416961130742
centerY: 0.06290115532734275
width: 0.030035335689045935
height: 0.03123662815575524
Area: 0.0002459537334819136
CentroidX: 0.6422
CentroidY: 0.0815
