Location: 2025-04-19_204823-1.png_Gaussian-Median.png
Component: component_1745098807898_59.png
centerX: 0.36454652532391046
centerY: 0.06675224646983312
width: 0.03180212014134275
height: 0.032520325203252036
Area: 0.00025830182051123096
CentroidX: 0.3809
CentroidY: 0.0857
