Location: 2025-04-19_204823-1.png_Otsu.png
Component: component_1745098808268_391.png
centerX: 0.3910482921083628
centerY: 0.7809157038938811
width: 0.03297997644287397
height: 0.032520325203252036
Area: 0.0003104661881656942
CentroidX: 0.4073
CentroidY: 0.7986
