Location: 2025-04-19_204823-1.png_Otsu.png
Component: component_1745098808047_142.png
centerX: 0.14546525323910484
centerY: 0.2635857937526744
width: 0.028268551236749116
height: 0.03337612323491656
Area: 0.00024418972104915394
CentroidX: 0.1599
CentroidY: 0.2826
