Location: 2025-04-19_204823-1.png_Gaussian-Median.png
Component: component_1745098807928_201.png
centerX: 0.2832744405182568
centerY: 0.3607188703465982
width: 0.030624263839811542
height: 0.032520325203252036
Area: 0.0003049221490913068
CentroidX: 0.2976
CentroidY: 0.3782
