Location: 2025-04-19_204823-1.png_Otsu.png
Component: component_1745098808034_79.png
centerX: 0.925206124852768
centerY: 0.15447154471544716
width: 0.032391048292108364
height: 0.030380830124090714
Area: 0.00023738567309422397
CentroidX: 0.9413
CentroidY: 0.1712
