Location: 2025-04-19_204823-1.png_Gaussian-Median.png
Component: component_1745098807977_449.png
centerX: 0.7491166077738516
centerY: 0.8643560119811724
width: 0.02767962308598351
height: 0.032520325203252036
Area: 0.00027216191819719946
CentroidX: 0.7625
CentroidY: 0.8831
