Location: 2025-04-19_204823-1.png_Gaussian-Median.png
Component: component_1745098807901_70.png
centerX: 0.6101295641931684
centerY: 0.11125374411638853
width: 0.03356890459363958
height: 0.031664527171587506
Area: 0.00027442993418217614
CentroidX: 0.6280
CentroidY: 0.1292
