Location: 2025-04-19_204823-1.png_Otsu.png
Component: component_1745098808039_106.png
centerX: 0.9405182567726738
centerY: 0.20453572956782198
width: 0.03415783274440518
height: 0.03080872913992298
Area: 0.0002540177903173862
CentroidX: 0.9575
CentroidY: 0.2225
