Location: 2025-04-19_204823-1.png_Otsu.png
Component: component_1745098808346_450.png
centerX: 0.14840989399293286
centerY: 0.8797603765511339
width: 0.03121319199057715
height: 0.037227214377406934
Area: 0.00029811810113637683
CentroidX: 0.1647
CentroidY: 0.9017
