Location: 2025-04-19_204823-1.png_Gaussian-Median.png
Component: component_1745098807937_254.png
centerX: 0.15371024734982333
centerY: 0.45785194694052206
width: 0.02944640753828033
height: 0.0329482242190843
Area: 0.00029837010291248534
CentroidX: 0.1683
CentroidY: 0.4762
