Location: 2025-04-19_204823-1.png_Otsu.png
Component: component_1745098808031_64.png
centerX: 0.5730270906949352
centerY: 0.11253744116388532
width: 0.028268551236749116
height: 0.03337612323491656
Area: 0.0002484737512429988
CentroidX: 0.5884
CentroidY: 0.1322
