Location: 2025-04-19_204823-1.png_Otsu.png
Component: component_1745098808040_112.png
centerX: 0.6401648998822144
centerY: 0.2092426187419769
width: 0.032391048292108364
height: 0.02866923406076166
Area: 0.00024242570861639432
CentroidX: 0.6566
CentroidY: 0.2248
