Location: 2025-04-19_204823-1.png_Gaussian-Median.png
Component: component_1745098807893_33.png
centerX: 0.2149587750294464
centerY: 0.02396234488660676
width: 0.028857479387514724
height: 0.0329482242190843
Area: 0.00027669795016715276
CentroidX: 0.2297
CentroidY: 0.0423
