Location: 2025-04-19_204823-1.png_Gaussian-Median.png
Component: component_1745098807905_93.png
centerX: 0.7426383981154299
centerY: 0.15661103979460847
width: 0.03356890459363958
height: 0.03465982028241335
Area: 0.0002918180567336639
CentroidX: 0.7593
CentroidY: 0.1753
