Location: 2025-04-19_204823-1.png_Otsu.png
Component: component_1745098808042_119.png
centerX: 0.6001177856301532
centerY: 0.21223791185280275
width: 0.03415783274440518
height: 0.026957637997432605
Area: 0.00022755760382599176
CentroidX: 0.6179
CentroidY: 0.2275
