Location: 2025-04-19_204823-1.png_Gaussian-Median.png
Component: component_1745098807935_243.png
centerX: 0.676678445229682
centerY: 0.45528455284552843
width: 0.0353356890459364
height: 0.03508771929824561
Area: 0.0003396983941942823
CentroidX: 0.6946
CentroidY: 0.4753
