Location: 2025-04-19_204823-1.png_Gaussian-Median.png
Component: component_1745098807935_245.png
centerX: 0.7555948174322733
centerY: 0.45528455284552843
width: 0.03415783274440518
height: 0.03080872913992298
Area: 0.0003205462592100349
CentroidX: 0.7732
CentroidY: 0.4722
