Location: Handwritten_2025-04-19_204955-1.png_Gaussian-Closing.png
Component: component_1745098808462_84.png
centerX: 0.8969375736160189
centerY: 0.07916131792896876
width: 0.037102473498233215
height: 0.03551561831407788
Area: 0.00036515057358124263
CentroidX: 0.9156
CentroidY: 0.0991
