Location: 2025-04-19_204823-1.png_Gaussian-Median.png
Component: component_1745098807925_184.png
centerX: 0.3822143698468787
centerY: 0.3162173727000428
width: 0.032391048292108364
height: 0.031664527171587506
Area: 0.0002968580922558342
CentroidX: 0.3978
CentroidY: 0.3336
