Location: 2025-04-19_204823-1.png_Gaussian-Median.png
Component: component_1745098807903_77.png
centerX: 0.18021201413427562
centerY: 0.11681643132220795
width: 0.02767962308598351
height: 0.032520325203252036
Area: 0.0002512457707801925
CentroidX: 0.1948
CentroidY: 0.1357
