Location: 2025-04-19_204823-1.png_Otsu.png
Component: component_1745098808306_424.png
centerX: 0.10836277974087162
centerY: 0.8318356867779204
width: 0.02944640753828033
height: 0.03380402225074882
Area: 0.00028324999634597427
CentroidX: 0.1237
CentroidY: 0.8510
