Location: 2025-04-19_204823-1.png_Otsu.png
Component: component_1745098808246_364.png
centerX: 0.20318021201413428
centerY: 0.732135216089003
width: 0.03121319199057715
height: 0.03465982028241335
Area: 0.00029761409758415975
CentroidX: 0.2195
CentroidY: 0.7521
