Location: 2025-04-19_204823-1.png_Otsu.png
Component: component_1745098808073_242.png
centerX: 0.4387514723203769
centerY: 0.45785194694052206
width: 0.030035335689045935
height: 0.03209242618741977
Area: 0.00027770595727158687
CentroidX: 0.4543
CentroidY: 0.4761
