Location: 2025-04-19_204823-1.png_Gaussian-Median.png
Component: component_1745098807984_475.png
centerX: 0.9387514723203769
centerY: 0.9097133076593924
width: 0.028268551236749116
height: 0.03209242618741977
Area: 0.0003258382965083138
CentroidX: 0.9521
CentroidY: 0.9278
