Location: easy16_Gaussian-Median.png
Component: component_1744297381693_269.png
centerX: 0.09758064516129032
centerY: 0.18199233716475097
width: 0.025806451612903226
height: 0.014846743295019157
Area: 0.00010119268322827833
CentroidX: 0.1104
CentroidY: 0.1901
