Location: 2025-04-19_204823-1.png_Gaussian-Median.png
Component: component_1745098807951_327.png
centerX: 0.44051825677267376
centerY: 0.6204535729567822
width: 0.030035335689045935
height: 0.0329482242190843
Area: 0.0003210502627622519
CentroidX: 0.4561
CentroidY: 0.6383
