Location: 2025-04-19_204823-1.png_Otsu.png
Component: component_1745098808088_263.png
centerX: 0.6154299175500589
centerY: 0.5113393239195549
width: 0.032391048292108364
height: 0.030380830124090714
Area: 0.0002686338933316802
CentroidX: 0.6321
CentroidY: 0.5281
