Location: 2025-04-19_204823-1.png_Gaussian-Median.png
Component: component_1745098807958_359.png
centerX: 0.3998822143698469
centerY: 0.676936243046641
width: 0.030035335689045935
height: 0.03423192126658109
Area: 0.00029761409758415975
CentroidX: 0.4148
CentroidY: 0.6951
