Location: easy16_Gaussian-Median.png
Component: component_1744297381743_313.png
centerX: 0.8814516129032258
centerY: 0.22030651340996169
width: 0.02661290322580645
height: 0.014846743295019157
Area: 0.0001181868743047831
CentroidX: 0.8944
CentroidY: 0.2281
