Location: 2025-04-19_204823-1.png_Gaussian-Median.png
Component: component_1745098807985_479.png
centerX: 0.5453474676089517
centerY: 0.9191270860077022
width: 0.030624263839811542
height: 0.03423192126658109
Area: 0.0003129862059267794
CentroidX: 0.5610
CentroidY: 0.9391
