Location: 2025-04-19_204823-1.png_Gaussian-Median.png
Component: component_1745098807907_100.png
centerX: 0.1413427561837456
centerY: 0.16174582798459564
width: 0.030035335689045935
height: 0.03209242618741977
Area: 0.0002698939022122228
CentroidX: 0.1565
CentroidY: 0.1800
