Location: 2025-04-19_204823-1.png_Otsu.png
Component: component_1745098808045_132.png
centerX: 0.5706713780918727
centerY: 0.26144629867351304
width: 0.030624263839811542
height: 0.0329482242190843
Area: 0.00025779781695901393
CentroidX: 0.5867
CentroidY: 0.2805
