Location: Handwritten_2025-04-19_204955-1.png_Gaussian-Closing.png
Component: component_1745098808466_105.png
centerX: 0.27385159010600707
centerY: 0.08643560119811725
width: 0.03121319199057715
height: 0.03337612323491656
Area: 0.0003230662769711201
CentroidX: 0.2906
CentroidY: 0.1051
