Location: 2025-04-19_204823-1.png_Otsu.png
Component: component_1745098808283_401.png
centerX: 0.8939929328621908
centerY: 0.8189987163029525
width: 0.03415783274440518
height: 0.0329482242190843
Area: 0.0002953460815991831
CentroidX: 0.9093
CentroidY: 0.8358
