Location: 2025-04-19_204823-1.png_Gaussian-Median.png
Component: component_1745098807960_370.png
centerX: 0.024734982332155476
centerY: 0.7231493367565255
width: 0.028268551236749116
height: 0.0410783055198973
Area: 0.0003301223267021586
CentroidX: 0.0384
CentroidY: 0.7466
