Location: 2025-04-19_204823-1.png_Gaussian-Median.png
Component: component_1745098807902_73.png
centerX: 0.07361601884570082
centerY: 0.11296534017971759
width: 0.028857479387514724
height: 0.03209242618741977
Area: 0.000265609872018378
CentroidX: 0.0885
CentroidY: 0.1310
