Location: easy16_Gaussian-Median.png
Component: component_1744297381804_608.png
centerX: 0.09919354838709678
centerY: 0.4046934865900383
width: 0.025
height: 0.014846743295019157
Area: 0.00010930354715115561
CentroidX: 0.1118
CentroidY: 0.4126
