Location: 2025-04-19_204823-1.png_Otsu.png
Component: component_1745098808413_508.png
centerX: 0.04240282685512368
centerY: 0.9691912708600771
width: 0.030035335689045935
height: 0.02995293110825845
Area: 0.0002628378524811843
CentroidX: 0.0573
CentroidY: 0.9860
