Location: easy43_Mean-Closing.png
Component: component_1744297380630_657.png
centerX: 0.2617896009673519
centerY: 0.4352287302265926
width: 0.014510278113663845
height: 0.00940572894399316
Area: 6.901532450385219e-05
CentroidX: 0.2688
CentroidY: 0.4401
