Location: 2025-04-19_204823-1.png_Otsu.png
Component: component_1745098808029_56.png
centerX: 0.8297997644287397
centerY: 0.10825845100556268
width: 0.03180212014134275
height: 0.030380830124090714
Area: 0.00023486565533313878
CentroidX: 0.8478
CentroidY: 0.1267
