Location: 2025-04-19_204823-1.png_Gaussian-Median.png
Component: component_1745098807919_164.png
centerX: 0.8250883392226148
centerY: 0.3089430894308943
width: 0.03651354534746761
height: 0.0329482242190843
Area: 0.0003245782876277712
CentroidX: 0.8436
CentroidY: 0.3272
