Location: 2025-04-19_204823-1.png_Gaussian-Median.png
Component: component_1745098807962_379.png
centerX: 0.16489988221436985
centerY: 0.7312794180573384
width: 0.030624263839811542
height: 0.03551561831407788
Area: 0.0003291143195977245
CentroidX: 0.1798
CentroidY: 0.7513
