Location: 2025-04-19_204823-1.png_Gaussian-Median.png
Component: component_1745098807949_313.png
centerX: 0.9051825677267373
centerY: 0.6106118955926402
width: 0.038869257950530034
height: 0.03508771929824561
Area: 0.00039135875829652845
CentroidX: 0.9251
CentroidY: 0.6278
