Location: 2025-04-19_204823-1.png_Otsu.png
Component: component_1745098808380_472.png
centerX: 0.5035335689045937
centerY: 0.9216944801026957
width: 0.032391048292108364
height: 0.03209242618741977
Area: 0.00033365035156767786
CentroidX: 0.5174
CentroidY: 0.9398
