Location: easy26_Mean-Closing.png
Component: component_1744297381967_89.png
centerX: 0.10403225806451613
centerY: 0.07710727969348659
width: 0.025806451612903226
height: 0.014846743295019157
Area: 0.0001089173155357805
CentroidX: 0.1165
CentroidY: 0.0849
