Location: 2025-04-19_204823-1.png_Gaussian-Median.png
Component: component_1745098807922_178.png
centerX: 0.2408716136631331
centerY: 0.31450577663671375
width: 0.030624263839811542
height: 0.031664527171587506
Area: 0.0002908100496292298
CentroidX: 0.2561
CentroidY: 0.3325
