Location: 2025-04-19_204823-1.png_Otsu.png
Component: component_1745098808289_414.png
centerX: 0.028268551236749116
centerY: 0.8271287976037656
width: 0.03180212014134275
height: 0.036799315361574665
Area: 0.0003273503071649649
CentroidX: 0.0439
CentroidY: 0.8481
