Location: easy16_Gaussian-Median.png
Component: component_1744297381881_1029.png
centerX: 0.7290322580645161
centerY: 0.73227969348659
width: 0.025806451612903226
height: 0.014846743295019157
Area: 0.00011586948461253245
CentroidX: 0.7417
CentroidY: 0.7402
