Location: 2025-04-19_204823-1.png_Gaussian-Median.png
Component: component_1745098807925_183.png
centerX: 0.2779740871613663
centerY: 0.3157894736842105
width: 0.030624263839811542
height: 0.031664527171587506
Area: 0.00029282606383809794
CentroidX: 0.2941
CentroidY: 0.3339
