Location: easy16_Gaussian-Median.png
Component: component_1744297381897_1126.png
centerX: 0.29193548387096774
centerY: 0.7787356321839081
width: 0.025
height: 0.014846743295019157
Area: 0.00010505499938202942
CentroidX: 0.3040
CentroidY: 0.7868
