Location: 2025-04-19_204823-1.png_Gaussian-Median.png
Component: component_1745098807977_451.png
centerX: 0.6042402826855123
centerY: 0.8694908001711597
width: 0.028268551236749116
height: 0.03551561831407788
Area: 0.0003018981277780046
CentroidX: 0.6181
CentroidY: 0.8893
