Location: 2025-04-19_204823-1.png_Gaussian-Median.png
Component: component_1745098807917_155.png
centerX: 0.22614840989399293
centerY: 0.26572528883183566
width: 0.028268551236749116
height: 0.03508771929824561
Area: 0.000272917923525525
CentroidX: 0.2402
CentroidY: 0.2853
