Location: 2025-04-19_204823-1.png_Otsu.png
Component: component_1745098808073_243.png
centerX: 0.5153121319199058
centerY: 0.45785194694052206
width: 0.03651354534746761
height: 0.03337612323491656
Area: 0.0003207982609861434
CentroidX: 0.5347
CentroidY: 0.4772
