Location: 2025-04-19_204823-1.png_Gaussian-Median.png
Component: component_1745098807908_109.png
centerX: 0.46878680800942285
centerY: 0.1643132220795892
width: 0.03180212014134275
height: 0.03123662815575524
Area: 0.0002600658329439906
CentroidX: 0.4857
CentroidY: 0.1828
