Location: 2025-04-19_204823-1.png_Gaussian-Median.png
Component: component_1745098807916_145.png
centerX: 0.5323910482921084
centerY: 0.26187419768934533
width: 0.03121319199057715
height: 0.03508771929824561
Area: 0.00031172619704623677
CentroidX: 0.5490
CentroidY: 0.2817
