Location: 2025-04-19_204823-1.png_Otsu.png
Component: component_1745098808145_310.png
centerX: 0.3168433451118963
centerY: 0.6195977749251177
width: 0.03121319199057715
height: 0.03209242618741977
Area: 0.0002966060904797257
CentroidX: 0.3328
CentroidY: 0.6380
