Location: 2025-04-19_204823-1.png_Otsu.png
Component: component_1745098808307_425.png
centerX: 0.14605418138987045
centerY: 0.8318356867779204
width: 0.028268551236749116
height: 0.03465982028241335
Area: 0.00027417793240606757
CentroidX: 0.1609
CentroidY: 0.8513
