Location: easy43_Mean-Closing.png
Component: component_1744297380608_457.png
centerX: 0.4758162031438936
centerY: 0.34587430525865753
width: 0.013301088270858524
height: 0.010260795211628902
Area: 6.720593397378865e-05
CentroidX: 0.4821
CentroidY: 0.3509
