Location: 2025-04-19_204823-1.png_Gaussian-Median.png
Component: component_1745098807891_26.png
centerX: 0.34275618374558303
centerY: 0.02011125374411639
width: 0.028857479387514724
height: 0.030380830124090714
Area: 0.0002787139643760209
CentroidX: 0.3566
CentroidY: 0.0371
