Location: Handwritten_2025-04-19_204955-1.png_Gaussian-Closing.png
Component: component_1745098808466_104.png
centerX: 0.3580683156654888
centerY: 0.08557980316645272
width: 0.03356890459363958
height: 0.03080872913992298
Area: 0.00031701823434451566
CentroidX: 0.3747
CentroidY: 0.1031
