Location: 2025-04-19_204823-1.png_Gaussian-Median.png
Component: component_1745098807917_153.png
centerX: 0.48586572438162545
centerY: 0.2640136927685066
width: 0.032391048292108364
height: 0.03465982028241335
Area: 0.0003122302005984538
CentroidX: 0.5027
CentroidY: 0.2839
