Location: 2025-04-19_204823-1.png_Gaussian-Median.png
Component: component_1745098807988_492.png
centerX: 0.05889281507656066
centerY: 0.9298245614035088
width: 0.027090694935217905
height: 0.03423192126658109
Area: 0.0002779579590476954
CentroidX: 0.0714
CentroidY: 0.9490
