Location: easy21_Mean-Medain.png
Component: component_1744297380852_426.png
centerX: 0.5870967741935483
centerY: 0.3817049808429119
width: 0.025806451612903226
height: 0.01532567049808429
Area: 0.00012398034853540972
CentroidX: 0.5996
CentroidY: 0.3898
