Location: 2025-04-19_204823-1.png_Otsu.png
Component: component_1745098808406_488.png
centerX: 0.709658421672556
centerY: 0.952931108258451
width: 0.03121319199057715
height: 0.032520325203252036
Area: 0.0002925740620619894
CentroidX: 0.7245
CentroidY: 0.9716
