Location: 2025-04-19_204823-1.png_Otsu.png
Component: component_1745098808031_62.png
centerX: 0.04122497055359246
centerY: 0.11210954214805306
width: 0.024146054181389872
height: 0.029097133076593923
Area: 0.00018219728412645852
CentroidX: 0.0532
CentroidY: 0.1304
