Location: 2025-04-19_204823-1.png_Otsu.png
Component: component_1745098808057_184.png
centerX: 0.7585394581861012
centerY: 0.3585793752674369
width: 0.028268551236749116
height: 0.031664527171587506
Area: 0.000265609872018378
CentroidX: 0.7726
CentroidY: 0.3769
