Location: 2025-04-19_204823-1.png_Gaussian-Median.png
Component: component_1745098807976_447.png
centerX: 0.7114252061248527
centerY: 0.8639281129653402
width: 0.03121319199057715
height: 0.032520325203252036
Area: 0.00030618215797184936
CentroidX: 0.7263
CentroidY: 0.8819
