Location: 2025-04-19_204823-1.png_Otsu.png
Component: component_1745098808231_361.png
centerX: 0.6896348645465253
centerY: 0.7295678219940094
width: 0.03356890459363958
height: 0.030380830124090714
Area: 0.0003046701473151983
CentroidX: 0.7051
CentroidY: 0.7460
