Location: easy26_Mean-Closing.png
Component: component_1744297382195_1116.png
centerX: 0.04596774193548387
centerY: 0.860632183908046
width: 0.025
height: 0.014367816091954023
Area: 0.00011239340007415647
CentroidX: 0.0581
CentroidY: 0.8684
