Location: 2025-04-19_204823-1.png_Gaussian-Median.png
Component: component_1745098807955_342.png
centerX: 0.8527679623085983
centerY: 0.6700898587933247
width: 0.030035335689045935
height: 0.0329482242190843
Area: 0.0003054261526435238
CentroidX: 0.8682
CentroidY: 0.6871
