Location: easy16_Gaussian-Median.png
Component: component_1744297381658_87.png
centerX: 0.5548387096774193
centerY: 0.06752873563218391
width: 0.025
height: 0.014846743295019157
Area: 0.00011239340007415647
CentroidX: 0.5669
CentroidY: 0.0755
