Location: easy64_Gaussian-Closing.png
Component: component_1744297381387_801.png
centerX: 0.8119709794437727
centerY: 0.5528003420265071
width: 0.014510278113663845
height: 0.00983326207781103
Area: 7.470198045548046e-05
CentroidX: 0.8191
CentroidY: 0.5578
