Location: 2025-04-19_204823-1.png_Gaussian-Median.png
Component: component_1745098807983_469.png
centerX: 0.6896348645465253
centerY: 0.9088575096277278
width: 0.027090694935217905
height: 0.0329482242190843
Area: 0.00029559808337529164
CentroidX: 0.7032
CentroidY: 0.9276
