Location: 2025-04-19_204823-1.png_Gaussian-Median.png
Component: component_1745098807913_128.png
centerX: 0.6001177856301532
centerY: 0.21223791185280275
width: 0.03415783274440518
height: 0.02738553701326487
Area: 0.00025855382228733947
CentroidX: 0.6177
CentroidY: 0.2275
