Location: 2025-04-19_204823-1.png_Gaussian-Median.png
Component: component_1745098807969_416.png
centerX: 0.6554770318021201
centerY: 0.8194266153187848
width: 0.030035335689045935
height: 0.0329482242190843
Area: 0.00030895417750904307
CentroidX: 0.6704
CentroidY: 0.8370
