Location: 2025-04-19_204823-1.png_Gaussian-Median.png
Component: component_1745098807892_29.png
centerX: 0.9352179034157833
centerY: 0.02011125374411639
width: 0.03415783274440518
height: 0.03123662815575524
Area: 0.00030618215797184936
CentroidX: 0.9522
CentroidY: 0.0382
