Location: 2025-04-19_204823-1.png_Otsu.png
Component: component_1745098808108_277.png
centerX: 0.6525323910482921
centerY: 0.560119811724433
width: 0.032391048292108364
height: 0.0329482242190843
Area: 0.0003233182787472286
CentroidX: 0.6681
CentroidY: 0.5774
