Location: easy26_Mean-Closing.png
Component: component_1744297382132_800.png
centerX: 0.04758064516129032
centerY: 0.6369731800766284
width: 0.025806451612903226
height: 0.014367816091954023
Area: 0.0001042825361512792
CentroidX: 0.0602
CentroidY: 0.6447
