Location: 2025-04-19_204823-1.png_Gaussian-Median.png
Component: component_1745098807961_373.png
centerX: 0.7626619552414605
centerY: 0.725716730851519
width: 0.03297997644287397
height: 0.029525032092426188
Area: 0.0003076941686285005
CentroidX: 0.7787
CentroidY: 0.7421
