Location: 2025-04-19_204823-1.png_Gaussian-Median.png
Component: component_1745098807989_497.png
centerX: 0.8610129564193169
centerY: 0.952931108258451
width: 0.030035335689045935
height: 0.0329482242190843
Area: 0.00033591836755265454
CentroidX: 0.8755
CentroidY: 0.9706
