Location: Handwritten_2025-04-19_204955-1.png_Mean-Closing.png
Component: component_1745098807860_96.png
centerX: 0.04534746760895171
centerY: 0.08557980316645272
width: 0.032391048292108364
height: 0.03423192126658109
Area: 0.00035330649010414223
CentroidX: 0.0626
CentroidY: 0.1056
