Location: 2025-04-19_204823-1.png_Gaussian-Median.png
Component: component_1745098807984_478.png
centerX: 0.5859835100117785
centerY: 0.9182712879760376
width: 0.025323910482921083
height: 0.02995293110825845
Area: 0.0002668698808989206
CentroidX: 0.5986
CentroidY: 0.9353
