Location: 2025-04-19_204823-1.png_Gaussian-Median.png
Component: component_1745098807962_377.png
centerX: 0.6890459363957597
centerY: 0.7295678219940094
width: 0.03415783274440518
height: 0.030380830124090714
Area: 0.00033037432847826713
CentroidX: 0.7050
CentroidY: 0.7458
