Location: 2025-04-19_204823-1.png_Otsu.png
Component: component_1745098808122_288.png
centerX: 0.3875147232037691
centerY: 0.5643988018827557
width: 0.03180212014134275
height: 0.030380830124090714
Area: 0.0002714059128688739
CentroidX: 0.4037
CentroidY: 0.5818
