Location: 2025-04-19_204823-1.png_Otsu.png
Component: component_1745098808227_356.png
centerX: 0.05830388692579505
centerY: 0.7252888318356868
width: 0.02767962308598351
height: 0.036371416345742404
Area: 0.00027468193595828465
CentroidX: 0.0717
CentroidY: 0.7455
