Location: 2025-04-19_204823-1.png_Otsu.png
Component: component_1745098808065_212.png
centerX: 0.03121319199057715
centerY: 0.40821566110397944
width: 0.026501766784452298
height: 0.031664527171587506
Area: 0.0002640978613617269
CentroidX: 0.0450
CentroidY: 0.4267
