Location: Handwritten_2025-04-19_204955-1.png_Mean-Closing.png
Component: component_1745098807857_60.png
centerX: 0.6501766784452296
centerY: 0.03123662815575524
width: 0.03651354534746761
height: 0.031664527171587506
Area: 0.0003109701917179112
CentroidX: 0.6689
CentroidY: 0.0494
