Location: 2025-04-19_204823-1.png_Otsu.png
Component: component_1745098808146_313.png
centerX: 0.05830388692579505
centerY: 0.6213093709884467
width: 0.02944640753828033
height: 0.03380402225074882
Area: 0.000279721971480455
CentroidX: 0.0740
CentroidY: 0.6399
