Location: Handwritten_2025-04-19_204955-1.png_Gaussian-Closing.png
Component: component_1745098808457_55.png
centerX: 0.826266195524146
centerY: 0.029097133076593923
width: 0.03828032979976443
height: 0.03380402225074882
Area: 0.00033591836755265454
CentroidX: 0.8454
CentroidY: 0.0488
