Location: 2025-04-19_204823-1.png_Otsu.png
Component: component_1745098808022_26.png
centerX: 0.9004711425206124
centerY: 0.06204535729567822
width: 0.02944640753828033
height: 0.029525032092426188
Area: 0.00022906961448264287
CentroidX: 0.9161
CentroidY: 0.0789
