Location: 2025-04-19_204823-1.png_Otsu.png
Component: component_1745098808237_362.png
centerX: 0.6130742049469965
centerY: 0.730423620025674
width: 0.03297997644287397
height: 0.032520325203252036
Area: 0.0002998821135691364
CentroidX: 0.6300
CentroidY: 0.7490
