Location: 2025-04-19_204823-1.png_Gaussian-Median.png
Component: component_1745098807930_214.png
centerX: 0.14840989399293286
centerY: 0.4069319640564827
width: 0.03356890459363958
height: 0.031664527171587506
Area: 0.00032231027164279454
CentroidX: 0.1656
CentroidY: 0.4252
