Location: 2025-04-19_204823-1.png_Gaussian-Median.png
Component: component_1745098807922_180.png
centerX: 0.20023557126030625
centerY: 0.3153615746683783
width: 0.03180212014134275
height: 0.03123662815575524
Area: 0.00029811810113637683
CentroidX: 0.2159
CentroidY: 0.3331
