Location: 2025-04-19_204823-1.png_Otsu.png
Component: component_1745098808228_360.png
centerX: 0.127208480565371
centerY: 0.7295678219940094
width: 0.028857479387514724
height: 0.036799315361574665
Area: 0.00028198998746543165
CentroidX: 0.1425
CentroidY: 0.7510
