Location: 2025-04-19_204823-1.png_Otsu.png
Component: component_1745098808176_318.png
centerX: 0.13427561837455831
centerY: 0.6225930680359435
width: 0.028857479387514724
height: 0.03337612323491656
Area: 0.00026636587734670355
CentroidX: 0.1497
CentroidY: 0.6412
