Location: 2025-04-19_204823-1.png_Gaussian-Median.png
Component: component_1745098807948_306.png
centerX: 0.15783274440518258
centerY: 0.5703893881044073
width: 0.03180212014134275
height: 0.03465982028241335
Area: 0.0003480144528058634
CentroidX: 0.1739
CentroidY: 0.5896
