Location: 2025-04-19_204823-1.png_Gaussian-Median.png
Component: component_1745098807897_54.png
centerX: 0.15371024734982333
centerY: 0.06718014548566538
width: 0.025323910482921083
height: 0.03209242618741977
Area: 0.0002547737956457117
CentroidX: 0.1663
CentroidY: 0.0848
