Location: 2025-04-19_204823-1.png_Otsu.png
Component: component_1745098808367_455.png
centerX: 0.18492343934040048
centerY: 0.8827556696619597
width: 0.03297997644287397
height: 0.03337612323491656
Area: 0.0002882900318681446
CentroidX: 0.2010
CentroidY: 0.9020
