Location: 2025-04-19_204823-1.png_Gaussian-Median.png
Component: component_1745098807917_152.png
centerX: 0.18374558303886926
centerY: 0.2635857937526744
width: 0.03121319199057715
height: 0.03465982028241335
Area: 0.00028778602831592756
CentroidX: 0.1994
CentroidY: 0.2836
