Location: 2025-04-19_204823-1.png_Otsu.png
Component: component_1745098808270_396.png
centerX: 0.14958775029446408
centerY: 0.7830551989730423
width: 0.030035335689045935
height: 0.032520325203252036
Area: 0.0002857700141070594
CentroidX: 0.1639
CentroidY: 0.7999
