Location: 2025-04-19_204823-1.png_Otsu.png
Component: component_1745098808055_174.png
centerX: 0.2785630153121319
centerY: 0.3162173727000428
width: 0.030035335689045935
height: 0.03123662815575524
Area: 0.00026107384004842466
CentroidX: 0.2942
CentroidY: 0.3340
