Location: 2025-04-19_204823-1.png_Gaussian-Median.png
Component: component_1745098807944_286.png
centerX: 0.8886925795053003
centerY: 0.5554129225502782
width: 0.03180212014134275
height: 0.0329482242190843
Area: 0.0003245782876277712
CentroidX: 0.9055
CentroidY: 0.5743
