Location: 2025-04-19_204823-1.png_Gaussian-Median.png
Component: component_1745098807973_435.png
centerX: 0.21849234393404005
centerY: 0.8314077877620881
width: 0.03121319199057715
height: 0.03337612323491656
Area: 0.0002963540887036172
CentroidX: 0.2337
CentroidY: 0.8499
