Location: 2025-04-19_204823-1.png_Gaussian-Median.png
Component: component_1745098807925_189.png
centerX: 0.9393404004711425
centerY: 0.35643988018827555
width: 0.03415783274440518
height: 0.03209242618741977
Area: 0.0003185302450011668
CentroidX: 0.9570
CentroidY: 0.3746
