Location: 2025-04-19_204823-1.png_Otsu.png
Component: component_1745098808290_421.png
centerX: 0.4110718492343934
centerY: 0.8296961916987591
width: 0.032391048292108364
height: 0.0329482242190843
Area: 0.0002880380300920361
CentroidX: 0.4281
CentroidY: 0.8480
