Location: Handwritten_2025-04-19_204955-1.png_Mean-Closing.png
Component: component_1745098807855_45.png
centerX: 0.3327444051825677
centerY: 0.026529738981600343
width: 0.034746760895170786
height: 0.03508771929824561
Area: 0.00034927446168640596
CentroidX: 0.3504
CentroidY: 0.0464
