Location: 2025-04-19_204823-1.png_Otsu.png
Component: component_1745098808406_490.png
centerX: 0.8244994110718492
centerY: 0.9546427043217801
width: 0.03297997644287397
height: 0.03123662815575524
Area: 0.0002996301117930279
CentroidX: 0.8406
CentroidY: 0.9718
