Location: 2025-04-19_204823-1.png_Gaussian-Median.png
Component: component_1745098807946_292.png
centerX: 0.428150765606596
centerY: 0.5609756097560976
width: 0.034746760895170786
height: 0.0329482242190843
Area: 0.00035885052917852963
CentroidX: 0.4465
CentroidY: 0.5797
