Location: 2025-04-19_204823-1.png_Gaussian-Median.png
Component: component_1745098807890_20.png
centerX: 0.6030624263839811
centerY: 0.018827556696619598
width: 0.03180212014134275
height: 0.029097133076593923
Area: 0.00027115391109276536
CentroidX: 0.6188
CentroidY: 0.0354
