Location: 2025-04-19_204823-1.png_Otsu.png
Component: component_1745098808268_390.png
centerX: 0.30683156654888105
centerY: 0.7809157038938811
width: 0.02944640753828033
height: 0.03594351732991014
Area: 0.00030038611712135345
CentroidX: 0.3221
CentroidY: 0.8014
