Location: 2025-04-19_204823-1.png_Otsu.png
Component: component_1745098808022_24.png
centerX: 0.29917550058892817
centerY: 0.022250748823277707
width: 0.032391048292108364
height: 0.030380830124090714
Area: 0.0002814859839132146
CentroidX: 0.3150
CentroidY: 0.0384
