Location: easy21_Mean-Medain.png
Component: component_1744297380848_402.png
centerX: 0.41693548387096774
centerY: 0.36015325670498083
width: 0.025806451612903226
height: 0.014846743295019157
Area: 0.00011625571622790755
CentroidX: 0.4296
CentroidY: 0.3684
