Location: 2025-04-19_204823-1.png_Gaussian-Median.png
Component: component_1745098807932_221.png
centerX: 0.2714958775029446
centerY: 0.4077877620881472
width: 0.030035335689045935
height: 0.0329482242190843
Area: 0.00031979025388170936
CentroidX: 0.2866
CentroidY: 0.4264
