Location: 2025-04-19_204823-1.png_Gaussian-Median.png
Component: component_1745098807928_202.png
centerX: 0.4734982332155477
centerY: 0.3607188703465982
width: 0.03180212014134275
height: 0.03080872913992298
Area: 0.0003021501295541131
CentroidX: 0.4894
CentroidY: 0.3784
