Location: 2025-04-19_204823-1.png_Gaussian-Median.png
Component: component_1745098807914_134.png
centerX: 0.3374558303886926
centerY: 0.2139495079161318
width: 0.030624263839811542
height: 0.03080872913992298
Area: 0.0002620818471528587
CentroidX: 0.3529
CentroidY: 0.2308
