Location: 2025-04-19_204823-1.png_Gaussian-Median.png
Component: component_1745098807936_248.png
centerX: 0.5936395759717314
centerY: 0.45614035087719296
width: 0.0353356890459364
height: 0.03423192126658109
Area: 0.0003129862059267794
CentroidX: 0.6133
CentroidY: 0.4763
