Location: 2025-04-19_204823-1.png_Otsu.png
Component: component_1745098808045_131.png
centerX: 0.9004711425206124
centerY: 0.2593068035943517
width: 0.030624263839811542
height: 0.03209242618741977
Area: 0.0002464577370341306
CentroidX: 0.9164
CentroidY: 0.2782
