Location: 2025-04-19_204823-1.png_Gaussian-Median.png
Component: component_1745098807978_456.png
centerX: 0.411660777385159
centerY: 0.8754813863928113
width: 0.030035335689045935
height: 0.03423192126658109
Area: 0.0003134902094789964
CentroidX: 0.4266
CentroidY: 0.8945
