Location: 2025-04-19_204823-1.png_Otsu.png
Component: component_1745098808078_256.png
centerX: 0.5005889281507656
centerY: 0.5100556268720582
width: 0.030035335689045935
height: 0.0329482242190843
Area: 0.00029282606383809794
CentroidX: 0.5163
CentroidY: 0.5284
