Location: 2025-04-19_204823-1.png_Gaussian-Median.png
Component: component_1745098807903_81.png
centerX: 0.2497055359246172
centerY: 0.11852802738553701
width: 0.028268551236749116
height: 0.03209242618741977
Area: 0.00024948175834743283
CentroidX: 0.2636
CentroidY: 0.1365
