Location: 2025-04-19_204823-1.png_Gaussian-Median.png
Component: component_1745098807896_49.png
centerX: 0.8368669022379269
centerY: 0.06504065040650407
width: 0.028857479387514724
height: 0.029525032092426188
Area: 0.0002434337157208284
CentroidX: 0.8515
CentroidY: 0.0819
