Location: 2025-04-19_204823-1.png_Gaussian-Median.png
Component: component_1745098807967_406.png
centerX: 0.30624263839811544
centerY: 0.7809157038938811
width: 0.030035335689045935
height: 0.036371416345742404
Area: 0.00033339834979156935
CentroidX: 0.3220
CentroidY: 0.8013
