Location: easy16_Gaussian-Median.png
Component: component_1744297381930_1297.png
centerX: 0.12903225806451613
centerY: 0.8917624521072797
width: 0.025
height: 0.014846743295019157
Area: 0.00012089049561240885
CentroidX: 0.1413
CentroidY: 0.8998
