Location: 2025-04-19_204823-1.png_Otsu.png
Component: component_1745098808284_405.png
centerX: 0.7962308598351001
centerY: 0.8202824133504493
width: 0.030624263839811542
height: 0.030380830124090714
Area: 0.00024973376012354134
CentroidX: 0.8100
CentroidY: 0.8374
