Location: 2025-04-19_204823-1.png_Otsu.png
Component: component_1745098808021_23.png
centerX: 0.25206124852767964
centerY: 0.02267864783910997
width: 0.03297997644287397
height: 0.0329482242190843
Area: 0.0002787139643760209
CentroidX: 0.2673
CentroidY: 0.0398
