Location: easy16_Gaussian-Median.png
Component: component_1744297381779_487.png
centerX: 0.7532258064516129
centerY: 0.33381226053639845
width: 0.025806451612903226
height: 0.014846743295019157
Area: 0.00011277963168953157
CentroidX: 0.7660
CentroidY: 0.3418
