Location: 2025-04-19_204823-1.png_Otsu.png
Component: component_1745098808052_158.png
centerX: 0.06478209658421673
centerY: 0.3110825845100556
width: 0.028268551236749116
height: 0.03209242618741977
Area: 0.00025578180275014577
CentroidX: 0.0784
CentroidY: 0.3289
