Location: 2025-04-19_204823-1.png_Otsu.png
Component: component_1745098808068_227.png
centerX: 0.8992932862190812
centerY: 0.45057766367137353
width: 0.03180212014134275
height: 0.031664527171587506
Area: 0.0002623338489289672
CentroidX: 0.9161
CentroidY: 0.4683
