Location: 2025-04-19_204823-1.png_Otsu.png
Component: component_1745098808123_290.png
centerX: 0.02944640753828033
centerY: 0.566538296961917
width: 0.028857479387514724
height: 0.0329482242190843
Area: 0.0002887940354203616
CentroidX: 0.0421
CentroidY: 0.5856
