Location: 2025-04-19_204823-1.png_Gaussian-Median.png
Component: component_1745098807933_232.png
centerX: 0.5895170789163722
centerY: 0.40949935815147626
width: 0.028268551236749116
height: 0.0329482242190843
Area: 0.0002618298453767502
CentroidX: 0.6047
CentroidY: 0.4295
