Location: 2025-04-19_204823-1.png_Otsu.png
Component: component_1745098808020_19.png
centerX: 0.8545347467608951
centerY: 0.02011125374411639
width: 0.03651354534746761
height: 0.03080872913992298
Area: 0.00028198998746543165
CentroidX: 0.8739
CentroidY: 0.0373
