Location: easy43_Mean-Closing.png
Component: component_1744297380616_534.png
centerX: 0.6614268440145102
centerY: 0.38862761864044465
width: 0.013301088270858524
height: 0.00983326207781103
Area: 6.255321546791098e-05
CentroidX: 0.6678
CentroidY: 0.3936
