Location: 2025-04-19_204823-1.png_Gaussian-Median.png
Component: component_1745098807934_234.png
centerX: 0.4293286219081272
centerY: 0.4103551561831408
width: 0.03121319199057715
height: 0.02995293110825845
Area: 0.00027417793240606757
CentroidX: 0.4454
CentroidY: 0.4284
