Location: 2025-04-19_204823-1.png_Otsu.png
Component: component_1745098808270_397.png
centerX: 0.19257950530035337
centerY: 0.7834830979888746
width: 0.024734982332155476
height: 0.032520325203252036
Area: 0.0002703979057644398
CentroidX: 0.2044
CentroidY: 0.8012
