Location: 2025-04-19_204823-1.png_Gaussian-Median.png
Component: component_1745098807950_320.png
centerX: 0.3621908127208481
centerY: 0.6187419768934531
width: 0.028857479387514724
height: 0.03465982028241335
Area: 0.0003371783764331971
CentroidX: 0.3759
CentroidY: 0.6368
