Location: 2025-04-19_204823-1.png_Gaussian-Median.png
Component: component_1745098807897_53.png
centerX: 0.5147232037691402
centerY: 0.06632434745400086
width: 0.03121319199057715
height: 0.030380830124090714
Area: 0.0002504897654518669
CentroidX: 0.5307
CentroidY: 0.0834
