Location: 2025-04-19_204823-1.png_Gaussian-Median.png
Component: component_1745098807966_400.png
centerX: 0.6054181389870436
centerY: 0.7740693196405648
width: 0.03415783274440518
height: 0.03337612323491656
Area: 0.0003394463924181738
CentroidX: 0.6209
CentroidY: 0.7921
