Location: easy21_Mean-Medain.png
Component: component_1744297380894_640.png
centerX: 0.8483870967741935
centerY: 0.5172413793103449
width: 0.025806451612903226
height: 0.014846743295019157
Area: 0.0001278426646891608
CentroidX: 0.8613
CentroidY: 0.5252
