Location: 2025-04-19_204823-1.png_Gaussian-Median.png
Component: component_1745098807906_97.png
centerX: 0.6643109540636042
centerY: 0.15917843388960207
width: 0.03180212014134275
height: 0.02995293110825845
Area: 0.00026611387557059504
CentroidX: 0.6809
CentroidY: 0.1759
