Location: 2025-04-19_204823-1.png_Gaussian-Median.png
Component: component_1745098807920_169.png
centerX: 0.784452296819788
centerY: 0.3115104835258879
width: 0.04063604240282685
height: 0.03080872913992298
Area: 0.00033062633025437565
CentroidX: 0.8027
CentroidY: 0.3286
