Location: 2025-04-19_204823-1.png_Gaussian-Median.png
Component: component_1745098807934_239.png
centerX: 0.035924617196702
centerY: 0.45271715875053486
width: 0.026501766784452298
height: 0.03209242618741977
Area: 0.0003024021313302216
CentroidX: 0.0488
CentroidY: 0.4707
