Location: 2025-04-19_204823-1.png_Gaussian-Median.png
Component: component_1745098807956_344.png
centerX: 0.05712603062426384
centerY: 0.6718014548566539
width: 0.02767962308598351
height: 0.03508771929824561
Area: 0.0003235702805233371
CentroidX: 0.0711
CentroidY: 0.6911
