Location: 2025-04-19_204823-1.png_Otsu.png
Component: component_1745098808178_323.png
centerX: 0.23792697290930506
centerY: 0.6247325631151048
width: 0.03121319199057715
height: 0.03123662815575524
Area: 0.00028602201588316797
CentroidX: 0.2539
CentroidY: 0.6410
