Location: easy16_Gaussian-Median.png
Component: component_1744297381774_457.png
centerX: 0.6016129032258064
centerY: 0.3132183908045977
width: 0.025
height: 0.014846743295019157
Area: 0.00010775862068965517
CentroidX: 0.6142
CentroidY: 0.3214
