Location: easy21_Mean-Medain.png
Component: component_1744297380769_81.png
centerX: 0.2467741935483871
centerY: 0.08381226053639847
width: 0.025
height: 0.01532567049808429
Area: 0.00011471078976640712
CentroidX: 0.2589
CentroidY: 0.0922
