Location: Handwritten_2025-04-19_204955-1.png_Mean-Closing.png
Component: component_1745098807859_87.png
centerX: 0.6813898704358068
centerY: 0.08087291399229782
width: 0.03415783274440518
height: 0.03380402225074882
Area: 0.0003830426996849474
CentroidX: 0.6962
CentroidY: 0.0998
