Location: 2025-04-19_204823-1.png_Otsu.png
Component: component_1745098808283_403.png
centerX: 0.6949352179034158
centerY: 0.8202824133504493
width: 0.02767962308598351
height: 0.03209242618741977
Area: 0.00021772953455775955
CentroidX: 0.7096
CentroidY: 0.8391
