Location: 2025-04-19_204823-1.png_Gaussian-Median.png
Component: component_1745098807939_262.png
centerX: 0.908716136631331
centerY: 0.5087719298245614
width: 0.03297997644287397
height: 0.03123662815575524
Area: 0.00029585008515140015
CentroidX: 0.9256
CentroidY: 0.5261
