Location: easy26_Mean-Closing.png
Component: component_1744297382151_897.png
centerX: 0.6427419354838709
centerY: 0.7030651340996169
width: 0.025
height: 0.014846743295019157
Area: 0.00011162093684340626
CentroidX: 0.6549
CentroidY: 0.7112
