Location: 2025-04-19_204823-1.png_Gaussian-Median.png
Component: component_1745098807972_429.png
centerX: 0.37161366313309774
centerY: 0.8288403936670946
width: 0.03415783274440518
height: 0.03423192126658109
Area: 0.0003092061792851516
CentroidX: 0.3895
CentroidY: 0.8485
