Location: 2025-04-19_204823-1.png_Otsu.png
Component: component_1745098808075_247.png
centerX: 0.30859835100117783
centerY: 0.45999144201968334
width: 0.03356890459363958
height: 0.032520325203252036
Area: 0.00029005404430090424
CentroidX: 0.3270
CentroidY: 0.4790
