Location: 2025-04-19_204823-1.png_Gaussian-Median.png
Component: component_1745098807933_230.png
centerX: 0.46760895170789163
centerY: 0.40907145913564397
width: 0.032391048292108364
height: 0.03423192126658109
Area: 0.00031374221125510493
CentroidX: 0.4850
CentroidY: 0.4291
