Location: 2025-04-19_204823-1.png_Otsu.png
Component: component_1745098808019_11.png
centerX: 0.6395759717314488
centerY: 0.018827556696619598
width: 0.028268551236749116
height: 0.02738553701326487
Area: 0.000223777577184364
CentroidX: 0.6538
CentroidY: 0.0345
