Location: 2025-04-19_204823-1.png_Gaussian-Median.png
Component: component_1745098807963_386.png
centerX: 0.6501766784452296
centerY: 0.7325631151048353
width: 0.03297997644287397
height: 0.03123662815575524
Area: 0.0003260902982844223
CentroidX: 0.6663
CentroidY: 0.7496
