Location: 2025-04-19_204823-1.png_Gaussian-Median.png
Component: component_1745098807991_507.png
centerX: 0.395170789163722
centerY: 0.9640564826700898
width: 0.035924617196702
height: 0.030380830124090714
Area: 0.0003366743728809801
CentroidX: 0.4110
CentroidY: 0.9811
