Location: easy21_Mean-Medain.png
Component: component_1744297380908_701.png
centerX: 0.8596774193548387
centerY: 0.5627394636015326
width: 0.02661290322580645
height: 0.014846743295019157
Area: 0.00012089049561240885
CentroidX: 0.8730
CentroidY: 0.5707
