Location: 2025-04-19_204823-1.png_Otsu.png
Component: component_1745098808019_12.png
centerX: 0.6731448763250883
centerY: 0.019255455712451863
width: 0.03180212014134275
height: 0.026957637997432605
Area: 0.00024494572637747953
CentroidX: 0.6892
CentroidY: 0.0337
