Location: 2025-04-19_204823-1.png_Otsu.png
Component: component_1745098808083_262.png
centerX: 0.5365135453474676
centerY: 0.5109114249037228
width: 0.034746760895170786
height: 0.03209242618741977
Area: 0.0002953460815991831
CentroidX: 0.5547
CentroidY: 0.5290
