Location: 2025-04-19_204823-1.png_Gaussian-Median.png
Component: component_1745098807938_259.png
centerX: 0.35276796230859836
centerY: 0.4595635430038511
width: 0.03356890459363958
height: 0.031664527171587506
Area: 0.00032281427519501157
CentroidX: 0.3701
CentroidY: 0.4776
