Location: 2025-04-19_204823-1.png_Otsu.png
Component: component_1745098808373_465.png
centerX: 0.9393404004711425
centerY: 0.9101412066752247
width: 0.02767962308598351
height: 0.03123662815575524
Area: 0.00029030604607701275
CentroidX: 0.9521
CentroidY: 0.9279
