Location: 2025-04-19_204823-1.png_Otsu.png
Component: component_1745098808019_13.png
centerX: 0.7084805653710248
centerY: 0.018827556696619598
width: 0.030624263839811542
height: 0.029525032092426188
Area: 0.00024948175834743283
CentroidX: 0.7237
CentroidY: 0.0360
