Location: 2025-04-19_204823-1.png_Gaussian-Median.png
Component: component_1745098807894_39.png
centerX: 0.7691401648998822
centerY: 0.06247325631151048
width: 0.030624263839811542
height: 0.032520325203252036
Area: 0.0002673738844511376
CentroidX: 0.7847
CentroidY: 0.0805
