Location: 2025-04-19_204823-1.png_Gaussian-Median.png
Component: component_1745098807912_124.png
centerX: 0.5318021201413428
centerY: 0.21095421480530593
width: 0.03297997644287397
height: 0.029525032092426188
Area: 0.00026787788800335463
CentroidX: 0.5488
CentroidY: 0.2275
