Location: 2025-04-19_204823-1.png_Gaussian-Median.png
Component: component_1745098807915_140.png
centerX: 0.9004711425206124
centerY: 0.2593068035943517
width: 0.030624263839811542
height: 0.032520325203252036
Area: 0.0002782099608238039
CentroidX: 0.9165
CentroidY: 0.2780
