Location: internet_16.png_Gaussian-Closing.png
Component: component_1755087209406_55.png
centerX: 0.5796049979846836
centerY: 0.12574850299401197
width: 0.03909713825070536
height: 0.02566295979469632
Area: 0.00046363195759686936
CentroidX: 0.5985
CentroidY: 0.1389
