Location: Dedata_11.png_Mean-Medain.png
Component: component_1755521044828_266.png
centerX: 0.2068548387096774
centerY: 0.6300940438871473
width: 0.04959677419354839
height: 0.02108862923909946
Area: 0.00038081798876621407
CentroidX: 0.2323
CentroidY: 0.6420
