Location: Dedata_11.png_Mean-Closing.png
Component: component_1755521043831_33.png
centerX: 0.32903225806451614
centerY: 0.07523510971786834
width: 0.03387096774193549
height: 0.02080364776289541
Area: 0.00032359186975427243
CentroidX: 0.3475
CentroidY: 0.0871
