Location: internet_16.png_Otsu.png
Component: component_1755087209324_435.png
centerX: 0.7376058041112454
centerY: 0.5243798118049615
width: 0.042724707779121324
height: 0.03279155973766752
Area: 0.0006271788776911542
CentroidX: 0.7610
CentroidY: 0.5414
