Location: internet_16.png_Gaussian-Closing.png
Component: component_1755087209415_95.png
centerX: 0.9197904070939138
centerY: 0.24836042201311662
width: 0.04877065699314793
height: 0.03165098374679213
Area: 0.0006557967154307726
CentroidX: 0.9454
CentroidY: 0.2631
