Location: Dedata_11.png_Gaussian-Median.png
Component: component_1755521044444_231.png
centerX: 0.07540322580645162
centerY: 0.518096323738957
width: 0.049193548387096775
height: 0.02108862923909946
Area: 0.0003880574375568814
CentroidX: 0.0994
CentroidY: 0.5302
