Location: internet_16.png_Gaussian-Median.png
Component: component_1755087209880_182.png
centerX: 0.21644498186215236
centerY: 0.5067008839463929
width: 0.05602579604997985
height: 0.028229255774165955
Area: 0.0006429244350017073
CentroidX: 0.2421
CentroidY: 0.5221
