Location: Dedata_11.png_Mean-Closing.png
Component: component_1755521043898_207.png
centerX: 0.29435483870967744
centerY: 0.47648902821316613
width: 0.04959677419354839
height: 0.020518666286691366
Area: 0.00048573254028810706
CentroidX: 0.3174
CentroidY: 0.4880
