Location: internet_16.png_Gaussian-Median.png
Component: component_1755087209904_250.png
centerX: 0.46271664651350264
centerY: 0.7313943541488451
width: 0.053607416364369206
height: 0.02765896777872826
Area: 0.0005904009336081106
CentroidX: 0.4882
CentroidY: 0.7464
