Location: internet_16.png_Mean-Medain.png
Component: component_1755087209761_240.png
centerX: 0.5421201128577187
centerY: 0.7288280581693756
width: 0.051592099959693674
height: 0.029940119760479042
Area: 0.0006321209139273132
CentroidX: 0.5666
CentroidY: 0.7444
