Location: Dedata_11.png_Mean-Closing.png
Component: component_1755521043866_129.png
centerX: 0.5129032258064516
centerY: 0.2818466799658022
width: 0.05403225806451613
height: 0.020233684810487318
Area: 0.00034933213212108956
CentroidX: 0.5382
CentroidY: 0.2934
