Location: Dedata_11.png_Mean-Medain.png
Component: component_1755521044781_146.png
centerX: 0.45483870967741935
centerY: 0.3163294385864919
width: 0.054838709677419356
height: 0.021373610715303505
Area: 0.00036760312192610705
CentroidX: 0.4803
CentroidY: 0.3287
