Location: internet_16.png_Otsu.png
Component: component_1755087209329_461.png
centerX: 0.009673518742442563
centerY: 0.6107784431137725
width: 0.04836759371221282
height: 0.02281151981750784
Area: 0.00047857299738060586
CentroidX: 0.0325
CentroidY: 0.6230
