Location: Dedata_11.png_Gaussian-Closing.png
Component: component_1755521044221_174.png
centerX: 0.5491935483870968
centerY: 0.3887147335423197
width: 0.04717741935483871
height: 0.022798518096323737
Area: 0.000379209222368288
CentroidX: 0.5728
CentroidY: 0.4016
