Location: Dedata_11.png_Gaussian-Closing.png
Component: component_1755521044020_25.png
centerX: 0.46411290322580645
centerY: 0.049016813907096037
width: 0.04838709677419355
height: 0.0176688515246509
Area: 0.0002474052896239164
CentroidX: 0.4891
CentroidY: 0.0596
