Location: Dedata_11.png_Gaussian-Closing.png
Component: component_1755521044219_167.png
centerX: 0.013306451612903225
centerY: 0.37446565973211743
width: 0.045564516129032256
height: 0.018238814477058992
Area: 0.0003468040706386343
CentroidX: 0.0350
CentroidY: 0.3848
