Location: internet_16.png_Otsu.png
Component: component_1755087209286_15.png
centerX: 0.012494961708988311
centerY: 0.015112631879098944
width: 0.03466344216041919
height: 0.02281151981750784
Area: 0.00016722471450258923
CentroidX: 0.0291
CentroidY: 0.0275
