Location: internet_16.png_Otsu.png
Component: component_1755087209324_433.png
centerX: 0.008464328899637243
centerY: 0.517821499857428
width: 0.04554615074566707
height: 0.02737382378100941
Area: 0.0005679893739325058
CentroidX: 0.0308
CentroidY: 0.5317
