Location: Dedata_11.png_Gaussian-Closing.png
Component: component_1755521043993_13.png
centerX: 0.9467741935483871
centerY: 0.010829296095753777
width: 0.03790322580645161
height: 0.02365346252493588
Area: 0.00028555603563187746
CentroidX: 0.9649
CentroidY: 0.0238
