Location: internet_16.png_Otsu.png
Component: component_1755087209345_528.png
centerX: 0.010882708585247884
centerY: 0.8457370972341032
width: 0.037484885126964934
height: 0.02480752780153978
Area: 0.00044961036641520897
CentroidX: 0.0302
CentroidY: 0.8578
