Location: Dedata_11.png_Gaussian-Closing.png
Component: component_1755521044104_55.png
centerX: 0.38991935483870965
centerY: 0.11028783129096609
width: 0.049193548387096775
height: 0.01909375890567113
Area: 0.0003357725296242841
CentroidX: 0.4135
CentroidY: 0.1210
