Location: Dedata_11.png_Mean-Closing.png
Component: component_1755521043859_111.png
centerX: 0.7939516129032258
centerY: 0.24593901396409235
width: 0.05241935483870968
height: 0.02080364776289541
Area: 0.0003582952591952491
CentroidX: 0.8179
CentroidY: 0.2583
