Location: internet_16.png_Mean-Medain.png
Component: component_1755087209766_269.png
centerX: 0.31116485288190243
centerY: 0.8334759053321927
width: 0.04796453043127771
height: 0.02737382378100941
Area: 0.0005597143365138209
CentroidX: 0.3341
CentroidY: 0.8481
