Location: internet_16.png_Otsu.png
Component: component_1755087209322_426.png
centerX: 0.5179363160016123
centerY: 0.4964357000285144
width: 0.049576783555018135
height: 0.027088679783290562
Area: 0.0005422448130743752
CentroidX: 0.5435
CentroidY: 0.5111
