Location: internet_16.png_Gaussian-Median.png
Component: component_1755087209847_80.png
centerX: 0.45908907698508666
centerY: 0.17308240661534074
width: 0.037484885126964934
height: 0.0290846877673225
Area: 0.00041662514781572917
CentroidX: 0.4747
CentroidY: 0.1877
