Location: internet_16.png_Otsu.png
Component: component_1755087209341_515.png
centerX: 0.9129383313180169
centerY: 0.8092386655260907
width: 0.042724707779121324
height: 0.029654975762760195
Area: 0.0005377625011392542
CentroidX: 0.9337
CentroidY: 0.8249
