Location: internet_16.png_Gaussian-Median.png
Component: component_1755087209837_40.png
centerX: 0.6807738814993954
centerY: 0.08440262332477902
width: 0.04393389762192664
height: 0.02594810379241517
Area: 0.0003146812840605425
CentroidX: 0.7035
CentroidY: 0.0969
