Location: internet_16.png_Otsu.png
Component: component_1755087209344_524.png
centerX: 0.23579201934703747
centerY: 0.8354719133162247
width: 0.04554615074566707
height: 0.023952095808383235
Area: 0.000459494438887527
CentroidX: 0.2599
CentroidY: 0.8481
