Location: internet_16.png_Gaussian-Closing.png
Component: component_1755087209399_21.png
centerX: 0.728335348649738
centerY: 0.043341887653264896
width: 0.04232164449818621
height: 0.02423723980610208
Area: 0.00033640325728459016
CentroidX: 0.7499
CentroidY: 0.0553
