Location: internet_16.png_Mean-Medain.png
Component: component_1755087209712_23.png
centerX: 0.7980652962515115
centerY: 0.04362703165098375
width: 0.04554615074566707
height: 0.026803535785571715
Area: 0.00037433051212022896
CentroidX: 0.8203
CentroidY: 0.0573
