Location: Dedata_11.png_Gaussian-Closing.png
Component: component_1755521044226_190.png
centerX: 0.4899193548387097
centerY: 0.43317184383015106
width: 0.043548387096774194
height: 0.019663721858079224
Area: 0.00039644600520321016
CentroidX: 0.5100
CentroidY: 0.4440
