Location: internet_16.png_Mean-Medain.png
Component: component_1755087209751_198.png
centerX: 0.6723095525997581
centerY: 0.5745651554034787
width: 0.04675534058847239
height: 0.026518391787852865
Area: 0.0005289128083442719
CentroidX: 0.6956
CentroidY: 0.5890
