Location: Dedata_11.png_Mean-Closing.png
Component: component_1755521043836_39.png
centerX: 0.7149193548387097
centerY: 0.07694499857509261
width: 0.04032258064516129
height: 0.019948703334283273
Area: 0.0003424374189871207
CentroidX: 0.7335
CentroidY: 0.0881
