Location: Dedata_11.png_Gaussian-Closing.png
Component: component_1755521044196_117.png
centerX: 0.4350806451612903
centerY: 0.25505842120262184
width: 0.049193548387096775
height: 0.02108862923909946
Area: 0.0003631215583890273
CentroidX: 0.4592
CentroidY: 0.2674
