Location: Dedata_11.png_Mean-Medain.png
Component: component_1755521044774_126.png
centerX: 0.5875
centerY: 0.27956682815616984
width: 0.05120967741935484
height: 0.019663721858079224
Area: 0.0003319804374006012
CentroidX: 0.6124
CentroidY: 0.2917
