Location: Dedata_11.png_Gaussian-Median.png
Component: component_1755521044402_104.png
centerX: 0.4221774193548387
centerY: 0.21744086634368767
width: 0.039919354838709675
height: 0.02365346252493588
Area: 0.00034737863006646506
CentroidX: 0.4420
CentroidY: 0.2302
