Location: Dedata_11.png_Gaussian-Closing.png
Component: component_1755521044273_276.png
centerX: 0.5774193548387097
centerY: 0.6560273582217155
width: 0.05604838709677419
height: 0.020233684810487318
Area: 0.000411844197869074
CentroidX: 0.6045
CentroidY: 0.6684
