Location: internet_16.png_Otsu.png
Component: component_1755087209318_408.png
centerX: 0.7271261588069327
centerY: 0.4411177644710579
width: 0.04514308746473196
height: 0.03022526375819789
Area: 0.0005666102010293916
CentroidX: 0.7511
CentroidY: 0.4564
