Location: internet_16.png_Mean-Medain.png
Component: component_1755087209713_32.png
centerX: 0.2974607013301088
centerY: 0.05474764756201882
width: 0.03788794840790004
height: 0.023096663815226688
Area: 0.00028652317062196215
CentroidX: 0.3150
CentroidY: 0.0668
