Location: Dedata_11.png_Mean-Closing.png
Component: component_1755521043916_246.png
centerX: 0.4314516129032258
centerY: 0.5870618409803363
width: 0.05524193548387097
height: 0.022228555143915644
Area: 0.00044539846845438916
CentroidX: 0.4569
CentroidY: 0.5999
