Location: internet_16.png_Otsu.png
Component: component_1755087209328_454.png
centerX: 0.532043530834341
centerY: 0.5839749073282008
width: 0.05038291011688835
height: 0.02623324779013402
Area: 0.0005047772825397744
CentroidX: 0.5569
CentroidY: 0.5976
