Location: internet_16.png_Otsu.png
Component: component_1755087209296_272.png
centerX: 0.788391777509069
centerY: 0.11976047904191617
width: 0.039500201531640466
height: 0.023666951810664385
Area: 0.0004294974282447945
CentroidX: 0.8079
CentroidY: 0.1319
