Location: internet_16.png_Mean-Medain.png
Component: component_1755087209762_250.png
centerX: 0.8238613462313583
centerY: 0.7664670658682635
width: 0.04554615074566707
height: 0.026518391787852865
Area: 0.0005260395314627841
CentroidX: 0.8483
CentroidY: 0.7800
