Location: internet_16.png_Mean-Medain.png
Component: component_1755087209757_223.png
centerX: 0.8153970173317211
centerY: 0.6720844026233248
width: 0.04675534058847239
height: 0.026803535785571715
Area: 0.0005731612723191838
CentroidX: 0.8378
CentroidY: 0.6862
