Location: internet_16.png_Otsu.png
Component: component_1755087209327_451.png
centerX: 0.8145908907698509
centerY: 0.5717137154262902
width: 0.04312777106005643
height: 0.026803535785571715
Area: 0.0004939737614653804
CentroidX: 0.8370
CentroidY: 0.5856
