Location: internet_16.png_Mean-Medain.png
Component: component_1755087209729_100.png
centerX: 0.7650141072148328
centerY: 0.2557741659538067
width: 0.05078597339782346
height: 0.02879954376960365
Area: 0.0006325806382283512
CentroidX: 0.7894
CentroidY: 0.2704
