Location: Dedata_11.png_Mean-Medain.png
Component: component_1755521044812_232.png
centerX: 0.46411290322580645
centerY: 0.5443146195497293
width: 0.04959677419354839
height: 0.022798518096323737
Area: 0.00042046258928653507
CentroidX: 0.4872
CentroidY: 0.5581
