Location: internet_16.png_Mean-Medain.png
Component: component_1755087209728_93.png
centerX: 0.31076178960096734
centerY: 0.2244083262047334
width: 0.04675534058847239
height: 0.027088679783290562
Area: 0.0005661504767283536
CentroidX: 0.3345
CentroidY: 0.2378
