Location: internet_16.png_Mean-Medain.png
Component: component_1755087209724_75.png
centerX: 0.45908907698508666
centerY: 0.17308240661534074
width: 0.037484885126964934
height: 0.0290846877673225
Area: 0.00043248563620154173
CentroidX: 0.4747
CentroidY: 0.1877
