Location: Dedata_11.png_Gaussian-Closing.png
Component: component_1755521044029_34.png
centerX: 0.5237903225806452
centerY: 0.07552009119407238
width: 0.03669354838709677
height: 0.020233684810487318
Area: 0.00031934012998832494
CentroidX: 0.5412
CentroidY: 0.0873
