Location: Dedata_11.png_Mean-Closing.png
Component: component_1755521043857_104.png
centerX: 0.28669354838709676
centerY: 0.2231404958677686
width: 0.0375
height: 0.02108862923909946
Area: 0.0003291076402614475
CentroidX: 0.3067
CentroidY: 0.2346
