Location: Dedata_11.png_Mean-Medain.png
Component: component_1755521044823_251.png
centerX: 0.22056451612903225
centerY: 0.5933314334568253
width: 0.05
height: 0.02536335138216016
Area: 0.00044988003199146893
CentroidX: 0.2433
CentroidY: 0.6079
