Location: Dedata_11.png_Mean-Medain.png
Component: component_1755521044742_50.png
centerX: 0.9229838709677419
centerY: 0.10629809062410943
width: 0.04314516129032258
height: 0.02080364776289541
Area: 0.0003225576627841771
CentroidX: 0.9438
CentroidY: 0.1188
