Location: internet_16.png_Gaussian-Median.png
Component: component_1755087209860_129.png
centerX: 0.8903667875856509
centerY: 0.34046193327630453
width: 0.04353083434099154
height: 0.02594810379241517
Area: 0.000535004155333026
CentroidX: 0.9126
CentroidY: 0.3542
