Location: Dedata_11.png_Mean-Closing.png
Component: component_1755521043913_236.png
centerX: 0.007661290322580645
centerY: 0.554858934169279
width: 0.039919354838709675
height: 0.024223425477343973
Area: 0.00041287840483916934
CentroidX: 0.0276
CentroidY: 0.5684
