Location: internet_16.png_Mean-Medain.png
Component: component_1755087209718_55.png
centerX: 0.6477226924627166
centerY: 0.12489307100085544
width: 0.04030632809351068
height: 0.025092671799258625
Area: 0.000504432489313996
CentroidX: 0.6682
CentroidY: 0.1367
