Location: Dedata_11.png_Mean-Closing.png
Component: component_1755521043836_41.png
centerX: 0.842741935483871
centerY: 0.07694499857509261
width: 0.03951612903225806
height: 0.02108862923909946
Area: 0.0003754171301446051
CentroidX: 0.8621
CentroidY: 0.0887
