Location: Dedata_11.png_Mean-Medain.png
Component: component_1755521044831_273.png
centerX: 0.7258064516129032
centerY: 0.6506127101738387
width: 0.04959677419354839
height: 0.02108862923909946
Area: 0.00039495215069085027
CentroidX: 0.7492
CentroidY: 0.6630
