Location: Dedata_11.png_Gaussian-Median.png
Component: component_1755521044365_29.png
centerX: 0.8661290322580645
centerY: 0.04930179538330009
width: 0.034274193548387094
height: 0.018238814477058992
Area: 0.00018110113165224905
CentroidX: 0.8804
CentroidY: 0.0604
