Location: Dedata_11.png_Mean-Medain.png
Component: component_1755521044762_94.png
centerX: 0.006048387096774193
centerY: 0.1957822741521801
width: 0.044758064516129036
height: 0.021373610715303505
Area: 0.0003723145092343191
CentroidX: 0.0282
CentroidY: 0.2077
