Location: Dedata_11.png_Mean-Medain.png
Component: component_1755521044825_257.png
centerX: 0.7919354838709678
centerY: 0.60986035907666
width: 0.04959677419354839
height: 0.022513536620119692
Area: 0.0004214967962566304
CentroidX: 0.8160
CentroidY: 0.6225
