Location: internet_16.png_Mean-Medain.png
Component: component_1755087209729_96.png
centerX: 0.007658202337767029
centerY: 0.22954091816367264
width: 0.0471584038694075
height: 0.02594810379241517
Area: 0.0005702879954376961
CentroidX: 0.0307
CentroidY: 0.2433
