Location: Dedata_11.png_Gaussian-Median.png
Component: component_1755521044446_238.png
centerX: 0.7419354838709677
centerY: 0.5431746936449131
width: 0.04314516129032258
height: 0.019663721858079224
Area: 0.00034956195589222185
CentroidX: 0.7628
CentroidY: 0.5544
