Location: Dedata_11.png_Gaussian-Median.png
Component: component_1755521044373_45.png
centerX: 0.2693548387096774
centerY: 0.07893986890852095
width: 0.03790322580645161
height: 0.01937874038187518
Area: 0.00032554537180889693
CentroidX: 0.2889
CentroidY: 0.0897
