Location: Dedata_11.png_Mean-Closing.png
Component: component_1755521043875_145.png
centerX: 0.3681451612903226
centerY: 0.31689940153889995
width: 0.05604838709677419
height: 0.021658592191507554
Area: 0.0004054091322773697
CentroidX: 0.3951
CentroidY: 0.3304
