Location: internet_16.png_Mean-Medain.png
Component: component_1755087209749_187.png
centerX: 0.5255945183393793
centerY: 0.5420587396635301
width: 0.03990326481257558
height: 0.03051040775591674
Area: 0.0005583351636107069
CentroidX: 0.5473
CentroidY: 0.5567
