Location: Dedata_11.png_Gaussian-Median.png
Component: component_1755521044433_195.png
centerX: 0.4205645161290323
centerY: 0.43288686235394697
width: 0.052016129032258066
height: 0.021373610715303505
Area: 0.0004074775462175604
CentroidX: 0.4463
CentroidY: 0.4446
