Location: Dedata_11.png_Mean-Closing.png
Component: component_1755521043906_225.png
centerX: 0.8060483870967742
centerY: 0.5380450270732402
width: 0.05
height: 0.02336848104873183
Area: 0.0004041451015361421
CentroidX: 0.8299
CentroidY: 0.5515
