Location: internet_16.png_Mean-Medain.png
Component: component_1755087209732_115.png
centerX: 0.5904877065699314
centerY: 0.3048189335614485
width: 0.044740024183796856
height: 0.02623324779013402
Area: 0.0005692536157603605
CentroidX: 0.6134
CentroidY: 0.3179
