Location: internet_16.png_Otsu.png
Component: component_1755087209286_16.png
centerX: 0.7746876259572752
centerY: 0.016253207869974338
width: 0.03869407496977025
height: 0.020530367835757058
Area: 0.00020653114224134216
CentroidX: 0.7949
CentroidY: 0.0258
