Location: internet_16.png_Mean-Medain.png
Component: component_1755087209711_21.png
centerX: 0.6634421604191858
centerY: 0.04305674365554605
width: 0.03667875856509472
height: 0.02594810379241517
Area: 0.00034433350147749646
CentroidX: 0.6829
CentroidY: 0.0549
