Location: internet_16.png_Otsu.png
Component: component_1755087209321_424.png
centerX: 0.6638452237001209
centerY: 0.4904476760764186
width: 0.049979846835953246
height: 0.028229255774165955
Area: 0.0005793675503831975
CentroidX: 0.6882
CentroidY: 0.5047
