Location: internet_16.png_Gaussian-Closing.png
Component: component_1755087209404_44.png
centerX: 0.36436920596533656
centerY: 0.09067579127459367
width: 0.04070939137444579
height: 0.025377815796977475
Area: 0.00028319016943943634
CentroidX: 0.3857
CentroidY: 0.1024
