Location: Dedata_11.png_Gaussian-Median.png
Component: component_1755521044361_24.png
centerX: 0.40161290322580645
centerY: 0.047591906526075804
width: 0.0407258064516129
height: 0.019663721858079224
Area: 0.0002462561707682549
CentroidX: 0.4213
CentroidY: 0.0583
