Location: internet_16.png_Mean-Medain.png
Component: component_1755087209738_143.png
centerX: 0.5159209995969367
centerY: 0.4091816367265469
width: 0.04433696090286175
height: 0.02566295979469632
Area: 0.0005506347815683195
CentroidX: 0.5398
CentroidY: 0.4214
