Location: Dedata_11.png_Gaussian-Closing.png
Component: component_1755521044215_159.png
centerX: 0.49032258064516127
centerY: 0.35024223425477347
width: 0.0532258064516129
height: 0.022513536620119692
Area: 0.0004012723043969884
CentroidX: 0.5155
CentroidY: 0.3635
