Location: internet_16.png_Otsu.png
Component: component_1755087209307_357.png
centerX: 0.5360741636436921
centerY: 0.26290276589677786
width: 0.04554615074566707
height: 0.02765896777872826
Area: 0.0005255798071617461
CentroidX: 0.5589
CentroidY: 0.2773
