Location: Dedata_11.png_Gaussian-Closing.png
Component: component_1755521044257_253.png
centerX: 0.07298387096774193
centerY: 0.5950413223140496
width: 0.05766129032258065
height: 0.022513536620119692
Area: 0.00042827659750503314
CentroidX: 0.1001
CentroidY: 0.6086
