Location: internet_16.png_Gaussian-Closing.png
Component: component_1755087209403_42.png
centerX: 0.22087867795243854
centerY: 0.08925007128599943
width: 0.03829101168883515
height: 0.026518391787852865
Area: 0.00028916658535293094
CentroidX: 0.2390
CentroidY: 0.1022
