Location: Dedata_11.png_Mean-Closing.png
Component: component_1755521043872_142.png
centerX: 0.5903225806451613
centerY: 0.31319464234824734
width: 0.04233870967741935
height: 0.018808777429467086
Area: 0.000320948896386251
CentroidX: 0.6115
CentroidY: 0.3236
