Location: Dedata_11.png_Mean-Closing.png
Component: component_1755521043903_218.png
centerX: 0.35524193548387095
centerY: 0.5104018238814477
width: 0.045564516129032256
height: 0.022798518096323737
Area: 0.00042034767740096893
CentroidX: 0.3768
CentroidY: 0.5239
