Location: internet_16.png_Gaussian-Closing.png
Component: component_1755087209399_19.png
centerX: 0.9415558242644095
centerY: 0.041916167664670656
width: 0.04070939137444579
height: 0.021100655831194755
Area: 0.00028882179212715237
CentroidX: 0.9622
CentroidY: 0.0533
