Location: Dedata_11.png_Gaussian-Median.png
Component: component_1755521044407_114.png
centerX: 0.9278225806451613
centerY: 0.24280421772584782
width: 0.05403225806451613
height: 0.020518666286691366
Area: 0.00034209268333042225
CentroidX: 0.9522
CentroidY: 0.2550
