Location: Dedata_11.png_Gaussian-Median.png
Component: component_1755521044384_64.png
centerX: 0.014516129032258065
centerY: 0.12054716443431177
width: 0.036290322580645164
height: 0.022513536620119692
Area: 0.00035128563417571407
CentroidX: 0.0321
CentroidY: 0.1328
