Location: internet_16.png_Mean-Medain.png
Component: component_1755087209740_151.png
centerX: 0.9326884320838371
centerY: 0.43370402053036783
width: 0.042724707779121324
height: 0.027944111776447105
Area: 0.0005699432022119175
CentroidX: 0.9545
CentroidY: 0.4473
