Location: Dedata_11.png_Mean-Medain.png
Component: component_1755521044783_153.png
centerX: 0.9483870967741935
centerY: 0.3396979196352237
width: 0.04395161290322581
height: 0.020518666286691366
Area: 0.0003309462304305059
CentroidX: 0.9712
CentroidY: 0.3514
