Location: Dedata_11.png_Gaussian-Median.png
Component: component_1755521044445_236.png
centerX: 0.9415322580645161
centerY: 0.5397549159304645
width: 0.04798387096774193
height: 0.020233684810487318
Area: 0.0003787495748260234
CentroidX: 0.9639
CentroidY: 0.5510
