Location: Dedata_11.png_Gaussian-Closing.png
Component: component_1755521044248_230.png
centerX: 0.6580645161290323
centerY: 0.5434596751211171
width: 0.05967741935483871
height: 0.020518666286691366
Area: 0.00044470899714099227
CentroidX: 0.6866
CentroidY: 0.5551
