Location: Dedata_11.png_Mean-Closing.png
Component: component_1755521043865_126.png
centerX: 0.8104838709677419
centerY: 0.2792818466799658
width: 0.05524193548387097
height: 0.01738387004844685
Area: 0.00031474365456567904
CentroidX: 0.8370
CentroidY: 0.2888
