Location: Dedata_11.png_Gaussian-Closing.png
Component: component_1755521044186_84.png
centerX: 0.6092741935483871
centerY: 0.17640353377030493
width: 0.052016129032258066
height: 0.024793388429752067
Area: 0.0004058687798196343
CentroidX: 0.6357
CentroidY: 0.1916
