Location: Dedata_11.png_Gaussian-Closing.png
Component: component_1755521044195_111.png
centerX: 0.8620967741935484
centerY: 0.24422912510686806
width: 0.052016129032258066
height: 0.021373610715303505
Area: 0.00034691898252420044
CentroidX: 0.8871
CentroidY: 0.2568
