Location: Dedata_11.png_Mean-Closing.png
Component: component_1755521043837_43.png
centerX: 0.2693548387096774
centerY: 0.07893986890852095
width: 0.03790322580645161
height: 0.01937874038187518
Area: 0.0003443909210417452
CentroidX: 0.2888
CentroidY: 0.0896
