Location: internet_16.png_Otsu.png
Component: component_1755087209303_341.png
centerX: 0.7525191455058444
centerY: 0.20872540633019676
width: 0.045949214026602174
height: 0.02765896777872826
Area: 0.0005004099016799131
CentroidX: 0.7775
CentroidY: 0.2224
