Location: Dedata_11.png_Gaussian-Closing.png
Component: component_1755521043990_8.png
centerX: 0.6229838709677419
centerY: 0.01054431461954973
width: 0.042741935483870966
height: 0.01937874038187518
Area: 0.0002795806175824378
CentroidX: 0.6451
CentroidY: 0.0211
