Location: internet_16.png_Mean-Medain.png
Component: component_1755087209718_54.png
centerX: 0.7190648931882305
centerY: 0.1228970630168235
width: 0.04191858121725111
height: 0.028514399771884802
Area: 0.0005871828635008442
CentroidX: 0.7405
CentroidY: 0.1369
