Location: Dedata_11.png_Gaussian-Median.png
Component: component_1755521044478_298.png
centerX: 0.4245967741935484
centerY: 0.6979196352237105
width: 0.06169354838709677
height: 0.0219435736677116
Area: 0.0004612563086625176
CentroidX: 0.4541
CentroidY: 0.7109
