Location: Dedata_11.png_Mean-Closing.png
Component: component_1755521043828_21.png
centerX: 0.20846774193548387
centerY: 0.04673696209746366
width: 0.0407258064516129
height: 0.021658592191507554
Area: 0.0002716516974783736
CentroidX: 0.2294
CentroidY: 0.0601
