Location: Dedata_11.png_Mean-Closing.png
Component: component_1755521043878_152.png
centerX: 0.8935483870967742
centerY: 0.3408378455400399
width: 0.043548387096774194
height: 0.02080364776289541
Area: 0.0003257751955800292
CentroidX: 0.9150
CentroidY: 0.3528
