Location: internet_16.png_Gaussian-Median.png
Component: component_1755087209909_273.png
centerX: 0.762192664248287
centerY: 0.8166524094667807
width: 0.054816606207174524
height: 0.025092671799258625
Area: 0.0005466121939342366
CentroidX: 0.7897
CentroidY: 0.8298
