Location: internet_16.png_Otsu.png
Component: component_1755087209335_488.png
centerX: 0.9500201531640468
centerY: 0.7122897063016823
width: 0.037081821846029824
height: 0.02765896777872826
Area: 0.00047363096114444686
CentroidX: 0.9693
CentroidY: 0.7259
