Location: Dedata_11.png_Gaussian-Closing.png
Component: component_1755521044259_260.png
centerX: 0.594758064516129
centerY: 0.6169848959817612
width: 0.050806451612903224
height: 0.022228555143915644
Area: 0.00040793719375982495
CentroidX: 0.6185
CentroidY: 0.6299
