Location: Dedata_11.png_Gaussian-Closing.png
Component: component_1755521044193_105.png
centerX: 0.28669354838709676
centerY: 0.2231404958677686
width: 0.0375
height: 0.02108862923909946
Area: 0.00030922788405850395
CentroidX: 0.3066
CentroidY: 0.2345
