Location: Dedata_11.png_Mean-Medain.png
Component: component_1755521044779_138.png
centerX: 0.9217741935483871
centerY: 0.30521516101453405
width: 0.043548387096774194
height: 0.022798518096323737
Area: 0.0003713952141497899
CentroidX: 0.9409
CentroidY: 0.3190
