Location: Dedata_11.png_Mean-Closing.png
Component: component_1755521043902_216.png
centerX: 0.5689516129032258
centerY: 0.5081219720718153
width: 0.04879032258064516
height: 0.0219435736677116
Area: 0.0004294257163606946
CentroidX: 0.5916
CentroidY: 0.5205
