Location: internet_16.png_Mean-Medain.png
Component: component_1755087209753_208.png
centerX: 0.9040709391374446
centerY: 0.6164813230681494
width: 0.04312777106005643
height: 0.024522383803820928
Area: 0.0005333951202793929
CentroidX: 0.9251
CentroidY: 0.6298
