Location: Dedata_11.png_Gaussian-Closing.png
Component: component_1755521044031_38.png
centerX: 0.5887096774193549
centerY: 0.07722998005129666
width: 0.037096774193548385
height: 0.019948703334283273
Area: 0.00032129363204294945
CentroidX: 0.6067
CentroidY: 0.0888
