Location: Dedata_11.png_Mean-Closing.png
Component: component_1755521043846_76.png
centerX: 0.13024193548387097
centerY: 0.15161014534055287
width: 0.044758064516129036
height: 0.022228555143915644
Area: 0.00037047591906526074
CentroidX: 0.1529
CentroidY: 0.1648
