Location: internet_16.png_Mean-Medain.png
Component: component_1755087209735_128.png
centerX: 0.5969367190648932
centerY: 0.352723125178215
width: 0.04393389762192664
height: 0.0290846877673225
Area: 0.0005895964160812939
CentroidX: 0.6194
CentroidY: 0.3673
