Location: Dedata_11.png_Mean-Medain.png
Component: component_1755521044824_253.png
centerX: 0.07298387096774193
centerY: 0.5950413223140496
width: 0.05766129032258065
height: 0.022798518096323737
Area: 0.0004504545914192997
CentroidX: 0.1001
CentroidY: 0.6087
