Location: internet_16.png_Gaussian-Closing.png
Component: component_1755087209422_127.png
centerX: 0.4433696090286175
centerY: 0.3598517251211862
width: 0.04353083434099154
height: 0.028514399771884802
Area: 0.0005824706894152043
CentroidX: 0.4655
CentroidY: 0.3733
