Location: internet_16.png_Otsu.png
Component: component_1755087209303_342.png
centerX: 0.6779524385328497
centerY: 0.2149985742800114
width: 0.0471584038694075
height: 0.026803535785571715
Area: 0.0005802869989852736
CentroidX: 0.7013
CentroidY: 0.2280
