Location: Dedata_11.png_Mean-Closing.png
Component: component_1755521043863_122.png
centerX: 0.018548387096774192
centerY: 0.2670276432031918
width: 0.04758064516129032
height: 0.018808777429467086
Area: 0.00035059616286231717
CentroidX: 0.0423
CentroidY: 0.2773
