Location: internet_16.png_Gaussian-Median.png
Component: component_1755087209850_90.png
centerX: 0.8964127367996776
centerY: 0.2041631023666952
width: 0.046352277307537285
height: 0.02765896777872826
Area: 0.0005695984089861389
CentroidX: 0.9201
CentroidY: 0.2184
