Location: Dedata_11.png_Mean-Closing.png
Component: component_1755521043915_240.png
centerX: 0.7370967741935484
centerY: 0.573097748646338
width: 0.05443548387096774
height: 0.025078369905956112
Area: 0.0004932018128499067
CentroidX: 0.7622
CentroidY: 0.5876
