Location: Dedata_11.png_Mean-Closing.png
Component: component_1755521043926_281.png
centerX: 0.013306451612903225
centerY: 0.6736962097463665
width: 0.04959677419354839
height: 0.02108862923909946
Area: 0.0004264380073359748
CentroidX: 0.0366
CentroidY: 0.6853
