Location: Dedata_11.png_Gaussian-Median.png
Component: component_1755521044435_204.png
centerX: 0.8806451612903226
centerY: 0.45511541749786266
width: 0.046370967741935484
height: 0.0219435736677116
Area: 0.0004241397696246518
CentroidX: 0.9042
CentroidY: 0.4673
