Location: Dedata_11.png_Mean-Medain.png
Component: component_1755521044804_211.png
centerX: 0.011693548387096775
centerY: 0.48332858364206327
width: 0.046370967741935484
height: 0.02080364776289541
Area: 0.00042471432905248255
CentroidX: 0.0336
CentroidY: 0.4949
