Location: internet_16.png_Otsu.png
Component: component_1755087209308_365.png
centerX: 0.8903667875856509
centerY: 0.2954091816367265
width: 0.04796453043127771
height: 0.025377815796977475
Area: 0.0005458076764074201
CentroidX: 0.9146
CentroidY: 0.3090
