Location: internet_16.png_Mean-Medain.png
Component: component_1755087209754_212.png
centerX: 0.6029826682789198
centerY: 0.6270316509837468
width: 0.04070939137444579
height: 0.028514399771884802
Area: 0.0005469569871600152
CentroidX: 0.6230
CentroidY: 0.6417
