Location: internet_16.png_Mean-Medain.png
Component: component_1755087209716_44.png
centerX: 0.28657799274486095
centerY: 0.09039064727687482
width: 0.0471584038694075
height: 0.025092671799258625
Area: 0.0003059465223408196
CentroidX: 0.3105
CentroidY: 0.1019
