Location: Dedata_11.png_Mean-Medain.png
Component: component_1755521044779_141.png
centerX: 0.8580645161290322
centerY: 0.30692504987175834
width: 0.04798387096774193
height: 0.02108862923909946
Area: 0.0004294257163606946
CentroidX: 0.8795
CentroidY: 0.3192
