Location: Dedata_11.png_Mean-Closing.png
Component: component_1755521043929_295.png
centerX: 0.0125
centerY: 0.7118837275577088
width: 0.04395161290322581
height: 0.02080364776289541
Area: 0.00040793719375982495
CentroidX: 0.0327
CentroidY: 0.7235
