Location: Dedata_11.png_Gaussian-Closing.png
Component: component_1755521044198_123.png
centerX: 0.08266129032258064
centerY: 0.2610430322029068
width: 0.05161290322580645
height: 0.02336848104873183
Area: 0.0004111547265556771
CentroidX: 0.1080
CentroidY: 0.2747
