Location: Dedata_11.png_Gaussian-Closing.png
Component: component_1755521044232_210.png
centerX: 0.07459677419354839
centerY: 0.48019378740381874
width: 0.05161290322580645
height: 0.02080364776289541
Area: 0.00043551604629570045
CentroidX: 0.0992
CentroidY: 0.4922
