Location: Dedata_11.png_Mean-Medain.png
Component: component_1755521044783_154.png
centerX: 0.8935483870967742
centerY: 0.34055286406383584
width: 0.04395161290322581
height: 0.02108862923909946
Area: 0.00032623484312229383
CentroidX: 0.9150
CentroidY: 0.3528
