Location: internet_16.png_Gaussian-Closing.png
Component: component_1755087209434_186.png
centerX: 0.21966948810963322
centerY: 0.5554605075563159
width: 0.055219669488109635
height: 0.02737382378100941
Area: 0.0006230413589818118
CentroidX: 0.2476
CentroidY: 0.5692
