Location: internet_16.png_Gaussian-Closing.png
Component: component_1755087209420_121.png
centerX: 0.8903667875856509
centerY: 0.34046193327630453
width: 0.04312777106005643
height: 0.02594810379241517
Area: 0.0005338548445804309
CentroidX: 0.9126
CentroidY: 0.3542
