Location: Dedata_11.png_Gaussian-Median.png
Component: component_1755521044377_52.png
centerX: 0.9229838709677419
centerY: 0.10629809062410943
width: 0.042741935483870966
height: 0.020518666286691366
Area: 0.000307734029546144
CentroidX: 0.9437
CentroidY: 0.1187
