Location: Dedata_11.png_Mean-Closing.png
Component: component_1755521043897_204.png
centerX: 0.3604838709677419
centerY: 0.47392419492732973
width: 0.05806451612903226
height: 0.02336848104873183
Area: 0.0005067614153467121
CentroidX: 0.3872
CentroidY: 0.4876
