Location: Dedata_11.png_Mean-Medain.png
Component: component_1755521044728_20.png
centerX: 0.14112903225806453
centerY: 0.04673696209746366
width: 0.044758064516129036
height: 0.022798518096323737
Area: 0.0003079638533172763
CentroidX: 0.1640
CentroidY: 0.0607
