Location: Dedata_11.png_Mean-Closing.png
Component: component_1755521043845_70.png
centerX: 0.39314516129032256
centerY: 0.14049586776859505
width: 0.039112903225806454
height: 0.022513536620119692
Area: 0.0003712803022642238
CentroidX: 0.4111
CentroidY: 0.1535
