Location: internet_16.png_Otsu.png
Component: component_1755087209314_387.png
centerX: 0.2184602982668279
centerY: 0.3661248930710009
width: 0.04796453043127771
height: 0.027088679783290562
Area: 0.0005289128083442719
CentroidX: 0.2426
CentroidY: 0.3796
