Location: Dedata_11.png_Gaussian-Closing.png
Component: component_1755521044016_23.png
centerX: 0.9201612903225806
centerY: 0.0481618694784839
width: 0.039112903225806454
height: 0.018523795953263037
Area: 0.00021764311126228408
CentroidX: 0.9371
CentroidY: 0.0601
