Location: internet_16.png_Mean-Medain.png
Component: component_1755087209735_127.png
centerX: 0.6694881096332124
centerY: 0.34844596521243226
width: 0.0471584038694075
height: 0.030795551753635585
Area: 0.0006492456441409805
CentroidX: 0.6944
CentroidY: 0.3633
