Location: Dedata_11.png_Gaussian-Median.png
Component: component_1755521044415_148.png
centerX: 0.6568548387096774
centerY: 0.31005984611000287
width: 0.046370967741935484
height: 0.02108862923909946
Area: 0.00035875490673751366
CentroidX: 0.6786
CentroidY: 0.3222
