Location: internet_16.png_Mean-Medain.png
Component: component_1755087209744_166.png
centerX: 0.8774687625957275
centerY: 0.4798973481608212
width: 0.05280128980249899
height: 0.0290846877673225
Area: 0.000630052154572642
CentroidX: 0.9029
CentroidY: 0.4956
