Location: Dedata_11.png_Gaussian-Closing.png
Component: component_1755521044288_286.png
centerX: 0.7895161290322581
centerY: 0.6850954687945283
width: 0.062096774193548386
height: 0.021373610715303505
Area: 0.0004373546364647588
CentroidX: 0.8195
CentroidY: 0.6984
