Location: Dedata_11.png_Mean-Medain.png
Component: component_1755521044789_170.png
centerX: 0.8193548387096774
centerY: 0.3813052151610145
width: 0.05443548387096774
height: 0.0219435736677116
Area: 0.00043723972457919267
CentroidX: 0.8452
CentroidY: 0.3942
