Location: internet_16.png_Otsu.png
Component: component_1755087209319_409.png
centerX: 0.6626360338573156
centerY: 0.4459652124322783
width: 0.04514308746473196
height: 0.025377815796977475
Area: 0.0004935140371643424
CentroidX: 0.6850
CentroidY: 0.4592
