Location: Dedata_11.png_Mean-Closing.png
Component: component_1755521043900_211.png
centerX: 0.8387096774193549
centerY: 0.500142490738102
width: 0.043548387096774194
height: 0.02108862923909946
Area: 0.000392424089208395
CentroidX: 0.8611
CentroidY: 0.5125
