Location: internet_16.png_Mean-Medain.png
Component: component_1755087209730_103.png
centerX: 0.535671100362757
centerY: 0.262617621899059
width: 0.046352277307537285
height: 0.028229255774165955
Area: 0.0005718970304913292
CentroidX: 0.5589
CentroidY: 0.2772
