Location: Dedata_11.png_Mean-Closing.png
Component: component_1755521043897_203.png
centerX: 0.4346774193548387
centerY: 0.4699344542604731
width: 0.041935483870967745
height: 0.022798518096323737
Area: 0.0004226459151122919
CentroidX: 0.4543
CentroidY: 0.4832
