Location: Dedata_11.png_Gaussian-Closing.png
Component: component_1755521044198_122.png
centerX: 0.15120967741935484
centerY: 0.2593331433456825
width: 0.04798387096774193
height: 0.02365346252493588
Area: 0.0003900109396115059
CentroidX: 0.1763
CentroidY: 0.2721
