Location: Dedata_11.png_Mean-Medain.png
Component: component_1755521044825_256.png
centerX: 0.8584677419354839
centerY: 0.6070105443146195
width: 0.05161290322580645
height: 0.022798518096323737
Area: 0.00046964487630884636
CentroidX: 0.8839
CentroidY: 0.6199
