Location: Dedata_11.png_Mean-Closing.png
Component: component_1755521043839_49.png
centerX: 0.7342741935483871
centerY: 0.10629809062410943
width: 0.0467741935483871
height: 0.019948703334283273
Area: 0.0003399093575046654
CentroidX: 0.7564
CentroidY: 0.1179
