Location: Dedata_11.png_Gaussian-Closing.png
Component: component_1755521043988_5.png
centerX: 0.14596774193548387
centerY: 0.008549444286121402
width: 0.03790322580645161
height: 0.018523795953263037
Area: 0.00025211667693212844
CentroidX: 0.1659
CentroidY: 0.0190
