Location: Dedata_11.png_Mean-Closing.png
Component: component_1755521043831_32.png
centerX: 0.7290322580645161
centerY: 0.05186662866913651
width: 0.04596774193548387
height: 0.018238814477058992
Area: 0.00021683872806332104
CentroidX: 0.7539
CentroidY: 0.0623
