Location: internet_16.png_Mean-Medain.png
Component: component_1755087209762_245.png
centerX: 0.16283756549778317
centerY: 0.7470772740233818
width: 0.04433696090286175
height: 0.02594810379241517
Area: 0.0005377625011392542
CentroidX: 0.1845
CentroidY: 0.7602
