Location: Dedata_11.png_Gaussian-Closing.png
Component: component_1755521044147_69.png
centerX: 0.39314516129032256
centerY: 0.14049586776859505
width: 0.039112903225806454
height: 0.022513536620119692
Area: 0.0003511707222901479
CentroidX: 0.4111
CentroidY: 0.1534
