Location: internet_16.png_Mean-Medain.png
Component: component_1755087209765_262.png
centerX: 0.8395808141878275
centerY: 0.812375249500998
width: 0.04514308746473196
height: 0.026518391787852865
Area: 0.0005559216110302571
CentroidX: 0.8620
CentroidY: 0.8267
