Location: Dedata_11.png_Mean-Medain.png
Component: component_1755521044794_189.png
centerX: 0.4205645161290323
centerY: 0.43288686235394697
width: 0.052016129032258066
height: 0.021373610715303505
Area: 0.0004257485360225779
CentroidX: 0.4464
CentroidY: 0.4447
