Location: Dedata_11.png_Gaussian-Median.png
Component: component_1755521044441_221.png
centerX: 0.7040322580645161
centerY: 0.5064120832145911
width: 0.0467741935483871
height: 0.020233684810487318
Area: 0.00040529422039180355
CentroidX: 0.7263
CentroidY: 0.5182
