Location: Dedata_11.png_Gaussian-Closing.png
Component: component_1755521044202_137.png
centerX: 0.08346774193548387
centerY: 0.29980051296665716
width: 0.05040322580645161
height: 0.018808777429467086
Area: 0.000316237509078039
CentroidX: 0.1084
CentroidY: 0.3113
