Location: Dedata_11.png_Mean-Closing.png
Component: component_1755521043863_120.png
centerX: 0.15120967741935484
centerY: 0.2593331433456825
width: 0.04798387096774193
height: 0.023938444001139925
Area: 0.00041264858106803705
CentroidX: 0.1763
CentroidY: 0.2722
