Location: Dedata_11.png_Gaussian-Closing.png
Component: component_1755521044209_151.png
centerX: 0.07620967741935483
centerY: 0.3348532345397549
width: 0.04798387096774193
height: 0.0219435736677116
Area: 0.00034071374070362845
CentroidX: 0.1004
CentroidY: 0.3471
