Location: Dedata_11.png_Mean-Medain.png
Component: component_1755521044774_124.png
centerX: 0.9354838709677419
centerY: 0.27329723567968084
width: 0.04516129032258064
height: 0.02365346252493588
Area: 0.0003582952591952491
CentroidX: 0.9569
CentroidY: 0.2871
