Location: Dedata_11.png_Mean-Medain.png
Component: component_1755521044781_149.png
centerX: 0.21814516129032258
centerY: 0.3265887717298376
width: 0.04838709677419355
height: 0.02108862923909946
Area: 0.0003579505235385506
CentroidX: 0.2412
CentroidY: 0.3392
