Location: internet_16.png_Otsu.png
Component: component_1755087209302_337.png
centerX: 0.16324062877871826
centerY: 0.18363273453093812
width: 0.04353083434099154
height: 0.026518391787852865
Area: 0.0005084550769480789
CentroidX: 0.1880
CentroidY: 0.1966
