Location: Dedata_11.png_Gaussian-Closing.png
Component: component_1755521044249_233.png
centerX: 0.5294354838709677
centerY: 0.5448845825021373
width: 0.041935483870967745
height: 0.018523795953263037
Area: 0.0003360023533954164
CentroidX: 0.5490
CentroidY: 0.5553
