Location: internet_16.png_Mean-Medain.png
Component: component_1755087209747_178.png
centerX: 0.008464328899637243
centerY: 0.5175363558597091
width: 0.045949214026602174
height: 0.027944111776447105
Area: 0.0006182142538209124
CentroidX: 0.0307
CentroidY: 0.5316
