Location: Dedata_11.png_Gaussian-Closing.png
Component: component_1755521044224_183.png
centerX: 0.8879032258064516
centerY: 0.4157879737817042
width: 0.05161290322580645
height: 0.022798518096323737
Area: 0.0004583835115233639
CentroidX: 0.9139
CentroidY: 0.4288
