Location: Dedata_11.png_Mean-Medain.png
Component: component_1755521044781_147.png
centerX: 0.3681451612903226
centerY: 0.31689940153889995
width: 0.05604838709677419
height: 0.0219435736677116
Area: 0.0004060986035907666
CentroidX: 0.3951
CentroidY: 0.3304
