Location: Dedata_11.png_Gaussian-Median.png
Component: component_1755521044408_118.png
centerX: 0.7245967741935484
centerY: 0.2476489028213166
width: 0.050806451612903224
height: 0.019663721858079224
Area: 0.0003331295562562627
CentroidX: 0.7486
CentroidY: 0.2588
