Location: internet_16.png_Mean-Medain.png
Component: component_1755087209741_157.png
centerX: 0.5163240628778718
centerY: 0.45623039635015683
width: 0.04836759371221282
height: 0.02623324779013402
Area: 0.0005705178575882151
CentroidX: 0.5391
CentroidY: 0.4697
