Location: internet_16.png_Gaussian-Closing.png
Component: component_1755087209424_137.png
centerX: 0.7275292220878677
centerY: 0.3983461648132307
width: 0.04030632809351068
height: 0.026518391787852865
Area: 0.0005077654904965217
CentroidX: 0.7485
CentroidY: 0.4116
