Location: internet_16.png_Otsu.png
Component: component_1755087209292_149.png
centerX: 0.9492140266021766
centerY: 0.08069575135443399
width: 0.032648125755743655
height: 0.023381807812945538
Area: 0.00013561866880622357
CentroidX: 0.9642
CentroidY: 0.0911
