Location: Dedata_11.png_Mean-Medain.png
Component: component_1755521044805_212.png
centerX: 0.8943548387096775
centerY: 0.4987175833570818
width: 0.045564516129032256
height: 0.022513536620119692
Area: 0.0004265529192215409
CentroidX: 0.9162
CentroidY: 0.5119
