Location: Dedata_11.png_Mean-Medain.png
Component: component_1755521044813_234.png
centerX: 0.40241935483870966
centerY: 0.548874323168994
width: 0.039919354838709675
height: 0.02108862923909946
Area: 0.0003635812059312919
CentroidX: 0.4226
CentroidY: 0.5603
