Location: Dedata_11.png_Mean-Closing.png
Component: component_1755521043830_27.png
centerX: 0.8661290322580645
centerY: 0.04930179538330009
width: 0.034274193548387094
height: 0.017953833000854943
Area: 0.00018374410502027046
CentroidX: 0.8803
CentroidY: 0.0603
