Location: Dedata_11.png_Mean-Closing.png
Component: component_1755521043898_206.png
centerX: 0.14677419354838708
centerY: 0.47648902821316613
width: 0.055645161290322584
height: 0.02336848104873183
Area: 0.0005231938149826713
CentroidX: 0.1735
CentroidY: 0.4901
