Location: Dedata_11.png_Mean-Closing.png
Component: component_1755521043882_162.png
centerX: 0.2213709677419355
centerY: 0.36306640068395557
width: 0.041935483870967745
height: 0.020518666286691366
Area: 0.0003650750604436518
CentroidX: 0.2415
CentroidY: 0.3750
