Location: internet_16.png_Mean-Medain.png
Component: component_1755087209738_142.png
centerX: 0.5880693268843208
centerY: 0.405189620758483
width: 0.046352277307537285
height: 0.028229255774165955
Area: 0.0005863783459740277
CentroidX: 0.6126
CentroidY: 0.4182
