Location: Dedata_11.png_Mean-Closing.png
Component: component_1755521043845_73.png
centerX: 0.330241935483871
centerY: 0.1444856084354517
width: 0.04395161290322581
height: 0.0219435736677116
Area: 0.00037093556660752536
CentroidX: 0.3497
CentroidY: 0.1578
