Location: Dedata_11.png_Mean-Closing.png
Component: component_1755521043915_241.png
centerX: 0.8104838709677419
centerY: 0.572812767170134
width: 0.052016129032258066
height: 0.02365346252493588
Area: 0.00043781428400702343
CentroidX: 0.8350
CentroidY: 0.5873
