Location: internet_16.png_Gaussian-Closing.png
Component: component_1755087209430_164.png
centerX: 0.8033051189036678
centerY: 0.4827487881380097
width: 0.053204353083434096
height: 0.028514399771884802
Area: 0.0006064912841444422
CentroidX: 0.8292
CentroidY: 0.4983
