Location: Dedata_11.png_Mean-Medain.png
Component: component_1755521044782_151.png
centerX: 0.07620967741935483
centerY: 0.3348532345397549
width: 0.04798387096774193
height: 0.0219435736677116
Area: 0.00037576186580130354
CentroidX: 0.1004
CentroidY: 0.3475
