Location: Dedata_11.png_Mean-Medain.png
Component: component_1755521044808_220.png
centerX: 0.35524193548387095
centerY: 0.5104018238814477
width: 0.045564516129032256
height: 0.023083499572527786
Area: 0.00042115206059993197
CentroidX: 0.3768
CentroidY: 0.5239
