Location: Dedata_11.png_Mean-Closing.png
Component: component_1755521043896_200.png
centerX: 0.6318548387096774
centerY: 0.46423482473639216
width: 0.04758064516129032
height: 0.022798518096323737
Area: 0.0004433300545141985
CentroidX: 0.6550
CentroidY: 0.4770
