Location: Dedata_11.png_Gaussian-Median.png
Component: component_1755521044369_35.png
centerX: 0.32903225806451614
centerY: 0.07523510971786834
width: 0.03346774193548387
height: 0.02080364776289541
Area: 0.0003073892938894456
CentroidX: 0.3474
CentroidY: 0.0871
