Location: Dedata_11.png_Gaussian-Median.png
Component: component_1755521044376_51.png
centerX: 0.7342741935483871
centerY: 0.10629809062410943
width: 0.0467741935483871
height: 0.020233684810487318
Area: 0.00032634975500785997
CentroidX: 0.7566
CentroidY: 0.1178
