Location: internet_16.png_Mean-Medain.png
Component: component_1755087209757_221.png
centerX: 0.8895606610237807
centerY: 0.6695181066438551
width: 0.05078597339782346
height: 0.026518391787852865
Area: 0.0005843095866193565
CentroidX: 0.9134
CentroidY: 0.6837
