Location: Dedata_11.png_Mean-Medain.png
Component: component_1755521044746_62.png
centerX: 0.014112903225806451
centerY: 0.12026218295810773
width: 0.03669354838709677
height: 0.022798518096323737
Area: 0.0003739232756322452
CentroidX: 0.0320
CentroidY: 0.1328
