Location: internet_16.png_Otsu.png
Component: component_1755087209283_3.png
centerX: 0.7033454252317614
centerY: 0.003421727972626176
width: 0.0354695687222894
height: 0.028229255774165955
Area: 0.0002676744742794023
CentroidX: 0.7223
CentroidY: 0.0155
