Location: Dedata_11.png_Mean-Medain.png
Component: component_1755521044835_282.png
centerX: 0.08266129032258064
centerY: 0.6711313764605301
width: 0.04596774193548387
height: 0.023938444001139925
Area: 0.00043091957087305454
CentroidX: 0.1054
CentroidY: 0.6851
