Location: Dedata_11.png_Mean-Closing.png
Component: component_1755521043860_112.png
centerX: 0.7245967741935484
centerY: 0.2476489028213166
width: 0.050806451612903224
height: 0.019948703334283273
Area: 0.00035450316697156623
CentroidX: 0.7487
CentroidY: 0.2590
