Location: Dedata_11.png_Mean-Closing.png
Component: component_1755521043869_136.png
centerX: 0.01532258064516129
centerY: 0.3037902536335138
width: 0.04879032258064516
height: 0.018523795953263037
Area: 0.0003227874865553094
CentroidX: 0.0387
CentroidY: 0.3140
