Location: internet_16.png_Otsu.png
Component: component_1755087209331_468.png
centerX: 0.4558645707376058
centerY: 0.6313088109495295
width: 0.04675534058847239
height: 0.026518391787852865
Area: 0.0004946633479169375
CentroidX: 0.4776
CentroidY: 0.6453
