Location: internet_16.png_Mean-Medain.png
Component: component_1755087209751_196.png
centerX: 0.7444578798871423
centerY: 0.5711434274308526
width: 0.04232164449818621
height: 0.02566295979469632
Area: 0.0005055818000665911
CentroidX: 0.7680
CentroidY: 0.5838
