Location: internet_16.png_Gaussian-Median.png
Component: component_1755087209876_176.png
centerX: 0.732365981459089
centerY: 0.4861705161106359
width: 0.05280128980249899
height: 0.02566295979469632
Area: 0.0005573007839333713
CentroidX: 0.7582
CentroidY: 0.4994
