Location: Dedata_11.png_Gaussian-Median.png
Component: component_1755521044431_187.png
centerX: 0.075
centerY: 0.4066685665431747
width: 0.04879032258064516
height: 0.019663721858079224
Area: 0.0003478382776087296
CentroidX: 0.0988
CentroidY: 0.4176
