Location: Dedata_11.png_Gaussian-Closing.png
Component: component_1755521044230_202.png
centerX: 0.6318548387096774
centerY: 0.46394984326018807
width: 0.04758064516129032
height: 0.023083499572527786
Area: 0.0004171301446051168
CentroidX: 0.6549
CentroidY: 0.4768
