Location: Dedata_11.png_Gaussian-Closing.png
Component: component_1755521044247_228.png
centerX: 0.5919354838709677
centerY: 0.5394699344542605
width: 0.04798387096774193
height: 0.022798518096323737
Area: 0.0004049494847351051
CentroidX: 0.6158
CentroidY: 0.5527
