Location: Dedata_11.png_Mean-Medain.png
Component: component_1755521044745_60.png
centerX: 0.1375
centerY: 0.11513251638643489
width: 0.042741935483870966
height: 0.021658592191507554
Area: 0.000375302218259039
CentroidX: 0.1581
CentroidY: 0.1273
