Location: internet_16.png_Otsu.png
Component: component_1755087209327_450.png
centerX: 0.7448609431680774
centerY: 0.5711434274308526
width: 0.04191858121725111
height: 0.025377815796977475
Area: 0.0004548971958771465
CentroidX: 0.7679
CentroidY: 0.5838
