Location: Dedata_11.png_Gaussian-Median.png
Component: component_1755521044398_86.png
centerX: 0.6092741935483871
centerY: 0.17640353377030493
width: 0.05241935483870968
height: 0.024793388429752067
Area: 0.00040575386793406817
CentroidX: 0.6357
CentroidY: 0.1916
