Location: internet_16.png_Gaussian-Closing.png
Component: component_1755087209398_13.png
centerX: 0.07577589681580008
centerY: 0.012546335899629312
width: 0.04070939137444579
height: 0.025377815796977475
Area: 0.0003126125247058713
CentroidX: 0.0977
CentroidY: 0.0251
