Location: Dedata_11.png_Mean-Medain.png
Component: component_1755521044740_41.png
centerX: 0.842741935483871
centerY: 0.07694499857509261
width: 0.03951612903225806
height: 0.02108862923909946
Area: 0.00037553204203017126
CentroidX: 0.8621
CentroidY: 0.0887
