Location: internet_16.png_Mean-Medain.png
Component: component_1755087209709_16.png
centerX: 0.7742845626763402
centerY: 0.016253207869974338
width: 0.03909713825070536
height: 0.020815511833475905
Area: 0.00029146520685812116
CentroidX: 0.7946
CentroidY: 0.0260
