Location: Dedata_11.png_Mean-Closing.png
Component: component_1755521043888_179.png
centerX: 0.075
centerY: 0.4066685665431747
width: 0.04838709677419355
height: 0.019663721858079224
Area: 0.00036473032478695337
CentroidX: 0.0988
CentroidY: 0.4177
