Location: Dedata_11.png_Mean-Closing.png
Component: component_1755521043916_243.png
centerX: 0.6681451612903225
centerY: 0.5768025078369906
width: 0.04435483870967742
height: 0.025648332858364205
Area: 0.0004445940852554261
CentroidX: 0.6904
CentroidY: 0.5908
