Location: Kurtxevani_1794_page_10.png_Mean-Medain.png
Component: component_1755610055105_2558.png
centerX: 0.2945645821157218
centerY: 0.8140149845747026
width: 0.022209234365867914
height: 0.014103129131776113
Area: 0.00018623177897198511
CentroidX: 0.3054
CentroidY: 0.8205
