Location: Dedata_11.png_Gaussian-Median.png
Component: component_1755521044424_175.png
centerX: 0.9483870967741935
centerY: 0.3804502707324024
width: 0.04798387096774193
height: 0.022798518096323737
Area: 0.0003765662490002666
CentroidX: 0.9716
CentroidY: 0.3935
