Location: internet_16.png_Gaussian-Closing.png
Component: component_1755087209402_34.png
centerX: 0.9492140266021766
centerY: 0.08069575135443399
width: 0.03869407496977025
height: 0.029940119760479042
Area: 0.0003329553250268048
CentroidX: 0.9716
CentroidY: 0.0932
