Location: Dedata_11.png_Gaussian-Closing.png
Component: component_1755521044148_70.png
centerX: 0.7987903225806452
centerY: 0.140210886292391
width: 0.050806451612903224
height: 0.018808777429467086
Area: 0.00034599968743967126
CentroidX: 0.8233
CentroidY: 0.1511
