Location: Dedata_11.png_Gaussian-Median.png
Component: component_1755521044359_17.png
centerX: 0.5528225806451613
centerY: 0.012539184952978056
width: 0.043548387096774194
height: 0.02108862923909946
Area: 0.00027544378970205646
CentroidX: 0.5748
CentroidY: 0.0252
