Location: internet_16.png_Gaussian-Closing.png
Component: component_1755087209461_223.png
centerX: 0.4615074566706973
centerY: 0.6806387225548902
width: 0.04353083434099154
height: 0.02737382378100941
Area: 0.0005539677827508454
CentroidX: 0.4815
CentroidY: 0.6949
