Location: internet_16.png_Gaussian-Closing.png
Component: component_1755087209425_142.png
centerX: 0.44095122934300685
centerY: 0.4128885086968919
width: 0.04232164449818621
height: 0.025377815796977475
Area: 0.0005032831785614008
CentroidX: 0.4634
CentroidY: 0.4257
