Location: internet_16.png_Gaussian-Median.png
Component: component_1755087209903_248.png
centerX: 0.6122531237404273
centerY: 0.7245508982035929
width: 0.04232164449818621
height: 0.028229255774165955
Area: 0.0005142016307110544
CentroidX: 0.6337
CentroidY: 0.7386
