Location: internet_16.png_Gaussian-Closing.png
Component: component_1755087209418_109.png
centerX: 0.7464731962918179
centerY: 0.2962646136298831
width: 0.042724707779121324
height: 0.02765896777872826
Area: 0.0005412104333970396
CentroidX: 0.7678
CentroidY: 0.3116
