Location: internet_16.png_Otsu.png
Component: component_1755087209307_358.png
centerX: 0.456670697299476
centerY: 0.2648987738808098
width: 0.04514308746473196
height: 0.02623324779013402
Area: 0.0005119030092058642
CentroidX: 0.4803
CentroidY: 0.2776
