Location: Dedata_11.png_Mean-Closing.png
Component: component_1755521043845_71.png
centerX: 0.7274193548387097
centerY: 0.14106583072100312
width: 0.05040322580645161
height: 0.02080364776289541
Area: 0.0003908153228104689
CentroidX: 0.7519
CentroidY: 0.1536
