Location: internet_16.png_Gaussian-Closing.png
Component: component_1755087209409_64.png
centerX: 0.0068520757758968156
centerY: 0.14171656686626746
width: 0.04353083434099154
height: 0.025377815796977475
Area: 0.0003067510398676362
CentroidX: 0.0325
CentroidY: 0.1532
