Location: internet_16.png_Gaussian-Closing.png
Component: component_1755087209430_168.png
centerX: 0.5179363160016123
centerY: 0.4964357000285144
width: 0.049576783555018135
height: 0.02737382378100941
Area: 0.0005699432022119175
CentroidX: 0.5435
CentroidY: 0.5111
