Location: Dedata_11.png_Mean-Closing.png
Component: component_1755521043903_219.png
centerX: 0.28669354838709676
centerY: 0.51268167569108
width: 0.04959677419354839
height: 0.022798518096323737
Area: 0.0004127634929536032
CentroidX: 0.3116
CentroidY: 0.5258
