Location: Dedata_11.png_Gaussian-Median.png
Component: component_1755521044461_265.png
centerX: 0.7274193548387097
centerY: 0.6107153035052721
width: 0.05282258064516129
height: 0.023083499572527786
Area: 0.00041850908723191057
CentroidX: 0.7529
CentroidY: 0.6247
