Location: Dedata_11.png_Gaussian-Closing.png
Component: component_1755521044185_83.png
centerX: 0.8169354838709677
centerY: 0.17497862638928469
width: 0.04717741935483871
height: 0.019663721858079224
Area: 0.00030037966886991055
CentroidX: 0.8379
CentroidY: 0.1871
