Location: Dedata_11.png_Mean-Medain.png
Component: component_1755521044762_95.png
centerX: 0.8298387096774194
centerY: 0.2103163294385865
width: 0.05241935483870968
height: 0.02108862923909946
Area: 0.000373003980547716
CentroidX: 0.8567
CentroidY: 0.2228
