Location: Dedata_11.png_Mean-Medain.png
Component: component_1755521044742_49.png
centerX: 0.7342741935483871
centerY: 0.10629809062410943
width: 0.0467741935483871
height: 0.020233684810487318
Area: 0.0003402540931613639
CentroidX: 0.7564
CentroidY: 0.1179
