Location: internet_16.png_Mean-Medain.png
Component: component_1755087209752_199.png
centerX: 0.600161225312374
centerY: 0.5782720273738238
width: 0.04232164449818621
height: 0.03022526375819789
Area: 0.0005469569871600152
CentroidX: 0.6206
CentroidY: 0.5943
