Location: internet_16.png_Mean-Medain.png
Component: component_1755087209736_132.png
centerX: 0.3675937122128174
centerY: 0.3652694610778443
width: 0.04433696090286175
height: 0.02594810379241517
Area: 0.0005692536157603605
CentroidX: 0.3896
CentroidY: 0.3775
