Location: Dedata_11.png_Gaussian-Closing.png
Component: component_1755521044258_255.png
centerX: 0.9310483870967742
centerY: 0.6047306925049871
width: 0.04758064516129032
height: 0.023083499572527786
Area: 0.0003913898822382997
CentroidX: 0.9541
CentroidY: 0.6189
