Location: internet_16.png_Otsu.png
Component: component_1755087209327_447.png
centerX: 0.009270455461507456
centerY: 0.5631593954947248
width: 0.04877065699314793
height: 0.028229255774165955
Area: 0.000560633785115897
CentroidX: 0.0311
CentroidY: 0.5786
