Location: internet_16.png_Mean-Medain.png
Component: component_1755087209746_174.png
centerX: 0.21604191858121724
centerY: 0.5067008839463929
width: 0.05642885933091495
height: 0.028229255774165955
Area: 0.0006663703743546477
CentroidX: 0.2420
CentroidY: 0.5221
