Location: Dedata_11.png_Gaussian-Median.png
Component: component_1755521044406_107.png
centerX: 0.28669354838709676
centerY: 0.22285551439156454
width: 0.0375
height: 0.021373610715303505
Area: 0.0003096875316007685
CentroidX: 0.3066
CentroidY: 0.2345
