Location: internet_16.png_Gaussian-Median.png
Component: component_1755087209906_258.png
centerX: 0.7517130189439742
centerY: 0.7656116338751069
width: 0.04796453043127771
height: 0.02737382378100941
Area: 0.0005353489485588046
CentroidX: 0.7749
CentroidY: 0.7804
