Location: internet_16.png_Gaussian-Closing.png
Component: component_1755087209439_210.png
centerX: 0.4558645707376058
centerY: 0.6310236669518107
width: 0.04675534058847239
height: 0.026803535785571715
Area: 0.0005224766681297393
CentroidX: 0.4776
CentroidY: 0.6452
