Location: Dedata_11.png_Mean-Closing.png
Component: component_1755521043909_230.png
centerX: 0.4645161290322581
centerY: 0.5443146195497293
width: 0.049193548387096775
height: 0.022798518096323737
Area: 0.00042011785362983665
CentroidX: 0.4872
CentroidY: 0.5581
