Location: Dedata_11.png_Mean-Closing.png
Component: component_1755521043923_268.png
centerX: 0.930241935483871
centerY: 0.6466229695069821
width: 0.05161290322580645
height: 0.01937874038187518
Area: 0.000389321468298109
CentroidX: 0.9554
CentroidY: 0.6581
