Location: internet_16.png_Otsu.png
Component: component_1755087209323_431.png
centerX: 0.1414752116082225
centerY: 0.5112631879098944
width: 0.049979846835953246
height: 0.02737382378100941
Area: 0.0005684490982335439
CentroidX: 0.1659
CentroidY: 0.5248
