Location: internet_16.png_Gaussian-Median.png
Component: component_1755087209852_99.png
centerX: 0.38814993954050786
centerY: 0.2244083262047334
width: 0.049576783555018135
height: 0.02594810379241517
Area: 0.0005604039229653781
CentroidX: 0.4121
CentroidY: 0.2377
