Location: internet_16.png_Gaussian-Closing.png
Component: component_1755087209468_230.png
centerX: 0.9496170898831117
centerY: 0.7122897063016823
width: 0.03788794840790004
height: 0.027944111776447105
Area: 0.0004979963490994633
CentroidX: 0.9693
CentroidY: 0.7259
