Location: internet_16.png_Mean-Medain.png
Component: component_1755087209732_111.png
centerX: 0.8903667875856509
centerY: 0.2951240376390077
width: 0.04836759371221282
height: 0.02566295979469632
Area: 0.0005929294172638198
CentroidX: 0.9147
CentroidY: 0.3091
