Location: Dedata_11.png_Mean-Medain.png
Component: component_1755521044786_157.png
centerX: 0.777016129032258
centerY: 0.3459675121117127
width: 0.0407258064516129
height: 0.018808777429467086
Area: 0.00031508839022237746
CentroidX: 0.7959
CentroidY: 0.3565
