Location: Dedata_11.png_Gaussian-Median.png
Component: component_1755521044413_145.png
centerX: 0.785483870967742
centerY: 0.30692504987175834
width: 0.049193548387096775
height: 0.019948703334283273
Area: 0.00036105314444883664
CentroidX: 0.8085
CentroidY: 0.3184
