Location: internet_16.png_Mean-Medain.png
Component: component_1755087209707_8.png
centerX: 0.5525997581620314
centerY: 0.007413743940690049
width: 0.044740024183796856
height: 0.02480752780153978
Area: 0.0003160604569636566
CentroidX: 0.5762
CentroidY: 0.0189
