Location: Dedata_11.png_Gaussian-Median.png
Component: component_1755521044452_255.png
centerX: 0.4314516129032258
centerY: 0.5870618409803363
width: 0.05524193548387097
height: 0.022228555143915644
Area: 0.00042368012208238723
CentroidX: 0.4569
CentroidY: 0.5999
