Location: Dedata_11.png_Mean-Medain.png
Component: component_1755521044744_58.png
centerX: 0.26411290322580644
centerY: 0.11142775719578227
width: 0.04435483870967742
height: 0.020233684810487318
Area: 0.0003585250829663814
CentroidX: 0.2849
CentroidY: 0.1228
