Location: internet_16.png_Mean-Medain.png
Component: component_1755087209717_51.png
centerX: 0.788391777509069
centerY: 0.11976047904191617
width: 0.03990326481257558
height: 0.023666951810664385
Area: 0.0004714472707145161
CentroidX: 0.8080
CentroidY: 0.1319
