Location: internet_16.png_Otsu.png
Component: component_1755087209299_294.png
centerX: 0.022168480451430876
centerY: 0.1420017108639863
width: 0.028214429665457477
height: 0.025092671799258625
Area: 0.00016320212686850633
CentroidX: 0.0363
CentroidY: 0.1546
