Location: Dedata_11.png_Gaussian-Closing.png
Component: component_1755521044202_134.png
centerX: 0.29435483870967744
centerY: 0.2878312909660872
width: 0.04435483870967742
height: 0.022798518096323737
Area: 0.0003463444230963697
CentroidX: 0.3169
CentroidY: 0.3007
