Location: Dedata_11.png_Mean-Medain.png
Component: component_1755521044743_54.png
centerX: 0.5971774193548387
centerY: 0.10943288686235395
width: 0.044758064516129036
height: 0.02108862923909946
Area: 0.0003402540931613639
CentroidX: 0.6175
CentroidY: 0.1212
