Location: Dedata_11.png_Mean-Medain.png
Component: component_1755521044722_9.png
centerX: 0.9467741935483871
centerY: 0.01054431461954973
width: 0.038306451612903226
height: 0.024223425477343973
Area: 0.00031520330210794365
CentroidX: 0.9651
CentroidY: 0.0240
