Location: Dedata_11.png_Gaussian-Median.png
Component: component_1755521044432_191.png
centerX: 0.7536290322580645
centerY: 0.42034767740096896
width: 0.05241935483870968
height: 0.022513536620119692
Area: 0.0004548212430708133
CentroidX: 0.7787
CentroidY: 0.4333
