Location: Dedata_11.png_Gaussian-Median.png
Component: component_1755521044374_46.png
centerX: 0.20362903225806453
centerY: 0.07950983186092904
width: 0.039112903225806454
height: 0.021373610715303505
Area: 0.00020178527105415566
CentroidX: 0.2255
CentroidY: 0.0920
