Location: internet_16.png_Gaussian-Closing.png
Component: component_1755087209488_243.png
centerX: 0.014510278113663845
centerY: 0.7507841459937268
width: 0.04232164449818621
height: 0.02480752780153978
Area: 0.0005032831785614008
CentroidX: 0.0347
CentroidY: 0.7643
