Location: Dedata_11.png_Mean-Closing.png
Component: component_1755521043853_93.png
centerX: 0.07056451612903226
centerY: 0.195212311199772
width: 0.04717741935483871
height: 0.02108862923909946
Area: 0.00037955395802498647
CentroidX: 0.0940
CentroidY: 0.2078
