Location: internet_16.png_Otsu.png
Component: component_1755087209331_467.png
centerX: 0.5348649738008867
centerY: 0.6295979469632165
width: 0.041112454655380895
height: 0.025377815796977475
Area: 0.00045225378114617775
CentroidX: 0.5549
CentroidY: 0.6433
