Location: internet_16.png_Otsu.png
Component: component_1755087209285_9.png
centerX: 0.29383313180169285
centerY: 0.00855431993156544
width: 0.04030632809351068
height: 0.027088679783290562
Area: 0.0003168649744904732
CentroidX: 0.3142
CentroidY: 0.0221
