Location: Dedata_11.png_Gaussian-Median.png
Component: component_1755521044451_251.png
centerX: 0.9495967741935484
centerY: 0.573382730122542
width: 0.046370967741935484
height: 0.023083499572527786
Area: 0.00040839684130208957
CentroidX: 0.9711
CentroidY: 0.5870
