Location: Dedata_11.png_Gaussian-Median.png
Component: component_1755521044406_109.png
centerX: 0.14153225806451614
centerY: 0.22542034767740096
width: 0.05161290322580645
height: 0.02080364776289541
Area: 0.0003533540481159047
CentroidX: 0.1671
CentroidY: 0.2374
