Location: internet_16.png_Mean-Medain.png
Component: component_1755087209718_57.png
centerX: 0.501813784764208
centerY: 0.12802965497576277
width: 0.044740024183796856
height: 0.026518391787852865
Area: 0.0005127075267326807
CentroidX: 0.5246
CentroidY: 0.1415
