Location: internet_16.png_Gaussian-Median.png
Component: component_1755087209900_235.png
centerX: 0.5364772269246272
centerY: 0.6783575705731394
width: 0.04232164449818621
height: 0.02737382378100941
Area: 0.0005524736787724718
CentroidX: 0.5570
CentroidY: 0.6925
