Location: internet_16.png_Gaussian-Closing.png
Component: component_1755087209434_184.png
centerX: 0.3825070536074164
centerY: 0.5471913316224694
width: 0.041515517936316
height: 0.031936127744510975
Area: 0.0005650011659757585
CentroidX: 0.4047
CentroidY: 0.5624
