Location: Dedata_11.png_Mean-Closing.png
Component: component_1755521043908_228.png
centerX: 0.6580645161290323
centerY: 0.5434596751211171
width: 0.05967741935483871
height: 0.020518666286691366
Area: 0.000467806286139788
CentroidX: 0.6866
CentroidY: 0.5551
