Location: internet_16.png_Mean-Medain.png
Component: component_1755087209761_242.png
centerX: 0.38694074969770254
centerY: 0.7365269461077845
width: 0.04514308746473196
height: 0.029369831765041345
Area: 0.0006025836275856187
CentroidX: 0.4099
CentroidY: 0.7507
