Location: internet_16.png_Mean-Medain.png
Component: component_1755087209737_139.png
centerX: 0.7980652962515115
centerY: 0.39520958083832336
width: 0.03829101168883515
height: 0.028229255774165955
Area: 0.0005370729146876972
CentroidX: 0.8191
CentroidY: 0.4086
