Location: Dedata_11.png_Gaussian-Median.png
Component: component_1755521044525_303.png
centerX: 0.07379032258064516
centerY: 0.7090339127956683
width: 0.053629032258064514
height: 0.021373610715303505
Area: 0.00041126963844124325
CentroidX: 0.0991
CentroidY: 0.7222
