Location: Dedata_11.png_Mean-Medain.png
Component: component_1755521044789_168.png
centerX: 0.8830645161290323
centerY: 0.37902536335138215
width: 0.05120967741935484
height: 0.023083499572527786
Area: 0.0004189687347741752
CentroidX: 0.9078
CentroidY: 0.3935
