Location: Dedata_11.png_Gaussian-Median.png
Component: component_1755521044360_23.png
centerX: 0.1407258064516129
centerY: 0.04673696209746366
width: 0.04516129032258064
height: 0.022798518096323737
Area: 0.000290612158596788
CentroidX: 0.1638
CentroidY: 0.0606
