Location: Dedata_11.png_Gaussian-Closing.png
Component: component_1755521044230_205.png
centerX: 0.4342741935483871
centerY: 0.4699344542604731
width: 0.04233870967741935
height: 0.022798518096323737
Area: 0.0003936881199496226
CentroidX: 0.4542
CentroidY: 0.4832
