Location: Dedata_11.png_Gaussian-Closing.png
Component: component_1755521044190_92.png
centerX: 0.20443548387096774
centerY: 0.19093758905671132
width: 0.04758064516129032
height: 0.02336848104873183
Area: 0.00037518730637347284
CentroidX: 0.2274
CentroidY: 0.2046
