Location: internet_16.png_Mean-Medain.png
Component: component_1755087209706_5.png
centerX: 0.6295848448206368
centerY: 0.00570287995437696
width: 0.037484885126964934
height: 0.023952095808383235
Area: 0.00031215280040483323
CentroidX: 0.6490
CentroidY: 0.0174
