Location: internet_16.png_Mean-Medain.png
Component: component_1755087209763_254.png
centerX: 0.4619105199516324
centerY: 0.7792985457656116
width: 0.049979846835953246
height: 0.025377815796977475
Area: 0.0005378774322145138
CentroidX: 0.4851
CentroidY: 0.7929
