Location: internet_16.png_Gaussian-Median.png
Component: component_1755087209867_153.png
centerX: 0.22208786779524387
centerY: 0.4174508126603935
width: 0.04514308746473196
height: 0.02765896777872826
Area: 0.0005264992557638222
CentroidX: 0.2467
CentroidY: 0.4314
