Location: Dedata_11.png_Gaussian-Median.png
Component: component_1755521044422_174.png
centerX: 0.8830645161290323
centerY: 0.37902536335138215
width: 0.05120967741935484
height: 0.023083499572527786
Area: 0.0004028810707949145
CentroidX: 0.9077
CentroidY: 0.3934
