Location: Dedata_11.png_Gaussian-Median.png
Component: component_1755521044363_26.png
centerX: 0.07379032258064516
centerY: 0.048446850954687946
width: 0.04112903225806452
height: 0.022798518096323737
Area: 0.0002771674679855487
CentroidX: 0.0950
CentroidY: 0.0609
