Location: internet_16.png_Gaussian-Median.png
Component: component_1755087209843_57.png
centerX: 0.8540910923014914
centerY: 0.1223267750213858
width: 0.04675534058847239
height: 0.023666951810664385
Area: 0.0004961574518953111
CentroidX: 0.8767
CentroidY: 0.1349
