Location: Dedata_11.png_Gaussian-Median.png
Component: component_1755521044455_258.png
centerX: 0.22056451612903225
centerY: 0.5933314334568253
width: 0.05
height: 0.02536335138216016
Area: 0.0004298853639029592
CentroidX: 0.2434
CentroidY: 0.6079
