Location: Dedata_11.png_Gaussian-Closing.png
Component: component_1755521044189_91.png
centerX: 0.2721774193548387
centerY: 0.18723282986605871
width: 0.04395161290322581
height: 0.022798518096323737
Area: 0.0003582952591952491
CentroidX: 0.2945
CentroidY: 0.1998
