Location: internet_16.png_Otsu.png
Component: component_1755087209306_355.png
centerX: 0.607416364369206
centerY: 0.258910749928714
width: 0.046352277307537285
height: 0.029369831765041345
Area: 0.0005609785783416756
CentroidX: 0.6310
CentroidY: 0.2739
