Location: internet_16.png_Gaussian-Closing.png
Component: component_1755087209418_111.png
centerX: 0.667875856509472
centerY: 0.3031080695751354
width: 0.0471584038694075
height: 0.026518391787852865
Area: 0.0005786779639316403
CentroidX: 0.6915
CentroidY: 0.3161
