Location: internet_16.png_Gaussian-Closing.png
Component: component_1755087209438_205.png
centerX: 0.8274889157597742
centerY: 0.6187624750499002
width: 0.04675534058847239
height: 0.027944111776447105
Area: 0.0005976415913494597
CentroidX: 0.8493
CentroidY: 0.6337
