Location: internet_16.png_Gaussian-Closing.png
Component: component_1755087209487_242.png
centerX: 0.08504635227730754
centerY: 0.7493584260051326
width: 0.04353083434099154
height: 0.02765896777872826
Area: 0.0005354638796340641
CentroidX: 0.1064
CentroidY: 0.7630
