Location: internet_16.png_Otsu.png
Component: component_1755087209330_465.png
centerX: 0.6743248690044337
centerY: 0.6253207869974337
width: 0.04030632809351068
height: 0.02737382378100941
Area: 0.0005009845570562106
CentroidX: 0.6955
CentroidY: 0.6389
