Location: Dedata_11.png_Mean-Medain.png
Component: component_1755521044813_233.png
centerX: 0.5294354838709677
centerY: 0.5448845825021373
width: 0.041935483870967745
height: 0.018808777429467086
Area: 0.00035749087599628606
CentroidX: 0.5489
CentroidY: 0.5554
