Location: internet_16.png_Gaussian-Median.png
Component: component_1755087209890_201.png
centerX: 0.009270455461507456
centerY: 0.5631593954947248
width: 0.04917372027408303
height: 0.028514399771884802
Area: 0.0005874127256513633
CentroidX: 0.0312
CentroidY: 0.5785
