Location: internet_16.png_Otsu.png
Component: component_1755087209313_385.png
centerX: 0.2958484482063684
centerY: 0.3644140290846878
width: 0.0471584038694075
height: 0.028229255774165955
Area: 0.0005530483341487693
CentroidX: 0.3215
CentroidY: 0.3783
