Location: Dedata_11.png_Mean-Medain.png
Component: component_1755521044790_174.png
centerX: 0.5491935483870968
centerY: 0.3884297520661157
width: 0.04717741935483871
height: 0.023083499572527786
Area: 0.0004029959826804806
CentroidX: 0.5728
CentroidY: 0.4016
