Location: Dedata_11.png_Gaussian-Closing.png
Component: component_1755521044196_116.png
centerX: 0.5028225806451613
centerY: 0.25391849529780564
width: 0.04838709677419355
height: 0.021658592191507554
Area: 0.00032887781649031523
CentroidX: 0.5267
CentroidY: 0.2659
