Location: internet_16.png_Mean-Medain.png
Component: component_1755087209759_233.png
centerX: 0.016928657799274487
centerY: 0.7008839463929284
width: 0.051592099959693674
height: 0.02879954376960365
Area: 0.0006786679994074154
CentroidX: 0.0426
CentroidY: 0.7160
