Location: Dedata_11.png_Gaussian-Median.png
Component: component_1755521044419_161.png
centerX: 0.8310483870967742
centerY: 0.3445426047306925
width: 0.04758064516129032
height: 0.017098888572242805
Area: 0.00031187085742652535
CentroidX: 0.8539
CentroidY: 0.3546
