Location: Dedata_11.png_Mean-Medain.png
Component: component_1755521044764_103.png
centerX: 0.3536290322580645
centerY: 0.2208606440581362
width: 0.0407258064516129
height: 0.0219435736677116
Area: 0.0003463444230963697
CentroidX: 0.3740
CentroidY: 0.2331
