Location: Dedata_11.png_Mean-Medain.png
Component: component_1755521044775_130.png
centerX: 0.5129032258064516
centerY: 0.2818466799658022
width: 0.05403225806451613
height: 0.020233684810487318
Area: 0.0003494470440066557
CentroidX: 0.5382
CentroidY: 0.2934
