Location: internet_16.png_Otsu.png
Component: component_1755087209320_415.png
centerX: 0.36638452237001207
centerY: 0.46250356429997147
width: 0.041112454655380895
height: 0.02594810379241517
Area: 0.0005021338678088057
CentroidX: 0.3872
CentroidY: 0.4749
