Location: internet_16.png_Otsu.png
Component: component_1755087209294_161.png
centerX: 0.445384925433293
centerY: 0.08753920729968634
width: 0.04232164449818621
height: 0.029654975762760195
Area: 0.00021549576611158404
CentroidX: 0.4695
CentroidY: 0.1030
