Location: internet_16.png_Otsu.png
Component: component_1755087209313_384.png
centerX: 0.4433696090286175
centerY: 0.3598517251211862
width: 0.04312777106005643
height: 0.028229255774165955
Area: 0.0005553469556539596
CentroidX: 0.4654
CentroidY: 0.3733
