Location: internet_16.png_Gaussian-Closing.png
Component: component_1755087209440_211.png
centerX: 0.3841193067311568
centerY: 0.6355859709153122
width: 0.04232164449818621
height: 0.023381807812945538
Area: 0.0004569659552318177
CentroidX: 0.4043
CentroidY: 0.6476
