Location: internet_16.png_Otsu.png
Component: component_1755087209285_13.png
centerX: 0.07577589681580008
centerY: 0.012546335899629312
width: 0.04030632809351068
height: 0.025377815796977475
Area: 0.00028261551406313874
CentroidX: 0.0976
CentroidY: 0.0252
