Location: Dedata_11.png_Gaussian-Median.png
Component: component_1755521044371_40.png
centerX: 0.5887096774193549
centerY: 0.07722998005129666
width: 0.037096774193548385
height: 0.019948703334283273
Area: 0.00032106380827181716
CentroidX: 0.6067
CentroidY: 0.0888
