Location: Dedata_11.png_Mean-Medain.png
Component: component_1755521044798_198.png
centerX: 0.8806451612903226
centerY: 0.45511541749786266
width: 0.046370967741935484
height: 0.0219435736677116
Area: 0.00044447917336986
CentroidX: 0.9042
CentroidY: 0.4674
