Location: Dedata_11.png_Gaussian-Closing.png
Component: component_1755521043998_15.png
centerX: 0.5528225806451613
centerY: 0.012539184952978056
width: 0.043548387096774194
height: 0.02108862923909946
Area: 0.0002760183491298872
CentroidX: 0.5748
CentroidY: 0.0252
