Location: Dedata_11.png_Gaussian-Closing.png
Component: component_1755521044191_97.png
centerX: 0.8298387096774194
centerY: 0.2103163294385865
width: 0.05241935483870968
height: 0.02108862923909946
Area: 0.00035289440057364015
CentroidX: 0.8566
CentroidY: 0.2225
