Location: Dedata_11.png_Mean-Medain.png
Component: component_1755521044747_67.png
centerX: 0.5177419354838709
centerY: 0.1396409233399829
width: 0.04596774193548387
height: 0.020518666286691366
Area: 0.0003611680563344028
CentroidX: 0.5407
CentroidY: 0.1522
