Location: internet_16.png_Mean-Medain.png
Component: component_1755087209765_263.png
centerX: 0.762192664248287
centerY: 0.8166524094667807
width: 0.054816606207174524
height: 0.025377815796977475
Area: 0.0005735060655449624
CentroidX: 0.7897
CentroidY: 0.8299
