Location: Dedata_11.png_Gaussian-Closing.png
Component: component_1755521044200_128.png
centerX: 0.5875
centerY: 0.2798518096323739
width: 0.05120967741935484
height: 0.01909375890567113
Area: 0.0003168120685058697
CentroidX: 0.6124
CentroidY: 0.2916
