Location: Dedata_11.png_Mean-Closing.png
Component: component_1755521043847_81.png
centerX: 0.8806451612903226
centerY: 0.17326873753206043
width: 0.04879032258064516
height: 0.021658592191507554
Area: 0.0003674882100405409
CentroidX: 0.9050
CentroidY: 0.1861
