Location: internet_16.png_Gaussian-Median.png
Component: component_1755087209905_257.png
centerX: 0.894397420395002
centerY: 0.7630453378956373
width: 0.04554615074566707
height: 0.026803535785571715
Area: 0.0005220169438287012
CentroidX: 0.9173
CentroidY: 0.7769
