Location: Dedata_11.png_Mean-Closing.png
Component: component_1755521043917_248.png
centerX: 0.28669354838709676
centerY: 0.591621544599601
width: 0.05766129032258065
height: 0.020518666286691366
Area: 0.0004419511118874047
CentroidX: 0.3137
CentroidY: 0.6046
