Location: internet_16.png_Otsu.png
Component: component_1755087209295_173.png
centerX: 0.3651753325272068
centerY: 0.09096093527231251
width: 0.039500201531640466
height: 0.02480752780153978
Area: 0.00019055572278027006
CentroidX: 0.3852
CentroidY: 0.1026
