Location: internet_16.png_Otsu.png
Component: component_1755087209338_503.png
centerX: 0.7521160822249093
centerY: 0.7656116338751069
width: 0.0475614671503426
height: 0.02737382378100941
Area: 0.0005054668689913316
CentroidX: 0.7748
CentroidY: 0.7805
