Location: internet_16.png_Gaussian-Closing.png
Component: component_1755087209489_245.png
centerX: 0.7517130189439742
centerY: 0.7656116338751069
width: 0.04796453043127771
height: 0.02737382378100941
Area: 0.000535004155333026
CentroidX: 0.7749
CentroidY: 0.7804
