Location: Dedata_11.png_Mean-Closing.png
Component: component_1755521043857_105.png
centerX: 0.2125
centerY: 0.22399544029638074
width: 0.04879032258064516
height: 0.022513536620119692
Area: 0.00037817501539819267
CentroidX: 0.2367
CentroidY: 0.2371
