Location: internet_16.png_Mean-Medain.png
Component: component_1755087209728_91.png
centerX: 0.46473196291817814
centerY: 0.22070145423438836
width: 0.051189036678758564
height: 0.025092671799258625
Area: 0.0005721268926418482
CentroidX: 0.4902
CentroidY: 0.2334
