Location: Dedata_11.png_Gaussian-Median.png
Component: component_1755521044397_84.png
centerX: 0.8806451612903226
centerY: 0.17298375605585636
width: 0.04879032258064516
height: 0.0219435736677116
Area: 0.0003494470440066557
CentroidX: 0.9050
CentroidY: 0.1861
