Location: internet_16.png_Otsu.png
Component: component_1755087209328_456.png
centerX: 0.373639661426844
centerY: 0.5930995152552039
width: 0.04877065699314793
height: 0.023096663815226688
Area: 0.00045098953931832313
CentroidX: 0.3988
CentroidY: 0.6057
