Location: Dedata_11.png_Mean-Medain.png
Component: component_1755521044791_177.png
centerX: 0.2770161290322581
centerY: 0.3969791963522371
width: 0.05604838709677419
height: 0.020233684810487318
Area: 0.00041483190689379384
CentroidX: 0.3038
CentroidY: 0.4088
