Location: internet_16.png_Gaussian-Median.png
Component: component_1755087209868_159.png
centerX: 0.7964530431277711
centerY: 0.4368406045052752
width: 0.05038291011688835
height: 0.02879954376960365
Area: 0.0005917801065112247
CentroidX: 0.8225
CentroidY: 0.4515
