Location: Dedata_11.png_Mean-Closing.png
Component: component_1755521043849_86.png
centerX: 0.5447580645161291
centerY: 0.18010829296095754
width: 0.0467741935483871
height: 0.022798518096323737
Area: 0.00036852241701063623
CentroidX: 0.5675
CentroidY: 0.1933
