Location: Dedata_11.png_Gaussian-Median.png
Component: component_1755521044411_135.png
centerX: 0.6641129032258064
centerY: 0.28127671701339413
width: 0.05241935483870968
height: 0.018808777429467086
Area: 0.0003183059230182296
CentroidX: 0.6884
CentroidY: 0.2924
