Location: Dedata_11.png_Mean-Closing.png
Component: component_1755521043849_85.png
centerX: 0.6798387096774193
centerY: 0.1786833855799373
width: 0.04395161290322581
height: 0.020518666286691366
Area: 0.00034358653784278214
CentroidX: 0.7022
CentroidY: 0.1910
