Location: Dedata_11.png_Gaussian-Median.png
Component: component_1755521044413_142.png
centerX: 0.08346774193548387
centerY: 0.29980051296665716
width: 0.05040322580645161
height: 0.01909375890567113
Area: 0.00031577786153577436
CentroidX: 0.1083
CentroidY: 0.3113
