Location: Dedata_11.png_Gaussian-Median.png
Component: component_1755521044430_183.png
centerX: 0.2770161290322581
centerY: 0.3969791963522371
width: 0.05604838709677419
height: 0.020233684810487318
Area: 0.0003857591998455584
CentroidX: 0.3036
CentroidY: 0.4086
