Location: internet_16.png_Mean-Medain.png
Component: component_1755087209733_117.png
centerX: 0.43933897621926643
centerY: 0.30966638152266895
width: 0.04917372027408303
height: 0.028229255774165955
Area: 0.0005952280387690101
CentroidX: 0.4642
CentroidY: 0.3237
