Location: Dedata_11.png_Mean-Closing.png
Component: component_1755521043865_127.png
centerX: 0.7411290322580645
centerY: 0.2801367911085779
width: 0.055645161290322584
height: 0.0176688515246509
Area: 0.000345769863668539
CentroidX: 0.7674
CentroidY: 0.2897
