Location: internet_16.png_Mean-Medain.png
Component: component_1755087209717_52.png
centerX: 0.9234179766223297
centerY: 0.12147134302822926
width: 0.04433696090286175
height: 0.02594810379241517
Area: 0.0005259246003875246
CentroidX: 0.9453
CentroidY: 0.1358
