Location: internet_16.png_Mean-Medain.png
Component: component_1755087209708_13.png
centerX: 0.07577589681580008
centerY: 0.012261191901910464
width: 0.04070939137444579
height: 0.02566295979469632
Area: 0.00032812821986590533
CentroidX: 0.0976
CentroidY: 0.0251
