Location: internet_16.png_Gaussian-Median.png
Component: component_1755087209848_83.png
centerX: 0.547359935509875
centerY: 0.17336755061305958
width: 0.046352277307537285
height: 0.029369831765041345
Area: 0.0005578754393096688
CentroidX: 0.5709
CentroidY: 0.1874
