Location: Dedata_11.png_Mean-Closing.png
Component: component_1755521043927_289.png
centerX: 0.425
centerY: 0.6979196352237105
width: 0.06129032258064516
height: 0.022228555143915644
Area: 0.000490329015710753
CentroidX: 0.4541
CentroidY: 0.7110
