Location: Dedata_11.png_Gaussian-Median.png
Component: component_1755521044469_273.png
centerX: 0.2068548387096774
centerY: 0.6300940438871473
width: 0.04959677419354839
height: 0.02080364776289541
Area: 0.00036070840879213816
CentroidX: 0.2322
CentroidY: 0.6419
