Location: Dedata_11.png_Gaussian-Closing.png
Component: component_1755521044226_188.png
centerX: 0.6189516129032258
centerY: 0.4280421772584782
width: 0.0467741935483871
height: 0.019948703334283273
Area: 0.00041609593763502144
CentroidX: 0.6413
CentroidY: 0.4394
