Location: internet_16.png_Mean-Medain.png
Component: component_1755087209751_195.png
centerX: 0.8843208383716243
centerY: 0.5654405474764757
width: 0.03788794840790004
height: 0.03051040775591674
Area: 0.0005370729146876972
CentroidX: 0.9055
CentroidY: 0.5810
