Location: internet_16.png_Otsu.png
Component: component_1755087209341_516.png
centerX: 0.8399838774687626
centerY: 0.812375249500998
width: 0.04433696090286175
height: 0.02623324779013402
Area: 0.0005045474203892555
CentroidX: 0.8619
CentroidY: 0.8267
