Location: Dedata_11.png_Gaussian-Median.png
Component: component_1755521044515_299.png
centerX: 0.2862903225806452
centerY: 0.7001994870333428
width: 0.04838709677419355
height: 0.023083499572527786
Area: 0.00039644600520321016
CentroidX: 0.3102
CentroidY: 0.7147
