Location: internet_16.png_Gaussian-Median.png
Component: component_1755087209909_275.png
centerX: 0.6174929463925837
centerY: 0.8206444254348446
width: 0.04877065699314793
height: 0.026803535785571715
Area: 0.0005158106657646876
CentroidX: 0.6413
CentroidY: 0.8357
