Location: Dedata_11.png_Mean-Medain.png
Component: component_1755521044776_132.png
centerX: 0.36451612903225805
centerY: 0.28754630948988313
width: 0.04516129032258064
height: 0.021373610715303505
Area: 0.00036369611781685804
CentroidX: 0.3880
CentroidY: 0.2994
