Location: Dedata_11.png_Gaussian-Closing.png
Component: component_1755521044037_42.png
centerX: 0.6508064516129032
centerY: 0.07836990595611286
width: 0.0407258064516129
height: 0.019663721858079224
Area: 0.00032002960130172184
CentroidX: 0.6711
CentroidY: 0.0896
