Location: internet_16.png_Mean-Medain.png
Component: component_1755087209751_194.png
centerX: 0.9427650141072148
centerY: 0.564585115483319
width: 0.041112454655380895
height: 0.023666951810664385
Area: 0.0004512194014688421
CentroidX: 0.9647
CentroidY: 0.5772
