Location: Dedata_11.png_Mean-Closing.png
Component: component_1755521043924_275.png
centerX: 0.4229838709677419
centerY: 0.6597321174123681
width: 0.06048387096774194
height: 0.021658592191507554
Area: 0.0004761948537861168
CentroidX: 0.4513
CentroidY: 0.6727
