Location: Dedata_11.png_Gaussian-Median.png
Component: component_1755521044359_20.png
centerX: 0.3379032258064516
centerY: 0.0438871473354232
width: 0.03588709677419355
height: 0.021658592191507554
Area: 0.0002457965232259903
CentroidX: 0.3561
CentroidY: 0.0570
