Location: Dedata_11.png_Gaussian-Closing.png
Component: component_1755521044237_214.png
centerX: 0.7705645161290322
centerY: 0.5027073240239385
width: 0.05161290322580645
height: 0.022228555143915644
Area: 0.0004209222368287997
CentroidX: 0.7942
CentroidY: 0.5157
