Location: internet_16.png_Otsu.png
Component: component_1755087209321_419.png
centerX: 0.9435711406690851
centerY: 0.47818648417450815
width: 0.04433696090286175
height: 0.02737382378100941
Area: 0.0005385670186660709
CentroidX: 0.9662
CentroidY: 0.4928
