Location: Dedata_11.png_Gaussian-Median.png
Component: component_1755521044420_167.png
centerX: 0.4245967741935484
centerY: 0.3550869193502422
width: 0.05040322580645161
height: 0.021373610715303505
Area: 0.00038461008098989694
CentroidX: 0.4482
CentroidY: 0.3675
