Location: internet_16.png_Gaussian-Median.png
Component: component_1755087209892_206.png
centerX: 0.6723095525997581
centerY: 0.5745651554034787
width: 0.04675534058847239
height: 0.02623324779013402
Area: 0.0005055818000665911
CentroidX: 0.6956
CentroidY: 0.5889
