Location: internet_16.png_Mean-Medain.png
Component: component_1755087209726_85.png
centerX: 0.8964127367996776
centerY: 0.2041631023666952
width: 0.046352277307537285
height: 0.02765896777872826
Area: 0.0005872977945761038
CentroidX: 0.9201
CentroidY: 0.2184
