Location: Dedata_11.png_Gaussian-Closing.png
Component: component_1755521044268_271.png
centerX: 0.8653225806451613
centerY: 0.6471929324593901
width: 0.05040322580645161
height: 0.02080364776289541
Area: 0.0003931135605217919
CentroidX: 0.8881
CentroidY: 0.6597
