Location: internet_16.png_Gaussian-Closing.png
Component: component_1755087209428_157.png
centerX: 0.365981459089077
centerY: 0.46221842030225263
width: 0.04191858121725111
height: 0.02623324779013402
Area: 0.0005281082908174553
CentroidX: 0.3872
CentroidY: 0.4749
