Location: internet_16.png_Otsu.png
Component: component_1755087209326_445.png
centerX: 0.14268440145102781
centerY: 0.5588822355289421
width: 0.053607416364369206
height: 0.02623324779013402
Area: 0.0005530483341487693
CentroidX: 0.1678
CentroidY: 0.5727
