Location: Dedata_11.png_Mean-Closing.png
Component: component_1755521043858_108.png
centerX: 0.004435483870967742
centerY: 0.22713023653462525
width: 0.046370967741935484
height: 0.021658592191507554
Area: 0.00035346896000147085
CentroidX: 0.0275
CentroidY: 0.2402
