Location: Dedata_11.png_Mean-Medain.png
Component: component_1755521044787_159.png
centerX: 0.49032258064516127
centerY: 0.35024223425477347
width: 0.0532258064516129
height: 0.022798518096323737
Area: 0.0004317239540720176
CentroidX: 0.5154
CentroidY: 0.3636
