Location: Dedata_11.png_Mean-Closing.png
Component: component_1755521043916_244.png
centerX: 0.589516129032258
centerY: 0.5785123966942148
width: 0.05967741935483871
height: 0.023083499572527786
Area: 0.0005456016326680701
CentroidX: 0.6165
CentroidY: 0.5924
