Location: Dedata_11.png_Gaussian-Closing.png
Component: component_1755521044173_74.png
centerX: 0.2608870967741935
centerY: 0.14705044172128812
width: 0.05120967741935484
height: 0.02108862923909946
Area: 0.00043953796229051565
CentroidX: 0.2867
CentroidY: 0.1576
