Location: Dedata_11.png_Gaussian-Median.png
Component: component_1755521044399_94.png
centerX: 0.20443548387096774
centerY: 0.19093758905671132
width: 0.04798387096774193
height: 0.02336848104873183
Area: 0.000375302218259039
CentroidX: 0.2274
CentroidY: 0.2046
