Location: Dedata_11.png_Mean-Closing.png
Component: component_1755521043914_239.png
centerX: 0.8870967741935484
centerY: 0.5722428042177259
width: 0.04435483870967742
height: 0.024223425477343973
Area: 0.0004055240441629359
CentroidX: 0.9072
CentroidY: 0.5866
