Location: Dedata_11.png_Gaussian-Closing.png
Component: component_1755521044225_185.png
centerX: 0.7536290322580645
centerY: 0.42034767740096896
width: 0.05241935483870968
height: 0.022513536620119692
Area: 0.0004550510668419456
CentroidX: 0.7787
CentroidY: 0.4333
