Location: Dedata_11.png_Mean-Closing.png
Component: component_1755521043876_146.png
centerX: 0.29758064516129035
centerY: 0.3214591051581647
width: 0.05161290322580645
height: 0.022513536620119692
Area: 0.00041655558517728606
CentroidX: 0.3213
CentroidY: 0.3348
