Location: Dedata_11.png_Gaussian-Closing.png
Component: component_1755521044201_132.png
centerX: 0.4411290322580645
centerY: 0.28612140210886294
width: 0.04959677419354839
height: 0.018523795953263037
Area: 0.00030899806028737166
CentroidX: 0.4645
CentroidY: 0.2966
