Location: Dedata_11.png_Mean-Closing.png
Component: component_1755521043912_234.png
centerX: 0.3463709677419355
centerY: 0.5531490453120547
width: 0.0375
height: 0.019948703334283273
Area: 0.0003530093124592063
CentroidX: 0.3636
CentroidY: 0.5645
