Location: internet_16.png_Mean-Medain.png
Component: component_1755087209756_218.png
centerX: 0.17372027408303103
centerY: 0.6478471628172227
width: 0.042724707779121324
height: 0.027088679783290562
Area: 0.0005891366917802559
CentroidX: 0.1956
CentroidY: 0.6617
