Location: Dedata_11.png_Gaussian-Median.png
Component: component_1755521044516_300.png
centerX: 0.34919354838709676
centerY: 0.6999145055571387
width: 0.05846774193548387
height: 0.022798518096323737
Area: 0.00044838617747910905
CentroidX: 0.3774
CentroidY: 0.7127
