Location: internet_16.png_Otsu.png
Component: component_1755087209316_396.png
centerX: 0.588472390165256
centerY: 0.40547476475620187
width: 0.045949214026602174
height: 0.02765896777872826
Area: 0.0005366131903866591
CentroidX: 0.6126
CentroidY: 0.4183
