Location: Dedata_11.png_Mean-Medain.png
Component: component_1755521044804_209.png
centerX: 0.2939516129032258
centerY: 0.47648902821316613
width: 0.05
height: 0.020518666286691366
Area: 0.0004861921878303717
CentroidX: 0.3174
CentroidY: 0.4880
