Location: Dedata_11.png_Gaussian-Median.png
Component: component_1755521044461_264.png
centerX: 0.7919354838709678
centerY: 0.60986035907666
width: 0.04959677419354839
height: 0.022228555143915644
Area: 0.00040265124702378214
CentroidX: 0.8159
CentroidY: 0.6224
