Location: Dedata_11.png_Mean-Medain.png
Component: component_1755521044735_36.png
centerX: 0.4536290322580645
centerY: 0.07580507267027643
width: 0.04516129032258064
height: 0.018808777429467086
Area: 0.0003602487612498736
CentroidX: 0.4752
CentroidY: 0.0869
