Location: internet_16.png_Otsu.png
Component: component_1755087209317_401.png
centerX: 0.2950423216444982
centerY: 0.4185913886512689
width: 0.044740024183796856
height: 0.02566295979469632
Area: 0.00047455040974652297
CentroidX: 0.3182
CentroidY: 0.4317
