Location: internet_16.png_Otsu.png
Component: component_1755087209293_155.png
centerX: 0.5191455058444175
centerY: 0.08383233532934131
width: 0.04353083434099154
height: 0.0213857998289136
Area: 0.00019986513987629048
CentroidX: 0.5427
CentroidY: 0.0951
