Location: internet_16.png_Mean-Medain.png
Component: component_1755087209766_267.png
centerX: 0.46473196291817814
centerY: 0.8289136013686912
width: 0.05280128980249899
height: 0.027088679783290562
Area: 0.0005661504767283536
CentroidX: 0.4907
CentroidY: 0.8430
