Location: Dedata_11.png_Mean-Closing.png
Component: component_1755521043823_4.png
centerX: 0.7439516129032258
centerY: 0.007979481333713309
width: 0.04596774193548387
height: 0.023083499572527786
Area: 0.0003119857693120915
CentroidX: 0.7677
CentroidY: 0.0215
