Location: internet_16.png_Otsu.png
Component: component_1755087209296_273.png
centerX: 0.9234179766223297
centerY: 0.1217564870259481
width: 0.04393389762192664
height: 0.02566295979469632
Area: 0.0004819059985631317
CentroidX: 0.9452
CentroidY: 0.1358
