Location: internet_16.png_Otsu.png
Component: component_1755087209338_501.png
centerX: 0.014510278113663845
centerY: 0.7507841459937268
width: 0.04232164449818621
height: 0.02480752780153978
Area: 0.0004765042380259347
CentroidX: 0.0346
CentroidY: 0.7644
