Location: Dedata_11.png_Gaussian-Closing.png
Component: component_1755521044191_96.png
centerX: 0.8995967741935483
centerY: 0.21003134796238246
width: 0.06129032258064516
height: 0.021658592191507554
Area: 0.0003732338043188483
CentroidX: 0.9274
CentroidY: 0.2226
