Location: Dedata_11.png_Mean-Closing.png
Component: component_1755521043927_288.png
centerX: 0.5012096774193548
centerY: 0.6962097463664861
width: 0.05524193548387097
height: 0.021373610715303505
Area: 0.00044965020822033665
CentroidX: 0.5281
CentroidY: 0.7087
