Location: Dedata_11.png_Gaussian-Median.png
Component: component_1755521044452_254.png
centerX: 0.5116935483870968
centerY: 0.5833570817896837
width: 0.05443548387096774
height: 0.0219435736677116
Area: 0.0004267827429926732
CentroidX: 0.5368
CentroidY: 0.5961
