Location: internet_16.png_Gaussian-Closing.png
Component: component_1755087209435_189.png
centerX: 0.009270455461507456
centerY: 0.5631593954947248
width: 0.04877065699314793
height: 0.028229255774165955
Area: 0.0005856887595224705
CentroidX: 0.0312
CentroidY: 0.5785
