Location: Dedata_11.png_Mean-Medain.png
Component: component_1755521044731_27.png
centerX: 0.8661290322580645
centerY: 0.04930179538330009
width: 0.034274193548387094
height: 0.017953833000854943
Area: 0.0001838590169058366
CentroidX: 0.8803
CentroidY: 0.0603
