Location: Dedata_11.png_Gaussian-Closing.png
Component: component_1755521044028_33.png
centerX: 0.32903225806451614
centerY: 0.07523510971786834
width: 0.03346774193548387
height: 0.02080364776289541
Area: 0.0003075042057750117
CentroidX: 0.3474
CentroidY: 0.0871
