Location: Dedata_11.png_Gaussian-Closing.png
Component: component_1755521044215_158.png
centerX: 0.7766129032258065
centerY: 0.3459675121117127
width: 0.04112903225806452
height: 0.018808777429467086
Area: 0.00029440425082047085
CentroidX: 0.7959
CentroidY: 0.3564
