Location: Dedata_11.png_Gaussian-Closing.png
Component: component_1755521044011_17.png
centerX: 0.4899193548387097
centerY: 0.013394129381590196
width: 0.04153225806451613
height: 0.019948703334283273
Area: 0.0002702727548515798
CentroidX: 0.5106
CentroidY: 0.0250
