Location: internet_16.png_Mean-Medain.png
Component: component_1755087209717_48.png
centerX: 0.07416364369205965
centerY: 0.0949529512403764
width: 0.039500201531640466
height: 0.02566295979469632
Area: 0.0003019239347067367
CentroidX: 0.0952
CentroidY: 0.1070
