Location: internet_16.png_Otsu.png
Component: component_1755087209340_510.png
centerX: 0.31237404272470776
centerY: 0.7869974337040205
width: 0.049576783555018135
height: 0.023381807812945538
Area: 0.0005139717685605354
CentroidX: 0.3350
CentroidY: 0.7999
