Location: Dedata_11.png_Gaussian-Median.png
Component: component_1755521044425_178.png
centerX: 0.7540322580645161
centerY: 0.3850099743516671
width: 0.04798387096774193
height: 0.020233684810487318
Area: 0.000386218847387823
CentroidX: 0.7772
CentroidY: 0.3966
