Location: internet_16.png_Otsu.png
Component: component_1755087209311_374.png
centerX: 0.2910116888351471
centerY: 0.31822070145423437
width: 0.04877065699314793
height: 0.026803535785571715
Area: 0.0005445434345795655
CentroidX: 0.3161
CentroidY: 0.3317
