Location: internet_16.png_Otsu.png
Component: component_1755087209299_288.png
centerX: 0.08141878274889158
centerY: 0.13972055888223553
width: 0.04353083434099154
height: 0.025092671799258625
Area: 0.00021055372987542506
CentroidX: 0.1040
CentroidY: 0.1513
