Location: Dedata_11.png_Mean-Closing.png
Component: component_1755521043884_169.png
centerX: 0.6846774193548387
centerY: 0.38444001139925904
width: 0.04879032258064516
height: 0.020518666286691366
Area: 0.0003970205646310409
CentroidX: 0.7083
CentroidY: 0.3959
