Location: internet_16.png_Gaussian-Median.png
Component: component_1755087209853_101.png
centerX: 0.008061265618702136
centerY: 0.22954091816367264
width: 0.04675534058847239
height: 0.02594810379241517
Area: 0.0005463823317837177
CentroidX: 0.0308
CentroidY: 0.2433
