Location: internet_16.png_Gaussian-Median.png
Component: component_1755087209870_164.png
centerX: 0.5880693268843208
centerY: 0.4513829483889364
width: 0.04836759371221282
height: 0.0290846877673225
Area: 0.0005917801065112247
CentroidX: 0.6116
CentroidY: 0.4661
