Location: Dedata_11.png_Gaussian-Closing.png
Component: component_1755521044192_101.png
centerX: 0.5512096774193549
centerY: 0.21687090339127957
width: 0.04153225806451613
height: 0.020233684810487318
Area: 0.0003307164066593736
CentroidX: 0.5722
CentroidY: 0.2280
