Location: Dedata_11.png_Gaussian-Closing.png
Component: component_1755521044030_37.png
centerX: 0.9048387096774193
centerY: 0.07666001709888857
width: 0.044758064516129036
height: 0.02080364776289541
Area: 0.000356686492797323
CentroidX: 0.9252
CentroidY: 0.0886
