Location: internet_16.png_Gaussian-Median.png
Component: component_1755087209902_246.png
centerX: 0.750906892382104
centerY: 0.7171371542629028
width: 0.05804111245465538
height: 0.026518391787852865
Area: 0.000625569842637521
CentroidX: 0.7761
CentroidY: 0.7311
