Location: internet_16.png_Mean-Medain.png
Component: component_1755087209753_207.png
centerX: 0.009270455461507456
centerY: 0.6104932991160537
width: 0.04917372027408303
height: 0.023381807812945538
Area: 0.0005245454274844105
CentroidX: 0.0324
CentroidY: 0.6229
