Location: Dedata_11.png_Mean-Medain.png
Component: component_1755521044813_236.png
centerX: 0.3463709677419355
centerY: 0.5531490453120547
width: 0.0375
height: 0.019948703334283273
Area: 0.00035312422434477243
CentroidX: 0.3636
CentroidY: 0.5645
