Location: internet_16.png_Mean-Medain.png
Component: component_1755087209734_123.png
centerX: 0.007658202337767029
centerY: 0.32506415739948674
width: 0.045949214026602174
height: 0.02594810379241517
Area: 0.0005814363097378687
CentroidX: 0.0302
CentroidY: 0.3377
