Location: internet_16.png_Gaussian-Closing.png
Component: component_1755087209516_264.png
centerX: 0.38331318016928656
centerY: 0.8314798973481609
width: 0.0475614671503426
height: 0.02594810379241517
Area: 0.0005062713865181481
CentroidX: 0.4089
CentroidY: 0.8453
