Location: internet_16.png_Gaussian-Median.png
Component: component_1755087209844_63.png
centerX: 0.3587263200322451
centerY: 0.13316224693470202
width: 0.03829101168883515
height: 0.026518391787852865
Area: 0.0004342096023304344
CentroidX: 0.3807
CentroidY: 0.1448
