Location: Dedata_11.png_Mean-Medain.png
Component: component_1755521044748_72.png
centerX: 0.6600806451612903
centerY: 0.14306070105443147
width: 0.04959677419354839
height: 0.019948703334283273
Area: 0.00040046792119802536
CentroidX: 0.6829
CentroidY: 0.1553
