Location: Dedata_11.png_Mean-Medain.png
Component: component_1755521044732_31.png
centerX: 0.6036290322580645
centerY: 0.05186662866913651
width: 0.043548387096774194
height: 0.018808777429467086
Area: 0.00024177460723117514
CentroidX: 0.6262
CentroidY: 0.0630
