Location: Dedata_11.png_Mean-Closing.png
Component: component_1755521043856_103.png
centerX: 0.3540322580645161
centerY: 0.2208606440581362
width: 0.04032258064516129
height: 0.021658592191507554
Area: 0.00034554003989740664
CentroidX: 0.3741
CentroidY: 0.2331
