Location: internet_16.png_Otsu.png
Component: component_1755087209331_470.png
centerX: 0.31882305521966947
centerY: 0.6367265469061876
width: 0.04232164449818621
height: 0.02765896777872826
Area: 0.00048638831049825263
CentroidX: 0.3405
CentroidY: 0.6524
