Location: Dedata_11.png_Mean-Medain.png
Component: component_1755521044790_173.png
centerX: 0.6173387096774193
centerY: 0.3858649187802793
width: 0.04838709677419355
height: 0.021373610715303505
Area: 0.0004034556302227452
CentroidX: 0.6414
CentroidY: 0.3980
