Location: Dedata_11.png_Gaussian-Closing.png
Component: component_1755521044229_200.png
centerX: 0.8237903225806451
centerY: 0.457395269307495
width: 0.042741935483870966
height: 0.01909375890567113
Area: 0.0003724294211198853
CentroidX: 0.8447
CentroidY: 0.4684
