Location: Dedata_11.png_Mean-Medain.png
Component: component_1755521044763_99.png
centerX: 0.6870967741935484
centerY: 0.2140210886292391
width: 0.053629032258064514
height: 0.021373610715303505
Area: 0.0003989740666856654
CentroidX: 0.7119
CentroidY: 0.2266
