Location: Dedata_11.png_Gaussian-Closing.png
Component: component_1755521044136_60.png
centerX: 0.1375
centerY: 0.11513251638643489
width: 0.04233870967741935
height: 0.021658592191507554
Area: 0.00035289440057364015
CentroidX: 0.1580
CentroidY: 0.1272
