Location: internet_16.png_Otsu.png
Component: component_1755087209322_425.png
centerX: 0.5868601370415155
centerY: 0.49443969204448246
width: 0.05441354292623942
height: 0.02765896777872826
Area: 0.0005662654078036132
CentroidX: 0.6132
CentroidY: 0.5094
