Location: internet_16.png_Mean-Medain.png
Component: component_1755087209740_153.png
centerX: 0.8645707376058042
centerY: 0.437125748502994
width: 0.053204353083434096
height: 0.029940119760479042
Area: 0.0006678644783330213
CentroidX: 0.8896
CentroidY: 0.4524
