Location: Dedata_11.png_Mean-Medain.png
Component: component_1755521044828_263.png
centerX: 0.3975806451612903
centerY: 0.6246793958392705
width: 0.054838709677419356
height: 0.019663721858079224
Area: 0.00043287307292767905
CentroidX: 0.4213
CentroidY: 0.6365
