Location: Dedata_11.png_Gaussian-Median.png
Component: component_1755521044443_228.png
centerX: 0.14637096774193548
centerY: 0.5146765460245084
width: 0.04959677419354839
height: 0.021658592191507554
Area: 0.0004055240441629359
CentroidX: 0.1717
CentroidY: 0.5278
