Location: Dedata_11.png_Gaussian-Median.png
Component: component_1755521044454_257.png
centerX: 0.28669354838709676
centerY: 0.591621544599601
width: 0.05766129032258065
height: 0.020518666286691366
Area: 0.00042034767740096893
CentroidX: 0.3138
CentroidY: 0.6046
