Location: Dedata_11.png_Gaussian-Closing.png
Component: component_1755521044203_140.png
centerX: 0.785483870967742
centerY: 0.30692504987175834
width: 0.04879032258064516
height: 0.019948703334283273
Area: 0.0003604785850210059
CentroidX: 0.8085
CentroidY: 0.3184
