Location: Dedata_11.png_Gaussian-Median.png
Component: component_1755521044419_162.png
centerX: 0.7032258064516129
centerY: 0.3451125676831006
width: 0.054838709677419356
height: 0.019663721858079224
Area: 0.0003582952591952491
CentroidX: 0.7291
CentroidY: 0.3559
