Location: Dedata_11.png_Gaussian-Closing.png
Component: component_1755521044188_89.png
centerX: 0.33991935483870966
centerY: 0.18381305215161015
width: 0.046370967741935484
height: 0.02336848104873183
Area: 0.0003687522407817685
CentroidX: 0.3624
CentroidY: 0.1972
