Location: Dedata_11.png_Mean-Medain.png
Component: component_1755521044836_288.png
centerX: 0.6528225806451613
centerY: 0.6913650612710174
width: 0.05604838709677419
height: 0.023083499572527786
Area: 0.000461601044319216
CentroidX: 0.6790
CentroidY: 0.7054
