Location: internet_16.png_Mean-Medain.png
Component: component_1755087209749_188.png
centerX: 0.3825070536074164
centerY: 0.5471913316224694
width: 0.04191858121725111
height: 0.031936127744510975
Area: 0.0005833901380172804
CentroidX: 0.4047
CentroidY: 0.5624
