Location: Dedata_11.png_Mean-Closing.png
Component: component_1755521043870_139.png
centerX: 0.785483870967742
centerY: 0.3072100313479624
width: 0.04879032258064516
height: 0.019948703334283273
Area: 0.0003758767776868697
CentroidX: 0.8084
CentroidY: 0.3185
