Location: Dedata_11.png_Gaussian-Median.png
Component: component_1755521044448_241.png
centerX: 0.40241935483870966
centerY: 0.548874323168994
width: 0.039919354838709675
height: 0.02080364776289541
Area: 0.0003419777714448561
CentroidX: 0.4225
CentroidY: 0.5602
