Location: Dedata_11.png_Mean-Medain.png
Component: component_1755521044744_57.png
centerX: 0.8080645161290323
centerY: 0.11085779424337418
width: 0.044758064516129036
height: 0.018523795953263037
Area: 0.0003245111648388016
CentroidX: 0.8279
CentroidY: 0.1215
