Location: Dedata_11.png_Gaussian-Median.png
Component: component_1755521044408_119.png
centerX: 0.5733870967741935
centerY: 0.2519236249643773
width: 0.05766129032258065
height: 0.020518666286691366
Area: 0.0003461145993252374
CentroidX: 0.6018
CentroidY: 0.2644
