Location: Dedata_11.png_Mean-Closing.png
Component: component_1755521043905_224.png
centerX: 0.8762096774193548
centerY: 0.5374750641208321
width: 0.049193548387096775
height: 0.021658592191507554
Area: 0.00045918789472232694
CentroidX: 0.8996
CentroidY: 0.5499
