Location: internet_16.png_Otsu.png
Component: component_1755087209337_498.png
centerX: 0.31076178960096734
centerY: 0.7408041060735672
width: 0.04554615074566707
height: 0.02737382378100941
Area: 0.0005368430525371782
CentroidX: 0.3343
CentroidY: 0.7548
