Location: Dedata_11.png_Gaussian-Closing.png
Component: component_1755521044224_182.png
centerX: 0.010080645161290322
centerY: 0.41008834425762325
width: 0.04395161290322581
height: 0.01738387004844685
Area: 0.000317041892277002
CentroidX: 0.0309
CentroidY: 0.4196
