Location: internet_16.png_Otsu.png
Component: component_1755087209327_449.png
centerX: 0.8847239016525594
centerY: 0.5654405474764757
width: 0.037081821846029824
height: 0.03051040775591674
Area: 0.0004914452778096712
CentroidX: 0.9055
CentroidY: 0.5810
