Location: Dedata_11.png_Gaussian-Closing.png
Component: component_1755521044025_31.png
centerX: 0.6036290322580645
centerY: 0.05186662866913651
width: 0.043548387096774194
height: 0.018523795953263037
Area: 0.00023315621581371406
CentroidX: 0.6263
CentroidY: 0.0630
