Location: Dedata_11.png_Gaussian-Median.png
Component: component_1755521044475_290.png
centerX: 0.013306451612903225
centerY: 0.6739811912225705
width: 0.04959677419354839
height: 0.02080364776289541
Area: 0.0004051793085062374
CentroidX: 0.0368
CentroidY: 0.6852
