Location: internet_16.png_Mean-Medain.png
Component: component_1755087209715_40.png
centerX: 0.6807738814993954
centerY: 0.08440262332477902
width: 0.04393389762192664
height: 0.02594810379241517
Area: 0.0003276684955648673
CentroidX: 0.7033
CentroidY: 0.0967
