Location: Dedata_11.png_Gaussian-Median.png
Component: component_1755521044358_13.png
centerX: 0.2120967741935484
centerY: 0.011114277571957822
width: 0.037096774193548385
height: 0.01909375890567113
Area: 0.00024131495968891055
CentroidX: 0.2298
CentroidY: 0.0223
