Location: Dedata_11.png_Gaussian-Median.png
Component: component_1755521044432_193.png
centerX: 0.5491935483870968
centerY: 0.42775719578227417
width: 0.04959677419354839
height: 0.0219435736677116
Area: 0.00043356254424107595
CentroidX: 0.5724
CentroidY: 0.4403
