Location: internet_16.png_Otsu.png
Component: component_1755087209298_281.png
centerX: 0.28698105602579604
centerY: 0.13458796692329628
width: 0.04353083434099154
height: 0.023381807812945538
Area: 0.0002929593108364948
CentroidX: 0.3112
CentroidY: 0.1474
