Location: Dedata_11.png_Mean-Medain.png
Component: component_1755521044788_165.png
centerX: 0.15443548387096775
centerY: 0.36449130806497576
width: 0.04798387096774193
height: 0.021658592191507554
Area: 0.0003776004559703619
CentroidX: 0.1770
CentroidY: 0.3770
