Location: Dedata_11.png_Gaussian-Median.png
Component: component_1755521044410_133.png
centerX: 0.8104838709677419
centerY: 0.2792818466799658
width: 0.05524193548387097
height: 0.01738387004844685
Area: 0.000307734029546144
CentroidX: 0.8371
CentroidY: 0.2888
