Location: Dedata_11.png_Mean-Medain.png
Component: component_1755521044780_143.png
centerX: 0.6568548387096774
centerY: 0.30977486463379883
width: 0.04596774193548387
height: 0.021373610715303505
Area: 0.00037783027974149424
CentroidX: 0.6784
CentroidY: 0.3222
