Location: Dedata_11.png_Gaussian-Closing.png
Component: component_1755521044280_281.png
centerX: 0.14677419354838708
centerY: 0.6697064690795098
width: 0.0467741935483871
height: 0.023083499572527786
Area: 0.0003952968863475487
CentroidX: 0.1699
CentroidY: 0.6831
