Location: Dedata_11.png_Mean-Medain.png
Component: component_1755521044815_239.png
centerX: 0.1403225806451613
centerY: 0.554573952693075
width: 0.04838709677419355
height: 0.023083499572527786
Area: 0.0004028810707949145
CentroidX: 0.1638
CentroidY: 0.5681
