Location: Dedata_11.png_Mean-Closing.png
Component: component_1755521043890_183.png
centerX: 0.7536290322580645
centerY: 0.42034767740096896
width: 0.05241935483870968
height: 0.022798518096323737
Area: 0.00047849309149743975
CentroidX: 0.7787
CentroidY: 0.4334
