Location: internet_16.png_Otsu.png
Component: component_1755087209296_195.png
centerX: 0.00886739218057235
centerY: 0.09409751924721985
width: 0.03305118903667876
height: 0.02566295979469632
Area: 0.00021917356051988842
CentroidX: 0.0266
CentroidY: 0.1067
