Location: Dedata_11.png_Mean-Medain.png
Component: component_1755521044731_25.png
centerX: 0.46411290322580645
centerY: 0.049016813907096037
width: 0.04798387096774193
height: 0.0176688515246509
Area: 0.00025142720561873154
CentroidX: 0.4891
CentroidY: 0.0597
