Location: Dedata_11.png_Mean-Closing.png
Component: component_1755521043877_149.png
centerX: 0.07620967741935483
centerY: 0.3348532345397549
width: 0.04798387096774193
height: 0.0219435736677116
Area: 0.00037783027974149424
CentroidX: 0.1005
CentroidY: 0.3475
