Location: internet_16.png_Gaussian-Median.png
Component: component_1755087209864_145.png
centerX: 0.8565094719871019
centerY: 0.39235814086113485
width: 0.05401047964530431
height: 0.02879954376960365
Area: 0.0006432692282274859
CentroidX: 0.8816
CentroidY: 0.4068
