Location: Dedata_11.png_Mean-Medain.png
Component: component_1755521044756_83.png
centerX: 0.6092741935483871
centerY: 0.17640353377030493
width: 0.052016129032258066
height: 0.024793388429752067
Area: 0.0004216117081421966
CentroidX: 0.6357
CentroidY: 0.1916
