Location: Dedata_11.png_Mean-Medain.png
Component: component_1755521044741_48.png
centerX: 0.6620967741935484
centerY: 0.10572812767170134
width: 0.0467741935483871
height: 0.0219435736677116
Area: 0.00036162770387666735
CentroidX: 0.6845
CentroidY: 0.1190
