Location: Dedata_11.png_Gaussian-Median.png
Component: component_1755521044394_81.png
centerX: 0.009274193548387096
centerY: 0.15759475634083783
width: 0.04153225806451613
height: 0.02080364776289541
Area: 0.0003149734783368113
CentroidX: 0.0280
CentroidY: 0.1698
