Location: internet_16.png_Gaussian-Median.png
Component: component_1755087209911_285.png
centerX: 0.010479645304312777
centerY: 0.8454519532363843
width: 0.03829101168883515
height: 0.025092671799258625
Area: 0.0004720219260908137
CentroidX: 0.0303
CentroidY: 0.8577
