Location: internet_16.png_Otsu.png
Component: component_1755087209329_460.png
centerX: 0.07779121322047561
centerY: 0.6056458511548332
width: 0.041112454655380895
height: 0.02423723980610208
Area: 0.0004570808863070772
CentroidX: 0.0995
CentroidY: 0.6178
