Location: Dedata_11.png_Gaussian-Closing.png
Component: component_1755521043991_9.png
centerX: 0.07741935483870968
centerY: 0.011114277571957822
width: 0.04314516129032258
height: 0.018523795953263037
Area: 0.00025510438595684827
CentroidX: 0.0999
CentroidY: 0.0213
