Location: internet_16.png_Mean-Medain.png
Component: component_1755087209737_140.png
centerX: 0.7275292220878677
centerY: 0.3983461648132307
width: 0.04030632809351068
height: 0.026803535785571715
Area: 0.0005337399135051713
CentroidX: 0.7485
CentroidY: 0.4115
