Location: Dedata_11.png_Gaussian-Median.png
Component: component_1755521044375_47.png
centerX: 0.1375
centerY: 0.08093473924194927
width: 0.0375
height: 0.021658592191507554
Area: 0.0002356842772961693
CentroidX: 0.1560
CentroidY: 0.0925
