Location: internet_16.png_Mean-Medain.png
Component: component_1755087209732_112.png
centerX: 0.7460701330108828
centerY: 0.2962646136298831
width: 0.04312777106005643
height: 0.027944111776447105
Area: 0.0005652310281262775
CentroidX: 0.7676
CentroidY: 0.3117
