Location: Dedata_11.png_Mean-Closing.png
Component: component_1755521043923_270.png
centerX: 0.7870967741935484
centerY: 0.6480478768880022
width: 0.059274193548387095
height: 0.022228555143915644
Area: 0.00042862133316173156
CentroidX: 0.8157
CentroidY: 0.6609
