Location: internet_16.png_Gaussian-Closing.png
Component: component_1755087209434_185.png
centerX: 0.30390971382507054
centerY: 0.549757627601939
width: 0.06086255542120113
height: 0.025377815796977475
Area: 0.0006122378379074178
CentroidX: 0.3348
CentroidY: 0.5630
