Location: Dedata_11.png_Gaussian-Median.png
Component: component_1755521044432_190.png
centerX: 0.8193548387096774
centerY: 0.41835280706754063
width: 0.05282258064516129
height: 0.01937874038187518
Area: 0.0004271274786493717
CentroidX: 0.8440
CentroidY: 0.4299
