Location: Dedata_11.png_Mean-Closing.png
Component: component_1755521043902_215.png
centerX: 0.49556451612903224
centerY: 0.5075520091194072
width: 0.05
height: 0.023083499572527786
Area: 0.0004651633127717666
CentroidX: 0.5209
CentroidY: 0.5204
