Location: Dedata_11.png_Gaussian-Median.png
Component: component_1755521044443_230.png
centerX: 0.008467741935483872
centerY: 0.518096323738957
width: 0.0467741935483871
height: 0.020518666286691366
Area: 0.0003736934518611129
CentroidX: 0.0305
CentroidY: 0.5294
