Location: Dedata_11.png_Gaussian-Closing.png
Component: component_1755521043988_4.png
centerX: 0.8116935483870967
centerY: 0.008264462809917356
width: 0.043548387096774194
height: 0.02365346252493588
Area: 0.00029911563812868295
CentroidX: 0.8347
CentroidY: 0.0210
