Location: Dedata_11.png_Mean-Closing.png
Component: component_1755521043868_133.png
centerX: 0.22338709677419355
centerY: 0.29125106868053574
width: 0.04758064516129032
height: 0.020518666286691366
Area: 0.00036496014855808565
CentroidX: 0.2464
CentroidY: 0.3041
