Location: Dedata_11.png_Mean-Medain.png
Component: component_1755521044819_245.png
centerX: 0.6681451612903225
centerY: 0.5768025078369906
width: 0.04435483870967742
height: 0.025648332858364205
Area: 0.00044447917336986
CentroidX: 0.6903
CentroidY: 0.5908
