Location: internet_16.png_Mean-Medain.png
Component: component_1755087209714_35.png
centerX: 0.9492140266021766
centerY: 0.08041060735671514
width: 0.03909713825070536
height: 0.031080695751354435
Area: 0.00035513702255189053
CentroidX: 0.9717
CentroidY: 0.0934
