Location: internet_16.png_Otsu.png
Component: component_1755087209314_386.png
centerX: 0.36799677549375254
centerY: 0.36555460507556314
width: 0.04393389762192664
height: 0.025377815796977475
Area: 0.0005198332533987705
CentroidX: 0.3896
CentroidY: 0.3776
