Location: internet_16.png_Mean-Medain.png
Component: component_1755087209752_201.png
centerX: 0.4518339379282547
centerY: 0.5882520672939835
width: 0.05239822652156389
height: 0.026518391787852865
Area: 0.0005899412093070725
CentroidX: 0.4778
CentroidY: 0.6020
