Location: internet_16.png_Gaussian-Median.png
Component: component_1755087209835_31.png
centerX: 0.1487303506650544
centerY: 0.05474764756201882
width: 0.04232164449818621
height: 0.020530367835757058
Area: 0.0002518139858935897
CentroidX: 0.1711
CentroidY: 0.0655
