Location: internet_16.png_Otsu.png
Component: component_1755087209334_485.png
centerX: 0.09149536477226924
centerY: 0.6977473624180212
width: 0.04070939137444579
height: 0.02879954376960365
Area: 0.0005402909847949636
CentroidX: 0.1135
CentroidY: 0.7119
