Location: internet_16.png_Mean-Medain.png
Component: component_1755087209752_202.png
centerX: 0.3732365981459089
centerY: 0.592814371257485
width: 0.04917372027408303
height: 0.023666951810664385
Area: 0.000495238003293235
CentroidX: 0.3988
CentroidY: 0.6056
