Location: Dedata_11.png_Gaussian-Median.png
Component: component_1755521044526_304.png
centerX: 0.0125
centerY: 0.7118837275577088
width: 0.04395161290322581
height: 0.02080364776289541
Area: 0.0003820820195074417
CentroidX: 0.0328
CentroidY: 0.7234
