Location: Dedata_11.png_Gaussian-Closing.png
Component: component_1755521044214_154.png
centerX: 0.8935483870967742
centerY: 0.34055286406383584
width: 0.043548387096774194
height: 0.02108862923909946
Area: 0.00031141120988426073
CentroidX: 0.9149
CentroidY: 0.3527
