Location: internet_16.png_Gaussian-Median.png
Component: component_1755087209832_22.png
centerX: 0.728335348649738
centerY: 0.04305674365554605
width: 0.04232164449818621
height: 0.024522383803820928
Area: 0.00034214981104756573
CentroidX: 0.7499
CentroidY: 0.0552
