Location: internet_16.png_Mean-Medain.png
Component: component_1755087209746_176.png
centerX: 0.1414752116082225
centerY: 0.5112631879098944
width: 0.05038291011688835
height: 0.02765896777872826
Area: 0.0006193635645735075
CentroidX: 0.1660
CentroidY: 0.5249
