Location: internet_16.png_Mean-Medain.png
Component: component_1755087209764_256.png
centerX: 0.31197097944377267
centerY: 0.7869974337040205
width: 0.05038291011688835
height: 0.023666951810664385
Area: 0.0005669549942551702
CentroidX: 0.3349
CentroidY: 0.7998
