Location: internet_16.png_Otsu.png
Component: component_1755087209313_382.png
centerX: 0.5973397823458283
centerY: 0.35300826917593386
width: 0.04312777106005643
height: 0.028514399771884802
Area: 0.0005385670186660709
CentroidX: 0.6194
CentroidY: 0.3674
