Location: Dedata_11.png_Gaussian-Closing.png
Component: component_1755521044229_199.png
centerX: 0.7588709677419355
centerY: 0.45682530635508695
width: 0.0467741935483871
height: 0.02336848104873183
Area: 0.0004183941753463444
CentroidX: 0.7819
CentroidY: 0.4709
