Location: internet_16.png_Gaussian-Median.png
Component: component_1755087209830_13.png
centerX: 0.07577589681580008
centerY: 0.012546335899629312
width: 0.041112454655380895
height: 0.025377815796977475
Area: 0.00031353197330794734
CentroidX: 0.0977
CentroidY: 0.0251
