Location: internet_16.png_Mean-Medain.png
Component: component_1755087209746_172.png
centerX: 0.44054816606207176
centerY: 0.5004277159965783
width: 0.05280128980249899
height: 0.026803535785571715
Area: 0.0005977565224247193
CentroidX: 0.4670
CentroidY: 0.5140
