Location: Dedata_11.png_Mean-Closing.png
Component: component_1755521043862_117.png
centerX: 0.3641129032258065
centerY: 0.25591336563123396
width: 0.04758064516129032
height: 0.019948703334283273
Area: 0.0003827714908208386
CentroidX: 0.3878
CentroidY: 0.2674
