Location: Dedata_11.png_Gaussian-Closing.png
Component: component_1755521044246_226.png
centerX: 0.8762096774193548
centerY: 0.5371900826446281
width: 0.049193548387096775
height: 0.0219435736677116
Area: 0.000438273931549288
CentroidX: 0.8996
CentroidY: 0.5497
