Location: Dedata_11.png_Mean-Medain.png
Component: component_1755521044772_120.png
centerX: 0.22338709677419355
centerY: 0.2584781989170704
width: 0.04395161290322581
height: 0.02336848104873183
Area: 0.000396331093317644
CentroidX: 0.2448
CentroidY: 0.2716
