Location: internet_16.png_Gaussian-Closing.png
Component: component_1755087209409_63.png
centerX: 0.08101571946795647
centerY: 0.13972055888223553
width: 0.04433696090286175
height: 0.025377815796977475
Area: 0.00032479521868337947
CentroidX: 0.1047
CentroidY: 0.1514
