Location: Dedata_11.png_Mean-Medain.png
Component: component_1755521044815_238.png
centerX: 0.007661290322580645
centerY: 0.554858934169279
width: 0.039919354838709675
height: 0.024223425477343973
Area: 0.0004129933167247355
CentroidX: 0.0276
CentroidY: 0.5684
