Location: Dedata_11.png_Gaussian-Closing.png
Component: component_1755521044102_54.png
centerX: 0.45645161290322583
centerY: 0.109717868338558
width: 0.04596774193548387
height: 0.020233684810487318
Area: 0.00031313488816775295
CentroidX: 0.4789
CentroidY: 0.1218
