Location: internet_16.png_Gaussian-Closing.png
Component: component_1755087209469_231.png
centerX: 0.8927851672712616
centerY: 0.71285999429712
width: 0.03788794840790004
height: 0.032506415739948676
Area: 0.0005516691612456551
CentroidX: 0.9131
CentroidY: 0.7278
