Location: Dedata_11.png_Mean-Closing.png
Component: component_1755521043827_14.png
centerX: 0.8830645161290323
centerY: 0.011684240524365916
width: 0.046370967741935484
height: 0.02080364776289541
Area: 0.00030899806028737166
CentroidX: 0.9062
CentroidY: 0.0232
