Location: internet_16.png_Gaussian-Closing.png
Component: component_1755087209432_176.png
centerX: 0.9407496977025392
centerY: 0.523524379811805
width: 0.05401047964530431
height: 0.027944111776447105
Area: 0.0005740807209212599
CentroidX: 0.9648
CentroidY: 0.5389
