Location: Dedata_11.png_Mean-Closing.png
Component: component_1755521043841_55.png
centerX: 0.3903225806451613
centerY: 0.11028783129096609
width: 0.04879032258064516
height: 0.01909375890567113
Area: 0.00035381369565816933
CentroidX: 0.4135
CentroidY: 0.1210
