Location: internet_16.png_Gaussian-Closing.png
Component: component_1755087209426_145.png
centerX: 0.15558242644095122
centerY: 0.42087254063301965
width: 0.041112454655380895
height: 0.028229255774165955
Area: 0.0005367281214619186
CentroidX: 0.1771
CentroidY: 0.4339
