Location: Dedata_11.png_Gaussian-Closing.png
Component: component_1755521044214_156.png
centerX: 0.8310483870967742
centerY: 0.3448275862068966
width: 0.04758064516129032
height: 0.016813907096038756
Area: 0.00031118138611312845
CentroidX: 0.8539
CentroidY: 0.3546
