Location: internet_16.png_Otsu.png
Component: component_1755087209285_10.png
centerX: 0.9113260781942765
centerY: 0.009694895922440832
width: 0.04030632809351068
height: 0.023666951810664385
Area: 0.0002267590114870162
CentroidX: 0.9336
CentroidY: 0.0211
