Location: internet_16.png_Mean-Medain.png
Component: component_1755087209763_253.png
centerX: 0.5417170495767836
centerY: 0.7773025377815796
width: 0.04353083434099154
height: 0.02765896777872826
Area: 0.0005641966484489419
CentroidX: 0.5634
CentroidY: 0.7919
