Location: Dedata_11.png_Gaussian-Closing.png
Component: component_1755521044215_162.png
centerX: 0.3536290322580645
centerY: 0.35822171558848676
width: 0.050806451612903224
height: 0.02080364776289541
Area: 0.0003645005010158211
CentroidX: 0.3787
CentroidY: 0.3700
