Location: Dedata_11.png_Gaussian-Median.png
Component: component_1755521044369_36.png
centerX: 0.5237903225806452
centerY: 0.07552009119407238
width: 0.03669354838709677
height: 0.020518666286691366
Area: 0.0003194550418738911
CentroidX: 0.5412
CentroidY: 0.0873
