Location: internet_16.png_Gaussian-Median.png
Component: component_1755087209896_221.png
centerX: 0.5348649738008867
centerY: 0.6293128029654976
width: 0.041112454655380895
height: 0.02594810379241517
Area: 0.00047742368662801073
CentroidX: 0.5550
CentroidY: 0.6431
