Location: Dedata_11.png_Mean-Closing.png
Component: component_1755521043924_274.png
centerX: 0.5036290322580645
centerY: 0.6565973211741237
width: 0.053629032258064514
height: 0.024793388429752067
Area: 0.00047895273903970437
CentroidX: 0.5307
CentroidY: 0.6709
