Location: Dedata_11.png_Gaussian-Median.png
Component: component_1755521044442_224.png
centerX: 0.5685483870967742
centerY: 0.5081219720718153
width: 0.049193548387096775
height: 0.0219435736677116
Area: 0.00040931613638661875
CentroidX: 0.5915
CentroidY: 0.5205
