Location: Dedata_11.png_Mean-Closing.png
Component: component_1755521043892_189.png
centerX: 0.28830645161290325
centerY: 0.4377315474494158
width: 0.05725806451612903
height: 0.02108862923909946
Area: 0.0004567747451254378
CentroidX: 0.3158
CentroidY: 0.4501
