Location: Dedata_11.png_Gaussian-Closing.png
Component: component_1755521044197_119.png
centerX: 0.3641129032258065
centerY: 0.25591336563123396
width: 0.04758064516129032
height: 0.019948703334283273
Area: 0.0003653048842147841
CentroidX: 0.3878
CentroidY: 0.2673
