Location: internet_16.png_Mean-Medain.png
Component: component_1755087209708_11.png
centerX: 0.8468359532446594
centerY: 0.010835471913316224
width: 0.03466344216041919
height: 0.023952095808383235
Area: 0.00030249859008303425
CentroidX: 0.8657
CentroidY: 0.0224
