Location: internet_16.png_Otsu.png
Component: component_1755087209302_336.png
centerX: 0.08504635227730754
centerY: 0.18277730253778157
width: 0.0475614671503426
height: 0.025377815796977475
Area: 0.00048259558501468876
CentroidX: 0.1091
CentroidY: 0.1964
