Location: Dedata_11.png_Gaussian-Closing.png
Component: component_1755521044287_285.png
centerX: 0.8637096774193549
centerY: 0.6842405243659162
width: 0.05604838709677419
height: 0.02108862923909946
Area: 0.0004051793085062374
CentroidX: 0.8906
CentroidY: 0.6969
