Location: Dedata_11.png_Gaussian-Median.png
Component: component_1755521044401_97.png
centerX: 0.006048387096774193
centerY: 0.1957822741521801
width: 0.044758064516129036
height: 0.021373610715303505
Area: 0.0003542733432004339
CentroidX: 0.0283
CentroidY: 0.2076
