Location: internet_16.png_Mean-Medain.png
Component: component_1755087209760_236.png
centerX: 0.8278919790407094
centerY: 0.714856002281152
width: 0.03829101168883515
height: 0.028229255774165955
Area: 0.0005137419064100163
CentroidX: 0.8469
CentroidY: 0.7288
