Location: Dedata_11.png_Gaussian-Closing.png
Component: component_1755521044048_47.png
centerX: 0.013306451612903225
centerY: 0.08805927614705045
width: 0.032661290322580645
height: 0.018238814477058992
Area: 0.0001953502054624514
CentroidX: 0.0305
CentroidY: 0.0981
