Location: Dedata_11.png_Mean-Closing.png
Component: component_1755521043881_159.png
centerX: 0.4245967741935484
centerY: 0.3550869193502422
width: 0.05
height: 0.021373610715303505
Area: 0.0004065582511330312
CentroidX: 0.4482
CentroidY: 0.3675
