Location: internet_16.png_Gaussian-Closing.png
Component: component_1755087209414_92.png
centerX: 0.16041918581217252
centerY: 0.22583404619332764
width: 0.04393389762192664
height: 0.025377815796977475
Area: 0.0005127075267326807
CentroidX: 0.1820
CentroidY: 0.2392
