Location: Dedata_11.png_Mean-Medain.png
Component: component_1755521044818_242.png
centerX: 0.7370967741935484
centerY: 0.573097748646338
width: 0.05443548387096774
height: 0.02536335138216016
Area: 0.0004936614603921713
CentroidX: 0.7622
CentroidY: 0.5876
