Location: internet_16.png_Otsu.png
Component: component_1755087209340_511.png
centerX: 0.23055219669488108
centerY: 0.7892785856857714
width: 0.05239822652156389
height: 0.02566295979469632
Area: 0.0005335100513546524
CentroidX: 0.2561
CentroidY: 0.8032
