Location: internet_16.png_Gaussian-Closing.png
Component: component_1755087209437_201.png
centerX: 0.1430874647319629
centerY: 0.6002281151981751
width: 0.04070939137444579
height: 0.0290846877673225
Area: 0.0004962723829705706
CentroidX: 0.1662
CentroidY: 0.6143
