Location: internet_16.png_Mean-Medain.png
Component: component_1755087209711_20.png
centerX: 0.9415558242644095
centerY: 0.041916167664670656
width: 0.04070939137444579
height: 0.0213857998289136
Area: 0.00031537087051209956
CentroidX: 0.9623
CentroidY: 0.0534
