Location: Dedata_11.png_Gaussian-Closing.png
Component: component_1755521044226_191.png
centerX: 0.28830645161290325
centerY: 0.4377315474494158
width: 0.05725806451612903
height: 0.02080364776289541
Area: 0.0004285064212761654
CentroidX: 0.3160
CentroidY: 0.4501
