Location: Dedata_11.png_Mean-Closing.png
Component: component_1755521043907_227.png
centerX: 0.9415322580645161
centerY: 0.5394699344542605
width: 0.04798387096774193
height: 0.020518666286691366
Area: 0.000398629331028967
CentroidX: 0.9640
CentroidY: 0.5511
