Location: Dedata_11.png_Gaussian-Median.png
Component: component_1755521044417_156.png
centerX: 0.14556451612903226
centerY: 0.33086349387289826
width: 0.0467741935483871
height: 0.0219435736677116
Area: 0.0003510558104045818
CentroidX: 0.1693
CentroidY: 0.3431
