Location: Dedata_11.png_Mean-Medain.png
Component: component_1755521044803_207.png
centerX: 0.22379032258064516
centerY: 0.475634083784554
width: 0.05241935483870968
height: 0.0219435736677116
Area: 0.000493431636621039
CentroidX: 0.2484
CentroidY: 0.4880
