Location: Dedata_11.png_Mean-Medain.png
Component: component_1755521044822_250.png
centerX: 0.28669354838709676
centerY: 0.591621544599601
width: 0.05766129032258065
height: 0.020518666286691366
Area: 0.00044206602377297086
CentroidX: 0.3137
CentroidY: 0.6046
