Location: Dedata_11.png_Gaussian-Closing.png
Component: component_1755521044034_41.png
centerX: 0.842741935483871
centerY: 0.07694499857509261
width: 0.03951612903225806
height: 0.02080364776289541
Area: 0.0003595592899364767
CentroidX: 0.8621
CentroidY: 0.0887
