Location: internet_16.png_Gaussian-Closing.png
Component: component_1755087209437_199.png
centerX: 0.29222087867795243
centerY: 0.5959509552323924
width: 0.05239822652156389
height: 0.024522383803820928
Area: 0.0005587948879117449
CentroidX: 0.3164
CentroidY: 0.6089
