Location: internet_16.png_Gaussian-Closing.png
Component: component_1755087209518_268.png
centerX: 0.07819427650141073
centerY: 0.8420302252637581
width: 0.04836759371221282
height: 0.026803535785571715
Area: 0.0005487958843641674
CentroidX: 0.1030
CentroidY: 0.8553
