Location: internet_16.png_Gaussian-Closing.png
Component: component_1755087209494_251.png
centerX: 0.38694074969770254
centerY: 0.784145993726832
width: 0.04030632809351068
height: 0.02737382378100941
Area: 0.0005015592124325082
CentroidX: 0.4072
CentroidY: 0.7982
