Location: internet_16.png_Gaussian-Median.png
Component: component_1755087209841_45.png
centerX: 0.36436920596533656
centerY: 0.09067579127459367
width: 0.04070939137444579
height: 0.02566295979469632
Area: 0.00028514399771884804
CentroidX: 0.3856
CentroidY: 0.1024
