Location: Dedata_11.png_Mean-Medain.png
Component: component_1755521044731_26.png
centerX: 0.5314516129032258
centerY: 0.049016813907096037
width: 0.0467741935483871
height: 0.020518666286691366
Area: 0.00027509905404535804
CentroidX: 0.5568
CentroidY: 0.0617
