Location: internet_16.png_Gaussian-Closing.png
Component: component_1755087209397_8.png
centerX: 0.5525997581620314
centerY: 0.007413743940690049
width: 0.044740024183796856
height: 0.02480752780153978
Area: 0.00029652217416953965
CentroidX: 0.5764
CentroidY: 0.0190
