Location: Dedata_11.png_Mean-Closing.png
Component: component_1755521043852_90.png
centerX: 0.2721774193548387
centerY: 0.18723282986605871
width: 0.04395161290322581
height: 0.022798518096323737
Area: 0.00038150746007961097
CentroidX: 0.2946
CentroidY: 0.1999
