Location: Dedata_11.png_Gaussian-Closing.png
Component: component_1755521044297_295.png
centerX: 0.1439516129032258
centerY: 0.7087489313194643
width: 0.05443548387096774
height: 0.021658592191507554
Area: 0.0004265529192215409
CentroidX: 0.1693
CentroidY: 0.7222
