Location: Dedata_11.png_Mean-Medain.png
Component: component_1755521044721_5.png
centerX: 0.8116935483870967
centerY: 0.007979481333713309
width: 0.043548387096774194
height: 0.023938444001139925
Area: 0.000324051517296537
CentroidX: 0.8347
CentroidY: 0.0210
