Location: Dedata_11.png_Mean-Closing.png
Component: component_1755521043839_48.png
centerX: 0.6620967741935484
centerY: 0.10572812767170134
width: 0.0467741935483871
height: 0.021658592191507554
Area: 0.0003609382325632705
CentroidX: 0.6845
CentroidY: 0.1190
