Location: internet_16.png_Mean-Medain.png
Component: component_1755087209744_167.png
centerX: 0.8033051189036678
centerY: 0.48303393213572854
width: 0.053204353083434096
height: 0.028229255774165955
Area: 0.0006275236709169327
CentroidX: 0.8291
CentroidY: 0.4982
