Location: internet_16.png_Mean-Medain.png
Component: component_1755087209713_29.png
centerX: 0.21725110842402257
centerY: 0.05218135158254919
width: 0.04554615074566707
height: 0.021956087824351298
Area: 0.00026824912965569983
CentroidX: 0.2407
CentroidY: 0.0634
