Location: internet_16.png_Otsu.png
Component: component_1755087209329_459.png
centerX: 0.1430874647319629
centerY: 0.6005132591958939
width: 0.04030632809351068
height: 0.028514399771884802
Area: 0.00047259658146711126
CentroidX: 0.1662
CentroidY: 0.6144
