Location: Dedata_11.png_Mean-Closing.png
Component: component_1755521043845_72.png
centerX: 0.6600806451612903
centerY: 0.14306070105443147
width: 0.04959677419354839
height: 0.019948703334283273
Area: 0.0004005828330835915
CentroidX: 0.6829
CentroidY: 0.1553
