Location: Dedata_11.png_Gaussian-Median.png
Component: component_1755521044393_79.png
centerX: 0.0721774193548387
centerY: 0.1530350527215731
width: 0.039919354838709675
height: 0.02365346252493588
Area: 0.00035289440057364015
CentroidX: 0.0904
CentroidY: 0.1660
