Location: Dedata_11.png_Gaussian-Median.png
Component: component_1755521044402_106.png
centerX: 0.3536290322580645
centerY: 0.2208606440581362
width: 0.0407258064516129
height: 0.0219435736677116
Area: 0.00032485590049550003
CentroidX: 0.3740
CentroidY: 0.2330
