Location: Dedata_11.png_Gaussian-Closing.png
Component: component_1755521044192_98.png
centerX: 0.7596774193548387
centerY: 0.21231119977201482
width: 0.052016129032258066
height: 0.01909375890567113
Area: 0.00032864799271918295
CentroidX: 0.7842
CentroidY: 0.2236
