Location: internet_16.png_Otsu.png
Component: component_1755087209304_347.png
centerX: 0.31116485288190243
centerY: 0.2244083262047334
width: 0.045949214026602174
height: 0.026803535785571715
Area: 0.0005122478024316427
CentroidX: 0.3345
CentroidY: 0.2378
