Location: internet_16.png_Gaussian-Closing.png
Component: component_1755087209492_247.png
centerX: 0.6839983877468763
centerY: 0.7687482178500142
width: 0.04232164449818621
height: 0.02765896777872826
Area: 0.000499950177378875
CentroidX: 0.7067
CentroidY: 0.7825
