Location: Dedata_11.png_Mean-Closing.png
Component: component_1755521043852_91.png
centerX: 0.20483870967741935
centerY: 0.19093758905671132
width: 0.04717741935483871
height: 0.02336848104873183
Area: 0.000396331093317644
CentroidX: 0.2275
CentroidY: 0.2047
