Location: Dedata_11.png_Gaussian-Closing.png
Component: component_1755521044277_280.png
centerX: 0.21451612903225806
centerY: 0.6662866913650612
width: 0.04838709677419355
height: 0.025648332858364205
Area: 0.00045907298283676075
CentroidX: 0.2382
CentroidY: 0.6806
