Location: internet_16.png_Mean-Medain.png
Component: component_1755087209765_261.png
centerX: 0.9125352680370818
centerY: 0.8089535215283719
width: 0.04353083434099154
height: 0.03022526375819789
Area: 0.0005904009336081106
CentroidX: 0.9338
CentroidY: 0.8249
