Location: Dedata_11.png_Mean-Medain.png
Component: component_1755521044828_267.png
centerX: 0.14233870967741935
centerY: 0.6320889142205757
width: 0.044758064516129036
height: 0.0219435736677116
Area: 0.00037955395802498647
CentroidX: 0.1612
CentroidY: 0.6457
