Location: internet_16.png_Mean-Medain.png
Component: component_1755087209754_211.png
centerX: 0.6739218057234986
centerY: 0.6253207869974337
width: 0.041112454655380895
height: 0.02765896777872826
Area: 0.0005514392990951362
CentroidX: 0.6956
CentroidY: 0.6388
