Location: Dedata_11.png_Mean-Medain.png
Component: component_1755521044767_109.png
centerX: 0.9278225806451613
centerY: 0.24280421772584782
width: 0.05403225806451613
height: 0.020518666286691366
Area: 0.00036277682273232886
CentroidX: 0.9524
CentroidY: 0.2551
