Location: Dedata_11.png_Gaussian-Median.png
Component: component_1755521044435_205.png
centerX: 0.7588709677419355
centerY: 0.45682530635508695
width: 0.0467741935483871
height: 0.02336848104873183
Area: 0.0004186239991174767
CentroidX: 0.7819
CentroidY: 0.4709
