Location: internet_16.png_Gaussian-Closing.png
Component: component_1755087209421_122.png
centerX: 0.8158000806126562
centerY: 0.3418876532648988
width: 0.04312777106005643
height: 0.027944111776447105
Area: 0.0005786779639316403
CentroidX: 0.8373
CentroidY: 0.3565
