Location: internet_16.png_Gaussian-Closing.png
Component: component_1755087209518_266.png
centerX: 0.23579201934703747
centerY: 0.8351867693185059
width: 0.045949214026602174
height: 0.02423723980610208
Area: 0.0004861584483477336
CentroidX: 0.2599
CentroidY: 0.8479
