Location: Dedata_11.png_Mean-Medain.png
Component: component_1755521044829_269.png
centerX: 0.010887096774193548
centerY: 0.6360786548874323
width: 0.0407258064516129
height: 0.02080364776289541
Area: 0.00035875490673751366
CentroidX: 0.0297
CentroidY: 0.6476
