Location: Dedata_11.png_Mean-Closing.png
Component: component_1755521043928_291.png
centerX: 0.2862903225806452
centerY: 0.7004844685095469
width: 0.04838709677419355
height: 0.023083499572527786
Area: 0.0004193134704308736
CentroidX: 0.3103
CentroidY: 0.7149
