Location: internet_16.png_Mean-Medain.png
Component: component_1755087209761_243.png
centerX: 0.31035872632003225
centerY: 0.7405189620758483
width: 0.046352277307537285
height: 0.02765896777872826
Area: 0.0005940787280164149
CentroidX: 0.3342
CentroidY: 0.7546
