Location: internet_16.png_Otsu.png
Component: component_1755087209319_413.png
centerX: 0.29866989117291415
centerY: 0.46107784431137727
width: 0.03869407496977025
height: 0.026518391787852865
Area: 0.00047455040974652297
CentroidX: 0.3201
CentroidY: 0.4746
