Location: Dedata_11.png_Gaussian-Median.png
Component: component_1755521044442_222.png
centerX: 0.6318548387096774
centerY: 0.5066970646907951
width: 0.049193548387096775
height: 0.02108862923909946
Area: 0.00040701789867529577
CentroidX: 0.6551
CentroidY: 0.5188
