Location: internet_16.png_Mean-Medain.png
Component: component_1755087209765_260.png
centerX: 0.01128577186618299
centerY: 0.7952666096378671
width: 0.044740024183796856
height: 0.027088679783290562
Area: 0.0005724716858676268
CentroidX: 0.0334
CentroidY: 0.8095
