Location: Dedata_11.png_Mean-Closing.png
Component: component_1755521043920_258.png
centerX: 0.594758064516129
centerY: 0.6169848959817612
width: 0.05040322580645161
height: 0.022513536620119692
Area: 0.00042758712619163624
CentroidX: 0.6184
CentroidY: 0.6300
