Location: Dedata_11.png_Mean-Medain.png
Component: component_1755521044798_200.png
centerX: 0.8237903225806451
centerY: 0.457395269307495
width: 0.042741935483870966
height: 0.01937874038187518
Area: 0.00039253900109396115
CentroidX: 0.8448
CentroidY: 0.4686
