Location: internet_16.png_Mean-Medain.png
Component: component_1755087209746_175.png
centerX: 0.2954453849254333
centerY: 0.5067008839463929
width: 0.04030632809351068
height: 0.026803535785571715
Area: 0.0005333951202793929
CentroidX: 0.3159
CentroidY: 0.5194
