Location: Dedata_11.png_Mean-Medain.png
Component: component_1755521044837_291.png
centerX: 0.425
centerY: 0.6979196352237105
width: 0.06129032258064516
height: 0.022228555143915644
Area: 0.0004899842800540545
CentroidX: 0.4542
CentroidY: 0.7110
