Location: Dedata_11.png_Mean-Closing.png
Component: component_1755521043921_259.png
centerX: 0.5370967741935484
centerY: 0.6198347107438017
width: 0.041935483870967745
height: 0.02080364776289541
Area: 0.000382311843278574
CentroidX: 0.5568
CentroidY: 0.6316
