Location: Dedata_11.png_Mean-Closing.png
Component: component_1755521043894_195.png
centerX: 0.9383064516129033
centerY: 0.45397549159304645
width: 0.044758064516129036
height: 0.023938444001139925
Area: 0.000445283556568823
CentroidX: 0.9609
CentroidY: 0.4680
