Location: Dedata_11.png_Mean-Closing.png
Component: component_1755521043876_148.png
centerX: 0.14556451612903226
centerY: 0.33086349387289826
width: 0.0467741935483871
height: 0.022228555143915644
Area: 0.00037357853997554676
CentroidX: 0.1694
CentroidY: 0.3432
