Location: internet_16.png_Gaussian-Closing.png
Component: component_1755087209405_47.png
centerX: 0.07456670697299476
centerY: 0.09523809523809523
width: 0.03909713825070536
height: 0.025377815796977475
Area: 0.0002648011973979145
CentroidX: 0.0951
CentroidY: 0.1068
