Location: internet_16.png_Mean-Medain.png
Component: component_1755087209758_229.png
centerX: 0.3143893591293833
centerY: 0.6854861705161106
width: 0.041515517936316
height: 0.03022526375819789
Area: 0.0005894814850060345
CentroidX: 0.3358
CentroidY: 0.7011
