Location: Dedata_11.png_Mean-Closing.png
Component: component_1755521043853_92.png
centerX: 0.13911290322580644
centerY: 0.19407238529495582
width: 0.04798387096774193
height: 0.022513536620119692
Area: 0.0003957565338898133
CentroidX: 0.1627
CentroidY: 0.2067
