Location: internet_16.png_Gaussian-Closing.png
Component: component_1755087209502_257.png
centerX: 0.9129383313180169
centerY: 0.8089535215283719
width: 0.042724707779121324
height: 0.029940119760479042
Area: 0.0005666102010293916
CentroidX: 0.9338
CentroidY: 0.8248
