Location: Dedata_11.png_Gaussian-Median.png
Component: component_1755521044432_189.png
centerX: 0.8879032258064516
centerY: 0.41550299230550014
width: 0.05161290322580645
height: 0.023083499572527786
Area: 0.0004589580709511946
CentroidX: 0.9139
CentroidY: 0.4288
