Location: internet_16.png_Gaussian-Closing.png
Component: component_1755087209403_40.png
centerX: 0.4449818621523579
centerY: 0.08753920729968634
width: 0.042724707779121324
height: 0.03022526375819789
Area: 0.00035651619545500464
CentroidX: 0.4684
CentroidY: 0.1018
