Location: Dedata_11.png_Mean-Closing.png
Component: component_1755521043824_6.png
centerX: 0.41854838709677417
centerY: 0.009974351667141636
width: 0.04435483870967742
height: 0.022513536620119692
Area: 0.00033450849888305646
CentroidX: 0.4402
CentroidY: 0.0228
