Location: internet_16.png_Gaussian-Closing.png
Component: component_1755087209402_36.png
centerX: 0.8903667875856509
centerY: 0.08155118334759054
width: 0.041112454655380895
height: 0.028514399771884802
Area: 0.00031858894061936584
CentroidX: 0.9124
CentroidY: 0.0947
