Location: Dedata_11.png_Gaussian-Closing.png
Component: component_1755521044271_274.png
centerX: 0.6475806451612903
centerY: 0.6511826731262468
width: 0.05685483870967742
height: 0.022798518096323737
Area: 0.0004104652552422802
CentroidX: 0.6750
CentroidY: 0.6647
