Location: internet_16.png_Mean-Medain.png
Component: component_1755087209725_78.png
centerX: 0.547359935509875
centerY: 0.17336755061305958
width: 0.046352277307537285
height: 0.029369831765041345
Area: 0.0005821258961894257
CentroidX: 0.5708
CentroidY: 0.1874
