Location: Dedata_11.png_Mean-Medain.png
Component: component_1755521044776_131.png
centerX: 0.4411290322580645
centerY: 0.28612140210886294
width: 0.04959677419354839
height: 0.018808777429467086
Area: 0.0003300269353459767
CentroidX: 0.4644
CentroidY: 0.2968
