Location: internet_16.png_Mean-Medain.png
Component: component_1755087209757_224.png
centerX: 0.6747279322853688
centerY: 0.6749358426005133
width: 0.04514308746473196
height: 0.02623324779013402
Area: 0.0005613233715674542
CentroidX: 0.6981
CentroidY: 0.6883
