Location: internet_16.png_Otsu.png
Component: component_1755087209339_504.png
centerX: 0.8242644095122934
centerY: 0.7667522098659824
width: 0.044740024183796856
height: 0.02623324779013402
Area: 0.00047960737705794146
CentroidX: 0.8484
CentroidY: 0.7802
