Location: Dedata_11.png_Gaussian-Median.png
Component: component_1755521044474_287.png
centerX: 0.21451612903225806
centerY: 0.6662866913650612
width: 0.04838709677419355
height: 0.025648332858364205
Area: 0.0004589580709511946
CentroidX: 0.2382
CentroidY: 0.6806
