Location: internet_16.png_Mean-Medain.png
Component: component_1755087209758_227.png
centerX: 0.4615074566706973
centerY: 0.6806387225548902
width: 0.04353083434099154
height: 0.02737382378100941
Area: 0.0005781033085553428
CentroidX: 0.4815
CentroidY: 0.6949
