Location: Dedata_11.png_Mean-Closing.png
Component: component_1755521043904_221.png
centerX: 0.21814516129032258
centerY: 0.5146765460245084
width: 0.04879032258064516
height: 0.021658592191507554
Area: 0.0004133380523814339
CentroidX: 0.2417
CentroidY: 0.5272
