Location: Dedata_11.png_Mean-Closing.png
Component: component_1755521043843_61.png
centerX: 0.07540322580645162
centerY: 0.1176973496722713
width: 0.03790322580645161
height: 0.021373610715303505
Area: 0.00037219959734875296
CentroidX: 0.0945
CentroidY: 0.1297
