Location: internet_16.png_Gaussian-Median.png
Component: component_1755087209847_76.png
centerX: 0.841596130592503
centerY: 0.16424294268605646
width: 0.03506650544135429
height: 0.02623324779013402
Area: 0.00034732170943424376
CentroidX: 0.8573
CentroidY: 0.1767
