Location: internet_16.png_Mean-Medain.png
Component: component_1755087209732_114.png
centerX: 0.667875856509472
centerY: 0.3031080695751354
width: 0.0471584038694075
height: 0.026518391787852865
Area: 0.0006053419733918471
CentroidX: 0.6915
CentroidY: 0.3161
