Location: Dedata_11.png_Mean-Medain.png
Component: component_1755521044838_295.png
centerX: 0.1439516129032258
centerY: 0.7087489313194643
width: 0.05443548387096774
height: 0.0219435736677116
Area: 0.00044562829222552145
CentroidX: 0.1694
CentroidY: 0.7223
