Location: Dedata_11.png_Mean-Closing.png
Component: component_1755521043917_247.png
centerX: 0.3596774193548387
centerY: 0.5887717298375605
width: 0.054838709677419356
height: 0.02365346252493588
Area: 0.0004734369685325293
CentroidX: 0.3839
CentroidY: 0.6014
