Location: Dedata_11.png_Gaussian-Closing.png
Component: component_1755521044216_163.png
centerX: 0.2842741935483871
centerY: 0.3616414933029353
width: 0.04959677419354839
height: 0.020233684810487318
Area: 0.0003758767776868697
CentroidX: 0.3079
CentroidY: 0.3733
