Location: internet_16.png_Gaussian-Closing.png
Component: component_1755087209433_179.png
centerX: 0.8065296251511487
centerY: 0.5283718277730254
width: 0.05280128980249899
height: 0.03222127174222983
Area: 0.0005504049194178006
CentroidX: 0.8351
CentroidY: 0.5437
