Location: Dedata_11.png_Mean-Medain.png
Component: component_1755521044799_203.png
centerX: 0.5629032258064516
centerY: 0.4670846394984326
width: 0.05120967741935484
height: 0.0219435736677116
Area: 0.0004530975647873211
CentroidX: 0.5874
CentroidY: 0.4798
