Location: Dedata_11.png_Mean-Closing.png
Component: component_1755521043864_124.png
centerX: 0.880241935483871
centerY: 0.2775719578227415
width: 0.04516129032258064
height: 0.019948703334283273
Area: 0.0003242813410676693
CentroidX: 0.9030
CentroidY: 0.2891
