Location: Dedata_11.png_Mean-Medain.png
Component: component_1755521044765_104.png
centerX: 0.28669354838709676
centerY: 0.22285551439156454
width: 0.0375
height: 0.021373610715303505
Area: 0.00032991202346041056
CentroidX: 0.3067
CentroidY: 0.2346
