Location: internet_16.png_Gaussian-Closing.png
Component: component_1755087209409_68.png
centerX: 0.841596130592503
centerY: 0.16424294268605646
width: 0.03506650544135429
height: 0.02623324779013402
Area: 0.0003472067783589842
CentroidX: 0.8574
CentroidY: 0.1767
