Location: internet_16.png_Mean-Medain.png
Component: component_1755087209716_46.png
centerX: 0.14993954050785974
centerY: 0.09238665526090675
width: 0.037484885126964934
height: 0.02566295979469632
Area: 0.0003010044861046606
CentroidX: 0.1708
CentroidY: 0.1041
