Location: internet_16.png_Mean-Medain.png
Component: component_1755087209756_217.png
centerX: 0.24546553808948005
centerY: 0.6432848588537211
width: 0.04433696090286175
height: 0.023952095808383235
Area: 0.0005302919812473861
CentroidX: 0.2674
CentroidY: 0.6558
