Location: internet_16.png_Mean-Medain.png
Component: component_1755087209745_170.png
centerX: 0.5864570737605804
centerY: 0.49443969204448246
width: 0.055219669488109635
height: 0.02765896777872826
Area: 0.000610054147477487
CentroidX: 0.6132
CentroidY: 0.5094
