Location: Dedata_11.png_Mean-Closing.png
Component: component_1755521043838_45.png
centerX: 0.1375
centerY: 0.08093473924194927
width: 0.037096774193548385
height: 0.021658592191507554
Area: 0.0002536105314444884
CentroidX: 0.1560
CentroidY: 0.0924
