Location: Dedata_11.png_Mean-Medain.png
Component: component_1755521044788_163.png
centerX: 0.2842741935483871
centerY: 0.3616414933029353
width: 0.04959677419354839
height: 0.020518666286691366
Area: 0.00039874424291453314
CentroidX: 0.3079
CentroidY: 0.3734
