Location: Dedata_11.png_Gaussian-Median.png
Component: component_1755521044382_61.png
centerX: 0.2028225806451613
centerY: 0.11285266457680251
width: 0.044758064516129036
height: 0.021373610715303505
Area: 0.00037047591906526074
CentroidX: 0.2231
CentroidY: 0.1247
