Location: Dedata_11.png_Mean-Closing.png
Component: component_1755521043928_292.png
centerX: 0.2161290322580645
centerY: 0.7056141350812197
width: 0.05161290322580645
height: 0.02080364776289541
Area: 0.00042494415282361484
CentroidX: 0.2404
CentroidY: 0.7179
