Location: Dedata_11.png_Gaussian-Closing.png
Component: component_1755521044246_225.png
centerX: 0.07540322580645162
centerY: 0.518096323738957
width: 0.049193548387096775
height: 0.02108862923909946
Area: 0.0003875977900146168
CentroidX: 0.0994
CentroidY: 0.5302
