Location: Dedata_11.png_Gaussian-Closing.png
Component: component_1755521044098_52.png
centerX: 0.5971774193548387
centerY: 0.10914790538614991
width: 0.044758064516129036
height: 0.02108862923909946
Area: 0.00032462607672436775
CentroidX: 0.6175
CentroidY: 0.1211
