Location: Dedata_11.png_Mean-Medain.png
Component: component_1755521044837_290.png
centerX: 0.5012096774193548
centerY: 0.6962097463664861
width: 0.055645161290322584
height: 0.021373610715303505
Area: 0.0004504545914192997
CentroidX: 0.5281
CentroidY: 0.7087
