Location: internet_16.png_Mean-Medain.png
Component: component_1755087209767_274.png
centerX: 0.010479645304312777
centerY: 0.8454519532363843
width: 0.03829101168883515
height: 0.025092671799258625
Area: 0.0004962723829705706
CentroidX: 0.0301
CentroidY: 0.8578
