Location: Dedata_11.png_Gaussian-Median.png
Component: component_1755521044440_215.png
centerX: 0.29435483870967744
centerY: 0.47648902821316613
width: 0.04959677419354839
height: 0.020518666286691366
Area: 0.00045999227792128993
CentroidX: 0.3175
CentroidY: 0.4880
