Location: Dedata_11.png_Gaussian-Median.png
Component: component_1755521044442_226.png
centerX: 0.3548387096774194
centerY: 0.5104018238814477
width: 0.04596774193548387
height: 0.022798518096323737
Area: 0.0003989740666856654
CentroidX: 0.3767
CentroidY: 0.5238
