Location: Dedata_11.png_Mean-Closing.png
Component: component_1755521043872_143.png
centerX: 0.5278225806451613
centerY: 0.3149045312054716
width: 0.04879032258064516
height: 0.02108862923909946
Area: 0.00035392860754373547
CentroidX: 0.5512
CentroidY: 0.3267
