Location: Dedata_11.png_Mean-Medain.png
Component: component_1755521044809_224.png
centerX: 0.008467741935483872
centerY: 0.518096323738957
width: 0.0467741935483871
height: 0.020518666286691366
Area: 0.00039541179823311483
CentroidX: 0.0305
CentroidY: 0.5294
