Location: internet_16.png_Gaussian-Median.png
Component: component_1755087209907_267.png
centerX: 0.23055219669488108
centerY: 0.7889934416880525
width: 0.05280128980249899
height: 0.02623324779013402
Area: 0.0005674147185562083
CentroidX: 0.2561
CentroidY: 0.8031
