Location: internet_16.png_Mean-Medain.png
Component: component_1755087209734_121.png
centerX: 0.14349052801289802
centerY: 0.3193612774451098
width: 0.04353083434099154
height: 0.027088679783290562
Area: 0.0005728164790934053
CentroidX: 0.1657
CentroidY: 0.3327
