Location: internet_16.png_Mean-Medain.png
Component: component_1755087209729_97.png
centerX: 0.08464328899637243
centerY: 0.2298260621613915
width: 0.04877065699314793
height: 0.0290846877673225
Area: 0.0005766092045769691
CentroidX: 0.1102
CentroidY: 0.2443
