Location: Dedata_11.png_Gaussian-Closing.png
Component: component_1755521044244_221.png
centerX: 0.28669354838709676
centerY: 0.51268167569108
width: 0.04959677419354839
height: 0.022513536620119692
Area: 0.000389321468298109
CentroidX: 0.3115
CentroidY: 0.5256
