Location: Dedata_11.png_Gaussian-Closing.png
Component: component_1755521044249_232.png
centerX: 0.46411290322580645
centerY: 0.5443146195497293
width: 0.04959677419354839
height: 0.022513536620119692
Area: 0.0003959863576609456
CentroidX: 0.4872
CentroidY: 0.5579
