Location: Dedata_11.png_Gaussian-Median.png
Component: component_1755521044467_270.png
centerX: 0.3975806451612903
centerY: 0.6246793958392705
width: 0.054838709677419356
height: 0.01937874038187518
Area: 0.0004113845503268094
CentroidX: 0.4214
CentroidY: 0.6365
