Location: internet_16.png_Mean-Medain.png
Component: component_1755087209757_222.png
centerX: 0.7468762595727529
centerY: 0.6703735386370117
width: 0.04393389762192664
height: 0.02737382378100941
Area: 0.0005685640293088033
CentroidX: 0.7696
CentroidY: 0.6847
