Location: Dedata_11.png_Gaussian-Median.png
Component: component_1755521044442_225.png
centerX: 0.4221774193548387
centerY: 0.5092618979766316
width: 0.05161290322580645
height: 0.023083499572527786
Area: 0.0004205775011721012
CentroidX: 0.4471
CentroidY: 0.5221
