Location: internet_16.png_Mean-Medain.png
Component: component_1755087209715_38.png
centerX: 0.7549375251914551
centerY: 0.08297690333618478
width: 0.046352277307537285
height: 0.027944111776447105
Area: 0.00033835708556400186
CentroidX: 0.7778
CentroidY: 0.0959
