Location: internet_16.png_Mean-Medain.png
Component: component_1755087209735_126.png
centerX: 0.7416364369205966
centerY: 0.34587966923296265
width: 0.04393389762192664
height: 0.0290846877673225
Area: 0.000619248633498248
CentroidX: 0.7649
CentroidY: 0.3598
