Location: Dedata_11.png_Mean-Medain.png
Component: component_1755521044721_6.png
centerX: 0.2778225806451613
centerY: 0.009974351667141636
width: 0.04112903225806452
height: 0.020233684810487318
Area: 0.0002799253532391362
CentroidX: 0.2980
CentroidY: 0.0217
