Location: internet_16.png_Mean-Medain.png
Component: component_1755087209758_230.png
centerX: 0.24586860137041516
centerY: 0.6914741944682065
width: 0.0471584038694075
height: 0.028229255774165955
Area: 0.0005970669359731622
CentroidX: 0.2686
CentroidY: 0.7066
