Location: Dedata_11.png_Mean-Medain.png
Component: component_1755521044837_292.png
centerX: 0.34919354838709676
centerY: 0.6999145055571387
width: 0.05846774193548387
height: 0.023083499572527786
Area: 0.00048044659355206426
CentroidX: 0.3777
CentroidY: 0.7129
