Location: Dedata_11.png_Mean-Medain.png
Component: component_1755521044791_178.png
centerX: 0.35443548387096774
centerY: 0.3995440296380735
width: 0.04112903225806452
height: 0.018808777429467086
Area: 0.00034818301326542805
CentroidX: 0.3737
CentroidY: 0.4102
