Location: internet_16.png_Otsu.png
Component: component_1755087209320_416.png
centerX: 0.23135832325675132
centerY: 0.4639292842885657
width: 0.04312777106005643
height: 0.02566295979469632
Area: 0.0004839747579178029
CentroidX: 0.2538
CentroidY: 0.4770
