Location: internet_16.png_Mean-Medain.png
Component: component_1755087209708_14.png
centerX: 0.1414752116082225
centerY: 0.014257199885942401
width: 0.041112454655380895
height: 0.026803535785571715
Area: 0.0003000850375025845
CentroidX: 0.1626
CentroidY: 0.0274
