Location: internet_16.png_Mean-Medain.png
Component: component_1755087209708_10.png
centerX: 0.9109230149133414
centerY: 0.009409751924721984
width: 0.041112454655380895
height: 0.02423723980610208
Area: 0.0003168649744904732
CentroidX: 0.9329
CentroidY: 0.0212
