Location: Dedata_11.png_Mean-Closing.png
Component: component_1755521043844_65.png
centerX: 0.45161290322580644
centerY: 0.1390709603875748
width: 0.042741935483870966
height: 0.021658592191507554
Area: 0.0003782899272837588
CentroidX: 0.4726
CentroidY: 0.1516
