Location: Dedata_11.png_Mean-Medain.png
Component: component_1755521044825_255.png
centerX: 0.9314516129032258
centerY: 0.6047306925049871
width: 0.04717741935483871
height: 0.023083499572527786
Area: 0.00040793719375982495
CentroidX: 0.9542
CentroidY: 0.6190
