Location: Dedata_11.png_Gaussian-Median.png
Component: component_1755521044433_197.png
centerX: 0.28830645161290325
centerY: 0.4377315474494158
width: 0.05725806451612903
height: 0.02080364776289541
Area: 0.00042896606881843004
CentroidX: 0.3159
CentroidY: 0.4501
