Location: Dedata_11.png_Mean-Closing.png
Component: component_1755521043925_280.png
centerX: 0.08266129032258064
centerY: 0.6711313764605301
width: 0.04596774193548387
height: 0.023938444001139925
Area: 0.0004310344827586207
CentroidX: 0.1054
CentroidY: 0.6851
