Location: Dedata_11.png_Gaussian-Closing.png
Component: component_1755521044204_141.png
centerX: 0.8580645161290322
centerY: 0.30692504987175834
width: 0.04798387096774193
height: 0.02080364776289541
Area: 0.0004085117531876557
CentroidX: 0.8796
CentroidY: 0.3191
