Location: internet_16.png_Otsu.png
Component: component_1755087209296_203.png
centerX: 0.07456670697299476
centerY: 0.09552323923581409
width: 0.03869407496977025
height: 0.023952095808383235
Area: 0.00015354791654670734
CentroidX: 0.0929
CentroidY: 0.1064
