Location: Dedata_1.png_Otsu.png
Component: component_1755524255197_25.png
centerX: 0.6048387096774194
centerY: 0.09090909090909091
width: 0.029838709677419355
height: 0.0353377030493018
Area: 0.0005958181266604767
CentroidX: 0.6203
CentroidY: 0.1082
