Location: Dedata_1.png_Mean-Medain.png
Component: component_1755524255113_206.png
centerX: 0.419758064516129
centerY: 0.579082359646623
width: 0.025
height: 0.038472499287546306
Area: 0.00047607994190055063
CentroidX: 0.4328
CentroidY: 0.5993
