Location: Dedata_1.png_Mean-Medain.png
Component: component_1755524255142_343.png
centerX: 0.39395161290322583
centerY: 0.969222000569963
width: 0.03225806451612903
height: 0.027643203191792535
Area: 0.0003388751505345701
CentroidX: 0.4054
CentroidY: 0.9842
