Location: Dedata_1.png_Mean-Medain.png
Component: component_1755524255103_161.png
centerX: 0.9008064516129032
centerY: 0.46053006554573955
width: 0.03870967741935484
height: 0.03134796238244514
Area: 0.0006046663418490701
CentroidX: 0.9204
CentroidY: 0.4784
