Location: Dedata_1.png_Mean-Medain.png
Component: component_1755524255106_173.png
centerX: 0.19274193548387097
centerY: 0.4881732687375321
width: 0.035483870967741936
height: 0.0353377030493018
Area: 0.0006279934546189981
CentroidX: 0.2085
CentroidY: 0.5067
