Location: Dedata_1.png_Otsu.png
Component: component_1755524255193_8.png
centerX: 0.5241935483870968
centerY: 0.031917925334853235
width: 0.02903225806451613
height: 0.037047591906526074
Area: 0.0005677796265823367
CentroidX: 0.5386
CentroidY: 0.0493
