Location: Dedata_1.png_Gaussian-Closing.png
Component: component_1755524254710_311.png
centerX: 0.6221774193548387
centerY: 0.9125106868053576
width: 0.021774193548387097
height: 0.030777999430037048
Area: 0.0003080787652028425
CentroidX: 0.6312
CentroidY: 0.9284
