Location: Dedata_1.png_Gaussian-Closing.png
Component: component_1755524254676_153.png
centerX: 0.028629032258064516
centerY: 0.4554003989740667
width: 0.024596774193548387
height: 0.028498147620404674
Area: 0.0004524080934739242
CentroidX: 0.0411
CentroidY: 0.4690
