Location: Dedata_1.png_Otsu.png
Component: component_1755524255208_81.png
centerX: 0.6512096774193549
centerY: 0.2599031062980906
width: 0.03024193548387097
height: 0.03619264747791394
Area: 0.0005664006839555429
CentroidX: 0.6662
CentroidY: 0.2775
