Location: Dedata_1.png_Mean-Medain.png
Component: component_1755524255129_274.png
centerX: 0.6939516129032258
centerY: 0.7882587631803932
width: 0.03064516129032258
height: 0.037902536335138216
Area: 0.000438273931549288
CentroidX: 0.7059
CentroidY: 0.8096
