Location: Dedata_1.png_Gaussian-Median.png
Component: component_1755524254837_267.png
centerX: 0.7540322580645161
centerY: 0.7292675976061556
width: 0.038306451612903226
height: 0.039042462239954404
Area: 0.00045780895209553314
CentroidX: 0.7712
CentroidY: 0.7514
