Location: Dedata_1.png_Gaussian-Median.png
Component: component_1755524254849_285.png
centerX: 0.6943548387096774
centerY: 0.7882587631803932
width: 0.03024193548387097
height: 0.037902536335138216
Area: 0.00040690298678972963
CentroidX: 0.7060
CentroidY: 0.8095
