Location: Dedata_1.png_Mean-Medain.png
Component: component_1755524255056_26.png
centerX: 0.9508064516129032
centerY: 0.07722998005129666
width: 0.03346774193548387
height: 0.045027073240239385
Area: 0.0007800218792230118
CentroidX: 0.9675
CentroidY: 0.0988
