Location: Dedata_1.png_Mean-Medain.png
Component: component_1755524255121_237.png
centerX: 0.6568548387096774
centerY: 0.676831005984611
width: 0.029838709677419355
height: 0.03761755485893417
Area: 0.0004301151876740915
CentroidX: 0.6690
CentroidY: 0.6972
