Location: Dedata_1.png_Gaussian-Closing.png
Component: component_1755524254659_75.png
centerX: 0.2318548387096774
centerY: 0.2231404958677686
width: 0.031048387096774193
height: 0.039612425192362494
Area: 0.0006078838746449223
CentroidX: 0.2485
CentroidY: 0.2427
