Location: Dedata_1.png_Gaussian-Median.png
Component: component_1755524254800_171.png
centerX: 0.7975806451612903
centerY: 0.46195497292675974
width: 0.03306451612903226
height: 0.0347677400968937
Area: 0.0005832927311337666
CentroidX: 0.8119
CentroidY: 0.4807
