Location: Dedata_1.png_Otsu.png
Component: component_1755524255219_137.png
centerX: 0.617741935483871
centerY: 0.41635793673411226
width: 0.03790322580645161
height: 0.03733257338273012
Area: 0.0006510907436177939
CentroidX: 0.6358
CentroidY: 0.4368
