Location: Dedata_1.png_Gaussian-Closing.png
Component: component_1755524254645_9.png
centerX: 0.7423387096774193
centerY: 0.02792818466799658
width: 0.027419354838709678
height: 0.034482758620689655
Area: 0.0005835225549048989
CentroidX: 0.7555
CentroidY: 0.0443
