Location: Dedata_1.png_Mean-Medain.png
Component: component_1755524255133_291.png
centerX: 0.9661290322580646
centerY: 0.8458250213736107
width: 0.021370967741935483
height: 0.03676261043032203
Area: 0.00038461008098989694
CentroidX: 0.9757
CentroidY: 0.8641
