Location: Dedata_1.png_Gaussian-Median.png
Component: component_1755524254785_105.png
centerX: 0.20927419354838708
centerY: 0.27899686520376177
width: 0.03387096774193549
height: 0.03505272157309775
Area: 0.0005736401327462102
CentroidX: 0.2242
CentroidY: 0.2973
