Location: Dedata_1.png_Gaussian-Median.png
Component: component_1755524254823_261.png
centerX: 0.01653225806451613
centerY: 0.7050441721288117
width: 0.027822580645161292
height: 0.03277286976346538
Area: 0.00040667316301859735
CentroidX: 0.0312
CentroidY: 0.7230
