Location: Dedata_1.png_Otsu.png
Component: component_1755524255244_348.png
centerX: 0.771774193548387
centerY: 0.6249643773154745
width: 0.028225806451612902
height: 0.03562268452550584
Area: 0.00036036367313543974
CentroidX: 0.7850
CentroidY: 0.6447
