Location: Dedata_1.png_Gaussian-Median.png
Component: component_1755524254813_235.png
centerX: 0.5209677419354839
centerY: 0.6286691365061271
width: 0.03024193548387097
height: 0.03733257338273012
Area: 0.0004822851837211226
CentroidX: 0.5346
CentroidY: 0.6489
