Location: Dedata_1.png_Gaussian-Median.png
Component: component_1755524254778_72.png
centerX: 0.8092741935483871
centerY: 0.19863208891422057
width: 0.03225806451612903
height: 0.03733257338273012
Area: 0.0005469805752948639
CentroidX: 0.8243
CentroidY: 0.2171
