Location: Dedata_1.png_Mean-Medain.png
Component: component_1755524255075_49.png
centerX: 0.8491935483870968
centerY: 0.1433456825306355
width: 0.03467741935483871
height: 0.03590766600170989
Area: 0.0006400592026034437
CentroidX: 0.8649
CentroidY: 0.1607
