Location: Dedata_1.png_Gaussian-Median.png
Component: component_1755524254817_250.png
centerX: 0.8387096774193549
centerY: 0.6811057281276717
width: 0.034274193548387094
height: 0.029923055001424906
Area: 0.00034795318949429576
CentroidX: 0.8538
CentroidY: 0.6980
