Location: Dedata_1.png_Gaussian-Median.png
Component: component_1755524254804_195.png
centerX: 0.6387096774193548
centerY: 0.5175263607865489
width: 0.03588709677419355
height: 0.03419777714448561
Area: 0.0004081670175309573
CentroidX: 0.6570
CentroidY: 0.5379
