Location: Dedata_1.png_Mean-Medain.png
Component: component_1755524255132_284.png
centerX: 0.21975806451612903
centerY: 0.8016528925619835
width: 0.02620967741935484
height: 0.036477628954117984
Area: 0.0003750723944879067
CentroidX: 0.2333
CentroidY: 0.8186
