Location: Dedata_1.png_Gaussian-Median.png
Component: component_1755524254769_27.png
centerX: 0.04314516129032258
centerY: 0.049586776859504134
width: 0.035483870967741936
height: 0.03875748076375036
Area: 0.0006471837395085449
CentroidX: 0.0608
CentroidY: 0.0673
