Location: Dedata_1.png_Otsu.png
Component: component_1755524255290_865.png
centerX: 0.9463709677419355
centerY: 0.9592476489028213
width: 0.03064516129032258
height: 0.030777999430037048
Area: 0.00032623484312229383
CentroidX: 0.9599
CentroidY: 0.9756
