Location: Dedata_1.png_Otsu.png
Component: component_1755524255247_382.png
centerX: 0.03024193548387097
centerY: 0.6511826731262468
width: 0.02903225806451613
height: 0.03334283271587347
Area: 0.0002294790354755973
CentroidX: 0.0461
CentroidY: 0.6694
