Location: Dedata_1.png_Gaussian-Median.png
Component: component_1755524254782_89.png
centerX: 0.9552419354838709
centerY: 0.24565403248788828
width: 0.03024193548387097
height: 0.03932744371615845
Area: 0.0005917962106656616
CentroidX: 0.9703
CentroidY: 0.2644
