Location: Dedata_1.png_Mean-Medain.png
Component: component_1755524255138_319.png
centerX: 0.6806451612903226
centerY: 0.9119407238529496
width: 0.027016129032258064
height: 0.03163294385864919
Area: 0.0004120740216402063
CentroidX: 0.6921
CentroidY: 0.9275
