Location: Dedata_1.png_Mean-Medain.png
Component: component_1755524255109_190.png
centerX: 0.26370967741935486
centerY: 0.5332003419777714
width: 0.02661290322580645
height: 0.03220290681105728
Area: 0.0005020500280385001
CentroidX: 0.2763
CentroidY: 0.5500
