Location: Dedata_1.png_Otsu.png
Component: component_1755524255238_265.png
centerX: 0.8516129032258064
centerY: 0.5722428042177259
width: 0.02217741935483871
height: 0.02963807352522086
Area: 0.0002686639884536537
CentroidX: 0.8617
CentroidY: 0.5878
