Location: Dedata_1.png_Mean-Medain.png
Component: component_1755524255118_228.png
centerX: 0.2967741935483871
centerY: 0.6372185807922485
width: 0.03024193548387097
height: 0.03676261043032203
Area: 0.00048665183537263625
CentroidX: 0.3113
CentroidY: 0.6574
