Location: Dedata_1.png_Gaussian-Median.png
Component: component_1755524254802_184.png
centerX: 0.13870967741935483
centerY: 0.49301795383300084
width: 0.031451612903225803
height: 0.03562268452550584
Area: 0.0005774322249698931
CentroidX: 0.1532
CentroidY: 0.5118
