Location: Dedata_1.png_Otsu.png
Component: component_1755524255204_62.png
centerX: 0.7544354838709677
centerY: 0.20917640353377032
width: 0.035483870967741936
height: 0.02963807352522086
Area: 0.0005230789030971052
CentroidX: 0.7695
CentroidY: 0.2248
