Location: Dedata_1.png_Mean-Medain.png
Component: component_1755524255139_326.png
centerX: 0.8838709677419355
centerY: 0.957537760045597
width: 0.03185483870967742
height: 0.034482758620689655
Area: 0.00042827659750503314
CentroidX: 0.8981
CentroidY: 0.9751
