Location: Dedata_1.png_Mean-Medain.png
Component: component_1755524255098_133.png
centerX: 0.4092741935483871
centerY: 0.3787403818751781
width: 0.028629032258064516
height: 0.03277286976346538
Area: 0.0005272157309774865
CentroidX: 0.4218
CentroidY: 0.3956
