Location: Dedata_1.png_Otsu.png
Component: component_1755524255255_464.png
centerX: 0.45
centerY: 0.7400968937019093
width: 0.024193548387096774
height: 0.034482758620689655
Area: 0.0002739499351896965
CentroidX: 0.4592
CentroidY: 0.7576
