Location: Dedata_1.png_Mean-Medain.png
Component: component_1755524255048_11.png
centerX: 0.6266129032258064
centerY: 0.031062980906241093
width: 0.03387096774193549
height: 0.03505272157309775
Area: 0.0006291425734746596
CentroidX: 0.6430
CentroidY: 0.0476
