Location: Dedata_1.png_Gaussian-Median.png
Component: component_1755524254774_54.png
centerX: 0.8491935483870968
centerY: 0.14363066400683955
width: 0.03508064516129032
height: 0.03562268452550584
Area: 0.0006090329935005838
CentroidX: 0.8649
CentroidY: 0.1609
