Location: Dedata_1.png_Otsu.png
Component: component_1755524255197_26.png
centerX: 0.45645161290322583
centerY: 0.0926189797663152
width: 0.03346774193548387
height: 0.039612425192362494
Area: 0.0006853344855165059
CentroidX: 0.4736
CentroidY: 0.1112
