Location: Dedata_1.png_Gaussian-Median.png
Component: component_1755524254794_148.png
centerX: 0.05524193548387097
centerY: 0.4003989740666857
width: 0.031451612903225803
height: 0.03505272157309775
Area: 0.0006182259443458756
CentroidX: 0.0697
CentroidY: 0.4179
