Location: Dedata_1.png_Mean-Medain.png
Component: component_1755524255138_320.png
centerX: 0.6217741935483871
centerY: 0.9125106868053576
width: 0.02217741935483871
height: 0.031062980906241093
Area: 0.0003374962079077763
CentroidX: 0.6312
CentroidY: 0.9285
