Location: Dedata_1.png_Gaussian-Median.png
Component: component_1755524254890_314.png
centerX: 0.03346774193548387
centerY: 0.8640638358506697
width: 0.03024193548387097
height: 0.03619264747791394
Area: 0.0004301151876740915
CentroidX: 0.0470
CentroidY: 0.8827
