Location: Dedata_1.png_Mean-Medain.png
Component: component_1755524255124_255.png
centerX: 0.6004032258064517
centerY: 0.7281276717013394
width: 0.029838709677419355
height: 0.04331718438301511
Area: 0.0005150350711074748
CentroidX: 0.6176
CentroidY: 0.7513
