Location: Dedata_1.png_Gaussian-Median.png
Component: component_1755524254775_58.png
centerX: 0.5975806451612903
centerY: 0.14990025648332858
width: 0.031048387096774193
height: 0.036477628954117984
Area: 0.0005875444708997141
CentroidX: 0.6127
CentroidY: 0.1674
