Location: Dedata_1.png_Gaussian-Closing.png
Component: component_1755524254676_150.png
centerX: 0.18508064516129033
centerY: 0.43858649187802795
width: 0.03346774193548387
height: 0.04103733257338273
Area: 0.0006581003686373289
CentroidX: 0.2003
CentroidY: 0.4602
