Location: Dedata_1.png_Gaussian-Closing.png
Component: component_1755524254715_333.png
centerX: 0.646774193548387
centerY: 0.9683670561413508
width: 0.028629032258064516
height: 0.02536335138216016
Area: 0.0002760183491298872
CentroidX: 0.6602
CentroidY: 0.9814
