Location: Dedata_1.png_Mean-Medain.png
Component: component_1755524255121_239.png
centerX: 0.7745967741935483
centerY: 0.6811057281276717
width: 0.035483870967741936
height: 0.03163294385864919
Area: 0.0003710504784930915
CentroidX: 0.7891
CentroidY: 0.6985
