Location: Dedata_1.png_Otsu.png
Component: component_1755524255294_875.png
centerX: 0.16572580645161292
centerY: 0.963237389569678
width: 0.021774193548387097
height: 0.031917925334853235
Area: 0.000235454453525037
CentroidX: 0.1765
CentroidY: 0.9785
