Location: Dedata_1.png_Gaussian-Median.png
Component: component_1755524254842_273.png
centerX: 0.3919354838709677
centerY: 0.7400968937019093
width: 0.028629032258064516
height: 0.03818751781134226
Area: 0.00037093556660752536
CentroidX: 0.4043
CentroidY: 0.7608
