Location: Dedata_1.png_Mean-Medain.png
Component: component_1755524255108_186.png
centerX: 0.42782258064516127
centerY: 0.5246508976916501
width: 0.035483870967741936
height: 0.036477628954117984
Area: 0.0006053558131624671
CentroidX: 0.4438
CentroidY: 0.5433
