Location: Dedata_1.png_Gaussian-Closing.png
Component: component_1755524254700_261.png
centerX: 0.1032258064516129
centerY: 0.7540609860359077
width: 0.02903225806451613
height: 0.0347677400968937
Area: 0.0004023065113670837
CentroidX: 0.1168
CentroidY: 0.7726
