Location: Dedata_1.png_Otsu.png
Component: component_1755524255195_18.png
centerX: 0.9512096774193548
centerY: 0.07751496152750072
width: 0.032661290322580645
height: 0.04445711028783129
Area: 0.0007188887561018211
CentroidX: 0.9674
CentroidY: 0.0987
