Location: Dedata_1.png_Otsu.png
Component: component_1755524255238_267.png
centerX: 0.5782258064516129
centerY: 0.5759475634083785
width: 0.02338709677419355
height: 0.03562268452550584
Area: 0.00021442557846643195
CentroidX: 0.5901
CentroidY: 0.5925
