Location: Dedata_1.png_Mean-Medain.png
Component: component_1755524255115_209.png
centerX: 0.31129032258064515
centerY: 0.5833570817896837
width: 0.028225806451612902
height: 0.03761755485893417
Area: 0.0004856176284025409
CentroidX: 0.3246
CentroidY: 0.6033
