Location: Dedata_1.png_Otsu.png
Component: component_1755524255292_872.png
centerX: 0.225
centerY: 0.9629524080934739
width: 0.025
height: 0.033912795668281565
Area: 0.00024200443100230742
CentroidX: 0.2367
CentroidY: 0.9808
