Location: Dedata_1.png_Gaussian-Median.png
Component: component_1755524254899_326.png
centerX: 0.46411290322580645
centerY: 0.9119407238529496
width: 0.024596774193548387
height: 0.03505272157309775
Area: 0.0003507110747478833
CentroidX: 0.4739
CentroidY: 0.9301
