Location: Dedata_1.png_Gaussian-Closing.png
Component: component_1755524254651_32.png
centerX: 0.5580645161290323
centerY: 0.09318894271872329
width: 0.028629032258064516
height: 0.03562268452550584
Area: 0.0005940944483769845
CentroidX: 0.5732
CentroidY: 0.1110
