Location: Dedata_1.png_Mean-Medain.png
Component: component_1755524255117_221.png
centerX: 0.6391129032258065
centerY: 0.6246793958392705
width: 0.034274193548387094
height: 0.039612425192362494
Area: 0.0005148052473363425
CentroidX: 0.6577
CentroidY: 0.6471
