Location: Dedata_1.png_Mean-Medain.png
Component: component_1755524255140_328.png
centerX: 0.7838709677419354
centerY: 0.9595326303790254
width: 0.02620967741935484
height: 0.031917925334853235
Area: 0.00036599435552818097
CentroidX: 0.7966
CentroidY: 0.9757
