Location: Dedata_1.png_Otsu.png
Component: component_1755524255295_879.png
centerX: 0.6951612903225807
centerY: 0.9649472784269022
width: 0.02338709677419355
height: 0.027358221715588486
Area: 0.00020224491859642025
CentroidX: 0.7068
CentroidY: 0.9777
