Location: Dedata_1.png_Gaussian-Closing.png
Component: component_1755524254651_33.png
centerX: 0.3995967741935484
centerY: 0.09375890567113138
width: 0.034274193548387094
height: 0.04075235109717868
Area: 0.000701766885152465
CentroidX: 0.4197
CentroidY: 0.1135
