Location: Dedata_1.png_Gaussian-Median.png
Component: component_1755524254851_290.png
centerX: 0.32620967741935486
centerY: 0.7976631518951268
width: 0.02903225806451613
height: 0.03590766600170989
Area: 0.00040242142325264986
CentroidX: 0.3381
CentroidY: 0.8171
