Location: Dedata_1.png_Mean-Medain.png
Component: component_1755524255103_162.png
centerX: 0.7975806451612903
centerY: 0.4616699914505557
width: 0.03306451612903226
height: 0.0353377030493018
Area: 0.0006225925959973892
CentroidX: 0.8118
CentroidY: 0.4807
