Location: Dedata_1.png_Otsu.png
Component: component_1755524255262_491.png
centerX: 0.2778225806451613
centerY: 0.7512111712738672
width: 0.02903225806451613
height: 0.030208036477628954
Area: 0.00024280881420127046
CentroidX: 0.2902
CentroidY: 0.7679
