Location: Dedata_1.png_Gaussian-Median.png
Component: component_1755524254790_128.png
centerX: 0.0657258064516129
centerY: 0.3539469934454261
width: 0.028629032258064516
height: 0.03305785123966942
Area: 0.0005111280669982258
CentroidX: 0.0791
CentroidY: 0.3701
