Location: Dedata_1.png_Gaussian-Median.png
Component: component_1755524254777_67.png
centerX: 0.11290322580645161
centerY: 0.1744086634368766
width: 0.04435483870967742
height: 0.03505272157309775
Area: 0.0006856792211732043
CentroidX: 0.1392
CentroidY: 0.1922
