Location: Dedata_1.png_Otsu.png
Component: component_1755524255193_5.png
centerX: 0.7423387096774193
centerY: 0.02792818466799658
width: 0.027016129032258064
height: 0.03419777714448561
Area: 0.0005632980630452569
CentroidX: 0.7555
CentroidY: 0.0442
