Location: Dedata_1.png_Gaussian-Median.png
Component: component_1755524254846_281.png
centerX: 0.8907258064516129
centerY: 0.7839840410373325
width: 0.02903225806451613
height: 0.036477628954117984
Area: 0.0004278169499627686
CentroidX: 0.9033
CentroidY: 0.8033
