Location: Dedata_1.png_Gaussian-Closing.png
Component: component_1755524254693_235.png
centerX: 0.5887096774193549
centerY: 0.6836705614135081
width: 0.03508064516129032
height: 0.031917925334853235
Area: 0.00037576186580130354
CentroidX: 0.6042
CentroidY: 0.7013
