Location: Dedata_1.png_Otsu.png
Component: component_1755524255252_449.png
centerX: 0.9149193548387097
centerY: 0.7252778569392989
width: 0.02056451612903226
height: 0.03619264747791394
Area: 0.0002255720313663483
CentroidX: 0.9239
CentroidY: 0.7432
