Location: Dedata_1.png_Gaussian-Closing.png
Component: component_1755524254712_324.png
centerX: 0.22419354838709676
centerY: 0.9623824451410659
width: 0.02661290322580645
height: 0.0347677400968937
Area: 0.00036231717519006425
CentroidX: 0.2365
CentroidY: 0.9800
