Location: Dedata_1.png_Gaussian-Closing.png
Component: component_1755524254682_183.png
centerX: 0.36774193548387096
centerY: 0.5263607865488743
width: 0.0375
height: 0.03419777714448561
Area: 0.000608458434072753
CentroidX: 0.3850
CentroidY: 0.5456
