Location: Dedata_1.png_Otsu.png
Component: component_1755524255192_1.png
centerX: 0.9520161290322581
centerY: 0.016243944143630663
width: 0.03064516129032258
height: 0.04018238814477059
Area: 0.0006814274814072569
CentroidX: 0.9665
CentroidY: 0.0354
