Location: Dedata_1.png_Gaussian-Median.png
Component: component_1755524254767_15.png
centerX: 0.6814516129032258
centerY: 0.029068110572812767
width: 0.03387096774193549
height: 0.034482758620689655
Area: 0.0005844418499894281
CentroidX: 0.6969
CentroidY: 0.0460
