Location: Dedata_1.png_Otsu.png
Component: component_1755524255212_102.png
centerX: 0.5713709677419355
centerY: 0.31718438301510404
width: 0.03508064516129032
height: 0.04018238814477059
Area: 0.0005832927311337666
CentroidX: 0.5874
CentroidY: 0.3389
