Location: Dedata_1.png_Mean-Medain.png
Component: component_1755524255096_127.png
centerX: 0.7354838709677419
centerY: 0.3633513821601596
width: 0.037096774193548385
height: 0.03163294385864919
Area: 0.0005803050221090468
CentroidX: 0.7509
CentroidY: 0.3804
