Location: Dedata_1.png_Otsu.png
Component: component_1755524255205_65.png
centerX: 0.49516129032258066
centerY: 0.213451125676831
width: 0.03185483870967742
height: 0.03761755485893417
Area: 0.0006243162742808814
CentroidX: 0.5108
CentroidY: 0.2317
