Location: Dedata_1.png_Gaussian-Closing.png
Component: component_1755524254667_107.png
centerX: 0.5709677419354838
centerY: 0.31718438301510404
width: 0.03588709677419355
height: 0.04018238814477059
Area: 0.0006177662968036109
CentroidX: 0.5874
CentroidY: 0.3389
