Location: Dedata_1.png_Mean-Medain.png
Component: component_1755524255119_229.png
centerX: 0.24435483870967742
centerY: 0.640353377030493
width: 0.028225806451612902
height: 0.03932744371615845
Area: 0.0005148052473363425
CentroidX: 0.2582
CentroidY: 0.6609
