Location: Dedata_1.png_Mean-Medain.png
Component: component_1755524255087_87.png
centerX: 0.7979838709677419
centerY: 0.2510686805357652
width: 0.037096774193548385
height: 0.03932744371615845
Area: 0.0006603986063486518
CentroidX: 0.8161
CentroidY: 0.2714
