Location: Dedata_1.png_Gaussian-Closing.png
Component: component_1755524254712_325.png
centerX: 0.3524193548387097
centerY: 0.9623824451410659
width: 0.02217741935483871
height: 0.03362781419207751
Area: 0.0002962428409895292
CentroidX: 0.3623
CentroidY: 0.9783
