Location: Dedata_1.png_Otsu.png
Component: component_1755524255248_406.png
centerX: 0.6580645161290323
centerY: 0.6776859504132231
width: 0.028225806451612902
height: 0.036477628954117984
Area: 0.0001984528263727374
CentroidX: 0.6687
CentroidY: 0.6970
