Location: Dedata_1.png_Gaussian-Median.png
Component: component_1755524254877_307.png
centerX: 0.6931451612903226
centerY: 0.8515246508976917
width: 0.03225806451612903
height: 0.03562268452550584
Area: 0.00042345029831125495
CentroidX: 0.7055
CentroidY: 0.8703
