Location: Dedata_1.png_Mean-Medain.png
Component: component_1755524255085_78.png
centerX: 0.2782258064516129
centerY: 0.2208606440581362
width: 0.03870967741935484
height: 0.039612425192362494
Area: 0.0006834958953474476
CentroidX: 0.2970
CentroidY: 0.2415
