Location: Dedata_1.png_Mean-Medain.png
Component: component_1755524255142_341.png
centerX: 0.5475806451612903
centerY: 0.9672271302365346
width: 0.025403225806451612
height: 0.029923055001424906
Area: 0.00031256032873992225
CentroidX: 0.5602
CentroidY: 0.9815
