Location: Dedata_1.png_Gaussian-Closing.png
Component: component_1755524254650_31.png
centerX: 0.4560483870967742
centerY: 0.0926189797663152
width: 0.034274193548387094
height: 0.039612425192362494
Area: 0.0007082019507441694
CentroidX: 0.4735
CentroidY: 0.1113
