Location: Dedata_1.png_Otsu.png
Component: component_1755524255285_804.png
centerX: 0.6229838709677419
centerY: 0.9127956682815617
width: 0.02056451612903226
height: 0.030208036477628954
Area: 0.00023338603958484634
CentroidX: 0.6312
CentroidY: 0.9281
