Location: Dedata_1.png_Mean-Medain.png
Component: component_1755524255131_281.png
centerX: 0.44314516129032255
centerY: 0.7982331148475349
width: 0.027016129032258064
height: 0.03590766600170989
Area: 0.00038104781253734635
CentroidX: 0.4536
CentroidY: 0.8170
