Location: Dedata_1.png_Mean-Medain.png
Component: component_1755524255096_125.png
centerX: 0.8439516129032258
centerY: 0.3610715303505272
width: 0.03508064516129032
height: 0.029353092049016812
Area: 0.000513656128480681
CentroidX: 0.8578
CentroidY: 0.3767
