Location: Dedata_1.png_Otsu.png
Component: component_1755524255239_273.png
centerX: 0.31209677419354837
centerY: 0.5836420632658877
width: 0.02056451612903226
height: 0.03676261043032203
Area: 0.0002102887505860506
CentroidX: 0.3229
CentroidY: 0.6004
