Location: Dedata_1.png_Mean-Medain.png
Component: component_1755524255133_293.png
centerX: 0.7536290322580645
centerY: 0.847534910230835
width: 0.025
height: 0.03676261043032203
Area: 0.00042931080447512846
CentroidX: 0.7651
CentroidY: 0.8671
