Location: Dedata_1.png_Gaussian-Closing.png
Component: component_1755524254677_159.png
centerX: 0.682258064516129
centerY: 0.46679965802222856
width: 0.03669354838709677
height: 0.037047591906526074
Area: 0.000660513518234218
CentroidX: 0.6987
CentroidY: 0.4870
