Location: Dedata_1.png_Gaussian-Closing.png
Component: component_1755524254685_198.png
centerX: 0.8508064516129032
centerY: 0.5713878597891137
width: 0.02379032258064516
height: 0.031062980906241093
Area: 0.0003650750604436518
CentroidX: 0.8616
CentroidY: 0.5875
