Location: Dedata_1.png_Gaussian-Median.png
Component: component_1755524254773_46.png
centerX: 0.17903225806451614
centerY: 0.11313764605300655
width: 0.03387096774193549
height: 0.038472499287546306
Area: 0.0006963660265308561
CentroidX: 0.1962
CentroidY: 0.1326
