Location: Dedata_1.png_Gaussian-Median.png
Component: component_1755524254838_268.png
centerX: 0.8169354838709677
centerY: 0.7289826161299515
width: 0.02379032258064516
height: 0.037047591906526074
Area: 0.00040862666507322185
CentroidX: 0.8289
CentroidY: 0.7476
