Location: Dedata_1.png_Mean-Medain.png
Component: component_1755524255118_224.png
centerX: 0.5209677419354839
centerY: 0.6286691365061271
width: 0.03024193548387097
height: 0.03761755485893417
Area: 0.0005227341674404067
CentroidX: 0.5346
CentroidY: 0.6489
