Location: Dedata_1.png_Otsu.png
Component: component_1755524255215_116.png
centerX: 0.8443548387096774
centerY: 0.3613565118267313
width: 0.034274193548387094
height: 0.028783129096608722
Area: 0.0004674615504830896
CentroidX: 0.8578
CentroidY: 0.3766
