Location: Dedata_1.png_Otsu.png
Component: component_1755524255211_100.png
centerX: 0.7318548387096774
centerY: 0.30891992020518666
width: 0.031048387096774193
height: 0.037047591906526074
Area: 0.0005953584791182122
CentroidX: 0.7468
CentroidY: 0.3283
