Location: Dedata_1.png_Otsu.png
Component: component_1755524255264_504.png
centerX: 0.10685483870967742
centerY: 0.7552009119407238
width: 0.018548387096774192
height: 0.021658592191507554
Area: 0.00014478897581334633
CentroidX: 0.1170
CentroidY: 0.7633
