Location: Dedata_1.png_Otsu.png
Component: component_1755524255216_121.png
centerX: 0.5153225806451613
centerY: 0.3733257338273012
width: 0.03346774193548387
height: 0.03362781419207751
Area: 0.0005347999154248522
CentroidX: 0.5291
CentroidY: 0.3912
