Location: Dedata_1.png_Otsu.png
Component: component_1755524255241_287.png
centerX: 0.16048387096774194
centerY: 0.591621544599601
width: 0.02338709677419355
height: 0.03419777714448561
Area: 0.00032956728780371213
CentroidX: 0.1726
CentroidY: 0.6089
