Location: Dedata_1.png_Mean-Medain.png
Component: component_1755524255081_60.png
centerX: 0.23306451612903226
centerY: 0.16728412653177543
width: 0.03346774193548387
height: 0.0353377030493018
Area: 0.0006128250857242667
CentroidX: 0.2481
CentroidY: 0.1846
