Location: Dedata_1.png_Otsu.png
Component: component_1755524255212_104.png
centerX: 0.4689516129032258
centerY: 0.32459390139640926
width: 0.027419354838709678
height: 0.037902536335138216
Area: 0.000586740087700751
CentroidX: 0.4823
CentroidY: 0.3444
