Location: Dedata_1.png_Mean-Medain.png
Component: component_1755524255083_69.png
centerX: 0.7060483870967742
centerY: 0.2066115702479339
width: 0.03024193548387097
height: 0.03505272157309775
Area: 0.0005792708151389515
CentroidX: 0.7209
CentroidY: 0.2230
