Location: Dedata_1.png_Mean-Medain.png
Component: component_1755524255099_142.png
centerX: 0.9568548387096775
centerY: 0.4066685665431747
width: 0.031048387096774193
height: 0.034482758620689655
Area: 0.0006150084115500234
CentroidX: 0.9721
CentroidY: 0.4242
