Location: Dedata_1.png_Gaussian-Closing.png
Component: component_1755524254657_62.png
centerX: 0.9153225806451613
centerY: 0.1974921630094044
width: 0.027016129032258064
height: 0.03220290681105728
Area: 0.0005131964809384164
CentroidX: 0.9290
CentroidY: 0.2130
