Location: Dedata_1.png_Otsu.png
Component: component_1755524255278_706.png
centerX: 0.6935483870967742
centerY: 0.8518096323738957
width: 0.031451612903225803
height: 0.03505272157309775
Area: 0.00020190018293972183
CentroidX: 0.7046
CentroidY: 0.8691
