Location: Dedata_1.png_Gaussian-Median.png
Component: component_1755524254928_349.png
centerX: 0.6004032258064517
centerY: 0.9666571672841265
width: 0.020967741935483872
height: 0.02821316614420063
Area: 0.00022189485102823154
CentroidX: 0.6095
CentroidY: 0.9805
