Location: Dedata_1.png_Gaussian-Median.png
Component: component_1755524254901_335.png
centerX: 0.8838709677419355
centerY: 0.957537760045597
width: 0.03185483870967742
height: 0.034482758620689655
Area: 0.00040138721628255454
CentroidX: 0.8980
CentroidY: 0.9752
