Location: Dedata_1.png_Mean-Medain.png
Component: component_1755524255072_40.png
centerX: 0.22862903225806452
centerY: 0.10202336848104873
width: 0.03669354838709677
height: 0.04787688800227985
Area: 0.0007756552275714982
CentroidX: 0.2481
CentroidY: 0.1275
