Location: Dedata_1.png_Otsu.png
Component: component_1755524255220_139.png
centerX: 0.5060483870967742
centerY: 0.42291251068680535
width: 0.035483870967741936
height: 0.039042462239954404
Area: 0.0006602836944630857
CentroidX: 0.5227
CentroidY: 0.4440
