Location: Dedata_1.png_Mean-Medain.png
Component: component_1755524255099_141.png
centerX: 0.8524193548387097
centerY: 0.40638358506697064
width: 0.034274193548387094
height: 0.039042462239954404
Area: 0.0007161308708482335
CentroidX: 0.8689
CentroidY: 0.4268
