Location: Dedata_1.png_Gaussian-Closing.png
Component: component_1755524254709_309.png
centerX: 0.6806451612903226
centerY: 0.9122257053291536
width: 0.027016129032258064
height: 0.03134796238244514
Area: 0.0003677180338116732
CentroidX: 0.6921
CentroidY: 0.9275
