Location: Dedata_1.png_Otsu.png
Component: component_1755524255240_277.png
centerX: 0.25967741935483873
centerY: 0.5847819891707039
width: 0.02056451612903226
height: 0.039612425192362494
Area: 0.00021396593092416736
CentroidX: 0.2701
CentroidY: 0.6020
