Location: Dedata_1.png_Gaussian-Median.png
Component: component_1755524254923_345.png
centerX: 0.16491935483870968
centerY: 0.9629524080934739
width: 0.02379032258064516
height: 0.032487888287261325
Area: 0.0003402540931613639
CentroidX: 0.1768
CentroidY: 0.9787
