Location: Dedata_1.png_Mean-Medain.png
Component: component_1755524255116_217.png
centerX: 0.8286290322580645
centerY: 0.6161299515531491
width: 0.03225806451612903
height: 0.04274722143060701
Area: 0.0005411200691309904
CentroidX: 0.8430
CentroidY: 0.6387
