Location: Dedata_1.png_Otsu.png
Component: component_1755524255208_85.png
centerX: 0.5564516129032258
centerY: 0.26873753206041606
width: 0.03024193548387097
height: 0.030493017953833
Area: 0.0004764246775572491
CentroidX: 0.5708
CentroidY: 0.2834
