Location: Dedata_1.png_Gaussian-Median.png
Component: component_1755524254793_142.png
centerX: 0.36129032258064514
centerY: 0.38016528925619836
width: 0.027419354838709678
height: 0.03305785123966942
Area: 0.0005280201141764495
CentroidX: 0.3743
CentroidY: 0.3966
