Location: Dedata_1.png_Otsu.png
Component: component_1755524255237_262.png
centerX: 0.7399193548387096
centerY: 0.5705329153605015
width: 0.025403225806451612
height: 0.03619264747791394
Area: 0.0002686639884536537
CentroidX: 0.7525
CentroidY: 0.5907
