Location: Dedata_1.png_Gaussian-Closing.png
Component: component_1755524254685_197.png
centerX: 0.6842741935483871
centerY: 0.5711028783129096
width: 0.027822580645161292
height: 0.03733257338273012
Area: 0.00041483190689379384
CentroidX: 0.6969
CentroidY: 0.5915
