Location: Dedata_1.png_Gaussian-Median.png
Component: component_1755524254844_278.png
centerX: 0.2770161290322581
centerY: 0.7506412083214591
width: 0.03024193548387097
height: 0.031062980906241093
Area: 0.000337266384136644
CentroidX: 0.2905
CentroidY: 0.7677
