Location: Dedata_1.png_Gaussian-Closing.png
Component: component_1755524254663_90.png
centerX: 0.45483870967741935
centerY: 0.26873753206041606
width: 0.04112903225806452
height: 0.03505272157309775
Area: 0.0005577822925380818
CentroidX: 0.4754
CentroidY: 0.2887
