Location: Dedata_1.png_Gaussian-Median.png
Component: component_1755524254777_65.png
centerX: 0.23306451612903226
centerY: 0.16728412653177543
width: 0.03346774193548387
height: 0.0353377030493018
Area: 0.0005853611450739573
CentroidX: 0.2481
CentroidY: 0.1845
