Location: Dedata_1.png_Mean-Medain.png
Component: component_1755524255098_134.png
centerX: 0.36129032258064514
centerY: 0.38016528925619836
width: 0.027419354838709678
height: 0.03305785123966942
Area: 0.0005519217863742083
CentroidX: 0.3743
CentroidY: 0.3965
