Location: Dedata_1.png_Gaussian-Closing.png
Component: component_1755524254708_300.png
centerX: 0.7939516129032258
centerY: 0.9045312054716443
width: 0.031451612903225803
height: 0.03505272157309775
Area: 0.000362891734617895
CentroidX: 0.8057
CentroidY: 0.9238
