Location: Dedata_1.png_Mean-Medain.png
Component: component_1755524255139_327.png
centerX: 0.9459677419354838
centerY: 0.9586776859504132
width: 0.031451612903225803
height: 0.03163294385864919
Area: 0.0004173599683762491
CentroidX: 0.9596
CentroidY: 0.9751
