Location: Dedata_1.png_Otsu.png
Component: component_1755524255227_172.png
centerX: 0.7495967741935484
centerY: 0.5152465089769165
width: 0.018145161290322582
height: 0.02821316614420063
Area: 0.00011755485893416928
CentroidX: 0.7591
CentroidY: 0.5261
