Location: Dedata_1.png_Otsu.png
Component: component_1755524255219_136.png
centerX: 0.675
centerY: 0.41379310344827586
width: 0.03508064516129032
height: 0.03676261043032203
Area: 0.0006320153706138133
CentroidX: 0.6934
CentroidY: 0.4338
