Location: Dedata_1.png_Mean-Medain.png
Component: component_1755524255086_81.png
centerX: 0.13911290322580644
centerY: 0.2311199772014819
width: 0.031048387096774193
height: 0.03505272157309775
Area: 0.0006092628172717161
CentroidX: 0.1528
CentroidY: 0.2486
