Location: Dedata_1.png_Gaussian-Closing.png
Component: component_1755524254666_103.png
centerX: 0.6790322580645162
centerY: 0.30692504987175834
width: 0.031451612903225803
height: 0.042462239954402965
Area: 0.0006529293337868522
CentroidX: 0.6932
CentroidY: 0.3295
