Location: Dedata_1.png_Otsu.png
Component: component_1755524255265_515.png
centerX: 0.045564516129032256
centerY: 0.7597606155599886
width: 0.01935483870967742
height: 0.030493017953833
Area: 0.0001680011766977082
CentroidX: 0.0543
CentroidY: 0.7725
