Location: Dedata_1.png_Mean-Medain.png
Component: component_1755524255096_129.png
centerX: 0.5637096774193548
centerY: 0.3687660302080365
width: 0.035483870967741936
height: 0.03419777714448561
Area: 0.0005896128848399048
CentroidX: 0.5780
CentroidY: 0.3867
