Location: Dedata_1.png_Otsu.png
Component: component_1755524255207_80.png
centerX: 0.7
centerY: 0.2573382730122542
width: 0.02661290322580645
height: 0.0353377030493018
Area: 0.0005218148723558775
CentroidX: 0.7138
CentroidY: 0.2749
