Location: Dedata_1.png_Mean-Medain.png
Component: component_1755524255061_32.png
centerX: 0.7
centerY: 0.08492447990880593
width: 0.037096774193548385
height: 0.038472499287546306
Area: 0.0007069379200029417
CentroidX: 0.7195
CentroidY: 0.1032
