Location: Dedata_1.png_Gaussian-Closing.png
Component: component_1755524254692_229.png
centerX: 0.8995967741935483
centerY: 0.6754060986035908
width: 0.028629032258064516
height: 0.03134796238244514
Area: 0.00032198310335634635
CentroidX: 0.9123
CentroidY: 0.6924
