Location: Dedata_1.png_Otsu.png
Component: component_1755524255270_594.png
centerX: 0.2717741935483871
centerY: 0.799373040752351
width: 0.017741935483870968
height: 0.03761755485893417
Area: 0.00014145653113192803
CentroidX: 0.2805
CentroidY: 0.8148
