Location: Dedata_1.png_Mean-Medain.png
Component: component_1755524255132_289.png
centerX: 0.8685483870967742
centerY: 0.84155029923055
width: 0.022983870967741935
height: 0.039042462239954404
Area: 0.0004036854539938775
CentroidX: 0.8775
CentroidY: 0.8619
