Location: Dedata_1.png_Gaussian-Median.png
Component: component_1755524254796_156.png
centerX: 0.5641129032258064
centerY: 0.42120262182958107
width: 0.035483870967741936
height: 0.03590766600170989
Area: 0.0006370714935787238
CentroidX: 0.5831
CentroidY: 0.4405
