Location: Dedata_1.png_Otsu.png
Component: component_1755524255193_6.png
centerX: 0.6818548387096774
centerY: 0.029353092049016812
width: 0.03306451612903226
height: 0.033912795668281565
Area: 0.000560310354020537
CentroidX: 0.6969
CentroidY: 0.0459
