Location: Dedata_1.png_Mean-Medain.png
Component: component_1755524255118_226.png
centerX: 0.4036290322580645
centerY: 0.6318039327443716
width: 0.03467741935483871
height: 0.03761755485893417
Area: 0.0005329613252557939
CentroidX: 0.4213
CentroidY: 0.6527
