Location: Dedata_1.png_Gaussian-Median.png
Component: component_1755524254770_33.png
centerX: 0.8483870967741935
centerY: 0.0823596466229695
width: 0.03790322580645161
height: 0.03619264747791394
Area: 0.0006708555879351713
CentroidX: 0.8670
CentroidY: 0.1000
