Location: Dedata_1.png_Mean-Medain.png
Component: component_1755524255116_213.png
centerX: 0.09879032258064516
centerY: 0.5953263037902536
width: 0.03588709677419355
height: 0.0347677400968937
Area: 0.0005256069645795604
CentroidX: 0.1171
CentroidY: 0.6145
