Location: Dedata_1.png_Mean-Medain.png
Component: component_1755524255107_180.png
centerX: 0.8
centerY: 0.5141065830721003
width: 0.028629032258064516
height: 0.03362781419207751
Area: 0.0004422958475441032
CentroidX: 0.8115
CentroidY: 0.5316
