Location: Dedata_1.png_Gaussian-Median.png
Component: component_1755524254789_122.png
centerX: 0.31733870967741934
centerY: 0.33371330863493875
width: 0.02661290322580645
height: 0.03590766600170989
Area: 0.0005277902904053172
CentroidX: 0.3308
CentroidY: 0.3503
