Location: Dedata_1.png_Mean-Medain.png
Component: component_1755524255139_324.png
centerX: 0.029838709677419355
centerY: 0.91479053861499
width: 0.02258064516129032
height: 0.03619264747791394
Area: 0.00041103981467011097
CentroidX: 0.0409
CentroidY: 0.9323
