Location: Dedata_1.png_Mean-Medain.png
Component: component_1755524255131_282.png
centerX: 0.2713709677419355
centerY: 0.7985180963237389
width: 0.02943548387096774
height: 0.039042462239954404
Area: 0.00046309489883157595
CentroidX: 0.2833
CentroidY: 0.8186
