Location: Dedata_1.png_Gaussian-Closing.png
Component: component_1755524254659_77.png
centerX: 0.13911290322580644
centerY: 0.2311199772014819
width: 0.031048387096774193
height: 0.03505272157309775
Area: 0.0005826032598203698
CentroidX: 0.1528
CentroidY: 0.2487
