Location: Dedata_1.png_Otsu.png
Component: component_1755524255208_82.png
centerX: 0.6024193548387097
centerY: 0.26417782844115134
width: 0.025806451612903226
height: 0.03305785123966942
Area: 0.0005202061059579515
CentroidX: 0.6155
CentroidY: 0.2801
