Location: Dedata_1.png_Mean-Medain.png
Component: component_1755524255140_331.png
centerX: 0.7399193548387096
centerY: 0.9612425192362496
width: 0.021774193548387097
height: 0.030208036477628954
Area: 0.0003410584763603269
CentroidX: 0.7513
CentroidY: 0.9764
