Location: Dedata_1.png_Gaussian-Median.png
Component: component_1755524254809_218.png
centerX: 0.36088709677419356
centerY: 0.5827871188372756
width: 0.028225806451612902
height: 0.03590766600170989
Area: 0.00044861600125024133
CentroidX: 0.3743
CentroidY: 0.6025
