Location: Dedata_1.png_Mean-Medain.png
Component: component_1755524255121_240.png
centerX: 0.8383064516129032
centerY: 0.6811057281276717
width: 0.03467741935483871
height: 0.029923055001424906
Area: 0.00037886448671158957
CentroidX: 0.8537
CentroidY: 0.6979
