Location: Dedata_1.png_Mean-Medain.png
Component: component_1755524255087_84.png
centerX: 0.9552419354838709
centerY: 0.24536905101168424
width: 0.03024193548387097
height: 0.039612425192362494
Area: 0.0006219031246839923
CentroidX: 0.9704
CentroidY: 0.2644
