Location: Dedata_1.png_Otsu.png
Component: component_1755524255204_60.png
centerX: 0.7064516129032258
centerY: 0.20689655172413793
width: 0.029838709677419355
height: 0.034482758620689655
Area: 0.0005267560834352219
CentroidX: 0.7209
CentroidY: 0.2230
