Location: Dedata_1.png_Otsu.png
Component: component_1755524255237_264.png
centerX: 0.6846774193548387
centerY: 0.5719578227415218
width: 0.01935483870967742
height: 0.03619264747791394
Area: 0.0001973037075170759
CentroidX: 0.6949
CentroidY: 0.5885
