Location: Dedata_1.png_Gaussian-Median.png
Component: component_1755524254785_103.png
centerX: 0.3092741935483871
centerY: 0.2738671986320889
width: 0.027822580645161292
height: 0.03676261043032203
Area: 0.0005407753334742919
CentroidX: 0.3217
CentroidY: 0.2918
