Location: Dedata_1.png_Gaussian-Median.png
Component: component_1755524254791_133.png
centerX: 0.7354838709677419
centerY: 0.36363636363636365
width: 0.037096774193548385
height: 0.03134796238244514
Area: 0.0005506577556329806
CentroidX: 0.7509
CentroidY: 0.3804
