Location: Dedata_1.png_Mean-Medain.png
Component: component_1755524255121_238.png
centerX: 0.530241935483871
centerY: 0.6813907096038757
width: 0.028629032258064516
height: 0.03590766600170989
Area: 0.0004097757839288833
CentroidX: 0.5438
CentroidY: 0.7001
