Location: Dedata_1.png_Otsu.png
Component: component_1755524255194_13.png
centerX: 0.21169354838709678
centerY: 0.03875748076375036
width: 0.04596774193548387
height: 0.04787688800227985
Area: 0.000753017586114967
CentroidX: 0.2368
CentroidY: 0.0628
