Location: Dedata_1.png_Mean-Medain.png
Component: component_1755524255111_196.png
centerX: 0.9508064516129032
centerY: 0.567113137646053
width: 0.027822580645161292
height: 0.033912795668281565
Area: 0.0004154064663216246
CentroidX: 0.9641
CentroidY: 0.5848
