Location: Dedata_1.png_Gaussian-Closing.png
Component: component_1755524254704_281.png
centerX: 0.9221774193548387
centerY: 0.8435451695639783
width: 0.02056451612903226
height: 0.037902536335138216
Area: 0.0003503663390911849
CentroidX: 0.9311
CentroidY: 0.8627
