Location: Dedata_1.png_Gaussian-Closing.png
Component: component_1755524254680_171.png
centerX: 0.02903225806451613
centerY: 0.49843260188087773
width: 0.03225806451612903
height: 0.03419777714448561
Area: 0.0005883488540986771
CentroidX: 0.0432
CentroidY: 0.5164
