Location: Dedata_1.png_Gaussian-Closing.png
Component: component_1755524254706_295.png
centerX: 0.1528225806451613
centerY: 0.859504132231405
width: 0.04314516129032258
height: 0.036477628954117984
Area: 0.0005025096755807647
CentroidX: 0.1748
CentroidY: 0.8801
