Location: Dedata_1.png_Gaussian-Closing.png
Component: component_1755524254667_108.png
centerX: 0.5193548387096775
centerY: 0.32231404958677684
width: 0.03064516129032258
height: 0.03761755485893417
Area: 0.000596737421745006
CentroidX: 0.5323
CentroidY: 0.3424
