Location: Dedata_1.png_Mean-Medain.png
Component: component_1755524255099_138.png
centerX: 0.16129032258064516
centerY: 0.39298945568538046
width: 0.03387096774193549
height: 0.03362781419207751
Area: 0.0006125952619531344
CentroidX: 0.1764
CentroidY: 0.4103
