Location: Dedata_1.png_Gaussian-Closing.png
Component: component_1755524254690_221.png
centerX: 0.35201612903225804
centerY: 0.6355086919350242
width: 0.028225806451612902
height: 0.03562268452550584
Area: 0.00042345029831125495
CentroidX: 0.3665
CentroidY: 0.6553
