Location: Dedata_1.png_Gaussian-Median.png
Component: component_1755524254806_204.png
centerX: 0.11330645161290323
centerY: 0.5417497862638928
width: 0.027822580645161292
height: 0.0347677400968937
Area: 0.0005208955772713483
CentroidX: 0.1276
CentroidY: 0.5603
