Location: Dedata_1.png_Mean-Medain.png
Component: component_1755524255127_264.png
centerX: 0.3334677419354839
centerY: 0.7446565973211742
width: 0.03346774193548387
height: 0.03419777714448561
Area: 0.0004035705421083113
CentroidX: 0.3464
CentroidY: 0.7638
