Location: Dedata_1.png_Gaussian-Closing.png
Component: component_1755524254681_177.png
centerX: 0.6935483870967742
centerY: 0.5158164719293246
width: 0.02661290322580645
height: 0.03419777714448561
Area: 0.00042034767740096893
CentroidX: 0.7060
CentroidY: 0.5337
