Location: Dedata_1.png_Gaussian-Closing.png
Component: component_1755524254691_222.png
centerX: 0.2971774193548387
centerY: 0.6375035622684525
width: 0.029838709677419355
height: 0.036477628954117984
Area: 0.0004488458250213736
CentroidX: 0.3113
CentroidY: 0.6575
