Location: Dedata_1.png_Mean-Medain.png
Component: component_1755524255134_295.png
centerX: 0.567741935483871
centerY: 0.8489598176118552
width: 0.03024193548387097
height: 0.03932744371615845
Area: 0.000440572169260611
CentroidX: 0.5801
CentroidY: 0.8691
