Location: Dedata_1.png_Gaussian-Median.png
Component: component_1755524254836_266.png
centerX: 0.6004032258064517
centerY: 0.7284126531775434
width: 0.029838709677419355
height: 0.043032202906811055
Area: 0.00048251500749225496
CentroidX: 0.6176
CentroidY: 0.7513
