Location: Dedata_1.png_Gaussian-Closing.png
Component: component_1755524254688_211.png
centerX: 0.8286290322580645
centerY: 0.6161299515531491
width: 0.03225806451612903
height: 0.04274722143060701
Area: 0.000508255269859072
CentroidX: 0.8431
CentroidY: 0.6388
