Location: Dedata_1.png_Gaussian-Median.png
Component: component_1755524254893_319.png
centerX: 0.19274193548387097
centerY: 0.9065260758050727
width: 0.022983870967741935
height: 0.040467369620974636
Area: 0.00040000827365576074
CentroidX: 0.2040
CentroidY: 0.9268
