Location: Dedata_1.png_Otsu.png
Component: component_1755524255269_582.png
centerX: 0.5024193548387097
centerY: 0.7931034482758621
width: 0.015725806451612902
height: 0.013679110857794243
Area: 7.687605144375293e-05
CentroidX: 0.5102
CentroidY: 0.7985
