Location: Dedata_1.png_Gaussian-Median.png
Component: component_1755524254786_107.png
centerX: 0.12056451612903225
centerY: 0.2918210316329439
width: 0.02379032258064516
height: 0.031917925334853235
Area: 0.0004929719890787744
CentroidX: 0.1328
CentroidY: 0.3071
