Location: Dedata_1.png_Gaussian-Median.png
Component: component_1755524254802_181.png
centerX: 0.24879032258064515
centerY: 0.48589341692789967
width: 0.039112903225806454
height: 0.034482758620689655
Area: 0.000612365438182002
CentroidX: 0.2663
CentroidY: 0.5049
