Location: Dedata_1.png_Otsu.png
Component: component_1755524255250_421.png
centerX: 0.47419354838709676
centerY: 0.6856654317469365
width: 0.03387096774193549
height: 0.0347677400968937
Area: 0.00037679607277139887
CentroidX: 0.4899
CentroidY: 0.7057
