Location: Dedata_1.png_Gaussian-Closing.png
Component: component_1755524254675_144.png
centerX: 0.5056451612903226
centerY: 0.4226275292106013
width: 0.03588709677419355
height: 0.039612425192362494
Area: 0.0006901607847102842
CentroidX: 0.5227
CentroidY: 0.4441
