Location: Dedata_1.png_Mean-Medain.png
Component: component_1755524255124_253.png
centerX: 0.9600806451612903
centerY: 0.725847819891707
width: 0.027419354838709678
height: 0.03761755485893417
Area: 0.0003975951240588717
CentroidX: 0.9717
CentroidY: 0.7450
