Location: Dedata_1.png_Gaussian-Median.png
Component: component_1755524254901_332.png
centerX: 0.5137096774193548
centerY: 0.9136506127101739
width: 0.025806451612903226
height: 0.031062980906241093
Area: 0.00032566028369446307
CentroidX: 0.5259
CentroidY: 0.9298
