Location: Dedata_1.png_Gaussian-Closing.png
Component: component_1755524254660_80.png
centerX: 0.9552419354838709
centerY: 0.24565403248788828
width: 0.029838709677419355
height: 0.03932744371615845
Area: 0.0005919111225512277
CentroidX: 0.9703
CentroidY: 0.2644
