Location: Dedata_1.png_Mean-Medain.png
Component: component_1755524255084_73.png
centerX: 0.5451612903225806
centerY: 0.2103163294385865
width: 0.038306451612903226
height: 0.03818751781134226
Area: 0.0006258101287932413
CentroidX: 0.5655
CentroidY: 0.2306
