Location: Dedata_1.png_Otsu.png
Component: component_1755524255193_9.png
centerX: 0.475
centerY: 0.03305785123966942
width: 0.03024193548387097
height: 0.0347677400968937
Area: 0.0005577822925380818
CentroidX: 0.4904
CentroidY: 0.0490
