Location: Dedata_1.png_Gaussian-Median.png
Component: component_1755524254811_223.png
centerX: 0.052016129032258066
centerY: 0.5950413223140496
width: 0.029838709677419355
height: 0.03676261043032203
Area: 0.0005117026264260565
CentroidX: 0.0677
CentroidY: 0.6134
