Location: Dedata_1.png_Gaussian-Median.png
Component: component_1755524254797_161.png
centerX: 0.24314516129032257
centerY: 0.43374180678255914
width: 0.03185483870967742
height: 0.03818751781134226
Area: 0.0006273039833056013
CentroidX: 0.2574
CentroidY: 0.4537
