Location: Dedata_1.png_Otsu.png
Component: component_1755524255250_418.png
centerX: 0.7129032258064516
centerY: 0.6831005984611
width: 0.016129032258064516
height: 0.031062980906241093
Area: 0.00010594875849198834
CentroidX: 0.7208
CentroidY: 0.6951
