Location: Dedata_1.png_Gaussian-Closing.png
Component: component_1755524254660_82.png
centerX: 0.8504032258064517
centerY: 0.25049871758335707
width: 0.03790322580645161
height: 0.03619264747791394
Area: 0.000580419933994613
CentroidX: 0.8700
CentroidY: 0.2695
