Location: Dedata_1.png_Gaussian-Closing.png
Component: component_1755524254674_142.png
centerX: 0.6173387096774193
centerY: 0.4160729552579082
width: 0.03870967741935484
height: 0.037902536335138216
Area: 0.0006836108072330137
CentroidX: 0.6358
CentroidY: 0.4369
