Location: Dedata_1.png_Mean-Medain.png
Component: component_1755524255075_50.png
centerX: 0.7516129032258064
centerY: 0.14619549729267597
width: 0.02903225806451613
height: 0.03590766600170989
Area: 0.0006070794914459593
CentroidX: 0.7650
CentroidY: 0.1641
