Location: Dedata_1.png_Mean-Medain.png
Component: component_1755524255106_174.png
centerX: 0.13870967741935483
centerY: 0.49301795383300084
width: 0.031451612903225803
height: 0.03562268452550584
Area: 0.0006027128397944456
CentroidX: 0.1533
CentroidY: 0.5118
