Location: Dedata_1.png_Gaussian-Median.png
Component: component_1755524254773_48.png
centerX: 0.0721774193548387
centerY: 0.11684240524365916
width: 0.029838709677419355
height: 0.04132231404958678
Area: 0.0006967107621875546
CentroidX: 0.0873
CentroidY: 0.1378
