Location: Dedata_1.png_Otsu.png
Component: component_1755524255284_802.png
centerX: 0.3633064516129032
centerY: 0.9119407238529496
width: 0.014516129032258065
height: 0.01909375890567113
Area: 0.0001034206970095331
CentroidX: 0.3713
CentroidY: 0.9184
