Location: Dedata_1.png_Mean-Medain.png
Component: component_1755524255137_311.png
centerX: 0.19274193548387097
centerY: 0.9065260758050727
width: 0.02338709677419355
height: 0.040467369620974636
Area: 0.00042609327167927635
CentroidX: 0.2040
CentroidY: 0.9268
