Location: Dedata_1.png_Gaussian-Closing.png
Component: component_1755524254682_181.png
centerX: 0.4282258064516129
centerY: 0.5249358791678541
width: 0.03508064516129032
height: 0.03590766600170989
Area: 0.0005739848684029086
CentroidX: 0.4438
CentroidY: 0.5432
