Location: Dedata_1.png_Mean-Medain.png
Component: component_1755524255136_308.png
centerX: 0.8491935483870968
centerY: 0.9033912795668282
width: 0.03185483870967742
height: 0.034482758620689655
Area: 0.00037886448671158957
CentroidX: 0.8630
CentroidY: 0.9228
