Location: Dedata_1.png_Otsu.png
Component: component_1755524255222_148.png
centerX: 0.02903225806451613
centerY: 0.4554003989740667
width: 0.024193548387096774
height: 0.02821316614420063
Area: 0.00043195377784314987
CentroidX: 0.0411
CentroidY: 0.4688
