Location: Dedata_1.png_Gaussian-Closing.png
Component: component_1755524254686_204.png
centerX: 0.3116935483870968
centerY: 0.5833570817896837
width: 0.027419354838709678
height: 0.03761755485893417
Area: 0.00046068174923468683
CentroidX: 0.3246
CentroidY: 0.6033
