Location: Dedata_1.png_Mean-Medain.png
Component: component_1755524255111_197.png
centerX: 0.8995967741935483
centerY: 0.567683100598461
width: 0.029838709677419355
height: 0.03334283271587347
Area: 0.00044608793976778606
CentroidX: 0.9156
CentroidY: 0.5851
