Location: Dedata_1.png_Otsu.png
Component: component_1755524255217_126.png
centerX: 0.26491935483870965
centerY: 0.38728982616129953
width: 0.03185483870967742
height: 0.030777999430037048
Area: 0.000461601044319216
CentroidX: 0.2791
CentroidY: 0.4022
