Location: Dedata_1.png_Mean-Medain.png
Component: component_1755524255082_68.png
centerX: 0.8629032258064516
centerY: 0.19863208891422057
width: 0.03024193548387097
height: 0.033912795668281565
Area: 0.0005313525588578678
CentroidX: 0.8767
CentroidY: 0.2154
