Location: Dedata_1.png_Mean-Medain.png
Component: component_1755524255093_112.png
centerX: 0.5193548387096775
centerY: 0.32231404958677684
width: 0.03064516129032258
height: 0.037902536335138216
Area: 0.0006271890714200351
CentroidX: 0.5323
CentroidY: 0.3423
