Location: Dedata_1.png_Mean-Medain.png
Component: component_1755524255084_72.png
centerX: 0.6008064516129032
centerY: 0.20946138500997435
width: 0.038306451612903226
height: 0.03619264747791394
Area: 0.0006090329935005838
CentroidX: 0.6208
CentroidY: 0.2290
