Location: Dedata_1.png_Mean-Medain.png
Component: component_1755524255101_150.png
centerX: 0.4528225806451613
centerY: 0.42718723282986604
width: 0.031048387096774193
height: 0.03676261043032203
Area: 0.000673728385074325
CentroidX: 0.4673
CentroidY: 0.4462
