Location: Dedata_1.png_Mean-Medain.png
Component: component_1755524255103_160.png
centerX: 0.8536290322580645
centerY: 0.4599601025933314
width: 0.031451612903225803
height: 0.036477628954117984
Area: 0.0006375311411209885
CentroidX: 0.8686
CentroidY: 0.4793
