Location: Dedata_1.png_Mean-Medain.png
Component: component_1755524255141_335.png
centerX: 0.35201612903225804
centerY: 0.9623824451410659
width: 0.02258064516129032
height: 0.03362781419207751
Area: 0.0003192252181027588
CentroidX: 0.3622
CentroidY: 0.9782
