Location: Dedata_1.png_Otsu.png
Component: component_1755524255216_122.png
centerX: 0.4560483870967742
centerY: 0.37446565973211743
width: 0.031048387096774193
height: 0.03362781419207751
Area: 0.0005126219215105857
CentroidX: 0.4688
CentroidY: 0.3919
