Location: Dedata_1.png_Gaussian-Closing.png
Component: component_1755524254693_234.png
centerX: 0.7120967741935483
centerY: 0.6819606725562838
width: 0.034274193548387094
height: 0.03362781419207751
Area: 0.00036082332067770436
CentroidX: 0.7250
CentroidY: 0.7006
