Location: Dedata_1.png_Gaussian-Median.png
Component: component_1755524254810_219.png
centerX: 0.2592741935483871
centerY: 0.5833570817896837
width: 0.028629032258064516
height: 0.04160729552579082
Area: 0.0005123920977394534
CentroidX: 0.2719
CentroidY: 0.6044
