Location: Dedata_1.png_Otsu.png
Component: component_1755524255197_27.png
centerX: 0.5096774193548387
centerY: 0.09233399829011114
width: 0.02943548387096774
height: 0.037902536335138216
Area: 0.0006165022660623834
CentroidX: 0.5254
CentroidY: 0.1108
