Location: Dedata_1.png_Mean-Medain.png
Component: component_1755524255074_45.png
centerX: 0.9508064516129032
centerY: 0.13821601595896266
width: 0.032661290322580645
height: 0.04189227700199487
Area: 0.0006657994649702608
CentroidX: 0.9670
CentroidY: 0.1600
