Location: Dedata_1.png_Otsu.png
Component: component_1755524255279_720.png
centerX: 0.1532258064516129
centerY: 0.859789113707609
width: 0.042741935483870966
height: 0.03590766600170989
Area: 0.00028095956020923155
CentroidX: 0.1758
CentroidY: 0.8808
