Location: Dedata_1.png_Gaussian-Closing.png
Component: component_1755524254657_67.png
centerX: 0.7540322580645161
centerY: 0.20889142205756625
width: 0.036290322580645164
height: 0.029923055001424906
Area: 0.0005405455097031596
CentroidX: 0.7697
CentroidY: 0.2248
