Location: Dedata_1.png_Mean-Medain.png
Component: component_1755524255138_317.png
centerX: 0.4637096774193548
centerY: 0.9116557423767455
width: 0.025
height: 0.0353377030493018
Area: 0.00038369078590536776
CentroidX: 0.4738
CentroidY: 0.9300
