Location: Dedata_1.png_Gaussian-Closing.png
Component: component_1755524254709_306.png
centerX: 0.40766129032258064
centerY: 0.9102308349957253
width: 0.02379032258064516
height: 0.03676261043032203
Area: 0.000376106601458002
CentroidX: 0.4184
CentroidY: 0.9286
