Location: Dedata_1.png_Gaussian-Median.png
Component: component_1755524254803_185.png
centerX: 0.08266129032258064
centerY: 0.4955827871188373
width: 0.034274193548387094
height: 0.03562268452550584
Area: 0.0006356925509519301
CentroidX: 0.0988
CentroidY: 0.5132
