Location: Dedata_1.png_Gaussian-Closing.png
Component: component_1755524254659_74.png
centerX: 0.2782258064516129
centerY: 0.22114562553434028
width: 0.03870967741935484
height: 0.03932744371615845
Area: 0.0006501714485332647
CentroidX: 0.2969
CentroidY: 0.2418
