Location: Dedata_1.png_Otsu.png
Component: component_1755524255215_120.png
centerX: 0.5637096774193548
centerY: 0.36905101168424054
width: 0.035483870967741936
height: 0.03362781419207751
Area: 0.0005428437474144826
CentroidX: 0.5780
CentroidY: 0.3866
