Location: Dedata_1.png_Gaussian-Closing.png
Component: component_1755524254655_53.png
centerX: 0.44475806451612904
centerY: 0.15873468224565404
width: 0.038306451612903226
height: 0.0353377030493018
Area: 0.0006162724422912511
CentroidX: 0.4635
CentroidY: 0.1778
