Location: Dedata_1.png_Otsu.png
Component: component_1755524255198_30.png
centerX: 0.34274193548387094
centerY: 0.09461385009974352
width: 0.03467741935483871
height: 0.0438871473354232
Area: 0.0007341720368821188
CentroidX: 0.3599
CentroidY: 0.1155
