Location: Dedata_1.png_Otsu.png
Component: component_1755524255235_236.png
centerX: 0.11370967741935484
centerY: 0.5417497862638928
width: 0.027016129032258064
height: 0.034482758620689655
Area: 0.000492627253422076
CentroidX: 0.1276
CentroidY: 0.5603
