Location: Dedata_1.png_Gaussian-Median.png
Component: component_1755524254766_13.png
centerX: 0.8516129032258064
centerY: 0.02080364776289541
width: 0.031048387096774193
height: 0.03590766600170989
Area: 0.0006248908337087121
CentroidX: 0.8665
CentroidY: 0.0382
