Location: Dedata_1.png_Gaussian-Median.png
Component: component_1755524254818_253.png
centerX: 0.5887096774193549
centerY: 0.6833855799373041
width: 0.03508064516129032
height: 0.03220290681105728
Area: 0.00037783027974149424
CentroidX: 0.6042
CentroidY: 0.7012
