Location: Dedata_1.png_Gaussian-Closing.png
Component: component_1755524254674_141.png
centerX: 0.675
centerY: 0.4135081219720718
width: 0.035483870967741936
height: 0.03733257338273012
Area: 0.0006598240469208211
CentroidX: 0.6934
CentroidY: 0.4338
