Location: Dedata_1.png_Otsu.png
Component: component_1755524255199_36.png
centerX: 0.015725806451612902
centerY: 0.11997720148190368
width: 0.029838709677419355
height: 0.04075235109717868
Area: 0.000637990788663253
CentroidX: 0.0309
CentroidY: 0.1418
