Location: Dedata_1.png_Gaussian-Closing.png
Component: component_1755524254689_216.png
centerX: 0.7044354838709678
centerY: 0.6249643773154745
width: 0.03225806451612903
height: 0.039042462239954404
Area: 0.0004928570771932083
CentroidX: 0.7196
CentroidY: 0.6457
