Location: Dedata_1.png_Otsu.png
Component: component_1755524255206_73.png
centerX: 0.08870967741935484
centerY: 0.23510971786833856
width: 0.03346774193548387
height: 0.034482758620689655
Area: 0.0006754520633578173
CentroidX: 0.1046
CentroidY: 0.2512
