Location: Dedata_1.png_Gaussian-Closing.png
Component: component_1755524254685_199.png
centerX: 0.5778225806451613
centerY: 0.5750926189797663
width: 0.03064516129032258
height: 0.03676261043032203
Area: 0.0004449388209121246
CentroidX: 0.5924
CentroidY: 0.5949
