Location: Dedata_1.png_Otsu.png
Component: component_1755524255270_595.png
centerX: 0.4443548387096774
centerY: 0.799088059276147
width: 0.025
height: 0.0347677400968937
Area: 0.00015938278528024712
CentroidX: 0.4529
CentroidY: 0.8155
