Location: Dedata_1.png_Otsu.png
Component: component_1755524255290_866.png
centerX: 0.7842741935483871
centerY: 0.9601025933314334
width: 0.025
height: 0.03134796238244514
Area: 0.0002546447384145837
CentroidX: 0.7965
CentroidY: 0.9759
