Location: Dedata_1.png_Gaussian-Median.png
Component: component_1755524254906_336.png
centerX: 0.9459677419354838
centerY: 0.9589626674266173
width: 0.031048387096774193
height: 0.03134796238244514
Area: 0.0003857591998455584
CentroidX: 0.9596
CentroidY: 0.9751
