Location: Dedata_1.png_Gaussian-Closing.png
Component: component_1755524254677_157.png
centerX: 0.7975806451612903
centerY: 0.46195497292675974
width: 0.03306451612903226
height: 0.0347677400968937
Area: 0.0005835225549048989
CentroidX: 0.8119
CentroidY: 0.4807
