Location: Dedata_1.png_Gaussian-Median.png
Component: component_1755524254803_186.png
centerX: 0.028629032258064516
centerY: 0.49843260188087773
width: 0.032661290322580645
height: 0.03419777714448561
Area: 0.0005886935897553756
CentroidX: 0.0432
CentroidY: 0.5164
