Location: Dedata_1.png_Otsu.png
Component: component_1755524255279_713.png
centerX: 0.2213709677419355
centerY: 0.8563693359931605
width: 0.021370967741935483
height: 0.037902536335138216
Area: 0.00025016317487750394
CentroidX: 0.2336
CentroidY: 0.8757
