Location: Dedata_1.png_Gaussian-Median.png
Component: component_1755524254772_44.png
centerX: 0.28669354838709676
centerY: 0.0994585351952123
width: 0.03467741935483871
height: 0.045597036192647475
Area: 0.0007573842377664807
CentroidX: 0.3042
CentroidY: 0.1229
