Location: Dedata_1.png_Mean-Medain.png
Component: component_1755524255101_152.png
centerX: 0.3471774193548387
centerY: 0.4317469364491308
width: 0.035483870967741936
height: 0.03932744371615845
Area: 0.0007057888011472803
CentroidX: 0.3675
CentroidY: 0.4533
