Location: Dedata_1.png_Otsu.png
Component: component_1755524255248_384.png
centerX: 0.08548387096774193
centerY: 0.6520376175548589
width: 0.024596774193548387
height: 0.03220290681105728
Area: 0.000176389744344037
CentroidX: 0.0981
CentroidY: 0.6658
