Location: Dedata_1.png_Gaussian-Closing.png
Component: component_1755524254699_257.png
centerX: 0.3334677419354839
centerY: 0.7446565973211742
width: 0.03346774193548387
height: 0.03419777714448561
Area: 0.0003715101260353561
CentroidX: 0.3466
CentroidY: 0.7636
