Location: Dedata_1.png_Gaussian-Closing.png
Component: component_1755524254702_275.png
centerX: 0.4435483870967742
centerY: 0.7985180963237389
width: 0.02661290322580645
height: 0.03562268452550584
Area: 0.00035174528171797863
CentroidX: 0.4536
CentroidY: 0.8172
