Location: Dedata_1.png_Gaussian-Median.png
Component: component_1755524254799_167.png
centerX: 0.028629032258064516
centerY: 0.4554003989740667
width: 0.024596774193548387
height: 0.028498147620404674
Area: 0.00045206335781722577
CentroidX: 0.0411
CentroidY: 0.4689
