Location: Dedata_1.png_Mean-Medain.png
Component: component_1755524255104_167.png
centerX: 0.5237903225806452
centerY: 0.47335423197492166
width: 0.03346774193548387
height: 0.03619264747791394
Area: 0.0006113312312119067
CentroidX: 0.5381
CentroidY: 0.4934
