Location: Dedata_1.png_Gaussian-Median.png
Component: component_1755524254901_333.png
centerX: 0.029838709677419355
centerY: 0.91479053861499
width: 0.02258064516129032
height: 0.03619264747791394
Area: 0.0003759916895724359
CentroidX: 0.0410
CentroidY: 0.9324
