Location: Dedata_1.png_Gaussian-Closing.png
Component: component_1755524254653_42.png
centerX: 0.9044354838709677
centerY: 0.13992590481618694
width: 0.02903225806451613
height: 0.03733257338273012
Area: 0.0006070794914459593
CentroidX: 0.9182
CentroidY: 0.1581
