Location: Dedata_1.png_Mean-Medain.png
Component: component_1755524255132_285.png
centerX: 0.01975806451612903
centerY: 0.8059276147050441
width: 0.02258064516129032
height: 0.040467369620974636
Area: 0.00043643534138022963
CentroidX: 0.0308
CentroidY: 0.8267
