Location: Dedata_1.png_Gaussian-Closing.png
Component: component_1755524254663_94.png
centerX: 0.25766129032258067
centerY: 0.2775719578227415
width: 0.03064516129032258
height: 0.03505272157309775
Area: 0.0005443376019268425
CentroidX: 0.2716
CentroidY: 0.2946
