Location: Dedata_1.png_Otsu.png
Component: component_1755524255249_417.png
centerX: 0.7758064516129032
centerY: 0.6822456540324879
width: 0.03387096774193549
height: 0.030208036477628954
Area: 0.000173287123433751
CentroidX: 0.7890
CentroidY: 0.6989
