Location: Dedata_1.png_Otsu.png
Component: component_1755524255218_132.png
centerX: 0.957258064516129
centerY: 0.4069535480193787
width: 0.03024193548387097
height: 0.03419777714448561
Area: 0.0005605401777916693
CentroidX: 0.9720
CentroidY: 0.4242
