Location: Dedata_1.png_Mean-Medain.png
Component: component_1755524255119_230.png
centerX: 0.14153225806451614
centerY: 0.6486178398404103
width: 0.02338709677419355
height: 0.03562268452550584
Area: 0.00044275549508636776
CentroidX: 0.1545
CentroidY: 0.6665
