Location: Dedata_1.png_Mean-Medain.png
Component: component_1755524255100_146.png
centerX: 0.675
centerY: 0.4135081219720718
width: 0.035483870967741936
height: 0.03733257338273012
Area: 0.0007002730306401052
CentroidX: 0.6934
CentroidY: 0.4338
