Location: Dedata_1.png_Mean-Medain.png
Component: component_1755524255052_18.png
centerX: 0.2842741935483871
centerY: 0.038472499287546306
width: 0.0467741935483871
height: 0.04360216585921915
Area: 0.000942622197299111
CentroidX: 0.3064
CentroidY: 0.0610
