Location: Dedata_1.png_Gaussian-Median.png
Component: component_1755524254792_137.png
centerX: 0.5149193548387097
centerY: 0.3730407523510972
width: 0.034274193548387094
height: 0.033912795668281565
Area: 0.0005587015876226109
CentroidX: 0.5292
CentroidY: 0.3912
