Location: Dedata_1.png_Gaussian-Median.png
Component: component_1755524254807_207.png
centerX: 0.9512096774193548
centerY: 0.567113137646053
width: 0.027016129032258064
height: 0.033912795668281565
Area: 0.0003866784949300876
CentroidX: 0.9641
CentroidY: 0.5847
