Location: Dedata_1.png_Gaussian-Median.png
Component: component_1755524254809_216.png
centerX: 0.5237903225806452
centerY: 0.5787973781704189
width: 0.031451612903225803
height: 0.0353377030493018
Area: 0.0004579238639810993
CentroidX: 0.5391
CentroidY: 0.5980
