Location: Dedata_1.png_Mean-Medain.png
Component: component_1755524255132_286.png
centerX: 0.06895161290322581
centerY: 0.8079224850384725
width: 0.02620967741935484
height: 0.0353377030493018
Area: 0.00041172928598350787
CentroidX: 0.0800
CentroidY: 0.8261
