Location: Dedata_1.png_Gaussian-Median.png
Component: component_1755524254853_298.png
centerX: 0.8685483870967742
centerY: 0.84155029923055
width: 0.022983870967741935
height: 0.03875748076375036
Area: 0.00037449783506007594
CentroidX: 0.8776
CentroidY: 0.8620
