Location: Dedata_1.png_Gaussian-Median.png
Component: component_1755524254885_309.png
centerX: 0.6278225806451613
centerY: 0.8532345397549159
width: 0.03225806451612903
height: 0.03334283271587347
Area: 0.00038966620395480746
CentroidX: 0.6414
CentroidY: 0.8720
