Location: Dedata_1.png_Mean-Medain.png
Component: component_1755524255134_298.png
centerX: 0.692741935483871
centerY: 0.8512396694214877
width: 0.032661290322580645
height: 0.03590766600170989
Area: 0.00045493615495637946
CentroidX: 0.7054
CentroidY: 0.8701
