Location: Dedata_1.png_Otsu.png
Component: component_1755524255214_114.png
centerX: 0.8927419354838709
centerY: 0.3559418637788544
width: 0.041935483870967745
height: 0.03163294385864919
Area: 0.0005644471819009184
CentroidX: 0.9137
CentroidY: 0.3737
