Location: Dedata_1.png_Gaussian-Closing.png
Component: component_1755524254698_252.png
centerX: 0.5483870967741935
centerY: 0.7301225420347678
width: 0.03185483870967742
height: 0.039612425192362494
Area: 0.0004594177184934592
CentroidX: 0.5656
CentroidY: 0.7527
