Location: Dedata_1.png_Gaussian-Closing.png
Component: component_1755524254674_139.png
centerX: 0.7895161290322581
centerY: 0.40837845540039897
width: 0.03669354838709677
height: 0.03619264747791394
Area: 0.0006391399075189144
CentroidX: 0.8095
CentroidY: 0.4286
