Location: Dedata_1.png_Gaussian-Closing.png
Component: component_1755524254690_220.png
centerX: 0.4036290322580645
centerY: 0.6320889142205757
width: 0.03467741935483871
height: 0.03733257338273012
Area: 0.0004968789931880234
CentroidX: 0.4213
CentroidY: 0.6529
