Location: Dedata_1.png_Gaussian-Closing.png
Component: component_1755524254712_321.png
centerX: 0.8350806451612903
centerY: 0.9603875748076375
width: 0.024193548387096774
height: 0.031062980906241093
Area: 0.0003106068266852977
CentroidX: 0.8485
CentroidY: 0.9763
