Location: Dedata_1.png_Mean-Medain.png
Component: component_1755524255092_108.png
centerX: 0.6790322580645162
centerY: 0.3066400683955543
width: 0.031451612903225803
height: 0.043032202906811055
Area: 0.0006848748379742414
CentroidX: 0.6932
CentroidY: 0.3294
