Location: Dedata_1.png_Gaussian-Median.png
Component: component_1755524254819_256.png
centerX: 0.36451612903225805
centerY: 0.6896551724137931
width: 0.025806451612903226
height: 0.0347677400968937
Area: 0.0004078222818742588
CentroidX: 0.3763
CentroidY: 0.7080
