Location: Dedata_1.png_Gaussian-Median.png
Component: component_1755524254850_288.png
centerX: 0.5612903225806452
centerY: 0.7931034482758621
width: 0.03387096774193549
height: 0.03305785123966942
Area: 0.0003931135605217919
CentroidX: 0.5767
CentroidY: 0.8121
