Location: Dedata_1.png_Gaussian-Median.png
Component: component_1755524254928_347.png
centerX: 0.46088709677419354
centerY: 0.963522371045882
width: 0.022983870967741935
height: 0.03505272157309775
Area: 0.000317041892277002
CentroidX: 0.4708
CentroidY: 0.9807
