Location: Dedata_1.png_Gaussian-Median.png
Component: component_1755524254900_330.png
centerX: 0.08266129032258064
centerY: 0.9136506127101739
width: 0.022983870967741935
height: 0.03619264747791394
Area: 0.00035818034730968296
CentroidX: 0.0950
CentroidY: 0.9322
