Location: Dedata_1.png_Otsu.png
Component: component_1755524255224_158.png
centerX: 0.4721774193548387
centerY: 0.47420917640353377
width: 0.03064516129032258
height: 0.036477628954117984
Area: 0.0005468656634092978
CentroidX: 0.4855
CentroidY: 0.4937
