Location: Dedata_1.png_Mean-Medain.png
Component: component_1755524255081_62.png
centerX: 0.11290322580645161
centerY: 0.17412368196067254
width: 0.044758064516129036
height: 0.0353377030493018
Area: 0.0007232554077533347
CentroidX: 0.1393
CentroidY: 0.1920
