Location: Dedata_1.png_Gaussian-Median.png
Component: component_1755524254775_57.png
centerX: 0.6439516129032258
centerY: 0.14790538614990026
width: 0.03225806451612903
height: 0.037902536335138216
Area: 0.0006547679239559106
CentroidX: 0.6595
CentroidY: 0.1660
