Location: Dedata_1.png_Gaussian-Closing.png
Component: component_1755524254691_223.png
centerX: 0.24475806451612903
centerY: 0.640638358506697
width: 0.027822580645161292
height: 0.039042462239954404
Area: 0.0004759650300149845
CentroidX: 0.2582
CentroidY: 0.6611
