Location: Dedata_1.png_Otsu.png
Component: component_1755524255221_145.png
centerX: 0.18508064516129033
centerY: 0.438871473354232
width: 0.03306451612903226
height: 0.040467369620974636
Area: 0.0006267294238777705
CentroidX: 0.2003
CentroidY: 0.4602
