Location: Dedata_1.png_Gaussian-Median.png
Component: component_1755524254793_143.png
centerX: 0.3116935483870968
centerY: 0.38387004844685096
width: 0.028629032258064516
height: 0.030777999430037048
Area: 0.00047941238658196893
CentroidX: 0.3256
CentroidY: 0.3984
