Location: Dedata_1.png_Otsu.png
Component: component_1755524255201_45.png
centerX: 0.5443548387096774
centerY: 0.1541749786263893
width: 0.03508064516129032
height: 0.0353377030493018
Area: 0.000561804208532897
CentroidX: 0.5626
CentroidY: 0.1702
