Location: Dedata_1.png_Otsu.png
Component: component_1755524255276_699.png
centerX: 0.9665322580645161
centerY: 0.8461100028498147
width: 0.02056451612903226
height: 0.036477628954117984
Area: 0.0002923358368802802
CentroidX: 0.9754
CentroidY: 0.8638
