Location: Dedata_1.png_Gaussian-Closing.png
Component: component_1755524254669_117.png
centerX: 0.9584677419354839
centerY: 0.35081219720718154
width: 0.028629032258064516
height: 0.03505272157309775
Area: 0.0005573226449958172
CentroidX: 0.9732
CentroidY: 0.3673
