Location: Dedata_1.png_Gaussian-Closing.png
Component: component_1755524254695_245.png
centerX: 0.9137096774193548
centerY: 0.7244229125106868
width: 0.02217741935483871
height: 0.03733257338273012
Area: 0.0003639259415879903
CentroidX: 0.9236
CentroidY: 0.7433
