Location: Dedata_1.png_Gaussian-Closing.png
Component: component_1755524254699_255.png
centerX: 0.3919354838709677
centerY: 0.7400968937019093
width: 0.028225806451612902
height: 0.03818751781134226
Area: 0.00036990135963743003
CentroidX: 0.4043
CentroidY: 0.7608
