Location: Dedata_1.png_Gaussian-Closing.png
Component: component_1755524254669_115.png
centerX: 0.16169354838709676
centerY: 0.34169278996865204
width: 0.031048387096774193
height: 0.03818751781134226
Area: 0.0006042066943068056
CentroidX: 0.1774
CentroidY: 0.3614
