Location: Dedata_1.png_Mean-Medain.png
Component: component_1755524255103_158.png
centerX: 0.028629032258064516
centerY: 0.45511541749786266
width: 0.024596774193548387
height: 0.028783129096608722
Area: 0.00047366679230366156
CentroidX: 0.0410
CentroidY: 0.4689
