Location: Dedata_1.png_Gaussian-Median.png
Component: component_1755524254806_205.png
centerX: 0.06290322580645161
centerY: 0.5448845825021373
width: 0.029838709677419355
height: 0.0347677400968937
Area: 0.0005936348008347199
CentroidX: 0.0786
CentroidY: 0.5634
