Location: Dedata_1.png_Gaussian-Closing.png
Component: component_1755524254673_138.png
centerX: 0.9008064516129032
centerY: 0.40752351097178685
width: 0.036290322580645164
height: 0.0353377030493018
Area: 0.0006245460980520137
CentroidX: 0.9169
CentroidY: 0.4262
