Location: Dedata_1.png_Gaussian-Median.png
Component: component_1755524254781_82.png
centerX: 0.38870967741935486
centerY: 0.2171558848674836
width: 0.039919354838709675
height: 0.03619264747791394
Area: 0.0006589047518362919
CentroidX: 0.4118
CentroidY: 0.2359
