Location: Dedata_1.png_Otsu.png
Component: component_1755524255207_77.png
centerX: 0.8508064516129032
centerY: 0.2507836990595611
width: 0.037096774193548385
height: 0.03562268452550584
Area: 0.0005539902003143989
CentroidX: 0.8699
CentroidY: 0.2694
