Location: Dedata_1.png_Otsu.png
Component: component_1755524255222_147.png
centerX: 0.07137096774193548
centerY: 0.4542604730692505
width: 0.024596774193548387
height: 0.02963807352522086
Area: 0.0004675764623686557
CentroidX: 0.0839
CentroidY: 0.4682
