Location: Dedata_1.png_Gaussian-Closing.png
Component: component_1755524254695_241.png
centerX: 0.18629032258064515
centerY: 0.6993445426047307
width: 0.03508064516129032
height: 0.032487888287261325
Area: 0.0004304599233307899
CentroidX: 0.1995
CentroidY: 0.7178
