Location: Dedata_1.png_Mean-Medain.png
Component: component_1755524255112_204.png
centerX: 0.4713709677419355
centerY: 0.5785123966942148
width: 0.031451612903225803
height: 0.03733257338273012
Area: 0.0004714834664779047
CentroidX: 0.4847
CentroidY: 0.5989
