Location: Dedata_1.png_Gaussian-Median.png
Component: component_1755524254811_224.png
centerX: 0.09879032258064516
centerY: 0.5956112852664577
width: 0.03588709677419355
height: 0.034482758620689655
Area: 0.0004979132001581187
CentroidX: 0.1170
CentroidY: 0.6146
