Location: Dedata_1.png_Gaussian-Closing.png
Component: component_1755524254687_205.png
centerX: 0.36088709677419356
centerY: 0.5830721003134797
width: 0.027822580645161292
height: 0.03562268452550584
Area: 0.0004481563537079767
CentroidX: 0.3743
CentroidY: 0.6026
