Location: Dedata_1.png_Gaussian-Closing.png
Component: component_1755524254684_191.png
centerX: 0.018145161290322582
centerY: 0.5471644343117698
width: 0.031048387096774193
height: 0.03419777714448561
Area: 0.000589038325412074
CentroidX: 0.0334
CentroidY: 0.5652
