Location: Dedata_1.png_Gaussian-Median.png
Component: component_1755524254788_119.png
centerX: 0.4689516129032258
centerY: 0.32430891992020516
width: 0.027822580645161292
height: 0.03818751781134226
Area: 0.000611561054983039
CentroidX: 0.4824
CentroidY: 0.3444
