Location: Dedata_1.png_Gaussian-Closing.png
Component: component_1755524254648_22.png
centerX: 0.9508064516129032
centerY: 0.07751496152750072
width: 0.03346774193548387
height: 0.04445711028783129
Area: 0.0007414114856727861
CentroidX: 0.9674
CentroidY: 0.0989
