Location: Dedata_1.png_Gaussian-Median.png
Component: component_1755524254805_197.png
centerX: 0.42782258064516127
centerY: 0.5249358791678541
width: 0.035483870967741936
height: 0.03590766600170989
Area: 0.0005740997802884748
CentroidX: 0.4438
CentroidY: 0.5432
