Location: Dedata_1.png_Gaussian-Median.png
Component: component_1755524254895_322.png
centerX: 0.5645161290322581
centerY: 0.9090909090909091
width: 0.027419354838709678
height: 0.036477628954117984
Area: 0.00038794252567131524
CentroidX: 0.5776
CentroidY: 0.9280
