Location: Dedata_1.png_Otsu.png
Component: component_1755524255202_52.png
centerX: 0.17983870967741936
centerY: 0.17127386719863208
width: 0.03064516129032258
height: 0.03362781419207751
Area: 0.0005327315014846616
CentroidX: 0.1946
CentroidY: 0.1877
