Location: Dedata_1.png_Gaussian-Closing.png
Component: component_1755524254701_268.png
centerX: 0.6286290322580645
centerY: 0.7908235964662297
width: 0.02661290322580645
height: 0.03590766600170989
Area: 0.0004228757388834242
CentroidX: 0.6413
CentroidY: 0.8091
