Location: Dedata_1.png_Gaussian-Median.png
Component: component_1755524254852_294.png
centerX: 0.11814516129032258
centerY: 0.7999430037047592
width: 0.024596774193548387
height: 0.04189227700199487
Area: 0.00039920389045679775
CentroidX: 0.1295
CentroidY: 0.8212
