Location: Dedata_1.png_Gaussian-Median.png
Component: component_1755524254807_209.png
centerX: 0.7923387096774194
centerY: 0.5682530635508692
width: 0.028225806451612902
height: 0.03733257338273012
Area: 0.0004274722143060701
CentroidX: 0.8048
CentroidY: 0.5889
