Location: Dedata_1.png_Otsu.png
Component: component_1755524255237_263.png
centerX: 0.6342741935483871
centerY: 0.5716728412653177
width: 0.025
height: 0.03761755485893417
Area: 0.00023660357238069847
CentroidX: 0.6454
CentroidY: 0.5911
