Location: Dedata_1.png_Gaussian-Median.png
Component: component_1755524254777_68.png
centerX: 0.06129032258064516
centerY: 0.17811342262752922
width: 0.03588709677419355
height: 0.03362781419207751
Area: 0.0005597357945927063
CentroidX: 0.0808
CentroidY: 0.1940
