Location: Dedata_1.png_Otsu.png
Component: component_1755524255236_248.png
centerX: 0.06330645161290323
centerY: 0.5448845825021373
width: 0.02943548387096774
height: 0.0347677400968937
Area: 0.000571226983149321
CentroidX: 0.0787
CentroidY: 0.5635
