Location: Dedata_1.png_Mean-Medain.png
Component: component_1755524255060_29.png
centerX: 0.8483870967741935
centerY: 0.0823596466229695
width: 0.03790322580645161
height: 0.03619264747791394
Area: 0.0007039502109782219
CentroidX: 0.8671
CentroidY: 0.0999
