Location: Dedata_1.png_Gaussian-Median.png
Component: component_1755524254808_211.png
centerX: 0.6334677419354838
centerY: 0.5705329153605015
width: 0.02661290322580645
height: 0.039042462239954404
Area: 0.00041781961591851367
CentroidX: 0.6449
CentroidY: 0.5909
