Location: Dedata_1.png_Mean-Medain.png
Component: component_1755524255135_301.png
centerX: 0.4560483870967742
centerY: 0.853804502707324
width: 0.02338709677419355
height: 0.03733257338273012
Area: 0.0004197731179731382
CentroidX: 0.4666
CentroidY: 0.8725
