Location: Dedata_1.png_Gaussian-Median.png
Component: component_1755524254780_77.png
centerX: 0.6008064516129032
centerY: 0.20946138500997435
width: 0.03870967741935484
height: 0.03619264747791394
Area: 0.0005842120262182958
CentroidX: 0.6209
CentroidY: 0.2292
