Location: Dedata_1.png_Gaussian-Closing.png
Component: component_1755524254691_225.png
centerX: 0.18991935483870967
centerY: 0.6491878027928185
width: 0.025403225806451612
height: 0.03220290681105728
Area: 0.0004143722593515292
CentroidX: 0.2019
CentroidY: 0.6655
