Location: Dedata_1.png_Mean-Medain.png
Component: component_1755524255071_38.png
centerX: 0.34274193548387094
centerY: 0.09432886862353947
width: 0.03508064516129032
height: 0.04474209176403534
Area: 0.0008076007317588873
CentroidX: 0.3600
CentroidY: 0.1156
