Location: Dedata_1.png_Otsu.png
Component: component_1755524255203_58.png
centerX: 0.8633064516129032
centerY: 0.19863208891422057
width: 0.029838709677419355
height: 0.03362781419207751
Area: 0.00047653958944281525
CentroidX: 0.8767
CentroidY: 0.2154
