Location: Dedata_1.png_Mean-Medain.png
Component: component_1755524255081_61.png
centerX: 0.17943548387096775
centerY: 0.17127386719863208
width: 0.031451612903225803
height: 0.033912795668281565
Area: 0.0005880041184419787
CentroidX: 0.1946
CentroidY: 0.1878
