Location: Dedata_1.png_Gaussian-Closing.png
Component: component_1755524254680_170.png
centerX: 0.08266129032258064
centerY: 0.4955827871188373
width: 0.034274193548387094
height: 0.03562268452550584
Area: 0.0006353478152952316
CentroidX: 0.0988
CentroidY: 0.5132
