Location: Dedata_1.png_Gaussian-Median.png
Component: component_1755524254789_121.png
centerX: 0.3641129032258065
centerY: 0.33257338273012255
width: 0.027822580645161292
height: 0.03419777714448561
Area: 0.0005338806203403231
CentroidX: 0.3784
CentroidY: 0.3485
