Location: Dedata_1.png_Gaussian-Median.png
Component: component_1755524254839_270.png
centerX: 0.4991935483870968
centerY: 0.7301225420347678
width: 0.029838709677419355
height: 0.0438871473354232
Area: 0.0004907886632530175
CentroidX: 0.5163
CentroidY: 0.7536
