Location: Dedata_1.png_Otsu.png
Component: component_1755524255296_881.png
centerX: 0.5483870967741935
centerY: 0.9677970931889427
width: 0.024193548387096774
height: 0.029068110572812767
Area: 0.00023120271375908952
CentroidX: 0.5603
CentroidY: 0.9817
