Location: Dedata_1.png_Gaussian-Median.png
Component: component_1755524254787_115.png
centerX: 0.7314516129032258
centerY: 0.3086349387289826
width: 0.03185483870967742
height: 0.03761755485893417
Area: 0.0006243162742808814
CentroidX: 0.7469
CentroidY: 0.3284
