Location: Dedata_1.png_Mean-Medain.png
Component: component_1755524255131_280.png
centerX: 0.17137096774193547
centerY: 0.7982331148475349
width: 0.021370967741935483
height: 0.04160729552579082
Area: 0.0004074775462175604
CentroidX: 0.1817
CentroidY: 0.8191
