Location: Dedata_1.png_Gaussian-Median.png
Component: component_1755524254845_280.png
centerX: 0.04516129032258064
centerY: 0.7594756340837846
width: 0.03306451612903226
height: 0.03134796238244514
Area: 0.0003701311834085623
CentroidX: 0.0577
CentroidY: 0.7759
