Location: Dedata_1.png_Otsu.png
Component: component_1755524255204_64.png
centerX: 0.5451612903225806
centerY: 0.21088629239099457
width: 0.03790322580645161
height: 0.03733257338273012
Area: 0.0005651366532143153
CentroidX: 0.5654
CentroidY: 0.2307
