Location: Dedata_1.png_Mean-Medain.png
Component: component_1755524255107_178.png
centerX: 0.9520161290322581
centerY: 0.5118267312624679
width: 0.02661290322580645
height: 0.034482758620689655
Area: 0.00042609327167927635
CentroidX: 0.9627
CentroidY: 0.5301
