Location: Dedata_1.png_Gaussian-Median.png
Component: component_1755524254816_248.png
centerX: 0.657258064516129
centerY: 0.676831005984611
width: 0.02943548387096774
height: 0.03761755485893417
Area: 0.0003981696834867024
CentroidX: 0.6692
CentroidY: 0.6974
