Location: Dedata_1.png_Otsu.png
Component: component_1755524255223_154.png
centerX: 0.682258064516129
centerY: 0.46679965802222856
width: 0.03669354838709677
height: 0.03676261043032203
Area: 0.0006305215161014534
CentroidX: 0.6986
CentroidY: 0.4869
