Location: Dedata_1.png_Gaussian-Closing.png
Component: component_1755524254666_101.png
centerX: 0.902016129032258
centerY: 0.30322029068110573
width: 0.02903225806451613
height: 0.03163294385864919
Area: 0.00047401152796036
CentroidX: 0.9144
CentroidY: 0.3194
