Location: Dedata_1.png_Mean-Medain.png
Component: component_1755524255094_117.png
centerX: 0.2685483870967742
centerY: 0.33741806782559136
width: 0.02338709677419355
height: 0.0353377030493018
Area: 0.0005318122064001323
CentroidX: 0.2807
CentroidY: 0.3543
