Location: Dedata_1.png_Gaussian-Median.png
Component: component_1755524254873_304.png
centerX: 0.5681451612903226
centerY: 0.8492447990880593
width: 0.029838709677419355
height: 0.039042462239954404
Area: 0.0004034556302227452
CentroidX: 0.5802
CentroidY: 0.8693
