Location: Dedata_27.png_Mean-Closing.png
Component: component_1755505443428_174.png
centerX: 0.7
centerY: 0.47591906526075806
width: 0.04314516129032258
height: 0.024793388429752067
Area: 0.00044241075942966934
CentroidX: 0.7217
CentroidY: 0.4883
