Location: Dedata_27.png_Mean-Medain.png
Component: component_1755505443198_196.png
centerX: 0.3721774193548387
centerY: 0.5354801937874039
width: 0.05040322580645161
height: 0.0219435736677116
Area: 0.000440572169260611
CentroidX: 0.3977
CentroidY: 0.5465
