Location: internet_31.png_Mean-Closing.png
Component: component_1755077728258_118.png
centerX: 0.15195485691253527
centerY: 0.3992015968063872
width: 0.04312777106005643
height: 0.02594810379241517
Area: 0.00047765354877852976
CentroidX: 0.1756
CentroidY: 0.4104
