Location: Dedata_27.png_Gaussian-Closing.png
Component: component_1755505442921_31.png
centerX: 0.44717741935483873
centerY: 0.06041607295525791
width: 0.044758064516129036
height: 0.026503277286976348
Area: 0.000533765708454757
CentroidX: 0.4662
CentroidY: 0.0743
