Location: Dedata_27.png_Gaussian-Median.png
Component: component_1755505442835_295.png
centerX: 0.16169354838709676
centerY: 0.8327158734682245
width: 0.052016129032258066
height: 0.022513536620119692
Area: 0.0003915047941238658
CentroidX: 0.1846
CentroidY: 0.8448
