Location: Dedata_27.png_Mean-Closing.png
Component: component_1755505443373_12.png
centerX: 0.23346774193548386
centerY: 0.013394129381590196
width: 0.05524193548387097
height: 0.024508406953548018
Area: 0.000681542393292823
CentroidX: 0.2604
CentroidY: 0.0251
