Location: Dedata_27.png_Gaussian-Closing.png
Component: component_1755505442978_219.png
centerX: 0.38467741935483873
centerY: 0.6144200626959248
width: 0.054838709677419356
height: 0.0219435736677116
Area: 0.0003825416670497063
CentroidX: 0.4091
CentroidY: 0.6263
