Location: internet_31.png_Gaussian-Closing.png
Component: component_1755077728493_131.png
centerX: 0.22853688029020555
centerY: 0.4439692044482464
width: 0.039500201531640466
height: 0.02765896777872826
Area: 0.0004175445964178053
CentroidX: 0.2491
CentroidY: 0.4567
