Location: Dedata_27.png_Mean-Closing.png
Component: component_1755505443402_105.png
centerX: 0.7443548387096774
centerY: 0.28612140210886294
width: 0.05443548387096774
height: 0.02080364776289541
Area: 0.0004815957124077258
CentroidX: 0.7682
CentroidY: 0.2975
