Location: internet_31.png_Mean-Medain.png
Component: component_1755077728110_24.png
centerX: 0.40709391374445786
centerY: 0.06843455945252352
width: 0.05401047964530431
height: 0.02594810379241517
Area: 0.0005427045373754132
CentroidX: 0.4361
CentroidY: 0.0808
