Location: Dedata_27.png_Mean-Closing.png
Component: component_1755505443482_289.png
centerX: 0.024596774193548387
centerY: 0.8432601880877743
width: 0.05040322580645161
height: 0.020233684810487318
Area: 0.0004216117081421966
CentroidX: 0.0460
CentroidY: 0.8535
