Location: internet_31.png_Mean-Medain.png
Component: component_1755077728122_83.png
centerX: 0.007658202337767029
centerY: 0.24893071000855432
width: 0.042724707779121324
height: 0.025092671799258625
Area: 0.0004944334857664185
CentroidX: 0.0299
CentroidY: 0.2615
