Location: Dedata_27.png_Mean-Closing.png
Component: component_1755505443432_183.png
centerX: 0.17540322580645162
centerY: 0.5095468794528356
width: 0.05403225806451613
height: 0.020233684810487318
Area: 0.00043448183932560513
CentroidX: 0.1984
CentroidY: 0.5206
