Location: Dedata_27.png_Gaussian-Closing.png
Component: component_1755505442983_230.png
centerX: 0.4754032258064516
centerY: 0.6449130806497577
width: 0.054838709677419356
height: 0.022513536620119692
Area: 0.00040242142325264986
CentroidX: 0.5008
CentroidY: 0.6570
