Location: Dedata_27.png_Gaussian-Median.png
Component: component_1755505442810_255.png
centerX: 0.24233870967741936
centerY: 0.7030493017953833
width: 0.05241935483870968
height: 0.020518666286691366
Area: 0.00038633375927338916
CentroidX: 0.2662
CentroidY: 0.7141
