Location: Dedata_27.png_Mean-Medain.png
Component: component_1755505443134_81.png
centerX: 0.5076612903225807
centerY: 0.21858079224850385
width: 0.05685483870967742
height: 0.022513536620119692
Area: 0.0004856176284025409
CentroidX: 0.5334
CentroidY: 0.2306
