Location: Dedata_27.png_Mean-Medain.png
Component: component_1755505443157_135.png
centerX: 0.7495967741935484
centerY: 0.36078654887432315
width: 0.05120967741935484
height: 0.02365346252493588
Area: 0.0004694150525377141
CentroidX: 0.7728
CentroidY: 0.3734
