Location: Dedata_27.png_Mean-Medain.png
Component: component_1755505443122_52.png
centerX: 0.7524193548387097
centerY: 0.13764605300655458
width: 0.059274193548387095
height: 0.024793388429752067
Area: 0.0005512323150608113
CentroidX: 0.7785
CentroidY: 0.1505
