Location: internet_31.png_Mean-Medain.png
Component: component_1755077728108_15.png
centerX: 0.008061265618702136
centerY: 0.06387225548902195
width: 0.04836759371221282
height: 0.023666951810664385
Area: 0.0004282331864169398
CentroidX: 0.0344
CentroidY: 0.0755
