Location: Dedata_27.png_Gaussian-Median.png
Component: component_1755505442745_176.png
centerX: 0.17056451612903226
centerY: 0.4707893986890852
width: 0.04879032258064516
height: 0.018808777429467086
Area: 0.00035151545794684635
CentroidX: 0.1945
CentroidY: 0.4804
