Location: internet_31.png_Gaussian-Median.png
Component: component_1755077728032_237.png
centerX: 0.8637646110439339
centerY: 0.6327345309381237
width: 0.051189036678758564
height: 0.03222127174222983
Area: 0.0006924597284385567
CentroidX: 0.8880
CentroidY: 0.6499
