Location: internet_31.png_Mean-Medain.png
Component: component_1755077728147_205.png
centerX: 0.22773075372833534
centerY: 0.6449957228400343
width: 0.04877065699314793
height: 0.03051040775591674
Area: 0.0007271689131669293
CentroidX: 0.2534
CentroidY: 0.6603
