Location: internet_31.png_Mean-Closing.png
Component: component_1755077728230_2.png
centerX: 0.3482466747279323
centerY: 0.011976047904191617
width: 0.05441354292623942
height: 0.0290846877673225
Area: 0.0005974117291989408
CentroidX: 0.3764
CentroidY: 0.0267
