Location: Dedata_27.png_Mean-Closing.png
Component: component_1755505443399_98.png
centerX: 0.3056451612903226
centerY: 0.2675976061555999
width: 0.06774193548387097
height: 0.0219435736677116
Area: 0.000565711212642146
CentroidX: 0.3339
CentroidY: 0.2792
