Location: Dedata_27.png_Gaussian-Closing.png
Component: component_1755505442932_73.png
centerX: 0.21733870967741936
centerY: 0.1860929039612425
width: 0.049193548387096775
height: 0.022513536620119692
Area: 0.0004285064212761654
CentroidX: 0.2384
CentroidY: 0.1979
