Location: Dedata_27.png_Gaussian-Closing.png
Component: component_1755505442965_178.png
centerX: 0.3975806451612903
centerY: 0.4933029353092049
width: 0.0532258064516129
height: 0.020518666286691366
Area: 0.00041816435157521214
CentroidX: 0.4236
CentroidY: 0.5036
