Location: internet_31.png_Gaussian-Closing.png
Component: component_1755077728355_31.png
centerX: 0.009270455461507456
centerY: 0.10635871114913031
width: 0.04232164449818621
height: 0.02281151981750784
Area: 0.0003996153486773215
CentroidX: 0.0291
CentroidY: 0.1177
