Location: internet_31.png_Mean-Medain.png
Component: component_1755077728125_97.png
centerX: 0.01007658202337767
centerY: 0.29654975762760194
width: 0.04312777106005643
height: 0.025092671799258625
Area: 0.0004979963490994633
CentroidX: 0.0325
CentroidY: 0.3091
