Location: internet_31.png_Mean-Closing.png
Component: component_1755077728274_183.png
centerX: 0.3043127771060056
centerY: 0.6418591388651269
width: 0.04796453043127771
height: 0.030795551753635585
Area: 0.0007207327729523966
CentroidX: 0.3281
CentroidY: 0.6569
