Location: Dedata_27.png_Gaussian-Closing.png
Component: component_1755505442968_190.png
centerX: 0.5181451612903226
centerY: 0.5323453975491593
width: 0.043548387096774194
height: 0.022513536620119692
Area: 0.00036656891495601173
CentroidX: 0.5390
CentroidY: 0.5437
