Location: Dedata_27.png_Gaussian-Closing.png
Component: component_1755505442921_32.png
centerX: 0.5189516129032258
centerY: 0.06184098033627814
width: 0.04153225806451613
height: 0.027358221715588486
Area: 0.0005259517002362588
CentroidX: 0.5364
CentroidY: 0.0758
