Location: Dedata_27.png_Gaussian-Closing.png
Component: component_1755505443006_282.png
centerX: 0.45403225806451614
centerY: 0.8196067255628384
width: 0.05887096774193548
height: 0.024793388429752067
Area: 0.00043861866720598647
CentroidX: 0.4797
CentroidY: 0.8330
