Location: Dedata_27.png_Mean-Closing.png
Component: component_1755505443409_122.png
centerX: 0.5116935483870968
centerY: 0.3348532345397549
width: 0.04516129032258064
height: 0.022798518096323737
Area: 0.00045068441519043197
CentroidX: 0.5333
CentroidY: 0.3461
