Location: Dedata_27.png_Mean-Closing.png
Component: component_1755505443371_6.png
centerX: 0.8657258064516129
centerY: 0.009119407238529496
width: 0.039112903225806454
height: 0.02792818466799658
Area: 0.0005491639011206207
CentroidX: 0.8830
CentroidY: 0.0240
