Location: internet_31.png_Gaussian-Median.png
Component: component_1755077727995_40.png
centerX: 0.009270455461507456
centerY: 0.10635871114913031
width: 0.04232164449818621
height: 0.02281151981750784
Area: 0.00040903969684860143
CentroidX: 0.0292
CentroidY: 0.1178
