Location: Dedata_27.png_Mean-Closing.png
Component: component_1755505443460_240.png
centerX: 0.09838709677419355
centerY: 0.6719863208891422
width: 0.0532258064516129
height: 0.023083499572527786
Area: 0.00045757912832440086
CentroidX: 0.1233
CentroidY: 0.6841
