Location: Dedata_27.png_Gaussian-Median.png
Component: component_1755505442729_165.png
centerX: 0.018548387096774192
centerY: 0.43573667711598746
width: 0.054838709677419356
height: 0.02080364776289541
Area: 0.00042540380036587945
CentroidX: 0.0419
CentroidY: 0.4465
