Location: Dedata_27.png_Mean-Medain.png
Component: component_1755505443098_3.png
centerX: 0.07943548387096774
centerY: 0.007694499857509262
width: 0.05604838709677419
height: 0.02108862923909946
Area: 0.0006173066492613464
CentroidX: 0.1076
CentroidY: 0.0175
