Location: Dedata_27.png_Gaussian-Closing.png
Component: component_1755505442984_232.png
centerX: 0.8895161290322581
centerY: 0.6554573952693075
width: 0.06048387096774194
height: 0.026503277286976348
Area: 0.0004373546364647588
CentroidX: 0.9163
CentroidY: 0.6700
