Location: internet_31.png_Gaussian-Closing.png
Component: component_1755077728390_69.png
centerX: 0.3180169286577993
centerY: 0.20159680638722555
width: 0.04917372027408303
height: 0.02737382378100941
Area: 0.0004928244507127853
CentroidX: 0.3447
CentroidY: 0.2148
