Location: Dedata_27.png_Mean-Closing.png
Component: component_1755505443379_31.png
centerX: 0.5185483870967742
centerY: 0.06184098033627814
width: 0.04153225806451613
height: 0.027358221715588486
Area: 0.0005559437023690234
CentroidX: 0.5363
CentroidY: 0.0757
