Location: Dedata_27.png_Mean-Medain.png
Component: component_1755505443164_149.png
centerX: 0.7814516129032258
centerY: 0.39640923339982903
width: 0.045564516129032256
height: 0.023938444001139925
Area: 0.00039851441914340085
CentroidX: 0.8035
CentroidY: 0.4086
