Location: Dedata_27.png_Gaussian-Closing.png
Component: component_1755505442925_47.png
centerX: 0.5959677419354839
centerY: 0.09917355371900827
width: 0.04153225806451613
height: 0.02336848104873183
Area: 0.0004143722593515292
CentroidX: 0.6146
CentroidY: 0.1115
