Location: internet_31.png_Mean-Closing.png
Component: component_1755077728248_74.png
centerX: 0.5477629987908101
centerY: 0.245794126033647
width: 0.05199516324062878
height: 0.0290846877673225
Area: 0.0005674147185562083
CentroidX: 0.5760
CentroidY: 0.2600
