Location: Dedata_27.png_Gaussian-Median.png
Component: component_1755505442824_278.png
centerX: 0.37701612903225806
centerY: 0.7822741521801083
width: 0.04838709677419355
height: 0.021658592191507554
Area: 0.0003857591998455584
CentroidX: 0.3994
CentroidY: 0.7939
