Location: internet_31.png_Mean-Medain.png
Component: component_1755077728141_177.png
centerX: 0.07295445384925434
centerY: 0.5523239235814086
width: 0.04554615074566707
height: 0.02594810379241517
Area: 0.0004568510241565582
CentroidX: 0.0980
CentroidY: 0.5646
