Location: Dedata_27.png_Mean-Closing.png
Component: component_1755505443443_212.png
centerX: 0.7544354838709677
centerY: 0.591336563123397
width: 0.04838709677419355
height: 0.022513536620119692
Area: 0.0004046047490784067
CentroidX: 0.7773
CentroidY: 0.6027
