Location: internet_31.png_Gaussian-Closing.png
Component: component_1755077728466_109.png
centerX: 0.9081015719467956
centerY: 0.3567151411462789
width: 0.04796453043127771
height: 0.026518391787852865
Area: 0.00038237568738839475
CentroidX: 0.9334
CentroidY: 0.3698
