Location: Dedata_27.png_Mean-Medain.png
Component: component_1755505443161_144.png
centerX: 0.09717741935483871
centerY: 0.3887147335423197
width: 0.04838709677419355
height: 0.020518666286691366
Area: 0.0004313792184153191
CentroidX: 0.1187
CentroidY: 0.3989
