Location: Dedata_27.png_Mean-Medain.png
Component: component_1755505443134_82.png
centerX: 0.5887096774193549
centerY: 0.21972071815332003
width: 0.05524193548387097
height: 0.019663721858079224
Area: 0.00046527822465733273
CentroidX: 0.6133
CentroidY: 0.2301
