Location: Dedata_27.png_Gaussian-Closing.png
Component: component_1755505442974_205.png
centerX: 0.37016129032258066
centerY: 0.5736677115987461
width: 0.04798387096774193
height: 0.024793388429752067
Area: 0.0004193134704308736
CentroidX: 0.3933
CentroidY: 0.5875
