Location: Dedata_27.png_Mean-Closing.png
Component: component_1755505443446_216.png
centerX: 0.6088709677419355
centerY: 0.5998860074095184
width: 0.05161290322580645
height: 0.021658592191507554
Area: 0.0004012723043969884
CentroidX: 0.6338
CentroidY: 0.6112
