Location: internet_31.png_Mean-Medain.png
Component: component_1755077728118_60.png
centerX: 0.8476420798065296
centerY: 0.19076133447390933
width: 0.046352277307537285
height: 0.031080695751354435
Area: 0.0005263843246885627
CentroidX: 0.8729
CentroidY: 0.2048
