Location: internet_31.png_Gaussian-Closing.png
Component: component_1755077728420_100.png
centerX: 0.5449415558242644
centerY: 0.32877102936983177
width: 0.04393389762192664
height: 0.03136583974907328
Area: 0.00040938449007437994
CentroidX: 0.5686
CentroidY: 0.3441
