Location: Dedata_27.png_Mean-Closing.png
Component: component_1755505443426_170.png
centerX: 0.8379032258064516
centerY: 0.4682245654032488
width: 0.043548387096774194
height: 0.022228555143915644
Area: 0.00039472232691971793
CentroidX: 0.8581
CentroidY: 0.4793
