Location: Dedata_27.png_Gaussian-Median.png
Component: component_1755505442575_9.png
centerX: 0.16330645161290322
centerY: 0.010829296095753777
width: 0.04717741935483871
height: 0.02365346252493588
Area: 0.0005739848684029086
CentroidX: 0.1844
CentroidY: 0.0227
