Location: internet_31.png_Mean-Closing.png
Component: component_1755077728289_244.png
centerX: 0.017331721080209594
centerY: 0.8591388651268891
width: 0.041515517936316
height: 0.029940119760479042
Area: 0.0006338448800562059
CentroidX: 0.0370
CentroidY: 0.8733
