Location: internet_31.png_Mean-Closing.png
Component: component_1755077728284_221.png
centerX: 0.705763804917372
centerY: 0.7881380096948959
width: 0.041112454655380895
height: 0.03165098374679213
Area: 0.0006380973298408078
CentroidX: 0.7264
CentroidY: 0.8029
