Location: Dedata_27.png_Gaussian-Median.png
Component: component_1755505442825_280.png
centerX: 0.9112903225806451
centerY: 0.7851239669421488
width: 0.04798387096774193
height: 0.02536335138216016
Area: 0.0004195432942020059
CentroidX: 0.9338
CentroidY: 0.7989
