Location: Dedata_27.png_Mean-Closing.png
Component: component_1755505443459_237.png
centerX: 0.7391129032258065
centerY: 0.6654317469364491
width: 0.05725806451612903
height: 0.02536335138216016
Area: 0.00044896073690693975
CentroidX: 0.7649
CentroidY: 0.6790
