Location: Dedata_27.png_Gaussian-Median.png
Component: component_1755505442610_94.png
centerX: 0.8608870967741935
centerY: 0.24650897691650042
width: 0.06088709677419355
height: 0.020518666286691366
Area: 0.0004832044788056518
CentroidX: 0.8875
CentroidY: 0.2576
