Location: internet_31.png_Gaussian-Closing.png
Component: component_1755077728484_119.png
centerX: 0.15195485691253527
centerY: 0.3992015968063872
width: 0.04312777106005643
height: 0.02594810379241517
Area: 0.00042765853104064226
CentroidX: 0.1756
CentroidY: 0.4104
