Location: internet_31.png_Gaussian-Closing.png
Component: component_1755077728499_148.png
centerX: 0.15074566706972994
centerY: 0.49700598802395207
width: 0.04554615074566707
height: 0.0290846877673225
Area: 0.0004191536314714384
CentroidX: 0.1753
CentroidY: 0.5113
