Location: internet_31.png_Mean-Closing.png
Component: component_1755077728270_166.png
centerX: 0.648931882305522
centerY: 0.5819788993441688
width: 0.051592099959693674
height: 0.03051040775591674
Area: 0.000739236676069178
CentroidX: 0.6768
CentroidY: 0.5965
