Location: internet_31.png_Gaussian-Closing.png
Component: component_1755077728468_115.png
centerX: 0.4687625957275292
centerY: 0.38294838893641286
width: 0.05038291011688835
height: 0.02879954376960365
Area: 0.00046834413168250934
CentroidX: 0.4958
CentroidY: 0.3974
