Location: Dedata_27.png_Gaussian-Closing.png
Component: component_1755505442955_144.png
centerX: 0.847983870967742
centerY: 0.39469934454260475
width: 0.049193548387096775
height: 0.02108862923909946
Area: 0.00039391794372075495
CentroidX: 0.8706
CentroidY: 0.4052
