Location: Dedata_27.png_Mean-Closing.png
Component: component_1755505443477_280.png
centerX: 0.6887096774193548
centerY: 0.8007979481333714
width: 0.05403225806451613
height: 0.02365346252493588
Area: 0.0004540168598718503
CentroidX: 0.7123
CentroidY: 0.8136
