Location: internet_31.png_Gaussian-Median.png
Component: component_1755077727990_22.png
centerX: 0.6416767432486901
centerY: 0.0658682634730539
width: 0.055219669488109635
height: 0.025092671799258625
Area: 0.0005200631155492895
CentroidX: 0.6714
CentroidY: 0.0777
