Location: Dedata_27.png_Gaussian-Closing.png
Component: component_1755505442912_4.png
centerX: 0.07983870967741935
centerY: 0.007694499857509262
width: 0.055645161290322584
height: 0.02080364776289541
Area: 0.0005762831061142316
CentroidX: 0.1076
CentroidY: 0.0175
