Location: internet_31.png_Mean-Medain.png
Component: component_1755077728134_139.png
centerX: 0.22813381700927046
centerY: 0.4439692044482464
width: 0.04030632809351068
height: 0.027944111776447105
Area: 0.0004637468886721289
CentroidX: 0.2497
CentroidY: 0.4568
