Location: Dedata_27.png_Mean-Medain.png
Component: component_1755505443240_256.png
centerX: 0.10120967741935484
centerY: 0.7113137646053006
width: 0.05120967741935484
height: 0.021658592191507554
Area: 0.0004015021281681207
CentroidX: 0.1233
CentroidY: 0.7230
