Location: Dedata_27.png_Gaussian-Closing.png
Component: component_1755505442924_43.png
centerX: 0.8120967741935484
centerY: 0.09746366486178398
width: 0.046370967741935484
height: 0.0262182958107723
Area: 0.0004977982882725526
CentroidX: 0.8324
CentroidY: 0.1107
