Location: internet_31.png_Gaussian-Median.png
Component: component_1755077728018_150.png
centerX: 0.22853688029020555
centerY: 0.39349871685201027
width: 0.04353083434099154
height: 0.03051040775591674
Area: 0.00052466035855967
CentroidX: 0.2520
CentroidY: 0.4079
