Location: internet_31.png_Mean-Closing.png
Component: component_1755077728251_86.png
centerX: 0.5489721886336155
centerY: 0.28599942971200454
width: 0.05038291011688835
height: 0.026518391787852865
Area: 0.0005361534660856211
CentroidX: 0.5764
CentroidY: 0.2990
