Location: Dedata_27.png_Gaussian-Closing.png
Component: component_1755505442925_48.png
centerX: 0.9
centerY: 0.13080649757765744
width: 0.052016129032258066
height: 0.025078369905956112
Area: 0.00044275549508636776
CentroidX: 0.9229
CentroidY: 0.1443
