Location: Dedata_27.png_Mean-Closing.png
Component: component_1755505443409_123.png
centerX: 0.4383064516129032
centerY: 0.33513821601595895
width: 0.0467741935483871
height: 0.0262182958107723
Area: 0.00046998961196554484
CentroidX: 0.4600
CentroidY: 0.3490
