Location: Dedata_27.png_Mean-Closing.png
Component: component_1755505443456_232.png
centerX: 0.39798387096774196
centerY: 0.6517526360786549
width: 0.05604838709677419
height: 0.022798518096323737
Area: 0.00043517131063900203
CentroidX: 0.4232
CentroidY: 0.6633
