Location: internet_31.png_Mean-Medain.png
Component: component_1755077728157_247.png
centerX: 0.16203143893591293
centerY: 0.8001140575990875
width: 0.04393389762192664
height: 0.029654975762760195
Area: 0.0006302820167231611
CentroidX: 0.1828
CentroidY: 0.8145
