Location: Dedata_27.png_Gaussian-Closing.png
Component: component_1755505442926_52.png
centerX: 0.5903225806451613
centerY: 0.13707609005414648
width: 0.050806451612903224
height: 0.02707324023938444
Area: 0.0004898693681684884
CentroidX: 0.6136
CentroidY: 0.1509
