Location: internet_31.png_Mean-Medain.png
Component: component_1755077728115_48.png
centerX: 0.5699314792422411
centerY: 0.14656401482748788
width: 0.056831922611850064
height: 0.025377815796977475
Area: 0.0005305218433979051
CentroidX: 0.6019
CentroidY: 0.1584
