Location: internet_31.png_Mean-Closing.png
Component: component_1755077728289_243.png
centerX: 0.22370012091898428
centerY: 0.8585685771314514
width: 0.04393389762192664
height: 0.02879954376960365
Area: 0.000624880256185964
CentroidX: 0.2452
CentroidY: 0.8722
