Location: Dedata_27.png_Mean-Medain.png
Component: component_1755505443115_39.png
centerX: 0.07056451612903226
centerY: 0.09489883157594756
width: 0.03951612903225806
height: 0.02536335138216016
Area: 0.00046263525128931133
CentroidX: 0.0881
CentroidY: 0.1080
