Location: Dedata_27.png_Gaussian-Median.png
Component: component_1755505442587_48.png
centerX: 0.6665322580645161
centerY: 0.09888857224280422
width: 0.042741935483870966
height: 0.02707324023938444
Area: 0.0004674615504830896
CentroidX: 0.6854
CentroidY: 0.1132
