Location: internet_31.png_Gaussian-Median.png
Component: component_1755077728039_266.png
centerX: 0.08948004836759371
centerY: 0.7037353863701169
width: 0.045949214026602174
height: 0.03051040775591674
Area: 0.0006669450297309452
CentroidX: 0.1119
CentroidY: 0.7185
