Location: Dedata_27.png_Mean-Closing.png
Component: component_1755505443378_29.png
centerX: 0.584274193548387
centerY: 0.060131091479053864
width: 0.0375
height: 0.027643203191792535
Area: 0.0005433033949567472
CentroidX: 0.6011
CentroidY: 0.0745
