Location: Dedata_27.png_Mean-Closing.png
Component: component_1755505443397_92.png
centerX: 0.6975806451612904
centerY: 0.24736392134511256
width: 0.06612903225806452
height: 0.024793388429752067
Area: 0.000581224317193576
CentroidX: 0.7258
CentroidY: 0.2621
