Location: internet_31.png_Mean-Medain.png
Component: component_1755077728153_231.png
centerX: 0.35268037081821846
centerY: 0.7507841459937268
width: 0.04433696090286175
height: 0.026803535785571715
Area: 0.0006091346988754109
CentroidX: 0.3743
CentroidY: 0.7631
