Location: internet_31.png_Gaussian-Median.png
Component: component_1755077728038_265.png
centerX: 0.1600161225312374
centerY: 0.7023096663815227
width: 0.046352277307537285
height: 0.029940119760479042
Area: 0.0006540727493018799
CentroidX: 0.1821
CentroidY: 0.7167
