Location: Dedata_27.png_Gaussian-Closing.png
Component: component_1755505442977_214.png
centerX: 0.6826612903225806
centerY: 0.5950413223140496
width: 0.046370967741935484
height: 0.02108862923909946
Area: 0.0003559970214839261
CentroidX: 0.7047
CentroidY: 0.6056
