Location: Dedata_27.png_Mean-Closing.png
Component: component_1755505443416_140.png
centerX: 0.16330645161290322
centerY: 0.38273012254203476
width: 0.05120967741935484
height: 0.02108862923909946
Area: 0.00046079666112025297
CentroidX: 0.1872
CentroidY: 0.3936
