Location: Dedata_27.png_Mean-Closing.png
Component: component_1755505443436_195.png
centerX: 0.9225806451612903
centerY: 0.5408948418352807
width: 0.05685483870967742
height: 0.023938444001139925
Area: 0.00044631776353891835
CentroidX: 0.9486
CentroidY: 0.5528
