Location: Dedata_27.png_Gaussian-Median.png
Component: component_1755505442818_264.png
centerX: 0.455241935483871
centerY: 0.731832430891992
width: 0.054838709677419356
height: 0.022513536620119692
Area: 0.0004171301446051168
CentroidX: 0.4795
CentroidY: 0.7436
