Location: internet_31.png_Mean-Closing.png
Component: component_1755077728245_62.png
centerX: 0.008061265618702136
centerY: 0.19931565440547477
width: 0.049979846835953246
height: 0.027944111776447105
Area: 0.00048558379297143606
CentroidX: 0.0351
CentroidY: 0.2125
