Location: internet_31.png_Gaussian-Median.png
Component: component_1755077728035_247.png
centerX: 0.014913341394598953
centerY: 0.6452808668377531
width: 0.05280128980249899
height: 0.03222127174222983
Area: 0.0007136070462863068
CentroidX: 0.0402
CentroidY: 0.6632
