Location: Dedata_27.png_Mean-Closing.png
Component: component_1755505443442_210.png
centerX: 0.8209677419354838
centerY: 0.5850669706469079
width: 0.04959677419354839
height: 0.021658592191507554
Area: 0.0003873679662434845
CentroidX: 0.8438
CentroidY: 0.5964
