Location: Dedata_27.png_Mean-Closing.png
Component: component_1755505443416_139.png
centerX: 0.23669354838709677
centerY: 0.38016528925619836
width: 0.05120967741935484
height: 0.0219435736677116
Area: 0.0004573493045532686
CentroidX: 0.2607
CentroidY: 0.3913
