Location: internet_31.png_Mean-Closing.png
Component: component_1755077728249_78.png
centerX: 0.46956872228939944
centerY: 0.24779013401767894
width: 0.045949214026602174
height: 0.03051040775591674
Area: 0.0005775286531790453
CentroidX: 0.4944
CentroidY: 0.2622
