Location: internet_31.png_Mean-Closing.png
Component: component_1755077728254_99.png
centerX: 0.5449415558242644
centerY: 0.3290561733675506
width: 0.04393389762192664
height: 0.031080695751354435
Area: 0.0004659305791020596
CentroidX: 0.5688
CentroidY: 0.3444
