Location: internet_31.png_Mean-Medain.png
Component: component_1755077728126_100.png
centerX: 0.9068923821039904
centerY: 0.31822070145423437
width: 0.04232164449818621
height: 0.03051040775591674
Area: 0.0004507596771678041
CentroidX: 0.9292
CentroidY: 0.3321
