Location: Dedata_27.png_Gaussian-Median.png
Component: component_1755505442709_145.png
centerX: 0.23669354838709677
centerY: 0.3798803077799943
width: 0.050806451612903224
height: 0.022228555143915644
Area: 0.0004311493946441868
CentroidX: 0.2606
CentroidY: 0.3913
