Location: internet_31.png_Mean-Medain.png
Component: component_1755077728136_149.png
centerX: 0.5989520354695688
centerY: 0.48474479612204163
width: 0.05199516324062878
height: 0.026803535785571715
Area: 0.000489376518455
CentroidX: 0.6268
CentroidY: 0.4978
