Location: internet_31.png_Gaussian-Median.png
Component: component_1755077728037_258.png
centerX: 0.5796049979846836
centerY: 0.6968919304248645
width: 0.04675534058847239
height: 0.03051040775591674
Area: 0.0006478664712378663
CentroidX: 0.6023
CentroidY: 0.7120
