Location: internet_31.png_Mean-Medain.png
Component: component_1755077728108_12.png
centerX: 0.724707779121322
centerY: 0.017964071856287425
width: 0.05199516324062878
height: 0.028229255774165955
Area: 0.0005474167114610533
CentroidX: 0.7511
CentroidY: 0.0316
