Location: Dedata_27.png_Mean-Closing.png
Component: component_1755505443439_202.png
centerX: 0.024193548387096774
centerY: 0.5599886007409518
width: 0.041935483870967745
height: 0.019663721858079224
Area: 0.00039851441914340085
CentroidX: 0.0444
CentroidY: 0.5699
