Location: internet_31.png_Mean-Medain.png
Component: component_1755077728158_250.png
centerX: 0.7988714228133817
centerY: 0.8408896492728828
width: 0.041515517936316
height: 0.03421727972626176
Area: 0.0006102840096280061
CentroidX: 0.8199
CentroidY: 0.8580
