Location: Dedata_27.png_Gaussian-Closing.png
Component: component_1755505442947_120.png
centerX: 0.6516129032258065
centerY: 0.3274437161584497
width: 0.04879032258064516
height: 0.023938444001139925
Area: 0.00046734663859752343
CentroidX: 0.6744
CentroidY: 0.3401
