Location: Dedata_27.png_Gaussian-Median.png
Component: component_1755505442582_33.png
centerX: 0.5189516129032258
centerY: 0.06184098033627814
width: 0.04153225806451613
height: 0.027358221715588486
Area: 0.0005256069645795604
CentroidX: 0.5364
CentroidY: 0.0758
