Location: Dedata_27.png_Mean-Medain.png
Component: component_1755505443140_95.png
centerX: 0.5495967741935484
centerY: 0.2573382730122542
width: 0.05806451612903226
height: 0.02365346252493588
Area: 0.000521355224813613
CentroidX: 0.5758
CentroidY: 0.2694
