Location: Dedata_27.png_Mean-Closing.png
Component: component_1755505443385_52.png
centerX: 0.7524193548387097
centerY: 0.13764605300655458
width: 0.05887096774193548
height: 0.024793388429752067
Area: 0.000549393724891753
CentroidX: 0.7784
CentroidY: 0.1505
