Location: Dedata_27.png_Mean-Medain.png
Component: component_1755505443117_43.png
centerX: 0.8116935483870967
centerY: 0.09746366486178398
width: 0.0467741935483871
height: 0.025933314334568254
Area: 0.0005228490793259728
CentroidX: 0.8323
CentroidY: 0.1107
