Location: Dedata_27.png_Mean-Closing.png
Component: component_1755505443407_116.png
centerX: 0.9350806451612903
centerY: 0.310914790538615
width: 0.04959677419354839
height: 0.0219435736677116
Area: 0.0004422958475441032
CentroidX: 0.9578
CentroidY: 0.3223
