Location: internet_31.png_Gaussian-Closing.png
Component: component_1755077728392_74.png
centerX: 0.6303909713825071
centerY: 0.24294268605645852
width: 0.05280128980249899
height: 0.027944111776447105
Area: 0.0005422448130743752
CentroidX: 0.6597
CentroidY: 0.2565
