Location: Dedata_27.png_Gaussian-Median.png
Component: component_1755505442763_203.png
centerX: 0.16532258064516128
centerY: 0.54858934169279
width: 0.04717741935483871
height: 0.022228555143915644
Area: 0.0004071328105608619
CentroidX: 0.1879
CentroidY: 0.5595
