Location: Dedata_27.png_Mean-Closing.png
Component: component_1755505443472_267.png
centerX: 0.021370967741935483
centerY: 0.7580507267027643
width: 0.05967741935483871
height: 0.022513536620119692
Area: 0.0004547063311852472
CentroidX: 0.0468
CentroidY: 0.7692
