Location: internet_31.png_Mean-Closing.png
Component: component_1755077728261_125.png
centerX: 0.611446997178557
centerY: 0.42258340461933275
width: 0.051189036678758564
height: 0.031936127744510975
Area: 0.0005077654904965217
CentroidX: 0.6388
CentroidY: 0.4374
