Location: Dedata_27.png_Gaussian-Median.png
Component: component_1755505442656_128.png
centerX: 0.4383064516129032
centerY: 0.3348532345397549
width: 0.0467741935483871
height: 0.026788258763180393
Area: 0.00044873091313580747
CentroidX: 0.4599
CentroidY: 0.3490
