Location: Dedata_27.png_Mean-Medain.png
Component: component_1755505443125_64.png
centerX: 0.8274193548387097
centerY: 0.17811342262752922
width: 0.053629032258064514
height: 0.0219435736677116
Area: 0.00044792652993684443
CentroidX: 0.8515
CentroidY: 0.1893
