Location: Dedata_27.png_Mean-Closing.png
Component: component_1755505443390_69.png
centerX: 0.692741935483871
centerY: 0.18067825591336564
width: 0.04717741935483871
height: 0.024508406953548018
Area: 0.00046137122054808373
CentroidX: 0.7132
CentroidY: 0.1939
