Location: Dedata_27.png_Gaussian-Closing.png
Component: component_1755505442921_34.png
centerX: 0.3866935483870968
centerY: 0.08577942433741807
width: 0.039112903225806454
height: 0.02821316614420063
Area: 0.00047883782715413823
CentroidX: 0.4037
CentroidY: 0.1009
