Location: Dedata_27.png_Gaussian-Median.png
Component: component_1755505442590_57.png
centerX: 0.6705645161290322
centerY: 0.13821601595896266
width: 0.05887096774193548
height: 0.025648332858364205
Area: 0.0005080254460879398
CentroidX: 0.6959
CentroidY: 0.1516
