Location: internet_31.png_Gaussian-Closing.png
Component: component_1755077728421_102.png
centerX: 0.46956872228939944
centerY: 0.3361847733105218
width: 0.045949214026602174
height: 0.03022526375819789
Area: 0.00045455240265136797
CentroidX: 0.4936
CentroidY: 0.3497
