Location: internet_31.png_Gaussian-Median.png
Component: component_1755077728038_264.png
centerX: 0.3675937122128174
centerY: 0.7005988023952096
width: 0.042724707779121324
height: 0.02765896777872826
Area: 0.000590056140382332
CentroidX: 0.3890
CentroidY: 0.7140
