Location: internet_31.png_Gaussian-Median.png
Component: component_1755077728012_107.png
centerX: 0.22773075372833534
centerY: 0.2925577416595381
width: 0.04675534058847239
height: 0.026803535785571715
Area: 0.0005010994881314701
CentroidX: 0.2537
CentroidY: 0.3046
