Location: Dedata_27.png_Mean-Closing.png
Component: component_1755505443385_51.png
centerX: 0.5903225806451613
centerY: 0.13707609005414648
width: 0.050806451612903224
height: 0.02707324023938444
Area: 0.0005212403129280468
CentroidX: 0.6136
CentroidY: 0.1509
