Location: internet_31.png_Gaussian-Median.png
Component: component_1755077727995_42.png
centerX: 0.9101168883514712
centerY: 0.10664385514684915
width: 0.05562273276904474
height: 0.02281151981750784
Area: 0.0004312213943736871
CentroidX: 0.9399
CentroidY: 0.1171
