Location: Dedata_27.png_Mean-Medain.png
Component: component_1755505443101_12.png
centerX: 0.23346774193548386
centerY: 0.013394129381590196
width: 0.055645161290322584
height: 0.024508406953548018
Area: 0.0006813125695216908
CentroidX: 0.2604
CentroidY: 0.0251
