Location: Dedata_27.png_Mean-Medain.png
Component: component_1755505443129_73.png
centerX: 0.21733870967741936
centerY: 0.1860929039612425
width: 0.049193548387096775
height: 0.022513536620119692
Area: 0.00046378437014497285
CentroidX: 0.2383
CentroidY: 0.1979
