Location: internet_31.png_Gaussian-Median.png
Component: component_1755077728037_259.png
centerX: 0.437726723095526
centerY: 0.6988879384088965
width: 0.04232164449818621
height: 0.029654975762760195
Area: 0.0006363733637119152
CentroidX: 0.4586
CentroidY: 0.7131
