Location: Dedata_27.png_Gaussian-Closing.png
Component: component_1755505442913_6.png
centerX: 0.8657258064516129
centerY: 0.009404388714733543
width: 0.039112903225806454
height: 0.027643203191792535
Area: 0.0005153798067641732
CentroidX: 0.8831
CentroidY: 0.0241
