Location: Dedata_27.png_Mean-Closing.png
Component: component_1755505443408_120.png
centerX: 0.6512096774193549
centerY: 0.3274437161584497
width: 0.049193548387096775
height: 0.023938444001139925
Area: 0.0004960746099890603
CentroidX: 0.6744
CentroidY: 0.3401
