Location: internet_31.png_Gaussian-Closing.png
Component: component_1755077728516_226.png
centerX: 0.7053607416364369
centerY: 0.7881380096948959
width: 0.041515517936316
height: 0.03165098374679213
Area: 0.0006200531510250645
CentroidX: 0.7264
CentroidY: 0.8029
