Location: internet_31.png_Mean-Medain.png
Component: component_1755077728161_263.png
centerX: 0.017331721080209594
centerY: 0.8591388651268891
width: 0.041515517936316
height: 0.029940119760479042
Area: 0.000635453915109839
CentroidX: 0.0370
CentroidY: 0.8733
