Location: internet_31.png_Mean-Medain.png
Component: component_1755077728152_228.png
centerX: 0.562273276904474
centerY: 0.7473624180211007
width: 0.04796453043127771
height: 0.027088679783290562
Area: 0.0006207427374766216
CentroidX: 0.5850
CentroidY: 0.7603
