Location: internet_31.png_Mean-Medain.png
Component: component_1755077728132_132.png
centerX: 0.845223700120919
centerY: 0.41231822070145424
width: 0.0475614671503426
height: 0.02480752780153978
Area: 0.0004475416070605378
CentroidX: 0.8712
CentroidY: 0.4240
