Location: Dedata_27.png_Gaussian-Closing.png
Component: component_1755505442973_203.png
centerX: 0.5254032258064516
centerY: 0.567113137646053
width: 0.0532258064516129
height: 0.025078369905956112
Area: 0.00044562829222552145
CentroidX: 0.5489
CentroidY: 0.5807
