Location: Dedata_27.png_Mean-Medain.png
Component: component_1755505443208_213.png
centerX: 0.2346774193548387
centerY: 0.5839270447420918
width: 0.05887096774193548
height: 0.02336848104873183
Area: 0.0004667720791696927
CentroidX: 0.2613
CentroidY: 0.5965
