Location: Dedata_27.png_Gaussian-Closing.png
Component: component_1755505442966_181.png
centerX: 0.2536290322580645
centerY: 0.5041322314049587
width: 0.050806451612903224
height: 0.02365346252493588
Area: 0.00044988003199146893
CentroidX: 0.2771
CentroidY: 0.5158
