Location: Dedata_27.png_Gaussian-Median.png
Component: component_1755505442772_224.png
centerX: 0.532258064516129
centerY: 0.6064405813622115
width: 0.05524193548387097
height: 0.022513536620119692
Area: 0.0004123038454113386
CentroidX: 0.5562
CentroidY: 0.6180
