Location: Dedata_27.png_Gaussian-Closing.png
Component: component_1755505443004_278.png
centerX: 0.027016129032258064
centerY: 0.7999430037047592
width: 0.04717741935483871
height: 0.02336848104873183
Area: 0.00041287840483916934
CentroidX: 0.0490
CentroidY: 0.8121
