Location: internet_31.png_Mean-Closing.png
Component: component_1755077728261_124.png
centerX: 0.6956872228939943
centerY: 0.4185913886512689
width: 0.04877065699314793
height: 0.029654975762760195
Area: 0.0005053519379160721
CentroidX: 0.7215
CentroidY: 0.4320
