Location: internet_31.png_Mean-Medain.png
Component: component_1755077728138_163.png
centerX: 0.9072954453849255
centerY: 0.51981750784146
width: 0.04917372027408303
height: 0.027944111776447105
Area: 0.0006405108824212575
CentroidX: 0.9341
CentroidY: 0.5330
