Location: Dedata_27.png_Gaussian-Closing.png
Component: component_1755505442946_117.png
centerX: 0.8629032258064516
centerY: 0.3137646053006555
width: 0.05443548387096774
height: 0.024223425477343973
Area: 0.00046964487630884636
CentroidX: 0.8874
CentroidY: 0.3268
