Location: internet_31.png_Mean-Medain.png
Component: component_1755077728155_238.png
centerX: 0.7646110439338977
centerY: 0.786142001710864
width: 0.04232164449818621
height: 0.0290846877673225
Area: 0.0006237309454333689
CentroidX: 0.7851
CentroidY: 0.8003
