Location: internet_31.png_Gaussian-Closing.png
Component: component_1755077728348_8.png
centerX: 0.5006045949214026
centerY: 0.01568291987453664
width: 0.05239822652156389
height: 0.02737382378100941
Area: 0.0005339697756556904
CentroidX: 0.5275
CentroidY: 0.0286
