Location: Dedata_27.png_Mean-Medain.png
Component: component_1755505443114_38.png
centerX: 0.007661290322580645
centerY: 0.09290396124251923
width: 0.03951612903225806
height: 0.025933314334568254
Area: 0.00045137388650382887
CentroidX: 0.0252
CentroidY: 0.1069
