Location: internet_31.png_Mean-Closing.png
Component: component_1755077728237_26.png
centerX: 0.24989923417976623
centerY: 0.07385229540918163
width: 0.058444175735590485
height: 0.026803535785571715
Area: 0.000574540445222298
CentroidX: 0.2805
CentroidY: 0.0864
