Location: Dedata_27.png_Mean-Medain.png
Component: component_1755505443153_126.png
centerX: 0.4383064516129032
centerY: 0.33513821601595895
width: 0.0467741935483871
height: 0.026503277286976348
Area: 0.00046964487630884636
CentroidX: 0.4600
CentroidY: 0.3490
