Location: internet_31.png_Gaussian-Closing.png
Component: component_1755077728425_104.png
centerX: 0.30713422007255137
centerY: 0.34473909324208724
width: 0.049979846835953246
height: 0.028229255774165955
Area: 0.0004888018630787023
CentroidX: 0.3336
CentroidY: 0.3573
