Location: internet_31.png_Mean-Medain.png
Component: component_1755077728114_39.png
centerX: 0.07577589681580008
centerY: 0.11092101511263187
width: 0.05199516324062878
height: 0.020245223838038208
Area: 0.0004142115952352794
CentroidX: 0.1023
CentroidY: 0.1205
