Location: Dedata_27.png_Gaussian-Median.png
Component: component_1755505442724_159.png
centerX: 0.23508064516129032
centerY: 0.4223425477343973
width: 0.0467741935483871
height: 0.022228555143915644
Area: 0.00041218893352577244
CentroidX: 0.2582
CentroidY: 0.4333
