Location: internet_31.png_Gaussian-Closing.png
Component: component_1755077728346_3.png
centerX: 0.3482466747279323
centerY: 0.012261191901910464
width: 0.05441354292623942
height: 0.02879954376960365
Area: 0.0005721268926418482
CentroidX: 0.3765
CentroidY: 0.0267
