Location: internet_31.png_Mean-Closing.png
Component: component_1755077728253_95.png
centerX: 0.9072954453849255
centerY: 0.31822070145423437
width: 0.04191858121725111
height: 0.03022526375819789
Area: 0.0004468520206089807
CentroidX: 0.9293
CentroidY: 0.3321
