Location: internet_31.png_Gaussian-Closing.png
Component: component_1755077728510_200.png
centerX: 0.5796049979846836
centerY: 0.6968919304248645
width: 0.046352277307537285
height: 0.03022526375819789
Area: 0.0006459126429584546
CentroidX: 0.6023
CentroidY: 0.7120
