Location: Dedata_27.png_Gaussian-Median.png
Component: component_1755505442814_261.png
centerX: 0.6733870967741935
centerY: 0.7150185237959532
width: 0.059274193548387095
height: 0.025078369905956112
Area: 0.00044539846845438916
CentroidX: 0.7001
CentroidY: 0.7275
