Location: internet_31.png_Mean-Closing.png
Component: component_1755077728290_246.png
centerX: 0.07577589681580008
centerY: 0.8605645851154833
width: 0.05038291011688835
height: 0.029940119760479042
Area: 0.0006986660065025704
CentroidX: 0.1006
CentroidY: 0.8745
