Location: internet_31.png_Mean-Medain.png
Component: component_1755077728153_233.png
centerX: 0.05401047964530431
centerY: 0.7522098659823211
width: 0.04232164449818621
height: 0.027944111776447105
Area: 0.0005837349312430589
CentroidX: 0.0755
CentroidY: 0.7660
