Location: internet_31.png_Gaussian-Median.png
Component: component_1755077728002_74.png
centerX: 0.5570334542523177
centerY: 0.1958939264328486
width: 0.049979846835953246
height: 0.02737382378100941
Area: 0.000494318554691159
CentroidX: 0.5846
CentroidY: 0.2086
