Location: internet_31.png_Mean-Medain.png
Component: component_1755077728124_91.png
centerX: 0.5489721886336155
centerY: 0.2857142857142857
width: 0.05038291011688835
height: 0.027088679783290562
Area: 0.0005404059158702231
CentroidX: 0.5764
CentroidY: 0.2989
