Location: Dedata_27.png_Gaussian-Closing.png
Component: component_1755505442932_74.png
centerX: 0.017338709677419354
centerY: 0.1866628669136506
width: 0.04758064516129032
height: 0.024793388429752067
Area: 0.00045999227792128993
CentroidX: 0.0376
CentroidY: 0.1993
