Location: internet_31.png_Mean-Medain.png
Component: component_1755077728140_174.png
centerX: 0.29705763804917373
centerY: 0.5463358996293128
width: 0.03909713825070536
height: 0.027944111776447105
Area: 0.00044156519114704317
CentroidX: 0.3169
CentroidY: 0.5597
