Location: internet_31.png_Mean-Medain.png
Component: component_1755077728149_214.png
centerX: 0.437726723095526
centerY: 0.6988879384088965
width: 0.04232164449818621
height: 0.029654975762760195
Area: 0.0006608536827421911
CentroidX: 0.4587
CentroidY: 0.7131
