Location: internet_31.png_Mean-Medain.png
Component: component_1755077728131_126.png
centerX: 0.15155179363160015
centerY: 0.3992015968063872
width: 0.04393389762192664
height: 0.02594810379241517
Area: 0.00047960737705794146
CentroidX: 0.1756
CentroidY: 0.4104
