Location: Dedata_27.png_Gaussian-Median.png
Component: component_1755505442603_87.png
centerX: 0.35766129032258065
centerY: 0.22285551439156454
width: 0.05040322580645161
height: 0.022513536620119692
Area: 0.00043838884343485414
CentroidX: 0.3807
CentroidY: 0.2341
