Location: internet_31.png_Gaussian-Closing.png
Component: component_1755077728507_187.png
centerX: 0.5864570737605804
centerY: 0.6410037068719704
width: 0.046352277307537285
height: 0.028229255774165955
Area: 0.000644418538980081
CentroidX: 0.6087
CentroidY: 0.6547
