Location: internet_31.png_Gaussian-Median.png
Component: component_1755077728013_110.png
centerX: 0.01007658202337767
centerY: 0.29654975762760194
width: 0.04312777106005643
height: 0.025092671799258625
Area: 0.0004737458922197064
CentroidX: 0.0326
CentroidY: 0.3090
