Location: Dedata_27.png_Gaussian-Closing.png
Component: component_1755505442954_142.png
centerX: 0.910483870967742
centerY: 0.3887147335423197
width: 0.05403225806451613
height: 0.021373610715303505
Area: 0.0003734636280899806
CentroidX: 0.9352
CentroidY: 0.4006
