Location: Dedata_27.png_Mean-Medain.png
Component: component_1755505443203_204.png
centerX: 0.6858870967741936
centerY: 0.5579937304075235
width: 0.05846774193548387
height: 0.02365346252493588
Area: 0.0004564300094687394
CentroidX: 0.7125
CentroidY: 0.5702
