Location: Dedata_27.png_Gaussian-Median.png
Component: component_1755505442789_239.png
centerX: 0.39798387096774196
centerY: 0.6517526360786549
width: 0.05604838709677419
height: 0.023083499572527786
Area: 0.00040173195193925296
CentroidX: 0.4230
CentroidY: 0.6633
