Location: internet_31.png_Gaussian-Closing.png
Component: component_1755077728499_147.png
centerX: 0.22329705763804916
centerY: 0.49529512403763903
width: 0.04675534058847239
height: 0.028514399771884802
Area: 0.00041674007889098866
CentroidX: 0.2495
CentroidY: 0.5079
