Location: Dedata_27.png_Mean-Closing.png
Component: component_1755505443435_191.png
centerX: 0.5181451612903226
centerY: 0.5323453975491593
width: 0.043548387096774194
height: 0.022513536620119692
Area: 0.00039253900109396115
CentroidX: 0.5389
CentroidY: 0.5437
