Location: internet_31.png_Mean-Closing.png
Component: component_1755077728288_239.png
centerX: 0.5485691253526803
centerY: 0.8542914171656687
width: 0.04070939137444579
height: 0.029369831765041345
Area: 0.000594998176618491
CentroidX: 0.5680
CentroidY: 0.8682
