Location: Dedata_27.png_Gaussian-Closing.png
Component: component_1755505442961_166.png
centerX: 0.30766129032258066
centerY: 0.46337988030778
width: 0.05161290322580645
height: 0.019663721858079224
Area: 0.0003821969313930078
CentroidX: 0.3329
CentroidY: 0.4738
