Location: internet_31.png_Gaussian-Median.png
Component: component_1755077728029_212.png
centerX: 0.07295445384925434
centerY: 0.5523239235814086
width: 0.04554615074566707
height: 0.02594810379241517
Area: 0.0004242105987828569
CentroidX: 0.0979
CentroidY: 0.5646
