Location: Dedata_27.png_Mean-Closing.png
Component: component_1755505443453_224.png
centerX: 0.7842741935483871
centerY: 0.6261043032202906
width: 0.056451612903225805
height: 0.023083499572527786
Area: 0.00045654492135430554
CentroidX: 0.8085
CentroidY: 0.6378
