Location: Dedata_27.png_Mean-Closing.png
Component: component_1755505443434_188.png
centerX: 0.719758064516129
centerY: 0.5163864348817326
width: 0.04596774193548387
height: 0.022228555143915644
Area: 0.00040667316301859735
CentroidX: 0.7425
CentroidY: 0.5279
