Location: Dedata_27.png_Mean-Closing.png
Component: component_1755505443452_223.png
centerX: 0.24758064516129033
centerY: 0.6246793958392705
width: 0.05040322580645161
height: 0.021373610715303505
Area: 0.00040954596015775103
CentroidX: 0.2706
CentroidY: 0.6358
