Location: internet_31.png_Gaussian-Closing.png
Component: component_1755077728498_145.png
centerX: 0.3006852075775897
centerY: 0.49016253207869975
width: 0.045949214026602174
height: 0.0290846877673225
Area: 0.0004317960497499847
CentroidX: 0.3257
CentroidY: 0.5038
