Location: internet_31.png_Gaussian-Closing.png
Component: component_1755077728350_13.png
centerX: 0.8798871422813381
centerY: 0.01853435985172512
width: 0.05199516324062878
height: 0.025377815796977475
Area: 0.0005242006342586319
CentroidX: 0.9072
CentroidY: 0.0314
