Location: Dedata_27.png_Mean-Medain.png
Component: component_1755505443105_21.png
centerX: 0.9193548387096774
centerY: 0.04873183243089199
width: 0.0375
height: 0.028783129096608722
Area: 0.0004695299644232802
CentroidX: 0.9367
CentroidY: 0.0641
