Location: Dedata_27.png_Gaussian-Closing.png
Component: component_1755505442937_89.png
centerX: 0.07943548387096774
centerY: 0.23282986605870618
width: 0.04758064516129032
height: 0.021373610715303505
Area: 0.0004291958925895623
CentroidX: 0.1018
CentroidY: 0.2434
