Location: Dedata_27.png_Mean-Medain.png
Component: component_1755505443169_154.png
centerX: 0.4483870967741935
centerY: 0.4109432886862354
width: 0.04435483870967742
height: 0.019663721858079224
Area: 0.000405638956048502
CentroidX: 0.4706
CentroidY: 0.4207
