Location: Dedata_27.png_Gaussian-Median.png
Component: component_1755505442782_233.png
centerX: 0.7161290322580646
centerY: 0.6303790253633513
width: 0.05
height: 0.021373610715303505
Area: 0.0003657645317570487
CentroidX: 0.7372
CentroidY: 0.6413
