Location: Dedata_27.png_Gaussian-Median.png
Component: component_1755505442759_192.png
centerX: 0.02379032258064516
centerY: 0.5163864348817326
width: 0.04596774193548387
height: 0.0219435736677116
Area: 0.0003875977900146168
CentroidX: 0.0453
CentroidY: 0.5266
