Location: Dedata_27.png_Mean-Closing.png
Component: component_1755505443444_214.png
centerX: 0.027419354838709678
centerY: 0.5947563408378456
width: 0.04596774193548387
height: 0.020518666286691366
Area: 0.0004272423905349378
CentroidX: 0.0501
CentroidY: 0.6055
