Location: Dedata_27.png_Mean-Closing.png
Component: component_1755505443396_88.png
centerX: 0.015725806451612902
centerY: 0.2322599031062981
width: 0.04758064516129032
height: 0.0219435736677116
Area: 0.00046079666112025297
CentroidX: 0.0359
CentroidY: 0.2438
