Location: Dedata_27.png_Mean-Medain.png
Component: component_1755505443129_72.png
centerX: 0.2903225806451613
centerY: 0.1852379595326304
width: 0.0407258064516129
height: 0.023083499572527786
Area: 0.00045711948078213624
CentroidX: 0.3097
CentroidY: 0.1967
