Location: Dedata_27.png_Mean-Closing.png
Component: component_1755505443423_162.png
centerX: 0.655241935483871
centerY: 0.4417212881162724
width: 0.052016129032258066
height: 0.020518666286691366
Area: 0.00040885648884435413
CentroidX: 0.6799
CentroidY: 0.4519
