Location: Dedata_27.png_Mean-Medain.png
Component: component_1755505443206_210.png
centerX: 0.8923387096774194
centerY: 0.579082359646623
width: 0.050806451612903224
height: 0.024793388429752067
Area: 0.00042333538642568875
CentroidX: 0.9169
CentroidY: 0.5918
