Location: Dedata_27.png_Gaussian-Median.png
Component: component_1755505442833_287.png
centerX: 0.6887096774193548
centerY: 0.8007979481333714
width: 0.05403225806451613
height: 0.02365346252493588
Area: 0.0004133380523814339
CentroidX: 0.7124
CentroidY: 0.8136
