Location: Dedata_27.png_Gaussian-Closing.png
Component: component_1755505442934_81.png
centerX: 0.5076612903225807
centerY: 0.21858079224850385
width: 0.05685483870967742
height: 0.022513536620119692
Area: 0.000457694040209967
CentroidX: 0.5333
CentroidY: 0.2306
