Location: Dedata_27.png_Gaussian-Median.png
Component: component_1755505442820_268.png
centerX: 0.24556451612903227
centerY: 0.7455115417497863
width: 0.05604838709677419
height: 0.022798518096323737
Area: 0.000424254681510218
CentroidX: 0.2704
CentroidY: 0.7571
