Location: Dedata_27.png_Gaussian-Closing.png
Component: component_1755505442917_19.png
centerX: 0.06733870967741935
centerY: 0.0481618694784839
width: 0.043548387096774194
height: 0.02365346252493588
Area: 0.0004468923229667491
CentroidX: 0.0877
CentroidY: 0.0604
