Location: Dedata_27.png_Gaussian-Median.png
Component: component_1755505442799_244.png
centerX: 0.7391129032258065
centerY: 0.6654317469364491
width: 0.05725806451612903
height: 0.025648332858364205
Area: 0.00042563362413701174
CentroidX: 0.7649
CentroidY: 0.6790
