Location: internet_31.png_Gaussian-Median.png
Component: component_1755077728024_188.png
centerX: 0.3006852075775897
centerY: 0.4898773880809809
width: 0.045949214026602174
height: 0.029654975762760195
Area: 0.0004471968138347592
CentroidX: 0.3259
CentroidY: 0.5039
