Location: Dedata_27.png_Mean-Medain.png
Component: component_1755505443117_42.png
centerX: 0.5254032258064516
centerY: 0.09774864633798803
width: 0.04596774193548387
height: 0.025648332858364205
Area: 0.0004855027165169748
CentroidX: 0.5452
CentroidY: 0.1115
