Location: internet_31.png_Mean-Closing.png
Component: component_1755077728246_66.png
centerX: 0.2361950826279726
centerY: 0.20102651839178784
width: 0.05199516324062878
height: 0.02737382378100941
Area: 0.0005392566051176279
CentroidX: 0.2638
CentroidY: 0.2143
