Location: Dedata_27.png_Mean-Closing.png
Component: component_1755505443396_89.png
centerX: 0.07943548387096774
centerY: 0.23282986605870618
width: 0.04758064516129032
height: 0.021373610715303505
Area: 0.00046240542751817905
CentroidX: 0.1018
CentroidY: 0.2434
