Location: internet_31.png_Mean-Closing.png
Component: component_1755077728287_235.png
centerX: 0.7363966142684402
centerY: 0.848018249215854
width: 0.044740024183796856
height: 0.029654975762760195
Area: 0.0006393615716686625
CentroidX: 0.7581
CentroidY: 0.8619
