Location: Dedata_27.png_Mean-Medain.png
Component: component_1755505443156_133.png
centerX: 0.8923387096774194
centerY: 0.35651182673126247
width: 0.0532258064516129
height: 0.022228555143915644
Area: 0.00047125364270677244
CentroidX: 0.9170
CentroidY: 0.3678
