Location: internet_31.png_Mean-Medain.png
Component: component_1755077728113_38.png
centerX: 0.4804514308746473
centerY: 0.1092101511263188
width: 0.053607416364369206
height: 0.02594810379241517
Area: 0.0005355788107093236
CentroidX: 0.5096
CentroidY: 0.1212
