Location: Dedata_27.png_Gaussian-Median.png
Component: component_1755505442719_154.png
centerX: 0.5814516129032258
centerY: 0.40581362211456257
width: 0.043548387096774194
height: 0.019948703334283273
Area: 0.00039058549903933664
CentroidX: 0.6039
CentroidY: 0.4160
