Location: Dedata_27.png_Mean-Closing.png
Component: component_1755505443378_27.png
centerX: 0.7943548387096774
centerY: 0.055571387859789115
width: 0.041935483870967745
height: 0.02792818466799658
Area: 0.0004946956673622667
CentroidX: 0.8136
CentroidY: 0.0700
