Location: internet_31.png_Mean-Medain.png
Component: component_1755077728148_210.png
centerX: 0.6501410721483273
centerY: 0.6948959224408326
width: 0.045949214026602174
height: 0.030795551753635585
Area: 0.0006317761207015347
CentroidX: 0.6728
CentroidY: 0.7101
