Location: Dedata_27.png_Mean-Closing.png
Component: component_1755505443402_106.png
centerX: 0.675
centerY: 0.2889712168709034
width: 0.05040322580645161
height: 0.021373610715303505
Area: 0.00046343963448827437
CentroidX: 0.6970
CentroidY: 0.3007
