Location: internet_31.png_Gaussian-Closing.png
Component: component_1755077728393_76.png
centerX: 0.5477629987908101
centerY: 0.245794126033647
width: 0.051592099959693674
height: 0.0290846877673225
Area: 0.0005478764357620913
CentroidX: 0.5761
CentroidY: 0.2601
