Location: internet_31.png_Mean-Medain.png
Component: component_1755077728129_115.png
centerX: 0.8428053204353083
centerY: 0.36241802110065585
width: 0.045949214026602174
height: 0.025092671799258625
Area: 0.00041260256018164627
CentroidX: 0.8672
CentroidY: 0.3752
