Location: internet_31.png_Mean-Closing.png
Component: component_1755077728238_33.png
centerX: 0.5590487706569931
centerY: 0.1074992871400057
width: 0.05239822652156389
height: 0.024522383803820928
Area: 0.0005029383853356223
CentroidX: 0.5867
CentroidY: 0.1194
