Location: internet_31.png_Gaussian-Closing.png
Component: component_1755077728420_99.png
centerX: 0.7674324869004434
centerY: 0.32164242942686055
width: 0.04514308746473196
height: 0.02765896777872826
Area: 0.00039375386383908636
CentroidX: 0.7925
CentroidY: 0.3346
