Location: Dedata_27.png_Gaussian-Closing.png
Component: component_1755505442930_69.png
centerX: 0.5580645161290323
centerY: 0.18096323738956968
width: 0.043548387096774194
height: 0.02365346252493588
Area: 0.0004171301446051168
CentroidX: 0.5774
CentroidY: 0.1924
