Location: Dedata_27.png_Mean-Closing.png
Component: component_1755505443435_192.png
centerX: 0.44637096774193546
centerY: 0.5332003419777714
width: 0.05
height: 0.022513536620119692
Area: 0.0004195432942020059
CentroidX: 0.4710
CentroidY: 0.5450
