Location: Dedata_27.png_Mean-Closing.png
Component: component_1755505443476_276.png
centerX: 0.1620967741935484
centerY: 0.7928184667996581
width: 0.04959677419354839
height: 0.022513536620119692
Area: 0.0004481563537079767
CentroidX: 0.1859
CentroidY: 0.8045
