Location: Dedata_27.png_Gaussian-Median.png
Component: component_1755505442640_119.png
centerX: 0.09193548387096774
centerY: 0.310914790538615
width: 0.055645161290322584
height: 0.020233684810487318
Area: 0.00043586078195239893
CentroidX: 0.1171
CentroidY: 0.3210
