Location: internet_31.png_Gaussian-Median.png
Component: component_1755077728007_88.png
centerX: 0.3115679161628376
centerY: 0.2446535500427716
width: 0.04877065699314793
height: 0.030795551753635585
Area: 0.0005446583656548249
CentroidX: 0.3386
CentroidY: 0.2602
