Location: internet_31.png_Mean-Medain.png
Component: component_1755077728118_64.png
centerX: 0.5570334542523177
centerY: 0.1958939264328486
width: 0.049979846835953246
height: 0.02737382378100941
Area: 0.0005182242183451373
CentroidX: 0.5847
CentroidY: 0.2086
