Location: internet_31.png_Mean-Medain.png
Component: component_1755077728133_133.png
centerX: 0.6952841596130592
centerY: 0.4185913886512689
width: 0.04917372027408303
height: 0.029654975762760195
Area: 0.0005169599765172827
CentroidX: 0.7217
CentroidY: 0.4321
