Location: Dedata_27.png_Gaussian-Closing.png
Component: component_1755505442997_265.png
centerX: 0.667741935483871
centerY: 0.756055856369336
width: 0.055645161290322584
height: 0.022513536620119692
Area: 0.0003907004109249028
CentroidX: 0.6923
CentroidY: 0.7679
