Location: internet_31.png_Mean-Closing.png
Component: component_1755077728247_72.png
centerX: 0.6303909713825071
centerY: 0.24322783005417736
width: 0.05280128980249899
height: 0.02765896777872826
Area: 0.0005639667862984229
CentroidX: 0.6596
CentroidY: 0.2565
