Location: internet_31.png_Mean-Medain.png
Component: component_1755077728114_42.png
centerX: 0.2430471584038694
centerY: 0.11377245508982035
width: 0.05763804917372027
height: 0.026518391787852865
Area: 0.0005121328713563832
CentroidX: 0.2722
CentroidY: 0.1275
