Location: internet_31.png_Mean-Closing.png
Component: component_1755077728254_100.png
centerX: 0.46956872228939944
centerY: 0.3361847733105218
width: 0.04675534058847239
height: 0.03022526375819789
Area: 0.0005159255968399471
CentroidX: 0.4938
CentroidY: 0.3499
