Location: internet_31.png_Gaussian-Closing.png
Component: component_1755077728347_6.png
centerX: 0.1954856912535268
centerY: 0.015397775876817793
width: 0.05763804917372027
height: 0.02594810379241517
Area: 0.0005916651754359651
CentroidX: 0.2255
CentroidY: 0.0276
