Location: Dedata_27.png_Mean-Medain.png
Component: component_1755505443162_146.png
centerX: 0.01975806451612903
centerY: 0.39184952978056425
width: 0.06129032258064516
height: 0.019948703334283273
Area: 0.0005143455997940779
CentroidX: 0.0451
CentroidY: 0.4030
