Location: Dedata_27.png_Gaussian-Median.png
Component: component_1755505442738_171.png
centerX: 0.3782258064516129
centerY: 0.45825021373610714
width: 0.05241935483870968
height: 0.019663721858079224
Area: 0.0003880574375568814
CentroidX: 0.4014
CentroidY: 0.4688
