Location: internet_31.png_Gaussian-Closing.png
Component: component_1755077728359_38.png
centerX: 0.40346634421604194
centerY: 0.11206159110350727
width: 0.05280128980249899
height: 0.02566295979469632
Area: 0.00048431955114358144
CentroidX: 0.4307
CentroidY: 0.1243
