Location: Dedata_27.png_Gaussian-Median.png
Component: component_1755505442728_162.png
centerX: 0.8637096774193549
centerY: 0.42832715873468225
width: 0.05040322580645161
height: 0.025078369905956112
Area: 0.0003940328556063211
CentroidX: 0.8881
CentroidY: 0.4414
