Location: Dedata_27.png_Gaussian-Median.png
Component: component_1755505442752_181.png
centerX: 0.6270161290322581
centerY: 0.4799088059276147
width: 0.04395161290322581
height: 0.025078369905956112
Area: 0.00039518197446198255
CentroidX: 0.6486
CentroidY: 0.4929
