Location: internet_31.png_Gaussian-Median.png
Component: component_1755077728003_82.png
centerX: 0.3180169286577993
centerY: 0.20159680638722555
width: 0.04917372027408303
height: 0.02765896777872826
Area: 0.0004944334857664185
CentroidX: 0.3447
CentroidY: 0.2148
