Location: Dedata_27.png_Mean-Medain.png
Component: component_1755505443211_218.png
centerX: 0.027419354838709678
centerY: 0.5947563408378456
width: 0.04596774193548387
height: 0.020518666286691366
Area: 0.00042632309545040864
CentroidX: 0.0501
CentroidY: 0.6055
