Location: internet_31.png_Gaussian-Closing.png
Component: component_1755077728348_9.png
centerX: 0.6533655783958081
centerY: 0.015397775876817793
width: 0.04877065699314793
height: 0.02879954376960365
Area: 0.0005456927453321605
CentroidX: 0.6783
CentroidY: 0.0297
