Location: Dedata_27.png_Gaussian-Closing.png
Component: component_1755505442933_78.png
centerX: 0.8991935483870968
centerY: 0.21487603305785125
width: 0.06491935483870968
height: 0.021373610715303505
Area: 0.0004986026714715157
CentroidX: 0.9271
CentroidY: 0.2260
