Location: Dedata_27.png_Gaussian-Closing.png
Component: component_1755505442924_44.png
centerX: 0.5254032258064516
centerY: 0.09803362781419207
width: 0.04596774193548387
height: 0.02536335138216016
Area: 0.0004587282471800623
CentroidX: 0.5454
CentroidY: 0.1115
