Location: Dedata_27.png_Mean-Medain.png
Component: component_1755505443100_11.png
centerX: 0.6620967741935484
centerY: 0.012824166429182103
width: 0.046370967741935484
height: 0.03134796238244514
Area: 0.000655802130926006
CentroidX: 0.6824
CentroidY: 0.0294
