Location: Dedata_27.png_Mean-Closing.png
Component: component_1755505443434_189.png
centerX: 0.6544354838709677
centerY: 0.5220860644058136
width: 0.04717741935483871
height: 0.0219435736677116
Area: 0.00041391261180926466
CentroidX: 0.6770
CentroidY: 0.5336
