Location: internet_31.png_Mean-Medain.png
Component: component_1755077728123_86.png
centerX: 0.9270455461507456
centerY: 0.2754491017964072
width: 0.03788794840790004
height: 0.02480752780153978
Area: 0.00041041886975171554
CentroidX: 0.9448
CentroidY: 0.2877
