Location: internet_31.png_Gaussian-Closing.png
Component: component_1755077728499_150.png
centerX: 0.07577589681580008
centerY: 0.5004277159965783
width: 0.04836759371221282
height: 0.026803535785571715
Area: 0.00045041488394202553
CentroidX: 0.1025
CentroidY: 0.5130
