Location: internet_31.png_Mean-Medain.png
Component: component_1755077728142_184.png
centerX: 0.648931882305522
centerY: 0.5819788993441688
width: 0.051592099959693674
height: 0.030795551753635585
Area: 0.0007407307800475516
CentroidX: 0.6768
CentroidY: 0.5965
