Location: Dedata_27.png_Mean-Closing.png
Component: component_1755505443444_213.png
centerX: 0.09516129032258064
centerY: 0.5919065260758051
width: 0.04798387096774193
height: 0.0219435736677116
Area: 0.00042333538642568875
CentroidX: 0.1190
CentroidY: 0.6026
