Location: internet_31.png_Gaussian-Median.png
Component: component_1755077728043_287.png
centerX: 0.577589681580008
centerY: 0.7915597376675221
width: 0.04232164449818621
height: 0.03364699173082407
Area: 0.0006557967154307726
CentroidX: 0.5987
CentroidY: 0.8082
