Location: internet_31.png_Mean-Closing.png
Component: component_1755077728263_133.png
centerX: 0.07335751713018944
centerY: 0.44938694040490446
width: 0.044740024183796856
height: 0.027088679783290562
Area: 0.0004329453605025798
CentroidX: 0.0976
CentroidY: 0.4617
