Location: internet_31.png_Mean-Closing.png
Component: component_1755077728249_77.png
centerX: 0.15558242644095122
centerY: 0.24779013401767894
width: 0.04796453043127771
height: 0.028229255774165955
Area: 0.000535004155333026
CentroidX: 0.1803
CentroidY: 0.2608
