Location: Dedata_27.png_Gaussian-Closing.png
Component: component_1755505442937_90.png
centerX: 0.9370967741935484
centerY: 0.24593901396409235
width: 0.046370967741935484
height: 0.021373610715303505
Area: 0.0003779451916270604
CentroidX: 0.9584
CentroidY: 0.2581
