Location: internet_31.png_Mean-Medain.png
Component: component_1755077728131_121.png
centerX: 0.4687625957275292
centerY: 0.38294838893641286
width: 0.05078597339782346
height: 0.0290846877673225
Area: 0.0004989157977015394
CentroidX: 0.4961
CentroidY: 0.3974
