Location: internet_31.png_Gaussian-Closing.png
Component: component_1755077728500_151.png
centerX: 0.9072954453849255
centerY: 0.51981750784146
width: 0.04917372027408303
height: 0.027944111776447105
Area: 0.0006070659395207397
CentroidX: 0.9340
CentroidY: 0.5330
