Location: Dedata_27.png_Mean-Medain.png
Component: component_1755505443127_69.png
centerX: 0.5576612903225806
centerY: 0.18067825591336564
width: 0.04395161290322581
height: 0.02365346252493588
Area: 0.00044896073690693975
CentroidX: 0.5774
CentroidY: 0.1923
