Location: internet_31.png_Gaussian-Closing.png
Component: component_1755077728348_10.png
centerX: 0.5759774284562676
centerY: 0.016823495865412035
width: 0.05199516324062878
height: 0.02737382378100941
Area: 0.0005305218433979051
CentroidX: 0.6025
CentroidY: 0.0297
