Location: internet_31.png_Mean-Medain.png
Component: component_1755077728116_50.png
centerX: 0.4921402660217654
centerY: 0.15055603079555174
width: 0.053204353083434096
height: 0.02594810379241517
Area: 0.0005131672510337188
CentroidX: 0.5217
CentroidY: 0.1641
