Location: Dedata_27.png_Gaussian-Median.png
Component: component_1755505442717_152.png
centerX: 0.7104838709677419
centerY: 0.40011399259048164
width: 0.05120967741935484
height: 0.024223425477343973
Area: 0.0004144871712370954
CentroidX: 0.7323
CentroidY: 0.4125
