Location: Dedata_27.png_Mean-Medain.png
Component: component_1755505443151_119.png
centerX: 0.7951612903225806
centerY: 0.31974921630094044
width: 0.04879032258064516
height: 0.021658592191507554
Area: 0.0004278169499627686
CentroidX: 0.8182
CentroidY: 0.3311
