Location: Dedata_27.png_Mean-Medain.png
Component: component_1755505443158_136.png
centerX: 0.6842741935483871
centerY: 0.3650612710173839
width: 0.0467741935483871
height: 0.02536335138216016
Area: 0.0004593028066078931
CentroidX: 0.7063
CentroidY: 0.3776
