Location: internet_31.png_Gaussian-Closing.png
Component: component_1755077728391_71.png
centerX: 0.7791213220475615
centerY: 0.23353293413173654
width: 0.05239822652156389
height: 0.031080695751354435
Area: 0.0005702879954376961
CentroidX: 0.8073
CentroidY: 0.2491
