Location: Dedata_27.png_Mean-Medain.png
Component: component_1755505443171_157.png
centerX: 0.2346774193548387
centerY: 0.4223425477343973
width: 0.04717741935483871
height: 0.022228555143915644
Area: 0.00044310023074306624
CentroidX: 0.2583
CentroidY: 0.4333
