Location: internet_31.png_Mean-Closing.png
Component: component_1755077728261_126.png
centerX: 0.4586860137041516
centerY: 0.4262902765896778
width: 0.04675534058847239
height: 0.03421727972626176
Area: 0.0005784481017811214
CentroidX: 0.4818
CentroidY: 0.4424
