Location: Dedata_27.png_Gaussian-Closing.png
Component: component_1755505442973_202.png
centerX: 0.6060483870967742
centerY: 0.5634083784554004
width: 0.05846774193548387
height: 0.022798518096323737
Area: 0.00044700723485231525
CentroidX: 0.6335
CentroidY: 0.5759
