Location: internet_31.png_Gaussian-Median.png
Component: component_1755077728014_121.png
centerX: 0.6215235792019347
centerY: 0.32848588537211293
width: 0.04836759371221282
height: 0.029940119760479042
Area: 0.0004901810359818165
CentroidX: 0.6464
CentroidY: 0.3425
