Location: internet_31.png_Gaussian-Closing.png
Component: component_1755077728500_152.png
centerX: 0.8419991938734381
centerY: 0.5232392358140862
width: 0.049979846835953246
height: 0.02566295979469632
Area: 0.0005979863845752383
CentroidX: 0.8689
CentroidY: 0.5357
