Location: Dedata_27.png_Mean-Medain.png
Component: component_1755505443100_10.png
centerX: 0.7310483870967742
centerY: 0.012254203476774009
width: 0.039112903225806454
height: 0.029353092049016812
Area: 0.0005869699114718833
CentroidX: 0.7485
CentroidY: 0.0277
