Location: Dedata_27.png_Mean-Medain.png
Component: component_1755505443221_235.png
centerX: 0.4754032258064516
centerY: 0.6449130806497577
width: 0.054838709677419356
height: 0.022513536620119692
Area: 0.0004308046589874884
CentroidX: 0.5007
CentroidY: 0.6571
