Location: Dedata_27.png_Mean-Closing.png
Component: component_1755505443470_261.png
centerX: 0.24556451612903227
centerY: 0.7457965232259903
width: 0.055645161290322584
height: 0.022513536620119692
Area: 0.00045688965701100396
CentroidX: 0.2705
CentroidY: 0.7572
