Location: internet_31.png_Gaussian-Closing.png
Component: component_1755077728508_193.png
centerX: 0.15840386940749698
centerY: 0.6464214428286285
width: 0.04554615074566707
height: 0.03051040775591674
Area: 0.0007363633991876901
CentroidX: 0.1802
CentroidY: 0.6616
