Location: internet_31.png_Mean-Closing.png
Component: component_1755077728258_115.png
centerX: 0.3063280935106812
centerY: 0.38637011690903905
width: 0.05401047964530431
height: 0.032506415739948676
Area: 0.0006576356126349247
CentroidX: 0.3314
CentroidY: 0.4034
