Location: internet_31.png_Gaussian-Median.png
Component: component_1755077728038_262.png
centerX: 0.22732769044740025
centerY: 0.699743370402053
width: 0.04514308746473196
height: 0.03051040775591674
Area: 0.0006861385192992836
CentroidX: 0.2488
CentroidY: 0.7149
