Location: Dedata_27.png_Gaussian-Closing.png
Component: component_1755505443005_280.png
centerX: 0.6092741935483871
centerY: 0.8056426332288401
width: 0.05846774193548387
height: 0.025648332858364205
Area: 0.0004164406732917199
CentroidX: 0.6347
CentroidY: 0.8191
