Location: Dedata_27.png_Gaussian-Median.png
Component: component_1755505442788_237.png
centerX: 0.5516129032258065
centerY: 0.640638358506697
width: 0.06048387096774194
height: 0.021658592191507554
Area: 0.0004232204745401226
CentroidX: 0.5780
CentroidY: 0.6520
