Location: internet_31.png_Gaussian-Closing.png
Component: component_1755077728354_25.png
centerX: 0.1656590084643289
centerY: 0.06986027944111776
width: 0.060459492140266025
height: 0.027088679783290562
Area: 0.0005454628831816416
CentroidX: 0.1958
CentroidY: 0.0835
