Location: internet_31.png_Gaussian-Median.png
Component: component_1755077728042_285.png
centerX: 0.7053607416364369
centerY: 0.787852865697177
width: 0.041515517936316
height: 0.031936127744510975
Area: 0.0006212024617776597
CentroidX: 0.7264
CentroidY: 0.8029
