Location: Dedata_27.png_Mean-Closing.png
Component: component_1755505443434_190.png
centerX: 0.5850806451612903
centerY: 0.5260758050726703
width: 0.045564516129032256
height: 0.02365346252493588
Area: 0.00041126963844124325
CentroidX: 0.6072
CentroidY: 0.5384
