Location: internet_31.png_Mean-Medain.png
Component: component_1755077728129_112.png
centerX: 0.07134220072551391
centerY: 0.34930139720558884
width: 0.046352277307537285
height: 0.026518391787852865
Area: 0.000485124068670398
CentroidX: 0.0962
CentroidY: 0.3629
