Location: Dedata_27.png_Mean-Medain.png
Component: component_1755505443197_195.png
centerX: 0.44637096774193546
centerY: 0.5329153605015674
width: 0.05
height: 0.022798518096323737
Area: 0.0004195432942020059
CentroidX: 0.4711
CentroidY: 0.5450
