Location: internet_31.png_Gaussian-Closing.png
Component: component_1755077728509_197.png
centerX: 0.6505441354292624
centerY: 0.6948959224408326
width: 0.04554615074566707
height: 0.030795551753635585
Area: 0.0006106288028537845
CentroidX: 0.6728
CentroidY: 0.7101
