Location: Dedata_27.png_Mean-Closing.png
Component: component_1755505443479_285.png
centerX: 0.30201612903225805
centerY: 0.8307210031347962
width: 0.059274193548387095
height: 0.022798518096323737
Area: 0.0004904439275963191
CentroidX: 0.3280
CentroidY: 0.8428
