Location: internet_31.png_Mean-Closing.png
Component: component_1755077728240_43.png
centerX: 0.8093510681176945
centerY: 0.1459937268320502
width: 0.051189036678758564
height: 0.025377815796977475
Area: 0.00046960837351036396
CentroidX: 0.8372
CentroidY: 0.1572
