Location: Dedata_27.png_Gaussian-Closing.png
Component: component_1755505443007_287.png
centerX: 0.23266129032258065
centerY: 0.8335708178968367
width: 0.0467741935483871
height: 0.020518666286691366
Area: 0.00037748554408479577
CentroidX: 0.2526
CentroidY: 0.8446
