Location: Dedata_27.png_Gaussian-Closing.png
Component: component_1755505442987_239.png
centerX: 0.09879032258064516
centerY: 0.6719863208891422
width: 0.05282258064516129
height: 0.023083499572527786
Area: 0.00043091957087305454
CentroidX: 0.1234
CentroidY: 0.6841
