Location: Dedata_27.png_Gaussian-Closing.png
Component: component_1755505442938_93.png
centerX: 0.6975806451612904
centerY: 0.24736392134511256
width: 0.06612903225806452
height: 0.024793388429752067
Area: 0.0005467507515237316
CentroidX: 0.7262
CentroidY: 0.2621
