Location: Dedata_27.png_Mean-Closing.png
Component: component_1755505443439_204.png
centerX: 0.5254032258064516
centerY: 0.567113137646053
width: 0.0532258064516129
height: 0.025078369905956112
Area: 0.0004780334439551752
CentroidX: 0.5488
CentroidY: 0.5807
