Location: internet_31.png_Mean-Closing.png
Component: component_1755077728264_138.png
centerX: 0.6795646916565901
centerY: 0.4801824921585401
width: 0.041515517936316
height: 0.02737382378100941
Area: 0.00042765853104064226
CentroidX: 0.7025
CentroidY: 0.4933
