Location: Dedata_27.png_Gaussian-Median.png
Component: component_1755505442635_112.png
centerX: 0.6068548387096774
centerY: 0.29353092049016816
width: 0.045564516129032256
height: 0.022228555143915644
Area: 0.0003998933617701946
CentroidX: 0.6276
CentroidY: 0.3052
