Location: Dedata_27.png_Mean-Closing.png
Component: component_1755505443391_73.png
centerX: 0.21733870967741936
centerY: 0.1860929039612425
width: 0.04879032258064516
height: 0.022513536620119692
Area: 0.00046343963448827437
CentroidX: 0.2383
CentroidY: 0.1979
