Location: Dedata_27.png_Mean-Closing.png
Component: component_1755505443441_209.png
centerX: 0.2346774193548387
centerY: 0.5839270447420918
width: 0.05887096774193548
height: 0.02336848104873183
Area: 0.0004671168148263911
CentroidX: 0.2613
CentroidY: 0.5965
