Location: Dedata_27.png_Mean-Medain.png
Component: component_1755505443132_78.png
centerX: 0.8991935483870968
centerY: 0.21487603305785125
width: 0.06491935483870968
height: 0.02108862923909946
Area: 0.0005230789030971052
CentroidX: 0.9271
CentroidY: 0.2260
