Location: Dedata_27.png_Mean-Closing.png
Component: component_1755505443431_182.png
centerX: 0.2536290322580645
centerY: 0.5041322314049587
width: 0.05120967741935484
height: 0.02365346252493588
Area: 0.00047941238658196893
CentroidX: 0.2770
CentroidY: 0.5158
