Location: internet_31.png_Gaussian-Median.png
Component: component_1755077728024_189.png
centerX: 0.3683998387746876
centerY: 0.49101796407185627
width: 0.04312777106005643
height: 0.025377815796977475
Area: 0.00042857797964271837
CentroidX: 0.3910
CentroidY: 0.5038
