Location: Dedata_27.png_Mean-Closing.png
Component: component_1755505443406_114.png
centerX: 0.09193548387096774
centerY: 0.310914790538615
width: 0.055645161290322584
height: 0.019948703334283273
Area: 0.000454591419299681
CentroidX: 0.1172
CentroidY: 0.3209
