Location: internet_31.png_Mean-Medain.png
Component: component_1755077728123_85.png
centerX: 0.7827488915759774
centerY: 0.272027373823781
width: 0.05239822652156389
height: 0.03136583974907328
Area: 0.0005479913668373508
CentroidX: 0.8102
CentroidY: 0.2879
