Location: internet_31.png_Mean-Closing.png
Component: component_1755077728276_189.png
centerX: 0.08746473196291818
centerY: 0.6469917308240661
width: 0.04675534058847239
height: 0.0290846877673225
Area: 0.0006759096536011871
CentroidX: 0.1104
CentroidY: 0.6629
