Location: Dedata_27.png_Gaussian-Closing.png
Component: component_1755505442959_158.png
centerX: 0.7967741935483871
centerY: 0.4334568253063551
width: 0.04879032258064516
height: 0.020233684810487318
Area: 0.0003772557203136635
CentroidX: 0.8202
CentroidY: 0.4443
