Location: Dedata_27.png_Gaussian-Closing.png
Component: component_1755505443001_272.png
centerX: 0.9112903225806451
centerY: 0.7854089484183528
width: 0.04798387096774193
height: 0.025078369905956112
Area: 0.0004189687347741752
CentroidX: 0.9338
CentroidY: 0.7989
