Location: internet_31.png_Gaussian-Median.png
Component: component_1755077728009_97.png
centerX: 0.7827488915759774
centerY: 0.272027373823781
width: 0.05239822652156389
height: 0.03136583974907328
Area: 0.0005228214613555178
CentroidX: 0.8104
CentroidY: 0.2878
