Location: internet_31.png_Gaussian-Median.png
Component: component_1755077728026_200.png
centerX: 0.7746876259572752
centerY: 0.5263758197889934
width: 0.049576783555018135
height: 0.02765896777872826
Area: 0.0005853439662966921
CentroidX: 0.8012
CentroidY: 0.5392
