Location: internet_31.png_Mean-Closing.png
Component: component_1755077728253_93.png
centerX: 0.07335751713018944
centerY: 0.29654975762760194
width: 0.04675534058847239
height: 0.024522383803820928
Area: 0.0005221318749039607
CentroidX: 0.0984
CentroidY: 0.3081
