Location: Dedata_27.png_Mean-Closing.png
Component: component_1755505443426_168.png
centerX: 0.9048387096774193
centerY: 0.46423482473639216
width: 0.04879032258064516
height: 0.023083499572527786
Area: 0.0004175897921473814
CentroidX: 0.9266
CentroidY: 0.4761
