Location: Dedata_27.png_Mean-Medain.png
Component: component_1755505443234_248.png
centerX: 0.4653225806451613
centerY: 0.6873753206041607
width: 0.055645161290322584
height: 0.02365346252493588
Area: 0.00047653958944281525
CentroidX: 0.4893
CentroidY: 0.7003
