Location: Dedata_27.png_Mean-Closing.png
Component: component_1755505443381_38.png
centerX: 0.007661290322580645
centerY: 0.09318894271872329
width: 0.03951612903225806
height: 0.025648332858364205
Area: 0.0004507993270759981
CentroidX: 0.0252
CentroidY: 0.1069
