Location: Dedata_27.png_Mean-Medain.png
Component: component_1755505443135_84.png
centerX: 0.35766129032258065
centerY: 0.22285551439156454
width: 0.05040322580645161
height: 0.022228555143915644
Area: 0.00047102381893564016
CentroidX: 0.3808
CentroidY: 0.2341
