Location: Dedata_27.png_Mean-Medain.png
Component: component_1755505443245_263.png
centerX: 0.31411290322580643
centerY: 0.7423767455115418
width: 0.05766129032258065
height: 0.022228555143915644
Area: 0.00046550804842846507
CentroidX: 0.3408
CentroidY: 0.7537
