Location: Dedata_27.png_Gaussian-Closing.png
Component: component_1755505442938_91.png
centerX: 0.8608870967741935
centerY: 0.24650897691650042
width: 0.06048387096774194
height: 0.020518666286691366
Area: 0.0004829746550345195
CentroidX: 0.8875
CentroidY: 0.2576
