Location: Dedata_27.png_Gaussian-Closing.png
Component: component_1755505442995_262.png
centerX: 0.1782258064516129
centerY: 0.7472214306070105
width: 0.0467741935483871
height: 0.022228555143915644
Area: 0.0003869083187012199
CentroidX: 0.2007
CentroidY: 0.7592
