Location: Dedata_27.png_Mean-Closing.png
Component: component_1755505443408_121.png
centerX: 0.5806451612903226
centerY: 0.33257338273012255
width: 0.049193548387096775
height: 0.02365346252493588
Area: 0.0004964193456457589
CentroidX: 0.6024
CentroidY: 0.3441
