Location: internet_31.png_Gaussian-Median.png
Component: component_1755077728022_181.png
centerX: 0.8097541313986296
centerY: 0.47105788423153694
width: 0.04433696090286175
height: 0.026803535785571715
Area: 0.00044869091781313286
CentroidX: 0.8334
CentroidY: 0.4848
