Location: Dedata_27.png_Mean-Medain.png
Component: component_1755505443215_225.png
centerX: 0.8604838709677419
centerY: 0.6184098033627814
width: 0.05766129032258065
height: 0.023083499572527786
Area: 0.0004393081385193833
CentroidX: 0.8870
CentroidY: 0.6305
