Location: Dedata_27.png_Mean-Medain.png
Component: component_1755505443195_193.png
centerX: 0.5850806451612903
centerY: 0.5260758050726703
width: 0.045564516129032256
height: 0.023938444001139925
Area: 0.0004111547265556771
CentroidX: 0.6072
CentroidY: 0.5384
