Location: Dedata_27.png_Mean-Medain.png
Component: component_1755505443111_31.png
centerX: 0.5185483870967742
centerY: 0.06184098033627814
width: 0.041935483870967745
height: 0.027358221715588486
Area: 0.0005561735261401557
CentroidX: 0.5363
CentroidY: 0.0757
