Location: internet_31.png_Gaussian-Closing.png
Component: component_1755077728378_49.png
centerX: 0.004433696090286175
centerY: 0.15283718277730254
width: 0.05199516324062878
height: 0.02281151981750784
Area: 0.0004259345649117496
CentroidX: 0.0316
CentroidY: 0.1636
