Location: internet_31.png_Mean-Closing.png
Component: component_1755077728283_218.png
centerX: 0.8823055219669488
centerY: 0.7801539777587682
width: 0.04554615074566707
height: 0.03307670373538637
Area: 0.0006344195354325035
CentroidX: 0.9035
CentroidY: 0.7957
