Location: internet_31.png_Mean-Closing.png
Component: component_1755077728254_98.png
centerX: 0.6215235792019347
centerY: 0.32877102936983177
width: 0.04836759371221282
height: 0.029654975762760195
Area: 0.0005301770501721265
CentroidX: 0.6461
CentroidY: 0.3425
