Location: internet_31.png_Gaussian-Closing.png
Component: component_1755077728498_144.png
centerX: 0.4502216848045143
centerY: 0.4895922440832621
width: 0.049576783555018135
height: 0.028229255774165955
Area: 0.0004277734621159018
CentroidX: 0.4766
CentroidY: 0.5020
