Location: Dedata_27.png_Gaussian-Median.png
Component: component_1755505442660_132.png
centerX: 0.22661290322580646
centerY: 0.3431176973496723
width: 0.05
height: 0.02080364776289541
Area: 0.00042471432905248255
CentroidX: 0.2495
CentroidY: 0.3543
