Location: internet_31.png_Gaussian-Median.png
Component: component_1755077728049_311.png
centerX: 0.07577589681580008
centerY: 0.8602794411177644
width: 0.05038291011688835
height: 0.03022526375819789
Area: 0.0006790127926331939
CentroidX: 0.1005
CentroidY: 0.8745
