Location: internet_31.png_Gaussian-Median.png
Component: component_1755077728017_143.png
centerX: 0.5405078597339782
centerY: 0.3798118049615056
width: 0.05038291011688835
height: 0.03136583974907328
Area: 0.0005047772825397744
CentroidX: 0.5676
CentroidY: 0.3940
