Location: Dedata_27.png_Gaussian-Median.png
Component: component_1755505442803_248.png
centerX: 0.024596774193548387
centerY: 0.6736962097463665
width: 0.04435483870967742
height: 0.024223425477343973
Area: 0.0003943775912630195
CentroidX: 0.0471
CentroidY: 0.6865
