Location: Dedata_27.png_Mean-Medain.png
Component: component_1755505443118_45.png
centerX: 0.6665322580645161
centerY: 0.09888857224280422
width: 0.04233870967741935
height: 0.02707324023938444
Area: 0.0005025096755807647
CentroidX: 0.6853
CentroidY: 0.1132
