Location: Dedata_27.png_Gaussian-Closing.png
Component: component_1755505442954_141.png
centerX: 0.09717741935483871
centerY: 0.3887147335423197
width: 0.04838709677419355
height: 0.020518666286691366
Area: 0.0004055240441629359
CentroidX: 0.1186
CentroidY: 0.3989
