Location: Dedata_27.png_Gaussian-Median.png
Component: component_1755505442757_189.png
centerX: 0.17540322580645162
centerY: 0.5098318609290396
width: 0.05443548387096774
height: 0.019948703334283273
Area: 0.00040828192941652343
CentroidX: 0.1985
CentroidY: 0.5206
