Location: internet_31.png_Mean-Closing.png
Component: component_1755077728242_50.png
centerX: 0.1592099959693672
centerY: 0.15483319076133448
width: 0.06126561870213623
height: 0.021670943826632448
Area: 0.00048052682566001757
CentroidX: 0.1917
CentroidY: 0.1650
