Location: Dedata_27.png_Mean-Closing.png
Component: component_1755505443404_110.png
centerX: 0.4004032258064516
centerY: 0.30407523510971785
width: 0.05
height: 0.019663721858079224
Area: 0.0004766545013283814
CentroidX: 0.4225
CentroidY: 0.3140
