Location: Dedata_27.png_Gaussian-Median.png
Component: component_1755505442738_172.png
centerX: 0.307258064516129
centerY: 0.46337988030778
width: 0.052016129032258066
height: 0.019663721858079224
Area: 0.000382311843278574
CentroidX: 0.3328
CentroidY: 0.4737
