Location: internet_31.png_Mean-Medain.png
Component: component_1755077728156_242.png
centerX: 0.42885933091495365
centerY: 0.7932706016538352
width: 0.053607416364369206
height: 0.03279155973766752
Area: 0.0007379724342413233
CentroidX: 0.4550
CentroidY: 0.8091
