Location: Dedata_27.png_Mean-Closing.png
Component: component_1755505443424_165.png
centerX: 0.4459677419354839
centerY: 0.45454545454545453
width: 0.05282258064516129
height: 0.021658592191507554
Area: 0.00041483190689379384
CentroidX: 0.4701
CentroidY: 0.4655
