Location: internet_31.png_Gaussian-Closing.png
Component: component_1755077728522_250.png
centerX: 0.22370012091898428
centerY: 0.8585685771314514
width: 0.04393389762192664
height: 0.028514399771884802
Area: 0.0006009745925319856
CentroidX: 0.2452
CentroidY: 0.8723
