Location: internet_31.png_Gaussian-Closing.png
Component: component_1755077728503_170.png
centerX: 0.7150342603788795
centerY: 0.5814086113487311
width: 0.05239822652156389
height: 0.028514399771884802
Area: 0.0006786679994074154
CentroidX: 0.7436
CentroidY: 0.5945
