Location: internet_31.png_Gaussian-Closing.png
Component: component_1755077728502_161.png
centerX: 0.29866989117291415
centerY: 0.5466210436270317
width: 0.037484885126964934
height: 0.02765896777872826
Area: 0.0003722617527655577
CentroidX: 0.3162
CentroidY: 0.5599
