Location: Dedata_27.png_Mean-Closing.png
Component: component_1755505443479_284.png
centerX: 0.3786290322580645
centerY: 0.823026503277287
width: 0.05403225806451613
height: 0.024793388429752067
Area: 0.0004550510668419456
CentroidX: 0.4038
CentroidY: 0.8360
