Location: internet_31.png_Gaussian-Median.png
Component: component_1755077728024_191.png
centerX: 0.15074566706972994
centerY: 0.49700598802395207
width: 0.04554615074566707
height: 0.029369831765041345
Area: 0.00044328915727593585
CentroidX: 0.1757
CentroidY: 0.5112
