Location: Dedata_27.png_Mean-Closing.png
Component: component_1755505443413_135.png
centerX: 0.6181451612903226
centerY: 0.3704759190652608
width: 0.045564516129032256
height: 0.022228555143915644
Area: 0.0004376993721214573
CentroidX: 0.6384
CentroidY: 0.3817
