Location: internet_31.png_Gaussian-Closing.png
Component: component_1755077728389_66.png
centerX: 0.47642079806529625
centerY: 0.19931565440547477
width: 0.053204353083434096
height: 0.029369831765041345
Area: 0.0005445434345795655
CentroidX: 0.5038
CentroidY: 0.2137
