Location: Dedata_27.png_Gaussian-Closing.png
Component: component_1755505442960_161.png
centerX: 0.6556451612903226
centerY: 0.4417212881162724
width: 0.05161290322580645
height: 0.020518666286691366
Area: 0.0003861039355022569
CentroidX: 0.6800
CentroidY: 0.4519
