Location: Dedata_27.png_Mean-Medain.png
Component: component_1755505443120_50.png
centerX: 0.4383064516129032
centerY: 0.13679110857794244
width: 0.05120967741935484
height: 0.0262182958107723
Area: 0.0005220446961270098
CentroidX: 0.4613
CentroidY: 0.1497
