Location: Dedata_27.png_Gaussian-Median.png
Component: component_1755505442764_204.png
centerX: 0.08991935483870968
centerY: 0.5531490453120547
width: 0.04758064516129032
height: 0.023938444001139925
Area: 0.0004205775011721012
CentroidX: 0.1131
CentroidY: 0.5647
