Location: Dedata_27.png_Mean-Medain.png
Component: component_1755505443099_8.png
centerX: 0.16330645161290322
centerY: 0.010829296095753777
width: 0.04717741935483871
height: 0.02336848104873183
Area: 0.000616157530405685
CentroidX: 0.1844
CentroidY: 0.0226
