Location: internet_31.png_Mean-Medain.png
Component: component_1755077728135_144.png
centerX: 0.9351068117694478
centerY: 0.46506986027944114
width: 0.03829101168883515
height: 0.02480752780153978
Area: 0.0004085799725475634
CentroidX: 0.9545
CentroidY: 0.4777
