Location: Dedata_27.png_Gaussian-Median.png
Component: component_1755505442755_185.png
centerX: 0.3254032258064516
centerY: 0.4972926759760616
width: 0.05161290322580645
height: 0.024508406953548018
Area: 0.0004360906057235312
CentroidX: 0.3496
CentroidY: 0.5102
