Location: internet_31.png_Mean-Medain.png
Component: component_1755077728141_176.png
centerX: 0.1523579201934704
centerY: 0.549757627601939
width: 0.04312777106005643
height: 0.027944111776447105
Area: 0.0005151210793131305
CentroidX: 0.1763
CentroidY: 0.5621
