Location: Dedata_27.png_Mean-Medain.png
Component: component_1755505443119_47.png
centerX: 0.8995967741935483
centerY: 0.13080649757765744
width: 0.05282258064516129
height: 0.025078369905956112
Area: 0.0004711387308212063
CentroidX: 0.9232
CentroidY: 0.1443
