Location: internet_31.png_Gaussian-Closing.png
Component: component_1755077728519_236.png
centerX: 0.08625554212011285
centerY: 0.8038209295694325
width: 0.0471584038694075
height: 0.029369831765041345
Area: 0.0006532682317750634
CentroidX: 0.1098
CentroidY: 0.8179
