Location: internet_31.png_Mean-Closing.png
Component: component_1755077728273_175.png
centerX: 0.019347037484885126
centerY: 0.6010835471913316
width: 0.04232164449818621
height: 0.02566295979469632
Area: 0.0005578754393096688
CentroidX: 0.0398
CentroidY: 0.6142
