Location: Dedata_27.png_Gaussian-Median.png
Component: component_1755505442638_116.png
centerX: 0.31411290322580643
centerY: 0.30692504987175834
width: 0.06532258064516129
height: 0.01937874038187518
Area: 0.0004821702718355565
CentroidX: 0.3431
CentroidY: 0.3170
