Location: internet_31.png_Gaussian-Closing.png
Component: component_1755077728354_24.png
centerX: 0.9431680773881499
centerY: 0.06843455945252352
width: 0.03909713825070536
height: 0.020815511833475905
Area: 0.0003652509571747275
CentroidX: 0.9633
CentroidY: 0.0784
