Location: Dedata_27.png_Gaussian-Median.png
Component: component_1755505442588_53.png
centerX: 0.4383064516129032
centerY: 0.13679110857794244
width: 0.05120967741935484
height: 0.0262182958107723
Area: 0.0004894097206262238
CentroidX: 0.4612
CentroidY: 0.1497
