Location: internet_31.png_Gaussian-Median.png
Component: component_1755077728020_163.png
centerX: 0.611446997178557
centerY: 0.4222982606216139
width: 0.05038291011688835
height: 0.032506415739948676
Area: 0.0004608736117906411
CentroidX: 0.6388
CentroidY: 0.4373
