Location: Dedata_27.png_Gaussian-Closing.png
Component: component_1755505443007_285.png
centerX: 0.30201612903225805
centerY: 0.8307210031347962
width: 0.059274193548387095
height: 0.022798518096323737
Area: 0.0004459730278822199
CentroidX: 0.3279
CentroidY: 0.8428
