Location: internet_31.png_Gaussian-Closing.png
Component: component_1755077728397_86.png
centerX: 0.7049576783555018
centerY: 0.27944111776447106
width: 0.04877065699314793
height: 0.02879954376960365
Area: 0.00046259757791953376
CentroidX: 0.7308
CentroidY: 0.2928
