Location: internet_31.png_Mean-Closing.png
Component: component_1755077728274_179.png
centerX: 0.7255139056831923
centerY: 0.6372968349016254
width: 0.0471584038694075
height: 0.029940119760479042
Area: 0.0006928045216643353
CentroidX: 0.7486
CentroidY: 0.6515
