Location: internet_31.png_Gaussian-Median.png
Component: component_1755077728039_267.png
centerX: 0.8871422813381701
centerY: 0.7376675220986598
width: 0.04433696090286175
height: 0.032506415739948676
Area: 0.0006367181569376937
CentroidX: 0.9084
CentroidY: 0.7541
