Location: Dedata_27.png_Mean-Medain.png
Component: component_1755505443227_240.png
centerX: 0.8153225806451613
centerY: 0.6637218580792249
width: 0.053629032258064514
height: 0.023938444001139925
Area: 0.00044735197050901367
CentroidX: 0.8391
CentroidY: 0.6761
