Location: internet_31.png_Mean-Closing.png
Component: component_1755077728280_205.png
centerX: 0.8202337767029424
centerY: 0.7408041060735672
width: 0.04312777106005643
height: 0.029369831765041345
Area: 0.000624880256185964
CentroidX: 0.8410
CentroidY: 0.7549
