Location: internet_31.png_Mean-Medain.png
Component: component_1755077728107_10.png
centerX: 0.012091898428053204
centerY: 0.016823495865412035
width: 0.05965336557839581
height: 0.02480752780153978
Area: 0.0006370629501634722
CentroidX: 0.0441
CentroidY: 0.0285
