Location: Dedata_27.png_Gaussian-Closing.png
Component: component_1755505442915_12.png
centerX: 0.23346774193548386
centerY: 0.013394129381590196
width: 0.055645161290322584
height: 0.024223425477343973
Area: 0.0006416679690013698
CentroidX: 0.2605
CentroidY: 0.0252
