Location: internet_31.png_Gaussian-Closing.png
Component: component_1755077728404_90.png
centerX: 0.30995566303909716
centerY: 0.2917023096663815
width: 0.05038291011688835
height: 0.026518391787852865
Area: 0.0004856987240466956
CentroidX: 0.3374
CentroidY: 0.3040
