Location: Dedata_27.png_Gaussian-Median.png
Component: component_1755505442642_121.png
centerX: 0.9350806451612903
centerY: 0.310914790538615
width: 0.04959677419354839
height: 0.0219435736677116
Area: 0.0004127634929536032
CentroidX: 0.9576
CentroidY: 0.3223
