Location: internet_31.png_Gaussian-Closing.png
Component: component_1755077728379_50.png
centerX: 0.07819427650141073
centerY: 0.15312232677502138
width: 0.05763804917372027
height: 0.024522383803820928
Area: 0.00044627736523268315
CentroidX: 0.1082
CentroidY: 0.1643
