Location: Dedata_27.png_Gaussian-Median.png
Component: component_1755505442708_142.png
centerX: 0.46088709677419354
centerY: 0.37275577087489314
width: 0.05161290322580645
height: 0.02336848104873183
Area: 0.0004564300094687394
CentroidX: 0.4848
CentroidY: 0.3845
