Location: internet_31.png_Gaussian-Closing.png
Component: component_1755077728514_215.png
centerX: 0.562273276904474
centerY: 0.7473624180211007
width: 0.04796453043127771
height: 0.027088679783290562
Area: 0.0006052270423165876
CentroidX: 0.5850
CentroidY: 0.7603
