Location: internet_31.png_Gaussian-Closing.png
Component: component_1755077728501_159.png
centerX: 0.36477226924627165
centerY: 0.5429141716566867
width: 0.039500201531640466
height: 0.025092671799258625
Area: 0.00042673908243856615
CentroidX: 0.3864
CentroidY: 0.5552
