Location: Dedata_27.png_Gaussian-Median.png
Component: component_1755505442703_138.png
centerX: 0.75
centerY: 0.3605015673981191
width: 0.050806451612903224
height: 0.024223425477343973
Area: 0.0004466624991956168
CentroidX: 0.7728
CentroidY: 0.3733
