Location: internet_31.png_Gaussian-Median.png
Component: component_1755077728008_93.png
centerX: 0.46916565900846435
centerY: 0.24779013401767894
width: 0.046352277307537285
height: 0.03051040775591674
Area: 0.0005609785783416756
CentroidX: 0.4944
CentroidY: 0.2622
