Location: Dedata_27.png_Mean-Medain.png
Component: component_1755505443250_268.png
centerX: 0.7379032258064516
centerY: 0.749786263892847
width: 0.055645161290322584
height: 0.02536335138216016
Area: 0.0004318388659575837
CentroidX: 0.7630
CentroidY: 0.7634
