Location: internet_31.png_Mean-Closing.png
Component: component_1755077728277_191.png
centerX: 0.9185812172511084
centerY: 0.6931850584545195
width: 0.042724707779121324
height: 0.024522383803820928
Area: 0.000544428503504306
CentroidX: 0.9378
CentroidY: 0.7051
