Location: Dedata_27.png_Gaussian-Closing.png
Component: component_1755505442964_177.png
centerX: 0.47661290322580646
centerY: 0.4907381020233685
width: 0.056451612903225805
height: 0.02108862923909946
Area: 0.0004202327655154028
CentroidX: 0.5013
CentroidY: 0.5019
