Location: internet_31.png_Mean-Closing.png
Component: component_1755077728269_161.png
centerX: 0.07335751713018944
centerY: 0.5523239235814086
width: 0.044740024183796856
height: 0.02566295979469632
Area: 0.00044938050426468994
CentroidX: 0.0979
CentroidY: 0.5646
