Location: internet_31.png_Gaussian-Closing.png
Component: component_1755077728507_185.png
centerX: 0.6533655783958081
centerY: 0.6392928428856572
width: 0.0475614671503426
height: 0.029369831765041345
Area: 0.0006780933440311178
CentroidX: 0.6774
CentroidY: 0.6531
