Location: internet_31.png_Mean-Closing.png
Component: component_1755077728284_223.png
centerX: 0.577589681580008
centerY: 0.7918448816652409
width: 0.04232164449818621
height: 0.03307670373538637
Area: 0.0006756797914506681
CentroidX: 0.5986
CentroidY: 0.8083
