Location: Dedata_27.png_Mean-Closing.png
Component: component_1755505443395_86.png
centerX: 0.14717741935483872
centerY: 0.22941008834425763
width: 0.04435483870967742
height: 0.025078369905956112
Area: 0.0004889500730839592
CentroidX: 0.1674
CentroidY: 0.2423
