Location: internet_31.png_Mean-Medain.png
Component: component_1755077728118_61.png
centerX: 0.7807335751713019
centerY: 0.19104647847162817
width: 0.049576783555018135
height: 0.029369831765041345
Area: 0.0005512094369446171
CentroidX: 0.8066
CentroidY: 0.2048
