Location: Dedata_27.png_Gaussian-Closing.png
Component: component_1755505442966_183.png
centerX: 0.8491935483870968
centerY: 0.5095468794528356
width: 0.0467741935483871
height: 0.02080364776289541
Area: 0.000369096976438467
CentroidX: 0.8725
CentroidY: 0.5202
