Location: internet_31.png_Mean-Medain.png
Component: component_1755077728144_194.png
centerX: 0.8637646110439339
centerY: 0.6327345309381237
width: 0.051189036678758564
height: 0.03222127174222983
Area: 0.0007156758056409781
CentroidX: 0.8879
CentroidY: 0.6499
