Location: Dedata_27.png_Gaussian-Closing.png
Component: component_1755505442959_159.png
centerX: 0.018548387096774192
centerY: 0.4360216585921915
width: 0.054838709677419356
height: 0.020518666286691366
Area: 0.00042517397659474717
CentroidX: 0.0419
CentroidY: 0.4465
