Location: internet_31.png_Mean-Medain.png
Component: component_1755077728155_241.png
centerX: 0.577589681580008
centerY: 0.7918448816652409
width: 0.04232164449818621
height: 0.033361847733105215
Area: 0.0006756797914506681
CentroidX: 0.5986
CentroidY: 0.8083
