Location: Dedata_27.png_Gaussian-Median.png
Component: component_1755505442730_166.png
centerX: 0.7274193548387097
centerY: 0.439156454830436
width: 0.045564516129032256
height: 0.01937874038187518
Area: 0.0003650750604436518
CentroidX: 0.7496
CentroidY: 0.4489
