Location: internet_31.png_Gaussian-Closing.png
Component: component_1755077728506_183.png
centerX: 0.7956469165659008
centerY: 0.6355859709153122
width: 0.051189036678758564
height: 0.029940119760479042
Area: 0.000704642422416065
CentroidX: 0.8206
CentroidY: 0.6502
