Location: internet_31.png_Mean-Medain.png
Component: component_1755077728139_164.png
centerX: 0.8419991938734381
centerY: 0.5232392358140862
width: 0.049979846835953246
height: 0.02594810379241517
Area: 0.0006224667036055143
CentroidX: 0.8689
CentroidY: 0.5357
