Location: Dedata_27.png_Mean-Closing.png
Component: component_1755505443391_74.png
centerX: 0.016935483870967744
centerY: 0.1866628669136506
width: 0.04758064516129032
height: 0.024793388429752067
Area: 0.0004952702267900974
CentroidX: 0.0376
CentroidY: 0.1993
