Location: Dedata_27.png_Gaussian-Closing.png
Component: component_1755505442970_195.png
centerX: 0.2346774193548387
centerY: 0.5445996010259333
width: 0.052016129032258066
height: 0.02336848104873183
Area: 0.00040506439662067127
CentroidX: 0.2590
CentroidY: 0.5570
