Location: Dedata_27.png_Mean-Medain.png
Component: component_1755505443200_200.png
centerX: 0.8524193548387097
centerY: 0.5460245084069536
width: 0.05040322580645161
height: 0.024793388429752067
Area: 0.0004224160913411596
CentroidX: 0.8755
CentroidY: 0.5589
