Location: Dedata_27.png_Gaussian-Median.png
Component: component_1755505442813_260.png
centerX: 0.02217741935483871
centerY: 0.7150185237959532
width: 0.05282258064516129
height: 0.0219435736677116
Area: 0.000402536335138216
CentroidX: 0.0452
CentroidY: 0.7265
