Location: internet_31.png_Mean-Medain.png
Component: component_1755077728137_155.png
centerX: 0.3683998387746876
centerY: 0.49073282007413743
width: 0.04353083434099154
height: 0.02594810379241517
Area: 0.000455012126952406
CentroidX: 0.3910
CentroidY: 0.5037
