Location: Dedata_27.png_Gaussian-Median.png
Component: component_1755505442754_183.png
centerX: 0.47661290322580646
centerY: 0.4907381020233685
width: 0.056451612903225805
height: 0.021373610715303505
Area: 0.0004205775011721012
CentroidX: 0.5013
CentroidY: 0.5019
