Location: Dedata_27.png_Mean-Closing.png
Component: component_1755505443421_155.png
centerX: 0.1625
centerY: 0.42661726987745796
width: 0.04717741935483871
height: 0.022798518096323737
Area: 0.00046022210169242226
CentroidX: 0.1855
CentroidY: 0.4377
