Location: Dedata_27.png_Mean-Medain.png
Component: component_1755505443103_18.png
centerX: 0.06733870967741935
centerY: 0.0481618694784839
width: 0.04395161290322581
height: 0.02365346252493588
Area: 0.00047171329024903706
CentroidX: 0.0877
CentroidY: 0.0605
