Location: Dedata_27.png_Gaussian-Closing.png
Component: component_1755505442928_61.png
centerX: 0.1588709677419355
centerY: 0.14420062695924765
width: 0.044758064516129036
height: 0.02707324023938444
Area: 0.0004955000505612296
CentroidX: 0.1789
CentroidY: 0.1578
