Location: internet_31.png_Mean-Closing.png
Component: component_1755077728270_167.png
centerX: 0.5900846432889963
centerY: 0.5868263473053892
width: 0.04675534058847239
height: 0.029369831765041345
Area: 0.0006667151675804262
CentroidX: 0.6118
CentroidY: 0.6010
