Location: Dedata_27.png_Mean-Medain.png
Component: component_1755505443097_2.png
centerX: 0.9290322580645162
centerY: 0.005984611000284981
width: 0.04596774193548387
height: 0.031062980906241093
Area: 0.0006467240919662803
CentroidX: 0.9479
CentroidY: 0.0224
