Location: Dedata_27.png_Mean-Medain.png
Component: component_1755505443193_190.png
centerX: 0.02379032258064516
centerY: 0.5163864348817326
width: 0.04596774193548387
height: 0.0219435736677116
Area: 0.000415751201978323
CentroidX: 0.0453
CentroidY: 0.5265
