Location: Dedata_27.png_Mean-Closing.png
Component: component_1755505443394_83.png
centerX: 0.43024193548387096
centerY: 0.22171558848674836
width: 0.055645161290322584
height: 0.0219435736677116
Area: 0.00048113606486546116
CentroidX: 0.4551
CentroidY: 0.2330
