Location: Dedata_27.png_Gaussian-Closing.png
Component: component_1755505442976_212.png
centerX: 0.09516129032258064
centerY: 0.5919065260758051
width: 0.04798387096774193
height: 0.022228555143915644
Area: 0.0004003530093124592
CentroidX: 0.1189
CentroidY: 0.6026
