Location: internet_31.png_Mean-Medain.png
Component: component_1755077728111_25.png
centerX: 0.1652559451833938
centerY: 0.06957513544339891
width: 0.06247480854494156
height: 0.02737382378100941
Area: 0.0005910905200596676
CentroidX: 0.1964
CentroidY: 0.0834
