Location: internet_31.png_Gaussian-Median.png
Component: component_1755077728022_182.png
centerX: 0.7416364369205966
centerY: 0.4756201881950385
width: 0.04796453043127771
height: 0.02879954376960365
Area: 0.00047121740856399715
CentroidX: 0.7672
CentroidY: 0.4893
