Location: Dedata_27.png_Gaussian-Closing.png
Component: component_1755505442986_237.png
centerX: 0.17056451612903226
centerY: 0.6679965802222856
width: 0.05040322580645161
height: 0.02080364776289541
Area: 0.00038966620395480746
CentroidX: 0.1944
CentroidY: 0.6785
