Location: internet_31.png_Mean-Closing.png
Component: component_1755077728265_141.png
centerX: 0.5219669488109633
centerY: 0.48731109210151125
width: 0.04796453043127771
height: 0.02765896777872826
Area: 0.0004628274400700528
CentroidX: 0.5478
CentroidY: 0.5012
