Location: Dedata_27.png_Mean-Closing.png
Component: component_1755505443472_268.png
centerX: 0.594758064516129
centerY: 0.762610430322029
width: 0.05524193548387097
height: 0.02365346252493588
Area: 0.0004449388209121246
CentroidX: 0.6196
CentroidY: 0.7754
