Location: internet_31.png_Gaussian-Closing.png
Component: component_1755077728350_12.png
centerX: 0.724707779121322
centerY: 0.017964071856287425
width: 0.051189036678758564
height: 0.028229255774165955
Area: 0.0005167301143667636
CentroidX: 0.7510
CentroidY: 0.0315
