Location: internet_31.png_Mean-Closing.png
Component: component_1755077728259_119.png
centerX: 0.08020959290608626
centerY: 0.401482748788138
width: 0.045949214026602174
height: 0.02423723980610208
Area: 0.0004260494959870091
CentroidX: 0.1031
CentroidY: 0.4128
