Location: internet_31.png_Mean-Closing.png
Component: component_1755077728256_109.png
centerX: 0.77347843611447
centerY: 0.3669803250641574
width: 0.04836759371221282
height: 0.02566295979469632
Area: 0.0004185789760951409
CentroidX: 0.7993
CentroidY: 0.3788
