Location: Dedata_27.png_Mean-Medain.png
Component: component_1755505443218_232.png
centerX: 0.632258064516129
centerY: 0.6337988030777999
width: 0.05846774193548387
height: 0.022513536620119692
Area: 0.00045826859963779776
CentroidX: 0.6577
CentroidY: 0.6463
