Location: internet_31.png_Mean-Closing.png
Component: component_1755077728275_187.png
centerX: 0.015316404675534058
centerY: 0.6455660108354719
width: 0.05280128980249899
height: 0.031936127744510975
Area: 0.0007385470896176208
CentroidX: 0.0400
CentroidY: 0.6632
