Location: internet_31.png_Mean-Medain.png
Component: component_1755077728128_109.png
centerX: 0.30713422007255137
centerY: 0.3444539492443684
width: 0.049979846835953246
height: 0.02879954376960365
Area: 0.0005198332533987705
CentroidX: 0.3338
CentroidY: 0.3573
