Location: internet_31.png_Mean-Medain.png
Component: component_1755077728134_138.png
centerX: 0.2998790810157195
centerY: 0.43855146849158827
width: 0.04836759371221282
height: 0.029654975762760195
Area: 0.0005383371565155519
CentroidX: 0.3248
CentroidY: 0.4516
