Location: internet_31.png_Mean-Medain.png
Component: component_1755077728130_117.png
centerX: 0.6932688432083837
centerY: 0.3723980610208155
width: 0.04796453043127771
height: 0.026803535785571715
Area: 0.0004420249154480812
CentroidX: 0.7191
CentroidY: 0.3844
