Location: internet_31.png_Gaussian-Closing.png
Component: component_1755077728522_252.png
centerX: 0.15276098347440548
centerY: 0.8602794411177644
width: 0.04393389762192664
height: 0.0290846877673225
Area: 0.0006537279560761014
CentroidX: 0.1748
CentroidY: 0.8737
