Location: internet_31.png_Mean-Closing.png
Component: component_1755077728268_156.png
centerX: 0.36477226924627165
centerY: 0.5429141716566867
width: 0.039500201531640466
height: 0.025092671799258625
Area: 0.00045064474609254456
CentroidX: 0.3863
CentroidY: 0.5552
