Location: Dedata_27.png_Gaussian-Closing.png
Component: component_1755505443000_271.png
centerX: 0.30201612903225805
centerY: 0.7834140780849245
width: 0.05282258064516129
height: 0.0262182958107723
Area: 0.00048182553617885806
CentroidX: 0.3275
CentroidY: 0.7969
