Location: Dedata_27.png_Mean-Medain.png
Component: component_1755505443137_88.png
centerX: 0.015725806451612902
centerY: 0.2322599031062981
width: 0.04758064516129032
height: 0.0219435736677116
Area: 0.0004605668373491207
CentroidX: 0.0359
CentroidY: 0.2438
