Location: Dedata_27.png_Gaussian-Median.png
Component: component_1755505442631_107.png
centerX: 0.8915322580645161
centerY: 0.27899686520376177
width: 0.05524193548387097
height: 0.019948703334283273
Area: 0.0004190836466597413
CentroidX: 0.9156
CentroidY: 0.2899
