Location: internet_31.png_Gaussian-Median.png
Component: component_1755077728028_208.png
centerX: 0.22289399435711407
centerY: 0.546050755631594
width: 0.0475614671503426
height: 0.028229255774165955
Area: 0.00042030294222403355
CentroidX: 0.2479
CentroidY: 0.5593
