Location: Dedata_27.png_Mean-Closing.png
Component: component_1755505443372_8.png
centerX: 0.16330645161290322
centerY: 0.010829296095753777
width: 0.04717741935483871
height: 0.02336848104873183
Area: 0.0006168470017190818
CentroidX: 0.1844
CentroidY: 0.0226
