Location: Dedata_27.png_Gaussian-Closing.png
Component: component_1755505442945_114.png
centerX: 0.09193548387096774
centerY: 0.310914790538615
width: 0.055645161290322584
height: 0.020233684810487318
Area: 0.0004375844602358911
CentroidX: 0.1172
CentroidY: 0.3210
