Location: Dedata_27.png_Mean-Medain.png
Component: component_1755505443106_24.png
centerX: 0.3189516129032258
centerY: 0.053006554573952695
width: 0.04233870967741935
height: 0.024508406953548018
Area: 0.0005183675157888931
CentroidX: 0.3384
CentroidY: 0.0653
