Location: Dedata_27.png_Gaussian-Closing.png
Component: component_1755505442989_246.png
centerX: 0.8959677419354839
centerY: 0.6984895981761186
width: 0.05443548387096774
height: 0.024508406953548018
Area: 0.00041287840483916934
CentroidX: 0.9205
CentroidY: 0.7116
