Location: Dedata_27.png_Mean-Closing.png
Component: component_1755505443376_22.png
centerX: 0.004032258064516129
centerY: 0.050441721288116276
width: 0.044758064516129036
height: 0.02365346252493588
Area: 0.0005529559933443036
CentroidX: 0.0250
CentroidY: 0.0623
