Location: Dedata_27.png_Mean-Closing.png
Component: component_1755505443419_150.png
centerX: 0.5185483870967742
centerY: 0.408663436876603
width: 0.043548387096774194
height: 0.021658592191507554
Area: 0.0004136827880381324
CentroidX: 0.5395
CentroidY: 0.4194
