Location: internet_31.png_Gaussian-Closing.png
Component: component_1755077728362_43.png
centerX: 0.7271261588069327
centerY: 0.14314228685486172
width: 0.05280128980249899
height: 0.027088679783290562
Area: 0.00046041388748960303
CentroidX: 0.7556
CentroidY: 0.1557
