Location: internet_31.png_Mean-Medain.png
Component: component_1755077728121_76.png
centerX: 0.6303909713825071
centerY: 0.24322783005417736
width: 0.05280128980249899
height: 0.02765896777872826
Area: 0.000565575821352056
CentroidX: 0.6596
CentroidY: 0.2564
