Location: Dedata_27.png_Mean-Medain.png
Component: component_1755505443129_74.png
centerX: 0.016935483870967744
centerY: 0.1866628669136506
width: 0.04758064516129032
height: 0.024793388429752067
Area: 0.0004963044337601927
CentroidX: 0.0376
CentroidY: 0.1993
