Location: internet_31.png_Gaussian-Median.png
Component: component_1755077728023_187.png
centerX: 0.4502216848045143
centerY: 0.4895922440832621
width: 0.049576783555018135
height: 0.028514399771884802
Area: 0.0004328304294273203
CentroidX: 0.4766
CentroidY: 0.5021
