Location: Dedata_27.png_Gaussian-Median.png
Component: component_1755505442585_41.png
centerX: 0.07056451612903226
centerY: 0.09489883157594756
width: 0.039919354838709675
height: 0.02536335138216016
Area: 0.000421956443798895
CentroidX: 0.0882
CentroidY: 0.1080
