Location: Dedata_27.png_Gaussian-Median.png
Component: component_1755505442581_30.png
centerX: 0.6516129032258065
centerY: 0.056141350812197205
width: 0.04314516129032258
height: 0.029068110572812767
Area: 0.0004935465485066051
CentroidX: 0.6701
CentroidY: 0.0716
