Location: internet_31.png_Gaussian-Closing.png
Component: component_1755077728465_108.png
centerX: 0.1475211608222491
centerY: 0.34930139720558884
width: 0.05038291011688835
height: 0.02566295979469632
Area: 0.000439496431792372
CentroidX: 0.1747
CentroidY: 0.3607
