Location: Dedata_27.png_Mean-Closing.png
Component: component_1755505443471_265.png
centerX: 0.1032258064516129
centerY: 0.7509261897976631
width: 0.05604838709677419
height: 0.02336848104873183
Area: 0.0004317239540720176
CentroidX: 0.1275
CentroidY: 0.7628
