Location: Dedata_27.png_Mean-Closing.png
Component: component_1755505443417_142.png
centerX: 0.910483870967742
centerY: 0.3887147335423197
width: 0.05443548387096774
height: 0.021373610715303505
Area: 0.00039908897857123156
CentroidX: 0.9355
CentroidY: 0.4006
