Location: Dedata_27.png_Gaussian-Median.png
Component: component_1755505442576_14.png
centerX: 0.3100806451612903
centerY: 0.01396409233399829
width: 0.046370967741935484
height: 0.02707324023938444
Area: 0.0006339688726684379
CentroidX: 0.3303
CentroidY: 0.0284
