Location: Dedata_27.png_Mean-Medain.png
Component: component_1755505443100_9.png
centerX: 0.5939516129032258
centerY: 0.012254203476774009
width: 0.041935483870967745
height: 0.031062980906241093
Area: 0.0006875178113422627
CentroidX: 0.6122
CentroidY: 0.0285
