Location: internet_31.png_Mean-Closing.png
Component: component_1755077728236_24.png
centerX: 0.1656590084643289
centerY: 0.06957513544339891
width: 0.06166868198307134
height: 0.02737382378100941
Area: 0.0005777585153295643
CentroidX: 0.1957
CentroidY: 0.0833
