Location: Dedata_27.png_Mean-Medain.png
Component: component_1755505443235_250.png
centerX: 0.3161290322580645
centerY: 0.6976346537475064
width: 0.05524193548387097
height: 0.022798518096323737
Area: 0.0004636694582594067
CentroidX: 0.3406
CentroidY: 0.7102
