Location: internet_31.png_Gaussian-Closing.png
Component: component_1755077728511_202.png
centerX: 0.5114873035066505
centerY: 0.6994582264043342
width: 0.04675534058847239
height: 0.027088679783290562
Area: 0.0005789078260821594
CentroidX: 0.5341
CentroidY: 0.7127
