Location: Dedata_27.png_Mean-Medain.png
Component: component_1755505443205_207.png
centerX: 0.5254032258064516
centerY: 0.567113137646053
width: 0.0532258064516129
height: 0.025078369905956112
Area: 0.00047780362018404285
CentroidX: 0.5489
CentroidY: 0.5807
