Location: internet_31.png_Mean-Medain.png
Component: component_1755077728136_147.png
centerX: 0.7416364369205966
centerY: 0.4756201881950385
width: 0.04796453043127771
height: 0.02879954376960365
Area: 0.00048753762125084777
CentroidX: 0.7671
CentroidY: 0.4892
