Location: internet_31.png_Gaussian-Median.png
Component: component_1755077727991_26.png
centerX: 0.5654977831519549
centerY: 0.06700883946392928
width: 0.051592099959693674
height: 0.02594810379241517
Area: 0.0004839747579178029
CentroidX: 0.5923
CentroidY: 0.0793
