Location: Dedata_27.png_Mean-Closing.png
Component: component_1755505443419_149.png
centerX: 0.5814516129032258
centerY: 0.40581362211456257
width: 0.043548387096774194
height: 0.020233684810487318
Area: 0.00041391261180926466
CentroidX: 0.6040
CentroidY: 0.4161
