Location: Dedata_27.png_Mean-Closing.png
Component: component_1755505443454_226.png
centerX: 0.7161290322580646
centerY: 0.6303790253633513
width: 0.04959677419354839
height: 0.02108862923909946
Area: 0.0003920793535516966
CentroidX: 0.7371
CentroidY: 0.6413
