Location: Dedata_27.png_Gaussian-Closing.png
Component: component_1755505442933_77.png
centerX: 0.8181451612903226
centerY: 0.2140210886292391
width: 0.059274193548387095
height: 0.022798518096323737
Area: 0.0005003263497550079
CentroidX: 0.8448
CentroidY: 0.2260
