Location: Dedata_27.png_Gaussian-Closing.png
Component: component_1755505442983_229.png
centerX: 0.5516129032258065
centerY: 0.640638358506697
width: 0.06048387096774194
height: 0.021658592191507554
Area: 0.00042299065076899033
CentroidX: 0.5781
CentroidY: 0.6520
