Location: Dedata_27.png_Mean-Closing.png
Component: component_1755505443469_260.png
centerX: 0.8846774193548387
centerY: 0.7420917640353377
width: 0.06169354838709677
height: 0.022513536620119692
Area: 0.0004594177184934592
CentroidX: 0.9124
CentroidY: 0.7541
