Location: Dedata_27.png_Gaussian-Median.png
Component: component_1755505442754_184.png
centerX: 0.3975806451612903
centerY: 0.4933029353092049
width: 0.053629032258064514
height: 0.020518666286691366
Area: 0.0004177047040329475
CentroidX: 0.4236
CentroidY: 0.5036
