Location: internet_31.png_Mean-Medain.png
Component: component_1755077728139_169.png
centerX: 0.5570334542523177
centerY: 0.5340747077274023
width: 0.05239822652156389
height: 0.028514399771884802
Area: 0.0006309716031747181
CentroidX: 0.5860
CentroidY: 0.5485
