Location: Dedata_27.png_Gaussian-Closing.png
Component: component_1755505442934_80.png
centerX: 0.6665322580645161
centerY: 0.21687090339127957
width: 0.04959677419354839
height: 0.022228555143915644
Area: 0.0004171301446051168
CentroidX: 0.6884
CentroidY: 0.2283
