Location: Dedata_27.png_Mean-Medain.png
Component: component_1755505443108_26.png
centerX: 0.7221774193548387
centerY: 0.05443146195497293
width: 0.04314516129032258
height: 0.02963807352522086
Area: 0.0005613445609906324
CentroidX: 0.7409
CentroidY: 0.0708
