Location: internet_31.png_Gaussian-Closing.png
Component: component_1755077728512_206.png
centerX: 0.3675937122128174
centerY: 0.7005988023952096
width: 0.042724707779121324
height: 0.02765896777872826
Area: 0.0005884471053286989
CentroidX: 0.3889
CentroidY: 0.7140
