Location: internet_31.png_Gaussian-Median.png
Component: component_1755077728002_77.png
centerX: 0.008061265618702136
centerY: 0.19931565440547477
width: 0.049979846835953246
height: 0.027944111776447105
Area: 0.0004679993384567308
CentroidX: 0.0352
CentroidY: 0.2125
