Location: Dedata_27.png_Gaussian-Median.png
Component: component_1755505442740_173.png
centerX: 0.9048387096774193
centerY: 0.46423482473639216
width: 0.049193548387096775
height: 0.02336848104873183
Area: 0.00039564162200424717
CentroidX: 0.9265
CentroidY: 0.4761
