Location: Dedata_27.png_Gaussian-Closing.png
Component: component_1755505442943_109.png
centerX: 0.4705645161290323
centerY: 0.30065545739526933
width: 0.04717741935483871
height: 0.02108862923909946
Area: 0.0004106950790134125
CentroidX: 0.4927
CentroidY: 0.3115
