Location: Dedata_27.png_Mean-Medain.png
Component: component_1755505443136_87.png
centerX: 0.21411290322580645
centerY: 0.2299800512966657
width: 0.05604838709677419
height: 0.022228555143915644
Area: 0.0004950404030189651
CentroidX: 0.2380
CentroidY: 0.2412
