Location: Dedata_27.png_Mean-Medain.png
Component: component_1755505443141_97.png
centerX: 0.3951612903225806
centerY: 0.2644628099173554
width: 0.04959677419354839
height: 0.020518666286691366
Area: 0.0004593028066078931
CentroidX: 0.4187
CentroidY: 0.2746
