Location: internet_31.png_Gaussian-Median.png
Component: component_1755077728022_183.png
centerX: 0.6795646916565901
centerY: 0.4801824921585401
width: 0.041515517936316
height: 0.02765896777872826
Area: 0.00039973027975258096
CentroidX: 0.7029
CentroidY: 0.4933
