Location: internet_31.png_Mean-Closing.png
Component: component_1755077728286_231.png
centerX: 0.08625554212011285
centerY: 0.8038209295694325
width: 0.0471584038694075
height: 0.029369831765041345
Area: 0.0006711974795155472
CentroidX: 0.1099
CentroidY: 0.8179
