Location: internet_31.png_Gaussian-Median.png
Component: component_1755077728031_228.png
centerX: 0.513099556630391
centerY: 0.5885372112917023
width: 0.051189036678758564
height: 0.032506415739948676
Area: 0.0007195834621998014
CentroidX: 0.5410
CentroidY: 0.6046
