Location: Dedata_27.png_Mean-Medain.png
Component: component_1755505443117_44.png
centerX: 0.45564516129032256
centerY: 0.09888857224280422
width: 0.04596774193548387
height: 0.023083499572527786
Area: 0.0004672317267119573
CentroidX: 0.4758
CentroidY: 0.1108
