Location: Dedata_27.png_Mean-Medain.png
Component: component_1755505443202_203.png
centerX: 0.7705645161290322
centerY: 0.5528640638358506
width: 0.05887096774193548
height: 0.02536335138216016
Area: 0.0004887202493128269
CentroidX: 0.7954
CentroidY: 0.5658
