Location: Dedata_27.png_Gaussian-Median.png
Component: component_1755505442747_177.png
centerX: 0.7645161290322581
centerY: 0.47335423197492166
width: 0.041935483870967745
height: 0.022798518096323737
Area: 0.00038598902361669074
CentroidX: 0.7858
CentroidY: 0.4849
