Location: Dedata_27.png_Mean-Medain.png
Component: component_1755505443102_16.png
centerX: 0.4544354838709677
centerY: 0.020518666286691366
width: 0.036290322580645164
height: 0.026503277286976348
Area: 0.0005559437023690234
CentroidX: 0.4724
CentroidY: 0.0342
