Location: Dedata_27.png_Gaussian-Closing.png
Component: component_1755505442995_261.png
centerX: 0.8145161290322581
centerY: 0.7457965232259903
width: 0.05120967741935484
height: 0.022798518096323737
Area: 0.00038461008098989694
CentroidX: 0.8375
CentroidY: 0.7581
