Location: Dedata_27.png_Mean-Closing.png
Component: component_1755505443399_97.png
centerX: 0.39556451612903226
centerY: 0.2647477913935594
width: 0.049193548387096775
height: 0.020233684810487318
Area: 0.00046045192546355455
CentroidX: 0.4187
CentroidY: 0.2747
