Location: internet_31.png_Mean-Closing.png
Component: component_1755077728268_155.png
centerX: 0.49496170898831116
centerY: 0.5383518676931851
width: 0.0471584038694075
height: 0.026518391787852865
Area: 0.0005461524696331986
CentroidX: 0.5201
CentroidY: 0.5508
