Location: Dedata_27.png_Gaussian-Median.png
Component: component_1755505442765_205.png
centerX: 0.7705645161290322
centerY: 0.5528640638358506
width: 0.059274193548387095
height: 0.02536335138216016
Area: 0.00046343963448827437
CentroidX: 0.7956
CentroidY: 0.5659
