Location: Dedata_27.png_Gaussian-Median.png
Component: component_1755505442808_252.png
centerX: 0.3919354838709677
centerY: 0.6922200056996295
width: 0.052016129032258066
height: 0.022798518096323737
Area: 0.0004301151876740915
CentroidX: 0.4156
CentroidY: 0.7043
