Location: Dedata_27.png_Mean-Medain.png
Component: component_1755505443136_86.png
centerX: 0.14717741935483872
centerY: 0.22941008834425763
width: 0.044758064516129036
height: 0.025078369905956112
Area: 0.00048803077799943004
CentroidX: 0.1674
CentroidY: 0.2423
