Location: internet_31.png_Mean-Closing.png
Component: component_1755077728234_14.png
centerX: 0.008464328899637243
centerY: 0.06387225548902195
width: 0.04796453043127771
height: 0.023666951810664385
Area: 0.0004259345649117496
CentroidX: 0.0344
CentroidY: 0.0755
