Location: Dedata_27.png_Gaussian-Median.png
Component: component_1755505442745_175.png
centerX: 0.8379032258064516
centerY: 0.46793958392704477
width: 0.043548387096774194
height: 0.022513536620119692
Area: 0.0003661092674137471
CentroidX: 0.8582
CentroidY: 0.4793
