Location: Dedata_27.png_Mean-Closing.png
Component: component_1755505443399_96.png
centerX: 0.475
centerY: 0.25961812482188656
width: 0.05403225806451613
height: 0.022513536620119692
Area: 0.0004984877595859495
CentroidX: 0.5004
CentroidY: 0.2715
