Location: Dedata_27.png_Mean-Medain.png
Component: component_1755505443104_20.png
centerX: 0.2584677419354839
centerY: 0.048446850954687946
width: 0.04153225806451613
height: 0.022798518096323737
Area: 0.0004528677410161888
CentroidX: 0.2773
CentroidY: 0.0605
