Location: internet_31.png_Gaussian-Median.png
Component: component_1755077728029_210.png
centerX: 0.014107214832728738
centerY: 0.549757627601939
width: 0.037081821846029824
height: 0.028229255774165955
Area: 0.00042846304856745883
CentroidX: 0.0318
CentroidY: 0.5647
