Location: internet_31.png_Gaussian-Median.png
Component: component_1755077728049_308.png
centerX: 0.29020556227327693
centerY: 0.8565725691474194
width: 0.04433696090286175
height: 0.027944111776447105
Area: 0.0006063763530691827
CentroidX: 0.3118
CentroidY: 0.8701
