Location: Dedata_27.png_Gaussian-Median.png
Component: component_1755505442824_277.png
centerX: 0.4439516129032258
centerY: 0.7762895411798233
width: 0.05685483870967742
height: 0.023083499572527786
Area: 0.0004131082286103016
CentroidX: 0.4692
CentroidY: 0.7878
