Location: Dedata_27.png_Gaussian-Median.png
Component: component_1755505442593_71.png
centerX: 0.4907258064516129
centerY: 0.18096323738956968
width: 0.04435483870967742
height: 0.024793388429752067
Area: 0.00044080199303174326
CentroidX: 0.5112
CentroidY: 0.1940
