Location: Dedata_27.png_Gaussian-Median.png
Component: component_1755505442569_3.png
centerX: 0.9294354838709677
centerY: 0.005984611000284981
width: 0.045564516129032256
height: 0.031062980906241093
Area: 0.000612365438182002
CentroidX: 0.9479
CentroidY: 0.0224
