Location: Dedata_27.png_Gaussian-Median.png
Component: component_1755505442621_101.png
centerX: 0.39556451612903226
centerY: 0.2644628099173554
width: 0.049193548387096775
height: 0.020518666286691366
Area: 0.0004183941753463444
CentroidX: 0.4189
CentroidY: 0.2746
