Location: Dedata_27.png_Mean-Closing.png
Component: component_1755505443455_230.png
centerX: 0.5516129032258065
centerY: 0.640638358506697
width: 0.06048387096774194
height: 0.021658592191507554
Area: 0.00045206335781722577
CentroidX: 0.5781
CentroidY: 0.6520
