Location: internet_31.png_Gaussian-Median.png
Component: component_1755077728018_154.png
centerX: 0.016928657799274487
centerY: 0.40290846877673225
width: 0.03909713825070536
height: 0.0213857998289136
Area: 0.00036030892093856856
CentroidX: 0.0355
CentroidY: 0.4128
