Location: Dedata_27.png_Mean-Closing.png
Component: component_1755505443392_77.png
centerX: 0.8181451612903226
centerY: 0.21430607010544314
width: 0.05887096774193548
height: 0.022513536620119692
Area: 0.0005216999604703114
CentroidX: 0.8448
CentroidY: 0.2260
