Location: Dedata_27.png_Gaussian-Closing.png
Component: component_1755505442968_188.png
centerX: 0.6544354838709677
centerY: 0.5220860644058136
width: 0.04717741935483871
height: 0.0219435736677116
Area: 0.00038392060967650004
CentroidX: 0.6771
CentroidY: 0.5336
