Location: internet_31.png_Gaussian-Closing.png
Component: component_1755077728421_103.png
centerX: 0.38774687625957277
centerY: 0.34046193327630453
width: 0.0475614671503426
height: 0.028514399771884802
Area: 0.0004932841750138233
CentroidX: 0.4145
CentroidY: 0.3538
