Location: internet_31.png_Mean-Medain.png
Component: component_1755077728114_40.png
centerX: 0.15840386940749698
centerY: 0.11092101511263187
width: 0.05602579604997985
height: 0.02423723980610208
Area: 0.0005009845570562106
CentroidX: 0.1865
CentroidY: 0.1231
