Location: Dedata_27.png_Mean-Medain.png
Component: component_1755505443268_285.png
centerX: 0.6088709677419355
centerY: 0.8056426332288401
width: 0.059274193548387095
height: 0.025648332858364205
Area: 0.0004572343926677024
CentroidX: 0.6347
CentroidY: 0.8191
