Location: internet_31.png_Gaussian-Closing.png
Component: component_1755077728391_70.png
centerX: 0.9218057234985892
centerY: 0.2292557741659538
width: 0.04433696090286175
height: 0.029940119760479042
Area: 0.00048420462006832195
CentroidX: 0.9442
CentroidY: 0.2442
