Location: internet_31.png_Mean-Closing.png
Component: component_1755077728276_190.png
centerX: 0.8484482063683998
centerY: 0.692329626461363
width: 0.04675534058847239
height: 0.0290846877673225
Area: 0.0006566012329575891
CentroidX: 0.8701
CentroidY: 0.7065
