Location: internet_31.png_Gaussian-Median.png
Component: component_1755077728032_232.png
centerX: 0.22249093107617895
centerY: 0.5979469632164243
width: 0.049979846835953246
height: 0.02879954376960365
Area: 0.0006503949548935756
CentroidX: 0.2486
CentroidY: 0.6115
