Location: internet_31.png_Gaussian-Closing.png
Component: component_1755077728513_213.png
centerX: 0.6332124143490528
centerY: 0.7459366980325064
width: 0.041515517936316
height: 0.028514399771884802
Area: 0.0005875276567266228
CentroidX: 0.6529
CentroidY: 0.7605
