Location: Dedata_27.png_Mean-Closing.png
Component: component_1755505443475_274.png
centerX: 0.8314516129032258
centerY: 0.7876888002279852
width: 0.06008064516129032
height: 0.02365346252493588
Area: 0.00045884315906562846
CentroidX: 0.8588
CentroidY: 0.8007
