Location: Dedata_27.png_Gaussian-Median.png
Component: component_1755505442582_36.png
centerX: 0.2645161290322581
centerY: 0.08748931319464234
width: 0.037096774193548385
height: 0.026788258763180393
Area: 0.00047699923698507987
CentroidX: 0.2811
CentroidY: 0.1004
