Location: Dedata_27.png_Mean-Medain.png
Component: component_1755505443159_140.png
centerX: 0.30766129032258066
centerY: 0.3756055856369336
width: 0.052016129032258066
height: 0.022228555143915644
Area: 0.0004601071898068561
CentroidX: 0.3341
CentroidY: 0.3871
