Location: internet_31.png_Gaussian-Closing.png
Component: component_1755077728396_85.png
centerX: 0.8524788391777509
centerY: 0.2771599657827203
width: 0.051189036678758564
height: 0.027088679783290562
Area: 0.0004837448957672839
CentroidX: 0.8801
CentroidY: 0.2899
