Location: internet_31.png_Mean-Medain.png
Component: component_1755077728135_142.png
centerX: 0.07335751713018944
centerY: 0.44938694040490446
width: 0.04514308746473196
height: 0.02737382378100941
Area: 0.00043432453340569395
CentroidX: 0.0977
CentroidY: 0.4617
