Location: internet_31.png_Mean-Closing.png
Component: component_1755077728258_117.png
centerX: 0.22853688029020555
centerY: 0.3937838608497291
width: 0.04353083434099154
height: 0.029940119760479042
Area: 0.0005694834779108795
CentroidX: 0.2517
CentroidY: 0.4079
