Location: internet_31.png_Mean-Closing.png
Component: component_1755077728268_157.png
centerX: 0.22370012091898428
centerY: 0.546050755631594
width: 0.04675534058847239
height: 0.027944111776447105
Area: 0.00044145026007178363
CentroidX: 0.2477
CentroidY: 0.5592
