Location: Dedata_27.png_Mean-Medain.png
Component: component_1755505443099_7.png
centerX: 0.8
centerY: 0.01054431461954973
width: 0.039919354838709675
height: 0.030777999430037048
Area: 0.0005945540959192492
CentroidX: 0.8168
CentroidY: 0.0270
