Location: internet_31.png_Gaussian-Median.png
Component: component_1755077728039_270.png
centerX: 0.6332124143490528
centerY: 0.7456515540347876
width: 0.04191858121725111
height: 0.02879954376960365
Area: 0.0005891366917802559
CentroidX: 0.6529
CentroidY: 0.7605
