Location: internet_31.png_Mean-Closing.png
Component: component_1755077728263_135.png
centerX: 0.8758565094719871
centerY: 0.46763615625891075
width: 0.042724707779121324
height: 0.026518391787852865
Area: 0.0004319109808252442
CentroidX: 0.8980
CentroidY: 0.4805
