Location: Dedata_27.png_Gaussian-Closing.png
Component: component_1755505442981_227.png
centerX: 0.632258064516129
centerY: 0.6337988030777999
width: 0.05846774193548387
height: 0.022513536620119692
Area: 0.00043160904218645144
CentroidX: 0.6578
CentroidY: 0.6463
