Location: Dedata_27.png_Mean-Closing.png
Component: component_1755505443447_217.png
centerX: 0.532258064516129
centerY: 0.6064405813622115
width: 0.05524193548387097
height: 0.022513536620119692
Area: 0.00043723972457919267
CentroidX: 0.5563
CentroidY: 0.6180
