Location: internet_31.png_Mean-Medain.png
Component: component_1755077728140_172.png
centerX: 0.36436920596533656
centerY: 0.5429141716566867
width: 0.03990326481257558
height: 0.025092671799258625
Area: 0.0004521388500709182
CentroidX: 0.3863
CentroidY: 0.5552
