Location: Dedata_27.png_Gaussian-Median.png
Component: component_1755505442583_38.png
centerX: 0.19556451612903225
centerY: 0.08919920205186663
width: 0.04112903225806452
height: 0.027643203191792535
Area: 0.00043517131063900203
CentroidX: 0.2137
CentroidY: 0.1039
