Location: internet_31.png_Mean-Closing.png
Component: component_1755077728251_89.png
centerX: 0.47118097541313986
centerY: 0.29141716566866266
width: 0.04877065699314793
height: 0.02737382378100941
Area: 0.0005260395314627841
CentroidX: 0.4977
CentroidY: 0.3037
