Location: Dedata_27.png_Gaussian-Median.png
Component: component_1755505442834_291.png
centerX: 0.3786290322580645
centerY: 0.823026503277287
width: 0.05403225806451613
height: 0.024793388429752067
Area: 0.00041873891100304285
CentroidX: 0.4037
CentroidY: 0.8359
