Location: internet_31.png_Gaussian-Closing.png
Component: component_1755077728518_233.png
centerX: 0.23135832325675132
centerY: 0.7972626176218991
width: 0.04877065699314793
height: 0.031080695751354435
Area: 0.0006991257308036084
CentroidX: 0.2544
CentroidY: 0.8124
