Location: internet_31.png_Mean-Closing.png
Component: component_1755077728231_6.png
centerX: 0.4248286981056026
centerY: 0.015397775876817793
width: 0.05441354292623942
height: 0.025377815796977475
Area: 0.0005306367744731645
CentroidX: 0.4532
CentroidY: 0.0278
