Location: internet_31.png_Gaussian-Median.png
Component: component_1755077728016_140.png
centerX: 0.77347843611447
centerY: 0.36669518106643856
width: 0.04836759371221282
height: 0.02594810379241517
Area: 0.0003951330367422005
CentroidX: 0.7998
CentroidY: 0.3788
