Location: internet_31.png_Mean-Closing.png
Component: component_1755077728238_34.png
centerX: 0.4804514308746473
centerY: 0.1092101511263188
width: 0.053204353083434096
height: 0.02566295979469632
Area: 0.0005320159473762787
CentroidX: 0.5095
CentroidY: 0.1212
