Location: Dedata_27.png_Gaussian-Closing.png
Component: component_1755505442986_238.png
centerX: 0.6713709677419355
centerY: 0.6694214876033058
width: 0.05120967741935484
height: 0.025078369905956112
Area: 0.00040736263433199425
CentroidX: 0.6941
CentroidY: 0.6823
