Location: internet_31.png_Gaussian-Median.png
Component: component_1755077728016_131.png
centerX: 0.1475211608222491
centerY: 0.34930139720558884
width: 0.05078597339782346
height: 0.02566295979469632
Area: 0.00045627636878026065
CentroidX: 0.1747
CentroidY: 0.3608
