Location: internet_31.png_Gaussian-Median.png
Component: component_1755077728015_123.png
centerX: 0.46956872228939944
centerY: 0.335899629312803
width: 0.046352277307537285
height: 0.03051040775591674
Area: 0.0004798372392084605
CentroidX: 0.4940
CentroidY: 0.3498
