Location: Dedata_27.png_Mean-Medain.png
Component: component_1755505443209_215.png
centerX: 0.16733870967741934
centerY: 0.5882017668851525
width: 0.044758064516129036
height: 0.0219435736677116
Area: 0.0004127634929536032
CentroidX: 0.1892
CentroidY: 0.5994
