Location: Dedata_27.png_Gaussian-Closing.png
Component: component_1755505442939_95.png
centerX: 0.5495967741935484
centerY: 0.2573382730122542
width: 0.05806451612903226
height: 0.02365346252493588
Area: 0.0004963044337601927
CentroidX: 0.5757
CentroidY: 0.2695
