Location: internet_31.png_Gaussian-Median.png
Component: component_1755077728047_301.png
centerX: 0.6747279322853688
centerY: 0.849729113202167
width: 0.046352277307537285
height: 0.03022526375819789
Area: 0.0006463723672594927
CentroidX: 0.6977
CentroidY: 0.8641
