Location: Dedata_27.png_Mean-Medain.png
Component: component_1755505443187_182.png
centerX: 0.3971774193548387
centerY: 0.493587916785409
width: 0.05403225806451613
height: 0.020233684810487318
Area: 0.00044861600125024133
CentroidX: 0.4236
CentroidY: 0.5036
