Location: internet_31.png_Gaussian-Closing.png
Component: component_1755077728355_30.png
centerX: 0.8399838774687626
centerY: 0.10521813515825491
width: 0.0471584038694075
height: 0.025092671799258625
Area: 0.00042145225297662863
CentroidX: 0.8653
CentroidY: 0.1173
