Location: Dedata_27.png_Gaussian-Median.png
Component: component_1755505442762_200.png
centerX: 0.9225806451612903
centerY: 0.5408948418352807
width: 0.05685483870967742
height: 0.024223425477343973
Area: 0.0004147169950082277
CentroidX: 0.9483
CentroidY: 0.5527
