Location: Dedata_27.png_Gaussian-Median.png
Component: component_1755505442634_109.png
centerX: 0.744758064516129
centerY: 0.28612140210886294
width: 0.05403225806451613
height: 0.02080364776289541
Area: 0.0004528677410161888
CentroidX: 0.7682
CentroidY: 0.2975
