Location: internet_31.png_Mean-Medain.png
Component: component_1755077728152_226.png
centerX: 0.6332124143490528
centerY: 0.7459366980325064
width: 0.04191858121725111
height: 0.028514399771884802
Area: 0.0006081003191980753
CentroidX: 0.6530
CentroidY: 0.7605
