Location: internet_31.png_Gaussian-Median.png
Component: component_1755077727991_23.png
centerX: 0.7202740830310359
centerY: 0.06615340747077274
width: 0.053607416364369206
height: 0.02566295979469632
Area: 0.0004976515558736848
CentroidX: 0.7472
CentroidY: 0.0777
