Location: Dedata_27.png_Gaussian-Closing.png
Component: component_1755505443008_288.png
centerX: 0.0939516129032258
centerY: 0.8367056141350813
width: 0.04798387096774193
height: 0.0219435736677116
Area: 0.00039483723880528413
CentroidX: 0.1161
CentroidY: 0.8478
