Location: Dedata_27.png_Gaussian-Closing.png
Component: component_1755505442928_60.png
centerX: 0.0842741935483871
centerY: 0.14306070105443147
width: 0.05241935483870968
height: 0.024508406953548018
Area: 0.0004727474972191324
CentroidX: 0.1061
CentroidY: 0.1558
