Location: internet_31.png_Gaussian-Median.png
Component: component_1755077728011_102.png
centerX: 0.5489721886336155
centerY: 0.2857142857142857
width: 0.05038291011688835
height: 0.026803535785571715
Area: 0.0005182242183451373
CentroidX: 0.5764
CentroidY: 0.2989
