Location: internet_31.png_Gaussian-Median.png
Component: component_1755077728001_73.png
centerX: 0.7077791213220476
centerY: 0.19332763045337895
width: 0.05038291011688835
height: 0.03136583974907328
Area: 0.000554312575976624
CentroidX: 0.7350
CentroidY: 0.2072
