Location: Dedata_27.png_Mean-Medain.png
Component: component_1755505443133_80.png
centerX: 0.6665322580645161
centerY: 0.21687090339127957
width: 0.04959677419354839
height: 0.022228555143915644
Area: 0.00044470899714099227
CentroidX: 0.6885
CentroidY: 0.2282
