Location: internet_31.png_Gaussian-Median.png
Component: component_1755077728011_99.png
centerX: 0.8524788391777509
centerY: 0.2771599657827203
width: 0.051592099959693674
height: 0.027088679783290562
Area: 0.0004948932100674565
CentroidX: 0.8803
CentroidY: 0.2899
