Location: internet_31.png_Gaussian-Median.png
Component: component_1755077728015_126.png
centerX: 0.30713422007255137
centerY: 0.3444539492443684
width: 0.049979846835953246
height: 0.02879954376960365
Area: 0.0004985710044757609
CentroidX: 0.3337
CentroidY: 0.3574
