Location: Dedata_27.png_Gaussian-Closing.png
Component: component_1755505442950_128.png
centerX: 0.08548387096774193
centerY: 0.347392419492733
width: 0.04959677419354839
height: 0.021373610715303505
Area: 0.00043976778606164793
CentroidX: 0.1076
CentroidY: 0.3585
