Location: Dedata_27.png_Mean-Closing.png
Component: component_1755505443470_262.png
centerX: 0.8145161290322581
centerY: 0.7457965232259903
width: 0.05120967741935484
height: 0.022798518096323737
Area: 0.0004212669724854981
CentroidX: 0.8374
CentroidY: 0.7582
