Location: Dedata_27.png_Mean-Medain.png
Component: component_1755505443185_180.png
centerX: 0.5560483870967742
centerY: 0.4881732687375321
width: 0.04758064516129032
height: 0.022228555143915644
Area: 0.00041919855854530747
CentroidX: 0.5777
CentroidY: 0.4990
