Location: Dedata_27.png_Gaussian-Closing.png
Component: component_1755505442980_224.png
centerX: 0.17983870967741936
centerY: 0.6269592476489029
width: 0.04435483870967742
height: 0.02365346252493588
Area: 0.00035944437805091056
CentroidX: 0.2017
CentroidY: 0.6391
