Location: internet_31.png_Mean-Closing.png
Component: component_1755077728247_70.png
centerX: 0.8504635227730754
centerY: 0.23381807812945538
width: 0.04836759371221282
height: 0.029940119760479042
Area: 0.0005220169438287012
CentroidX: 0.8758
CentroidY: 0.2488
