Location: Dedata_27.png_Mean-Medain.png
Component: component_1755505443201_202.png
centerX: 0.08991935483870968
centerY: 0.5531490453120547
width: 0.04758064516129032
height: 0.023938444001139925
Area: 0.00044988003199146893
CentroidX: 0.1133
CentroidY: 0.5647
