Location: Dedata_27.png_Mean-Closing.png
Component: component_1755505443462_245.png
centerX: 0.39153225806451614
centerY: 0.6922200056996295
width: 0.052016129032258066
height: 0.022798518096323737
Area: 0.0004649334890006343
CentroidX: 0.4157
CentroidY: 0.7042
