Location: Dedata_27.png_Mean-Medain.png
Component: component_1755505443113_36.png
centerX: 0.19556451612903225
centerY: 0.08919920205186663
width: 0.04153225806451613
height: 0.027643203191792535
Area: 0.0004815957124077258
CentroidX: 0.2139
CentroidY: 0.1041
