Location: internet_31.png_Mean-Medain.png
Component: component_1755077728117_59.png
centerX: 0.9141475211608222
centerY: 0.19019104647847163
width: 0.04232164449818621
height: 0.029654975762760195
Area: 0.0005155808036141686
CentroidX: 0.9368
CentroidY: 0.2044
