Location: internet_31.png_Mean-Medain.png
Component: component_1755077728108_14.png
centerX: 0.800080612656187
centerY: 0.018819503849443968
width: 0.054816606207174524
height: 0.026518391787852865
Area: 0.0005386819497413303
CentroidX: 0.8287
CentroidY: 0.0320
