Location: Dedata_27.png_Gaussian-Median.png
Component: component_1755505442834_290.png
centerX: 0.45403225806451614
centerY: 0.8196067255628384
width: 0.059274193548387095
height: 0.024793388429752067
Area: 0.0004389634028626849
CentroidX: 0.4797
CentroidY: 0.8330
