Location: Dedata_27.png_Mean-Medain.png
Component: component_1755505443229_242.png
centerX: 0.17056451612903226
centerY: 0.6677115987460815
width: 0.050806451612903224
height: 0.02108862923909946
Area: 0.0004177047040329475
CentroidX: 0.1944
CentroidY: 0.6785
