Location: internet_31.png_Mean-Medain.png
Component: component_1755077728127_106.png
centerX: 0.46956872228939944
centerY: 0.335899629312803
width: 0.04675534058847239
height: 0.03051040775591674
Area: 0.0005268440489896007
CentroidX: 0.4941
CentroidY: 0.3498
