Location: internet_31.png_Mean-Medain.png
Component: component_1755077728159_256.png
centerX: 0.4820636839983877
centerY: 0.8545765611633875
width: 0.042724707779121324
height: 0.029654975762760195
Area: 0.0006060315598434041
CentroidX: 0.5035
CentroidY: 0.8687
