Location: Dedata_27.png_Gaussian-Median.png
Component: component_1755505442803_249.png
centerX: 0.6060483870967742
centerY: 0.6762610430322029
width: 0.04717741935483871
height: 0.02336848104873183
Area: 0.0003936881199496226
CentroidX: 0.6279
CentroidY: 0.6885
