Location: Dedata_27.png_Gaussian-Median.png
Component: component_1755505442770_219.png
centerX: 0.7544354838709677
centerY: 0.591336563123397
width: 0.04838709677419355
height: 0.022798518096323737
Area: 0.00038173728385074325
CentroidX: 0.7773
CentroidY: 0.6027
