Location: internet_31.png_Mean-Closing.png
Component: component_1755077728244_57.png
centerX: 0.781136638452237
centerY: 0.19104647847162817
width: 0.04917372027408303
height: 0.029369831765041345
Area: 0.0005502899883425411
CentroidX: 0.8066
CentroidY: 0.2048
