Location: internet_31.png_Gaussian-Closing.png
Component: component_1755077728502_165.png
centerX: 0.07335751713018944
centerY: 0.5526090675791274
width: 0.044740024183796856
height: 0.025377815796977475
Area: 0.0004075455928702278
CentroidX: 0.0978
CentroidY: 0.5647
