Location: internet_31.png_Gaussian-Median.png
Component: component_1755077728041_277.png
centerX: 0.20918984280532044
centerY: 0.7516395779868834
width: 0.042724707779121324
height: 0.0290846877673225
Area: 0.0006277535330674518
CentroidX: 0.2307
CentroidY: 0.7654
