Location: Dedata_27.png_Mean-Medain.png
Component: component_1755505443147_112.png
centerX: 0.31411290322580643
centerY: 0.30692504987175834
width: 0.06491935483870968
height: 0.01909375890567113
Area: 0.000501935116152934
CentroidX: 0.3426
CentroidY: 0.3168
