Location: Dedata_27.png_Gaussian-Median.png
Component: component_1755505442768_212.png
centerX: 0.37016129032258066
centerY: 0.5736677115987461
width: 0.04798387096774193
height: 0.025078369905956112
Area: 0.0004195432942020059
CentroidX: 0.3933
CentroidY: 0.5875
