Location: internet_31.png_Gaussian-Closing.png
Component: component_1755077728492_130.png
centerX: 0.2998790810157195
centerY: 0.4388366124893071
width: 0.0475614671503426
height: 0.029369831765041345
Area: 0.00048236572286416973
CentroidX: 0.3246
CentroidY: 0.4514
