Location: Dedata_27.png_Gaussian-Closing.png
Component: component_1755505442928_58.png
centerX: 0.22943548387096774
centerY: 0.1396409233399829
width: 0.04758064516129032
height: 0.027358221715588486
Area: 0.0004852728927458425
CentroidX: 0.2498
CentroidY: 0.1530
