Location: Dedata_27.png_Mean-Closing.png
Component: component_1755505443445_215.png
centerX: 0.6826612903225806
centerY: 0.5950413223140496
width: 0.046370967741935484
height: 0.02108862923909946
Area: 0.00038196710762187553
CentroidX: 0.7048
CentroidY: 0.6057
