Location: Dedata_27.png_Gaussian-Median.png
Component: component_1755505442579_26.png
centerX: 0.3189516129032258
centerY: 0.053006554573952695
width: 0.04233870967741935
height: 0.024508406953548018
Area: 0.0004967640813024573
CentroidX: 0.3385
CentroidY: 0.0653
