Location: Dedata_27.png_Mean-Medain.png
Component: component_1755505443226_239.png
centerX: 0.2439516129032258
centerY: 0.6608720433171844
width: 0.05846774193548387
height: 0.02365346252493588
Area: 0.0004493054725636382
CentroidX: 0.2694
CentroidY: 0.6738
