Location: internet_31.png_Gaussian-Closing.png
Component: component_1755077728517_228.png
centerX: 0.577589681580008
centerY: 0.7918448816652409
width: 0.04232164449818621
height: 0.03307670373538637
Area: 0.000654992197903956
CentroidX: 0.5987
CentroidY: 0.8082
