Location: Dedata_27.png_Gaussian-Median.png
Component: component_1755505442751_180.png
centerX: 0.025403225806451612
centerY: 0.4779139355941864
width: 0.05040322580645161
height: 0.01937874038187518
Area: 0.0003847249928754631
CentroidX: 0.0475
CentroidY: 0.4877
