Location: internet_31.png_Gaussian-Closing.png
Component: component_1755077728352_18.png
centerX: 0.4844820636839984
centerY: 0.06700883946392928
width: 0.053204353083434096
height: 0.028229255774165955
Area: 0.0005510945058693576
CentroidX: 0.5121
CentroidY: 0.0803
