Location: internet_31.png_Mean-Medain.png
Component: component_1755077728128_110.png
centerX: 0.22853688029020555
centerY: 0.34530938123752497
width: 0.04554615074566707
height: 0.026518391787852865
Area: 0.0005083401458728194
CentroidX: 0.2533
CentroidY: 0.3579
