Location: internet_31.png_Mean-Medain.png
Component: component_1755077728158_251.png
centerX: 0.860540104796453
centerY: 0.8426005132591959
width: 0.045949214026602174
height: 0.032506415739948676
Area: 0.0006910805555354426
CentroidX: 0.8817
CentroidY: 0.8578
