Location: internet_31.png_Gaussian-Median.png
Component: component_1755077728048_303.png
centerX: 0.4820636839983877
centerY: 0.8545765611633875
width: 0.042724707779121324
height: 0.029654975762760195
Area: 0.0005841946555440969
CentroidX: 0.5034
CentroidY: 0.8687
