Location: internet_31.png_Mean-Closing.png
Component: component_1755077728239_36.png
centerX: 0.15840386940749698
centerY: 0.11092101511263187
width: 0.05562273276904474
height: 0.02423723980610208
Area: 0.0004914452778096712
CentroidX: 0.1865
CentroidY: 0.1230
