Location: Dedata_27.png_Gaussian-Closing.png
Component: component_1755505442927_56.png
centerX: 0.5100806451612904
centerY: 0.13878597891137076
width: 0.04959677419354839
height: 0.026788258763180393
Area: 0.0004886053374272607
CentroidX: 0.5319
CentroidY: 0.1524
