Location: internet_31.png_Mean-Medain.png
Component: component_1755077728121_79.png
centerX: 0.23216444981862153
centerY: 0.24721984602224123
width: 0.04877065699314793
height: 0.027944111776447105
Area: 0.0005459226074826796
CentroidX: 0.2584
CentroidY: 0.2605
