Location: internet_31.png_Mean-Closing.png
Component: component_1755077728275_185.png
centerX: 0.37807335751713017
centerY: 0.6447105788423154
width: 0.04554615074566707
height: 0.03165098374679213
Area: 0.0006739558253217754
CentroidX: 0.4017
CentroidY: 0.6597
