Location: Dedata_27.png_Mean-Medain.png
Component: component_1755505443110_28.png
centerX: 0.6516129032258065
centerY: 0.056141350812197205
width: 0.042741935483870966
height: 0.029068110572812767
Area: 0.0005266411715496558
CentroidX: 0.6701
CentroidY: 0.0716
