Location: internet_31.png_Mean-Closing.png
Component: component_1755077728266_147.png
centerX: 0.07577589681580008
centerY: 0.5004277159965783
width: 0.04836759371221282
height: 0.026803535785571715
Area: 0.00048753762125084777
CentroidX: 0.1024
CentroidY: 0.5130
