Location: internet_31.png_Gaussian-Median.png
Component: component_1755077728015_128.png
centerX: 0.010479645304312777
centerY: 0.3481608212147134
width: 0.03990326481257558
height: 0.025377815796977475
Area: 0.00041444145738579844
CentroidX: 0.0291
CentroidY: 0.3620
