Location: Dedata_27.png_Mean-Medain.png
Component: component_1755505443212_220.png
centerX: 0.6084677419354839
centerY: 0.5998860074095184
width: 0.052016129032258066
height: 0.021658592191507554
Area: 0.00040115739251142226
CentroidX: 0.6338
CentroidY: 0.6112
