Location: internet_31.png_Mean-Closing.png
Component: component_1755077728237_25.png
centerX: 0.3317210802095929
centerY: 0.07043056743655546
width: 0.053607416364369206
height: 0.02480752780153978
Area: 0.0005184540804956564
CentroidX: 0.3601
CentroidY: 0.0823
