Location: internet_31.png_Mean-Medain.png
Component: component_1755077728150_219.png
centerX: 0.3675937122128174
centerY: 0.7005988023952096
width: 0.042724707779121324
height: 0.02765896777872826
Area: 0.0006170649430683172
CentroidX: 0.3890
CentroidY: 0.7139
