Location: internet_31.png_Mean-Medain.png
Component: component_1755077728149_217.png
centerX: 0.22732769044740025
centerY: 0.699743370402053
width: 0.04514308746473196
height: 0.03051040775591674
Area: 0.0007113084247811167
CentroidX: 0.2488
CentroidY: 0.7149
