Location: Dedata_27.png_Mean-Medain.png
Component: component_1755505443152_122.png
centerX: 0.6512096774193549
centerY: 0.3274437161584497
width: 0.049193548387096775
height: 0.023938444001139925
Area: 0.0004952702267900974
CentroidX: 0.6744
CentroidY: 0.3401
