Location: Dedata_27.png_Gaussian-Closing.png
Component: component_1755505442916_17.png
centerX: 0.4544354838709677
centerY: 0.02080364776289541
width: 0.036290322580645164
height: 0.0262182958107723
Area: 0.0005179078682466285
CentroidX: 0.4725
CentroidY: 0.0343
