Location: Dedata_27.png_Mean-Closing.png
Component: component_1755505443436_196.png
centerX: 0.2346774193548387
centerY: 0.5445996010259333
width: 0.052016129032258066
height: 0.02336848104873183
Area: 0.00043091957087305454
CentroidX: 0.2591
CentroidY: 0.5571
