Location: Dedata_27.png_Gaussian-Closing.png
Component: component_1755505442960_163.png
centerX: 0.519758064516129
centerY: 0.45112567683100596
width: 0.05
height: 0.018808777429467086
Area: 0.0003715101260353561
CentroidX: 0.5432
CentroidY: 0.4605
