Location: Dedata_27.png_Mean-Closing.png
Component: component_1755505443461_243.png
centerX: 0.5375
centerY: 0.6816756910800797
width: 0.04879032258064516
height: 0.022513536620119692
Area: 0.00041586611386388916
CentroidX: 0.5614
CentroidY: 0.6937
