Location: internet_31.png_Gaussian-Closing.png
Component: component_1755077728390_67.png
centerX: 0.3970173317210802
centerY: 0.20045623039635016
width: 0.04796453043127771
height: 0.028514399771884802
Area: 0.0005385670186660709
CentroidX: 0.4221
CentroidY: 0.2139
