Location: internet_31.png_Gaussian-Median.png
Component: component_1755077728033_238.png
centerX: 0.9343006852075776
centerY: 0.6324493869404049
width: 0.04675534058847239
height: 0.03136583974907328
Area: 0.0006951031431695255
CentroidX: 0.9562
CentroidY: 0.6484
