Location: internet_31.png_Mean-Closing.png
Component: component_1755077728272_170.png
centerX: 0.37444578798871425
centerY: 0.5953806672369547
width: 0.04675534058847239
height: 0.0290846877673225
Area: 0.0006842996220951315
CentroidX: 0.3995
CentroidY: 0.6094
