Location: Dedata_27.png_Gaussian-Median.png
Component: component_1755505442830_285.png
centerX: 0.09717741935483871
centerY: 0.7950983186092904
width: 0.04435483870967742
height: 0.024793388429752067
Area: 0.00041621084952058764
CentroidX: 0.1182
CentroidY: 0.8086
