Location: Dedata_27.png_Mean-Closing.png
Component: component_1755505443420_153.png
centerX: 0.30443548387096775
centerY: 0.41835280706754063
width: 0.049193548387096775
height: 0.021658592191507554
Area: 0.0004367800770369281
CentroidX: 0.3278
CentroidY: 0.4294
