Location: internet_31.png_Gaussian-Closing.png
Component: component_1755077728508_190.png
centerX: 0.37807335751713017
centerY: 0.6447105788423154
width: 0.04554615074566707
height: 0.03165098374679213
Area: 0.0006522338520977278
CentroidX: 0.4015
CentroidY: 0.6598
