Location: internet_31.png_Mean-Closing.png
Component: component_1755077728271_168.png
centerX: 0.513099556630391
centerY: 0.5885372112917023
width: 0.051592099959693674
height: 0.032506415739948676
Area: 0.0007427995394022228
CentroidX: 0.5410
CentroidY: 0.6046
