Location: Dedata_27.png_Mean-Closing.png
Component: component_1755505443380_37.png
centerX: 0.13346774193548386
centerY: 0.09204901681390709
width: 0.04233870967741935
height: 0.025648332858364205
Area: 0.00047941238658196893
CentroidX: 0.1517
CentroidY: 0.1056
