Location: internet_31.png_Mean-Closing.png
Component: component_1755077728284_222.png
centerX: 0.6420798065296252
centerY: 0.7912745936698032
width: 0.042724707779121324
height: 0.029940119760479042
Area: 0.0006338448800562059
CentroidX: 0.6631
CentroidY: 0.8059
