Location: Dedata_27.png_Gaussian-Median.png
Component: component_1755505442833_288.png
centerX: 0.6092741935483871
centerY: 0.8056426332288401
width: 0.05887096774193548
height: 0.025648332858364205
Area: 0.00041816435157521214
CentroidX: 0.6347
CentroidY: 0.8191
