Location: Dedata_27.png_Gaussian-Median.png
Component: component_1755505442579_25.png
centerX: 0.3814516129032258
centerY: 0.05272157309774864
width: 0.04032258064516129
height: 0.02707324023938444
Area: 0.0005086000055157705
CentroidX: 0.4003
CentroidY: 0.0672
