Location: Dedata_27.png_Mean-Closing.png
Component: component_1755505443420_152.png
centerX: 0.3790322580645161
centerY: 0.41293815901966374
width: 0.04959677419354839
height: 0.020518666286691366
Area: 0.00043574587006683273
CentroidX: 0.4035
CentroidY: 0.4236
