Location: internet_31.png_Gaussian-Closing.png
Component: component_1755077728504_172.png
centerX: 0.5900846432889963
centerY: 0.5868263473053892
width: 0.04675534058847239
height: 0.029369831765041345
Area: 0.0006447633322058595
CentroidX: 0.6119
CentroidY: 0.6011
