Location: internet_31.png_Mean-Medain.png
Component: component_1755077728150_220.png
centerX: 0.1600161225312374
centerY: 0.7023096663815227
width: 0.046352277307537285
height: 0.029940119760479042
Area: 0.0006780933440311178
CentroidX: 0.1821
CentroidY: 0.7167
