Location: internet_31.png_Gaussian-Median.png
Component: component_1755077728040_271.png
centerX: 0.6936719064893189
centerY: 0.7453664100370687
width: 0.04393389762192664
height: 0.028514399771884802
Area: 0.0006241906697344069
CentroidX: 0.7152
CentroidY: 0.7589
