Location: internet_31.png_Gaussian-Closing.png
Component: component_1755077728490_126.png
centerX: 0.611446997178557
centerY: 0.42258340461933275
width: 0.049979846835953246
height: 0.031936127744510975
Area: 0.0004390367074913339
CentroidX: 0.6388
CentroidY: 0.4372
