Location: Dedata_27.png_Gaussian-Median.png
Component: component_1755505442729_164.png
centerX: 0.7967741935483871
centerY: 0.43317184383015106
width: 0.049193548387096775
height: 0.020518666286691366
Area: 0.00037817501539819267
CentroidX: 0.8202
CentroidY: 0.4443
