Location: Dedata_27.png_Mean-Closing.png
Component: component_1755505443437_197.png
centerX: 0.8524193548387097
centerY: 0.5460245084069536
width: 0.05040322580645161
height: 0.024508406953548018
Area: 0.00042172662002776273
CentroidX: 0.8755
CentroidY: 0.5589
