Location: Dedata_27.png_Gaussian-Median.png
Component: component_1755505442759_193.png
centerX: 0.719758064516129
centerY: 0.5163864348817326
width: 0.04596774193548387
height: 0.022228555143915644
Area: 0.0003821969313930078
CentroidX: 0.7424
CentroidY: 0.5279
