Location: Dedata_27.png_Mean-Closing.png
Component: component_1755505443388_63.png
centerX: 0.8987903225806452
centerY: 0.17583357081789683
width: 0.049193548387096775
height: 0.023083499572527786
Area: 0.0004620606918614806
CentroidX: 0.9206
CentroidY: 0.1875
