Location: internet_31.png_Gaussian-Median.png
Component: component_1755077728049_310.png
centerX: 0.017331721080209594
centerY: 0.8594240091246079
width: 0.041515517936316
height: 0.029654975762760195
Area: 0.0006090197678001514
CentroidX: 0.0371
CentroidY: 0.8733
