Location: Dedata_27.png_Gaussian-Median.png
Component: component_1755505442696_135.png
centerX: 0.016129032258064516
centerY: 0.34910230834995726
width: 0.04758064516129032
height: 0.02080364776289541
Area: 0.00043310289669881133
CentroidX: 0.0374
CentroidY: 0.3602
