Location: internet_31.png_Mean-Medain.png
Component: component_1755077728120_72.png
centerX: 0.9218057234985892
centerY: 0.2292557741659538
width: 0.04433696090286175
height: 0.029654975762760195
Area: 0.0005086849390985978
CentroidX: 0.9442
CentroidY: 0.2443
