Location: internet_31.png_Mean-Medain.png
Component: component_1755077728113_37.png
centerX: 0.558645707376058
centerY: 0.1074992871400057
width: 0.053204353083434096
height: 0.02480752780153978
Area: 0.0005183391494203969
CentroidX: 0.5869
CentroidY: 0.1195
