Location: internet_31.png_Gaussian-Closing.png
Component: component_1755077728391_72.png
centerX: 0.8504635227730754
centerY: 0.23353293413173654
width: 0.04836759371221282
height: 0.03022526375819789
Area: 0.0005119030092058642
CentroidX: 0.8758
CentroidY: 0.2488
