Location: Dedata_27.png_Gaussian-Median.png
Component: component_1755505442577_19.png
centerX: 0.19435483870967743
centerY: 0.047021943573667714
width: 0.0407258064516129
height: 0.02536335138216016
Area: 0.00043333272046994366
CentroidX: 0.2132
CentroidY: 0.0605
