Location: Dedata_27.png_Gaussian-Closing.png
Component: component_1755505442915_11.png
centerX: 0.6620967741935484
centerY: 0.012824166429182103
width: 0.046370967741935484
height: 0.031062980906241093
Area: 0.0006173066492613464
CentroidX: 0.6825
CentroidY: 0.0295
