Location: internet_31.png_Gaussian-Median.png
Component: component_1755077728023_186.png
centerX: 0.5219669488109633
centerY: 0.48731109210151125
width: 0.04796453043127771
height: 0.027944111776447105
Area: 0.0004361634306098461
CentroidX: 0.5481
CentroidY: 0.5013
