Location: internet_31.png_Mean-Closing.png
Component: component_1755077728235_19.png
centerX: 0.5654977831519549
centerY: 0.06700883946392928
width: 0.051592099959693674
height: 0.025377815796977475
Area: 0.0005008696259809511
CentroidX: 0.5921
CentroidY: 0.0792
