Location: internet_31.png_Gaussian-Closing.png
Component: component_1755077728505_176.png
centerX: 0.29866989117291415
centerY: 0.5959509552323924
width: 0.056831922611850064
height: 0.029654975762760195
Area: 0.0006877475543529168
CentroidX: 0.3283
CentroidY: 0.6101
