Location: Dedata_27.png_Gaussian-Closing.png
Component: component_1755505442999_268.png
centerX: 0.5173387096774194
centerY: 0.768595041322314
width: 0.05685483870967742
height: 0.0219435736677116
Area: 0.00038506972853216155
CentroidX: 0.5424
CentroidY: 0.7798
