Location: internet_31.png_Gaussian-Closing.png
Component: component_1755077728396_84.png
centerX: 0.9270455461507456
centerY: 0.2754491017964072
width: 0.037484885126964934
height: 0.02480752780153978
Area: 0.00038249061846365424
CentroidX: 0.9445
CentroidY: 0.2877
