Location: Dedata_27.png_Mean-Closing.png
Component: component_1755505443413_133.png
centerX: 0.6842741935483871
centerY: 0.3650612710173839
width: 0.0467741935483871
height: 0.02536335138216016
Area: 0.0004589580709511946
CentroidX: 0.7063
CentroidY: 0.3776
