Location: internet_31.png_Mean-Closing.png
Component: component_1755077728267_151.png
centerX: 0.7061668681983071
centerY: 0.5295124037639007
width: 0.05038291011688835
height: 0.030795551753635585
Area: 0.0006249951872612235
CentroidX: 0.7337
CentroidY: 0.5434
