Location: internet_31.png_Gaussian-Closing.png
Component: component_1755077728490_124.png
centerX: 0.845626763401854
centerY: 0.4126033646991731
width: 0.0471584038694075
height: 0.02423723980610208
Area: 0.0004181192517941028
CentroidX: 0.8712
CentroidY: 0.4240
