Location: Dedata_27.png_Mean-Medain.png
Component: component_1755505443194_191.png
centerX: 0.719758064516129
centerY: 0.5163864348817326
width: 0.04596774193548387
height: 0.022228555143915644
Area: 0.00040701789867529577
CentroidX: 0.7425
CentroidY: 0.5279
