Location: Dedata_27.png_Mean-Closing.png
Component: component_1755505443377_26.png
centerX: 0.7221774193548387
centerY: 0.05471644343117697
width: 0.04314516129032258
height: 0.029353092049016812
Area: 0.0005605401777916693
CentroidX: 0.7409
CentroidY: 0.0708
