Location: Dedata_27.png_Gaussian-Median.png
Component: component_1755505442591_66.png
centerX: 0.8983870967741936
centerY: 0.1755485893416928
width: 0.04959677419354839
height: 0.02336848104873183
Area: 0.00043517131063900203
CentroidX: 0.9205
CentroidY: 0.1875
