Location: Dedata_27.png_Gaussian-Closing.png
Component: component_1755505442943_106.png
centerX: 0.675
centerY: 0.2889712168709034
width: 0.05040322580645161
height: 0.021373610715303505
Area: 0.00043838884343485414
CentroidX: 0.6972
CentroidY: 0.3007
