Location: Dedata_27.png_Gaussian-Median.png
Component: component_1755505442786_234.png
centerX: 0.09879032258064516
centerY: 0.6320889142205757
width: 0.05806451612903226
height: 0.023083499572527786
Area: 0.0004406870811461771
CentroidX: 0.1260
CentroidY: 0.6438
