Location: Dedata_27.png_Gaussian-Median.png
Component: component_1755505442606_90.png
centerX: 0.21451612903225806
centerY: 0.2299800512966657
width: 0.055645161290322584
height: 0.022228555143915644
Area: 0.0004572343926677024
CentroidX: 0.2379
CentroidY: 0.2412
