Location: internet_31.png_Gaussian-Closing.png
Component: component_1755077728470_117.png
centerX: 0.3067311567916163
centerY: 0.38637011690903905
width: 0.053607416364369206
height: 0.032506415739948676
Area: 0.0006025836275856187
CentroidX: 0.3315
CentroidY: 0.4033
