Location: internet_31.png_Mean-Medain.png
Component: component_1755077728146_198.png
centerX: 0.6533655783958081
centerY: 0.6392928428856572
width: 0.04796453043127771
height: 0.029369831765041345
Area: 0.0007039528359645079
CentroidX: 0.6774
CentroidY: 0.6530
