Location: internet_31.png_Gaussian-Closing.png
Component: component_1755077728353_22.png
centerX: 0.8722289399435711
centerY: 0.06814941545480467
width: 0.058444175735590485
height: 0.02623324779013402
Area: 0.0005032831785614008
CentroidX: 0.9028
CentroidY: 0.0801
