Location: internet_31.png_Gaussian-Closing.png
Component: component_1755077728514_214.png
centerX: 0.4925433293027005
centerY: 0.7473624180211007
width: 0.044740024183796856
height: 0.031080695751354435
Area: 0.0006536130250008418
CentroidX: 0.5160
CentroidY: 0.7612
