Location: Dedata_27.png_Mean-Closing.png
Component: component_1755505443378_30.png
centerX: 0.44717741935483873
centerY: 0.060701054431461954
width: 0.04435483870967742
height: 0.0262182958107723
Area: 0.0005600805302494047
CentroidX: 0.4662
CentroidY: 0.0743
