Location: Dedata_27.png_Mean-Closing.png
Component: component_1755505443473_269.png
centerX: 0.5173387096774194
centerY: 0.768595041322314
width: 0.05685483870967742
height: 0.0219435736677116
Area: 0.0004241397696246518
CentroidX: 0.5425
CentroidY: 0.7798
