Location: internet_31.png_Mean-Medain.png
Component: component_1755077728121_75.png
centerX: 0.7061668681983071
centerY: 0.24066153407470772
width: 0.04796453043127771
height: 0.026803535785571715
Area: 0.0005373027768382163
CentroidX: 0.7314
CentroidY: 0.2536
