Location: Dedata_27.png_Mean-Closing.png
Component: component_1755505443382_42.png
centerX: 0.8120967741935484
centerY: 0.09746366486178398
width: 0.04596774193548387
height: 0.025933314334568254
Area: 0.0005227341674404067
CentroidX: 0.8323
CentroidY: 0.1107
