Location: Dedata_27.png_Gaussian-Closing.png
Component: component_1755505442998_267.png
centerX: 0.594758064516129
centerY: 0.762610430322029
width: 0.05524193548387097
height: 0.02365346252493588
Area: 0.0004003530093124592
CentroidX: 0.6196
CentroidY: 0.7753
