Location: internet_31.png_Gaussian-Median.png
Component: component_1755077727999_58.png
centerX: 0.4921402660217654
centerY: 0.15055603079555174
width: 0.053204353083434096
height: 0.02594810379241517
Area: 0.00047569972049911805
CentroidX: 0.5222
CentroidY: 0.1641
