Location: Dedata_27.png_Mean-Closing.png
Component: component_1755505443474_271.png
centerX: 0.37701612903225806
centerY: 0.7822741521801083
width: 0.04798387096774193
height: 0.021658592191507554
Area: 0.0004231055626545565
CentroidX: 0.3993
CentroidY: 0.7939
