Location: internet_31.png_Gaussian-Closing.png
Component: component_1755077728498_141.png
centerX: 0.5993550987505039
centerY: 0.48502994011976047
width: 0.051592099959693674
height: 0.026518391787852865
Area: 0.00045271350544721575
CentroidX: 0.6273
CentroidY: 0.4982
