Location: internet_31.png_Gaussian-Median.png
Component: component_1755077727999_60.png
centerX: 0.004433696090286175
centerY: 0.15283718277730254
width: 0.05199516324062878
height: 0.02281151981750784
Area: 0.00043627836168510565
CentroidX: 0.0316
CentroidY: 0.1635
