Location: Dedata_27.png_Gaussian-Median.png
Component: component_1755505442657_129.png
centerX: 0.5116935483870968
centerY: 0.3348532345397549
width: 0.04516129032258064
height: 0.022798518096323737
Area: 0.0004301151876740915
CentroidX: 0.5333
CentroidY: 0.3461
