Location: internet_31.png_Gaussian-Closing.png
Component: component_1755077728428_105.png
centerX: 0.22893994357114067
centerY: 0.34530938123752497
width: 0.04514308746473196
height: 0.026518391787852865
Area: 0.00046558578587628107
CentroidX: 0.2532
CentroidY: 0.3578
