Location: Dedata_27.png_Gaussian-Median.png
Component: component_1755505442608_92.png
centerX: 0.07943548387096774
centerY: 0.23282986605870618
width: 0.04798387096774193
height: 0.021373610715303505
Area: 0.0004294257163606946
CentroidX: 0.1018
CentroidY: 0.2434
