Location: internet_31.png_Gaussian-Closing.png
Component: component_1755077728404_89.png
centerX: 0.39500201531640466
centerY: 0.28999144568006846
width: 0.04675534058847239
height: 0.026518391787852865
Area: 0.00044823119351209486
CentroidX: 0.4207
CentroidY: 0.3030
