Location: Dedata_27.png_Gaussian-Closing.png
Component: component_1755505442963_172.png
centerX: 0.09798387096774193
centerY: 0.47477913935594185
width: 0.05685483870967742
height: 0.02108862923909946
Area: 0.0003933433842929242
CentroidX: 0.1237
CentroidY: 0.4851
