Location: internet_31.png_Mean-Medain.png
Component: component_1755077728125_96.png
centerX: 0.14550584441757355
centerY: 0.29369831765041343
width: 0.049576783555018135
height: 0.026518391787852865
Area: 0.0005347742931825069
CentroidX: 0.1728
CentroidY: 0.3070
