Location: internet_31.png_Gaussian-Closing.png
Component: component_1755077728387_61.png
centerX: 0.7077791213220476
centerY: 0.19332763045337895
width: 0.049979846835953246
height: 0.03136583974907328
Area: 0.0005532781962992884
CentroidX: 0.7350
CentroidY: 0.2072
