Location: Dedata_27.png_Gaussian-Closing.png
Component: component_1755505442970_196.png
centerX: 0.8524193548387097
centerY: 0.5460245084069536
width: 0.05040322580645161
height: 0.024793388429752067
Area: 0.00039977844988462846
CentroidX: 0.8755
CentroidY: 0.5589
