Location: internet_31.png_Gaussian-Closing.png
Component: component_1755077728515_222.png
centerX: 0.12575574365175332
centerY: 0.7533504419731964
width: 0.045949214026602174
height: 0.0290846877673225
Area: 0.0006367181569376937
CentroidX: 0.1491
CentroidY: 0.7672
