Location: Dedata_27.png_Mean-Closing.png
Component: component_1755505443393_80.png
centerX: 0.6665322580645161
centerY: 0.21687090339127957
width: 0.049193548387096775
height: 0.022228555143915644
Area: 0.0004449388209121246
CentroidX: 0.6885
CentroidY: 0.2282
