Location: internet_31.png_Gaussian-Median.png
Component: component_1755077727999_63.png
centerX: 0.15880693268843207
centerY: 0.15483319076133448
width: 0.06166868198307134
height: 0.022241231822070145
Area: 0.00045834512813493184
CentroidX: 0.1919
CentroidY: 0.1650
