Location: Dedata_27.png_Gaussian-Closing.png
Component: component_1755505443000_270.png
centerX: 0.37701612903225806
centerY: 0.7822741521801083
width: 0.04798387096774193
height: 0.021658592191507554
Area: 0.0003848399047610292
CentroidX: 0.3994
CentroidY: 0.7939
