Location: internet_31.png_Mean-Closing.png
Component: component_1755077728287_237.png
centerX: 0.6162837565497783
centerY: 0.851725121186199
width: 0.04433696090286175
height: 0.030795551753635585
Area: 0.0006725766524186612
CentroidX: 0.6382
CentroidY: 0.8664
