Location: Dedata_27.png_Gaussian-Closing.png
Component: component_1755505442967_186.png
centerX: 0.02379032258064516
centerY: 0.5163864348817326
width: 0.04596774193548387
height: 0.0219435736677116
Area: 0.0003878276137857491
CentroidX: 0.0453
CentroidY: 0.5266
