Location: Dedata_27.png_Mean-Closing.png
Component: component_1755505443480_286.png
centerX: 0.16169354838709676
centerY: 0.8327158734682245
width: 0.052016129032258066
height: 0.022513536620119692
Area: 0.00041816435157521214
CentroidX: 0.1847
CentroidY: 0.8449
