Location: internet_31.png_Gaussian-Median.png
Component: component_1755077728027_204.png
centerX: 0.5570334542523177
centerY: 0.5340747077274023
width: 0.05239822652156389
height: 0.02879954376960365
Area: 0.0006079853881228158
CentroidX: 0.5860
CentroidY: 0.5485
