Location: Dedata_27.png_Gaussian-Median.png
Component: component_1755505442596_82.png
centerX: 0.7415322580645162
centerY: 0.21544599601025932
width: 0.054838709677419356
height: 0.021658592191507554
Area: 0.000434366927440039
CentroidX: 0.7652
CentroidY: 0.2270
