Location: internet_31.png_Gaussian-Closing.png
Component: component_1755077728361_40.png
centerX: 0.3252720677146312
centerY: 0.1151981750784146
width: 0.05763804917372027
height: 0.021670943826632448
Area: 0.000464896199424724
CentroidX: 0.3556
CentroidY: 0.1250
