Location: Dedata_27.png_Gaussian-Median.png
Component: component_1755505442776_229.png
centerX: 0.31733870967741934
centerY: 0.6192647477913935
width: 0.04798387096774193
height: 0.023083499572527786
Area: 0.0003887469088702783
CentroidX: 0.3411
CentroidY: 0.6312
