Location: internet_31.png_Gaussian-Closing.png
Component: component_1755077728411_94.png
centerX: 0.01007658202337767
centerY: 0.29654975762760194
width: 0.042724707779121324
height: 0.02480752780153978
Area: 0.0004689187870588069
CentroidX: 0.0325
CentroidY: 0.3090
