Location: internet_31.png_Gaussian-Closing.png
Component: component_1755077728505_178.png
centerX: 0.14913341394598953
centerY: 0.5982321072141431
width: 0.053607416364369206
height: 0.02879954376960365
Area: 0.0006788978615579344
CentroidX: 0.1792
CentroidY: 0.6116
