Location: internet_31.png_Gaussian-Median.png
Component: component_1755077727988_12.png
centerX: 0.4248286981056026
centerY: 0.015397775876817793
width: 0.05441354292623942
height: 0.025092671799258625
Area: 0.0005109835606037881
CentroidX: 0.4535
CentroidY: 0.0278
