Location: Dedata_27.png_Mean-Closing.png
Component: component_1755505443418_145.png
centerX: 0.847983870967742
centerY: 0.39469934454260475
width: 0.049193548387096775
height: 0.02080364776289541
Area: 0.0004156362900927569
CentroidX: 0.8707
CentroidY: 0.4051
