Location: Dedata_27.png_Mean-Closing.png
Component: component_1755505443412_131.png
centerX: 0.817741935483871
centerY: 0.35708178968367055
width: 0.04879032258064516
height: 0.023083499572527786
Area: 0.00045907298283676075
CentroidX: 0.8414
CentroidY: 0.3687
