Location: internet_31.png_Mean-Medain.png
Component: component_1755077728112_35.png
centerX: 0.6368399838774688
centerY: 0.10635871114913031
width: 0.05642885933091495
height: 0.023381807812945538
Area: 0.000510064112001712
CentroidX: 0.6667
CentroidY: 0.1172
