Location: Dedata_27.png_Mean-Closing.png
Component: component_1755505443440_207.png
centerX: 0.8927419354838709
centerY: 0.579082359646623
width: 0.05040322580645161
height: 0.024793388429752067
Area: 0.0004226459151122919
CentroidX: 0.9169
CentroidY: 0.5918
