Location: Dedata_27.png_Mean-Closing.png
Component: component_1755505443410_125.png
centerX: 0.3
centerY: 0.34283271587346825
width: 0.04233870967741935
height: 0.0219435736677116
Area: 0.00044447917336986
CentroidX: 0.3201
CentroidY: 0.3539
