Location: internet_31.png_Mean-Medain.png
Component: component_1755077728134_140.png
centerX: 0.14953647722692462
centerY: 0.44568006843455943
width: 0.04554615074566707
height: 0.028229255774165955
Area: 0.0004459325720069046
CentroidX: 0.1742
CentroidY: 0.4587
