Location: internet_31.png_Mean-Medain.png
Component: component_1755077728109_17.png
centerX: 0.7202740830310359
centerY: 0.06615340747077274
width: 0.053607416364369206
height: 0.025377815796977475
Area: 0.0005186839426461753
CentroidX: 0.7471
CentroidY: 0.0775
