Location: Dedata_27.png_Gaussian-Closing.png
Component: component_1755505442958_155.png
centerX: 0.9310483870967742
centerY: 0.4263322884012539
width: 0.0467741935483871
height: 0.025078369905956112
Area: 0.0004016170400536868
CentroidX: 0.9510
CentroidY: 0.4393
