Location: Dedata_27.png_Mean-Closing.png
Component: component_1755505443411_129.png
centerX: 0.016129032258064516
centerY: 0.34910230834995726
width: 0.04758064516129032
height: 0.02080364776289541
Area: 0.0004704492595078094
CentroidX: 0.0374
CentroidY: 0.3602
