Location: Dedata_27.png_Gaussian-Closing.png
Component: component_1755505442926_51.png
centerX: 0.4383064516129032
centerY: 0.13679110857794244
width: 0.05120967741935484
height: 0.0262182958107723
Area: 0.0004891798968550916
CentroidX: 0.4612
CentroidY: 0.1497
