Location: Dedata_27.png_Gaussian-Median.png
Component: component_1755505442616_97.png
centerX: 0.6274193548387097
centerY: 0.25505842120262184
width: 0.056451612903225805
height: 0.019948703334283273
Area: 0.00032221292712747863
CentroidX: 0.6506
CentroidY: 0.2655
