Location: internet_31.png_Mean-Medain.png
Component: component_1755077728150_221.png
centerX: 0.08948004836759371
centerY: 0.7037353863701169
width: 0.045949214026602174
height: 0.03051040775591674
Area: 0.0006910805555354426
CentroidX: 0.1118
CentroidY: 0.7184
