Location: Dedata_27.png_Mean-Closing.png
Component: component_1755505443398_95.png
centerX: 0.5495967741935484
centerY: 0.2573382730122542
width: 0.05766129032258065
height: 0.02365346252493588
Area: 0.0005204359297290837
CentroidX: 0.5757
CentroidY: 0.2694
