Location: internet_31.png_Mean-Closing.png
Component: component_1755077728234_16.png
centerX: 0.720677146311971
centerY: 0.06615340747077274
width: 0.053204353083434096
height: 0.025377815796977475
Area: 0.000509374525550155
CentroidX: 0.7470
CentroidY: 0.0774
