Location: internet_31.png_Mean-Medain.png
Component: component_1755077728160_261.png
centerX: 0.29020556227327693
centerY: 0.8565725691474194
width: 0.04433696090286175
height: 0.027944111776447105
Area: 0.0006269490155406352
CentroidX: 0.3117
CentroidY: 0.8701
