Location: internet_31.png_Gaussian-Closing.png
Component: component_1755077728490_125.png
centerX: 0.6956872228939943
centerY: 0.4185913886512689
width: 0.04877065699314793
height: 0.029654975762760195
Area: 0.0004439787437274929
CentroidX: 0.7214
CentroidY: 0.4318
