Location: internet_31.png_Mean-Medain.png
Component: component_1755077728117_57.png
centerX: 0.3305118903667876
centerY: 0.1585400627316795
width: 0.05562273276904474
height: 0.023666951810664385
Area: 0.0005125925956574213
CentroidX: 0.3601
CentroidY: 0.1700
