Location: Dedata_27.png_Gaussian-Median.png
Component: component_1755505442637_115.png
centerX: 0.4004032258064516
centerY: 0.30407523510971785
width: 0.05
height: 0.019663721858079224
Area: 0.0004422958475441032
CentroidX: 0.4227
CentroidY: 0.3141
