Location: Dedata_27.png_Gaussian-Median.png
Component: component_1755505442685_134.png
centerX: 0.08548387096774193
centerY: 0.347392419492733
width: 0.04959677419354839
height: 0.021373610715303505
Area: 0.0004396528741760818
CentroidX: 0.1076
CentroidY: 0.3585
