Location: internet_31.png_Mean-Medain.png
Component: component_1755077728119_65.png
centerX: 0.15679161628375654
centerY: 0.19846022241231823
width: 0.05038291011688835
height: 0.026803535785571715
Area: 0.0004909855535086331
CentroidX: 0.1841
CentroidY: 0.2118
