Location: internet_31.png_Mean-Closing.png
Component: component_1755077728257_111.png
centerX: 0.6207174526400645
centerY: 0.37610493299116055
width: 0.04232164449818621
height: 0.0290846877673225
Area: 0.00044156519114704317
CentroidX: 0.6428
CentroidY: 0.3900
