Location: Dedata_27.png_Mean-Medain.png
Component: component_1755505443273_291.png
centerX: 0.23266129032258065
centerY: 0.8335708178968367
width: 0.04717741935483871
height: 0.020518666286691366
Area: 0.00040989069581444946
CentroidX: 0.2527
CentroidY: 0.8447
