Location: Dedata_27.png_Mean-Closing.png
Component: component_1755505443387_57.png
centerX: 0.22903225806451613
centerY: 0.1396409233399829
width: 0.04758064516129032
height: 0.027358221715588486
Area: 0.0005250324051517297
CentroidX: 0.2497
CentroidY: 0.1529
