Location: Dedata_27.png_Gaussian-Median.png
Component: component_1755505442628_105.png
centerX: 0.017741935483870968
centerY: 0.27329723567968084
width: 0.05040322580645161
height: 0.021373610715303505
Area: 0.00043838884343485414
CentroidX: 0.0421
CentroidY: 0.2837
