Location: Dedata_27.png_Gaussian-Closing.png
Component: component_1755505442922_37.png
centerX: 0.19556451612903225
centerY: 0.08919920205186663
width: 0.04112903225806452
height: 0.027643203191792535
Area: 0.0004349414868678697
CentroidX: 0.2138
CentroidY: 0.1039
