Location: internet_31.png_Gaussian-Median.png
Component: component_1755077728004_84.png
centerX: 0.7791213220475615
centerY: 0.23353293413173654
width: 0.05239822652156389
height: 0.031080695751354435
Area: 0.0005783331707058619
CentroidX: 0.8075
CentroidY: 0.2491
