Location: internet_31.png_Gaussian-Median.png
Component: component_1755077728033_240.png
centerX: 0.7255139056831923
centerY: 0.6372968349016254
width: 0.0471584038694075
height: 0.029940119760479042
Area: 0.0006706228241392495
CentroidX: 0.7485
CentroidY: 0.6515
