Location: Dedata_27.png_Mean-Closing.png
Component: component_1755505443477_279.png
centerX: 0.02661290322580645
centerY: 0.7999430037047592
width: 0.04758064516129032
height: 0.02336848104873183
Area: 0.0004440195258275954
CentroidX: 0.0489
CentroidY: 0.8121
