Location: internet_31.png_Mean-Medain.png
Component: component_1755077728107_7.png
centerX: 0.1954856912535268
centerY: 0.015397775876817793
width: 0.05763804917372027
height: 0.02623324779013402
Area: 0.0006253399804870021
CentroidX: 0.2252
CentroidY: 0.0276
