Location: internet_31.png_Gaussian-Closing.png
Component: component_1755077728521_247.png
centerX: 0.3542926239419589
centerY: 0.8560022811519817
width: 0.04312777106005643
height: 0.027944111776447105
Area: 0.0006013193857577642
CentroidX: 0.3755
CentroidY: 0.8695
