Location: internet_31.png_Mean-Medain.png
Component: component_1755077728145_197.png
centerX: 0.7251108424022572
centerY: 0.6372968349016254
width: 0.0475614671503426
height: 0.029940119760479042
Area: 0.000694758349943747
CentroidX: 0.7486
CentroidY: 0.6515
