Location: Dedata_27.png_Gaussian-Median.png
Component: component_1755505442837_297.png
centerX: 0.0939516129032258
centerY: 0.8367056141350813
width: 0.04798387096774193
height: 0.022228555143915644
Area: 0.00039518197446198255
CentroidX: 0.1161
CentroidY: 0.8478
