Location: Dedata_27.png_Mean-Medain.png
Component: component_1755505443127_67.png
centerX: 0.692741935483871
centerY: 0.18039327443716158
width: 0.04717741935483871
height: 0.025078369905956112
Area: 0.00046263525128931133
CentroidX: 0.7132
CentroidY: 0.1939
