Location: Dedata_27.png_Mean-Closing.png
Component: component_1755505443458_236.png
centerX: 0.8153225806451613
centerY: 0.6640068395554289
width: 0.053629032258064514
height: 0.02365346252493588
Area: 0.0004462028516533522
CentroidX: 0.8391
CentroidY: 0.6761
