Location: Dedata_27.png_Gaussian-Median.png
Component: component_1755505442732_168.png
centerX: 0.5870967741935483
centerY: 0.4442861214021089
width: 0.04596774193548387
height: 0.021373610715303505
Area: 0.0003686373288962024
CentroidX: 0.6090
CentroidY: 0.4551
