Location: internet_31.png_Mean-Medain.png
Component: component_1755077728160_259.png
centerX: 0.4191858121725111
centerY: 0.8562874251497006
width: 0.039500201531640466
height: 0.027944111776447105
Area: 0.0005825856204904637
CentroidX: 0.4380
CentroidY: 0.8692
