Location: Dedata_27.png_Mean-Closing.png
Component: component_1755505443439_205.png
centerX: 0.4459677419354839
centerY: 0.567683100598461
width: 0.05403225806451613
height: 0.025933314334568254
Area: 0.0004792974746964028
CentroidX: 0.4703
CentroidY: 0.5809
