Location: internet_31.png_Gaussian-Median.png
Component: component_1755077728018_152.png
centerX: 0.08020959290608626
centerY: 0.401482748788138
width: 0.045949214026602174
height: 0.024522383803820928
Area: 0.00040432752276296145
CentroidX: 0.1035
CentroidY: 0.4128
