Location: internet_31.png_Mean-Closing.png
Component: component_1755077728275_188.png
centerX: 0.15840386940749698
centerY: 0.6464214428286285
width: 0.045949214026602174
height: 0.03051040775591674
Area: 0.0007617631668200422
CentroidX: 0.1801
CentroidY: 0.6616
