Location: internet_31.png_Gaussian-Closing.png
Component: component_1755077728466_110.png
centerX: 0.8428053204353083
centerY: 0.36241802110065585
width: 0.045949214026602174
height: 0.02480752780153978
Area: 0.0003901910005060415
CentroidX: 0.8673
CentroidY: 0.3751
