Location: Dedata_27.png_Gaussian-Closing.png
Component: component_1755505442928_57.png
centerX: 0.01653225806451613
centerY: 0.13992590481618694
width: 0.04959677419354839
height: 0.024508406953548018
Area: 0.0004797571222386674
CentroidX: 0.0382
CentroidY: 0.1524
