Location: internet_31.png_Mean-Closing.png
Component: component_1755077728287_234.png
centerX: 0.9201934703748489
centerY: 0.8451668092386655
width: 0.044740024183796856
height: 0.0290846877673225
Area: 0.0006151111147889055
CentroidX: 0.9414
CentroidY: 0.8591
