Location: Dedata_27.png_Mean-Closing.png
Component: component_1755505443454_228.png
centerX: 0.632258064516129
centerY: 0.6340837845540039
width: 0.05846774193548387
height: 0.022228555143915644
Area: 0.00045826859963779776
CentroidX: 0.6577
CentroidY: 0.6463
