Location: Dedata_27.png_Gaussian-Median.png
Component: component_1755505442575_10.png
centerX: 0.5939516129032258
centerY: 0.012254203476774009
width: 0.04233870967741935
height: 0.031062980906241093
Area: 0.0006345434320962686
CentroidX: 0.6124
CentroidY: 0.0286
