Location: Dedata_3.png_Mean-Medain.png
Component: component_1755523486075_57.png
centerX: 0.7576612903225807
centerY: 0.15275007124536905
width: 0.04596774193548387
height: 0.021658592191507554
Area: 0.0004536721242151518
CentroidX: 0.7786
CentroidY: 0.1618
