Location: Dedata_3.png_Gaussian-Closing.png
Component: component_1755523487015_173.png
centerX: 0.3209677419354839
centerY: 0.5371900826446281
width: 0.0467741935483871
height: 0.019948703334283273
Area: 0.000515954366192004
CentroidX: 0.3431
CentroidY: 0.5460
