Location: Dedata_3.png_Mean-Medain.png
Component: component_1755523486113_240.png
centerX: 0.2536290322580645
centerY: 0.7534910230834996
width: 0.05282258064516129
height: 0.02336848104873183
Area: 0.0005772024011987608
CentroidX: 0.2798
CentroidY: 0.7629
