Location: Dedata_3.png_Otsu.png
Component: component_1755523486854_130.png
centerX: 0.010887096774193548
centerY: 0.2958107722998005
width: 0.04717741935483871
height: 0.019663721858079224
Area: 0.0004156362900927569
CentroidX: 0.0344
CentroidY: 0.3032
