Location: Dedata_3.png_Mean-Closing.png
Component: component_1755523486594_148.png
centerX: 0.3350806451612903
centerY: 0.4525505842120262
width: 0.052016129032258066
height: 0.024793388429752067
Area: 0.0006177662968036109
CentroidX: 0.3601
CentroidY: 0.4625
