Location: Dedata_3.png_Gaussian-Closing.png
Component: component_1755523486987_59.png
centerX: 0.5963709677419354
centerY: 0.15588486748361358
width: 0.042741935483870966
height: 0.01567398119122257
Area: 0.0003163524209636051
CentroidX: 0.6189
CentroidY: 0.1618
