Location: Dedata_3.png_Otsu.png
Component: component_1755523486854_133.png
centerX: 0.6568548387096774
centerY: 0.30578512396694213
width: 0.05120967741935484
height: 0.020233684810487318
Area: 0.0004987175833570818
CentroidX: 0.6822
CentroidY: 0.3136
