Location: Dedata_3.png_Otsu.png
Component: component_1755523486918_277.png
centerX: 0.41088709677419355
centerY: 0.7945283556568823
width: 0.050806451612903224
height: 0.022513536620119692
Area: 0.0004698747000799787
CentroidX: 0.4356
CentroidY: 0.8027
