Location: Dedata_3.png_Otsu.png
Component: component_1755523486915_268.png
centerX: 0.9314516129032258
centerY: 0.7574807637503562
width: 0.04959677419354839
height: 0.025648332858364205
Area: 0.000527675378519751
CentroidX: 0.9552
CentroidY: 0.7676
