Location: Dedata_3.png_Gaussian-Closing.png
Component: component_1755523487019_189.png
centerX: 0.16491935483870968
centerY: 0.5936164149330293
width: 0.03508064516129032
height: 0.021373610715303505
Area: 0.00045562562626977636
CentroidX: 0.1829
CentroidY: 0.6029
