Location: Dedata_3.png_Mean-Closing.png
Component: component_1755523486689_190.png
centerX: 0.6395161290322581
centerY: 0.5944713593616415
width: 0.05040322580645161
height: 0.025648332858364205
Area: 0.0006119057906397374
CentroidX: 0.6645
CentroidY: 0.6051
