Location: Dedata_3.png_Otsu.png
Component: component_1755523486894_223.png
centerX: 0.885483870967742
centerY: 0.6215445996010259
width: 0.05161290322580645
height: 0.02336848104873183
Area: 0.0004932018128499067
CentroidX: 0.9112
CentroidY: 0.6306
