Location: Dedata_3.png_Gaussian-Closing.png
Component: component_1755523487028_228.png
centerX: 0.5774193548387097
centerY: 0.7298375605585637
width: 0.05161290322580645
height: 0.0219435736677116
Area: 0.000496534257531325
CentroidX: 0.6029
CentroidY: 0.7385
