Location: Dedata_3.png_Mean-Closing.png
Component: component_1755523486585_123.png
centerX: 0.33911290322580645
centerY: 0.36078654887432315
width: 0.05120967741935484
height: 0.022228555143915644
Area: 0.0005639875343586537
CentroidX: 0.3638
CentroidY: 0.3695
