Location: Dedata_3.png_Gaussian-Closing.png
Component: component_1755523486980_30.png
centerX: 0.9129032258064517
centerY: 0.08862923909945854
width: 0.04959677419354839
height: 0.018523795953263037
Area: 0.00042873624504729776
CentroidX: 0.9368
CentroidY: 0.0960
