Location: Dedata_3.png_Gaussian-Closing.png
Component: component_1755523487003_125.png
centerX: 0.24919354838709679
centerY: 0.36620119692220005
width: 0.05040322580645161
height: 0.020233684810487318
Area: 0.00050354388255086
CentroidX: 0.2752
CentroidY: 0.3746
