Location: Dedata_3.png_Mean-Medain.png
Component: component_1755523486066_12.png
centerX: 0.3713709677419355
centerY: 0.01396409233399829
width: 0.06129032258064516
height: 0.026503277286976348
Area: 0.0006797038031237647
CentroidX: 0.4011
CentroidY: 0.0240
