Location: Dedata_3.png_Otsu.png
Component: component_1755523486842_76.png
centerX: 0.7580645161290323
centerY: 0.1530350527215731
width: 0.044758064516129036
height: 0.02108862923909946
Area: 0.00038529955230329384
CentroidX: 0.7788
CentroidY: 0.1616
