Location: Dedata_3.png_Gaussian-Closing.png
Component: component_1755523486976_18.png
centerX: 0.9096774193548387
centerY: 0.05443146195497293
width: 0.05604838709677419
height: 0.023938444001139925
Area: 0.0005826032598203698
CentroidX: 0.9372
CentroidY: 0.0639
