Location: Dedata_3.png_Mean-Medain.png
Component: component_1755523486070_29.png
centerX: 0.9129032258064517
centerY: 0.08862923909945854
width: 0.04959677419354839
height: 0.018523795953263037
Area: 0.0004462028516533522
CentroidX: 0.9369
CentroidY: 0.0960
