Location: Dedata_3.png_Mean-Closing.png
Component: component_1755523486443_48.png
centerX: 0.4157258064516129
centerY: 0.1268167569108008
width: 0.008064516129032258
height: 0.01652892561983471
Area: 0.0001000882523281148
CentroidX: 0.4194
CentroidY: 0.1349
