Location: Dedata_3.png_Gaussian-Closing.png
Component: component_1755523487012_161.png
centerX: 0.3286290322580645
centerY: 0.49501282416642917
width: 0.052016129032258066
height: 0.022513536620119692
Area: 0.0005697331286369612
CentroidX: 0.3538
CentroidY: 0.5046
