Location: Dedata_3.png_Mean-Closing.png
Component: component_1755523486606_170.png
centerX: 0.4883064516129032
centerY: 0.5252208606440582
width: 0.045564516129032256
height: 0.022513536620119692
Area: 0.0005893830610687725
CentroidX: 0.5098
CentroidY: 0.5355
