Location: Dedata_3.png_Mean-Closing.png
Component: component_1755523486543_71.png
centerX: 0.8358870967741936
centerY: 0.18951268167569107
width: 0.04758064516129032
height: 0.02365346252493588
Area: 0.0005504279318618484
CentroidX: 0.8586
CentroidY: 0.1992
