Location: Dedata_3.png_Mean-Medain.png
Component: component_1755523486104_197.png
centerX: 0.013306451612903225
centerY: 0.6001709888857224
width: 0.04758064516129032
height: 0.023938444001139925
Area: 0.00060765405087379
CentroidX: 0.0357
CentroidY: 0.6110
