Location: Dedata_3.png_Mean-Medain.png
Component: component_1755523486107_210.png
centerX: 0.5508064516129032
centerY: 0.6500427472214306
width: 0.052016129032258066
height: 0.023938444001139925
Area: 0.0005985760119140643
CentroidX: 0.5770
CentroidY: 0.6598
