Location: Dedata_3.png_Otsu.png
Component: component_1755523486881_186.png
centerX: 0.8794354838709677
centerY: 0.49045312054716445
width: 0.052016129032258066
height: 0.022228555143915644
Area: 0.0005567480855679864
CentroidX: 0.9048
CentroidY: 0.4999
