Location: Dedata_3.png_Otsu.png
Component: component_1755523486893_218.png
centerX: 0.014112903225806451
centerY: 0.6004559703619264
width: 0.046370967741935484
height: 0.02336848104873183
Area: 0.0005364086818227783
CentroidX: 0.0357
CentroidY: 0.6108
