Location: Dedata_3.png_Mean-Medain.png
Component: component_1755523486091_131.png
centerX: 0.7362903225806452
centerY: 0.38273012254203476
width: 0.04153225806451613
height: 0.02108862923909946
Area: 0.0005068763272322782
CentroidX: 0.7559
CentroidY: 0.3919
