Location: Dedata_3.png_Mean-Closing.png
Component: component_1755523486658_182.png
centerX: 0.4830645161290323
centerY: 0.5691080079794814
width: 0.042741935483870966
height: 0.022228555143915644
Area: 0.0005534156408865681
CentroidX: 0.5044
CentroidY: 0.5789
