Location: Dedata_3.png_Gaussian-Closing.png
Component: component_1755523486988_65.png
centerX: 0.17338709677419356
centerY: 0.17155884867483615
width: 0.0467741935483871
height: 0.018523795953263037
Area: 0.00038920655641254284
CentroidX: 0.1957
CentroidY: 0.1784
