Location: Dedata_3.png_Mean-Closing.png
Component: component_1755523486573_104.png
centerX: 0.010080645161290322
centerY: 0.2955257908235965
width: 0.04879032258064516
height: 0.020233684810487318
Area: 0.0004838939501190487
CentroidX: 0.0347
CentroidY: 0.3034
