Location: Dedata_3.png_Otsu.png
Component: component_1755523486876_175.png
centerX: 0.33548387096774196
centerY: 0.45283556568823025
width: 0.05120967741935484
height: 0.024508406953548018
Area: 0.0005430735711856149
CentroidX: 0.3601
CentroidY: 0.4625
