Location: Dedata_3.png_Gaussian-Closing.png
Component: component_1755523487017_182.png
centerX: 0.4830645161290323
centerY: 0.5693929894556854
width: 0.042741935483870966
height: 0.0219435736677116
Area: 0.0005138859522518133
CentroidX: 0.5042
CentroidY: 0.5789
