Location: Dedata_3.png_Otsu.png
Component: component_1755523486838_59.png
centerX: 0.7701612903225806
centerY: 0.12140210886292391
width: 0.054838709677419356
height: 0.018238814477058992
Area: 0.00037426801128894366
CentroidX: 0.7968
CentroidY: 0.1280
