Location: Dedata_3.png_Otsu.png
Component: component_1755523486878_179.png
centerX: 0.742741935483871
centerY: 0.4628099173553719
width: 0.05120967741935484
height: 0.025078369905956112
Area: 0.0005507726675185468
CentroidX: 0.7675
CentroidY: 0.4736
