Location: Dedata_3.png_Otsu.png
Component: component_1755523486898_236.png
centerX: 0.7983870967741935
centerY: 0.6668566543174693
width: 0.0532258064516129
height: 0.025648332858364205
Area: 0.0005173333088187977
CentroidX: 0.8258
CentroidY: 0.6778
