Location: Dedata_3.png_Otsu.png
Component: component_1755523486887_199.png
centerX: 0.3209677419354839
centerY: 0.5374750641208321
width: 0.0467741935483871
height: 0.01909375890567113
Area: 0.00047688432509951367
CentroidX: 0.3430
CentroidY: 0.5459
