Location: Dedata_3.png_Otsu.png
Component: component_1755523486860_150.png
centerX: 0.3395161290322581
centerY: 0.3613565118267313
width: 0.050806451612903224
height: 0.021373610715303505
Area: 0.00047125364270677244
CentroidX: 0.3637
CentroidY: 0.3692
