Location: Dedata_3.png_Gaussian-Closing.png
Component: component_1755523487007_139.png
centerX: 0.8911290322580645
centerY: 0.4140780849244799
width: 0.04798387096774193
height: 0.023083499572527786
Area: 0.0005568629974535526
CentroidX: 0.9143
CentroidY: 0.4231
