Location: Dedata_3.png_Mean-Closing.png
Component: component_1755523486482_54.png
centerX: 0.675
centerY: 0.15132516386434883
width: 0.04717741935483871
height: 0.018808777429467086
Area: 0.00041103981467011097
CentroidX: 0.6983
CentroidY: 0.1585
