Location: Dedata_3.png_Gaussian-Closing.png
Component: component_1755523487029_231.png
centerX: 0.4165322580645161
centerY: 0.7426617269877458
width: 0.052016129032258066
height: 0.02365346252493588
Area: 0.0005641024462442199
CentroidX: 0.4424
CentroidY: 0.7522
