Location: Dedata_3.png_Mean-Medain.png
Component: component_1755523486079_74.png
centerX: 0.4157258064516129
centerY: 0.1963522371045882
width: 0.052016129032258066
height: 0.020233684810487318
Area: 0.0005739848684029086
CentroidX: 0.4412
CentroidY: 0.2046
