Location: Dedata_3.png_Mean-Medain.png
Component: component_1755523486086_110.png
centerX: 0.49556451612903224
centerY: 0.3149045312054716
width: 0.046370967741935484
height: 0.020233684810487318
Area: 0.0004912483107952822
CentroidX: 0.5178
CentroidY: 0.3230
