Location: Dedata_3.png_Otsu.png
Component: component_1755523486888_205.png
centerX: 0.6423387096774194
centerY: 0.554573952693075
width: 0.05
height: 0.02365346252493588
Area: 0.000518252603903327
CentroidX: 0.6669
CentroidY: 0.5641
