Location: Dedata_3.png_Gaussian-Closing.png
Component: component_1755523486993_84.png
centerX: 0.6701612903225806
centerY: 0.22770019948703335
width: 0.04314516129032258
height: 0.022513536620119692
Area: 0.0004941211079344358
CentroidX: 0.6913
CentroidY: 0.2372
