Location: Dedata_3.png_Otsu.png
Component: component_1755523486873_170.png
centerX: 0.6620967741935484
centerY: 0.4280421772584782
width: 0.05
height: 0.019948703334283273
Area: 0.000501935116152934
CentroidX: 0.6861
CentroidY: 0.4359
