Location: Dedata_3.png_Mean-Medain.png
Component: component_1755523486071_36.png
centerX: 0.25120967741935485
centerY: 0.09660872043317184
width: 0.053629032258064514
height: 0.02080364776289541
Area: 0.0004999816140983095
CentroidX: 0.2766
CentroidY: 0.1050
