Location: Dedata_3.png_Gaussian-Closing.png
Component: component_1755523487025_214.png
centerX: 0.08588709677419355
centerY: 0.6833855799373041
width: 0.04717741935483871
height: 0.02336848104873183
Area: 0.0005751339872585702
CentroidX: 0.1087
CentroidY: 0.6932
