Location: Dedata_3.png_Gaussian-Closing.png
Component: component_1755523486975_9.png
centerX: 0.24233870967741936
centerY: 0.013394129381590196
width: 0.05040322580645161
height: 0.026503277286976348
Area: 0.0006328197538127764
CentroidX: 0.2668
CentroidY: 0.0242
