Location: Dedata_3.png_Gaussian-Closing.png
Component: component_1755523487011_154.png
centerX: 0.09798387096774193
centerY: 0.46480478768880024
width: 0.04717741935483871
height: 0.024223425477343973
Area: 0.000539281478961932
CentroidX: 0.1196
CentroidY: 0.4757
