Location: Dedata_3.png_Mean-Medain.png
Component: component_1755523486114_244.png
centerX: 0.7991935483870968
centerY: 0.7617554858934169
width: 0.04959677419354839
height: 0.025078369905956112
Area: 0.0006059303725902978
CentroidX: 0.8250
CentroidY: 0.7729
