Location: Dedata_3.png_Otsu.png
Component: component_1755523486910_258.png
centerX: 0.10685483870967742
centerY: 0.7249928754630949
width: 0.0467741935483871
height: 0.024508406953548018
Area: 0.0004884904255416946
CentroidX: 0.1298
CentroidY: 0.7352
