Location: Dedata_3.png_Otsu.png
Component: component_1755523486848_107.png
centerX: 0.5883064516129032
centerY: 0.23083499572527785
width: 0.04798387096774193
height: 0.022513536620119692
Area: 0.00048136588863659344
CentroidX: 0.6109
CentroidY: 0.2390
