Location: Dedata_3.png_Mean-Closing.png
Component: component_1755523486561_96.png
centerX: 0.5814516129032258
centerY: 0.2727272727272727
width: 0.04838709677419355
height: 0.021373610715303505
Area: 0.0005207806653857822
CentroidX: 0.6049
CentroidY: 0.2812
