Location: Dedata_3.png_Otsu.png
Component: component_1755523486847_101.png
centerX: 0.09435483870967742
centerY: 0.21259618124821886
width: 0.04717741935483871
height: 0.02108862923909946
Area: 0.00041264858106803705
CentroidX: 0.1170
CentroidY: 0.2216
