Location: Dedata_3.png_Mean-Medain.png
Component: component_1755523486114_241.png
centerX: 0.8685483870967742
centerY: 0.7571957822741522
width: 0.044758064516129036
height: 0.024508406953548018
Area: 0.0005511174031752452
CentroidX: 0.8923
CentroidY: 0.7682
