Location: Dedata_3.png_Mean-Closing.png
Component: component_1755523486228_26.png
centerX: 0.33588709677419354
centerY: 0.05956112852664577
width: 0.056451612903225805
height: 0.02108862923909946
Area: 0.0006031724873367102
CentroidX: 0.3638
CentroidY: 0.0676
