Location: Dedata_3.png_Mean-Closing.png
Component: component_1755523486663_187.png
centerX: 0.8024193548387096
centerY: 0.5879167854089484
width: 0.05
height: 0.021658592191507554
Area: 0.0005955883028893444
CentroidX: 0.8278
CentroidY: 0.5973
