Location: Dedata_3.png_Otsu.png
Component: component_1755523486838_62.png
centerX: 0.6903225806451613
centerY: 0.1225420347677401
width: 0.04798387096774193
height: 0.018523795953263037
Area: 0.00034554003989740664
CentroidX: 0.7134
CentroidY: 0.1296
