Location: Dedata_3.png_Mean-Medain.png
Component: component_1755523486087_115.png
centerX: 0.10362903225806451
centerY: 0.33371330863493875
width: 0.04879032258064516
height: 0.020518666286691366
Area: 0.0005327315014846616
CentroidX: 0.1268
CentroidY: 0.3416
