Location: Dedata_3.png_Otsu.png
Component: component_1755523486918_274.png
centerX: 0.6504032258064516
centerY: 0.7754345967512112
width: 0.050806451612903224
height: 0.022228555143915644
Area: 0.0004593028066078931
CentroidX: 0.6757
CentroidY: 0.7844
