Location: Dedata_3.png_Mean-Closing.png
Component: component_1755523486175_3.png
centerX: 0.6201612903225806
centerY: 0.009974351667141636
width: 0.05604838709677419
height: 0.029353092049016812
Area: 0.0007347465963099495
CentroidX: 0.6489
CentroidY: 0.0222
