Location: Dedata_3.png_Mean-Closing.png
Component: component_1755523486598_158.png
centerX: 0.49556451612903224
centerY: 0.4781989170703904
width: 0.05161290322580645
height: 0.024508406953548018
Area: 0.0006205241820571985
CentroidX: 0.5205
CentroidY: 0.4889
