Location: Dedata_3.png_Otsu.png
Component: component_1755523486909_257.png
centerX: 0.18508064516129033
centerY: 0.7215730977486463
width: 0.04717741935483871
height: 0.024223425477343973
Area: 0.0005103236837992627
CentroidX: 0.2087
CentroidY: 0.7312
