Location: Dedata_3.png_Mean-Closing.png
Component: component_1755523486744_239.png
centerX: 0.7254032258064517
centerY: 0.768025078369906
width: 0.050806451612903224
height: 0.023083499572527786
Area: 0.0005520366982597744
CentroidX: 0.7506
CentroidY: 0.7772
