Location: Dedata_3.png_Gaussian-Closing.png
Component: component_1755523487008_142.png
centerX: 0.739516129032258
centerY: 0.4237674551154175
width: 0.039919354838709675
height: 0.019948703334283273
Area: 0.00047699923698507987
CentroidX: 0.7594
CentroidY: 0.4323
