Location: Dedata_3.png_Otsu.png
Component: component_1755523486844_89.png
centerX: 0.09435483870967742
centerY: 0.17326873753206043
width: 0.046370967741935484
height: 0.0176688515246509
Area: 0.00031164103365539307
CentroidX: 0.1166
CentroidY: 0.1798
