Location: Dedata_3.png_Otsu.png
Component: component_1755523486910_260.png
centerX: 0.5774193548387097
centerY: 0.7301225420347678
width: 0.05120967741935484
height: 0.02108862923909946
Area: 0.0004485010893646752
CentroidX: 0.6028
CentroidY: 0.7382
