Location: Dedata_3.png_Otsu.png
Component: component_1755523486843_81.png
centerX: 0.41774193548387095
centerY: 0.1610145340552864
width: 0.044758064516129036
height: 0.01652892561983471
Area: 0.00024326846174353505
CentroidX: 0.4368
CentroidY: 0.1675
