Location: Dedata_3.png_Mean-Medain.png
Component: component_1755523486097_158.png
centerX: 0.5758064516129032
centerY: 0.47221430607010545
width: 0.04879032258064516
height: 0.024793388429752067
Area: 0.0006133996451520974
CentroidX: 0.5992
CentroidY: 0.4832
