Location: Dedata_3.png_Gaussian-Closing.png
Component: component_1755523487020_192.png
centerX: 0.013709677419354839
centerY: 0.6001709888857224
width: 0.0467741935483871
height: 0.023938444001139925
Area: 0.0005731804852039457
CentroidX: 0.0357
CentroidY: 0.6110
