Location: Dedata_3.png_Mean-Medain.png
Component: component_1755523486102_185.png
centerX: 0.5629032258064516
centerY: 0.5594186377885437
width: 0.05
height: 0.024508406953548018
Area: 0.0006089180816150177
CentroidX: 0.5872
CentroidY: 0.5695
