Location: Dedata_3.png_Mean-Medain.png
Component: component_1755523486103_189.png
centerX: 0.31814516129032255
centerY: 0.5779424337418068
width: 0.05040322580645161
height: 0.025648332858364205
Area: 0.0006015637209387841
CentroidX: 0.3425
CentroidY: 0.5884
