Location: Dedata_3.png_Otsu.png
Component: component_1755523486866_161.png
centerX: 0.42016129032258065
centerY: 0.40153889997150183
width: 0.05120967741935484
height: 0.020518666286691366
Area: 0.0004976833763869864
CentroidX: 0.4445
CentroidY: 0.4096
