Location: Dedata_3.png_Mean-Closing.png
Component: component_1755523486587_128.png
centerX: 0.09637096774193549
centerY: 0.3770304930179538
width: 0.04717741935483871
height: 0.022513536620119692
Area: 0.0005530709052298697
CentroidX: 0.1190
CentroidY: 0.3862
