Location: Dedata_3.png_Gaussian-Closing.png
Component: component_1755523487027_222.png
centerX: 0.3294354838709677
centerY: 0.7113137646053006
width: 0.046370967741935484
height: 0.0219435736677116
Area: 0.000529973616231074
CentroidX: 0.3525
CentroidY: 0.7205
