Location: Dedata_3.png_Mean-Medain.png
Component: component_1755523486114_242.png
centerX: 0.9310483870967742
centerY: 0.7571957822741522
width: 0.05040322580645161
height: 0.0262182958107723
Area: 0.0006182259443458756
CentroidX: 0.9557
CentroidY: 0.7678
