Location: Dedata_3.png_Otsu.png
Component: component_1755523486845_92.png
centerX: 0.592741935483871
centerY: 0.18808777429467086
width: 0.04758064516129032
height: 0.019948703334283273
Area: 0.00044700723485231525
CentroidX: 0.6152
CentroidY: 0.1956
