Location: Dedata_3.png_Mean-Closing.png
Component: component_1755523486735_226.png
centerX: 0.1064516129032258
centerY: 0.7244229125106868
width: 0.04758064516129032
height: 0.02536335138216016
Area: 0.0005842120262182958
CentroidX: 0.1300
CentroidY: 0.7354
