Location: Dedata_3.png_Otsu.png
Component: component_1755523486849_112.png
centerX: 0.255241935483871
centerY: 0.24593901396409235
width: 0.05524193548387097
height: 0.021373610715303505
Area: 0.0005419244523299534
CentroidX: 0.2819
CentroidY: 0.2543
