Location: Dedata_3.png_Mean-Medain.png
Component: component_1755523486083_91.png
centerX: 0.09233870967741936
centerY: 0.25505842120262184
width: 0.049193548387096775
height: 0.019663721858079224
Area: 0.0005145754235652102
CentroidX: 0.1163
CentroidY: 0.2630
