Location: Dedata_3.png_Gaussian-Closing.png
Component: component_1755523486987_61.png
centerX: 0.510483870967742
centerY: 0.15759475634083783
width: 0.04717741935483871
height: 0.01738387004844685
Area: 0.0003936881199496226
CentroidX: 0.5337
CentroidY: 0.1642
