Location: Dedata_3.png_Mean-Medain.png
Component: component_1755523486104_194.png
centerX: 0.16491935483870968
centerY: 0.5933314334568253
width: 0.03588709677419355
height: 0.0219435736677116
Area: 0.0004957298743323619
CentroidX: 0.1829
CentroidY: 0.6029
