Location: Dedata_3.png_Mean-Medain.png
Component: component_1755523486091_134.png
centerX: 0.49516129032258066
centerY: 0.3952693074950128
width: 0.05120967741935484
height: 0.02336848104873183
Area: 0.0005655963007565798
CentroidX: 0.5204
CentroidY: 0.4050
