Location: Dedata_3.png_Mean-Closing.png
Component: component_1755523486742_236.png
centerX: 0.17056451612903226
centerY: 0.7606155599886008
width: 0.05161290322580645
height: 0.023083499572527786
Area: 0.0006089180816150177
CentroidX: 0.1962
CentroidY: 0.7704
