Location: Dedata_3.png_Gaussian-Closing.png
Component: component_1755523487023_209.png
centerX: 0.7975806451612903
centerY: 0.6665716728412653
width: 0.05443548387096774
height: 0.02707324023938444
Area: 0.000583637466790465
CentroidX: 0.8257
CentroidY: 0.6783
