Location: Dedata_3.png_Otsu.png
Component: component_1755523486858_144.png
centerX: 0.7354838709677419
centerY: 0.34254773439726416
width: 0.0467741935483871
height: 0.022798518096323737
Area: 0.0004950404030189651
CentroidX: 0.7589
CentroidY: 0.3513
