Location: Dedata_3.png_Otsu.png
Component: component_1755523486861_152.png
centerX: 0.17983870967741936
centerY: 0.37275577087489314
width: 0.04435483870967742
height: 0.0176688515246509
Area: 0.0004111547265556771
CentroidX: 0.2016
CentroidY: 0.3799
