Location: Dedata_3.png_Mean-Closing.png
Component: component_1755523486611_171.png
centerX: 0.4
centerY: 0.5320604160729553
width: 0.0532258064516129
height: 0.019948703334283273
Area: 0.0005560586142545896
CentroidX: 0.4266
CentroidY: 0.5410
