Location: Dedata_3.png_Gaussian-Closing.png
Component: component_1755523486977_22.png
centerX: 0.5967741935483871
centerY: 0.0567113137646053
width: 0.04879032258064516
height: 0.022513536620119692
Area: 0.000491937782108679
CentroidX: 0.6201
CentroidY: 0.0658
