Location: Dedata_3.png_Mean-Medain.png
Component: component_1755523486088_120.png
centerX: 0.6560483870967742
centerY: 0.3459675121117127
width: 0.044758064516129036
height: 0.0219435736677116
Area: 0.000560999825333934
CentroidX: 0.6785
CentroidY: 0.3552
