Location: Dedata_3.png_Mean-Closing.png
Component: component_1755523486595_150.png
centerX: 0.25120967741935485
centerY: 0.4596751211171274
width: 0.045564516129032256
height: 0.024508406953548018
Area: 0.0006058154607047316
CentroidX: 0.2720
CentroidY: 0.4698
