Location: Dedata_3.png_Gaussian-Closing.png
Component: component_1755523486979_27.png
centerX: 0.10161290322580645
centerY: 0.058991165574237676
width: 0.04395161290322581
height: 0.024508406953548018
Area: 0.0005521516101453406
CentroidX: 0.1230
CentroidY: 0.0704
