Location: Dedata_3.png_Otsu.png
Component: component_1755523486849_108.png
centerX: 0.4991935483870968
centerY: 0.2359646622969507
width: 0.052016129032258066
height: 0.020518666286691366
Area: 0.00048056150543763045
CentroidX: 0.5257
CentroidY: 0.2435
