Location: Dedata_3.png_Otsu.png
Component: component_1755523486895_228.png
centerX: 0.7209677419354839
centerY: 0.6355086919350242
width: 0.05040322580645161
height: 0.02336848104873183
Area: 0.0005220446961270098
CentroidX: 0.7458
CentroidY: 0.6453
