Location: Dedata_3.png_Mean-Closing.png
Component: component_1755523486659_183.png
centerX: 0.40524193548387094
centerY: 0.5711028783129096
width: 0.04758064516129032
height: 0.02336848104873183
Area: 0.0005738699565173425
CentroidX: 0.4289
CentroidY: 0.5814
