Location: Dedata_3.png_Mean-Closing.png
Component: component_1755523486378_41.png
centerX: 0.7701612903225806
centerY: 0.12111712738671987
width: 0.05524193548387097
height: 0.01937874038187518
Area: 0.0005044631776353892
CentroidX: 0.7970
CentroidY: 0.1282
