Location: Dedata_3.png_Mean-Closing.png
Component: component_1755523486660_184.png
centerX: 0.31814516129032255
centerY: 0.5779424337418068
width: 0.05040322580645161
height: 0.02536335138216016
Area: 0.0005997251307697257
CentroidX: 0.3426
CentroidY: 0.5884
