Location: Dedata_3.png_Gaussian-Closing.png
Component: component_1755523486997_99.png
centerX: 0.42096774193548386
centerY: 0.27899686520376177
width: 0.05
height: 0.020233684810487318
Area: 0.0005084850936302043
CentroidX: 0.4452
CentroidY: 0.2867
