Location: Dedata_3.png_Gaussian-Closing.png
Component: component_1755523486993_86.png
centerX: 0.49879032258064515
centerY: 0.2359646622969507
width: 0.05282258064516129
height: 0.02080364776289541
Area: 0.000524572757609465
CentroidX: 0.5258
CentroidY: 0.2438
