Location: Dedata_3.png_Mean-Closing.png
Component: component_1755523486592_140.png
centerX: 0.09032258064516129
centerY: 0.41863778854374467
width: 0.04798387096774193
height: 0.024223425477343973
Area: 0.0005829479954770682
CentroidX: 0.1139
CentroidY: 0.4289
