Location: Dedata_3.png_Mean-Closing.png
Component: component_1755523486594_145.png
centerX: 0.49959677419354837
centerY: 0.4380165289256198
width: 0.0467741935483871
height: 0.0219435736677116
Area: 0.0005572077331102511
CentroidX: 0.5222
CentroidY: 0.4476
