Location: Dedata_3.png_Mean-Medain.png
Component: component_1755523486090_127.png
centerX: 0.8895161290322581
centerY: 0.3733257338273012
width: 0.04798387096774193
height: 0.022798518096323737
Area: 0.0005607700015628017
CentroidX: 0.9125
CentroidY: 0.3824
