Location: Dedata_3.png_Gaussian-Closing.png
Component: component_1755523487012_158.png
centerX: 0.49556451612903224
centerY: 0.47848389854659445
width: 0.05161290322580645
height: 0.024223425477343973
Area: 0.000577317313084327
CentroidX: 0.5204
CentroidY: 0.4890
