Location: Dedata_3.png_Gaussian-Closing.png
Component: component_1755523487001_115.png
centerX: 0.10403225806451613
centerY: 0.33371330863493875
width: 0.04838709677419355
height: 0.020518666286691366
Area: 0.0005002114378694417
CentroidX: 0.1269
CentroidY: 0.3417
