Location: Dedata_3.png_Gaussian-Closing.png
Component: component_1755523486985_50.png
centerX: 0.4157258064516129
centerY: 0.1268167569108008
width: 0.008064516129032258
height: 0.01652892561983471
Area: 9.733036707452725e-05
CentroidX: 0.4194
CentroidY: 0.1350
