Location: Dedata_3.png_Otsu.png
Component: component_1755523486865_153.png
centerX: 0.8895161290322581
centerY: 0.3738956967797093
width: 0.04758064516129032
height: 0.022228555143915644
Area: 0.0004949254911333989
CentroidX: 0.9122
CentroidY: 0.3823
