Location: Dedata_3.png_Mean-Closing.png
Component: component_1755523486379_46.png
centerX: 0.6036290322580645
centerY: 0.12453690510116842
width: 0.05161290322580645
height: 0.018238814477058992
Area: 0.0004536721242151518
CentroidX: 0.6282
CentroidY: 0.1311
