Location: Dedata_3.png_Mean-Closing.png
Component: component_1755523486600_164.png
centerX: 0.1786290322580645
centerY: 0.5024223425477344
width: 0.05
height: 0.02108862923909946
Area: 0.0005909918274666986
CentroidX: 0.2025
CentroidY: 0.5113
