Location: Dedata_3.png_Otsu.png
Component: component_1755523486851_120.png
centerX: 0.5818548387096775
centerY: 0.27329723567968084
width: 0.04717741935483871
height: 0.020518666286691366
Area: 0.0004406870811461771
CentroidX: 0.6047
CentroidY: 0.2810
