Location: Dedata_3.png_Mean-Closing.png
Component: component_1755523486623_173.png
centerX: 0.3209677419354839
centerY: 0.536905101168424
width: 0.0467741935483871
height: 0.020233684810487318
Area: 0.0005531858171154358
CentroidX: 0.3431
CentroidY: 0.5460
