Location: Dedata_3.png_Mean-Closing.png
Component: component_1755523486736_227.png
centerX: 0.6532258064516129
centerY: 0.7247078939868908
width: 0.04879032258064516
height: 0.024508406953548018
Area: 0.0005737550446317764
CentroidX: 0.6778
CentroidY: 0.7350
