Location: Dedata_3.png_Otsu.png
Component: component_1755523486857_143.png
centerX: 0.010483870967741936
centerY: 0.33713308634938727
width: 0.05282258064516129
height: 0.019948703334283273
Area: 0.0004689554049954495
CentroidX: 0.0365
CentroidY: 0.3448
