Location: Dedata_3.png_Mean-Closing.png
Component: component_1755523486580_115.png
centerX: 0.8979838709677419
centerY: 0.33342832715873466
width: 0.049193548387096775
height: 0.022228555143915644
Area: 0.0005985760119140643
CentroidX: 0.9218
CentroidY: 0.3425
