Location: Dedata_3.png_Mean-Medain.png
Component: component_1755523486076_60.png
centerX: 0.5100806451612904
centerY: 0.15759475634083783
width: 0.04758064516129032
height: 0.017098888572242805
Area: 0.00044011252171834636
CentroidX: 0.5337
CentroidY: 0.1640
