Location: Dedata_3.png_Mean-Medain.png
Component: component_1755523486113_237.png
centerX: 0.4975806451612903
centerY: 0.7343972641778285
width: 0.05443548387096774
height: 0.02365346252493588
Area: 0.0006099522885851129
CentroidX: 0.5242
CentroidY: 0.7438
