Location: Dedata_3.png_Otsu.png
Component: component_1755523486893_221.png
centerX: 0.4806451612903226
centerY: 0.60986035907666
width: 0.04717741935483871
height: 0.02336848104873183
Area: 0.0005045780895209553
CentroidX: 0.5037
CentroidY: 0.6192
