Location: Samociqulo_1709_page_10.png_Gaussian-Median.png
Component: component_1755610056245_2401.png
centerX: 0.74004914004914
centerY: 0.573125
width: 0.02407862407862408
height: 0.0078125
Area: 0.00011225429975429975
CentroidX: 0.7503
CentroidY: 0.5769
