Location: Samociqulo_1709_page_10.png_Gaussian-Median.png
Component: component_1755610056124_925.png
centerX: 0.09680589680589681
centerY: 0.191875
width: 0.023587223587223587
height: 0.015625
Area: 0.00015264127764127764
CentroidX: 0.1085
CentroidY: 0.1989
