Location: Kurtxevani_1794_page_10.png_Mean-Medain.png
Component: component_1755610054868_1088.png
centerX: 0.5745178258328463
centerY: 0.3027765535478184
width: 0.018118059614260665
height: 0.013662406346408109
Area: 0.00016150390790516553
CentroidX: 0.5835
CentroidY: 0.3104
