Location: Kurtxevani_1794_page_10.png_Mean-Medain.png
Component: component_1755610055116_2697.png
centerX: 0.5639976621858562
centerY: 0.8541207580431909
width: 0.022793687901811806
height: 0.022917584839136182
Area: 0.00023800575901813866
CentroidX: 0.5758
CentroidY: 0.8654
