Location: Samociqulo_1709_page_10.png_Gaussian-Median.png
Component: component_1755610056189_1789.png
centerX: 0.3361179361179361
centerY: 0.384375
width: 0.013267813267813268
height: 0.00875
Area: 6.403562653562654e-05
CentroidX: 0.3426
CentroidY: 0.3880
