Location: Paraklitoni_1720_page_10.png_Mean-Medain.png
Component: component_1755610055237_372.png
centerX: 0.7332317073170732
centerY: 0.13984962406015036
width: 0.014481707317073171
height: 0.011027568922305764
Area: 7.106180084357234e-05
CentroidX: 0.7391
CentroidY: 0.1438
