Location: Paraklitoni_1720_page_10.png_Mean-Medain.png
Component: component_1755610055656_2283.png
centerX: 0.3879573170731707
centerY: 0.8390977443609022
width: 0.010670731707317074
height: 0.013032581453634085
Area: 8.443364508833058e-05
CentroidX: 0.3923
CentroidY: 0.8461
