Location: Paraklitoni_1720_page_10.png_Mean-Medain.png
Component: component_1755610055361_1591.png
centerX: 0.18826219512195122
centerY: 0.5719298245614035
width: 0.013719512195121951
height: 0.007518796992481203
Area: 5.768995659881411e-05
CentroidX: 0.1949
CentroidY: 0.5754
