Location: Paraklitoni_1720_page_10.png_Mean-Medain.png
Component: component_1755610055265_558.png
centerX: 0.2858231707317073
centerY: 0.21203007518796993
width: 0.01524390243902439
height: 0.015037593984962405
Area: 0.00012875175744238646
CentroidX: 0.2933
CentroidY: 0.2199
