Location: Kurtxevani_1764_page_10.png_Otsu.png
Component: component_1755610055927_1210.png
centerX: 0.8355987055016181
centerY: 0.4775491113189897
width: 0.020064724919093852
height: 0.023386342376052385
Area: 0.0002167588497249645
CentroidX: 0.8477
CentroidY: 0.4876
