Location: Samociqulo_1709_page_10.png_Gaussian-Median.png
Component: component_1755610056327_3743.png
centerX: 0.2599508599508599
centerY: 0.9128125
width: 0.012285012285012284
height: 0.01125
Area: 7.53992628992629e-05
CentroidX: 0.2660
CentroidY: 0.9177
