Location: Samociqulo_1709_page_10.png_Gaussian-Median.png
Component: component_1755610056226_2168.png
centerX: 0.5459459459459459
centerY: 0.5128125
width: 0.022604422604422605
height: 0.00875
Area: 0.00010795454545454545
CentroidX: 0.5556
CentroidY: 0.5172
