Location: Kurtxevani_1794_page_10.png_Mean-Medain.png
Component: component_1755610054919_1349.png
centerX: 0.14377556984219755
centerY: 0.3847509916262671
width: 0.018118059614260665
height: 0.014103129131776113
Area: 0.0001406397666925365
CentroidX: 0.1524
CentroidY: 0.3909
