Location: Kurtxevani_1794_page_10.png_Mean-Medain.png
Component: component_1755610054854_1007.png
centerX: 0.7831677381648159
centerY: 0.2794182459233142
width: 0.018702513150204558
height: 0.013662406346408109
Area: 0.00014089734868281585
CentroidX: 0.7912
CentroidY: 0.2871
