Location: Samociqulo_1709_page_10.png_Gaussian-Median.png
Component: component_1755610056300_3266.png
centerX: 0.35282555282555284
centerY: 0.8084375
width: 0.015233415233415233
height: 0.009375
Area: 8.814496314496315e-05
CentroidX: 0.3602
CentroidY: 0.8124
