Location: Samociqulo_1709_page_10.png_Gaussian-Median.png
Component: component_1755610056143_1229.png
centerX: 0.34004914004914005
centerY: 0.2784375
width: 0.023587223587223587
height: 0.0134375
Area: 0.00016615479115479116
CentroidX: 0.3517
CentroidY: 0.2857
