Location: Paraklitoni_1720_page_10.png_Mean-Medain.png
Component: component_1755610055389_1771.png
centerX: 0.42073170731707316
centerY: 0.6370927318295739
width: 0.01600609756097561
height: 0.009022556390977444
Area: 8.137722354667156e-05
CentroidX: 0.4287
CentroidY: 0.6407
