Location: Paraklitoni_1720_page_10.png_Mean-Medain.png
Component: component_1755610055287_794.png
centerX: 0.1798780487804878
centerY: 0.2957393483709273
width: 0.014481707317073171
height: 0.011528822055137845
Area: 9.589522586955193e-05
CentroidX: 0.1870
CentroidY: 0.3025
