Location: Samociqulo_1709_page_10.png_Gaussian-Median.png
Component: component_1755610056312_3482.png
centerX: 0.5518427518427519
centerY: 0.859375
width: 0.013759213759213759
height: 0.0109375
Area: 8.169533169533169e-05
CentroidX: 0.5586
CentroidY: 0.8650
