Location: Kurtxevani_1764_page_10.png_Otsu.png
Component: component_1755610055861_798.png
centerX: 0.8284789644012945
centerY: 0.2623947614593078
width: 0.018770226537216828
height: 0.021983161833489244
Area: 0.00017165121200286994
CentroidX: 0.8391
CentroidY: 0.2725
