Location: Samociqulo_1709_page_10.png_Gaussian-Median.png
Component: component_1755610056274_2849.png
centerX: 0.4742014742014742
centerY: 0.7009375
width: 0.027518427518427518
height: 0.0159375
Area: 0.00016308353808353808
CentroidX: 0.4882
CentroidY: 0.7085
