Location: Kurtxevani_1764_page_10.png_Otsu.png
Component: component_1755610055810_366.png
centerX: 0.47766990291262135
centerY: 0.09915809167446211
width: 0.021359223300970873
height: 0.023386342376052385
Area: 0.00022069441543226136
CentroidX: 0.4862
CentroidY: 0.1101
