Location: Samociqulo_1709_page_10.png_Gaussian-Median.png
Component: component_1755610056301_3278.png
centerX: 0.6113022113022113
centerY: 0.809375
width: 0.020147420147420148
height: 0.0096875
Area: 0.0001031941031941032
CentroidX: 0.6209
CentroidY: 0.8129
