Location: Samociqulo_1709_page_10.png_Gaussian-Median.png
Component: component_1755610056317_3564.png
centerX: 0.5641277641277641
centerY: 0.879375
width: 0.03587223587223587
height: 0.0196875
Area: 0.00022773341523341523
CentroidX: 0.5816
CentroidY: 0.8895
