Location: Samociqulo_1709_page_10.png_Gaussian-Median.png
Component: component_1755610056124_928.png
centerX: 0.2339066339066339
centerY: 0.1928125
width: 0.02506142506142506
height: 0.0121875
Area: 0.0001620085995085995
CentroidX: 0.2458
CentroidY: 0.1997
