Location: Kurtxevani_1764_page_10.png_Otsu.png
Component: component_1755610055987_1755.png
centerX: 0.7669902912621359
centerY: 0.7422825070159027
width: 0.022653721682847898
height: 0.021047708138447148
Area: 0.00023038196178868433
CentroidX: 0.7787
CentroidY: 0.7535
