Location: Samociqulo_1709_page_10.png_Gaussian-Median.png
Component: component_1755610056258_2614.png
centerX: 0.05601965601965602
centerY: 0.635
width: 0.0171990171990172
height: 0.011875
Area: 0.00010672604422604422
CentroidX: 0.0649
CentroidY: 0.6410
