Location: Samociqulo_1709_page_10.png_Gaussian-Median.png
Component: component_1755610056288_3049.png
centerX: 0.6476658476658477
centerY: 0.75875
width: 0.013759213759213759
height: 0.0096875
Area: 7.386363636363637e-05
CentroidX: 0.6546
CentroidY: 0.7627
