Location: Paraklitoni_1720_page_10.png_Mean-Medain.png
Component: component_1755610055384_1755.png
centerX: 0.19283536585365854
centerY: 0.6335839598997494
width: 0.012957317073170731
height: 0.011528822055137845
Area: 8.328748701020845e-05
CentroidX: 0.2001
CentroidY: 0.6379
