Location: Samociqulo_1709_page_10.png_Gaussian-Median.png
Component: component_1755610056128_971.png
centerX: 0.7218673218673218
centerY: 0.2
width: 0.03292383292383293
height: 0.009375
Area: 0.0001851965601965602
CentroidX: 0.7386
CentroidY: 0.2040
