Location: Kurtxevani_1764_page_10.png_Otsu.png
Component: component_1755610055862_804.png
centerX: 0.23948220064724918
centerY: 0.2656688493919551
width: 0.017475728155339806
height: 0.01637043966323667
Area: 0.00014561593116998314
CentroidX: 0.2490
CentroidY: 0.2720
