Location: Paraklitoni_1720_page_10.png_Mean-Medain.png
Component: component_1755610055250_451.png
centerX: 0.19435975609756098
centerY: 0.17343358395989975
width: 0.013719512195121951
height: 0.013533834586466165
Area: 0.00010391833241640688
CentroidX: 0.2013
CentroidY: 0.1799
