Location: Kurtxevani_1794_page_10.png_Mean-Medain.png
Component: component_1755610054977_1520.png
centerX: 0.5441262419637639
centerY: 0.4371970030850595
width: 0.015780245470485097
height: 0.013221683561040106
Area: 0.00012415451931465675
CentroidX: 0.5531
CentroidY: 0.4424
