Location: Kurtxevani_1764_page_10.png_Otsu.png
Component: component_1755610055889_1004.png
centerX: 0.5132686084142395
centerY: 0.35734331150608045
width: 0.015533980582524271
height: 0.0205799812909261
Area: 0.00020586036007398865
CentroidX: 0.5211
CentroidY: 0.3671
