Location: Samociqulo_1709_page_10.png_Gaussian-Median.png
Component: component_1755610056284_3002.png
centerX: 0.15282555282555282
centerY: 0.746875
width: 0.026044226044226043
height: 0.009375
Area: 0.00016185503685503685
CentroidX: 0.1658
CentroidY: 0.7511
