Location: Kurtxevani_1764_page_10.png_Otsu.png
Component: component_1755610055878_945.png
centerX: 0.5132686084142395
centerY: 0.3269410664172123
width: 0.019417475728155338
height: 0.015902712815715623
Area: 0.00015893630741006475
CentroidX: 0.5243
CentroidY: 0.3332
