Location: Kurtxevani_1764_page_10.png_Otsu.png
Component: component_1755610055993_1800.png
centerX: 0.2614886731391586
centerY: 0.754911131898971
width: 0.019417475728155338
height: 0.01028999064546305
Area: 0.0001368365922844748
CentroidX: 0.2715
CentroidY: 0.7593
