Location: Kurtxevani_1764_page_10.png_Otsu.png
Component: component_1755610055885_986.png
centerX: 0.4349514563106796
centerY: 0.3507951356407858
width: 0.01423948220064725
height: 0.017305893358278764
Area: 0.0001401666863444952
CentroidX: 0.4422
CentroidY: 0.3603
