Location: Kurtxevani_1764_page_10.png_Otsu.png
Component: component_1755610056010_2016.png
centerX: 0.8420711974110032
centerY: 0.8419083255378859
width: 0.020711974110032363
height: 0.01028999064546305
Area: 0.00016680743882465843
CentroidX: 0.8529
CentroidY: 0.8468
