Location: Kurtxevani_1794_page_10.png_Mean-Medain.png
Component: component_1755610054710_675.png
centerX: 0.4102863822326125
centerY: 0.15645658880564126
width: 0.012273524254821741
height: 0.00881445570736007
Area: 7.650185111297314e-05
CentroidX: 0.4159
CentroidY: 0.1604
