Location: Kurtxevani_1764_page_10.png_Otsu.png
Component: component_1755610055928_1218.png
centerX: 0.6563106796116505
centerY: 0.4794200187090739
width: 0.013592233009708738
height: 0.019644527595884004
Area: 0.00015076244017183285
CentroidX: 0.6632
CentroidY: 0.4880
