Location: Kurtxevani_1784_page_10.png_Gaussian-Closing.png
Component: component_1755610055745_371.png
centerX: 0.5403659849300323
centerY: 0.500398406374502
width: 0.02583423035522067
height: 0.022310756972111555
Area: 0.0003250721548681485
CentroidX: 0.5521
CentroidY: 0.5136
