Location: Samociqulo_1709_page_10.png_Gaussian-Median.png
Component: component_1755610056307_3397.png
centerX: 0.3046683046683047
centerY: 0.8353125
width: 0.02113022113022113
height: 0.0115625
Area: 0.00010841523341523341
CentroidX: 0.3137
CentroidY: 0.8395
