Location: Paraklitoni_1720_page_10.png_Mean-Medain.png
Component: component_1755610055513_2062.png
centerX: 0.6524390243902439
centerY: 0.7538847117794486
width: 0.010670731707317074
height: 0.014035087719298246
Area: 0.00010047985818204047
CentroidX: 0.6578
CentroidY: 0.7603
