Location: Paraklitoni_1720_page_10.png_Mean-Medain.png
Component: component_1755610055230_345.png
centerX: 0.7492378048780488
centerY: 0.1343358395989975
width: 0.012195121951219513
height: 0.011528822055137845
Area: 7.755669661959777e-05
CentroidX: 0.7554
CentroidY: 0.1408
