Location: Kurtxevani_1794_page_10.png_Mean-Medain.png
Component: component_1755610055046_2093.png
centerX: 0.3050847457627119
centerY: 0.6588805641251653
width: 0.019871420222092345
height: 0.020713970912296167
Area: 0.00023311170120283062
CentroidX: 0.3136
CentroidY: 0.6679
