Location: Samociqulo_1709_page_10.png_Gaussian-Median.png
Component: component_1755610056249_2447.png
centerX: 0.20393120393120392
centerY: 0.58875
width: 0.01425061425061425
height: 0.0103125
Area: 7.724201474201474e-05
CentroidX: 0.2102
CentroidY: 0.5937
