Location: Paraklitoni_1720_page_10.png_Mean-Medain.png
Component: component_1755610055283_747.png
centerX: 0.3467987804878049
centerY: 0.27769423558897244
width: 0.011432926829268292
height: 0.012030075187969926
Area: 6.342074698942478e-05
CentroidX: 0.3520
CentroidY: 0.2844
