Location: Paraklitoni_1720_page_10.png_Mean-Medain.png
Component: component_1755610055418_1825.png
centerX: 0.8277439024390244
centerY: 0.656140350877193
width: 0.026676829268292682
height: 0.014035087719298246
Area: 0.00019943150559325142
CentroidX: 0.8397
CentroidY: 0.6622
