Location: Kurtxevani_1764_page_10.png_Otsu.png
Component: component_1755610055856_757.png
centerX: 0.7430420711974111
centerY: 0.23573433115060805
width: 0.018770226537216828
height: 0.009822263797942002
Area: 0.0001026274442133561
CentroidX: 0.7537
CentroidY: 0.2399
