Location: Paraklitoni_1720_page_10.png_Mean-Medain.png
Component: component_1755610055277_691.png
centerX: 0.3871951219512195
centerY: 0.25664160401002506
width: 0.020579268292682928
height: 0.014035087719298246
Area: 0.00011079528088513968
CentroidX: 0.3963
CentroidY: 0.2644
