Location: Kurtxevani_1794_page_10.png_Mean-Medain.png
Component: component_1755610055027_1859.png
centerX: 0.12331969608416131
centerY: 0.5561921551344204
width: 0.02571595558153127
height: 0.01498457470251212
Area: 0.000201429116398468
CentroidX: 0.1358
CentroidY: 0.5623
