Location: Kurtxevani_1794_page_10.png_Mean-Medain.png
Component: component_1755610055069_2304.png
centerX: 0.2793687901811806
centerY: 0.7320405464962538
width: 0.03331385154880187
height: 0.021595416483032173
Area: 0.00032017441391725795
CentroidX: 0.2952
CentroidY: 0.7452
