Location: Samociqulo_1709_page_10.png_Gaussian-Median.png
Component: component_1755610056122_844.png
centerX: 0.773955773955774
centerY: 0.17
width: 0.018673218673218674
height: 0.011875
Area: 0.00010672604422604422
CentroidX: 0.7840
CentroidY: 0.1772
