Location: Samociqulo_1709_page_10.png_Gaussian-Median.png
Component: component_1755610056116_784.png
centerX: 0.49238329238329237
centerY: 0.15125
width: 0.022604422604422605
height: 0.01125
Area: 0.00010042997542997544
CentroidX: 0.5043
CentroidY: 0.1553
