Location: Kurtxevani_1764_page_10.png_Otsu.png
Component: component_1755610055925_1188.png
centerX: 0.8783171521035599
centerY: 0.4700654817586529
width: 0.01423948220064725
height: 0.017305893358278764
Area: 0.00015045970434819463
CentroidX: 0.8855
CentroidY: 0.4784
