Location: Kurtxevani_1764_page_10.png_Otsu.png
Component: component_1755610055990_1788.png
centerX: 0.8187702265372169
centerY: 0.7507015902712816
width: 0.022653721682847898
height: 0.015902712815715623
Area: 0.00022220809455045243
CentroidX: 0.8293
CentroidY: 0.7565
