Location: Kurtxevani_1794_page_10.png_Mean-Medain.png
Component: component_1755610055055_2191.png
centerX: 0.3956750438340152
centerY: 0.6967827236668136
width: 0.019871420222092345
height: 0.01983252534156016
Area: 0.00018803485290394073
CentroidX: 0.4053
CentroidY: 0.7074
