Location: Samociqulo_1709_page_10.png_Gaussian-Median.png
Component: component_1755610056130_1017.png
centerX: 0.10712530712530713
centerY: 0.22
width: 0.023587223587223587
height: 0.01375
Area: 0.00017506142506142506
CentroidX: 0.1184
CentroidY: 0.2281
