Location: Kurtxevani_1764_page_10.png_Otsu.png
Component: component_1755610055963_1509.png
centerX: 0.7656957928802589
centerY: 0.6225444340505145
width: 0.012944983818770227
height: 0.017305893358278764
Area: 0.00013713932810811302
CentroidX: 0.7713
CentroidY: 0.6323
