Location: Kurtxevani_1794_page_10.png_Mean-Medain.png
Component: component_1755610054882_1115.png
centerX: 0.4880187025131502
centerY: 0.30718378140149843
width: 0.01636469900642899
height: 0.014103129131776113
Area: 0.00012930615912024417
CentroidX: 0.4973
CentroidY: 0.3129
