Location: Samociqulo_1709_page_10.png_Gaussian-Median.png
Component: component_1755610056117_793.png
centerX: 0.8452088452088452
centerY: 0.1534375
width: 0.023587223587223587
height: 0.0084375
Area: 0.00011901105651105651
CentroidX: 0.8561
CentroidY: 0.1575
