Location: Kurtxevani_1794_page_10.png_Mean-Medain.png
Component: component_1755610054667_657.png
centerX: 0.12974868497954412
centerY: 0.15381225209343324
width: 0.022209234365867914
height: 0.012780960775672102
Area: 0.00014965513635231445
CentroidX: 0.1403
CentroidY: 0.1607
