Location: Paraklitoni_1720_page_10.png_Mean-Medain.png
Component: component_1755610055192_237.png
centerX: 0.1989329268292683
centerY: 0.09423558897243108
width: 0.01524390243902439
height: 0.011528822055137845
Area: 9.62772785622593e-05
CentroidX: 0.2059
CentroidY: 0.0986
