Location: Paraklitoni_1720_page_10.png_Mean-Medain.png
Component: component_1755610055463_1892.png
centerX: 0.7538109756097561
centerY: 0.6786967418546366
width: 0.01524390243902439
height: 0.011027568922305764
Area: 8.978238278623388e-05
CentroidX: 0.7605
CentroidY: 0.6826
