Location: Kurtxevani_1794_page_10.png_Mean-Medain.png
Component: component_1755610054936_1416.png
centerX: 0.5768556399766218
centerY: 0.40634640810929923
width: 0.012273524254821741
height: 0.013662406346408109
Area: 0.0001094723458687326
CentroidX: 0.5826
CentroidY: 0.4128
