Location: Kurtxevani_1794_page_10.png_Mean-Medain.png
Component: component_1755610055003_1653.png
centerX: 0.3191116306253653
centerY: 0.48567650947553986
width: 0.012273524254821741
height: 0.015866020273248127
Area: 0.00012801824916884732
CentroidX: 0.3250
CentroidY: 0.4933
