Location: Kurtxevani_1764_page_10.png_Otsu.png
Component: component_1755610055810_368.png
centerX: 0.7009708737864078
centerY: 0.09962581852198316
width: 0.02330097087378641
height: 0.021983161833489244
Area: 0.00020162205854305359
CentroidX: 0.7146
CentroidY: 0.1092
