Location: Samociqulo_1709_page_10.png_Gaussian-Median.png
Component: component_1755610056112_763.png
centerX: 0.05454545454545454
centerY: 0.145625
width: 0.023587223587223587
height: 0.0103125
Area: 0.00011855036855036855
CentroidX: 0.0669
CentroidY: 0.1498
