Location: Kurtxevani_1784_page_10.png_Gaussian-Closing.png
Component: component_1755610055707_53.png
centerX: 0.4327233584499462
centerY: 0.05338645418326693
width: 0.021528525296017224
height: 0.024701195219123506
Area: 0.00026589015305838006
CentroidX: 0.4443
CentroidY: 0.0640
