Location: Paraklitoni_1720_page_10.png_Mean-Medain.png
Component: component_1755610055164_114.png
centerX: 0.5975609756097561
centerY: 0.05213032581453634
width: 0.023628048780487805
height: 0.014035087719298246
Area: 0.00013448254783299712
CentroidX: 0.6104
CentroidY: 0.0586
