Location: Samociqulo_1709_page_10.png_Gaussian-Median.png
Component: component_1755610056152_1356.png
centerX: 0.4442260442260442
centerY: 0.30625
width: 0.023587223587223587
height: 0.0121875
Area: 0.0001392813267813268
CentroidX: 0.4567
CentroidY: 0.3109
