Location: Samociqulo_1709_page_10.png_Gaussian-Median.png
Component: component_1755610056225_2158.png
centerX: 0.8324324324324325
centerY: 0.51
width: 0.02113022113022113
height: 0.021875
Area: 0.00017383292383292383
CentroidX: 0.8419
CentroidY: 0.5198
