Location: Samociqulo_1709_page_10.png_Gaussian-Median.png
Component: component_1755610056225_2153.png
centerX: 0.3262899262899263
centerY: 0.50875
width: 0.022604422604422605
height: 0.01375
Area: 0.0001402027027027027
CentroidX: 0.3367
CentroidY: 0.5164
