Location: Paraklitoni_1720_page_10.png_Mean-Medain.png
Component: component_1755610055174_182.png
centerX: 0.4108231707317073
centerY: 0.07518796992481203
width: 0.021341463414634148
height: 0.013032581453634085
Area: 0.00013715691668194879
CentroidX: 0.4214
CentroidY: 0.0798
