Location: Samociqulo_1709_page_10.png_Gaussian-Median.png
Component: component_1755610056304_3372.png
centerX: 0.7896805896805896
centerY: 0.829375
width: 0.013759213759213759
height: 0.0184375
Area: 0.00013882063882063883
CentroidX: 0.7962
CentroidY: 0.8377
