Location: Paraklitoni_1720_page_10.png_Mean-Medain.png
Component: component_1755610055268_588.png
centerX: 0.2225609756097561
centerY: 0.21854636591478696
width: 0.024390243902439025
height: 0.009022556390977444
Area: 0.00013601075860382664
CentroidX: 0.2341
CentroidY: 0.2222
