Location: Kurtxevani_1764_page_10.png_Otsu.png
Component: component_1755610055947_1370.png
centerX: 0.3637540453074434
centerY: 0.5406922357343311
width: 0.027184466019417475
height: 0.01028999064546305
Area: 0.00020222753019033
CentroidX: 0.3778
CentroidY: 0.5455
