Location: Kurtxevani_1784_page_10.png_Gaussian-Closing.png
Component: component_1755610055706_50.png
centerX: 0.48116254036598494
centerY: 0.05179282868525897
width: 0.024757804090419805
height: 0.027091633466135457
Area: 0.00040140836010103825
CentroidX: 0.4922
CentroidY: 0.0629
