Location: Samociqulo_1709_page_10.png_Gaussian-Median.png
Component: component_1755610056238_2317.png
centerX: 0.10515970515970516
centerY: 0.55125
width: 0.0171990171990172
height: 0.0221875
Area: 0.0001514127764127764
CentroidX: 0.1118
CentroidY: 0.5635
