Location: Kurtxevani_1764_page_10.png_Otsu.png
Component: component_1755610056006_1943.png
centerX: 0.21877022653721684
centerY: 0.8175865294667914
width: 0.01423948220064725
height: 0.01777362020579981
Area: 0.00017952234341746362
CentroidX: 0.2256
CentroidY: 0.8258
