Location: Kurtxevani_1794_page_10.png_Mean-Medain.png
Component: component_1755610055110_2645.png
centerX: 0.27293980128579776
centerY: 0.8426619656236227
width: 0.01636469900642899
height: 0.007051564565888057
Area: 7.856250703520811e-05
CentroidX: 0.2810
CentroidY: 0.8457
