Location: Kurtxevani_1764_page_10.png_Otsu.png
Component: component_1755610055847_692.png
centerX: 0.6
centerY: 0.20533208606173994
width: 0.018122977346278317
height: 0.01637043966323667
Area: 0.0001740730985919757
CentroidX: 0.6099
CentroidY: 0.2115
