Location: Samociqulo_1709_page_10.png_Gaussian-Median.png
Component: component_1755610056215_2009.png
centerX: 0.41818181818181815
centerY: 0.4634375
width: 0.019164619164619166
height: 0.01875
Area: 0.0002014742014742015
CentroidX: 0.4275
CentroidY: 0.4722
