Location: Samociqulo_1709_page_10.png_Gaussian-Median.png
Component: component_1755610056141_1220.png
centerX: 0.6525798525798526
centerY: 0.27625
width: 0.023587223587223587
height: 0.0146875
Area: 0.00016861179361179362
CentroidX: 0.6641
CentroidY: 0.2845
