Location: Kurtxevani_1794_page_10.png_Mean-Medain.png
Component: component_1755610055052_2133.png
centerX: 0.6826417299824664
centerY: 0.6698986337593653
width: 0.011689070718877849
height: 0.013221683561040106
Area: 9.530533640336721e-05
CentroidX: 0.6880
CentroidY: 0.6759
