Location: Samociqulo_1709_page_10.png_Gaussian-Median.png
Component: component_1755610056127_965.png
centerX: 0.39508599508599507
centerY: 0.19875
width: 0.022113022113022112
height: 0.01
Area: 0.00013068181818181817
CentroidX: 0.4060
CentroidY: 0.2028
