Location: Kurtxevani_1794_page_10.png_Mean-Medain.png
Component: component_1755610055114_2678.png
centerX: 0.37405026300409117
centerY: 0.8514764213309828
width: 0.022209234365867914
height: 0.01983252534156016
Area: 0.00021276272397076031
CentroidX: 0.3866
CentroidY: 0.8594
