Location: Samociqulo_1709_page_10.png_Gaussian-Median.png
Component: component_1755610056152_1369.png
centerX: 0.12235872235872236
centerY: 0.3075
width: 0.022604422604422605
height: 0.0134375
Area: 0.0001342137592137592
CentroidX: 0.1347
CentroidY: 0.3126
