Location: Samociqulo_1709_page_10.png_Gaussian-Median.png
Component: component_1755610056244_2388.png
centerX: 0.9022113022113022
centerY: 0.5709375
width: 0.030466830466830467
height: 0.0178125
Area: 0.0002228194103194103
CentroidX: 0.9165
CentroidY: 0.5795
