Location: Kurtxevani_1764_page_10.png_Otsu.png
Component: component_1755610055882_974.png
centerX: 0.7812297734627832
centerY: 0.3479887745556595
width: 0.01423948220064725
height: 0.021047708138447148
Area: 0.0001840633807720369
CentroidX: 0.7876
CentroidY: 0.3574
