Location: Kurtxevani_1764_page_10.png_Otsu.png
Component: component_1755610056019_2126.png
centerX: 0.3346278317152104
centerY: 0.8769878391019644
width: 0.020064724919093852
height: 0.019176800748362956
Area: 0.00020797951083945617
CentroidX: 0.3463
CentroidY: 0.8852
