Location: Kurtxevani_1794_page_10.png_Mean-Medain.png
Component: component_1755610055010_1733.png
centerX: 0.5330216247808299
centerY: 0.5121198765976201
width: 0.019871420222092345
height: 0.020713970912296167
Area: 0.0002447028907654023
CentroidX: 0.5429
CentroidY: 0.5229
