Location: Samociqulo_1709_page_10.png_Gaussian-Median.png
Component: component_1755610056191_1798.png
centerX: 0.8579852579852579
centerY: 0.3865625
width: 0.015233415233415233
height: 0.0121875
Area: 9.613022113022112e-05
CentroidX: 0.8650
CentroidY: 0.3916
