Location: Kurtxevani_1764_page_10.png_Otsu.png
Component: component_1755610055988_1773.png
centerX: 0.17993527508090615
centerY: 0.7455565949485501
width: 0.045954692556634306
height: 0.028999064546304958
Area: 0.0006203057026347099
CentroidX: 0.1985
CentroidY: 0.7616
