Location: Paraklitoni_1720_page_10.png_Mean-Medain.png
Component: component_1755610055650_2264.png
centerX: 0.07926829268292683
centerY: 0.8350877192982457
width: 0.011432926829268292
height: 0.011528822055137845
Area: 5.004890274466654e-05
CentroidX: 0.0848
CentroidY: 0.8395
