Location: Samociqulo_1709_page_10.png_Gaussian-Median.png
Component: component_1755610056141_1219.png
centerX: 0.21621621621621623
centerY: 0.27625
width: 0.03144963144963145
height: 0.016875
Area: 0.00021022727272727274
CentroidX: 0.2314
CentroidY: 0.2852
