Location: Kurtxevani_1794_page_10.png_Mean-Medain.png
Component: component_1755610054593_443.png
centerX: 0.9398012857977791
centerY: 0.07888937858087264
width: 0.008182349503214495
height: 0.007933010136624064
Area: 3.786455257106752e-05
CentroidX: 0.9435
CentroidY: 0.0829
