Location: Samociqulo_1709_page_10.png_Gaussian-Median.png
Component: component_1755610056272_2821.png
centerX: 0.800982800982801
centerY: 0.695
width: 0.03783783783783784
height: 0.0171875
Area: 0.00027042383292383293
CentroidX: 0.8214
CentroidY: 0.7040
