Location: Samociqulo_1709_page_10.png_Gaussian-Median.png
Component: component_1755610056285_3016.png
centerX: 0.1945945945945946
centerY: 0.749375
width: 0.021621621621621623
height: 0.010625
Area: 0.00010887592137592138
CentroidX: 0.2058
CentroidY: 0.7535
