Location: Kurtxevani_1764_page_10.png_Otsu.png
Component: component_1755610055846_691.png
centerX: 0.5760517799352751
centerY: 0.2048643592142189
width: 0.021359223300970873
height: 0.009354536950420954
Area: 0.00012260800857347853
CentroidX: 0.5877
CentroidY: 0.2088
