Location: Samociqulo_1709_page_10.png_Gaussian-Median.png
Component: component_1755610056165_1500.png
centerX: 0.5936117936117936
centerY: 0.328125
width: 0.03636363636363636
height: 0.02375
Area: 0.0002853194103194103
CentroidX: 0.6145
CentroidY: 0.3370
