Location: Samociqulo_1709_page_10.png_Gaussian-Median.png
Component: component_1755610056179_1694.png
centerX: 0.8702702702702703
centerY: 0.3559375
width: 0.02457002457002457
height: 0.0084375
Area: 0.00011532555282555283
CentroidX: 0.8812
CentroidY: 0.3599
