Location: Kurtxevani_1764_page_10.png_Otsu.png
Component: component_1755610055945_1359.png
centerX: 0.4330097087378641
centerY: 0.539289055191768
width: 0.018122977346278317
height: 0.02245088868101029
Area: 0.00022886828267049326
CentroidX: 0.4414
CentroidY: 0.5509
