Location: Samociqulo_1709_page_10.png_Gaussian-Median.png
Component: component_1755610056327_3745.png
centerX: 0.3985257985257985
centerY: 0.9125
width: 0.025552825552825554
height: 0.0071875
Area: 0.00010918304668304668
CentroidX: 0.4101
CentroidY: 0.9162
