Location: Samociqulo_1709_page_10.png_Gaussian-Median.png
Component: component_1755610056234_2260.png
centerX: 0.5213759213759214
centerY: 0.5384375
width: 0.01818181818181818
height: 0.0175
Area: 0.00012745700245700247
CentroidX: 0.5315
CentroidY: 0.5458
