Location: Samociqulo_1709_page_10.png_Gaussian-Median.png
Component: component_1755610056221_2079.png
centerX: 0.3759213759213759
centerY: 0.4871875
width: 0.01769041769041769
height: 0.015
Area: 0.0001428132678132678
CentroidX: 0.3831
CentroidY: 0.4946
