Location: Samociqulo_1709_page_10.png_Gaussian-Median.png
Component: component_1755610056251_2462.png
centerX: 0.5651105651105651
centerY: 0.593125
width: 0.032432432432432434
height: 0.009375
Area: 0.00015586609336609337
CentroidX: 0.5817
CentroidY: 0.5966
