Location: Paraklitoni_1720_page_10.png_Mean-Medain.png
Component: component_1755610055341_1386.png
centerX: 0.19664634146341464
centerY: 0.5037593984962406
width: 0.019054878048780487
height: 0.012531328320802004
Area: 0.00010544654318723638
CentroidX: 0.2050
CentroidY: 0.5112
