Location: Paraklitoni_1720_page_10.png_Mean-Medain.png
Component: component_1755610055544_2174.png
centerX: 0.6722560975609756
centerY: 0.7979949874686717
width: 0.013719512195121951
height: 0.012030075187969926
Area: 9.81875420257962e-05
CentroidX: 0.6787
CentroidY: 0.8050
