Location: Kurtxevani_1794_page_10.png_Mean-Medain.png
Component: component_1755610055121_2795.png
centerX: 0.36002337814143776
centerY: 0.881004847950639
width: 0.018702513150204558
height: 0.022036139268400177
Area: 0.00017464058940941344
CentroidX: 0.3704
CentroidY: 0.8912
