Location: Kurtxevani_1794_page_10.png_Mean-Medain.png
Component: component_1755610055002_1646.png
centerX: 0.28170660432495614
centerY: 0.4839136183340679
width: 0.01636469900642899
height: 0.013662406346408109
Area: 0.0001300789050910823
CentroidX: 0.2897
CentroidY: 0.4901
