Location: Paraklitoni_1720_page_10.png_Mean-Medain.png
Component: component_1755610055323_1200.png
centerX: 0.5182926829268293
centerY: 0.43759398496240604
width: 0.025914634146341462
height: 0.02155388471177945
Area: 0.0003086985757075616
CentroidX: 0.5305
CentroidY: 0.4483
