Location: Paraklitoni_1720_page_10.png_Mean-Medain.png
Component: component_1755610055342_1393.png
centerX: 0.37271341463414637
centerY: 0.505764411027569
width: 0.021341463414634148
height: 0.013032581453634085
Area: 0.00014938260284858487
CentroidX: 0.3838
CentroidY: 0.5120
