Location: Kurtxevani_1794_page_10.png_Mean-Medain.png
Component: component_1755610055043_2030.png
centerX: 0.43950905902980714
centerY: 0.6324371970030851
width: 0.012857977790765635
height: 0.013662406346408109
Area: 7.650185111297314e-05
CentroidX: 0.4441
CentroidY: 0.6404
