Location: Samociqulo_1709_page_10.png_Gaussian-Median.png
Component: component_1755610056179_1680.png
centerX: 0.5803439803439804
centerY: 0.353125
width: 0.019656019656019656
height: 0.0125
Area: 0.00013037469287469286
CentroidX: 0.5886
CentroidY: 0.3598
