Location: Samociqulo_1709_page_10.png_Gaussian-Median.png
Component: component_1755610056181_1705.png
centerX: 0.509090909090909
centerY: 0.358125
width: 0.02457002457002457
height: 0.0078125
Area: 0.0001203931203931204
CentroidX: 0.5197
CentroidY: 0.3617
