Location: Samociqulo_1709_page_10.png_Gaussian-Median.png
Component: component_1755610056116_786.png
centerX: 0.6624078624078624
centerY: 0.1521875
width: 0.02113022113022113
height: 0.0075
Area: 8.952702702702703e-05
CentroidX: 0.6715
CentroidY: 0.1562
