Location: Samociqulo_1709_page_10.png_Gaussian-Median.png
Component: component_1755610056313_3491.png
centerX: 0.7361179361179361
centerY: 0.8609375
width: 0.011302211302211302
height: 0.00875
Area: 5.773955773955774e-05
CentroidX: 0.7420
CentroidY: 0.8647
