Location: Kurtxevani_1794_page_10.png_Mean-Medain.png
Component: component_1755610055106_2563.png
centerX: 0.31268264172998245
centerY: 0.8148964301454386
width: 0.012857977790765635
height: 0.02247686205376818
Area: 0.00010766927193677701
CentroidX: 0.3190
CentroidY: 0.8264
