Location: Samociqulo_1709_page_10.png_Gaussian-Median.png
Component: component_1755610056246_2425.png
centerX: 0.23734643734643734
centerY: 0.5834375
width: 0.029484029484029485
height: 0.018125
Area: 0.00021683046683046683
CentroidX: 0.2515
CentroidY: 0.5914
