Location: Samociqulo_1709_page_10.png_Gaussian-Median.png
Component: component_1755610056328_3746.png
centerX: 0.2889434889434889
centerY: 0.913125
width: 0.020147420147420148
height: 0.0128125
Area: 0.000125
CentroidX: 0.3001
CentroidY: 0.9182
