Location: Kurtxevani_1784_page_10.png_Gaussian-Closing.png
Component: component_1755610055748_397.png
centerX: 0.6566200215285253
centerY: 0.5346613545816733
width: 0.021528525296017224
height: 0.019123505976095617
Area: 0.00024702052929294663
CentroidX: 0.6678
CentroidY: 0.5462
