Location: Samociqulo_1709_page_10.png_Gaussian-Median.png
Component: component_1755610056321_3607.png
centerX: 0.4800982800982801
centerY: 0.8859375
width: 0.030466830466830467
height: 0.009375
Area: 0.00015555896805896806
CentroidX: 0.4951
CentroidY: 0.8898
