Location: Paraklitoni_1720_page_10.png_Mean-Medain.png
Component: component_1755610055274_666.png
centerX: 0.7698170731707317
centerY: 0.24260651629072683
width: 0.023628048780487805
height: 0.008020050125313283
Area: 0.00010926707011431016
CentroidX: 0.7813
CentroidY: 0.2463
