Location: Kurtxevani_1764_page_10.png_Otsu.png
Component: component_1755610055986_1732.png
centerX: 0.46601941747572817
centerY: 0.724508886810103
width: 0.01488673139158576
height: 0.01683816651075772
Area: 0.00017649498518108143
CentroidX: 0.4730
CentroidY: 0.7327
