Location: Samociqulo_1709_page_10.png_Gaussian-Median.png
Component: component_1755610056184_1746.png
centerX: 0.11154791154791155
centerY: 0.3721875
width: 0.05749385749385749
height: 0.069375
Area: 0.0010839987714987714
CentroidX: 0.1393
CentroidY: 0.4102
