Location: Kurtxevani_1764_page_10.png_Otsu.png
Component: component_1755610055970_1580.png
centerX: 0.5637540453074433
centerY: 0.6557530402245089
width: 0.020064724919093852
height: 0.0205799812909261
Area: 0.0001970810211884803
CentroidX: 0.5740
CentroidY: 0.6662
