Location: Samociqulo_1709_page_10.png_Gaussian-Median.png
Component: component_1755610056328_3747.png
centerX: 0.3366093366093366
centerY: 0.913125
width: 0.013759213759213759
height: 0.00875
Area: 6.956388206388207e-05
CentroidX: 0.3430
CentroidY: 0.9171
