Location: Kurtxevani_1794_page_10.png_Mean-Medain.png
Component: component_1755610055093_2460.png
centerX: 0.5493863237872589
centerY: 0.7805200528867342
width: 0.017533606078316773
height: 0.012780960775672102
Area: 0.0001254424292660536
CentroidX: 0.5587
CentroidY: 0.7869
