Location: Kurtxevani_1794_page_10.png_Mean-Medain.png
Component: component_1755610054990_1593.png
centerX: 0.29047340736411453
centerY: 0.4614367562802997
width: 0.018118059614260665
height: 0.013662406346408109
Area: 0.0001316243970327585
CentroidX: 0.2991
CentroidY: 0.4673
