Location: Kurtxevani_1794_page_10.png_Mean-Medain.png
Component: component_1755610054999_1616.png
centerX: 0.891291642314436
centerY: 0.4649625385632437
width: 0.01636469900642899
height: 0.01498457470251212
Area: 0.00016794345766214978
CentroidX: 0.9004
CentroidY: 0.4712
