Location: Kurtxevani_1794_page_10.png_Mean-Medain.png
Component: component_1755610054876_1106.png
centerX: 0.4745762711864407
centerY: 0.30586161304539444
width: 0.011689070718877849
height: 0.015425297487880123
Area: 0.00010406312407286583
CentroidX: 0.4804
CentroidY: 0.3132
