Location: Samociqulo_1709_page_10.png_Gaussian-Median.png
Component: component_1755610056117_787.png
centerX: 0.682063882063882
centerY: 0.151875
width: 0.023095823095823097
height: 0.014375
Area: 0.0001517199017199017
CentroidX: 0.6927
CentroidY: 0.1576
