Location: Kurtxevani_1764_page_10.png_Otsu.png
Component: component_1755610055809_348.png
centerX: 0.5482200647249191
centerY: 0.09775491113189898
width: 0.020711974110032363
height: 0.023854069223573433
Area: 0.00025490356350338003
CentroidX: 0.5584
CentroidY: 0.1088
