Location: Samociqulo_1709_page_10.png_Gaussian-Median.png
Component: component_1755610056257_2584.png
centerX: 0.5803439803439804
centerY: 0.624375
width: 0.019656019656019656
height: 0.0125
Area: 0.00012361793611793612
CentroidX: 0.5906
CentroidY: 0.6291
