Location: Samociqulo_1709_page_10.png_Gaussian-Median.png
Component: component_1755610056227_2178.png
centerX: 0.15135135135135136
centerY: 0.5146875
width: 0.03194103194103194
height: 0.0140625
Area: 0.0001871928746928747
CentroidX: 0.1679
CentroidY: 0.5199
