Location: Paraklitoni_1720_page_10.png_Mean-Medain.png
Component: component_1755610055681_2376.png
centerX: 0.2385670731707317
centerY: 0.8651629072681705
width: 0.014481707317073171
height: 0.013032581453634085
Area: 8.978238278623388e-05
CentroidX: 0.2454
CentroidY: 0.8706
