Location: Samociqulo_1709_page_10.png_Gaussian-Median.png
Component: component_1755610056222_2083.png
centerX: 0.6142506142506142
centerY: 0.4878125
width: 0.032432432432432434
height: 0.0159375
Area: 0.00026167076167076165
CentroidX: 0.6319
CentroidY: 0.4949
