Location: Samociqulo_1709_page_10.png_Gaussian-Median.png
Component: component_1755610056245_2395.png
centerX: 0.655036855036855
centerY: 0.5725
width: 0.023587223587223587
height: 0.0071875
Area: 0.00010365479115479116
CentroidX: 0.6658
CentroidY: 0.5759
