Location: Samociqulo_1709_page_10.png_Gaussian-Median.png
Component: component_1755610056141_1218.png
centerX: 0.5454545454545454
centerY: 0.2759375
width: 0.03882063882063882
height: 0.0184375
Area: 0.00027764127764127766
CentroidX: 0.5619
CentroidY: 0.2852
