Location: Kurtxevani_1764_page_10.png_Otsu.png
Component: component_1755610055918_1141.png
centerX: 0.510032362459547
centerY: 0.441534144059869
width: 0.01488673139158576
height: 0.018709073900841908
Area: 0.00018133875835929294
CentroidX: 0.5168
CentroidY: 0.4506
