Location: Kurtxevani_1794_page_10.png_Mean-Medain.png
Component: component_1755610055121_2801.png
centerX: 0.575686732904734
centerY: 0.882327016306743
width: 0.0385739333722969
height: 0.022036139268400177
Area: 0.00045901110667783887
CentroidX: 0.5939
CentroidY: 0.8929
