Location: Paraklitoni_1720_page_10.png_Mean-Medain.png
Component: component_1755610055500_2002.png
centerX: 0.2660060975609756
centerY: 0.731829573934837
width: 0.010670731707317074
height: 0.014536340852130326
Area: 0.00010239012164557736
CentroidX: 0.2707
CentroidY: 0.7391
