Location: Samociqulo_1709_page_10.png_Gaussian-Median.png
Component: component_1755610056307_3392.png
centerX: 0.6938574938574938
centerY: 0.8334375
width: 0.021621621621621623
height: 0.0103125
Area: 0.00011286855036855037
CentroidX: 0.7028
CentroidY: 0.8376
