Location: Kurtxevani_1764_page_10.png_Otsu.png
Component: component_1755610055868_822.png
centerX: 0.6032362459546926
centerY: 0.26707202993451823
width: 0.01423948220064725
height: 0.017305893358278764
Area: 0.00015257885511366217
CentroidX: 0.6099
CentroidY: 0.2754
