Location: Kurtxevani_1794_page_10.png_Mean-Medain.png
Component: component_1755610054890_1166.png
centerX: 0.11805961426066627
centerY: 0.3323049801674747
width: 0.015780245470485097
height: 0.015866020273248127
Area: 0.00016845862164270855
CentroidX: 0.1258
CentroidY: 0.3400
