Location: Samociqulo_1709_page_10.png_Gaussian-Median.png
Component: component_1755610056217_2040.png
centerX: 0.3945945945945946
centerY: 0.4796875
width: 0.025552825552825554
height: 0.014375
Area: 0.00016784398034398035
CentroidX: 0.4072
CentroidY: 0.4881
