Location: Samociqulo_1709_page_10.png_Gaussian-Median.png
Component: component_1755610056255_2545.png
centerX: 0.35528255528255526
centerY: 0.616875
width: 0.015724815724815724
height: 0.0140625
Area: 7.371007371007371e-05
CentroidX: 0.3617
CentroidY: 0.6238
