Location: Samociqulo_1709_page_10.png_Gaussian-Median.png
Component: component_1755610056326_3728.png
centerX: 0.16953316953316952
centerY: 0.9109375
width: 0.016216216216216217
height: 0.009375
Area: 8.891277641277642e-05
CentroidX: 0.1773
CentroidY: 0.9154
