Location: Kurtxevani_1764_page_10.png_Otsu.png
Component: component_1755610055834_612.png
centerX: 0.6964401294498382
centerY: 0.1735266604303087
width: 0.017475728155339806
height: 0.015434985968194575
Area: 0.0001401666863444952
CentroidX: 0.7065
CentroidY: 0.1793
