Location: Samociqulo_1709_page_10.png_Gaussian-Median.png
Component: component_1755610056291_3130.png
centerX: 0.14103194103194103
centerY: 0.77875
width: 0.013759213759213759
height: 0.009375
Area: 7.478501228501229e-05
CentroidX: 0.1481
CentroidY: 0.7831
