Location: Paraklitoni_1720_page_10.png_Mean-Medain.png
Component: component_1755610055682_2386.png
centerX: 0.6310975609756098
centerY: 0.8661654135338346
width: 0.010670731707317074
height: 0.013032581453634085
Area: 7.602848584876826e-05
CentroidX: 0.6366
CentroidY: 0.8718
