Location: Samociqulo_1709_page_10.png_Gaussian-Median.png
Component: component_1755610056164_1475.png
centerX: 0.47665847665847666
centerY: 0.3259375
width: 0.03783783783783784
height: 0.02
Area: 0.00026105651105651104
CentroidX: 0.4958
CentroidY: 0.3339
