Location: Kurtxevani_1764_page_10.png_Otsu.png
Component: component_1755610055932_1251.png
centerX: 0.7773462783171521
centerY: 0.4962581852198316
width: 0.016181229773462782
height: 0.02245088868101029
Area: 0.00019738375701211852
CentroidX: 0.7864
CentroidY: 0.5088
