Location: Kurtxevani_1794_page_10.png_Mean-Medain.png
Component: component_1755610055034_1924.png
centerX: 0.8790181180596143
centerY: 0.5918907007492288
width: 0.015780245470485097
height: 0.022036139268400177
Area: 0.00019627747659288058
CentroidX: 0.8861
CentroidY: 0.6039
