Location: Kurtxevani_1764_page_10.png_Otsu.png
Component: component_1755610055990_1787.png
centerX: 0.312621359223301
centerY: 0.7507015902712816
width: 0.01423948220064725
height: 0.019644527595884004
Area: 0.0001777059284756343
CentroidX: 0.3186
CentroidY: 0.7602
