Location: Kurtxevani_1794_page_10.png_Mean-Medain.png
Component: component_1755610054861_1033.png
centerX: 0.8024547048509644
centerY: 0.28294402820625825
width: 0.017533606078316773
height: 0.009695901278096077
Area: 0.00011230574776180568
CentroidX: 0.8115
CentroidY: 0.2870
