Location: Paraklitoni_1720_page_10.png_Mean-Medain.png
Component: component_1755610055396_1816.png
centerX: 0.23246951219512196
centerY: 0.6541353383458647
width: 0.011432926829268292
height: 0.014536340852130326
Area: 8.863622470811175e-05
CentroidX: 0.2382
CentroidY: 0.6609
