Location: Kurtxevani_1764_page_10.png_Otsu.png
Component: component_1755610055941_1331.png
centerX: 0.8362459546925566
centerY: 0.5275958840037418
width: 0.013592233009708738
height: 0.019644527595884004
Area: 0.00018497158824295156
CentroidX: 0.8428
CentroidY: 0.5363
