Location: Paraklitoni_1720_page_10.png_Mean-Medain.png
Component: component_1755610055651_2268.png
centerX: 0.24695121951219512
centerY: 0.8365914786967419
width: 0.010670731707317074
height: 0.014035087719298246
Area: 8.94003300935265e-05
CentroidX: 0.2515
CentroidY: 0.8434
