Location: Paraklitoni_1720_page_10.png_Mean-Medain.png
Component: component_1755610055299_920.png
centerX: 0.5198170731707317
centerY: 0.3393483709273183
width: 0.022103658536585365
height: 0.02055137844611529
Area: 0.0002032520325203252
CentroidX: 0.5316
CentroidY: 0.3492
