Location: Paraklitoni_1720_page_10.png_Mean-Medain.png
Component: component_1755610055324_1221.png
centerX: 0.6608231707317073
centerY: 0.4446115288220551
width: 0.023628048780487805
height: 0.012531328320802004
Area: 0.0001402133382236078
CentroidX: 0.6723
CentroidY: 0.4513
