Location: Kurtxevani_1794_page_10.png_Mean-Medain.png
Component: component_1755610054914_1330.png
centerX: 0.2513150204558738
centerY: 0.38034376377258705
width: 0.017533606078316773
height: 0.01630674305861613
Area: 0.00014707931644952077
CentroidX: 0.2601
CentroidY: 0.3884
