Location: Paraklitoni_1720_page_10.png_Mean-Medain.png
Component: component_1755610055276_688.png
centerX: 0.7240853658536586
centerY: 0.256140350877193
width: 0.010670731707317074
height: 0.014035087719298246
Area: 9.665933125496669e-05
CentroidX: 0.7291
CentroidY: 0.2624
