Location: Kurtxevani_1794_page_10.png_Mean-Medain.png
Component: component_1755610054950_1444.png
centerX: 0.7708942139099941
centerY: 0.4125165271044513
width: 0.015780245470485097
height: 0.014543851917144116
Area: 0.00013729120081890466
CentroidX: 0.7799
CentroidY: 0.4185
