Location: Paraklitoni_1720_page_10.png_Mean-Medain.png
Component: component_1755610055662_2290.png
centerX: 0.614329268292683
centerY: 0.8401002506265665
width: 0.013719512195121951
height: 0.013533834586466165
Area: 7.641053854147564e-05
CentroidX: 0.6199
CentroidY: 0.8467
