Location: Samociqulo_1709_page_10.png_Gaussian-Median.png
Component: component_1755610056132_1043.png
centerX: 0.8737100737100737
centerY: 0.2240625
width: 0.03144963144963145
height: 0.0159375
Area: 0.0002354115479115479
CentroidX: 0.8871
CentroidY: 0.2324
