Location: Samociqulo_1709_page_10.png_Gaussian-Median.png
Component: component_1755610056311_3467.png
centerX: 0.36117936117936117
centerY: 0.856875
width: 0.020147420147420148
height: 0.019375
Area: 0.00016507985257985258
CentroidX: 0.3695
CentroidY: 0.8659
