Location: Samociqulo_1709_page_10.png_Gaussian-Median.png
Component: component_1755610056274_2854.png
centerX: 0.6147420147420147
centerY: 0.7025
width: 0.023095823095823097
height: 0.0178125
Area: 0.00018366093366093365
CentroidX: 0.6259
CentroidY: 0.7101
