Location: Samociqulo_1709_page_10.png_Gaussian-Median.png
Component: component_1755610056303_3360.png
centerX: 0.542997542997543
centerY: 0.8275
width: 0.0171990171990172
height: 0.014375
Area: 0.00010626535626535626
CentroidX: 0.5514
CentroidY: 0.8356
