Location: Kurtxevani_1794_page_10.png_Mean-Medain.png
Component: component_1755610055111_2659.png
centerX: 0.3343074225599065
centerY: 0.8453063023358308
width: 0.020455873758036237
height: 0.020713970912296167
Area: 0.00022100534765970018
CentroidX: 0.3439
CentroidY: 0.8558
