Location: Kurtxevani_1764_page_10.png_Otsu.png
Component: component_1755610055881_962.png
centerX: 0.18122977346278318
centerY: 0.32881197380729654
width: 0.016828478964401296
height: 0.021047708138447148
Area: 0.00022281356619772888
CentroidX: 0.1899
CentroidY: 0.3376
