Location: Kurtxevani_1764_page_10.png_Otsu.png
Component: component_1755610055888_1002.png
centerX: 0.36763754045307445
centerY: 0.3578110383536015
width: 0.012297734627831715
height: 0.01777362020579981
Area: 0.00012654357428077537
CentroidX: 0.3737
CentroidY: 0.3659
