Location: Samociqulo_1709_page_10.png_Gaussian-Median.png
Component: component_1755610056223_2098.png
centerX: 0.2339066339066339
centerY: 0.49
width: 0.028992628992628992
height: 0.0121875
Area: 0.00015417690417690417
CentroidX: 0.2486
CentroidY: 0.4942
