Location: Kurtxevani_1794_page_10.png_Mean-Medain.png
Component: component_1755610055039_1990.png
centerX: 0.30683810637054354
centerY: 0.620096959012781
width: 0.018118059614260665
height: 0.023358307624504186
Area: 0.00021379305193187782
CentroidX: 0.3160
CentroidY: 0.6314
