Location: Kurtxevani_1764_page_10.png_Otsu.png
Component: component_1755610055967_1542.png
centerX: 0.629126213592233
centerY: 0.6323666978484564
width: 0.020064724919093852
height: 0.01683816651075772
Area: 0.0001904208330684395
CentroidX: 0.6413
CentroidY: 0.6391
