Location: Samociqulo_1709_page_10.png_Gaussian-Median.png
Component: component_1755610056088_384.png
centerX: 0.5552825552825553
centerY: 0.0528125
width: 0.03095823095823096
height: 0.0209375
Area: 0.00025046068796068797
CentroidX: 0.5726
CentroidY: 0.0615
