Location: Kurtxevani_1794_page_10.png_Mean-Medain.png
Component: component_1755610054813_820.png
centerX: 0.16423144360023378
centerY: 0.20713970912296165
width: 0.01636469900642899
height: 0.013662406346408109
Area: 0.0001210635354313043
CentroidX: 0.1732
CentroidY: 0.2124
