Location: Samociqulo_1709_page_10.png_Gaussian-Median.png
Component: component_1755610056311_3473.png
centerX: 0.10958230958230958
centerY: 0.8578125
width: 0.023095823095823097
height: 0.0125
Area: 0.00012423218673218673
CentroidX: 0.1221
CentroidY: 0.8627
