Location: Samociqulo_1709_page_10.png_Gaussian-Median.png
Component: component_1755610056275_2858.png
centerX: 0.8412776412776413
centerY: 0.7034375
width: 0.020147420147420148
height: 0.01625
Area: 0.0001464987714987715
CentroidX: 0.8520
CentroidY: 0.7110
