Location: Kurtxevani_1764_page_10.png_Otsu.png
Component: component_1755610055906_1059.png
centerX: 0.7831715210355987
centerY: 0.38868101028999064
width: 0.012297734627831715
height: 0.018709073900841908
Area: 0.0001353229131662837
CentroidX: 0.7897
CentroidY: 0.3968
