Location: Paraklitoni_1720_page_10.png_Mean-Medain.png
Component: component_1755610055161_83.png
centerX: 0.48323170731707316
centerY: 0.040100250626566414
width: 0.04649390243902439
height: 0.03107769423558897
Area: 0.0006296228375817593
CentroidX: 0.5046
CentroidY: 0.0572
