Location: Kurtxevani_1764_page_10.png_Otsu.png
Component: component_1755610055947_1367.png
centerX: 0.22718446601941747
centerY: 0.5406922357343311
width: 0.01488673139158576
height: 0.01824134705332086
Area: 0.00017286215529742282
CentroidX: 0.2343
CentroidY: 0.5491
