Location: Samociqulo_1709_page_10.png_Gaussian-Median.png
Component: component_1755610056284_3006.png
centerX: 0.4751842751842752
centerY: 0.7478125
width: 0.02506142506142506
height: 0.015
Area: 0.00019548525798525798
CentroidX: 0.4877
CentroidY: 0.7547
