Location: Samociqulo_1709_page_10.png_Gaussian-Median.png
Component: component_1755610056132_1039.png
centerX: 0.6186732186732187
centerY: 0.2240625
width: 0.0285012285012285
height: 0.0153125
Area: 0.00018765356265356266
CentroidX: 0.6322
CentroidY: 0.2324
