Location: Samociqulo_1709_page_10.png_Gaussian-Median.png
Component: component_1755610056218_2052.png
centerX: 0.5739557739557739
centerY: 0.4821875
width: 0.018673218673218674
height: 0.01625
Area: 0.00016446560196560196
CentroidX: 0.5825
CentroidY: 0.4901
