Location: Samociqulo_1709_page_10.png_Gaussian-Median.png
Component: component_1755610056253_2509.png
centerX: 0.15577395577395578
centerY: 0.6109375
width: 0.015233415233415233
height: 0.0146875
Area: 9.843366093366093e-05
CentroidX: 0.1622
CentroidY: 0.6185
