Location: Samociqulo_1709_page_10.png_Gaussian-Median.png
Component: component_1755610056123_861.png
centerX: 0.4122850122850123
centerY: 0.175
width: 0.015233415233415233
height: 0.0090625
Area: 7.985257985257986e-05
CentroidX: 0.4194
CentroidY: 0.1791
