Location: Paraklitoni_1720_page_10.png_Mean-Medain.png
Component: component_1755610055497_1977.png
centerX: 0.33689024390243905
centerY: 0.7192982456140351
width: 0.012957317073170731
height: 0.011027568922305764
Area: 8.634390855186747e-05
CentroidX: 0.3443
CentroidY: 0.7236
