Location: Paraklitoni_1720_page_10.png_Mean-Medain.png
Component: component_1755610055305_987.png
centerX: 0.8399390243902439
centerY: 0.3593984962406015
width: 0.010670731707317074
height: 0.01804511278195489
Area: 0.00011308759704138395
CentroidX: 0.8455
CentroidY: 0.3681
