Location: Kurtxevani_1784_page_10.png_Gaussian-Closing.png
Component: component_1755610055755_451.png
centerX: 0.18945102260495156
centerY: 0.6111553784860557
width: 0.02906350914962325
height: 0.02151394422310757
Area: 0.00033364925657970913
CentroidX: 0.2052
CentroidY: 0.6202
