Location: Samociqulo_1709_page_10.png_Gaussian-Median.png
Component: component_1755610056165_1499.png
centerX: 0.41916461916461917
centerY: 0.3284375
width: 0.028992628992628992
height: 0.0190625
Area: 0.0002793304668304668
CentroidX: 0.4309
CentroidY: 0.3377
