Location: Paraklitoni_1720_page_10.png_Mean-Medain.png
Component: component_1755610055163_113.png
centerX: 0.19740853658536586
centerY: 0.05213032581453634
width: 0.01676829268292683
height: 0.013533834586466165
Area: 0.0001264594412861422
CentroidX: 0.2055
CentroidY: 0.0584
