Location: Samociqulo_1709_page_10.png_Gaussian-Median.png
Component: component_1755610056130_1022.png
centerX: 0.17248157248157248
centerY: 0.22125
width: 0.0285012285012285
height: 0.0159375
Area: 0.0002106879606879607
CentroidX: 0.1854
CentroidY: 0.2289
