Location: Kurtxevani_1764_page_10.png_Otsu.png
Component: component_1755610055927_1204.png
centerX: 0.4517799352750809
centerY: 0.4747427502338634
width: 0.013592233009708738
height: 0.01824134705332086
Area: 0.00017528404188652856
CentroidX: 0.4576
CentroidY: 0.4836
