Location: Kurtxevani_1794_page_10.png_Mean-Medain.png
Component: component_1755610054957_1494.png
centerX: 0.27469316189362947
centerY: 0.43190832966064346
width: 0.018702513150204558
height: 0.013662406346408109
Area: 0.0001210635354313043
CentroidX: 0.2838
CentroidY: 0.4388
