Location: Samociqulo_1709_page_10.png_Gaussian-Median.png
Component: component_1755610056288_3053.png
centerX: 0.6633906633906634
centerY: 0.7596875
width: 0.02457002457002457
height: 0.0096875
Area: 0.00016446560196560196
CentroidX: 0.6757
CentroidY: 0.7637
