Location: Paraklitoni_1720_page_10.png_Mean-Medain.png
Component: component_1755610055246_422.png
centerX: 0.24314024390243902
centerY: 0.1573934837092732
width: 0.01524390243902439
height: 0.013032581453634085
Area: 0.00010086191087474784
CentroidX: 0.2505
CentroidY: 0.1629
