Location: Samociqulo_1709_page_10.png_Gaussian-Median.png
Component: component_1755610056133_1054.png
centerX: 0.200982800982801
centerY: 0.226875
width: 0.02113022113022113
height: 0.010625
Area: 0.00011716830466830466
CentroidX: 0.2118
CentroidY: 0.2313
