Location: Samociqulo_1709_page_10.png_Gaussian-Median.png
Component: component_1755610056303_3366.png
centerX: 0.4068796068796069
centerY: 0.828125
width: 0.02407862407862408
height: 0.01625
Area: 0.0001514127764127764
CentroidX: 0.4174
CentroidY: 0.8355
