Location: Paraklitoni_1720_page_10.png_Mean-Medain.png
Component: component_1755610055298_909.png
centerX: 0.10289634146341463
centerY: 0.3358395989974937
width: 0.027439024390243903
height: 0.019548872180451128
Area: 0.0002399290910202335
CentroidX: 0.1164
CentroidY: 0.3457
