Location: Kurtxevani_1794_page_10.png_Mean-Medain.png
Component: component_1755610055011_1743.png
centerX: 0.4751607247223846
centerY: 0.5147642133098281
width: 0.018702513150204558
height: 0.0246804759806082
Area: 0.00018417112304975017
CentroidX: 0.4849
CentroidY: 0.5266
