Location: Kurtxevani_1794_page_10.png_Mean-Medain.png
Component: component_1755610054860_1027.png
centerX: 0.6569257744009351
centerY: 0.28206258263552225
width: 0.01636469900642899
height: 0.014103129131776113
Area: 0.00012492726528549487
CentroidX: 0.6658
CentroidY: 0.2878
