Location: Kurtxevani_1764_page_10.png_Otsu.png
Component: component_1755610055877_935.png
centerX: 0.8271844660194175
centerY: 0.323199251637044
width: 0.018122977346278317
height: 0.021047708138447148
Area: 0.000166201967177382
CentroidX: 0.8378
CentroidY: 0.3329
