Location: Kurtxevani_1764_page_10.png_Otsu.png
Component: component_1755610055993_1799.png
centerX: 0.5145631067961165
centerY: 0.7544434050514499
width: 0.012944983818770227
height: 0.018709073900841908
Area: 0.00015681715664459724
CentroidX: 0.5212
CentroidY: 0.7622
