Location: Samociqulo_1709_page_10.png_Gaussian-Median.png
Component: component_1755610056194_1838.png
centerX: 0.6378378378378379
centerY: 0.40625
width: 0.020638820638820637
height: 0.01625
Area: 0.00013974201474201473
CentroidX: 0.6479
CentroidY: 0.4143
