Location: Kurtxevani_1794_page_10.png_Mean-Medain.png
Component: component_1755610055124_2836.png
centerX: 0.48684979544126245
centerY: 0.8898193036579991
width: 0.022793687901811806
height: 0.01983252534156016
Area: 0.00022692973343612572
CentroidX: 0.4993
CentroidY: 0.8975
