Location: Paraklitoni_1720_page_10.png_Mean-Medain.png
Component: component_1755610055356_1536.png
centerX: 0.14405487804878048
centerY: 0.5503759398496241
width: 0.01753048780487805
height: 0.011027568922305764
Area: 0.00010506449049452901
CentroidX: 0.1528
CentroidY: 0.5544
