Location: Paraklitoni_1720_page_10.png_Mean-Medain.png
Component: component_1755610055290_822.png
centerX: 0.21570121951219512
centerY: 0.3017543859649123
width: 0.012195121951219513
height: 0.011027568922305764
Area: 6.227458891130265e-05
CentroidX: 0.2225
CentroidY: 0.3059
