Location: Paraklitoni_1720_page_10.png_Mean-Medain.png
Component: component_1755610055361_1595.png
centerX: 0.4695121951219512
centerY: 0.5729323308270676
width: 0.01600609756097561
height: 0.008521303258145364
Area: 9.856959471850358e-05
CentroidX: 0.4776
CentroidY: 0.5769
