Location: Samociqulo_1709_page_10.png_Gaussian-Median.png
Component: component_1755610056255_2551.png
centerX: 0.686977886977887
centerY: 0.6178125
width: 0.015233415233415233
height: 0.01625
Area: 0.00011378992628992629
CentroidX: 0.6955
CentroidY: 0.6248
