Location: Kurtxevani_1794_page_10.png_Mean-Medain.png
Component: component_1755610055018_1771.png
centerX: 0.5984804208065458
centerY: 0.5209343323049802
width: 0.01928696668614845
height: 0.025561921551344204
Area: 0.000263248794065517
CentroidX: 0.6075
CentroidY: 0.5333
