Location: Samociqulo_1709_page_10.png_Gaussian-Median.png
Component: component_1755610056206_1944.png
centerX: 0.49975429975429975
centerY: 0.44
width: 0.023095823095823097
height: 0.00875
Area: 0.00012377149877149877
CentroidX: 0.5112
CentroidY: 0.4438
