Location: Kurtxevani_1794_page_10.png_Mean-Medain.png
Component: component_1755610055118_2711.png
centerX: 0.798947983635301
centerY: 0.8572058175407669
width: 0.03272939801285798
height: 0.014103129131776113
Area: 0.00026530944998775195
CentroidX: 0.8163
CentroidY: 0.8637
