Location: Kurtxevani_1794_page_10.png_Mean-Medain.png
Component: component_1755610054806_746.png
centerX: 0.8322618351841029
centerY: 0.18113706478624944
width: 0.01694915254237288
height: 0.01498457470251212
Area: 0.00015506435814818126
CentroidX: 0.8420
CentroidY: 0.1874
