Location: Kurtxevani_1794_page_10.png_Mean-Medain.png
Component: component_1755610055035_1930.png
centerX: 0.48217416715371125
centerY: 0.5936535918907008
width: 0.02162478082992402
height: 0.01895107977082415
Area: 0.00018339837707891205
CentroidX: 0.4937
CentroidY: 0.6010
