Location: Samociqulo_1709_page_10.png_Gaussian-Median.png
Component: component_1755610056139_1139.png
centerX: 0.3179361179361179
centerY: 0.2525
width: 0.03144963144963145
height: 0.0096875
Area: 0.00017843980343980345
CentroidX: 0.3341
CentroidY: 0.2571
