Location: Samociqulo_1709_page_10.png_Gaussian-Median.png
Component: component_1755610056307_3398.png
centerX: 0.3277641277641278
centerY: 0.835
width: 0.02113022113022113
height: 0.010625
Area: 0.00012714987714987716
CentroidX: 0.3383
CentroidY: 0.8395
