Location: Samociqulo_1709_page_10.png_Gaussian-Median.png
Component: component_1755610056302_3290.png
centerX: 0.8093366093366093
centerY: 0.810625
width: 0.013759213759213759
height: 0.0084375
Area: 6.357493857493858e-05
CentroidX: 0.8166
CentroidY: 0.8142
