Location: Kurtxevani_1764_page_10.png_Otsu.png
Component: component_1755610055974_1611.png
centerX: 0.27766990291262134
centerY: 0.6632366697848456
width: 0.020711974110032363
height: 0.01028999064546305
Area: 0.00014622140281725956
CentroidX: 0.2879
CentroidY: 0.6678
