Location: Samociqulo_1709_page_10.png_Gaussian-Median.png
Component: component_1755610056220_2069.png
centerX: 0.7395577395577395
centerY: 0.485
width: 0.025552825552825554
height: 0.014375
Area: 0.00016124078624078623
CentroidX: 0.7516
CentroidY: 0.4918
