Location: Kurtxevani_1764_page_10.png_Otsu.png
Component: component_1755610056016_2109.png
centerX: 0.8679611650485437
centerY: 0.872778297474275
width: 0.017475728155339806
height: 0.021515434985968196
Area: 0.0002567199784452094
CentroidX: 0.8762
CentroidY: 0.8828
