Location: Kurtxevani_1794_page_10.png_Mean-Medain.png
Component: component_1755610055117_2710.png
centerX: 0.7831677381648159
centerY: 0.8567650947553989
width: 0.014611338398597311
height: 0.013221683561040106
Area: 0.00011951804348962808
CentroidX: 0.7907
CentroidY: 0.8624
