Location: internet_9.png_Otsu.png
Component: component_1755092072203_756.png
centerX: 0.6287787182587666
centerY: 0.5249500998003992
width: 0.023377670294236194
height: 0.02623324779013402
Area: 0.00020940441912282995
CentroidX: 0.6435
CentroidY: 0.5366
