Location: internet_9.png_Mean-Closing.png
Component: component_1755092071835_175.png
centerX: 0.4554615074566707
centerY: 0.3889364128885087
width: 0.0237807335751713
height: 0.03022526375819789
Area: 0.00032973725491953847
CentroidX: 0.4708
CentroidY: 0.4034
