Location: internet_9.png_Gaussian-Median.png
Component: component_1755092071676_115.png
centerX: 0.9153567110036276
centerY: 0.19446820644425436
width: 0.024989923417976623
height: 0.025092671799258625
Area: 0.00030813021277075034
CentroidX: 0.9299
CentroidY: 0.2063
