Location: Dedata_4.png_Gaussian-Closing.png
Component: component_1755523235936_263.png
centerX: 0.419758064516129
centerY: 0.4066685665431747
width: 0.03024193548387097
height: 0.015388999715018524
Area: 0.00021902205388907786
CentroidX: 0.4364
CentroidY: 0.4123
