Location: Dedata_4.png_Mean-Medain.png
Component: component_1755523235538_29.png
centerX: 0.9395161290322581
centerY: 0.04075235109717868
width: 0.02217741935483871
height: 0.019663721858079224
Area: 0.0002251123838240837
CentroidX: 0.9519
CentroidY: 0.0486
