Location: Dedata_4.png_Otsu.png
Component: component_1755523236087_363.png
centerX: 0.5915322580645161
centerY: 0.48133371330863495
width: 0.02620967741935484
height: 0.021373610715303505
Area: 0.00019086864192537163
CentroidX: 0.6060
CentroidY: 0.4903
