Location: internet_9.png_Otsu.png
Component: component_1755092072170_307.png
centerX: 0.2893994357114067
centerY: 0.1899059024807528
width: 0.029826682789197905
height: 0.023666951810664385
Area: 0.00027617937384860614
CentroidX: 0.3059
CentroidY: 0.1992
