Location: internet_9.png_Gaussian-Closing.png
Component: component_1755092072554_209.png
centerX: 0.7307537283353487
centerY: 0.47419446820644423
width: 0.028214429665457477
height: 0.029654975762760195
Area: 0.0003149111462110615
CentroidX: 0.7463
CentroidY: 0.4873
