Location: internet_9.png_Gaussian-Closing.png
Component: component_1755092072572_284.png
centerX: 0.177347843611447
centerY: 0.6678072426575421
width: 0.029423619508262798
height: 0.031080695751354435
Area: 0.00036433150857265146
CentroidX: 0.1957
CentroidY: 0.6811
