Location: internet_9.png_Mean-Closing.png
Component: component_1755092071813_85.png
centerX: 0.24022571543732366
centerY: 0.19275734245794127
width: 0.02418379685610641
height: 0.021100655831194755
Area: 0.00027158213083822565
CentroidX: 0.2537
CentroidY: 0.2016
