Location: internet_9.png_Otsu.png
Component: component_1755092072215_1015.png
centerX: 0.12575574365175332
centerY: 0.6706586826347305
width: 0.027408303103587262
height: 0.031080695751354435
Area: 0.0003492755377136554
CentroidX: 0.1432
CentroidY: 0.6834
