Location: Dedata_4.png_Otsu.png
Component: component_1755523236102_443.png
centerX: 0.2536290322580645
centerY: 0.5884867483613565
width: 0.021774193548387097
height: 0.018523795953263037
Area: 0.00019397126283565762
CentroidX: 0.2641
CentroidY: 0.5957
