Location: internet_9.png_Gaussian-Median.png
Component: component_1755092071693_206.png
centerX: 0.27972591696896415
centerY: 0.3721129170230967
width: 0.02902055622732769
height: 0.023096663815226688
Area: 0.00032019797567299903
CentroidX: 0.2965
CentroidY: 0.3832
