Location: internet_9.png_Mean-Closing.png
Component: component_1755092071828_144.png
centerX: 0.7855703345425232
centerY: 0.3179355574565155
width: 0.032245062474808545
height: 0.031080695751354435
Area: 0.0004008795905051761
CentroidX: 0.8054
CentroidY: 0.3316
