Location: internet_9.png_Gaussian-Median.png
Component: component_1755092071700_243.png
centerX: 0.18178153970173316
centerY: 0.46421442828628456
width: 0.024989923417976623
height: 0.031936127744510975
Area: 0.00032468028760812
CentroidX: 0.1982
CentroidY: 0.4788
