Location: internet_9.png_Gaussian-Closing.png
Component: component_1755092072544_170.png
centerX: 0.6231358323256752
centerY: 0.3721129170230967
width: 0.027005239822652155
height: 0.025377815796977475
Area: 0.00031238266255535226
CentroidX: 0.6393
CentroidY: 0.3837
