Location: Dedata_4.png_Otsu.png
Component: component_1755523236078_311.png
centerX: 0.9596774193548387
centerY: 0.4157879737817042
width: 0.020161290322580645
height: 0.020518666286691366
Area: 0.00019086864192537163
CentroidX: 0.9687
CentroidY: 0.4242
