Location: Dedata_4.png_Gaussian-Median.png
Component: component_1755523236216_151.png
centerX: 0.4064516129032258
centerY: 0.219435736677116
width: 0.025806451612903226
height: 0.01909375890567113
Area: 0.00024062548837551365
CentroidX: 0.4211
CentroidY: 0.2269
