Location: internet_9.png_Otsu.png
Component: component_1755092072207_842.png
centerX: 0.6557839580814188
centerY: 0.572284003421728
width: 0.026602176541717048
height: 0.028514399771884802
Area: 0.00022170204417559767
CentroidX: 0.6734
CentroidY: 0.5850
