Location: Dedata_4.png_Gaussian-Closing.png
Component: component_1755523235944_296.png
centerX: 0.8310483870967742
centerY: 0.4659447135936164
width: 0.03185483870967742
height: 0.015958962667426618
Area: 0.000248669320365144
CentroidX: 0.8483
CentroidY: 0.4715
