Location: Dedata_4.png_Otsu.png
Component: component_1755523236069_269.png
centerX: 0.05120967741935484
centerY: 0.3530920490168139
width: 0.027016129032258064
height: 0.016243944143630663
Area: 0.00018225025050791054
CentroidX: 0.0664
CentroidY: 0.3587
