Location: internet_9.png_Gaussian-Median.png
Component: component_1755092071714_295.png
centerX: 0.6033857315598549
centerY: 0.5777017393783861
width: 0.03143893591293833
height: 0.026803535785571715
Area: 0.0002927294486859758
CentroidX: 0.6239
CentroidY: 0.5902
