Location: Dedata_4.png_Gaussian-Median.png
Component: component_1755523236235_223.png
centerX: 0.30443548387096775
centerY: 0.33998290111142776
width: 0.031048387096774193
height: 0.01567398119122257
Area: 0.00022476764816738525
CentroidX: 0.3227
CentroidY: 0.3454
