Location: internet_9.png_Otsu.png
Component: component_1755092072212_1001.png
centerX: 0.7891979040709391
centerY: 0.6449957228400343
width: 0.029423619508262798
height: 0.029654975762760195
Area: 0.0003629523356695373
CentroidX: 0.8069
CentroidY: 0.6587
