Location: Dedata_4.png_Gaussian-Median.png
Component: component_1755523236243_267.png
centerX: 0.3818548387096774
centerY: 0.4106583072100313
width: 0.024596774193548387
height: 0.018523795953263037
Area: 0.0002112080456705798
CentroidX: 0.3955
CentroidY: 0.4171
