Location: internet_9.png_Gaussian-Closing.png
Component: component_1755092072467_98.png
centerX: 0.6138653768641676
centerY: 0.21357285429141717
width: 0.029826682789197905
height: 0.02623324779013402
Area: 0.0003230712525544868
CentroidX: 0.6328
CentroidY: 0.2255
