Location: internet_9.png_Mean-Closing.png
Component: component_1755092072009_237.png
centerX: 0.3047158403869408
centerY: 0.553464499572284
width: 0.026199113260781944
height: 0.026803535785571715
Area: 0.00031157814502853564
CentroidX: 0.3208
CentroidY: 0.5659
