Location: Dedata_4.png_Mean-Medain.png
Component: component_1755523235577_213.png
centerX: 0.4786290322580645
centerY: 0.33000854944428615
width: 0.031451612903225803
height: 0.01738387004844685
Area: 0.0002541850908723191
CentroidX: 0.4964
CentroidY: 0.3361
