Location: Dedata_4.png_Gaussian-Median.png
Component: component_1755523236271_383.png
centerX: 0.5725806451612904
centerY: 0.6195497292675977
width: 0.025
height: 0.018523795953263037
Area: 0.00022890447604776657
CentroidX: 0.5861
CentroidY: 0.6264
