Location: internet_9.png_Gaussian-Closing.png
Component: component_1755092072550_190.png
centerX: 0.18137847642079807
centerY: 0.4143142286854862
width: 0.024586860137041516
height: 0.029654975762760195
Area: 0.0003529533321219598
CentroidX: 0.1962
CentroidY: 0.4290
