Location: Dedata_4.png_Otsu.png
Component: component_1755523236032_95.png
centerX: 0.4939516129032258
centerY: 0.11627244229125107
width: 0.01935483870967742
height: 0.0219435736677116
Area: 0.00014984509877825683
CentroidX: 0.5036
CentroidY: 0.1246
