Location: internet_9.png_Mean-Closing.png
Component: component_1755092072061_276.png
centerX: 0.3353486497380089
centerY: 0.6655260906757913
width: 0.026199113260781944
height: 0.028514399771884802
Area: 0.00036513602609946803
CentroidX: 0.3517
CentroidY: 0.6772
