Location: internet_9.png_Mean-Closing.png
Component: component_1755092072038_265.png
centerX: 0.8903667875856509
centerY: 0.64357000285144
width: 0.027408303103587262
height: 0.02623324779013402
Area: 0.00034743664050950325
CentroidX: 0.9068
CentroidY: 0.6557
