Location: Dedata_4.png_Mean-Medain.png
Component: component_1755523235559_135.png
centerX: 0.8407258064516129
centerY: 0.20091194072385296
width: 0.020161290322580645
height: 0.017953833000854943
Area: 0.00019891247391500198
CentroidX: 0.8507
CentroidY: 0.2079
