Location: Kurtxevani_1794_page_10.png_Mean-Medain.png
Component: component_1755610055126_2860.png
centerX: 0.8375219170075979
centerY: 0.8937858087263112
width: 0.014611338398597311
height: 0.014543851917144116
Area: 0.00013059406907164103
CentroidX: 0.8450
CentroidY: 0.8999
