Location: internet_9.png_Otsu.png
Component: component_1755092072180_429.png
centerX: 0.06529625151148731
centerY: 0.2928428856572569
width: 0.027005239822652155
height: 0.029369831765041345
Area: 0.0003143364908347639
CentroidX: 0.0812
CentroidY: 0.3072
