Location: Dedata_4.png_Gaussian-Median.png
Component: component_1755523236196_69.png
centerX: 0.8641129032258065
centerY: 0.10458820176688516
width: 0.025403225806451612
height: 0.020233684810487318
Area: 0.00021764311126228408
CentroidX: 0.8787
CentroidY: 0.1119
