Location: internet_9.png_Gaussian-Closing.png
Component: component_1755092072475_112.png
centerX: 0.17613865376864168
centerY: 0.24208725406330198
width: 0.02257154373236598
height: 0.03222127174222983
Area: 0.0003408855692197111
CentroidX: 0.1885
CentroidY: 0.2553
