Location: internet_9.png_Otsu.png
Component: component_1755092072159_41.png
centerX: 0.7178557033454253
centerY: 0.08240661534074707
width: 0.026602176541717048
height: 0.02480752780153978
Area: 0.00023112639234687763
CentroidX: 0.7338
CentroidY: 0.0936
