Location: Dedata_4.png_Gaussian-Closing.png
Component: component_1755523235907_217.png
centerX: 0.39233870967741935
centerY: 0.33513821601595895
width: 0.027419354838709678
height: 0.01652892561983471
Area: 0.00021902205388907786
CentroidX: 0.4078
CentroidY: 0.3412
