Location: internet_9.png_Otsu.png
Component: component_1755092072229_1069.png
centerX: 0.062071745264006446
centerY: 0.8420302252637581
width: 0.03466344216041919
height: 0.023666951810664385
Area: 0.0003526085388961813
CentroidX: 0.0816
CentroidY: 0.8533
