Location: internet_9.png_Mean-Closing.png
Component: component_1755092071865_204.png
centerX: 0.7722692462716646
centerY: 0.4716281722269746
width: 0.028214429665457477
height: 0.02623324779013402
Area: 0.00034881581341261736
CentroidX: 0.7892
CentroidY: 0.4842
