Location: Dedata_4.png_Gaussian-Median.png
Component: component_1755523236244_269.png
centerX: 0.28951612903225804
centerY: 0.4157879737817042
width: 0.03306451612903226
height: 0.01481903676261043
Area: 0.00023419042278380938
CentroidX: 0.3079
CentroidY: 0.4210
