Location: Dedata_4.png_Otsu.png
Component: component_1755523236083_337.png
centerX: 0.3685483870967742
centerY: 0.45027073240239385
width: 0.024193548387096774
height: 0.015958962667426618
Area: 0.00015823366642458563
CentroidX: 0.3806
CentroidY: 0.4559
