Location: Dedata_4.png_Mean-Medain.png
Component: component_1755523235545_68.png
centerX: 0.7314516129032258
centerY: 0.10629809062410943
width: 0.021370967741935483
height: 0.020518666286691366
Area: 0.00020144053539745724
CentroidX: 0.7433
CentroidY: 0.1150
