Location: internet_9.png_Otsu.png
Component: component_1755092072200_666.png
centerX: 0.9109230149133414
centerY: 0.49786142001710865
width: 0.02539298669891173
height: 0.02765896777872826
Area: 0.00020561169363926605
CentroidX: 0.9266
CentroidY: 0.5096
