Location: internet_9.png_Gaussian-Median.png
Component: component_1755092071668_59.png
centerX: 0.12615880693268844
centerY: 0.09523809523809523
width: 0.0354695687222894
height: 0.03165098374679213
Area: 0.00043731274136244125
CentroidX: 0.1467
CentroidY: 0.1096
