Location: internet_9.png_Otsu.png
Component: component_1755092072152_17.png
centerX: 0.6646513502619912
centerY: 0.040490447676076416
width: 0.029423619508262798
height: 0.02879954376960365
Area: 0.00038674306824825616
CentroidX: 0.6813
CentroidY: 0.0528
