Location: internet_9.png_Mean-Closing.png
Component: component_1755092071828_146.png
centerX: 0.7311567916162838
centerY: 0.32506415739948674
width: 0.03506650544135429
height: 0.02480752780153978
Area: 0.00037134230416348166
CentroidX: 0.7526
CentroidY: 0.3365
