Location: internet_9.png_Gaussian-Closing.png
Component: component_1755092072573_286.png
centerX: 0.12575574365175332
centerY: 0.6703735386370117
width: 0.02781136638452237
height: 0.03165098374679213
Area: 0.0003650210950242085
CentroidX: 0.1432
CentroidY: 0.6835
