Location: Dedata_4.png_Otsu.png
Component: component_1755523236069_268.png
centerX: 0.8217741935483871
centerY: 0.3522371045882018
width: 0.02338709677419355
height: 0.01738387004844685
Area: 0.00017719412754300002
CentroidX: 0.8335
CentroidY: 0.3585
