Location: Dedata_4.png_Mean-Medain.png
Component: component_1755523235531_4.png
centerX: 0.6673387096774194
centerY: 0.004844685095468795
width: 0.02258064516129032
height: 0.01909375890567113
Area: 0.00022074573217257008
CentroidX: 0.6799
CentroidY: 0.0121
