Location: Kurtxevani_1794_page_10.png_Mean-Medain.png
Component: component_1755610055125_2841.png
centerX: 0.6160140268848626
centerY: 0.8907007492287351
width: 0.013442431326709527
height: 0.014543851917144116
Area: 0.00011900287950906933
CentroidX: 0.6228
CentroidY: 0.8973
