Location: Dedata_4.png_Gaussian-Median.png
Component: component_1755523236243_268.png
centerX: 0.3375
centerY: 0.4135081219720718
width: 0.024596774193548387
height: 0.017098888572242805
Area: 0.00022063082028700394
CentroidX: 0.3502
CentroidY: 0.4199
