Location: internet_9.png_Otsu.png
Component: component_1755092072167_220.png
centerX: 0.01652559451833938
centerY: 0.1568291987453664
width: 0.026602176541717048
height: 0.02879954376960365
Area: 0.00027319116589185884
CentroidX: 0.0311
CentroidY: 0.1682
