Location: Dedata_4.png_Gaussian-Median.png
Component: component_1755523236271_380.png
centerX: 0.6951612903225807
centerY: 0.609575377600456
width: 0.027419354838709678
height: 0.01937874038187518
Area: 0.00026958328353818295
CentroidX: 0.7083
CentroidY: 0.6172
