Location: internet_9.png_Gaussian-Closing.png
Component: component_1755092072579_315.png
centerX: 0.5292220878677952
centerY: 0.784145993726832
width: 0.030229746070133012
height: 0.028514399771884802
Area: 0.0003608835763148661
CentroidX: 0.5484
CentroidY: 0.7970
