Location: internet_9.png_Mean-Closing.png
Component: component_1755092072069_298.png
centerX: 0.2253123740427247
centerY: 0.7305389221556886
width: 0.02418379685610641
height: 0.023952095808383235
Area: 0.0003645613707231705
CentroidX: 0.2390
CentroidY: 0.7424
