Location: internet_9.png_Gaussian-Closing.png
Component: component_1755092072572_283.png
centerX: 0.28174123337363965
centerY: 0.6672369546621043
width: 0.026199113260781944
height: 0.027944111776447105
Area: 0.00033444942900517845
CentroidX: 0.2977
CentroidY: 0.6783
