Location: Dedata_4.png_Gaussian-Closing.png
Component: component_1755523235870_140.png
centerX: 0.046370967741935484
centerY: 0.20632658877172982
width: 0.02217741935483871
height: 0.01909375890567113
Area: 0.0001979931788304728
CentroidX: 0.0603
CentroidY: 0.2139
