Location: Dedata_4.png_Gaussian-Median.png
Component: component_1755523236246_280.png
centerX: 0.7516129032258064
centerY: 0.42832715873468225
width: 0.028225806451612902
height: 0.0176688515246509
Area: 0.0002363737486095662
CentroidX: 0.7666
CentroidY: 0.4345
