Location: internet_9.png_Gaussian-Median.png
Component: component_1755092071690_191.png
centerX: 0.06408706166868199
centerY: 0.3367550613059595
width: 0.028617492946392584
height: 0.028229255774165955
Area: 0.00038628334394721816
CentroidX: 0.0815
CentroidY: 0.3502
