Location: internet_9.png_Mean-Closing.png
Component: component_1755092071930_221.png
centerX: 0.7702539298669892
centerY: 0.5106928999144568
width: 0.027408303103587262
height: 0.026518391787852865
Area: 0.00028640823954670266
CentroidX: 0.7879
CentroidY: 0.5230
