Location: internet_9.png_Otsu.png
Component: component_1755092072215_1014.png
centerX: 0.22813381700927046
centerY: 0.6695181066438551
width: 0.027005239822652155
height: 0.027944111776447105
Area: 0.0002990506578252489
CentroidX: 0.2456
CentroidY: 0.6804
