Location: internet_9.png_Mean-Closing.png
Component: component_1755092071844_189.png
centerX: 0.5493752519145506
centerY: 0.4228685486170516
width: 0.024586860137041516
height: 0.02765896777872826
Area: 0.00027859292642905584
CentroidX: 0.5659
CentroidY: 0.4348
