Location: internet_9.png_Gaussian-Closing.png
Component: component_1755092072525_120.png
centerX: 0.5691253526803708
centerY: 0.25349301397205587
width: 0.03305118903667876
height: 0.030795551753635585
Area: 0.0003961674164195361
CentroidX: 0.5881
CentroidY: 0.2673
