Location: Dedata_4.png_Gaussian-Closing.png
Component: component_1755523235942_285.png
centerX: 0.4931451612903226
centerY: 0.44314619549729267
width: 0.035483870967741936
height: 0.015958962667426618
Area: 0.00025338070767335605
CentroidX: 0.5126
CentroidY: 0.4488
