Location: internet_9.png_Gaussian-Median.png
Component: component_1755092071673_98.png
centerX: 0.7557436517533253
centerY: 0.16053607071571144
width: 0.027005239822652155
height: 0.029940119760479042
Area: 0.00032353097685552484
CentroidX: 0.7702
CentroidY: 0.1730
