Location: Dedata_4.png_Otsu.png
Component: component_1755523236074_292.png
centerX: 0.8862903225806451
centerY: 0.38557993730407525
width: 0.027419354838709678
height: 0.016813907096038756
Area: 0.00021224225264067514
CentroidX: 0.9014
CentroidY: 0.3913
