Location: internet_9.png_Otsu.png
Component: component_1755092072193_503.png
centerX: 0.709391374445788
centerY: 0.4037639007698888
width: 0.027408303103587262
height: 0.029654975762760195
Area: 0.00030215379685725574
CentroidX: 0.7262
CentroidY: 0.4183
