Location: internet_9.png_Mean-Closing.png
Component: component_1755092071822_120.png
centerX: 0.4091092301491334
centerY: 0.26917593384659255
width: 0.028214429665457477
height: 0.02566295979469632
Area: 0.00036076864523960656
CentroidX: 0.4251
CentroidY: 0.2810
