Location: internet_9.png_Gaussian-Closing.png
Component: component_1755092072547_181.png
centerX: 0.01652559451833938
centerY: 0.39349871685201027
width: 0.027408303103587262
height: 0.027088679783290562
Area: 0.0003156007326626186
CentroidX: 0.0327
CentroidY: 0.4060
