Location: Dedata_4.png_Gaussian-Median.png
Component: component_1755523236199_79.png
centerX: 0.39395161290322583
centerY: 0.11997720148190368
width: 0.025
height: 0.019663721858079224
Area: 0.00022499747193851754
CentroidX: 0.4079
CentroidY: 0.1270
