Location: Dedata_4.png_Gaussian-Median.png
Component: component_1755523236239_247.png
centerX: 0.26975806451612905
centerY: 0.37532060416072954
width: 0.028629032258064516
height: 0.018238814477058992
Area: 0.00024418775682806423
CentroidX: 0.2857
CentroidY: 0.3822
