Location: Dedata_4.png_Mean-Medain.png
Component: component_1755523235539_37.png
centerX: 0.28669354838709676
centerY: 0.04930179538330009
width: 0.02379032258064516
height: 0.020233684810487318
Area: 0.00024947370356410704
CentroidX: 0.2993
CentroidY: 0.0573
