Location: Dedata_4.png_Mean-Medain.png
Component: component_1755523235536_23.png
centerX: 0.717741935483871
centerY: 0.03505272157309775
width: 0.025403225806451612
height: 0.017953833000854943
Area: 0.0002217799391426654
CentroidX: 0.7311
CentroidY: 0.0424
