Location: Dedata_4.png_Otsu.png
Component: component_1755523236051_181.png
centerX: 0.22338709677419355
centerY: 0.23026503277286978
width: 0.021774193548387097
height: 0.020233684810487318
Area: 0.00019879756202943584
CentroidX: 0.2361
CentroidY: 0.2377
