Location: Dedata_4.png_Otsu.png
Component: component_1755523236026_51.png
centerX: 0.6669354838709678
centerY: 0.07580507267027643
width: 0.02258064516129032
height: 0.018808777429467086
Area: 0.00018282480993574127
CentroidX: 0.6806
CentroidY: 0.0825
