Location: Kurtxevani_1794_page_10.png_Mean-Medain.png
Component: component_1755610055124_2832.png
centerX: 0.3331385154880187
centerY: 0.8884971353018951
width: 0.015780245470485097
height: 0.01498457470251212
Area: 0.0001563522680995781
CentroidX: 0.3416
CentroidY: 0.8954
