Location: internet_9.png_Otsu.png
Component: component_1755092072151_15.png
centerX: 0.2249093107617896
centerY: 0.01283147989734816
width: 0.03305118903667876
height: 0.027944111776447105
Area: 0.0004081202482465253
CentroidX: 0.2424
CentroidY: 0.0243
