Location: internet_9.png_Gaussian-Closing.png
Component: component_1755092072554_207.png
centerX: 0.8242644095122934
centerY: 0.4696321642429427
width: 0.027005239822652155
height: 0.02623324779013402
Area: 0.0003480112958858008
CentroidX: 0.8399
CentroidY: 0.4823
