Location: internet_9.png_Mean-Closing.png
Component: component_1755092071827_142.png
centerX: 0.3482466747279323
centerY: 0.3142286854861705
width: 0.029423619508262798
height: 0.02765896777872826
Area: 0.0003791576172811284
CentroidX: 0.3647
CentroidY: 0.3268
