Location: internet_9.png_Otsu.png
Component: component_1755092072154_27.png
centerX: 0.49455864570737607
centerY: 0.047619047619047616
width: 0.032245062474808545
height: 0.026803535785571715
Area: 0.00037547982287282404
CentroidX: 0.5121
CentroidY: 0.0587
