Location: internet_9.png_Mean-Closing.png
Component: component_1755092071823_125.png
centerX: 0.8448206368399839
centerY: 0.2763045337895637
width: 0.026199113260781944
height: 0.026803535785571715
Area: 0.0003372077748114067
CentroidX: 0.8595
CentroidY: 0.2892
