Location: Dedata_4.png_Gaussian-Closing.png
Component: component_1755523235955_340.png
centerX: 0.1314516129032258
centerY: 0.5520091194072385
width: 0.03225806451612903
height: 0.015388999715018524
Area: 0.00024487722814146113
CentroidX: 0.1495
CentroidY: 0.5575
