Location: internet_9.png_Otsu.png
Component: component_1755092072156_35.png
centerX: 0.8806932688432084
centerY: 0.07784431137724551
width: 0.023377670294236194
height: 0.02765896777872826
Area: 0.00024124032696971464
CentroidX: 0.8927
CentroidY: 0.0893
