Location: internet_9.png_Gaussian-Closing.png
Component: component_1755092072573_287.png
centerX: 0.07295445384925434
centerY: 0.675506130595951
width: 0.030632809351068116
height: 0.029654975762760195
Area: 0.00036053878308908754
CentroidX: 0.0927
CentroidY: 0.6885
