Location: Dedata_4.png_Mean-Medain.png
Component: component_1755523235561_142.png
centerX: 0.6108870967741935
centerY: 0.2086064405813622
width: 0.01975806451612903
height: 0.016243944143630663
Area: 0.00017972218902545528
CentroidX: 0.6217
CentroidY: 0.2148
