Location: internet_9.png_Otsu.png
Component: component_1755092072205_820.png
centerX: 0.2571543732365981
centerY: 0.5571713715426291
width: 0.027408303103587262
height: 0.02480752780153978
Area: 0.0002389417054645244
CentroidX: 0.2740
CentroidY: 0.5682
