Location: Dedata_4.png_Mean-Medain.png
Component: component_1755523235536_25.png
centerX: 0.7641129032258065
centerY: 0.03676261043032203
width: 0.02379032258064516
height: 0.019663721858079224
Area: 0.00021752819937671794
CentroidX: 0.7767
CentroidY: 0.0450
