Location: Dedata_4.png_Otsu.png
Component: component_1755523236029_73.png
centerX: 0.007661290322580645
centerY: 0.09974351667141636
width: 0.02056451612903226
height: 0.020518666286691366
Area: 0.0002087948960736907
CentroidX: 0.0200
CentroidY: 0.1077
