Location: internet_9.png_Mean-Closing.png
Component: component_1755092071840_186.png
centerX: 0.18137847642079807
centerY: 0.4143142286854862
width: 0.024989923417976623
height: 0.029654975762760195
Area: 0.0003709975109377031
CentroidX: 0.1962
CentroidY: 0.4290
