Location: internet_9.png_Gaussian-Closing.png
Component: component_1755092072301_13.png
centerX: 0.5743651753325272
centerY: 0.008269175933846592
width: 0.032245062474808545
height: 0.032506415739948676
Area: 0.00043329015372835835
CentroidX: 0.5927
CentroidY: 0.0222
