Location: Dedata_4.png_Gaussian-Closing.png
Component: component_1755523235956_347.png
centerX: 0.8032258064516129
centerY: 0.5579937304075235
width: 0.025806451612903226
height: 0.016813907096038756
Area: 0.00021764311126228408
CentroidX: 0.8165
CentroidY: 0.5651
