Location: Dedata_4.png_Gaussian-Median.png
Component: component_1755523236257_326.png
centerX: 0.054838709677419356
centerY: 0.5152465089769165
width: 0.02258064516129032
height: 0.0176688515246509
Area: 0.00019580985300471598
CentroidX: 0.0665
CentroidY: 0.5220
