Location: Dedata_4.png_Gaussian-Median.png
Component: component_1755523236213_142.png
centerX: 0.046370967741935484
centerY: 0.20632658877172982
width: 0.02217741935483871
height: 0.01909375890567113
Area: 0.00019833791448717125
CentroidX: 0.0603
CentroidY: 0.2139
