Location: internet_9.png_Gaussian-Median.png
Component: component_1755092071671_83.png
centerX: 0.23377670294236194
centerY: 0.14342743085258056
width: 0.027005239822652155
height: 0.02765896777872826
Area: 0.00033709284373614724
CentroidX: 0.2483
CentroidY: 0.1557
