Location: Dedata_4.png_Otsu.png
Component: component_1755523236084_342.png
centerX: 0.9596774193548387
centerY: 0.46053006554573955
width: 0.022983870967741935
height: 0.01909375890567113
Area: 0.00018948969929857785
CentroidX: 0.9716
CentroidY: 0.4681
