Location: Kurtxevani_1794_page_10.png_Mean-Medain.png
Component: component_1755610054979_1527.png
centerX: 0.7375803623611923
centerY: 0.43895989422653153
width: 0.010520163646990065
height: 0.009255178492728075
Area: 5.975902174481404e-05
CentroidX: 0.7432
CentroidY: 0.4431
