Location: internet_9.png_Otsu.png
Component: component_1755092072207_843.png
centerX: 0.7952438532849657
centerY: 0.5719988594240091
width: 0.026199113260781944
height: 0.02480752780153978
Area: 0.00042972729039531346
CentroidX: 0.8090
CentroidY: 0.5833
