Location: internet_9.png_Gaussian-Closing.png
Component: component_1755092072381_79.png
centerX: 0.6195082627972591
centerY: 0.16880524664955804
width: 0.02902055622732769
height: 0.02594810379241517
Area: 0.00032950739276901944
CentroidX: 0.6356
CentroidY: 0.1795
