Location: internet_9.png_Gaussian-Closing.png
Component: component_1755092072526_121.png
centerX: 0.513099556630391
centerY: 0.2600513259195894
width: 0.03184199919387344
height: 0.02423723980610208
Area: 0.00033134628997317166
CentroidX: 0.5318
CentroidY: 0.2720
