Location: Dedata_4.png_Gaussian-Closing.png
Component: component_1755523235939_272.png
centerX: 0.20846774193548387
centerY: 0.4231974921630094
width: 0.024193548387096774
height: 0.018523795953263037
Area: 0.00021545978543652727
CentroidX: 0.2214
CentroidY: 0.4300
