Location: Dedata_4.png_Mean-Medain.png
Component: component_1755523235580_224.png
centerX: 0.9354838709677419
centerY: 0.34967227130236533
width: 0.02056451612903226
height: 0.017098888572242805
Area: 0.00021155278132727824
CentroidX: 0.9453
CentroidY: 0.3564
