Location: Dedata_4.png_Mean-Medain.png
Component: component_1755523235578_215.png
centerX: 0.43266129032258066
centerY: 0.33257338273012255
width: 0.03185483870967742
height: 0.01738387004844685
Area: 0.00025050791053420236
CentroidX: 0.4515
CentroidY: 0.3388
