Location: internet_9.png_Otsu.png
Component: component_1755092072187_475.png
centerX: 0.1664651350261991
centerY: 0.37325349301397204
width: 0.027005239822652155
height: 0.035357855717137156
Area: 0.0003612283695406446
CentroidX: 0.1840
CentroidY: 0.3895
