Location: internet_9.png_Otsu.png
Component: component_1755092072184_464.png
centerX: 0.5203546956872229
centerY: 0.3487311092101511
width: 0.023377670294236194
height: 0.027944111776447105
Area: 0.0003010044861046606
CentroidX: 0.5349
CentroidY: 0.3615
