Location: internet_9.png_Gaussian-Median.png
Component: component_1755092071700_239.png
centerX: 0.29383313180169285
centerY: 0.4516680923866553
width: 0.03385731559854897
height: 0.02566295979469632
Area: 0.00032582959836071506
CentroidX: 0.3146
CentroidY: 0.4645
