Location: Dedata_4.png_Gaussian-Closing.png
Component: component_1755523235901_203.png
centerX: 0.8568548387096774
centerY: 0.31176973496722715
width: 0.02661290322580645
height: 0.02108862923909946
Area: 0.0002621140109763833
CentroidX: 0.8698
CentroidY: 0.3196
