Location: internet_9.png_Otsu.png
Component: component_1755092072175_376.png
centerX: 0.2656187021362354
centerY: 0.2392358140861135
width: 0.024989923417976623
height: 0.026518391787852865
Area: 0.00029847600244895135
CentroidX: 0.2796
CentroidY: 0.2499
