Location: internet_9.png_Gaussian-Median.png
Component: component_1755092071735_385.png
centerX: 0.18782748891575976
centerY: 0.8380382092956943
width: 0.02902055622732769
height: 0.02623324779013402
Area: 0.00033743763696192575
CentroidX: 0.2051
CentroidY: 0.8501
