Location: Dedata_4.png_Otsu.png
Component: component_1755523236028_66.png
centerX: 0.2403225806451613
centerY: 0.08748931319464234
width: 0.02379032258064516
height: 0.02108862923909946
Area: 0.0002112080456705798
CentroidX: 0.2541
CentroidY: 0.0953
