Location: Dedata_4.png_Mean-Medain.png
Component: component_1755523235562_144.png
centerX: 0.5766129032258065
centerY: 0.21231119977201482
width: 0.017338709677419354
height: 0.017098888572242805
Area: 0.00015064948197721987
CentroidX: 0.5872
CentroidY: 0.2192
