Location: Dedata_4.png_Gaussian-Closing.png
Component: component_1755523235924_243.png
centerX: 0.31693548387096776
centerY: 0.37475064120832147
width: 0.025806451612903226
height: 0.017098888572242805
Area: 0.00022143520348596695
CentroidX: 0.3306
CentroidY: 0.3812
