Location: internet_9.png_Gaussian-Median.png
Component: component_1755092071716_312.png
centerX: 0.12253123740427246
centerY: 0.6184773310521814
width: 0.027005239822652155
height: 0.02480752780153978
Area: 0.0002530782277214443
CentroidX: 0.1401
CentroidY: 0.6293
