Location: internet_9.png_Gaussian-Closing.png
Component: component_1755092072375_78.png
centerX: 0.6694881096332124
centerY: 0.16481323068149414
width: 0.02418379685610641
height: 0.024522383803820928
Area: 0.000279742237181651
CentroidX: 0.6832
CentroidY: 0.1757
