Location: Kurtxevani_1794_page_10.png_Mean-Medain.png
Component: component_1755610054892_1173.png
centerX: 0.32963179427235534
centerY: 0.33318642573821067
width: 0.012273524254821741
height: 0.009695901278096077
Area: 7.341086722962069e-05
CentroidX: 0.3366
CentroidY: 0.3369
