Location: Dedata_4.png_Mean-Medain.png
Component: component_1755523235544_62.png
centerX: 0.08830645161290322
centerY: 0.09831860929039613
width: 0.021774193548387097
height: 0.016813907096038756
Area: 0.00019167302512433467
CentroidX: 0.1015
CentroidY: 0.1049
