Location: Dedata_4.png_Mean-Medain.png
Component: component_1755523235579_222.png
centerX: 0.9693548387096774
centerY: 0.34796238244514105
width: 0.018145161290322582
height: 0.017953833000854943
Area: 0.00019316687963669458
CentroidX: 0.9777
CentroidY: 0.3558
