Location: internet_9.png_Gaussian-Median.png
Component: component_1755092071705_265.png
centerX: 0.7702539298669892
centerY: 0.5106928999144568
width: 0.027408303103587262
height: 0.026803535785571715
Area: 0.00027043282008563056
CentroidX: 0.7879
CentroidY: 0.5230
