Location: Kurtxevani_1794_page_10.png_Mean-Medain.png
Component: component_1755610054926_1361.png
centerX: 0.5832846288720047
centerY: 0.3856324371970031
width: 0.011689070718877849
height: 0.009255178492728075
Area: 6.516824354068082e-05
CentroidX: 0.5896
CentroidY: 0.3893
