Location: internet_9.png_Gaussian-Median.png
Component: component_1755092071694_210.png
centerX: 0.5598548972188634
centerY: 0.3783860849729113
width: 0.03667875856509472
height: 0.02879954376960365
Area: 0.0003662853368520631
CentroidX: 0.5817
CentroidY: 0.3916
