Location: internet_9.png_Gaussian-Closing.png
Component: component_1755092072528_129.png
centerX: 0.22370012091898428
centerY: 0.2791559737667522
width: 0.03184199919387344
height: 0.027944111776447105
Area: 0.00039237469093597225
CentroidX: 0.2436
CentroidY: 0.2934
