Location: internet_9.png_Mean-Closing.png
Component: component_1755092071795_16.png
centerX: 0.2249093107617896
centerY: 0.012546335899629312
width: 0.03345425231761386
height: 0.028229255774165955
Area: 0.0004558166444792226
CentroidX: 0.2424
CentroidY: 0.0243
