Location: internet_9.png_Otsu.png
Component: component_1755092072220_1037.png
centerX: 0.916968964127368
centerY: 0.7741659538066724
width: 0.03506650544135429
height: 0.030795551753635585
Area: 0.0003729513392171148
CentroidX: 0.9379
CentroidY: 0.7878
