Location: Dedata_4.png_Gaussian-Median.png
Component: component_1755523236193_56.png
centerX: 0.4883064516129032
centerY: 0.07950983186092904
width: 0.027419354838709678
height: 0.019663721858079224
Area: 0.0002559087691558113
CentroidX: 0.5034
CentroidY: 0.0869
