Location: Dedata_4.png_Gaussian-Closing.png
Component: component_1755523235864_119.png
centerX: 0.5862903225806452
centerY: 0.17469364491308065
width: 0.021370967741935483
height: 0.023083499572527786
Area: 0.00021902205388907786
CentroidX: 0.5987
CentroidY: 0.1836
