Location: internet_9.png_Mean-Closing.png
Component: component_1755092072072_312.png
centerX: 0.2422410318419992
centerY: 0.7872825777017394
width: 0.031035872632003223
height: 0.026803535785571715
Area: 0.00039030593158130106
CentroidX: 0.2607
CentroidY: 0.8004
