Location: internet_9.png_Mean-Closing.png
Component: component_1755092071834_172.png
centerX: 0.5042321644498187
centerY: 0.38323353293413176
width: 0.024989923417976623
height: 0.02765896777872826
Area: 0.00032456535653286044
CentroidX: 0.5201
CentroidY: 0.3972
