Location: internet_9.png_Otsu.png
Component: component_1755092072192_496.png
centerX: 0.3373639661426844
centerY: 0.39863130881094955
width: 0.031035872632003223
height: 0.02765896777872826
Area: 0.000360193989863309
CentroidX: 0.3572
CentroidY: 0.4133
