Location: internet_9.png_Otsu.png
Component: component_1755092072179_417.png
centerX: 0.22370012091898428
centerY: 0.2791559737667522
width: 0.03184199919387344
height: 0.027944111776447105
Area: 0.00037306627029237433
CentroidX: 0.2434
CentroidY: 0.2932
