Location: internet_9.png_Gaussian-Closing.png
Component: component_1755092072330_54.png
centerX: 0.867795243853285
centerY: 0.11120615911035073
width: 0.026199113260781944
height: 0.023666951810664385
Area: 0.0003069809020181552
CentroidX: 0.8814
CentroidY: 0.1215
