Location: internet_9.png_Mean-Closing.png
Component: component_1755092071813_83.png
centerX: 0.34623135832325674
centerY: 0.18591388651268892
width: 0.025796049979846837
height: 0.028514399771884802
Area: 0.0003355987397577736
CentroidX: 0.3601
CentroidY: 0.1968
