Location: internet_9.png_Gaussian-Median.png
Component: component_1755092071678_126.png
centerX: 0.6658605401047965
centerY: 0.20958083832335328
width: 0.03143893591293833
height: 0.027944111776447105
Area: 0.000354562367175593
CentroidX: 0.6844
CentroidY: 0.2227
