Location: internet_9.png_Gaussian-Closing.png
Component: component_1755092072330_53.png
centerX: 0.06892382103990327
centerY: 0.10407755916737953
width: 0.027408303103587262
height: 0.02594810379241517
Area: 0.0003529533321219598
CentroidX: 0.0849
CentroidY: 0.1155
