Location: Dedata_4.png_Gaussian-Closing.png
Component: component_1755523235858_100.png
centerX: 0.3987903225806452
centerY: 0.15161014534055287
width: 0.024596774193548387
height: 0.01937874038187518
Area: 0.0002171834637200195
CentroidX: 0.4138
CentroidY: 0.1589
