Location: Dedata_4.png_Gaussian-Closing.png
Component: component_1755523235957_352.png
centerX: 0.6282258064516129
centerY: 0.5679680820746651
width: 0.02903225806451613
height: 0.01937874038187518
Area: 0.0002523465007032607
CentroidX: 0.6427
CentroidY: 0.5758
