Location: internet_9.png_Gaussian-Closing.png
Component: component_1755092072547_178.png
centerX: 0.06811769447803305
centerY: 0.3857998289136014
width: 0.027005239822652155
height: 0.02737382378100941
Area: 0.00029882079567472987
CentroidX: 0.0852
CentroidY: 0.3986
