Location: Dedata_4.png_Mean-Medain.png
Component: component_1755523235538_33.png
centerX: 0.482258064516129
centerY: 0.043032202906811055
width: 0.022983870967741935
height: 0.02108862923909946
Area: 0.00025579385727024517
CentroidX: 0.4940
CentroidY: 0.0510
