Location: Dedata_4.png_Mean-Medain.png
Component: component_1755523235678_380.png
centerX: 0.4963709677419355
centerY: 0.6249643773154745
width: 0.02338709677419355
height: 0.018808777429467086
Area: 0.00023683339615183078
CentroidX: 0.5076
CentroidY: 0.6322
