Location: Dedata_4.png_Gaussian-Closing.png
Component: component_1755523235838_49.png
centerX: 0.7612903225806451
centerY: 0.07295525790823597
width: 0.02056451612903226
height: 0.024508406953548018
Area: 0.0002582070068671343
CentroidX: 0.7728
CentroidY: 0.0826
