Location: internet_9.png_Mean-Closing.png
Component: component_1755092072072_310.png
centerX: 0.4683595324465941
centerY: 0.7858568577131452
width: 0.030229746070133012
height: 0.027088679783290562
Area: 0.0003796173415821665
CentroidX: 0.4861
CentroidY: 0.7982
