Location: Dedata_4.png_Gaussian-Median.png
Component: component_1755523236241_258.png
centerX: 0.7641129032258065
centerY: 0.39241949273297233
width: 0.02338709677419355
height: 0.017098888572242805
Area: 0.0001973037075170759
CentroidX: 0.7768
CentroidY: 0.3985
