Location: Dedata_4.png_Gaussian-Median.png
Component: component_1755523236224_177.png
centerX: 0.31411290322580643
centerY: 0.2618979766315189
width: 0.025403225806451612
height: 0.01909375890567113
Area: 0.00023430533466937552
CentroidX: 0.3289
CentroidY: 0.2693
