Location: Dedata_4.png_Otsu.png
Component: component_1755523236071_279.png
centerX: 0.5350806451612903
centerY: 0.3647762895411798
width: 0.02943548387096774
height: 0.0219435736677116
Area: 0.00022350361742615762
CentroidX: 0.5521
CentroidY: 0.3723
