Location: Dedata_4.png_Gaussian-Median.png
Component: component_1755523236270_378.png
centerX: 0.7875
centerY: 0.6030208036477629
width: 0.029838709677419355
height: 0.016813907096038756
Area: 0.0002520017650465623
CentroidX: 0.8033
CentroidY: 0.6087
