Location: internet_9.png_Gaussian-Closing.png
Component: component_1755092072572_281.png
centerX: 0.39379282547359934
centerY: 0.6606786427145709
width: 0.027408303103587262
height: 0.02737382378100941
Area: 0.0003238757700813034
CentroidX: 0.4103
CentroidY: 0.6721
