Location: internet_9.png_Mean-Closing.png
Component: component_1755092071826_134.png
centerX: 0.5723498589278516
centerY: 0.2954091816367265
width: 0.029826682789197905
height: 0.03051040775591674
Area: 0.00038134130771105915
CentroidX: 0.5898
CentroidY: 0.3085
