Location: Dedata_4.png_Gaussian-Closing.png
Component: component_1755523235820_18.png
centerX: 0.30201612903225805
centerY: 0.009974351667141636
width: 0.018951612903225806
height: 0.02108862923909946
Area: 0.0002071861296757646
CentroidX: 0.3130
CentroidY: 0.0181
