Location: internet_9.png_Mean-Closing.png
Component: component_1755092071809_61.png
centerX: 0.4127367996775494
centerY: 0.13316224693470202
width: 0.029826682789197905
height: 0.026518391787852865
Area: 0.00034870088233735787
CentroidX: 0.4297
CentroidY: 0.1442
