Location: internet_9.png_Mean-Closing.png
Component: component_1755092071871_209.png
centerX: 0.012898024989923419
centerY: 0.4827487881380097
width: 0.028617492946392584
height: 0.027944111776447105
Area: 0.0003598491966375305
CentroidX: 0.0293
CentroidY: 0.4943
