Location: internet_9.png_Gaussian-Closing.png
Component: component_1755092072560_223.png
centerX: 0.33978234582829503
centerY: 0.5067008839463929
width: 0.02781136638452237
height: 0.02423723980610208
Area: 0.00030284338330881276
CentroidX: 0.3557
CentroidY: 0.5174
