Location: Dedata_4.png_Mean-Medain.png
Component: component_1755523235624_366.png
centerX: 0.09233870967741936
centerY: 0.5924764890282131
width: 0.025
height: 0.020518666286691366
Area: 0.00024855440847957786
CentroidX: 0.1059
CentroidY: 0.6005
