Location: Dedata_4.png_Otsu.png
Component: component_1755523236112_490.png
centerX: 0.055645161290322584
centerY: 0.6329438586491878
width: 0.027822580645161292
height: 0.01738387004844685
Area: 0.0001942010866067899
CentroidX: 0.0710
CentroidY: 0.6390
