Location: Dedata_4.png_Mean-Medain.png
Component: component_1755523235546_73.png
centerX: 0.5879032258064516
centerY: 0.109717868338558
width: 0.02217741935483871
height: 0.020233684810487318
Area: 0.00021729837560558563
CentroidX: 0.5997
CentroidY: 0.1178
