Location: Dedata_4.png_Gaussian-Closing.png
Component: component_1755523235952_325.png
centerX: 0.7258064516129032
centerY: 0.5169563978341408
width: 0.027016129032258064
height: 0.018523795953263037
Area: 0.00025349561955892224
CentroidX: 0.7391
CentroidY: 0.5239
