Location: Dedata_4.png_Otsu.png
Component: component_1755523236060_229.png
centerX: 0.22782258064516128
centerY: 0.3066400683955543
width: 0.025403225806451612
height: 0.017098888572242805
Area: 0.00018064148410998446
CentroidX: 0.2428
CentroidY: 0.3127
