Location: Dedata_4.png_Gaussian-Closing.png
Component: component_1755523235900_200.png
centerX: 0.13911290322580644
centerY: 0.31062980906241094
width: 0.031048387096774193
height: 0.016813907096038756
Area: 0.00022580185513748058
CentroidX: 0.1567
CentroidY: 0.3165
