Location: Dedata_4.png_Otsu.png
Component: component_1755523236099_422.png
centerX: 0.6806451612903226
centerY: 0.5648332858364207
width: 0.021774193548387097
height: 0.014249073810202337
Area: 0.00014651265409683855
CentroidX: 0.6928
CentroidY: 0.5701
