Location: internet_9.png_Mean-Closing.png
Component: component_1755092072071_305.png
centerX: 0.8295042321644498
centerY: 0.776732249786142
width: 0.029826682789197905
height: 0.02737382378100941
Area: 0.0003778933754532738
CentroidX: 0.8474
CentroidY: 0.7890
