Location: internet_9.png_Gaussian-Median.png
Component: component_1755092071735_384.png
centerX: 0.28536880290205563
centerY: 0.8366124893071001
width: 0.031035872632003223
height: 0.022526375819788995
Area: 0.00033640325728459016
CentroidX: 0.3034
CentroidY: 0.8485
