Location: Dedata_4.png_Gaussian-Median.png
Component: component_1755523236185_35.png
centerX: 0.482258064516129
centerY: 0.04331718438301511
width: 0.022983870967741935
height: 0.02080364776289541
Area: 0.00024188951911674128
CentroidX: 0.4940
CentroidY: 0.0510
