Location: internet_9.png_Mean-Closing.png
Component: component_1755092071804_46.png
centerX: 0.3079403466344216
centerY: 0.08896492728828058
width: 0.02902055622732769
height: 0.029654975762760195
Area: 0.0003940986570648649
CentroidX: 0.3247
CentroidY: 0.1022
