Location: Dedata_4.png_Gaussian-Median.png
Component: component_1755523236197_72.png
centerX: 0.6887096774193548
centerY: 0.10800797948133371
width: 0.022983870967741935
height: 0.01937874038187518
Area: 0.00020707121779019847
CentroidX: 0.7008
CentroidY: 0.1155
