Location: internet_9.png_Mean-Closing.png
Component: component_1755092071945_227.png
centerX: 0.12051592099959693
centerY: 0.523524379811805
width: 0.02902055622732769
height: 0.025092671799258625
Area: 0.0003336449114783619
CentroidX: 0.1369
CentroidY: 0.5346
