Location: Dedata_4.png_Gaussian-Median.png
Component: component_1755523236184_29.png
centerX: 0.5754032258064516
centerY: 0.039612425192362494
width: 0.024193548387096774
height: 0.02108862923909946
Area: 0.00024522196379815956
CentroidX: 0.5879
CentroidY: 0.0477
