Location: internet_9.png_Otsu.png
Component: component_1755092072227_1061.png
centerX: 0.5143087464731962
centerY: 0.832905617336755
width: 0.032648125755743655
height: 0.029369831765041345
Area: 0.00040835011039704435
CentroidX: 0.5332
CentroidY: 0.8469
