Location: internet_9.png_Mean-Closing.png
Component: component_1755092072075_319.png
centerX: 0.8613462313583232
centerY: 0.8272027373823782
width: 0.03143893591293833
height: 0.03022526375819789
Area: 0.00040306328093510683
CentroidX: 0.8795
CentroidY: 0.8408
