Location: internet_9.png_Otsu.png
Component: component_1755092072204_795.png
centerX: 0.44619105199516323
centerY: 0.5414884516680923
width: 0.023377670294236194
height: 0.024522383803820928
Area: 0.00024848098471106386
CentroidX: 0.4606
CentroidY: 0.5528
