Location: Dedata_4.png_Mean-Medain.png
Component: component_1755523235554_112.png
centerX: 0.7887096774193548
centerY: 0.16813907096038758
width: 0.024596774193548387
height: 0.01937874038187518
Area: 0.00023200709695805257
CentroidX: 0.8026
CentroidY: 0.1752
