Location: internet_9.png_Gaussian-Median.png
Component: component_1755092071670_71.png
centerX: 0.7001209189842805
centerY: 0.11747932706016538
width: 0.03143893591293833
height: 0.025377815796977475
Area: 0.00033249560072576675
CentroidX: 0.7182
CentroidY: 0.1283
