Location: Dedata_4.png_Mean-Medain.png
Component: component_1755523235562_149.png
centerX: 0.35443548387096774
centerY: 0.22200056996295242
width: 0.027822580645161292
height: 0.021658592191507554
Area: 0.000271192049936109
CentroidX: 0.3701
CentroidY: 0.2300
