Location: Dedata_4.png_Otsu.png
Component: component_1755523236042_140.png
centerX: 0.7891129032258064
centerY: 0.16842405243659161
width: 0.02379032258064516
height: 0.018523795953263037
Area: 0.00019833791448717125
CentroidX: 0.8028
CentroidY: 0.1751
