Location: Dedata_4.png_Otsu.png
Component: component_1755523236024_43.png
centerX: 0.010080645161290322
centerY: 0.060701054431461954
width: 0.018548387096774192
height: 0.01909375890567113
Area: 0.0001591529615091148
CentroidX: 0.0210
CentroidY: 0.0679
