Location: Dedata_4.png_Gaussian-Median.png
Component: component_1755523236228_198.png
centerX: 0.3665322580645161
centerY: 0.29666571672841263
width: 0.02943548387096774
height: 0.01909375890567113
Area: 0.0002488991441362763
CentroidX: 0.3838
CentroidY: 0.3037
