Location: Dedata_4.png_Gaussian-Closing.png
Component: component_1755523235910_224.png
centerX: 0.13266129032258064
centerY: 0.3493872898261613
width: 0.025806451612903226
height: 0.01652892561983471
Area: 0.00019626950054698057
CentroidX: 0.1475
CentroidY: 0.3555
