Location: Dedata_4.png_Gaussian-Closing.png
Component: component_1755523235879_157.png
centerX: 0.13911290322580644
centerY: 0.23567968082074664
width: 0.01975806451612903
height: 0.020233684810487318
Area: 0.00022212467479936385
CentroidX: 0.1501
CentroidY: 0.2434
