Location: Dedata_4.png_Otsu.png
Component: component_1755523236072_285.png
centerX: 0.2701612903225806
centerY: 0.3756055856369336
width: 0.028225806451612902
height: 0.0176688515246509
Area: 0.00021155278132727824
CentroidX: 0.2859
CentroidY: 0.3819
