Location: internet_9.png_Otsu.png
Component: component_1755092072224_1050.png
centerX: 0.06529625151148731
centerY: 0.7889934416880525
width: 0.03506650544135429
height: 0.02623324779013402
Area: 0.00036410164642213243
CentroidX: 0.0860
CentroidY: 0.8018
