Location: Dedata_4.png_Mean-Medain.png
Component: component_1755523235725_383.png
centerX: 0.43024193548387096
centerY: 0.6258193217440866
width: 0.021370967741935483
height: 0.021658592191507554
Area: 0.00023533954163947084
CentroidX: 0.4398
CentroidY: 0.6344
