Location: internet_9.png_Gaussian-Closing.png
Component: component_1755092072576_299.png
centerX: 0.4848851269649335
centerY: 0.7251211861990305
width: 0.028214429665457477
height: 0.027088679783290562
Area: 0.0003688138205077724
CentroidX: 0.5022
CentroidY: 0.7378
