Location: Dedata_4.png_Mean-Medain.png
Component: component_1755523235588_257.png
centerX: 0.5774193548387097
centerY: 0.3986890852094614
width: 0.027016129032258064
height: 0.020233684810487318
Area: 0.0002552192978424144
CentroidX: 0.5911
CentroidY: 0.4060
