Location: internet_9.png_Otsu.png
Component: component_1755092072201_708.png
centerX: 0.7702539298669892
centerY: 0.5106928999144568
width: 0.027005239822652155
height: 0.026518391787852865
Area: 0.00019423351718857442
CentroidX: 0.7870
CentroidY: 0.5219
