Location: internet_9.png_Gaussian-Closing.png
Component: component_1755092072570_275.png
centerX: 0.73559048770657
centerY: 0.6487025948103793
width: 0.03143893591293833
height: 0.026803535785571715
Area: 0.00039237469093597225
CentroidX: 0.7538
CentroidY: 0.6619
