Location: internet_9.png_Gaussian-Median.png
Component: component_1755092071711_281.png
centerX: 0.3550987505038291
centerY: 0.5449101796407185
width: 0.024989923417976623
height: 0.025092671799258625
Area: 0.00029112041363234264
CentroidX: 0.3706
CentroidY: 0.5567
