Location: internet_9.png_Otsu.png
Component: component_1755092072218_1030.png
centerX: 0.2777106005642886
centerY: 0.7296834901625321
width: 0.028214429665457477
height: 0.02594810379241517
Area: 0.0003250250808338985
CentroidX: 0.2941
CentroidY: 0.7413
