Location: Dedata_4.png_Gaussian-Closing.png
Component: component_1755523235871_142.png
centerX: 0.010080645161290322
centerY: 0.20889142205756625
width: 0.018951612903225806
height: 0.020233684810487318
Area: 0.00020247474236755256
CentroidX: 0.0215
CentroidY: 0.2171
