Location: internet_9.png_Gaussian-Median.png
Component: component_1755092071677_120.png
centerX: 0.06489318823055219
centerY: 0.19988594240091245
width: 0.029423619508262798
height: 0.026518391787852865
Area: 0.00029985517535206546
CentroidX: 0.0828
CentroidY: 0.2108
