Location: Dedata_4.png_Gaussian-Median.png
Component: component_1755523236226_187.png
centerX: 0.05040322580645161
centerY: 0.2781419207751496
width: 0.027016129032258064
height: 0.01937874038187518
Area: 0.00023315621581371406
CentroidX: 0.0672
CentroidY: 0.2857
