Location: internet_9.png_Mean-Closing.png
Component: component_1755092072068_293.png
centerX: 0.4848851269649335
centerY: 0.7251211861990305
width: 0.028617492946392584
height: 0.027088679783290562
Area: 0.0003909955180328581
CentroidX: 0.5022
CentroidY: 0.7378
