Location: internet_9.png_Gaussian-Closing.png
Component: component_1755092072578_308.png
centerX: 0.916968964127368
centerY: 0.7741659538066724
width: 0.0354695687222894
height: 0.030795551753635585
Area: 0.00039168510448441517
CentroidX: 0.9379
CentroidY: 0.7878
