Location: Dedata_4.png_Mean-Medain.png
Component: component_1755523235560_139.png
centerX: 0.046370967741935484
centerY: 0.20604160729552579
width: 0.02258064516129032
height: 0.01937874038187518
Area: 0.00020511771573557397
CentroidX: 0.0602
CentroidY: 0.2138
