Location: internet_9.png_Gaussian-Closing.png
Component: component_1755092072567_254.png
centerX: 0.055219669488109635
centerY: 0.5785571713715426
width: 0.03345425231761386
height: 0.02594810379241517
Area: 0.0002908905514818236
CentroidX: 0.0765
CentroidY: 0.5903
