Location: Dedata_4.png_Otsu.png
Component: component_1755523236105_458.png
centerX: 0.8685483870967742
centerY: 0.5973211741236819
width: 0.03508064516129032
height: 0.016243944143630663
Area: 0.00024200443100230742
CentroidX: 0.8872
CentroidY: 0.6022
