Location: Dedata_4.png_Otsu.png
Component: component_1755523236054_199.png
centerX: 0.49556451612903224
centerY: 0.256198347107438
width: 0.02217741935483871
height: 0.0176688515246509
Area: 0.00017029941440903116
CentroidX: 0.5089
CentroidY: 0.2627
