Location: Dedata_4.png_Mean-Medain.png
Component: component_1755523235585_247.png
centerX: 0.9669354838709677
centerY: 0.38187517811342264
width: 0.018951612903225806
height: 0.01937874038187518
Area: 0.00021040366247161677
CentroidX: 0.9763
CentroidY: 0.3902
