Location: internet_9.png_Gaussian-Median.png
Component: component_1755092071682_149.png
centerX: 0.014913341394598953
centerY: 0.2529227259766182
width: 0.02257154373236598
height: 0.026803535785571715
Area: 0.0002850290666435885
CentroidX: 0.0274
CentroidY: 0.2636
