Location: internet_9.png_Gaussian-Median.png
Component: component_1755092071693_208.png
centerX: 0.166062071745264
centerY: 0.37325349301397204
width: 0.027408303103587262
height: 0.035642999714856
Area: 0.00039042086265656054
CentroidX: 0.1840
CentroidY: 0.3896
