Location: Dedata_4.png_Mean-Medain.png
Component: component_1755523235563_151.png
centerX: 0.2661290322580645
centerY: 0.22770019948703335
width: 0.02217741935483871
height: 0.01909375890567113
Area: 0.00024326846174353505
CentroidX: 0.2777
CentroidY: 0.2351
