Location: Dedata_4.png_Mean-Medain.png
Component: component_1755523235574_195.png
centerX: 0.27056451612903226
centerY: 0.30065545739526933
width: 0.029838709677419355
height: 0.017953833000854943
Area: 0.00024556669945485803
CentroidX: 0.2878
CentroidY: 0.3075
