Location: internet_9.png_Gaussian-Median.png
Component: component_1755092071685_166.png
centerX: 0.7444578798871423
centerY: 0.28115198175078415
width: 0.027005239822652155
height: 0.030795551753635585
Area: 0.00036030892093856856
CentroidX: 0.7596
CentroidY: 0.2946
