Location: Dedata_4.png_Mean-Medain.png
Component: component_1755523235542_53.png
centerX: 0.5794354838709678
centerY: 0.0786548874323169
width: 0.024193548387096774
height: 0.019948703334283273
Area: 0.00024188951911674128
CentroidX: 0.5928
CentroidY: 0.0867
