Location: Kurtxevani_1794_page_10.png_Mean-Medain.png
Component: component_1755610054905_1263.png
centerX: 0.5984804208065458
centerY: 0.3600705156456589
width: 0.011104617182933957
height: 0.009255178492728075
Area: 6.388033358928397e-05
CentroidX: 0.6045
CentroidY: 0.3639
