Location: Dedata_4.png_Gaussian-Median.png
Component: component_1755523236272_387.png
centerX: 0.4967741935483871
centerY: 0.6252493587916785
width: 0.02258064516129032
height: 0.018523795953263037
Area: 0.00022155011537153312
CentroidX: 0.5076
CentroidY: 0.6323
