Location: internet_9.png_Gaussian-Median.png
Component: component_1755092071676_112.png
centerX: 0.2889963724304716
centerY: 0.18962075848303392
width: 0.030229746070133012
height: 0.02423723980610208
Area: 0.0003019239347067367
CentroidX: 0.3058
CentroidY: 0.1993
