Location: Dedata_4.png_Gaussian-Median.png
Component: component_1755523236209_122.png
centerX: 0.5411290322580645
centerY: 0.17640353377030493
width: 0.02379032258064516
height: 0.01909375890567113
Area: 0.00021729837560558563
CentroidX: 0.5553
CentroidY: 0.1837
