Location: Dedata_4.png_Gaussian-Closing.png
Component: component_1755523235942_286.png
centerX: 0.45120967741935486
centerY: 0.44599601025933316
width: 0.02903225806451613
height: 0.018808777429467086
Area: 0.00023694830803739692
CentroidX: 0.4657
CentroidY: 0.4527
