Location: Dedata_4.png_Otsu.png
Component: component_1755523236049_173.png
centerX: 0.5774193548387097
centerY: 0.21231119977201482
width: 0.016129032258064516
height: 0.016813907096038756
Area: 0.0001258285146949319
CentroidX: 0.5873
CentroidY: 0.2191
