Location: internet_9.png_Gaussian-Closing.png
Component: component_1755092072549_186.png
centerX: 0.7605804111245466
centerY: 0.4031936127744511
width: 0.02539298669891173
height: 0.02281151981750784
Area: 0.00026514599062369304
CentroidX: 0.7761
CentroidY: 0.4147
