Location: Dedata_4.png_Otsu.png
Component: component_1755523236050_176.png
centerX: 0.4495967741935484
centerY: 0.21687090339127957
width: 0.02338709677419355
height: 0.01937874038187518
Area: 0.000202819478024251
CentroidX: 0.4623
CentroidY: 0.2241
