Location: Dedata_4.png_Gaussian-Closing.png
Component: component_1755523235819_14.png
centerX: 0.4375
centerY: 0.007979481333713309
width: 0.027016129032258064
height: 0.01738387004844685
Area: 0.00022936412359003116
CentroidX: 0.4519
CentroidY: 0.0144
