Location: Dedata_4.png_Otsu.png
Component: component_1755523236016_1.png
centerX: 0.5342741935483871
centerY: 0.004274722143060701
width: 0.024193548387096774
height: 0.021658592191507554
Area: 0.00021810275880454867
CentroidX: 0.5463
CentroidY: 0.0119
