Location: internet_9.png_Gaussian-Closing.png
Component: component_1755092072551_196.png
centerX: 0.44619105199516323
centerY: 0.43570002851439976
width: 0.030632809351068116
height: 0.026518391787852865
Area: 0.0002907756204065641
CentroidX: 0.4638
CentroidY: 0.4484
