Location: Dedata_4.png_Gaussian-Median.png
Component: component_1755523236255_319.png
centerX: 0.9024193548387097
centerY: 0.5075520091194072
width: 0.02258064516129032
height: 0.0219435736677116
Area: 0.00022281414611276072
CentroidX: 0.9137
CentroidY: 0.5173
