Location: Dedata_4.png_Otsu.png
Component: component_1755523236065_253.png
centerX: 0.43306451612903224
centerY: 0.3331433456825306
width: 0.03064516129032258
height: 0.01652892561983471
Area: 0.00018420375256253505
CentroidX: 0.4516
CentroidY: 0.3381
