Location: internet_9.png_Mean-Closing.png
Component: component_1755092071833_170.png
centerX: 0.11487303506650544
centerY: 0.38038209295694325
width: 0.026602176541717048
height: 0.030795551753635585
Area: 0.00035651619545500464
CentroidX: 0.1315
CentroidY: 0.3943
