Location: Dedata_4.png_Mean-Medain.png
Component: component_1755523235558_131.png
centerX: 0.9483870967741935
centerY: 0.1969222000569963
width: 0.02379032258064516
height: 0.0219435736677116
Area: 0.0002414298715744767
CentroidX: 0.9606
CentroidY: 0.2048
