Location: Dedata_4.png_Gaussian-Closing.png
Component: component_1755523235847_66.png
centerX: 0.9540322580645161
centerY: 0.10116842405243659
width: 0.01935483870967742
height: 0.024223425477343973
Area: 0.00021925187766021014
CentroidX: 0.9635
CentroidY: 0.1111
