Location: Dedata_4.png_Otsu.png
Component: component_1755523236053_193.png
centerX: 0.7266129032258064
centerY: 0.2482188657737247
width: 0.02903225806451613
height: 0.016243944143630663
Area: 0.00019512038169131908
CentroidX: 0.7423
CentroidY: 0.2537
