Location: internet_9.png_Mean-Closing.png
Component: component_1755092071802_37.png
centerX: 0.8254735993550988
centerY: 0.07812945537496435
width: 0.030229746070133012
height: 0.02480752780153978
Area: 0.00034375884610119887
CentroidX: 0.8418
CentroidY: 0.0895
