Location: internet_9.png_Gaussian-Closing.png
Component: component_1755092072537_150.png
centerX: 0.1717049576783555
centerY: 0.3270601653835187
width: 0.029826682789197905
height: 0.024522383803820928
Area: 0.000344908156853794
CentroidX: 0.1887
CentroidY: 0.3376
