Location: internet_9.png_Gaussian-Median.png
Component: component_1755092071732_374.png
centerX: 0.8613462313583232
centerY: 0.8272027373823782
width: 0.03143893591293833
height: 0.03022526375819789
Area: 0.00038570868857092057
CentroidX: 0.8795
CentroidY: 0.8408
