Location: internet_9.png_Mean-Closing.png
Component: component_1755092071813_86.png
centerX: 0.9149536477226925
centerY: 0.19446820644425436
width: 0.025796049979846837
height: 0.025092671799258625
Area: 0.00032640425373701266
CentroidX: 0.9300
CentroidY: 0.2062
