Location: Dedata_4.png_Mean-Medain.png
Component: component_1755523235554_109.png
centerX: 0.8362903225806452
centerY: 0.16614420062695925
width: 0.02217741935483871
height: 0.01909375890567113
Area: 0.00020649665836236774
CentroidX: 0.8472
CentroidY: 0.1733
