Location: Dedata_4.png_Gaussian-Median.png
Component: component_1755523236230_206.png
centerX: 0.8568548387096774
centerY: 0.31176973496722715
width: 0.02661290322580645
height: 0.02108862923909946
Area: 0.0002617692753196849
CentroidX: 0.8698
CentroidY: 0.3196
