Location: internet_9.png_Mean-Closing.png
Component: component_1755092072013_240.png
centerX: 0.9222087867795243
centerY: 0.5620188195038495
width: 0.02176541717049577
height: 0.026803535785571715
Area: 0.0002939936905138304
CentroidX: 0.9353
CentroidY: 0.5727
