Location: internet_9.png_Mean-Closing.png
Component: component_1755092071813_87.png
centerX: 0.18903667875856509
centerY: 0.19560878243512975
width: 0.026602176541717048
height: 0.023952095808383235
Area: 0.0002780182710527583
CentroidX: 0.2048
CentroidY: 0.2046
