Location: Dedata_4.png_Gaussian-Closing.png
Component: component_1755523235838_47.png
centerX: 0.8536290322580645
centerY: 0.07267027643203192
width: 0.02620967741935484
height: 0.021373610715303505
Area: 0.0002670552220557277
CentroidX: 0.8669
CentroidY: 0.0811
