Location: internet_9.png_Gaussian-Median.png
Component: component_1755092071700_241.png
centerX: 0.24103184199919386
centerY: 0.4619332763045338
width: 0.032245062474808545
height: 0.024522383803820928
Area: 0.00032341604578026536
CentroidX: 0.2592
CentroidY: 0.4728
