Location: Dedata_4.png_Gaussian-Median.png
Component: component_1755523236224_178.png
centerX: 0.2661290322580645
centerY: 0.2636078654887432
width: 0.025806451612903226
height: 0.020518666286691366
Area: 0.00024280881420127046
CentroidX: 0.2812
CentroidY: 0.2718
