Location: internet_9.png_Mean-Closing.png
Component: component_1755092071822_119.png
centerX: 0.45908907698508666
centerY: 0.2634730538922156
width: 0.02902055622732769
height: 0.02623324779013402
Area: 0.0003766291336254192
CentroidX: 0.4754
CentroidY: 0.2765
