Location: internet_9.png_Otsu.png
Component: component_1755092072169_282.png
centerX: 0.4586860137041516
centerY: 0.17650413458796693
width: 0.026199113260781944
height: 0.026803535785571715
Area: 0.0002743404766444539
CentroidX: 0.4722
CentroidY: 0.1874
