Location: internet_9.png_Mean-Closing.png
Component: component_1755092071834_171.png
centerX: 0.9536477226924627
centerY: 0.3818078129455375
width: 0.02902055622732769
height: 0.031080695751354435
Area: 0.000354562367175593
CentroidX: 0.9712
CentroidY: 0.3967
