Location: internet_9.png_Gaussian-Median.png
Component: component_1755092071720_328.png
centerX: 0.177347843611447
centerY: 0.6678072426575421
width: 0.029423619508262798
height: 0.03136583974907328
Area: 0.00036467630179842997
CentroidX: 0.1957
CentroidY: 0.6811
