Location: Dedata_4.png_Mean-Medain.png
Component: component_1755523235629_370.png
centerX: 0.9532258064516129
centerY: 0.5976061555998861
width: 0.02379032258064516
height: 0.01937874038187518
Area: 0.0002572877117826051
CentroidX: 0.9648
CentroidY: 0.6051
