Location: internet_9.png_Otsu.png
Component: component_1755092072217_1025.png
centerX: 0.6029826682789198
centerY: 0.720558882235529
width: 0.028214429665457477
height: 0.02594810379241517
Area: 0.0003436439150259394
CentroidX: 0.6205
CentroidY: 0.7327
