Location: Dedata_4.png_Gaussian-Median.png
Component: component_1755523236194_62.png
centerX: 0.1875
centerY: 0.08862923909945854
width: 0.02258064516129032
height: 0.01567398119122257
Area: 0.00019190284889546695
CentroidX: 0.2005
CentroidY: 0.0945
