Location: internet_9.png_Mean-Closing.png
Component: component_1755092071830_154.png
centerX: 0.9238210399032648
centerY: 0.34644995722840033
width: 0.023377670294236194
height: 0.027944111776447105
Area: 0.00030318817653459133
CentroidX: 0.9386
CentroidY: 0.3599
