Location: Dedata_4.png_Otsu.png
Component: component_1755523236081_327.png
centerX: 0.05604838709677419
centerY: 0.43089199202051864
width: 0.022983870967741935
height: 0.0176688515246509
Area: 0.0001658178508719514
CentroidX: 0.0689
CentroidY: 0.4372
