Location: Dedata_4.png_Gaussian-Closing.png
Component: component_1755523235859_104.png
centerX: 0.2629032258064516
centerY: 0.15645483043602165
width: 0.020967741935483872
height: 0.015958962667426618
Area: 0.00015708454756892414
CentroidX: 0.2759
CentroidY: 0.1625
