Location: Dedata_4.png_Gaussian-Median.png
Component: component_1755523236197_75.png
centerX: 0.5879032258064516
centerY: 0.109717868338558
width: 0.02217741935483871
height: 0.020233684810487318
Area: 0.00020603701082010315
CentroidX: 0.5998
CentroidY: 0.1178
