Location: Dedata_4.png_Otsu.png
Component: component_1755523236067_258.png
centerX: 0.21008064516129032
centerY: 0.3439726417782844
width: 0.03225806451612903
height: 0.015388999715018524
Area: 0.00018880022798518095
CentroidX: 0.2293
CentroidY: 0.3488
