Location: internet_9.png_Otsu.png
Component: component_1755092072215_1016.png
centerX: 0.07295445384925434
centerY: 0.6757912745936698
width: 0.030632809351068116
height: 0.029369831765041345
Area: 0.00034134529352074916
CentroidX: 0.0927
CentroidY: 0.6883
