Location: Dedata_4.png_Gaussian-Median.png
Component: component_1755523236244_272.png
centerX: 0.9193548387096774
centerY: 0.41749786263892846
width: 0.025403225806451612
height: 0.019663721858079224
Area: 0.00023752286746522765
CentroidX: 0.9322
CentroidY: 0.4246
