Location: Dedata_4.png_Gaussian-Median.png
Component: component_1755523236243_263.png
centerX: 0.5375
centerY: 0.40096893701909375
width: 0.025806451612903226
height: 0.020233684810487318
Area: 0.0002337307752415448
CentroidX: 0.5512
CentroidY: 0.4082
