Location: Dedata_4.png_Otsu.png
Component: component_1755523236112_492.png
centerX: 0.020161290322580645
centerY: 0.6332288401253918
width: 0.024193548387096774
height: 0.017953833000854943
Area: 0.00019213267266659926
CentroidX: 0.0329
CentroidY: 0.6408
