Location: internet_9.png_Otsu.png
Component: component_1755092072165_169.png
centerX: 0.290608625554212
centerY: 0.13915027088679782
width: 0.02539298669891173
height: 0.025092671799258625
Area: 0.00024066567159341707
CentroidX: 0.3042
CentroidY: 0.1501
