Location: internet_9.png_Gaussian-Median.png
Component: component_1755092071726_347.png
centerX: 0.3788794840790004
centerY: 0.7293983461648132
width: 0.026602176541717048
height: 0.026518391787852865
Area: 0.00034214981104756573
CentroidX: 0.3953
CentroidY: 0.7413
