Location: Dedata_4.png_Mean-Medain.png
Component: component_1755523235590_267.png
centerX: 0.2495967741935484
centerY: 0.41749786263892846
width: 0.02661290322580645
height: 0.018238814477058992
Area: 0.00023269656827144947
CentroidX: 0.2646
CentroidY: 0.4241
