Location: internet_9.png_Gaussian-Closing.png
Component: component_1755092072324_50.png
centerX: 0.24909310761789602
centerY: 0.09552323923581409
width: 0.03143893591293833
height: 0.028514399771884802
Area: 0.0003829503427646923
CentroidX: 0.2677
CentroidY: 0.1083
