Location: Dedata_4.png_Otsu.png
Component: component_1755523236087_360.png
centerX: 0.6786290322580645
centerY: 0.4773439726417783
width: 0.021774193548387097
height: 0.01652892561983471
Area: 0.00016834591235440665
CentroidX: 0.6905
CentroidY: 0.4840
