Location: Dedata_4.png_Gaussian-Closing.png
Component: component_1755523235857_95.png
centerX: 0.6338709677419355
centerY: 0.14106583072100312
width: 0.02620967741935484
height: 0.019948703334283273
Area: 0.00022499747193851754
CentroidX: 0.6493
CentroidY: 0.1486
