Location: Dedata_4.png_Gaussian-Closing.png
Component: component_1755523235949_314.png
centerX: 0.22620967741935483
centerY: 0.5035622684525506
width: 0.03346774193548387
height: 0.018238814477058992
Area: 0.0002656762794289339
CentroidX: 0.2447
CentroidY: 0.5098
