Location: Dedata_4.png_Gaussian-Closing.png
Component: component_1755523235956_343.png
centerX: 0.910483870967742
centerY: 0.554858934169279
width: 0.021370967741935483
height: 0.018523795953263037
Area: 0.00022810009284880353
CentroidX: 0.9211
CentroidY: 0.5625
