Location: Dedata_4.png_Otsu.png
Component: component_1755523236040_133.png
centerX: 0.21774193548387097
centerY: 0.15987460815047022
width: 0.022983870967741935
height: 0.016243944143630663
Area: 0.0001646687320162899
CentroidX: 0.2318
CentroidY: 0.1659
