Location: Dedata_4.png_Gaussian-Closing.png
Component: component_1755523235967_381.png
centerX: 0.4600806451612903
centerY: 0.6255343402678826
width: 0.02379032258064516
height: 0.02108862923909946
Area: 0.0002445324924847627
CentroidX: 0.4713
CentroidY: 0.6341
