Location: internet_9.png_Gaussian-Median.png
Component: component_1755092071731_364.png
centerX: 0.1894397420395002
centerY: 0.7864271457085829
width: 0.030632809351068116
height: 0.028514399771884802
Area: 0.00037639927147490015
CentroidX: 0.2078
CentroidY: 0.8004
