Location: Dedata_4.png_Gaussian-Median.png
Component: component_1755523236244_270.png
centerX: 0.9596774193548387
centerY: 0.41550299230550014
width: 0.020967741935483872
height: 0.021658592191507554
Area: 0.00024372810928579964
CentroidX: 0.9686
CentroidY: 0.4252
