Location: Dedata_4.png_Mean-Medain.png
Component: component_1755523235730_391.png
centerX: 0.10040322580645161
centerY: 0.6332288401253918
width: 0.02379032258064516
height: 0.01738387004844685
Area: 0.00022695097399314207
CentroidX: 0.1130
CentroidY: 0.6402
