Location: internet_9.png_Mean-Closing.png
Component: component_1755092071815_98.png
centerX: 0.5155179363160016
centerY: 0.223267750213858
width: 0.031035872632003223
height: 0.02423723980610208
Area: 0.0003242205633070819
CentroidX: 0.5339
CentroidY: 0.2339
