Location: Dedata_4.png_Gaussian-Closing.png
Component: component_1755523235956_346.png
centerX: 0.8766129032258064
centerY: 0.5565688230265032
width: 0.021370967741935483
height: 0.018523795953263037
Area: 0.00020661157024793388
CentroidX: 0.8871
CentroidY: 0.5652
