Location: Dedata_4.png_Gaussian-Median.png
Component: component_1755523236258_331.png
centerX: 0.589516129032258
centerY: 0.5269307495012824
width: 0.02661290322580645
height: 0.017098888572242805
Area: 0.00022407817685398835
CentroidX: 0.6036
CentroidY: 0.5337
