Location: internet_9.png_Mean-Closing.png
Component: component_1755092071819_107.png
centerX: 0.7230955259975816
centerY: 0.23723980610208156
width: 0.02539298669891173
height: 0.034787567721699456
Area: 0.00043639329276036514
CentroidX: 0.7386
CentroidY: 0.2543
