Location: Dedata_4.png_Gaussian-Closing.png
Component: component_1755523235924_244.png
centerX: 0.26975806451612905
centerY: 0.3756055856369336
width: 0.028629032258064516
height: 0.017953833000854943
Area: 0.0002440728449424981
CentroidX: 0.2857
CentroidY: 0.3822
