Location: Dedata_4.png_Mean-Medain.png
Component: component_1755523235579_220.png
centerX: 0.20927419354838708
centerY: 0.34368766030208037
width: 0.03346774193548387
height: 0.016243944143630663
Area: 0.00023625883672400005
CentroidX: 0.2292
CentroidY: 0.3492
