Location: internet_9.png_Gaussian-Median.png
Component: component_1755092071700_242.png
centerX: 0.9153567110036276
centerY: 0.4619332763045338
width: 0.02781136638452237
height: 0.023952095808383235
Area: 0.00028859192997663334
CentroidX: 0.9322
CentroidY: 0.4728
