Location: internet_9.png_Gaussian-Closing.png
Component: component_1755092072577_307.png
centerX: 0.06731156791616284
centerY: 0.7339606501283148
width: 0.03466344216041919
height: 0.023666951810664385
Area: 0.0003568609886807832
CentroidX: 0.0884
CentroidY: 0.7452
