Location: Dedata_4.png_Gaussian-Closing.png
Component: component_1755523235943_290.png
centerX: 0.2770161290322581
centerY: 0.45682530635508695
width: 0.027822580645161292
height: 0.01738387004844685
Area: 0.0002237334411972899
CentroidX: 0.2923
CentroidY: 0.4631
