Location: internet_9.png_Gaussian-Median.png
Component: component_1755092071711_285.png
centerX: 0.8770656993147924
centerY: 0.5614485315084118
width: 0.026602176541717048
height: 0.027088679783290562
Area: 0.00034077063814445157
CentroidX: 0.8942
CentroidY: 0.5737
