Location: internet_9.png_Gaussian-Median.png
Component: component_1755092071689_190.png
centerX: 0.6154776299879081
centerY: 0.33390362132877105
width: 0.030632809351068116
height: 0.02879954376960365
Area: 0.0003506547106167696
CentroidX: 0.6342
CentroidY: 0.3476
