Location: Dedata_4.png_Otsu.png
Component: component_1755523236040_132.png
centerX: 0.2633064516129032
centerY: 0.15645483043602165
width: 0.020161290322580645
height: 0.01567398119122257
Area: 0.00013858373399277434
CentroidX: 0.2760
CentroidY: 0.1625
