Location: Dedata_4.png_Mean-Medain.png
Component: component_1755523235582_235.png
centerX: 0.6108870967741935
centerY: 0.3616414933029353
width: 0.028225806451612902
height: 0.020518666286691366
Area: 0.0002740648470752627
CentroidX: 0.6253
CentroidY: 0.3692
