Location: internet_9.png_Mean-Closing.png
Component: component_1755092071811_76.png
centerX: 0.6694881096332124
centerY: 0.16481323068149414
width: 0.024586860137041516
height: 0.024522383803820928
Area: 0.00029882079567472987
CentroidX: 0.6833
CentroidY: 0.1757
