Location: internet_9.png_Gaussian-Closing.png
Component: component_1755092072549_188.png
centerX: 0.23498589278516727
centerY: 0.40804106073567153
width: 0.029423619508262798
height: 0.028229255774165955
Area: 0.00031858894061936584
CentroidX: 0.2536
CentroidY: 0.4227
