Location: internet_9.png_Mean-Closing.png
Component: component_1755092071820_109.png
centerX: 0.7762998790810157
centerY: 0.24123182207014543
width: 0.02781136638452237
height: 0.029369831765041345
Area: 0.0004169699410415077
CentroidX: 0.7922
CentroidY: 0.2541
