Location: internet_9.png_Otsu.png
Component: component_1755092072160_44.png
centerX: 0.42724707779121324
centerY: 0.08383233532934131
width: 0.02781136638452237
height: 0.027088679783290562
Area: 0.00030755555739445274
CentroidX: 0.4441
CentroidY: 0.0948
