Location: internet_9.png_Gaussian-Closing.png
Component: component_1755092072540_161.png
centerX: 0.871825876662636
centerY: 0.3504419731964642
width: 0.02539298669891173
height: 0.02765896777872826
Area: 0.00030721076416867423
CentroidX: 0.8875
CentroidY: 0.3631
