Location: internet_9.png_Gaussian-Closing.png
Component: component_1755092072473_109.png
centerX: 0.7234985892785167
centerY: 0.23723980610208156
width: 0.024989923417976623
height: 0.034787567721699456
Area: 0.00042133732190136915
CentroidX: 0.7387
CentroidY: 0.2543
