Location: Dedata_4.png_Otsu.png
Component: component_1755523236054_201.png
centerX: 0.4088709677419355
centerY: 0.2573382730122542
width: 0.024596774193548387
height: 0.018808777429467086
Area: 0.00019155811323876853
CentroidX: 0.4231
CentroidY: 0.2641
