Location: Dedata_4.png_Mean-Medain.png
Component: component_1755523235602_318.png
centerX: 0.018951612903225806
centerY: 0.5112567683100598
width: 0.02379032258064516
height: 0.021658592191507554
Area: 0.000244762316255895
CentroidX: 0.0314
CentroidY: 0.5203
