Location: Dedata_4.png_Mean-Medain.png
Component: component_1755523235578_219.png
centerX: 0.30443548387096775
centerY: 0.33998290111142776
width: 0.031451612903225803
height: 0.01567398119122257
Area: 0.00024074040026107982
CentroidX: 0.3225
CentroidY: 0.3454
