Location: internet_9.png_Gaussian-Closing.png
Component: component_1755092072312_43.png
centerX: 0.5489721886336155
centerY: 0.08098089535215283
width: 0.02781136638452237
height: 0.024522383803820928
Area: 0.000295028070191166
CentroidX: 0.5658
CentroidY: 0.0929
