Location: Dedata_4.png_Gaussian-Closing.png
Component: component_1755523235884_166.png
centerX: 0.7266129032258064
centerY: 0.24793388429752067
width: 0.02943548387096774
height: 0.01738387004844685
Area: 0.00023442024655494166
CentroidX: 0.7423
CentroidY: 0.2540
