Location: Dedata_4.png_Gaussian-Closing.png
Component: component_1755523235966_378.png
centerX: 0.5725806451612904
centerY: 0.6195497292675977
width: 0.025
height: 0.018523795953263037
Area: 0.00022878956416220043
CentroidX: 0.5861
CentroidY: 0.6264
