Location: Dedata_4.png_Mean-Medain.png
Component: component_1755523235553_104.png
centerX: 0.21733870967741936
centerY: 0.15958962667426618
width: 0.02379032258064516
height: 0.016813907096038756
Area: 0.0001948905579201868
CentroidX: 0.2316
CentroidY: 0.1660
