Location: internet_9.png_Gaussian-Median.png
Component: component_1755092071678_123.png
centerX: 0.014107214832728738
centerY: 0.20615911035072712
width: 0.025796049979846837
height: 0.023096663815226688
Area: 0.00032651918481227214
CentroidX: 0.0283
CentroidY: 0.2164
