Location: Dedata_4.png_Otsu.png
Component: component_1755523236033_97.png
centerX: 0.3943548387096774
centerY: 0.12054716443431177
width: 0.024193548387096774
height: 0.01738387004844685
Area: 0.00014892580369372765
CentroidX: 0.4078
CentroidY: 0.1265
