Location: internet_9.png_Gaussian-Closing.png
Component: component_1755092072538_152.png
centerX: 0.11769447803305119
centerY: 0.3307670373538637
width: 0.025796049979846837
height: 0.029940119760479042
Area: 0.00036042385201382805
CentroidX: 0.1333
CentroidY: 0.3450
