Location: Dedata_4.png_Mean-Medain.png
Component: component_1755523235577_210.png
centerX: 0.6241935483870967
centerY: 0.322884012539185
width: 0.025403225806451612
height: 0.01937874038187518
Area: 0.00023694830803739692
CentroidX: 0.6392
CentroidY: 0.3302
