Location: internet_9.png_Mean-Closing.png
Component: component_1755092071819_104.png
centerX: 0.3667875856509472
centerY: 0.2315369261477046
width: 0.029826682789197905
height: 0.029654975762760195
Area: 0.00035272346997144077
CentroidX: 0.3838
CentroidY: 0.2429
