Location: internet_9.png_Gaussian-Median.png
Component: component_1755092071700_240.png
centerX: 0.9560661023780733
centerY: 0.45879669232962644
width: 0.024989923417976623
height: 0.027088679783290562
Area: 0.000295257932341685
CentroidX: 0.9711
CentroidY: 0.4714
