Location: internet_9.png_Gaussian-Closing.png
Component: component_1755092072576_298.png
centerX: 0.4268440145102781
centerY: 0.7251211861990305
width: 0.032245062474808545
height: 0.02566295979469632
Area: 0.00037547982287282404
CentroidX: 0.4455
CentroidY: 0.7377
