Location: Dedata_4.png_Otsu.png
Component: component_1755523236018_7.png
centerX: 0.757258064516129
centerY: 0.005984611000284981
width: 0.021774193548387097
height: 0.02108862923909946
Area: 0.0002030493017953833
CentroidX: 0.7697
CentroidY: 0.0140
