Location: internet_9.png_Gaussian-Median.png
Component: component_1755092071675_108.png
centerX: 0.45828295042321643
centerY: 0.17621899059024806
width: 0.026602176541717048
height: 0.02737382378100941
Area: 0.0003190486649204039
CentroidX: 0.4727
CentroidY: 0.1880
