Location: Dedata_4.png_Gaussian-Median.png
Component: component_1755523236198_78.png
centerX: 0.45
centerY: 0.1176973496722713
width: 0.02217741935483871
height: 0.0219435736677116
Area: 0.00021327645961077046
CentroidX: 0.4624
CentroidY: 0.1264
