Location: Kurtxevani_1794_page_10.png_Mean-Medain.png
Component: component_1755610055049_2112.png
centerX: 0.44535359438924604
centerY: 0.6650506831203173
width: 0.014026884862653419
height: 0.015866020273248127
Area: 0.00011385123970348192
CentroidX: 0.4521
CentroidY: 0.6727
