Location: internet_9.png_Otsu.png
Component: component_1755092072153_22.png
centerX: 0.35953244659411526
centerY: 0.044767607641859136
width: 0.02781136638452237
height: 0.03364699173082407
Area: 0.0004021438323330307
CentroidX: 0.3748
CentroidY: 0.0595
