Location: internet_9.png_Mean-Closing.png
Component: component_1755092072028_255.png
centerX: 0.4191858121725111
centerY: 0.5916737952666097
width: 0.026199113260781944
height: 0.026803535785571715
Area: 0.00029112041363234264
CentroidX: 0.4350
CentroidY: 0.6041
