Location: Dedata_4.png_Otsu.png
Component: component_1755523236048_166.png
centerX: 0.7258064516129032
centerY: 0.20404673696209746
width: 0.01975806451612903
height: 0.014534055286406384
Area: 0.00015225824837514595
CentroidX: 0.7362
CentroidY: 0.2094
