Location: internet_9.png_Mean-Closing.png
Component: component_1755092071928_218.png
centerX: 0.8649738008867393
centerY: 0.5035642999714856
width: 0.03345425231761386
height: 0.02594810379241517
Area: 0.00031939345814618246
CentroidX: 0.8860
CentroidY: 0.5161
