Location: internet_9.png_Mean-Closing.png
Component: component_1755092071796_20.png
centerX: 0.8492543329302701
centerY: 0.04163102366695181
width: 0.025796049979846837
height: 0.02737382378100941
Area: 0.0003589297480354544
CentroidX: 0.8636
CentroidY: 0.0541
