Location: internet_9.png_Gaussian-Median.png
Component: component_1755092071667_48.png
centerX: 0.365981459089077
centerY: 0.08411747932706017
width: 0.03506650544135429
height: 0.03307670373538637
Area: 0.00045627636878026065
CentroidX: 0.3851
CentroidY: 0.0982
