Location: Dedata_4.png_Mean-Medain.png
Component: component_1755523235582_234.png
centerX: 0.6532258064516129
centerY: 0.3610715303505272
width: 0.028629032258064516
height: 0.019948703334283273
Area: 0.0002775122036422471
CentroidX: 0.6676
CentroidY: 0.3685
