Location: Dedata_4.png_Otsu.png
Component: component_1755523236022_31.png
centerX: 0.5254032258064516
centerY: 0.04189227700199487
width: 0.02056451612903226
height: 0.018238814477058992
Area: 0.0001924774083232977
CentroidX: 0.5363
CentroidY: 0.0491
