Location: Dedata_4.png_Gaussian-Median.png
Component: component_1755523236204_99.png
centerX: 0.5415322580645161
centerY: 0.1450555713878598
width: 0.02217741935483871
height: 0.018523795953263037
Area: 0.00020730104156133078
CentroidX: 0.5534
CentroidY: 0.1521
