Location: internet_9.png_Mean-Closing.png
Component: component_1755092071813_84.png
centerX: 0.2889963724304716
centerY: 0.18962075848303392
width: 0.030229746070133012
height: 0.02423723980610208
Area: 0.00031709483664099224
CentroidX: 0.3058
CentroidY: 0.1993
