Location: Dedata_4.png_Otsu.png
Component: component_1755523236058_221.png
centerX: 0.555241935483871
centerY: 0.2889712168709034
width: 0.024193548387096774
height: 0.01481903676261043
Area: 0.00015662490002665955
CentroidX: 0.5692
CentroidY: 0.2948
