Location: internet_9.png_Otsu.png
Component: component_1755092072184_462.png
centerX: 0.9238210399032648
centerY: 0.34644995722840033
width: 0.023377670294236194
height: 0.027944111776447105
Area: 0.0002806616857837271
CentroidX: 0.9387
CentroidY: 0.3598
