Location: Dedata_4.png_Gaussian-Median.png
Component: component_1755523236252_303.png
centerX: 0.09717741935483871
centerY: 0.46936449130806496
width: 0.028629032258064516
height: 0.020518666286691366
Area: 0.0002502780867630701
CentroidX: 0.1134
CentroidY: 0.4766
