Location: internet_9.png_Otsu.png
Component: component_1755092072180_434.png
centerX: 0.5195485691253526
centerY: 0.2994011976047904
width: 0.02781136638452237
height: 0.029654975762760195
Area: 0.00032582959836071506
CentroidX: 0.5369
CentroidY: 0.3131
