Location: Dedata_4.png_Mean-Medain.png
Component: component_1755523235595_290.png
centerX: 0.23024193548387098
centerY: 0.45939013964092335
width: 0.03346774193548387
height: 0.020233684810487318
Area: 0.0002949788102483016
CentroidX: 0.2479
CentroidY: 0.4665
