Location: internet_9.png_Gaussian-Closing.png
Component: component_1755092072567_257.png
centerX: 0.5122934300685208
centerY: 0.583404619332763
width: 0.026199113260781944
height: 0.02765896777872826
Area: 0.00025825012610812233
CentroidX: 0.5295
CentroidY: 0.5961
