Location: internet_9.png_Gaussian-Median.png
Component: component_1755092071704_263.png
centerX: 0.33978234582829503
centerY: 0.5067008839463929
width: 0.02781136638452237
height: 0.024522383803820928
Area: 0.0003099691099749025
CentroidX: 0.3558
CentroidY: 0.5174
