Location: internet_9.png_Otsu.png
Component: component_1755092072154_28.png
centerX: 0.3075372833534865
centerY: 0.04818933561448532
width: 0.027005239822652155
height: 0.03051040775591674
Area: 0.00037444544319548844
CentroidX: 0.3219
CentroidY: 0.0617
