Location: internet_9.png_Otsu.png
Component: component_1755092072222_1042.png
centerX: 0.5920999596936719
centerY: 0.7815796977473625
width: 0.02902055622732769
height: 0.029940119760479042
Area: 0.0003636419221210944
CentroidX: 0.6104
CentroidY: 0.7953
