Location: Dedata_4.png_Mean-Medain.png
Component: component_1755523235540_40.png
centerX: 0.04959677419354839
centerY: 0.05699629524080935
width: 0.024596774193548387
height: 0.025933314334568254
Area: 0.00027544378970205646
CentroidX: 0.0641
CentroidY: 0.0667
