Location: Dedata_4.png_Otsu.png
Component: component_1755523236068_262.png
centerX: 0.13306451612903225
centerY: 0.34967227130236533
width: 0.025
height: 0.01567398119122257
Area: 0.00016639241029978212
CentroidX: 0.1476
CentroidY: 0.3550
