Location: internet_9.png_Otsu.png
Component: component_1755092072167_219.png
centerX: 0.8996372430471584
centerY: 0.1562589107499287
width: 0.026602176541717048
height: 0.023096663815226688
Area: 0.00021744959439099574
CentroidX: 0.9151
CentroidY: 0.1654
