Location: Dedata_4.png_Gaussian-Closing.png
Component: component_1755523235956_345.png
centerX: 0.8419354838709677
centerY: 0.5565688230265032
width: 0.027016129032258064
height: 0.017953833000854943
Area: 0.00022396326496842221
CentroidX: 0.8559
CentroidY: 0.5645
