Location: Dedata_4.png_Mean-Medain.png
Component: component_1755523235609_352.png
centerX: 0.597983870967742
centerY: 0.5688230265032773
width: 0.021370967741935483
height: 0.01909375890567113
Area: 0.00021086331001388136
CentroidX: 0.6077
CentroidY: 0.5778
