Location: internet_9.png_Gaussian-Median.png
Component: component_1755092071729_352.png
centerX: 0.06731156791616284
centerY: 0.733675506130596
width: 0.03466344216041919
height: 0.023952095808383235
Area: 0.0003568609886807832
CentroidX: 0.0884
CentroidY: 0.7452
