Location: Dedata_4.png_Mean-Medain.png
Component: component_1755523235601_314.png
centerX: 0.9379032258064516
centerY: 0.5064120832145911
width: 0.02661290322580645
height: 0.01937874038187518
Area: 0.00025705788801147283
CentroidX: 0.9521
CentroidY: 0.5138
