Location: internet_9.png_Gaussian-Closing.png
Component: component_1755092072538_153.png
centerX: 0.6154776299879081
centerY: 0.33390362132877105
width: 0.030229746070133012
height: 0.02879954376960365
Area: 0.0003506547106167696
CentroidX: 0.6342
CentroidY: 0.3476
