Location: Dedata_4.png_Mean-Medain.png
Component: component_1755523235560_137.png
centerX: 0.725
centerY: 0.20376175548589343
width: 0.020967741935483872
height: 0.015104018238814477
Area: 0.00017627483245847084
CentroidX: 0.7361
CentroidY: 0.2095
