Location: Kurtxevani_1794_page_10.png_Mean-Medain.png
Component: component_1755610054906_1265.png
centerX: 0.6931618936294565
centerY: 0.3596297928602909
width: 0.011689070718877849
height: 0.010136624063464082
Area: 7.547152315185565e-05
CentroidX: 0.6997
CentroidY: 0.3640
