Location: internet_9.png_Gaussian-Closing.png
Component: component_1755092072469_104.png
centerX: 0.8730350665054414
centerY: 0.22897063016823496
width: 0.031035872632003223
height: 0.03022526375819789
Area: 0.0003785829619048309
CentroidX: 0.8919
CentroidY: 0.2427
