Location: Dedata_4.png_Otsu.png
Component: component_1755523236056_213.png
centerX: 0.8475806451612903
centerY: 0.27700199487033345
width: 0.02338709677419355
height: 0.016243944143630663
Area: 0.00019282214397999613
CentroidX: 0.8605
CentroidY: 0.2834
