Location: internet_9.png_Gaussian-Closing.png
Component: component_1755092072581_329.png
centerX: 0.6928657799274486
centerY: 0.82919874536641
width: 0.03184199919387344
height: 0.029369831765041345
Area: 0.0003845593778183255
CentroidX: 0.7121
CentroidY: 0.8430
