Location: internet_9.png_Mean-Closing.png
Component: component_1755092072073_314.png
centerX: 0.29826682789197906
centerY: 0.7884231536926147
width: 0.032648125755743655
height: 0.02765896777872826
Area: 0.00039076565588233906
CentroidX: 0.3188
CentroidY: 0.8011
