Location: internet_9.png_Otsu.png
Component: component_1755092072171_315.png
centerX: 0.8694074969770254
centerY: 0.1964642144282863
width: 0.02781136638452237
height: 0.02423723980610208
Area: 0.00028215578976210074
CentroidX: 0.8850
CentroidY: 0.2082
