Location: Dedata_4.png_Otsu.png
Component: component_1755523236052_190.png
centerX: 0.7778225806451613
centerY: 0.24365916215445996
width: 0.02338709677419355
height: 0.016813907096038756
Area: 0.00017225291646365566
CentroidX: 0.7911
CentroidY: 0.2498
