Location: internet_9.png_Otsu.png
Component: component_1755092072198_603.png
centerX: 0.7726723095525998
centerY: 0.47191331622469346
width: 0.027408303103587262
height: 0.02594810379241517
Area: 0.0002587098504091604
CentroidX: 0.7877
CentroidY: 0.4840
