Location: Dedata_4.png_Gaussian-Closing.png
Component: component_1755523235910_222.png
centerX: 0.175
centerY: 0.3459675121117127
width: 0.027822580645161292
height: 0.01652892561983471
Area: 0.00021545978543652727
CentroidX: 0.1911
CentroidY: 0.3520
