Location: Dedata_4.png_Gaussian-Closing.png
Component: component_1755523235884_165.png
centerX: 0.6806451612903226
centerY: 0.2482188657737247
width: 0.03024193548387097
height: 0.01909375890567113
Area: 0.00024809476093731324
CentroidX: 0.6971
CentroidY: 0.2550
