Location: Dedata_4.png_Gaussian-Median.png
Component: component_1755523236267_364.png
centerX: 0.32741935483870965
centerY: 0.5836420632658877
width: 0.02338709677419355
height: 0.018523795953263037
Area: 0.0002275255334209728
CentroidX: 0.3382
CentroidY: 0.5912
