Location: Dedata_4.png_Otsu.png
Component: component_1755523236044_150.png
centerX: 0.010483870967741936
centerY: 0.17839840410373325
width: 0.018548387096774192
height: 0.016813907096038756
Area: 0.00011008558637236967
CentroidX: 0.0206
CentroidY: 0.1853
