Location: Dedata_4.png_Otsu.png
Component: component_1755523236093_403.png
centerX: 0.3834677419354839
centerY: 0.5383300085494442
width: 0.025806451612903226
height: 0.01937874038187518
Area: 0.00019063881815423932
CentroidX: 0.3977
CentroidY: 0.5446
