Location: Dedata_4.png_Otsu.png
Component: component_1755523236063_243.png
centerX: 0.6661290322580645
centerY: 0.32088914220575665
width: 0.03225806451612903
height: 0.015958962667426618
Area: 0.00021235716452624128
CentroidX: 0.6838
CentroidY: 0.3259
