Location: Dedata_4.png_Gaussian-Closing.png
Component: component_1755523235944_294.png
centerX: 0.9185483870967742
centerY: 0.4625249358791679
width: 0.02620967741935484
height: 0.018523795953263037
Area: 0.00021994134897360704
CentroidX: 0.9325
CentroidY: 0.4694
