Location: internet_9.png_Mean-Closing.png
Component: component_1755092072077_326.png
centerX: 0.5139056831922612
centerY: 0.8326204733390362
width: 0.03345425231761386
height: 0.029940119760479042
Area: 0.000449840228565728
CentroidX: 0.5332
CentroidY: 0.8469
