Location: Dedata_4.png_Otsu.png
Component: component_1755523236099_424.png
centerX: 0.6282258064516129
centerY: 0.5682530635508692
width: 0.028629032258064516
height: 0.018523795953263037
Area: 0.00017937745336875683
CentroidX: 0.6425
CentroidY: 0.5750
