Location: Dedata_4.png_Gaussian-Closing.png
Component: component_1755523235842_55.png
centerX: 0.4883064516129032
centerY: 0.07950983186092904
width: 0.027419354838709678
height: 0.019663721858079224
Area: 0.0002561385929269436
CentroidX: 0.5034
CentroidY: 0.0869
