Location: Dedata_4.png_Otsu.png
Component: component_1755523236100_429.png
centerX: 0.5241935483870968
centerY: 0.5705329153605015
width: 0.024193548387096774
height: 0.020233684810487318
Area: 0.00018064148410998446
CentroidX: 0.5375
CentroidY: 0.5802
