Location: internet_9.png_Mean-Closing.png
Component: component_1755092072072_309.png
centerX: 0.5292220878677952
centerY: 0.7838608497291132
width: 0.030229746070133012
height: 0.02879954376960365
Area: 0.00038467430889358497
CentroidX: 0.5485
CentroidY: 0.7969
