Location: internet_9.png_Mean-Closing.png
Component: component_1755092071818_102.png
centerX: 0.8730350665054414
centerY: 0.22897063016823496
width: 0.031035872632003223
height: 0.03022526375819789
Area: 0.00038938648297922495
CentroidX: 0.8918
CentroidY: 0.2427
