Location: Dedata_4.png_Mean-Medain.png
Component: component_1755523235645_376.png
centerX: 0.6104838709677419
centerY: 0.6138500997435167
width: 0.03346774193548387
height: 0.019948703334283273
Area: 0.0003018735233822705
CentroidX: 0.6285
CentroidY: 0.6208
