Location: Dedata_4.png_Gaussian-Median.png
Component: component_1755523236273_390.png
centerX: 0.2995967741935484
centerY: 0.6286691365061271
width: 0.02943548387096774
height: 0.018523795953263037
Area: 0.0002673999577124261
CentroidX: 0.3148
CentroidY: 0.6355
