Location: Dedata_4.png_Gaussian-Median.png
Component: component_1755523236183_25.png
centerX: 0.717741935483871
centerY: 0.03505272157309775
width: 0.025403225806451612
height: 0.017953833000854943
Area: 0.00021155278132727824
CentroidX: 0.7312
CentroidY: 0.0423
