Location: Dedata_4.png_Mean-Medain.png
Component: component_1755523235593_283.png
centerX: 0.5431451612903225
centerY: 0.44115132516386435
width: 0.02943548387096774
height: 0.020233684810487318
Area: 0.000280499912666967
CentroidX: 0.5576
CentroidY: 0.4487
