Location: internet_9.png_Otsu.png
Component: component_1755092072226_1056.png
centerX: 0.7529222087867795
centerY: 0.8283433133732535
width: 0.029423619508262798
height: 0.033932135728542916
Area: 0.0003940986570648649
CentroidX: 0.7712
CentroidY: 0.8439
