Location: internet_9.png_Gaussian-Median.png
Component: component_1755092071713_293.png
centerX: 0.6553808948004837
centerY: 0.5719988594240091
width: 0.027005239822652155
height: 0.0290846877673225
Area: 0.00026261750696798374
CentroidX: 0.6730
CentroidY: 0.5852
