Location: internet_9.png_Gaussian-Closing.png
Component: component_1755092072356_58.png
centerX: 0.645304312777106
centerY: 0.11690903906472769
width: 0.03305118903667876
height: 0.02480752780153978
Area: 0.0003501949863157315
CentroidX: 0.6644
CentroidY: 0.1283
