Location: Dedata_4.png_Gaussian-Median.png
Component: component_1755523236246_281.png
centerX: 0.021774193548387097
centerY: 0.4288971216870903
width: 0.020967741935483872
height: 0.019663721858079224
Area: 0.00019167302512433467
CentroidX: 0.0334
CentroidY: 0.4370
