Location: internet_9.png_Gaussian-Median.png
Component: component_1755092071710_278.png
centerX: 0.4909310761789601
centerY: 0.5372112917023096
width: 0.030632809351068116
height: 0.02623324779013402
Area: 0.0003138767665337259
CentroidX: 0.5100
CentroidY: 0.5487
