Location: internet_9.png_Otsu.png
Component: component_1755092072183_459.png
centerX: 0.06408706166868199
centerY: 0.33704020530367834
width: 0.028214429665457477
height: 0.027944111776447105
Area: 0.0003718020284645197
CentroidX: 0.0814
CentroidY: 0.3502
