Location: Dedata_4.png_Mean-Medain.png
Component: component_1755523235605_333.png
centerX: 0.3487903225806452
centerY: 0.5383300085494442
width: 0.025
height: 0.01937874038187518
Area: 0.00023798251500749225
CentroidX: 0.3619
CentroidY: 0.5453
