Location: Dedata_4.png_Otsu.png
Component: component_1755523236037_125.png
centerX: 0.5862903225806452
centerY: 0.1427757195782274
width: 0.025
height: 0.01909375890567113
Area: 0.00020661157024793388
CentroidX: 0.6006
CentroidY: 0.1494
