Location: Dedata_4.png_Otsu.png
Component: component_1755523236024_42.png
centerX: 0.09919354838709678
centerY: 0.05927614705044172
width: 0.02217741935483871
height: 0.018238814477058992
Area: 0.00016788626481214206
CentroidX: 0.1110
CentroidY: 0.0660
