Location: internet_9.png_Gaussian-Median.png
Component: component_1755092071688_181.png
centerX: 0.2926239419588875
centerY: 0.31736526946107785
width: 0.028214429665457477
height: 0.02765896777872826
Area: 0.00034812622696106033
CentroidX: 0.3085
CentroidY: 0.3292
