Location: internet_9.png_Otsu.png
Component: component_1755092072216_1020.png
centerX: 0.8750503829101169
centerY: 0.71285999429712
width: 0.030229746070133012
height: 0.025377815796977475
Area: 0.000330082048145317
CentroidX: 0.8926
CentroidY: 0.7252
