Location: Dedata_4.png_Otsu.png
Component: component_1755523236023_37.png
centerX: 0.2870967741935484
centerY: 0.049586776859504134
width: 0.022983870967741935
height: 0.01937874038187518
Area: 0.00020799051287472765
CentroidX: 0.2993
CentroidY: 0.0571
