Location: Dedata_4.png_Gaussian-Median.png
Component: component_1755523236209_121.png
centerX: 0.5862903225806452
centerY: 0.17469364491308065
width: 0.021370967741935483
height: 0.02336848104873183
Area: 0.00021879223011794555
CentroidX: 0.5987
CentroidY: 0.1836
