Location: Dedata_4.png_Mean-Medain.png
Component: component_1755523235595_289.png
centerX: 0.2770161290322581
centerY: 0.45682530635508695
width: 0.028225806451612902
height: 0.017953833000854943
Area: 0.0002409702240322121
CentroidX: 0.2922
CentroidY: 0.4631
