Location: Dedata_4.png_Mean-Medain.png
Component: component_1755523235587_252.png
centerX: 0.8483870967741935
centerY: 0.3884297520661157
width: 0.02338709677419355
height: 0.015388999715018524
Area: 0.0002052326276211401
CentroidX: 0.8603
CentroidY: 0.3941
