Location: Dedata_4.png_Otsu.png
Component: component_1755523236101_440.png
centerX: 0.3278225806451613
centerY: 0.5839270447420918
width: 0.02258064516129032
height: 0.017953833000854943
Area: 0.00016053190413590858
CentroidX: 0.3387
CentroidY: 0.5898
