Location: internet_9.png_Otsu.png
Component: component_1755092072218_1028.png
centerX: 0.42724707779121324
centerY: 0.7254063301967494
width: 0.03184199919387344
height: 0.025377815796977475
Area: 0.0003559415400787071
CentroidX: 0.4455
CentroidY: 0.7377
