Location: Dedata_4.png_Otsu.png
Component: component_1755523236036_120.png
centerX: 0.046370967741935484
centerY: 0.13935594186377886
width: 0.02056451612903226
height: 0.01481903676261043
Area: 0.00014432932827108174
CentroidX: 0.0584
CentroidY: 0.1446
