Location: internet_9.png_Mean-Closing.png
Component: component_1755092072066_287.png
centerX: 0.7710600564288593
centerY: 0.7159965782720273
width: 0.032648125755743655
height: 0.02566295979469632
Area: 0.0004009945215804356
CentroidX: 0.7900
CentroidY: 0.7279
