Location: internet_9.png_Otsu.png
Component: component_1755092072156_36.png
centerX: 0.8258766626360339
centerY: 0.07812945537496435
width: 0.029826682789197905
height: 0.02480752780153978
Area: 0.0002760644427733466
CentroidX: 0.8411
CentroidY: 0.0890
