Location: Dedata_4.png_Mean-Medain.png
Component: component_1755523235557_124.png
centerX: 0.3596774193548387
centerY: 0.18552294100883443
width: 0.025
height: 0.022228555143915644
Area: 0.00026659557451346307
CentroidX: 0.3735
CentroidY: 0.1935
