Location: Dedata_4.png_Otsu.png
Component: component_1755523236029_75.png
centerX: 0.9544354838709678
centerY: 0.10116842405243659
width: 0.018548387096774192
height: 0.023938444001139925
Area: 0.00017282747589148642
CentroidX: 0.9635
CentroidY: 0.1109
