Location: Dedata_4.png_Mean-Medain.png
Component: component_1755523235597_302.png
centerX: 0.7205645161290323
centerY: 0.47335423197492166
width: 0.02258064516129032
height: 0.01937874038187518
Area: 0.00022476764816738525
CentroidX: 0.7320
CentroidY: 0.4808
