Location: internet_9.png_Otsu.png
Component: component_1755092072150_7.png
centerX: 0.4320838371624345
centerY: 0.007698887938408896
width: 0.031035872632003223
height: 0.032506415739948676
Area: 0.00039524796781746
CentroidX: 0.4504
CentroidY: 0.0207
