Location: Dedata_4.png_Otsu.png
Component: component_1755523236070_271.png
centerX: 0.010887096774193548
centerY: 0.35622684525505843
width: 0.025403225806451612
height: 0.015388999715018524
Area: 0.00017558536114507396
CentroidX: 0.0262
CentroidY: 0.3618
