Location: internet_9.png_Gaussian-Median.png
Component: component_1755092071690_193.png
centerX: 0.5626763401854091
centerY: 0.3413173652694611
width: 0.029423619508262798
height: 0.028229255774165955
Area: 0.0003280132887906458
CentroidX: 0.5817
CentroidY: 0.3547
