Location: internet_9.png_Otsu.png
Component: component_1755092072202_730.png
centerX: 0.23861346231358324
centerY: 0.5155403478756773
width: 0.024989923417976623
height: 0.02423723980610208
Area: 0.00024342401739964534
CentroidX: 0.2544
CentroidY: 0.5266
