Location: Dedata_4.png_Gaussian-Closing.png
Component: component_1755523235903_207.png
centerX: 0.722983870967742
centerY: 0.3163294385864919
width: 0.025403225806451612
height: 0.01909375890567113
Area: 0.00024028075271881523
CentroidX: 0.7365
CentroidY: 0.3238
