Location: Dedata_4.png_Gaussian-Closing.png
Component: component_1755523235852_75.png
centerX: 0.5403225806451613
centerY: 0.11028783129096609
width: 0.020967741935483872
height: 0.018523795953263037
Area: 0.00018259498616460897
CentroidX: 0.5514
CentroidY: 0.1181
