Location: Dedata_4.png_Mean-Medain.png
Component: component_1755523235609_353.png
centerX: 0.5620967741935484
centerY: 0.5696779709318894
width: 0.021370967741935483
height: 0.019663721858079224
Area: 0.00021810275880454867
CentroidX: 0.5718
CentroidY: 0.5787
