Location: internet_9.png_Mean-Closing.png
Component: component_1755092071829_148.png
centerX: 0.6706972994760177
centerY: 0.3273453093812375
width: 0.03143893591293833
height: 0.03022526375819789
Area: 0.00040547683351555653
CentroidX: 0.6908
CentroidY: 0.3420
