Location: Dedata_4.png_Mean-Medain.png
Component: component_1755523235581_232.png
centerX: 0.7330645161290322
centerY: 0.3593616414933029
width: 0.031048387096774193
height: 0.01481903676261043
Area: 0.00024395793305693195
CentroidX: 0.7497
CentroidY: 0.3647
