Location: Dedata_4.png_Mean-Medain.png
Component: component_1755523235570_176.png
centerX: 0.1375
centerY: 0.2727272727272727
width: 0.02217741935483871
height: 0.01937874038187518
Area: 0.0002217799391426654
CentroidX: 0.1504
CentroidY: 0.2807
