Location: Dedata_4.png_Otsu.png
Component: component_1755523236058_220.png
centerX: 0.605241935483871
centerY: 0.286691365061271
width: 0.024193548387096774
height: 0.01567398119122257
Area: 0.00016834591235440665
CentroidX: 0.6195
CentroidY: 0.2925
