Location: internet_9.png_Mean-Closing.png
Component: component_1755092071821_114.png
centerX: 0.626360338573156
centerY: 0.24607927003136584
width: 0.03426037887948408
height: 0.026518391787852865
Area: 0.00039605248534427663
CentroidX: 0.6429
CentroidY: 0.2596
