Location: Dedata_4.png_Mean-Medain.png
Component: component_1755523235570_178.png
centerX: 0.9612903225806452
centerY: 0.2727272727272727
width: 0.025
height: 0.020518666286691366
Area: 0.0002490140560218425
CentroidX: 0.9735
CentroidY: 0.2811
