Location: Dedata_4.png_Otsu.png
Component: component_1755523236094_409.png
centerX: 0.021774193548387097
centerY: 0.5522941008834426
width: 0.02258064516129032
height: 0.018238814477058992
Area: 0.00018880022798518095
CentroidX: 0.0337
CentroidY: 0.5590
