Location: Dedata_4.png_Otsu.png
Component: component_1755523236018_8.png
centerX: 0.5782258064516129
centerY: 0.006839555428897122
width: 0.024596774193548387
height: 0.020233684810487318
Area: 0.00020982910304378601
CentroidX: 0.5905
CentroidY: 0.0143
