Location: internet_9.png_Gaussian-Closing.png
Component: component_1755092072469_106.png
centerX: 0.3671906489318823
centerY: 0.2315369261477046
width: 0.029423619508262798
height: 0.029940119760479042
Area: 0.00033536887760725456
CentroidX: 0.3838
CentroidY: 0.2431
