Location: internet_9.png_Otsu.png
Component: component_1755092072162_104.png
centerX: 0.867795243853285
centerY: 0.11120615911035073
width: 0.026199113260781944
height: 0.023381807812945538
Area: 0.0002539976763235204
CentroidX: 0.8808
CentroidY: 0.1209
