Location: Dedata_4.png_Otsu.png
Component: component_1755523236029_71.png
centerX: 0.13669354838709677
centerY: 0.09546879452835566
width: 0.02379032258064516
height: 0.018808777429467086
Area: 0.00019328179152226072
CentroidX: 0.1506
CentroidY: 0.1028
