Location: Dedata_4.png_Gaussian-Closing.png
Component: component_1755523235817_8.png
centerX: 0.7568548387096774
centerY: 0.005984611000284981
width: 0.02217741935483871
height: 0.02108862923909946
Area: 0.0002229290579983269
CentroidX: 0.7696
CentroidY: 0.0141
