Location: Dedata_4.png_Mean-Medain.png
Component: component_1755523235562_146.png
centerX: 0.4891129032258065
centerY: 0.213451125676831
width: 0.028225806451612902
height: 0.019663721858079224
Area: 0.00028325779792055453
CentroidX: 0.5035
CentroidY: 0.2210
