Location: Dedata_4.png_Gaussian-Closing.png
Component: component_1755523235868_134.png
centerX: 0.8036290322580645
centerY: 0.19920205186662868
width: 0.020967741935483872
height: 0.019948703334283273
Area: 0.0002198264370880409
CentroidX: 0.8142
CentroidY: 0.2075
