Location: Dedata_4.png_Mean-Medain.png
Component: component_1755523235557_125.png
centerX: 0.3133064516129032
centerY: 0.18751781134226275
width: 0.02217741935483871
height: 0.022513536620119692
Area: 0.00024257899043013818
CentroidX: 0.3257
CentroidY: 0.1960
