Location: Dedata_4.png_Mean-Medain.png
Component: component_1755523235591_271.png
centerX: 0.20846774193548387
centerY: 0.4231974921630094
width: 0.024596774193548387
height: 0.018523795953263037
Area: 0.0002282150047343697
CentroidX: 0.2213
CentroidY: 0.4299
