Location: Dedata_4.png_Mean-Medain.png
Component: component_1755523235600_310.png
centerX: 0.3866935483870968
centerY: 0.4933029353092049
width: 0.025806451612903226
height: 0.021373610715303505
Area: 0.0002321220088436187
CentroidX: 0.4003
CentroidY: 0.5023
