Location: Dedata_4.png_Gaussian-Closing.png
Component: component_1755523235928_251.png
centerX: 0.8862903225806451
centerY: 0.38557993730407525
width: 0.027822580645161292
height: 0.017098888572242805
Area: 0.000235454453525037
CentroidX: 0.9012
CentroidY: 0.3915
