Location: internet_9.png_Mean-Closing.png
Component: component_1755092071866_205.png
centerX: 0.7303506650544136
centerY: 0.4739093242087254
width: 0.028617492946392584
height: 0.029940119760479042
Area: 0.000350309917390991
CentroidX: 0.7464
CentroidY: 0.4870
