Location: Dedata_4.png_Otsu.png
Component: component_1755523236019_16.png
centerX: 0.2629032258064516
centerY: 0.00968937019093759
width: 0.02217741935483871
height: 0.024793388429752067
Area: 0.00024177460723117514
CentroidX: 0.2743
CentroidY: 0.0186
