Location: Dedata_4.png_Mean-Medain.png
Component: component_1755523235551_94.png
centerX: 0.6338709677419355
centerY: 0.14106583072100312
width: 0.02620967741935484
height: 0.020233684810487318
Area: 0.0002414298715744767
CentroidX: 0.6493
CentroidY: 0.1486
