Location: Dedata_4.png_Gaussian-Closing.png
Component: component_1755523235845_61.png
centerX: 0.1875
centerY: 0.08862923909945854
width: 0.02217741935483871
height: 0.01567398119122257
Area: 0.00019190284889546695
CentroidX: 0.2005
CentroidY: 0.0945
