Location: Dedata_4.png_Gaussian-Median.png
Component: component_1755523236222_167.png
centerX: 0.6806451612903226
centerY: 0.2482188657737247
width: 0.03024193548387097
height: 0.01909375890567113
Area: 0.00024878423225071014
CentroidX: 0.6971
CentroidY: 0.2550
