Location: Dedata_4.png_Mean-Medain.png
Component: component_1755523235627_369.png
centerX: 0.9137096774193548
centerY: 0.5973211741236819
width: 0.027419354838709678
height: 0.018808777429467086
Area: 0.0002537254433300545
CentroidX: 0.9274
CentroidY: 0.6042
