Location: internet_9.png_Gaussian-Closing.png
Component: component_1755092072563_239.png
centerX: 0.40024183796856105
centerY: 0.5437696036498432
width: 0.024586860137041516
height: 0.02566295979469632
Area: 0.0003020388657819962
CentroidX: 0.4151
CentroidY: 0.5557
