Location: Dedata_4.png_Mean-Medain.png
Component: component_1755523235569_169.png
centerX: 0.49516129032258066
centerY: 0.2556283841550299
width: 0.02338709677419355
height: 0.018523795953263037
Area: 0.00021568960920765955
CentroidX: 0.5089
CentroidY: 0.2631
