Location: Dedata_4.png_Gaussian-Median.png
Component: component_1755523236240_253.png
centerX: 0.0625
centerY: 0.38444001139925904
width: 0.02943548387096774
height: 0.019663721858079224
Area: 0.00025671315235477435
CentroidX: 0.0790
CentroidY: 0.3916
