Location: internet_9.png_Mean-Closing.png
Component: component_1755092072026_251.png
centerX: 0.012494961708988311
centerY: 0.5799828913601369
width: 0.027408303103587262
height: 0.029654975762760195
Area: 0.00037007806233562703
CentroidX: 0.0288
CentroidY: 0.5928
