Location: internet_9.png_Gaussian-Median.png
Component: component_1755092071659_7.png
centerX: 0.7049576783555018
centerY: 0.005988023952095809
width: 0.027408303103587262
height: 0.03706871970345024
Area: 0.000410074076525937
CentroidX: 0.7214
CentroidY: 0.0222
