Location: internet_9.png_Gaussian-Median.png
Component: component_1755092071679_130.png
centerX: 0.9604997984683595
centerY: 0.22383803820929568
width: 0.028617492946392584
height: 0.03307670373538637
Area: 0.0004294974282447945
CentroidX: 0.9778
CentroidY: 0.2388
