Location: internet_9.png_Gaussian-Median.png
Component: component_1755092071736_390.png
centerX: 0.00886739218057235
centerY: 0.8428856572569148
width: 0.03426037887948408
height: 0.023096663815226688
Area: 0.0003629523356695373
CentroidX: 0.0282
CentroidY: 0.8535
