Location: internet_9.png_Gaussian-Median.png
Component: component_1755092071691_200.png
centerX: 0.4554615074566707
centerY: 0.3581408611348731
width: 0.03143893591293833
height: 0.023952095808383235
Area: 0.00030652117771711715
CentroidX: 0.4754
CentroidY: 0.3682
