Location: internet_9.png_Otsu.png
Component: component_1755092072223_1044.png
centerX: 0.5292220878677952
centerY: 0.784145993726832
width: 0.030229746070133012
height: 0.028514399771884802
Area: 0.0003432991218001608
CentroidX: 0.5484
CentroidY: 0.7969
