Location: internet_9.png_Gaussian-Closing.png
Component: component_1755092072549_187.png
centerX: 0.28657799274486095
centerY: 0.40461933276304535
width: 0.02781136638452237
height: 0.027088679783290562
Area: 0.0003212323553503346
CentroidX: 0.3044
CentroidY: 0.4174
