Location: Dedata_4.png_Otsu.png
Component: component_1755523236057_217.png
centerX: 0.8048387096774193
centerY: 0.28156169848959817
width: 0.028629032258064516
height: 0.014249073810202337
Area: 0.00016742661726987747
CentroidX: 0.8206
CentroidY: 0.2865
