Location: internet_9.png_Gaussian-Median.png
Component: component_1755092071669_69.png
centerX: 0.7573559048770657
centerY: 0.11633875106929
width: 0.02902055622732769
height: 0.023666951810664385
Area: 0.00030238365900777476
CentroidX: 0.7735
CentroidY: 0.1265
