Location: internet_9.png_Otsu.png
Component: component_1755092072194_508.png
centerX: 0.23538895606610238
centerY: 0.4083262047333904
width: 0.02902055622732769
height: 0.02765896777872826
Area: 0.00030019996857784403
CentroidX: 0.2537
CentroidY: 0.4228
