Location: internet_9.png_Gaussian-Closing.png
Component: component_1755092072579_316.png
centerX: 0.4683595324465941
centerY: 0.7858568577131452
width: 0.029826682789197905
height: 0.027088679783290562
Area: 0.00035938947233649245
CentroidX: 0.4861
CentroidY: 0.7982
