Location: internet_9.png_Mean-Closing.png
Component: component_1755092072077_327.png
centerX: 0.3422007255139057
centerY: 0.8363273453093812
width: 0.03385731559854897
height: 0.029940119760479042
Area: 0.0004821358607136507
CentroidX: 0.3606
CentroidY: 0.8494
