Location: internet_9.png_Mean-Closing.png
Component: component_1755092072076_322.png
centerX: 0.6928657799274486
centerY: 0.8289136013686912
width: 0.03184199919387344
height: 0.029654975762760195
Area: 0.0004017990391072522
CentroidX: 0.7121
CentroidY: 0.8430
