Location: Dedata_4.png_Gaussian-Closing.png
Component: component_1755523235951_320.png
centerX: 0.8580645161290322
centerY: 0.512111712738672
width: 0.027822580645161292
height: 0.019948703334283273
Area: 0.0002909568942534864
CentroidX: 0.8705
CentroidY: 0.5194
