Location: Dedata_4.png_Mean-Medain.png
Component: component_1755523235563_152.png
centerX: 0.22298387096774194
centerY: 0.2299800512966657
width: 0.022983870967741935
height: 0.02108862923909946
Area: 0.00023556936541060315
CentroidX: 0.2361
CentroidY: 0.2379
