Location: internet_9.png_Gaussian-Median.png
Component: component_1755092071660_14.png
centerX: 0.7710600564288593
centerY: 0.008269175933846592
width: 0.024586860137041516
height: 0.03136583974907328
Area: 0.00034812622696106033
CentroidX: 0.7857
CentroidY: 0.0230
