Location: Dedata_4.png_Gaussian-Closing.png
Component: component_1755523235846_63.png
centerX: 0.08830645161290322
centerY: 0.09831860929039613
width: 0.021370967741935483
height: 0.016813907096038756
Area: 0.00018167569108007978
CentroidX: 0.1015
CentroidY: 0.1049
