Location: internet_9.png_Mean-Closing.png
Component: component_1755092071810_71.png
centerX: 0.016122531237404272
centerY: 0.15654405474764757
width: 0.027408303103587262
height: 0.0290846877673225
Area: 0.0003636419221210944
CentroidX: 0.0318
CentroidY: 0.1686
