Location: Kurtxevani_1794_page_10.png_Mean-Medain.png
Component: component_1755610055123_2831.png
centerX: 0.2682641729982466
centerY: 0.8889378580872631
width: 0.014611338398597311
height: 0.014103129131776113
Area: 0.00012338177334381863
CentroidX: 0.2760
CentroidY: 0.8951
