Location: Dedata_4.png_Mean-Medain.png
Component: component_1755523235549_84.png
centerX: 0.1435483870967742
centerY: 0.13251638643488173
width: 0.02338709677419355
height: 0.016813907096038756
Area: 0.00019707388374594361
CentroidX: 0.1572
CentroidY: 0.1384
