Location: Dedata_4.png_Otsu.png
Component: component_1755523236081_329.png
centerX: 0.6241935483870967
centerY: 0.43573667711598746
width: 0.027419354838709678
height: 0.01738387004844685
Area: 0.00018684672593055645
CentroidX: 0.6389
CentroidY: 0.4418
