Location: Dedata_4.png_Otsu.png
Component: component_1755523236069_270.png
centerX: 0.7862903225806451
centerY: 0.3539469934454261
width: 0.022983870967741935
height: 0.01909375890567113
Area: 0.00018684672593055645
CentroidX: 0.7980
CentroidY: 0.3617
