Location: Dedata_4.png_Gaussian-Closing.png
Component: component_1755523235845_60.png
centerX: 0.2399193548387097
centerY: 0.08748931319464234
width: 0.024596774193548387
height: 0.021373610715303505
Area: 0.0002515421175042977
CentroidX: 0.2545
CentroidY: 0.0954
