Location: internet_9.png_Otsu.png
Component: component_1755092072184_460.png
centerX: 0.5630794034663442
centerY: 0.3413173652694611
width: 0.02902055622732769
height: 0.027944111776447105
Area: 0.0003110034896522381
CentroidX: 0.5818
CentroidY: 0.3546
