Location: Dedata_4.png_Otsu.png
Component: component_1755523236070_275.png
centerX: 0.6112903225806452
centerY: 0.3622114562553434
width: 0.027419354838709678
height: 0.019663721858079224
Area: 0.00020580718704897084
CentroidX: 0.6257
CentroidY: 0.3689
