Location: Dedata_4.png_Gaussian-Closing.png
Component: component_1755523235840_51.png
centerX: 0.6669354838709678
centerY: 0.07552009119407238
width: 0.022983870967741935
height: 0.019663721858079224
Area: 0.00022223958668493
CentroidX: 0.6806
CentroidY: 0.0829
