Location: internet_9.png_Gaussian-Median.png
Component: component_1755092071728_350.png
centerX: 0.014107214832728738
centerY: 0.7311092101511263
width: 0.02902055622732769
height: 0.028514399771884802
Area: 0.00039363893276382687
CentroidX: 0.0310
CentroidY: 0.7446
