Location: internet_9.png_Otsu.png
Component: component_1755092072156_34.png
centerX: 0.6606207174526401
centerY: 0.07755916737952666
width: 0.029826682789197905
height: 0.025092671799258625
Area: 0.0002869828949230002
CentroidX: 0.6765
CentroidY: 0.0880
