Location: Samociqulo_1709_page_10.png_Gaussian-Median.png
Component: component_1755610056134_1070.png
centerX: 0.5744471744471744
centerY: 0.2321875
width: 0.015233415233415233
height: 0.0090625
Area: 7.847051597051597e-05
CentroidX: 0.5823
CentroidY: 0.2358
