Location: Dedata_4.png_Gaussian-Closing.png
Component: component_1755523235918_231.png
centerX: 0.7858870967741935
centerY: 0.353662011969222
width: 0.02338709677419355
height: 0.019663721858079224
Area: 0.00022189485102823154
CentroidX: 0.7977
CentroidY: 0.3621
