Location: internet_9.png_Mean-Closing.png
Component: component_1755092071843_188.png
centerX: 0.12777106005642885
centerY: 0.4205873966353008
width: 0.026602176541717048
height: 0.031936127744510975
Area: 0.00037731872007697626
CentroidX: 0.1442
CentroidY: 0.4365
