Location: internet_9.png_Gaussian-Median.png
Component: component_1755092071686_172.png
centerX: 0.5195485691253526
centerY: 0.2994011976047904
width: 0.02781136638452237
height: 0.029654975762760195
Area: 0.0003432991218001608
CentroidX: 0.5368
CentroidY: 0.3131
