Location: Dedata_4.png_Gaussian-Median.png
Component: component_1755523236274_397.png
centerX: 0.10040322580645161
centerY: 0.6332288401253918
width: 0.02379032258064516
height: 0.01738387004844685
Area: 0.0002138510190386012
CentroidX: 0.1131
CentroidY: 0.6402
