Location: internet_9.png_Mean-Closing.png
Component: component_1755092072026_250.png
centerX: 0.055219669488109635
centerY: 0.5785571713715426
width: 0.03345425231761386
height: 0.02594810379241517
Area: 0.00031077362750171907
CentroidX: 0.0765
CentroidY: 0.5903
