Location: internet_9.png_Mean-Closing.png
Component: component_1755092072014_242.png
centerX: 0.8335348649738009
centerY: 0.5674365554605075
width: 0.024586860137041516
height: 0.03022526375819789
Area: 0.0003546772982508525
CentroidX: 0.8490
CentroidY: 0.5799
