Location: internet_9.png_Otsu.png
Component: component_1755092072204_785.png
centerX: 0.4913341394598952
centerY: 0.5372112917023096
width: 0.030229746070133012
height: 0.02594810379241517
Area: 0.0002559515046029321
CentroidX: 0.5095
CentroidY: 0.5483
