Location: internet_9.png_Mean-Closing.png
Component: component_1755092071867_206.png
centerX: 0.07013301088270858
centerY: 0.47704590818363274
width: 0.029423619508262798
height: 0.0290846877673225
Area: 0.00038030692803372356
CentroidX: 0.0876
CentroidY: 0.4900
