Location: internet_9.png_Gaussian-Median.png
Component: component_1755092071720_326.png
centerX: 0.3353486497380089
centerY: 0.6658112346735101
width: 0.026199113260781944
height: 0.028229255774165955
Area: 0.00034835608911157936
CentroidX: 0.3517
CentroidY: 0.6772
