Location: Dedata_4.png_Gaussian-Median.png
Component: component_1755523236266_358.png
centerX: 0.5625
centerY: 0.5696779709318894
width: 0.020967741935483872
height: 0.01937874038187518
Area: 0.000205922098934537
CentroidX: 0.5719
CentroidY: 0.5787
