Location: Dedata_4.png_Gaussian-Closing.png
Component: component_1755523235948_313.png
centerX: 0.2842741935483871
centerY: 0.499857509261898
width: 0.027016129032258064
height: 0.016243944143630663
Area: 0.00023361586335597865
CentroidX: 0.2984
CentroidY: 0.5062
