Location: Dedata_4.png_Mean-Medain.png
Component: component_1755523235549_83.png
centerX: 0.9153225806451613
centerY: 0.13166144200626959
width: 0.021370967741935483
height: 0.022798518096323737
Area: 0.00021798784691898253
CentroidX: 0.9267
CentroidY: 0.1401
