Location: internet_9.png_Gaussian-Closing.png
Component: component_1755092072569_267.png
centerX: 0.06690850463522773
centerY: 0.6184773310521814
width: 0.026199113260781944
height: 0.029369831765041345
Area: 0.0002576754707318248
CentroidX: 0.0848
CentroidY: 0.6321
