Location: Dedata_4.png_Gaussian-Closing.png
Component: component_1755523235858_96.png
centerX: 0.5858870967741936
centerY: 0.1427757195782274
width: 0.025806451612903226
height: 0.01909375890567113
Area: 0.00023361586335597865
CentroidX: 0.6005
CentroidY: 0.1497
