Location: internet_9.png_Gaussian-Closing.png
Component: component_1755092072462_91.png
centerX: 0.12696493349455865
centerY: 0.19846022241231823
width: 0.026602176541717048
height: 0.022526375819788995
Area: 0.00026549078384947156
CentroidX: 0.1412
CentroidY: 0.2083
