Location: internet_9.png_Otsu.png
Component: component_1755092072202_743.png
centerX: 0.6779524385328497
centerY: 0.5201026518391788
width: 0.023377670294236194
height: 0.023952095808383235
Area: 0.00018549875546885154
CentroidX: 0.6925
CentroidY: 0.5311
