Location: internet_9.png_Otsu.png
Component: component_1755092072197_591.png
centerX: 0.18178153970173316
centerY: 0.4644995722840034
width: 0.024989923417976623
height: 0.03165098374679213
Area: 0.0002970968295458372
CentroidX: 0.1981
CentroidY: 0.4785
