Location: Dedata_4.png_Mean-Medain.png
Component: component_1755523235532_9.png
centerX: 0.5774193548387097
centerY: 0.006554573952693075
width: 0.025806451612903226
height: 0.02108862923909946
Area: 0.0002625736585186479
CentroidX: 0.5906
CentroidY: 0.0145
