Location: internet_9.png_Mean-Closing.png
Component: component_1755092072069_299.png
centerX: 0.014107214832728738
centerY: 0.7313943541488451
width: 0.02902055622732769
height: 0.028229255774165955
Area: 0.00041340707770846284
CentroidX: 0.0309
CentroidY: 0.7446
