Location: Dedata_4.png_Mean-Medain.png
Component: component_1755523235544_59.png
centerX: 0.2399193548387097
centerY: 0.0872043317184383
width: 0.024596774193548387
height: 0.021658592191507554
Area: 0.00026487189622997084
CentroidX: 0.2544
CentroidY: 0.0954
