Location: internet_9.png_Mean-Closing.png
Component: component_1755092071877_212.png
centerX: 0.9484079000403063
centerY: 0.49329911605360705
width: 0.028214429665457477
height: 0.029369831765041345
Area: 0.00032353097685552484
CentroidX: 0.9665
CentroidY: 0.5073
