Location: Dedata_4.png_Otsu.png
Component: component_1755523236055_207.png
centerX: 0.13790322580645162
centerY: 0.2730122542034768
width: 0.021774193548387097
height: 0.018808777429467086
Area: 0.0001902940824975409
CentroidX: 0.1506
CentroidY: 0.2805
