Location: Dedata_4.png_Gaussian-Closing.png
Component: component_1755523235929_252.png
centerX: 0.10846774193548388
centerY: 0.3861499002564833
width: 0.03508064516129032
height: 0.016813907096038756
Area: 0.0002606201564640234
CentroidX: 0.1284
CentroidY: 0.3919
