Location: Dedata_4.png_Gaussian-Median.png
Component: component_1755523236211_133.png
centerX: 0.9112903225806451
centerY: 0.1969222000569963
width: 0.018145161290322582
height: 0.018808777429467086
Area: 0.00019155811323876853
CentroidX: 0.9193
CentroidY: 0.2044
