Location: Dedata_4.png_Otsu.png
Component: component_1755523236101_434.png
centerX: 0.4044354838709677
centerY: 0.5779424337418068
width: 0.025806451612903226
height: 0.019948703334283273
Area: 0.000176389744344037
CentroidX: 0.4168
CentroidY: 0.5848
