Location: Dedata_4.png_Otsu.png
Component: component_1755523236053_192.png
centerX: 0.013709677419354839
centerY: 0.24536905101168424
width: 0.01935483870967742
height: 0.022228555143915644
Area: 0.00018638707838829186
CentroidX: 0.0254
CentroidY: 0.2541
