Location: Dedata_4.png_Mean-Medain.png
Component: component_1755523235578_217.png
centerX: 0.3504032258064516
centerY: 0.3365631233969792
width: 0.02903225806451613
height: 0.016813907096038756
Area: 0.00022913429981889888
CentroidX: 0.3670
CentroidY: 0.3427
