Location: Dedata_4.png_Gaussian-Median.png
Component: component_1755523236182_23.png
centerX: 0.06330645161290323
centerY: 0.015388999715018524
width: 0.02620967741935484
height: 0.017953833000854943
Area: 0.00023246674450031716
CentroidX: 0.0750
CentroidY: 0.0219
