Location: Dedata_4.png_Gaussian-Median.png
Component: component_1755523236234_220.png
centerX: 0.3919354838709677
centerY: 0.33513821601595895
width: 0.027822580645161292
height: 0.01652892561983471
Area: 0.00021821767069011482
CentroidX: 0.4078
CentroidY: 0.3412
