Location: Kurtxevani_1794_page_10.png_Mean-Medain.png
Component: component_1755610055125_2854.png
centerX: 0.7744009351256576
centerY: 0.8929043631555752
width: 0.013442431326709527
height: 0.013662406346408109
Area: 0.00010406312407286583
CentroidX: 0.7815
CentroidY: 0.8989
