Location: Dedata_4.png_Mean-Medain.png
Component: component_1755523235608_346.png
centerX: 0.8032258064516129
centerY: 0.5579937304075235
width: 0.02620967741935484
height: 0.017098888572242805
Area: 0.00023200709695805257
CentroidX: 0.8165
CentroidY: 0.5650
