Location: Dedata_4.png_Otsu.png
Component: component_1755523236084_340.png
centerX: 0.2310483870967742
centerY: 0.4599601025933314
width: 0.03225806451612903
height: 0.0176688515246509
Area: 0.00017202309269252338
CentroidX: 0.2481
CentroidY: 0.4654
