Location: Dedata_4.png_Gaussian-Median.png
Component: component_1755523236217_152.png
centerX: 0.3548387096774194
centerY: 0.22228555143915646
width: 0.027419354838709678
height: 0.021373610715303505
Area: 0.00025671315235477435
CentroidX: 0.3701
CentroidY: 0.2301
