Location: Dedata_4.png_Mean-Medain.png
Component: component_1755523235584_242.png
centerX: 0.3165322580645161
centerY: 0.37475064120832147
width: 0.02661290322580645
height: 0.017098888572242805
Area: 0.00023108780187352338
CentroidX: 0.3306
CentroidY: 0.3812
