Location: internet_9.png_Mean-Closing.png
Component: component_1755092071827_138.png
centerX: 0.40185409109230147
centerY: 0.3093812375249501
width: 0.028617492946392584
height: 0.027944111776447105
Area: 0.00039708686502161223
CentroidX: 0.4186
CentroidY: 0.3228
