Location: Dedata_4.png_Mean-Medain.png
Component: component_1755523235574_196.png
centerX: 0.3189516129032258
centerY: 0.30065545739526933
width: 0.031451612903225803
height: 0.01567398119122257
Area: 0.00023510971786833856
CentroidX: 0.3369
CentroidY: 0.3063
