Location: internet_9.png_Otsu.png
Component: component_1755092072171_318.png
centerX: 0.06489318823055219
centerY: 0.19988594240091245
width: 0.029423619508262798
height: 0.02566295979469632
Area: 0.00019802624267213832
CentroidX: 0.0817
CentroidY: 0.2087
