Location: Dedata_4.png_Gaussian-Median.png
Component: component_1755523236203_93.png
centerX: 0.04596774193548387
centerY: 0.13935594186377886
width: 0.021774193548387097
height: 0.015104018238814477
Area: 0.00017179326892139107
CentroidX: 0.0585
CentroidY: 0.1449
