Location: Dedata_4.png_Gaussian-Closing.png
Component: component_1755523235953_329.png
centerX: 0.5419354838709678
centerY: 0.5294955827871188
width: 0.032661290322580645
height: 0.018238814477058992
Area: 0.00028302797414942225
CentroidX: 0.5587
CentroidY: 0.5358
