Location: Dedata_4.png_Mean-Medain.png
Component: component_1755523235542_49.png
centerX: 0.8088709677419355
centerY: 0.07466514676546024
width: 0.02056451612903226
height: 0.021658592191507554
Area: 0.00024372810928579964
CentroidX: 0.8202
CentroidY: 0.0834
