Location: internet_9.png_Otsu.png
Component: component_1755092072219_1033.png
centerX: 0.2253123740427247
centerY: 0.7308240661534074
width: 0.0237807335751713
height: 0.023381807812945538
Area: 0.00032456535653286044
CentroidX: 0.2390
CentroidY: 0.7425
