Location: internet_9.png_Gaussian-Median.png
Component: component_1755092071715_304.png
centerX: 0.37001209189842804
centerY: 0.5962360992301112
width: 0.030229746070133012
height: 0.027088679783290562
Area: 0.00028284537621365777
CentroidX: 0.3883
CentroidY: 0.6080
