Location: Dedata_4.png_Otsu.png
Component: component_1755523236079_319.png
centerX: 0.17137096774193547
centerY: 0.4251923624964377
width: 0.02217741935483871
height: 0.016813907096038756
Area: 0.00015547578117099808
CentroidX: 0.1833
CentroidY: 0.4313
