Location: Dedata_4.png_Gaussian-Closing.png
Component: component_1755523235860_105.png
centerX: 0.21733870967741936
centerY: 0.15987460815047022
width: 0.02379032258064516
height: 0.016243944143630663
Area: 0.00018443357633366736
CentroidX: 0.2316
CentroidY: 0.1660
