Location: internet_9.png_Otsu.png
Component: component_1755092072169_278.png
centerX: 0.5675130995566304
centerY: 0.17336755061305958
width: 0.027408303103587262
height: 0.021670943826632448
Area: 0.0002669848878278452
CentroidX: 0.5807
CentroidY: 0.1817
