Location: Dedata_4.png_Gaussian-Closing.png
Component: component_1755523235869_137.png
centerX: 0.7645161290322581
centerY: 0.2017668851524651
width: 0.022983870967741935
height: 0.020233684810487318
Area: 0.00022476764816738525
CentroidX: 0.7777
CentroidY: 0.2094
