Location: Kurtxevani_1794_page_10.png_Mean-Medain.png
Component: component_1755610055081_2350.png
centerX: 0.6434833430742256
centerY: 0.743499338915822
width: 0.014611338398597311
height: 0.014543851917144116
Area: 0.00012518484727577423
CentroidX: 0.6511
CentroidY: 0.7498
