Location: Dedata_4.png_Gaussian-Median.png
Component: component_1755523236209_120.png
centerX: 0.6375
centerY: 0.1724137931034483
width: 0.02258064516129032
height: 0.017953833000854943
Area: 0.00019891247391500198
CentroidX: 0.6504
CentroidY: 0.1792
