Location: Dedata_4.png_Gaussian-Closing.png
Component: component_1755523235826_31.png
centerX: 0.8068548387096774
centerY: 0.04132231404958678
width: 0.02258064516129032
height: 0.020233684810487318
Area: 0.0002164939924066226
CentroidX: 0.8186
CentroidY: 0.0495
