Location: Dedata_4.png_Mean-Medain.png
Component: component_1755523235597_299.png
centerX: 0.09717741935483871
centerY: 0.46936449130806496
width: 0.02903225806451613
height: 0.020518666286691366
Area: 0.0002671701339412938
CentroidX: 0.1135
CentroidY: 0.4766
