Location: internet_9.png_Mean-Closing.png
Component: component_1755092071808_59.png
centerX: 0.5836356307940347
centerY: 0.1234673510122612
width: 0.029826682789197905
height: 0.02566295979469632
Area: 0.00038145623878631864
CentroidX: 0.6002
CentroidY: 0.1350
