Location: Dedata_4.png_Mean-Medain.png
Component: component_1755523235555_118.png
centerX: 0.5858870967741936
centerY: 0.17469364491308065
width: 0.021774193548387097
height: 0.023083499572527786
Area: 0.00022959394736116347
CentroidX: 0.5987
CentroidY: 0.1835
