Location: Dedata_4.png_Gaussian-Median.png
Component: component_1755523236238_240.png
centerX: 0.5346774193548387
centerY: 0.36449130806497576
width: 0.029838709677419355
height: 0.022798518096323737
Area: 0.00027682273232885026
CentroidX: 0.5517
CentroidY: 0.3727
