Location: Dedata_4.png_Mean-Medain.png
Component: component_1755523235727_385.png
centerX: 0.2560483870967742
centerY: 0.6298090624109433
width: 0.02943548387096774
height: 0.01937874038187518
Area: 0.0002738350233041304
CentroidX: 0.2717
CentroidY: 0.6368
