Location: Kurtxevani_1794_page_10.png_Mean-Medain.png
Component: component_1755610055034_1926.png
centerX: 0.21683226183518411
centerY: 0.5932128691053328
width: 0.012857977790765635
height: 0.013662406346408109
Area: 9.169918853945602e-05
CentroidX: 0.2236
CentroidY: 0.5992
