Location: internet_9.png_Gaussian-Closing.png
Component: component_1755092072559_220.png
centerX: 0.43409915356711004
centerY: 0.4998574280011406
width: 0.02418379685610641
height: 0.024522383803820928
Area: 0.0003119229382543142
CentroidX: 0.4476
CentroidY: 0.5112
