Location: Dedata_4.png_Gaussian-Median.png
Component: component_1755523236191_47.png
centerX: 0.9443548387096774
centerY: 0.0701054431461955
width: 0.020161290322580645
height: 0.021373610715303505
Area: 0.00022775535719210508
CentroidX: 0.9536
CentroidY: 0.0794
