Location: internet_9.png_Otsu.png
Component: component_1755092072229_1070.png
centerX: 0.009270455461507456
centerY: 0.8428856572569148
width: 0.03345425231761386
height: 0.02281151981750784
Area: 0.0003422647421228252
CentroidX: 0.0283
CentroidY: 0.8535
