Location: Dedata_4.png_Mean-Medain.png
Component: component_1755523235540_44.png
centerX: 0.9024193548387097
centerY: 0.07039042462239954
width: 0.02379032258064516
height: 0.01909375890567113
Area: 0.0002363737486095662
CentroidX: 0.9142
CentroidY: 0.0778
