Location: internet_9.png_Gaussian-Closing.png
Component: component_1755092072563_240.png
centerX: 0.3550987505038291
centerY: 0.5449101796407185
width: 0.024989923417976623
height: 0.02480752780153978
Area: 0.00028951137857870945
CentroidX: 0.3706
CentroidY: 0.5567
