Location: internet_9.png_Gaussian-Closing.png
Component: component_1755092072548_184.png
centerX: 0.3373639661426844
centerY: 0.39863130881094955
width: 0.03143893591293833
height: 0.027944111776447105
Area: 0.00037846803082957134
CentroidX: 0.3571
CentroidY: 0.4133
