Location: internet_9.png_Gaussian-Closing.png
Component: component_1755092072575_296.png
centerX: 0.6545747682386135
centerY: 0.7199885942400912
width: 0.02902055622732769
height: 0.027944111776447105
Area: 0.00037042285556140555
CentroidX: 0.6724
CentroidY: 0.7327
