Location: Dedata_4.png_Otsu.png
Component: component_1755523236021_28.png
centerX: 0.8927419354838709
centerY: 0.039612425192362494
width: 0.024596774193548387
height: 0.020233684810487318
Area: 0.00020822033664585996
CentroidX: 0.9050
CentroidY: 0.0478
