Location: Dedata_4.png_Otsu.png
Component: component_1755523236030_77.png
centerX: 0.864516129032258
centerY: 0.10458820176688516
width: 0.024596774193548387
height: 0.019663721858079224
Area: 0.00015857840208128408
CentroidX: 0.8795
CentroidY: 0.1118
