Location: Dedata_4.png_Otsu.png
Component: component_1755523236090_381.png
centerX: 0.8580645161290322
centerY: 0.512396694214876
width: 0.027822580645161292
height: 0.018523795953263037
Area: 0.0002490140560218425
CentroidX: 0.8709
CentroidY: 0.5188
