Location: Kurtxevani_1794_page_10.png_Mean-Medain.png
Component: component_1755610055027_1853.png
centerX: 0.293395675043834
centerY: 0.5553107095636844
width: 0.013442431326709527
height: 0.014103129131776113
Area: 0.000100714558199234
CentroidX: 0.3002
CentroidY: 0.5616
