Location: Dedata_4.png_Gaussian-Closing.png
Component: component_1755523235927_248.png
centerX: 0.9669354838709677
centerY: 0.3821601595896267
width: 0.018951612903225806
height: 0.01909375890567113
Area: 0.00020029141654179575
CentroidX: 0.9762
CentroidY: 0.3902
