Location: internet_9.png_Gaussian-Closing.png
Component: component_1755092072578_312.png
centerX: 0.7110036275695284
centerY: 0.7792985457656116
width: 0.029423619508262798
height: 0.02737382378100941
Area: 0.0003519189524446242
CentroidX: 0.7288
CentroidY: 0.7919
