Location: Dedata_4.png_Gaussian-Closing.png
Component: component_1755523235876_153.png
centerX: 0.22298387096774194
centerY: 0.2299800512966657
width: 0.02258064516129032
height: 0.02108862923909946
Area: 0.0002246527362818191
CentroidX: 0.2361
CentroidY: 0.2380
