Location: Dedata_4.png_Mean-Medain.png
Component: component_1755523235605_332.png
centerX: 0.38306451612903225
centerY: 0.5377600455970362
width: 0.027016129032258064
height: 0.020233684810487318
Area: 0.0002453368756837257
CentroidX: 0.3977
CentroidY: 0.5448
