Location: Dedata_4.png_Gaussian-Median.png
Component: component_1755523236186_37.png
centerX: 0.38467741935483873
centerY: 0.047591906526075804
width: 0.025
height: 0.016813907096038756
Area: 0.00021752819937671794
CentroidX: 0.3982
CentroidY: 0.0538
