Location: Dedata_4.png_Mean-Medain.png
Component: component_1755523235567_165.png
centerX: 0.680241935483871
centerY: 0.2482188657737247
width: 0.03064516129032258
height: 0.01909375890567113
Area: 0.00026268857040421406
CentroidX: 0.6971
CentroidY: 0.2549
