Location: Dedata_4.png_Gaussian-Median.png
Component: component_1755523236232_212.png
centerX: 0.013306451612903225
centerY: 0.31718438301510404
width: 0.02379032258064516
height: 0.015104018238814477
Area: 0.00018179060296564595
CentroidX: 0.0262
CentroidY: 0.3230
