Location: Dedata_4.png_Gaussian-Median.png
Component: component_1755523236267_368.png
centerX: 0.20927419354838708
centerY: 0.5901966372185808
width: 0.028225806451612902
height: 0.018808777429467086
Area: 0.00024280881420127046
CentroidX: 0.2249
CentroidY: 0.5974
