Location: Dedata_4.png_Mean-Medain.png
Component: component_1755523235535_20.png
centerX: 0.1157258064516129
centerY: 0.013394129381590196
width: 0.025806451612903226
height: 0.021658592191507554
Area: 0.0002722262569062043
CentroidX: 0.1286
CentroidY: 0.0212
