Location: internet_9.png_Otsu.png
Component: component_1755092072219_1034.png
centerX: 0.014510278113663845
centerY: 0.7313943541488451
width: 0.028214429665457477
height: 0.028229255774165955
Area: 0.0003755947539480836
CentroidX: 0.0310
CentroidY: 0.7445
