Location: Dedata_4.png_Gaussian-Closing.png
Component: component_1755523235893_186.png
centerX: 0.6967741935483871
centerY: 0.28127671701339413
width: 0.02943548387096774
height: 0.016813907096038756
Area: 0.00022775535719210508
CentroidX: 0.7131
CentroidY: 0.2872
