Location: Dedata_4.png_Gaussian-Median.png
Component: component_1755523236230_205.png
centerX: 0.05846774193548387
centerY: 0.3120547164434312
width: 0.02217741935483871
height: 0.01937874038187518
Area: 0.00020362386122321405
CentroidX: 0.0705
CentroidY: 0.3200
