Location: internet_9.png_Otsu.png
Component: component_1755092072200_655.png
centerX: 0.9484079000403063
centerY: 0.49329911605360705
width: 0.027408303103587262
height: 0.020530367835757058
Area: 0.00016745457665310825
CentroidX: 0.9640
CentroidY: 0.5038
