Location: Dedata_4.png_Gaussian-Median.png
Component: component_1755523236273_392.png
centerX: 0.17459677419354838
centerY: 0.6309489883157595
width: 0.02943548387096774
height: 0.018808777429467086
Area: 0.00024522196379815956
CentroidX: 0.1904
CentroidY: 0.6383
