Location: Dedata_4.png_Otsu.png
Component: component_1755523236046_160.png
centerX: 0.9487903225806451
centerY: 0.19720718153320035
width: 0.02258064516129032
height: 0.021373610715303505
Area: 0.00021109313378501365
CentroidX: 0.9607
CentroidY: 0.2048
