Location: Dedata_4.png_Gaussian-Closing.png
Component: component_1755523235902_206.png
centerX: 0.8991935483870968
centerY: 0.3140495867768595
width: 0.03064516129032258
height: 0.01909375890567113
Area: 0.00028187885529376073
CentroidX: 0.9150
CentroidY: 0.3210
