Location: internet_9.png_Gaussian-Closing.png
Component: component_1755092072574_292.png
centerX: 0.8246674727932285
centerY: 0.7134302822925578
width: 0.030632809351068116
height: 0.026803535785571715
Area: 0.00036846902728199384
CentroidX: 0.8433
CentroidY: 0.7260
