Location: internet_9.png_Gaussian-Median.png
Component: component_1755092071733_377.png
centerX: 0.6928657799274486
centerY: 0.8289136013686912
width: 0.03184199919387344
height: 0.029654975762760195
Area: 0.0003845593778183255
CentroidX: 0.7121
CentroidY: 0.8430
