Location: Dedata_4.png_Otsu.png
Component: component_1755523236056_210.png
centerX: 0.9225806451612903
centerY: 0.27472214306070103
width: 0.024193548387096774
height: 0.018808777429467086
Area: 0.0001942010866067899
CentroidX: 0.9359
CentroidY: 0.2817
