Location: Dedata_4.png_Otsu.png
Component: component_1755523236061_235.png
centerX: 0.05887096774193548
centerY: 0.31233969791963523
width: 0.021370967741935483
height: 0.01738387004844685
Area: 0.0001457082708978755
CentroidX: 0.0704
CentroidY: 0.3185
