Location: internet_9.png_Gaussian-Closing.png
Component: component_1755092072301_12.png
centerX: 0.36960902861749295
centerY: 0.007984031936127744
width: 0.02902055622732769
height: 0.03136583974907328
Area: 0.0004017990391072522
CentroidX: 0.3874
CentroidY: 0.0211
