Location: internet_9.png_Mean-Closing.png
Component: component_1755092072070_303.png
centerX: 0.8734381297863765
centerY: 0.7747362418021101
width: 0.031035872632003223
height: 0.02879954376960365
Area: 0.0003885819654524084
CentroidX: 0.8922
CentroidY: 0.7881
