Location: Dedata_4.png_Gaussian-Closing.png
Component: component_1755523235968_382.png
centerX: 0.4967741935483871
centerY: 0.6252493587916785
width: 0.02258064516129032
height: 0.018523795953263037
Area: 0.00022166502725709926
CentroidX: 0.5076
CentroidY: 0.6323
