Location: internet_9.png_Mean-Closing.png
Component: component_1755092071820_113.png
centerX: 0.12454655380894801
centerY: 0.2440832620473339
width: 0.027005239822652155
height: 0.025377815796977475
Area: 0.0003436439150259394
CentroidX: 0.1401
CentroidY: 0.2547
