Location: internet_9.png_Mean-Closing.png
Component: component_1755092071821_115.png
centerX: 0.06771463119709795
centerY: 0.24807527801539778
width: 0.030229746070133012
height: 0.027944111776447105
Area: 0.00036674506115310116
CentroidX: 0.0834
CentroidY: 0.2608
