Location: Kurtxevani_1794_page_10.png_Mean-Medain.png
Component: component_1755610055043_2034.png
centerX: 0.49912331969608414
centerY: 0.6328779197884531
width: 0.009935710111046173
height: 0.009695901278096077
Area: 4.816783218224235e-05
CentroidX: 0.5044
CentroidY: 0.6371
