Location: Dedata_4.png_Mean-Medain.png
Component: component_1755523235571_183.png
centerX: 0.05040322580645161
centerY: 0.27785693929894556
width: 0.027016129032258064
height: 0.019663721858079224
Area: 0.0002414298715744767
CentroidX: 0.0672
CentroidY: 0.2856
