Location: internet_9.png_Gaussian-Closing.png
Component: component_1755092072300_11.png
centerX: 0.3047158403869408
centerY: 0.007984031936127744
width: 0.032648125755743655
height: 0.03165098374679213
Area: 0.00045225378114617775
CentroidX: 0.3217
CentroidY: 0.0218
