Location: Dedata_4.png_Gaussian-Median.png
Component: component_1755523236237_233.png
centerX: 0.05120967741935484
centerY: 0.35280706754060986
width: 0.027016129032258064
height: 0.016813907096038756
Area: 0.00021235716452624128
CentroidX: 0.0663
CentroidY: 0.3589
