Location: internet_9.png_Gaussian-Closing.png
Component: component_1755092072580_323.png
centerX: 0.12051592099959693
centerY: 0.7889934416880525
width: 0.03184199919387344
height: 0.028229255774165955
Area: 0.00037547982287282404
CentroidX: 0.1408
CentroidY: 0.8026
