Location: Dedata_4.png_Mean-Medain.png
Component: component_1755523235569_172.png
centerX: 0.3592741935483871
centerY: 0.2590481618694785
width: 0.024193548387096774
height: 0.018523795953263037
Area: 0.00023246674450031716
CentroidX: 0.3732
CentroidY: 0.2664
