Location: Dedata_4.png_Gaussian-Median.png
Component: component_1755523236181_20.png
centerX: 0.1157258064516129
centerY: 0.013394129381590196
width: 0.025403225806451612
height: 0.021658592191507554
Area: 0.0002526912363599592
CentroidX: 0.1286
CentroidY: 0.0212
