Location: internet_9.png_Otsu.png
Component: component_1755092072179_418.png
centerX: 0.7964530431277711
centerY: 0.2797262617621899
width: 0.025796049979846837
height: 0.027944111776447105
Area: 0.00030180900363147717
CentroidX: 0.8113
CentroidY: 0.2922
