Location: internet_9.png_Gaussian-Median.png
Component: component_1755092071681_143.png
centerX: 0.17613865376864168
centerY: 0.24208725406330198
width: 0.02257154373236598
height: 0.03222127174222983
Area: 0.0003439887082517179
CentroidX: 0.1885
CentroidY: 0.2553
