Location: Dedata_4.png_Gaussian-Closing.png
Component: component_1755523235952_326.png
centerX: 0.6854838709677419
centerY: 0.5209461385009975
width: 0.021774193548387097
height: 0.018808777429467086
Area: 0.00020270456613868484
CentroidX: 0.6956
CentroidY: 0.5286
