Location: Dedata_4.png_Otsu.png
Component: component_1755523236018_9.png
centerX: 0.8048387096774193
centerY: 0.007409518381305215
width: 0.020967741935483872
height: 0.022228555143915644
Area: 0.00021706855183445335
CentroidX: 0.8158
CentroidY: 0.0157
