Location: Dedata_4.png_Otsu.png
Component: component_1755523236061_234.png
centerX: 0.8572580645161291
centerY: 0.3120547164434312
width: 0.025806451612903226
height: 0.02080364776289541
Area: 0.00021442557846643195
CentroidX: 0.8701
CentroidY: 0.3192
