Location: Dedata_4.png_Otsu.png
Component: component_1755523236102_444.png
centerX: 0.20967741935483872
centerY: 0.5904816186947849
width: 0.027419354838709678
height: 0.017098888572242805
Area: 0.0001596126090513794
CentroidX: 0.2244
CentroidY: 0.5958
