Location: internet_9.png_Gaussian-Median.png
Component: component_1755092071719_321.png
centerX: 0.6324062877871826
centerY: 0.6524094667807243
width: 0.032648125755743655
height: 0.02765896777872826
Area: 0.0004258196338364901
CentroidX: 0.6512
CentroidY: 0.6644
