Location: Dedata_4.png_Otsu.png
Component: component_1755523236052_191.png
centerX: 0.050806451612903224
centerY: 0.2445141065830721
width: 0.020967741935483872
height: 0.020233684810487318
Area: 0.0001922475845521654
CentroidX: 0.0632
CentroidY: 0.2522
