Location: internet_9.png_Gaussian-Median.png
Component: component_1755092071733_378.png
centerX: 0.5715437323659814
centerY: 0.8300541773595665
width: 0.03506650544135429
height: 0.032506415739948676
Area: 0.0004252449784601925
CentroidX: 0.5936
CentroidY: 0.8447
