Location: internet_9.png_Otsu.png
Component: component_1755092072223_1048.png
centerX: 0.010479645304312777
centerY: 0.7884231536926147
width: 0.030632809351068116
height: 0.027944111776447105
Area: 0.0003676645097551773
CentroidX: 0.0287
CentroidY: 0.8017
