Location: Dedata_4.png_Otsu.png
Component: component_1755523236083_338.png
centerX: 0.325
centerY: 0.45283556568823025
width: 0.024596774193548387
height: 0.01652892561983471
Area: 0.00016570293898638525
CentroidX: 0.3378
CentroidY: 0.4588
