Location: internet_9.png_Gaussian-Closing.png
Component: component_1755092072574_290.png
centerX: 0.9230149133413946
centerY: 0.7114342743085258
width: 0.03184199919387344
height: 0.028514399771884802
Area: 0.00037134230416348166
CentroidX: 0.9423
CentroidY: 0.7253
