Location: Dedata_4.png_Gaussian-Closing.png
Component: component_1755523235862_113.png
centerX: 0.9620967741935483
centerY: 0.16813907096038758
width: 0.022983870967741935
height: 0.022228555143915644
Area: 0.00023396059901267707
CentroidX: 0.9731
CentroidY: 0.1764
