Location: Dedata_4.png_Otsu.png
Component: component_1755523236079_316.png
centerX: 0.8350806451612903
centerY: 0.42120262182958107
width: 0.028629032258064516
height: 0.016243944143630663
Area: 0.00017914762959762455
CentroidX: 0.8519
CentroidY: 0.4270
