Location: Kurtxevani_1794_page_10.png_Mean-Medain.png
Component: component_1755610055123_2829.png
centerX: 0.19170075978959672
centerY: 0.8880564125165271
width: 0.015195791934541203
height: 0.013662406346408109
Area: 0.00012492726528549487
CentroidX: 0.1999
CentroidY: 0.8939
