Location: Dedata_4.png_Mean-Medain.png
Component: component_1755523235587_253.png
centerX: 0.8068548387096774
centerY: 0.3889997150185238
width: 0.02903225806451613
height: 0.017953833000854943
Area: 0.0002539552671011868
CentroidX: 0.8222
CentroidY: 0.3955
