Location: Dedata_4.png_Otsu.png
Component: component_1755523236092_395.png
centerX: 0.6399193548387097
centerY: 0.5232259903106298
width: 0.027016129032258064
height: 0.01652892561983471
Area: 0.00022155011537153312
CentroidX: 0.6544
CentroidY: 0.5297
