Location: Dedata_4.png_Gaussian-Median.png
Component: component_1755523236261_343.png
centerX: 0.021370967741935483
centerY: 0.5520091194072385
width: 0.02338709677419355
height: 0.018523795953263037
Area: 0.00021637908052105645
CentroidX: 0.0337
CentroidY: 0.5593
