Location: Dedata_4.png_Mean-Medain.png
Component: component_1755523235602_319.png
centerX: 0.8580645161290322
centerY: 0.512111712738672
width: 0.028225806451612902
height: 0.020233684810487318
Area: 0.00031152612176982687
CentroidX: 0.8705
CentroidY: 0.5195
