Location: Dedata_4.png_Otsu.png
Component: component_1755523236071_280.png
centerX: 0.4939516129032258
centerY: 0.365916215445996
width: 0.03346774193548387
height: 0.019663721858079224
Area: 0.00022315888176945917
CentroidX: 0.5132
CentroidY: 0.3722
