Location: Dedata_4.png_Otsu.png
Component: component_1755523236050_175.png
centerX: 0.48951612903225805
centerY: 0.21373610715303507
width: 0.027419354838709678
height: 0.018808777429467086
Area: 0.0002328114801570156
CentroidX: 0.5036
CentroidY: 0.2206
