Location: internet_9.png_Gaussian-Median.png
Component: component_1755092071732_369.png
centerX: 0.06489318823055219
centerY: 0.7889934416880525
width: 0.035872632003224506
height: 0.026518391787852865
Area: 0.0003831802049152113
CentroidX: 0.0860
CentroidY: 0.8018
