Location: internet_9.png_Otsu.png
Component: component_1755092072177_407.png
centerX: 0.45908907698508666
centerY: 0.26375819788993443
width: 0.02902055622732769
height: 0.02594810379241517
Area: 0.00034571267438061057
CentroidX: 0.4754
CentroidY: 0.2765
