Location: Dedata_4.png_Otsu.png
Component: component_1755523236093_401.png
centerX: 0.46330645161290324
centerY: 0.5343402678825876
width: 0.02379032258064516
height: 0.017098888572242805
Area: 0.0001994870333428327
CentroidX: 0.4764
CentroidY: 0.5406
