Location: Dedata_4.png_Gaussian-Median.png
Component: component_1755523236190_44.png
centerX: 0.09879032258064516
centerY: 0.058991165574237676
width: 0.022983870967741935
height: 0.018523795953263037
Area: 0.00018742128535838718
CentroidX: 0.1109
CentroidY: 0.0661
