Location: internet_9.png_Otsu.png
Component: component_1755092072212_1002.png
centerX: 0.841596130592503
centerY: 0.6455660108354719
width: 0.029826682789197905
height: 0.02566295979469632
Area: 0.00033847201663926135
CentroidX: 0.8589
CentroidY: 0.6568
