Location: Dedata_4.png_Gaussian-Median.png
Component: component_1755523236186_38.png
centerX: 0.3379032258064516
centerY: 0.0481618694784839
width: 0.02379032258064516
height: 0.018808777429467086
Area: 0.00022844482850550198
CentroidX: 0.3499
CentroidY: 0.0551
