Location: Dedata_4.png_Gaussian-Closing.png
Component: component_1755523235824_29.png
centerX: 0.8927419354838709
centerY: 0.039612425192362494
width: 0.025
height: 0.020233684810487318
Area: 0.00023717813180852923
CentroidX: 0.9051
CentroidY: 0.0478
