Location: internet_9.png_Otsu.png
Component: component_1755092072211_954.png
centerX: 0.1700927045546151
centerY: 0.6119190191046479
width: 0.02539298669891173
height: 0.025377815796977475
Area: 0.00017354592364186237
CentroidX: 0.1854
CentroidY: 0.6231
