Location: Dedata_4.png_Mean-Medain.png
Component: component_1755523235573_189.png
centerX: 0.6048387096774194
centerY: 0.286406383585067
width: 0.025
height: 0.016243944143630663
Area: 0.00020799051287472765
CentroidX: 0.6193
CentroidY: 0.2927
