Location: internet_9.png_Otsu.png
Component: component_1755092072214_1010.png
centerX: 0.3941958887545345
centerY: 0.6609637867122897
width: 0.026602176541717048
height: 0.026803535785571715
Area: 0.00030640624664185766
CentroidX: 0.4102
CentroidY: 0.6720
