Location: internet_9.png_Otsu.png
Component: component_1755092072219_1032.png
centerX: 0.17049576783555018
centerY: 0.7299686341602509
width: 0.025796049979846837
height: 0.02623324779013402
Area: 0.0003236459079307844
CentroidX: 0.1854
CentroidY: 0.7421
