Location: Dedata_4.png_Otsu.png
Component: component_1755523236042_138.png
centerX: 0.8366935483870968
centerY: 0.1664291821031633
width: 0.021774193548387097
height: 0.018523795953263037
Area: 0.0001819055148512121
CentroidX: 0.8473
CentroidY: 0.1733
