Location: internet_9.png_Otsu.png
Component: component_1755092072183_457.png
centerX: 0.1180975413139863
centerY: 0.3307670373538637
width: 0.02539298669891173
height: 0.029940119760479042
Area: 0.000344908156853794
CentroidX: 0.1333
CentroidY: 0.3450
