Location: Dedata_4.png_Gaussian-Closing.png
Component: component_1755523235861_111.png
centerX: 0.08064516129032258
centerY: 0.16756910800797947
width: 0.02217741935483871
height: 0.018523795953263037
Area: 0.00017960727713988914
CentroidX: 0.0925
CentroidY: 0.1745
