Location: Dedata_4.png_Mean-Medain.png
Component: component_1755523235587_254.png
centerX: 0.7641129032258065
centerY: 0.39241949273297233
width: 0.02338709677419355
height: 0.017098888572242805
Area: 0.00020741595344689692
CentroidX: 0.7768
CentroidY: 0.3986
