Location: Dedata_4.png_Gaussian-Median.png
Component: component_1755523236256_322.png
centerX: 0.01935483870967742
centerY: 0.5112567683100598
width: 0.022983870967741935
height: 0.0219435736677116
Area: 0.00022924921170446502
CentroidX: 0.0314
CentroidY: 0.5205
