Location: Dedata_4.png_Gaussian-Median.png
Component: component_1755523236265_357.png
centerX: 0.5983870967741935
centerY: 0.5688230265032773
width: 0.02056451612903226
height: 0.01909375890567113
Area: 0.00019914229768613426
CentroidX: 0.6077
CentroidY: 0.5779
