Location: internet_9.png_Mean-Closing.png
Component: component_1755092071839_184.png
centerX: 0.23498589278516727
centerY: 0.40804106073567153
width: 0.029423619508262798
height: 0.028229255774165955
Area: 0.00033617339513407113
CentroidX: 0.2535
CentroidY: 0.4228
