Location: Dedata_4.png_Mean-Medain.png
Component: component_1755523235603_323.png
centerX: 0.7685483870967742
centerY: 0.5155314904531205
width: 0.025403225806451612
height: 0.02108862923909946
Area: 0.00027280081633403506
CentroidX: 0.7809
CentroidY: 0.5238
