Location: Dedata_4.png_Mean-Medain.png
Component: component_1755523235613_363.png
centerX: 0.17137096774193547
centerY: 0.5907666001709889
width: 0.02620967741935484
height: 0.01909375890567113
Area: 0.00026556136754336774
CentroidX: 0.1849
CentroidY: 0.5988
