Location: internet_9.png_Mean-Closing.png
Component: component_1755092072075_317.png
centerX: 0.12051592099959693
centerY: 0.7889934416880525
width: 0.032245062474808545
height: 0.028229255774165955
Area: 0.00039524796781746
CentroidX: 0.1409
CentroidY: 0.8026
