Location: Dedata_4.png_Mean-Medain.png
Component: component_1755523235571_180.png
centerX: 0.8887096774193548
centerY: 0.2750071245369051
width: 0.02338709677419355
height: 0.01909375890567113
Area: 0.00022534220759521599
CentroidX: 0.9008
CentroidY: 0.2829
