Location: Dedata_4.png_Otsu.png
Component: component_1755523236025_48.png
centerX: 0.8540322580645161
centerY: 0.07324023938444
width: 0.025403225806451612
height: 0.02080364776289541
Area: 0.0002021300067108541
CentroidX: 0.8665
CentroidY: 0.0809
