Location: Dedata_4.png_Gaussian-Median.png
Component: component_1755523236266_361.png
centerX: 0.4415322580645161
centerY: 0.5770874893131946
width: 0.02661290322580645
height: 0.020233684810487318
Area: 0.00025050791053420236
CentroidX: 0.4541
CentroidY: 0.5858
