Location: Dedata_4.png_Otsu.png
Component: component_1755523236053_197.png
centerX: 0.5862903225806452
centerY: 0.25021373610715303
width: 0.025403225806451612
height: 0.017098888572242805
Area: 0.00018822566855735022
CentroidX: 0.6012
CentroidY: 0.2562
