Location: Dedata_4.png_Mean-Medain.png
Component: component_1755523235554_113.png
centerX: 0.7407258064516129
centerY: 0.16899401538899972
width: 0.024193548387096774
height: 0.020233684810487318
Area: 0.00024085531214664596
CentroidX: 0.7540
CentroidY: 0.1765
