Location: Dedata_4.png_Gaussian-Median.png
Component: component_1755523236223_176.png
centerX: 0.3592741935483871
centerY: 0.2590481618694785
width: 0.024193548387096774
height: 0.018523795953263037
Area: 0.0002195966133169086
CentroidX: 0.3731
CentroidY: 0.2664
