Location: internet_9.png_Gaussian-Closing.png
Component: component_1755092072572_285.png
centerX: 0.22813381700927046
centerY: 0.6695181066438551
width: 0.027408303103587262
height: 0.027944111776447105
Area: 0.00031445142191002345
CentroidX: 0.2456
CentroidY: 0.6805
