Location: internet_9.png_Mean-Closing.png
Component: component_1755092072069_300.png
centerX: 0.11648528819024587
centerY: 0.7313943541488451
width: 0.029423619508262798
height: 0.02480752780153978
Area: 0.00035674605760552367
CentroidX: 0.1333
CentroidY: 0.7430
