Location: Dedata_4.png_Mean-Medain.png
Component: component_1755523235602_321.png
centerX: 0.8125
centerY: 0.5138216015958963
width: 0.02661290322580645
height: 0.019663721858079224
Area: 0.00026751486959799225
CentroidX: 0.8261
CentroidY: 0.5214
