Location: Dedata_4.png_Mean-Medain.png
Component: component_1755523235603_324.png
centerX: 0.7258064516129032
centerY: 0.5166714163579368
width: 0.027016129032258064
height: 0.018808777429467086
Area: 0.0002709622261649767
CentroidX: 0.7391
CentroidY: 0.5238
