Location: Dedata_4.png_Gaussian-Median.png
Component: component_1755523236251_299.png
centerX: 0.8306451612903226
centerY: 0.4659447135936164
width: 0.03225806451612903
height: 0.015958962667426618
Area: 0.0002483245847084456
CentroidX: 0.8483
CentroidY: 0.4715
