Location: Dedata_4.png_Gaussian-Median.png
Component: component_1755523236191_49.png
centerX: 0.7133064516129032
centerY: 0.07324023938444
width: 0.025806451612903226
height: 0.022228555143915644
Area: 0.0002591263019516635
CentroidX: 0.7282
CentroidY: 0.0816
