Location: Dedata_4.png_Otsu.png
Component: component_1755523236090_378.png
centerX: 0.01975806451612903
centerY: 0.5115417497862639
width: 0.02217741935483871
height: 0.02108862923909946
Area: 0.00017799851074196306
CentroidX: 0.0315
CentroidY: 0.5198
