Location: internet_9.png_Otsu.png
Component: component_1755092072181_443.png
centerX: 0.4558645707376058
centerY: 0.3073852295409182
width: 0.032648125755743655
height: 0.02737382378100941
Area: 0.000389616345129744
CentroidX: 0.4741
CentroidY: 0.3205
