Location: Dedata_4.png_Mean-Medain.png
Component: component_1755523235592_278.png
centerX: 0.7133064516129032
centerY: 0.42946708463949845
width: 0.028225806451612902
height: 0.01652892561983471
Area: 0.00024717546585278406
CentroidX: 0.7281
CentroidY: 0.4356
