Location: Dedata_4.png_Mean-Medain.png
Component: component_1755523235531_3.png
centerX: 0.5334677419354839
centerY: 0.003989740666856654
width: 0.025403225806451612
height: 0.022513536620119692
Area: 0.00026981310730931523
CentroidX: 0.5463
CentroidY: 0.0124
