Location: Dedata_4.png_Mean-Medain.png
Component: component_1755523235591_270.png
centerX: 0.8346774193548387
centerY: 0.42091764035337703
width: 0.02943548387096774
height: 0.01738387004844685
Area: 0.000244762316255895
CentroidX: 0.8513
CentroidY: 0.4272
