Location: Dedata_4.png_Gaussian-Median.png
Component: component_1755523236233_219.png
centerX: 0.43266129032258066
centerY: 0.3328583642063266
width: 0.031451612903225803
height: 0.017098888572242805
Area: 0.0002380974268930584
CentroidX: 0.4514
CentroidY: 0.3389
