Location: Dedata_4.png_Gaussian-Closing.png
Component: component_1755523235846_62.png
centerX: 0.13629032258064516
centerY: 0.09546879452835566
width: 0.024596774193548387
height: 0.01909375890567113
Area: 0.0002217799391426654
CentroidX: 0.1507
CentroidY: 0.1030
