Location: Dedata_4.png_Mean-Medain.png
Component: component_1755523235645_377.png
centerX: 0.5725806451612904
centerY: 0.6195497292675977
width: 0.025403225806451612
height: 0.018523795953263037
Area: 0.0002443026687136304
CentroidX: 0.5860
CentroidY: 0.6264
