Location: internet_9.png_Gaussian-Closing.png
Component: component_1755092072303_20.png
centerX: 0.6646513502619912
centerY: 0.04020530367835757
width: 0.029423619508262798
height: 0.029369831765041345
Area: 0.0004072007996444492
CentroidX: 0.6814
CentroidY: 0.0529
