Location: internet_9.png_Gaussian-Median.png
Component: component_1755092071680_134.png
centerX: 0.4147521160822249
centerY: 0.2292557741659538
width: 0.026602176541717048
height: 0.02737382378100941
Area: 0.0003312313588979121
CentroidX: 0.4307
CentroidY: 0.2406
