Location: internet_9.png_Mean-Closing.png
Component: component_1755092071800_31.png
centerX: 0.2426440951229343
centerY: 0.0499001996007984
width: 0.03184199919387344
height: 0.03307670373538637
Area: 0.0004678844073814713
CentroidX: 0.2610
CentroidY: 0.0648
