Location: internet_9.png_Gaussian-Closing.png
Component: component_1755092072576_300.png
centerX: 0.3268843208383716
centerY: 0.7282577701739379
width: 0.031035872632003223
height: 0.02594810379241517
Area: 0.00037444544319548844
CentroidX: 0.3449
CentroidY: 0.7406
