Location: Dedata_4.png_Gaussian-Closing.png
Component: component_1755523235954_337.png
centerX: 0.22379032258064516
centerY: 0.5463094898831576
width: 0.027419354838709678
height: 0.016243944143630663
Area: 0.00022097555594370236
CentroidX: 0.2393
CentroidY: 0.5523
