Location: Dedata_4.png_Gaussian-Closing.png
Component: component_1755523235940_275.png
centerX: 0.1346774193548387
centerY: 0.42747221430607013
width: 0.02338709677419355
height: 0.019948703334283273
Area: 0.00022040099651587163
CentroidX: 0.1464
CentroidY: 0.4350
