Location: internet_9.png_Mean-Closing.png
Component: component_1755092071971_231.png
centerX: 0.012898024989923419
centerY: 0.5326489877388081
width: 0.02418379685610641
height: 0.025092671799258625
Area: 0.0003122677314800927
CentroidX: 0.0267
CentroidY: 0.5439
