Location: Dedata_4.png_Otsu.png
Component: component_1755523236042_141.png
centerX: 0.9625
centerY: 0.16842405243659161
width: 0.02258064516129032
height: 0.021658592191507554
Area: 0.0002145404903519981
CentroidX: 0.9732
CentroidY: 0.1763
