Location: internet_9.png_Otsu.png
Component: component_1755092072206_829.png
centerX: 0.8363563079403467
centerY: 0.5674365554605075
width: 0.021362353889560662
height: 0.03022526375819789
Area: 0.0003166351123399542
CentroidX: 0.8494
CentroidY: 0.5801
