Location: internet_9.png_Gaussian-Median.png
Component: component_1755092071667_43.png
centerX: 0.6086255542120113
centerY: 0.08041060735671514
width: 0.022974607013301087
height: 0.022241231822070145
Area: 0.0002753748563217895
CentroidX: 0.6220
CentroidY: 0.0897
