Location: Dedata_4.png_Otsu.png
Component: component_1755523236020_18.png
centerX: 0.16008064516129034
centerY: 0.011399259048161869
width: 0.025403225806451612
height: 0.022228555143915644
Area: 0.00025246141258882687
CentroidX: 0.1730
CentroidY: 0.0193
