Location: Dedata_4.png_Gaussian-Closing.png
Component: component_1755523235963_368.png
centerX: 0.04959677419354839
centerY: 0.5939013964092335
width: 0.028629032258064516
height: 0.018238814477058992
Area: 0.00023614392483843388
CentroidX: 0.0654
CentroidY: 0.6006
