Location: Dedata_4.png_Mean-Medain.png
Component: component_1755523235585_246.png
centerX: 0.9274193548387096
centerY: 0.3821601595896267
width: 0.025403225806451612
height: 0.01909375890567113
Area: 0.00022522729570964985
CentroidX: 0.9398
CentroidY: 0.3898
