Location: internet_9.png_Gaussian-Closing.png
Component: component_1755092072564_244.png
centerX: 0.9222087867795243
centerY: 0.5620188195038495
width: 0.021362353889560662
height: 0.026803535785571715
Area: 0.00027744361567646076
CentroidX: 0.9354
CentroidY: 0.5727
