Location: internet_9.png_Mean-Closing.png
Component: component_1755092072031_259.png
centerX: 0.2184602982668279
centerY: 0.607927003136584
width: 0.02539298669891173
height: 0.027088679783290562
Area: 0.0002992805199757679
CentroidX: 0.2346
CentroidY: 0.6201
