Location: internet_9.png_Gaussian-Closing.png
Component: component_1755092072558_217.png
centerX: 0.48286981056025796
centerY: 0.4947248360422013
width: 0.029423619508262798
height: 0.02566295979469632
Area: 0.00028686796384774066
CentroidX: 0.5002
CentroidY: 0.5050
