Location: internet_9.png_Gaussian-Closing.png
Component: component_1755092072559_221.png
centerX: 0.38855300282144295
centerY: 0.5035642999714856
width: 0.02418379685610641
height: 0.025092671799258625
Area: 0.00030111941717992014
CentroidX: 0.4023
CentroidY: 0.5144
