Location: Dedata_4.png_Otsu.png
Component: component_1755523236089_375.png
centerX: 0.9028225806451613
centerY: 0.5078369905956113
width: 0.021774193548387097
height: 0.021373610715303505
Area: 0.00019282214397999613
CentroidX: 0.9138
CentroidY: 0.5171
