Location: internet_9.png_Mean-Closing.png
Component: component_1755092072027_254.png
centerX: 0.4687625957275292
centerY: 0.5882520672939835
width: 0.025796049979846837
height: 0.026518391787852865
Area: 0.00029652217416953965
CentroidX: 0.4845
CentroidY: 0.6007
