Location: internet_9.png_Gaussian-Median.png
Component: component_1755092071712_287.png
centerX: 0.20999596936719064
centerY: 0.562874251497006
width: 0.030229746070133012
height: 0.0290846877673225
Area: 0.0003458276054558701
CentroidX: 0.2290
CentroidY: 0.5768
