Location: internet_9.png_Mean-Closing.png
Component: component_1755092071797_25.png
centerX: 0.550987505038291
centerY: 0.04590818363273453
width: 0.031035872632003223
height: 0.025377815796977475
Area: 0.0003996153486773215
CentroidX: 0.5683
CentroidY: 0.0570
