Location: internet_9.png_Otsu.png
Component: component_1755092072218_1027.png
centerX: 0.4848851269649335
centerY: 0.7251211861990305
width: 0.028214429665457477
height: 0.027088679783290562
Area: 0.0003515741592188457
CentroidX: 0.5022
CentroidY: 0.7377
