Location: Dedata_4.png_Mean-Medain.png
Component: component_1755523235609_354.png
centerX: 0.5229838709677419
centerY: 0.5702479338842975
width: 0.025806451612903226
height: 0.021373610715303505
Area: 0.00022407817685398835
CentroidX: 0.5372
CentroidY: 0.5803
