Location: internet_9.png_Otsu.png
Component: component_1755092072203_754.png
centerX: 0.12051592099959693
centerY: 0.523524379811805
width: 0.028617492946392584
height: 0.025092671799258625
Area: 0.00025215877911936824
CentroidX: 0.1358
CentroidY: 0.5341
