Location: Dedata_4.png_Gaussian-Closing.png
Component: component_1755523235868_132.png
centerX: 0.9483870967741935
centerY: 0.1969222000569963
width: 0.022983870967741935
height: 0.021658592191507554
Area: 0.0002306281543312588
CentroidX: 0.9606
CentroidY: 0.2048
