Location: internet_9.png_Gaussian-Median.png
Component: component_1755092071691_199.png
centerX: 0.8178153970173317
centerY: 0.35300826917593386
width: 0.03143893591293833
height: 0.02594810379241517
Area: 0.0003442185704022369
CentroidX: 0.8359
CentroidY: 0.3655
