Location: Dedata_4.png_Gaussian-Closing.png
Component: component_1755523235865_121.png
centerX: 0.4991935483870968
centerY: 0.1775434596751211
width: 0.021370967741935483
height: 0.018523795953263037
Area: 0.00020098088785519265
CentroidX: 0.5112
CentroidY: 0.1843
