Location: Dedata_4.png_Gaussian-Closing.png
Component: component_1755523235949_315.png
centerX: 0.9379032258064516
centerY: 0.5064120832145911
width: 0.02620967741935484
height: 0.01937874038187518
Area: 0.00023947636951985219
CentroidX: 0.9520
CentroidY: 0.5138
