Location: Dedata_4.png_Gaussian-Median.png
Component: component_1755523236236_231.png
centerX: 0.8612903225806452
centerY: 0.3510971786833856
width: 0.021774193548387097
height: 0.018523795953263037
Area: 0.00021350628338190277
CentroidX: 0.8717
CentroidY: 0.3590
