Location: Dedata_4.png_Gaussian-Closing.png
Component: component_1755523235960_361.png
centerX: 0.28830645161290325
centerY: 0.5862068965517241
width: 0.02903225806451613
height: 0.020518666286691366
Area: 0.00027349028764743195
CentroidX: 0.3031
CentroidY: 0.5939
