Location: Dedata_4.png_Otsu.png
Component: component_1755523236062_238.png
centerX: 0.8991935483870968
centerY: 0.31433456825306355
width: 0.03064516129032258
height: 0.018523795953263037
Area: 0.00022534220759521599
CentroidX: 0.9153
CentroidY: 0.3210
