Location: internet_9.png_Mean-Closing.png
Component: component_1755092071802_35.png
centerX: 0.6606207174526401
centerY: 0.07755916737952666
width: 0.029826682789197905
height: 0.02566295979469632
Area: 0.0003566311265302642
CentroidX: 0.6772
CentroidY: 0.0884
