Location: internet_9.png_Mean-Closing.png
Component: component_1755092072068_295.png
centerX: 0.2773075372833535
centerY: 0.7296834901625321
width: 0.028617492946392584
height: 0.02623324779013402
Area: 0.0003596193344870115
CentroidX: 0.2941
CentroidY: 0.7413
