Location: internet_9.png_Gaussian-Median.png
Component: component_1755092071709_270.png
centerX: 0.6775493752519145
centerY: 0.5201026518391788
width: 0.02418379685610641
height: 0.023952095808383235
Area: 0.00026422654202161693
CentroidX: 0.6923
CentroidY: 0.5318
