Location: Dedata_4.png_Otsu.png
Component: component_1755523236051_183.png
centerX: 0.969758064516129
centerY: 0.23254488458250214
width: 0.020967741935483872
height: 0.01937874038187518
Area: 0.00019190284889546695
CentroidX: 0.9793
CentroidY: 0.2408
