Location: Dedata_4.png_Gaussian-Median.png
Component: component_1755523236270_376.png
centerX: 0.9532258064516129
centerY: 0.5978911370760901
width: 0.02379032258064516
height: 0.01909375890567113
Area: 0.00024108513591777824
CentroidX: 0.9647
CentroidY: 0.6051
