Location: Dedata_4.png_Otsu.png
Component: component_1755523236108_476.png
centerX: 0.6564516129032258
centerY: 0.6121402108862924
width: 0.02258064516129032
height: 0.018523795953263037
Area: 0.0001955800292335837
CentroidX: 0.6674
CentroidY: 0.6194
