Location: internet_9.png_Otsu.png
Component: component_1755092072182_453.png
centerX: 0.23377670294236194
centerY: 0.3219275734245794
width: 0.028617492946392584
height: 0.02765896777872826
Area: 0.00034950539986417444
CentroidX: 0.2514
CentroidY: 0.3340
