Location: internet_9.png_Otsu.png
Component: component_1755092072173_367.png
centerX: 0.8734381297863765
centerY: 0.22897063016823496
width: 0.030229746070133012
height: 0.029940119760479042
Area: 0.0003622627492179802
CentroidX: 0.8919
CentroidY: 0.2426
