Location: Dedata_4.png_Otsu.png
Component: component_1755523236111_487.png
centerX: 0.2564516129032258
centerY: 0.6300940438871473
width: 0.028225806451612902
height: 0.018808777429467086
Area: 0.00020396859687991248
CentroidX: 0.2717
CentroidY: 0.6362
