Location: Dedata_4.png_Gaussian-Median.png
Component: component_1755523236272_384.png
centerX: 0.5326612903225807
centerY: 0.6229695069820461
width: 0.024193548387096774
height: 0.021658592191507554
Area: 0.00023936145763428602
CentroidX: 0.5437
CentroidY: 0.6318
