Location: Dedata_4.png_Mean-Medain.png
Component: component_1755523235606_340.png
centerX: 0.05604838709677419
centerY: 0.5531490453120547
width: 0.024596774193548387
height: 0.01738387004844685
Area: 0.00021741328749115178
CentroidX: 0.0688
CentroidY: 0.5598
