Location: Dedata_4.png_Otsu.png
Component: component_1755523236019_13.png
centerX: 0.8463709677419354
centerY: 0.007979481333713309
width: 0.021774193548387097
height: 0.024223425477343973
Area: 0.00020488789196444166
CentroidX: 0.8573
CentroidY: 0.0176
