Location: internet_9.png_Gaussian-Median.png
Component: component_1755092071725_345.png
centerX: 0.3264812575574365
centerY: 0.7282577701739379
width: 0.03143893591293833
height: 0.02594810379241517
Area: 0.000375249960722305
CentroidX: 0.3449
CentroidY: 0.7406
