Location: internet_9.png_Mean-Closing.png
Component: component_1755092072067_292.png
centerX: 0.4268440145102781
centerY: 0.7251211861990305
width: 0.032648125755743655
height: 0.02566295979469632
Area: 0.0003931792084627888
CentroidX: 0.4456
CentroidY: 0.7377
