Location: internet_9.png_Otsu.png
Component: component_1755092072176_382.png
centerX: 0.22128174123337363
centerY: 0.2435129740518962
width: 0.020556227327690448
height: 0.026518391787852865
Area: 0.00026583557707525007
CentroidX: 0.2323
CentroidY: 0.2542
