Location: internet_9.png_Gaussian-Closing.png
Component: component_1755092072527_126.png
centerX: 0.8895606610237807
centerY: 0.27345309381237526
width: 0.029826682789197905
height: 0.028229255774165955
Area: 0.00036640026792732265
CentroidX: 0.9069
CentroidY: 0.2861
