Location: internet_9.png_Gaussian-Median.png
Component: component_1755092071693_207.png
centerX: 0.6227327690447401
centerY: 0.3721129170230967
width: 0.027408303103587262
height: 0.025377815796977475
Area: 0.0003116930761037952
CentroidX: 0.6393
CentroidY: 0.3837
