Location: Dedata_4.png_Otsu.png
Component: component_1755523236027_56.png
centerX: 0.48870967741935484
centerY: 0.07950983186092904
width: 0.02661290322580645
height: 0.019663721858079224
Area: 0.00022063082028700394
CentroidX: 0.5035
CentroidY: 0.0869
