Location: Dedata_4.png_Gaussian-Median.png
Component: component_1755523236242_262.png
centerX: 0.6225806451612903
centerY: 0.3998290111142776
width: 0.027822580645161292
height: 0.018523795953263037
Area: 0.00023453515844050783
CentroidX: 0.6374
CentroidY: 0.4063
