Location: Dedata_4.png_Otsu.png
Component: component_1755523236043_142.png
centerX: 0.7411290322580645
centerY: 0.16927899686520376
width: 0.02338709677419355
height: 0.019663721858079224
Area: 0.0002063817464768016
CentroidX: 0.7541
CentroidY: 0.1765
