Location: Dedata_4.png_Mean-Medain.png
Component: component_1755523235569_173.png
centerX: 0.31370967741935485
centerY: 0.2618979766315189
width: 0.02620967741935484
height: 0.01909375890567113
Area: 0.0002463710826538211
CentroidX: 0.3290
CentroidY: 0.2692
