Location: Dedata_4.png_Mean-Medain.png
Component: component_1755523235536_26.png
centerX: 0.6262096774193548
centerY: 0.039042462239954404
width: 0.025806451612903226
height: 0.016813907096038756
Area: 0.00023166236130135412
CentroidX: 0.6397
CentroidY: 0.0451
