Location: internet_9.png_Otsu.png
Component: component_1755092072213_1004.png
centerX: 0.73559048770657
centerY: 0.6489877388080981
width: 0.031035872632003223
height: 0.02623324779013402
Area: 0.0003772037890017167
CentroidX: 0.7537
CentroidY: 0.6619
