Location: Dedata_4.png_Mean-Medain.png
Component: component_1755523235539_38.png
centerX: 0.24274193548387096
centerY: 0.05129666571672841
width: 0.022983870967741935
height: 0.024793388429752067
Area: 0.000264986808115537
CentroidX: 0.2557
CentroidY: 0.0606
