Location: Dedata_4.png_Mean-Medain.png
Component: component_1755523235551_95.png
centerX: 0.5858870967741936
centerY: 0.1427757195782274
width: 0.025806451612903226
height: 0.01937874038187518
Area: 0.00024786493716618096
CentroidX: 0.6005
CentroidY: 0.1497
