Location: internet_9.png_Gaussian-Median.png
Component: component_1755092071692_202.png
centerX: 0.3966142684401451
centerY: 0.36127744510978044
width: 0.030632809351068116
height: 0.03022526375819789
Area: 0.00038030692803372356
CentroidX: 0.4153
CentroidY: 0.3755
