Location: internet_9.png_Otsu.png
Component: component_1755092072155_30.png
centerX: 0.2426440951229343
centerY: 0.05018534359851725
width: 0.03143893591293833
height: 0.03279155973766752
Area: 0.00042662415136330667
CentroidX: 0.2611
CentroidY: 0.0648
