Location: internet_9.png_Mean-Closing.png
Component: component_1755092071812_80.png
centerX: 0.5675130995566304
centerY: 0.17308240661534074
width: 0.027408303103587262
height: 0.021956087824351298
Area: 0.0003210024931998156
CentroidX: 0.5812
CentroidY: 0.1819
