Location: internet_9.png_Mean-Closing.png
Component: component_1755092072072_311.png
centerX: 0.18903667875856509
centerY: 0.7864271457085829
width: 0.03143893591293833
height: 0.028514399771884802
Area: 0.0003968570028710932
CentroidX: 0.2077
CentroidY: 0.8004
