Location: Dedata_4.png_Otsu.png
Component: component_1755523236052_189.png
centerX: 0.8185483870967742
centerY: 0.24166429182103163
width: 0.027016129032258064
height: 0.018238814477058992
Area: 0.00021614925674992417
CentroidX: 0.8328
CentroidY: 0.2484
