Location: Kurtxevani_1794_page_10.png_Mean-Medain.png
Component: component_1755610055082_2359.png
centerX: 0.8123904149620105
centerY: 0.74614367562803
width: 0.014611338398597311
height: 0.014543851917144116
Area: 0.00011977562547990745
CentroidX: 0.8202
CentroidY: 0.7521
