Location: Dedata_4.png_Mean-Medain.png
Component: component_1755523235613_364.png
centerX: 0.018145161290322582
centerY: 0.591051581647193
width: 0.022983870967741935
height: 0.022798518096323737
Area: 0.0002330413039281479
CentroidX: 0.0306
CentroidY: 0.6014
