Location: internet_9.png_Gaussian-Median.png
Component: component_1755092071725_346.png
centerX: 0.2773075372833535
centerY: 0.7296834901625321
width: 0.028617492946392584
height: 0.02623324779013402
Area: 0.00034433350147749646
CentroidX: 0.2941
CentroidY: 0.7414
