Location: Dedata_4.png_Mean-Medain.png
Component: component_1755523235550_89.png
centerX: 0.7354838709677419
centerY: 0.13821601595896266
width: 0.025
height: 0.018238814477058992
Area: 0.00021545978543652727
CentroidX: 0.7501
CentroidY: 0.1450
