Location: Kurtxevani_1794_page_10.png_Mean-Medain.png
Component: component_1755610055107_2571.png
centerX: 0.14903565166569258
centerY: 0.8157778757161745
width: 0.014026884862653419
height: 0.013662406346408109
Area: 0.00013677603683834592
CentroidX: 0.1562
CentroidY: 0.8215
