Location: internet_9.png_Gaussian-Median.png
Component: component_1755092071695_217.png
centerX: 0.8669891172914147
centerY: 0.38979184488166524
width: 0.024989923417976623
height: 0.027944111776447105
Area: 0.00032410563223182244
CentroidX: 0.8812
CentroidY: 0.4030
