Location: Dedata_4.png_Gaussian-Median.png
Component: component_1755523236271_382.png
centerX: 0.6108870967741935
centerY: 0.6141350812197207
width: 0.032661290322580645
height: 0.019663721858079224
Area: 0.0002824534147215915
CentroidX: 0.6284
CentroidY: 0.6208
