Location: Dedata_4.png_Mean-Medain.png
Component: component_1755523235553_106.png
centerX: 0.9185483870967742
centerY: 0.16272442291251069
width: 0.01975806451612903
height: 0.023083499572527786
Area: 0.00023625883672400005
CentroidX: 0.9285
CentroidY: 0.1716
