Location: internet_9.png_Gaussian-Median.png
Component: component_1755092071660_12.png
centerX: 0.36960902861749295
centerY: 0.007984031936127744
width: 0.029423619508262798
height: 0.03136583974907328
Area: 0.00040145424588147364
CentroidX: 0.3874
CentroidY: 0.0211
