Location: Dedata_4.png_Otsu.png
Component: component_1755523236057_218.png
centerX: 0.644758064516129
centerY: 0.2829866058706184
width: 0.027822580645161292
height: 0.014534055286406384
Area: 0.00018110113165224905
CentroidX: 0.6606
CentroidY: 0.2882
