Location: Dedata_4.png_Otsu.png
Component: component_1755523236043_146.png
centerX: 0.6379032258064516
centerY: 0.17269877457965233
width: 0.021774193548387097
height: 0.017098888572242805
Area: 0.0001768493918863016
CentroidX: 0.6505
CentroidY: 0.1791
