Location: internet_9.png_Gaussian-Median.png
Component: component_1755092071686_171.png
centerX: 0.5727529222087868
centerY: 0.2954091816367265
width: 0.029423619508262798
height: 0.03051040775591674
Area: 0.0003668599922283607
CentroidX: 0.5899
CentroidY: 0.3086
