Location: internet_9.png_Otsu.png
Component: component_1755092072229_1068.png
centerX: 0.13059250302297462
centerY: 0.8391787852865698
width: 0.030229746070133012
height: 0.025092671799258625
Area: 0.00032376083900604387
CentroidX: 0.1486
CentroidY: 0.8508
