Location: Dedata_4.png_Otsu.png
Component: component_1755523236060_231.png
centerX: 0.1879032258064516
centerY: 0.3083499572527786
width: 0.02338709677419355
height: 0.018523795953263037
Area: 0.000189604611184144
CentroidX: 0.2000
CentroidY: 0.3153
