Location: Dedata_4.png_Otsu.png
Component: component_1755523236109_479.png
centerX: 0.572983870967742
centerY: 0.6198347107438017
width: 0.024193548387096774
height: 0.017953833000854943
Area: 0.00020086597596962648
CentroidX: 0.5861
CentroidY: 0.6263
