Location: internet_9.png_Gaussian-Closing.png
Component: component_1755092072382_82.png
centerX: 0.5675130995566304
centerY: 0.17336755061305958
width: 0.027408303103587262
height: 0.021670943826632448
Area: 0.0002996253132015465
CentroidX: 0.5812
CentroidY: 0.1819
