Location: internet_9.png_Mean-Closing.png
Component: component_1755092071853_196.png
centerX: 0.294236195082628
centerY: 0.4516680923866553
width: 0.03345425231761386
height: 0.02566295979469632
Area: 0.00034812622696106033
CentroidX: 0.3147
CentroidY: 0.4645
