Location: Dedata_4.png_Gaussian-Median.png
Component: component_1755523236205_103.png
centerX: 0.3479838709677419
centerY: 0.152465089769165
width: 0.025403225806451612
height: 0.018238814477058992
Area: 0.00020959927927265373
CentroidX: 0.3631
CentroidY: 0.1596
