Location: Dedata_4.png_Gaussian-Closing.png
Component: component_1755523235867_130.png
centerX: 0.8733870967741936
centerY: 0.19606725562838415
width: 0.024596774193548387
height: 0.02108862923909946
Area: 0.00023890181009202143
CentroidX: 0.8860
CentroidY: 0.2040
