Location: Dedata_4.png_Otsu.png
Component: component_1755523236088_367.png
centerX: 0.42983870967741933
centerY: 0.49130806497577656
width: 0.025806451612903226
height: 0.015388999715018524
Area: 0.0001843186644481012
CentroidX: 0.4437
CentroidY: 0.4967
