Location: Dedata_4.png_Gaussian-Closing.png
Component: component_1755523235965_374.png
centerX: 0.7415322580645162
centerY: 0.6075805072670276
width: 0.025806451612903226
height: 0.019663721858079224
Area: 0.00026073506834958955
CentroidX: 0.7540
CentroidY: 0.6146
