Location: internet_9.png_Mean-Closing.png
Component: component_1755092071824_128.png
centerX: 0.17049576783555018
centerY: 0.2808668377530653
width: 0.026602176541717048
height: 0.03022526375819789
Area: 0.0003708825798624436
CentroidX: 0.1863
CentroidY: 0.2963
