Location: Dedata_4.png_Gaussian-Closing.png
Component: component_1755523235911_226.png
centerX: 0.8959677419354839
centerY: 0.35024223425477347
width: 0.022983870967741935
height: 0.01738387004844685
Area: 0.00022982377113229575
CentroidX: 0.9068
CentroidY: 0.3573
