Location: Dedata_4.png_Otsu.png
Component: component_1755523236086_352.png
centerX: 0.014919354838709677
centerY: 0.46936449130806496
width: 0.02217741935483871
height: 0.02108862923909946
Area: 0.0001979931788304728
CentroidX: 0.0280
CentroidY: 0.4773
