Location: internet_9.png_Mean-Closing.png
Component: component_1755092071812_81.png
centerX: 0.4586860137041516
centerY: 0.17650413458796693
width: 0.026199113260781944
height: 0.027088679783290562
Area: 0.00033238066965050726
CentroidX: 0.4727
CentroidY: 0.1880
