Location: Dedata_4.png_Mean-Medain.png
Component: component_1755523235575_200.png
centerX: 0.9459677419354838
centerY: 0.310914790538615
width: 0.024596774193548387
height: 0.01937874038187518
Area: 0.0002522315888176946
CentroidX: 0.9585
CentroidY: 0.3191
