Location: Dedata_4.png_Otsu.png
Component: component_1755523236070_273.png
centerX: 0.7032258064516129
centerY: 0.36078654887432315
width: 0.025806451612903226
height: 0.016813907096038756
Area: 0.00020500280385000783
CentroidX: 0.7172
CentroidY: 0.3671
