Location: internet_9.png_Mean-Closing.png
Component: component_1755092072071_307.png
centerX: 0.5920999596936719
centerY: 0.7810094097519247
width: 0.02902055622732769
height: 0.030795551753635585
Area: 0.0004026035566340688
CentroidX: 0.6104
CentroidY: 0.7952
