Location: Dedata_4.png_Otsu.png
Component: component_1755523236085_350.png
centerX: 0.13830645161290323
centerY: 0.46736962097463663
width: 0.02661290322580645
height: 0.017098888572242805
Area: 0.00018788093290065177
CentroidX: 0.1528
CentroidY: 0.4731
