Location: internet_9.png_Mean-Closing.png
Component: component_1755092071935_225.png
centerX: 0.1717049576783555
centerY: 0.517821499857428
width: 0.0354695687222894
height: 0.029369831765041345
Area: 0.00040536190244029705
CentroidX: 0.1924
CentroidY: 0.5315
