Location: Dedata_4.png_Gaussian-Median.png
Component: component_1755523236252_305.png
centerX: 0.04879032258064516
centerY: 0.4716443431176974
width: 0.027822580645161292
height: 0.018523795953263037
Area: 0.0002248825600529514
CentroidX: 0.0650
CentroidY: 0.4782
