Location: Dedata_4.png_Mean-Medain.png
Component: component_1755523235607_343.png
centerX: 0.9532258064516129
centerY: 0.5557138785978911
width: 0.025403225806451612
height: 0.015958962667426618
Area: 0.0002463710826538211
CentroidX: 0.9661
CentroidY: 0.5620
