Location: internet_9.png_Otsu.png
Component: component_1755092072198_599.png
centerX: 0.12615880693268844
centerY: 0.46877673224978617
width: 0.029423619508262798
height: 0.03279155973766752
Area: 0.0003257146672854556
CentroidX: 0.1444
CentroidY: 0.4834
