Location: Dedata_4.png_Otsu.png
Component: component_1755523236070_272.png
centerX: 0.7338709677419355
centerY: 0.359646622969507
width: 0.029838709677419355
height: 0.014249073810202337
Area: 0.00018305463370687356
CentroidX: 0.7501
CentroidY: 0.3641
