Location: internet_9.png_Gaussian-Closing.png
Component: component_1755092072561_228.png
centerX: 0.7267230955259976
centerY: 0.5161106358711149
width: 0.027408303103587262
height: 0.02423723980610208
Area: 0.0002557216424524131
CentroidX: 0.7434
CentroidY: 0.5280
