Location: Dedata_4.png_Gaussian-Median.png
Component: component_1755523236247_284.png
centerX: 0.6237903225806452
centerY: 0.43573667711598746
width: 0.028225806451612902
height: 0.01909375890567113
Area: 0.00025958594949392804
CentroidX: 0.6383
CentroidY: 0.4426
