Location: Dedata_4.png_Otsu.png
Component: component_1755523236055_209.png
centerX: 0.9612903225806452
centerY: 0.2730122542034768
width: 0.024596774193548387
height: 0.019948703334283273
Area: 0.00019718879563150976
CentroidX: 0.9735
CentroidY: 0.2807
