Location: Dedata_4.png_Mean-Medain.png
Component: component_1755523235580_227.png
centerX: 0.8612903225806452
centerY: 0.3510971786833856
width: 0.02217741935483871
height: 0.018523795953263037
Area: 0.00022086064405813622
CentroidX: 0.8718
CentroidY: 0.3589
