Location: Dedata_4.png_Mean-Medain.png
Component: component_1755523235581_230.png
centerX: 0.785483870967742
centerY: 0.353662011969222
width: 0.024596774193548387
height: 0.019663721858079224
Area: 0.00023039833056012648
CentroidX: 0.7978
CentroidY: 0.3619
