Location: internet_9.png_Gaussian-Closing.png
Component: component_1755092072566_251.png
centerX: 0.7956469165659008
centerY: 0.5719988594240091
width: 0.025796049979846837
height: 0.02480752780153978
Area: 0.00045960936996278646
CentroidX: 0.8088
CentroidY: 0.5836
