Location: internet_9.png_Otsu.png
Component: component_1755092072213_1003.png
centerX: 0.6848045143087464
centerY: 0.6489877388080981
width: 0.029826682789197905
height: 0.029940119760479042
Area: 0.000384904171044104
CentroidX: 0.7032
CentroidY: 0.6621
