Location: Dedata_4.png_Mean-Medain.png
Component: component_1755523235559_133.png
centerX: 0.8036290322580645
centerY: 0.1989170703904246
width: 0.021370967741935483
height: 0.020233684810487318
Area: 0.00023131762564465567
CentroidX: 0.8142
CentroidY: 0.2075
