Location: Kurtxevani_1794_page_10.png_Mean-Medain.png
Component: component_1755610055117_2704.png
centerX: 0.8334307422559907
centerY: 0.8563243719700309
width: 0.014026884862653419
height: 0.015425297487880123
Area: 0.00013935185674113964
CentroidX: 0.8410
CentroidY: 0.8635
