Location: internet_9.png_Otsu.png
Component: component_1755092072188_479.png
centerX: 0.9540507859733979
centerY: 0.3818078129455375
width: 0.028617492946392584
height: 0.030795551753635585
Area: 0.00027054775116089005
CentroidX: 0.9703
CentroidY: 0.3965
