Location: Dedata_4.png_Gaussian-Median.png
Component: component_1755523236201_86.png
centerX: 0.1439516129032258
centerY: 0.13251638643488173
width: 0.022983870967741935
height: 0.016813907096038756
Area: 0.00019017917061197473
CentroidX: 0.1572
CentroidY: 0.1384
