Location: Dedata_4.png_Otsu.png
Component: component_1755523236019_17.png
centerX: 0.3024193548387097
centerY: 0.009974351667141636
width: 0.018145161290322582
height: 0.020518666286691366
Area: 0.00018592743084602727
CentroidX: 0.3129
CentroidY: 0.0178
