Location: Dedata_4.png_Gaussian-Closing.png
Component: component_1755523235915_229.png
centerX: 0.8213709677419355
centerY: 0.3522371045882018
width: 0.024193548387096774
height: 0.0176688515246509
Area: 0.00022672115022200976
CentroidX: 0.8332
CentroidY: 0.3593
