Location: internet_9.png_Mean-Closing.png
Component: component_1755092072078_328.png
centerX: 0.45828295042321643
centerY: 0.8363273453093812
width: 0.032245062474808545
height: 0.032506415739948676
Area: 0.000449840228565728
CentroidX: 0.4768
CentroidY: 0.8503
