Location: Dedata_4.png_Gaussian-Closing.png
Component: component_1755523235952_327.png
centerX: 0.6395161290322581
centerY: 0.5229410088344257
width: 0.027822580645161292
height: 0.01738387004844685
Area: 0.00024924387979297476
CentroidX: 0.6544
CentroidY: 0.5298
