Location: internet_9.png_Otsu.png
Component: component_1755092072208_851.png
centerX: 0.055219669488109635
centerY: 0.5785571713715426
width: 0.03345425231761386
height: 0.02566295979469632
Area: 0.00023951636084082196
CentroidX: 0.0764
CentroidY: 0.5898
