Location: Dedata_4.png_Gaussian-Median.png
Component: component_1755523236254_315.png
centerX: 0.325
centerY: 0.49786263892846966
width: 0.03588709677419355
height: 0.015958962667426618
Area: 0.00027946570569687166
CentroidX: 0.3448
CentroidY: 0.5038
