Location: internet_9.png_Mean-Closing.png
Component: component_1755092071815_97.png
centerX: 0.5715437323659814
centerY: 0.2172797262617622
width: 0.027005239822652155
height: 0.028229255774165955
Area: 0.00033456436008043794
CentroidX: 0.5873
CentroidY: 0.2294
