Location: internet_9.png_Otsu.png
Component: component_1755092072162_105.png
centerX: 0.920596533655784
centerY: 0.11149130310806958
width: 0.029423619508262798
height: 0.025092671799258625
Area: 0.0002679043364299213
CentroidX: 0.9351
CentroidY: 0.1218
