Location: Samociqulo_1709_page_10.png_Gaussian-Median.png
Component: component_1755610056307_3394.png
centerX: 0.5636363636363636
centerY: 0.83375
width: 0.015724815724815724
height: 0.010625
Area: 9.229115479115479e-05
CentroidX: 0.5719
CentroidY: 0.8384
