Location: Dedata_4.png_Mean-Medain.png
Component: component_1755523235590_265.png
centerX: 0.28911290322580646
centerY: 0.41550299230550014
width: 0.03387096774193549
height: 0.015104018238814477
Area: 0.0002513122937331654
CentroidX: 0.3079
CentroidY: 0.4210
