Location: Dedata_4.png_Mean-Medain.png
Component: component_1755523235550_88.png
centerX: 0.7830645161290323
centerY: 0.13736107153035051
width: 0.024596774193548387
height: 0.018238814477058992
Area: 0.00021477031412313037
CentroidX: 0.7968
CentroidY: 0.1441
