Location: internet_9.png_Gaussian-Closing.png
Component: component_1755092072304_27.png
centerX: 0.4268440145102781
centerY: 0.04647847162817223
width: 0.030632809351068116
height: 0.026803535785571715
Area: 0.0003685839583572534
CentroidX: 0.4432
CentroidY: 0.0579
