Location: Dedata_4.png_Gaussian-Closing.png
Component: component_1755523235942_288.png
centerX: 0.3681451612903226
centerY: 0.4499857509261898
width: 0.025
height: 0.016813907096038756
Area: 0.00019190284889546695
CentroidX: 0.3805
CentroidY: 0.4562
