Location: Dedata_4.png_Mean-Medain.png
Component: component_1755523235572_187.png
centerX: 0.7504032258064516
centerY: 0.28241664291821034
width: 0.02943548387096774
height: 0.015104018238814477
Area: 0.00022074573217257008
CentroidX: 0.7672
CentroidY: 0.2877
