Location: internet_9.png_Otsu.png
Component: component_1755092072186_470.png
centerX: 0.7239016525594518
centerY: 0.3609923011120616
width: 0.02418379685610641
height: 0.029369831765041345
Area: 0.00028859192997663334
CentroidX: 0.7385
CentroidY: 0.3746
