Location: Dedata_4.png_Gaussian-Closing.png
Component: component_1755523235930_256.png
centerX: 0.7120967741935483
centerY: 0.3941293815901966
width: 0.032661290322580645
height: 0.01652892561983471
Area: 0.00024188951911674128
CentroidX: 0.7300
CentroidY: 0.3996
