Location: Dedata_4.png_Gaussian-Closing.png
Component: component_1755523235944_295.png
centerX: 0.1810483870967742
centerY: 0.46309489883157595
width: 0.035483870967741936
height: 0.015958962667426618
Area: 0.00026073506834958955
CentroidX: 0.2013
CentroidY: 0.4690
