Location: internet_9.png_Gaussian-Median.png
Component: component_1755092071732_371.png
centerX: 0.3611446997178557
centerY: 0.789848873681209
width: 0.02781136638452237
height: 0.02737382378100941
Area: 0.00036180302491694216
CentroidX: 0.3780
CentroidY: 0.8020
