Location: internet_9.png_Otsu.png
Component: component_1755092072209_881.png
centerX: 0.4191858121725111
centerY: 0.5919589392643285
width: 0.025796049979846837
height: 0.026518391787852865
Area: 0.00018205082321106622
CentroidX: 0.4351
CentroidY: 0.6029
