Location: Dedata_4.png_Mean-Medain.png
Component: component_1755523235610_358.png
centerX: 0.3633064516129032
centerY: 0.5805072670276432
width: 0.025403225806451612
height: 0.0176688515246509
Area: 0.00023189218507248642
CentroidX: 0.3764
CentroidY: 0.5875
