Location: Dedata_4.png_Gaussian-Closing.png
Component: component_1755523235853_80.png
centerX: 0.2879032258064516
centerY: 0.12339697919635224
width: 0.02338709677419355
height: 0.01738387004844685
Area: 0.00020132562351189107
CentroidX: 0.3011
CentroidY: 0.1298
