Location: internet_9.png_Gaussian-Closing.png
Component: component_1755092072373_73.png
centerX: 0.016122531237404272
centerY: 0.1568291987453664
width: 0.027005239822652155
height: 0.02879954376960365
Area: 0.00031812921631832784
CentroidX: 0.0317
CentroidY: 0.1687
