Location: internet_9.png_Gaussian-Closing.png
Component: component_1755092072551_197.png
centerX: 0.014913341394598953
centerY: 0.437125748502994
width: 0.027005239822652155
height: 0.028229255774165955
Area: 0.000364906163948949
CentroidX: 0.0304
CentroidY: 0.4502
