Location: Dedata_4.png_Otsu.png
Component: component_1755523236083_334.png
centerX: 0.45161290322580644
centerY: 0.44599601025933316
width: 0.028225806451612902
height: 0.01652892561983471
Area: 0.0001415714430174942
CentroidX: 0.4664
CentroidY: 0.4510
