Location: Dedata_4.png_Mean-Medain.png
Component: component_1755523235575_202.png
centerX: 0.8564516129032258
centerY: 0.31176973496722715
width: 0.027016129032258064
height: 0.02108862923909946
Area: 0.0002725709925629028
CentroidX: 0.8698
CentroidY: 0.3195
