Location: Dedata_4.png_Otsu.png
Component: component_1755523236020_20.png
centerX: 0.017338709677419354
centerY: 0.01481903676261043
width: 0.02258064516129032
height: 0.021373610715303505
Area: 0.0002279851809632374
CentroidX: 0.0292
CentroidY: 0.0228
