Location: Dedata_4.png_Mean-Medain.png
Component: component_1755523235591_273.png
centerX: 0.7939516129032258
centerY: 0.42547734397264175
width: 0.02620967741935484
height: 0.020233684810487318
Area: 0.00025498947407128213
CentroidX: 0.8076
CentroidY: 0.4330
