Location: internet_9.png_Gaussian-Closing.png
Component: component_1755092072539_159.png
centerX: 0.009270455461507456
centerY: 0.34673510122611917
width: 0.03184199919387344
height: 0.026518391787852865
Area: 0.00037708885792645723
CentroidX: 0.0285
CentroidY: 0.3587
