Location: internet_9.png_Gaussian-Closing.png
Component: component_1755092072547_179.png
centerX: 0.4554615074566707
centerY: 0.3889364128885087
width: 0.0237807335751713
height: 0.03022526375819789
Area: 0.0003146812840605425
CentroidX: 0.4709
CentroidY: 0.4034
