Location: Dedata_4.png_Gaussian-Median.png
Component: component_1755523236206_107.png
centerX: 0.21733870967741936
centerY: 0.15987460815047022
width: 0.02379032258064516
height: 0.016243944143630663
Area: 0.00018397392879140276
CentroidX: 0.2316
CentroidY: 0.1660
