Location: Dedata_4.png_Mean-Medain.png
Component: component_1755523235610_355.png
centerX: 0.48266129032258065
centerY: 0.5742376745511542
width: 0.02620967741935484
height: 0.01738387004844685
Area: 0.0002585517425238327
CentroidX: 0.4951
CentroidY: 0.5810
