Location: internet_9.png_Otsu.png
Component: component_1755092072224_1052.png
centerX: 0.12051592099959693
centerY: 0.7892785856857714
width: 0.03184199919387344
height: 0.027944111776447105
Area: 0.0003590446791107139
CentroidX: 0.1408
CentroidY: 0.8027
