Location: internet_9.png_Gaussian-Closing.png
Component: component_1755092072568_264.png
centerX: 0.26964933494558646
centerY: 0.604220131166239
width: 0.02257154373236598
height: 0.027088679783290562
Area: 0.0002349191178304415
CentroidX: 0.2836
CentroidY: 0.6167
