Location: internet_9.png_Otsu.png
Component: component_1755092072184_463.png
centerX: 0.009673518742442563
centerY: 0.34673510122611917
width: 0.03143893591293833
height: 0.02623324779013402
Area: 0.00035869988588493537
CentroidX: 0.0285
CentroidY: 0.3586
