Location: internet_9.png_Otsu.png
Component: component_1755092072167_217.png
centerX: 0.9435711406690851
centerY: 0.15597376675220986
width: 0.027005239822652155
height: 0.020245223838038208
Area: 0.00020434745181141143
CentroidX: 0.9594
CentroidY: 0.1642
