Location: Dedata_4.png_Gaussian-Median.png
Component: component_1755523236220_158.png
centerX: 0.9362903225806452
centerY: 0.23453975491593046
width: 0.02258064516129032
height: 0.017953833000854943
Area: 0.00023166236130135412
CentroidX: 0.9472
CentroidY: 0.2417
