Location: internet_9.png_Mean-Closing.png
Component: component_1755092071850_195.png
centerX: 0.34663442160419183
centerY: 0.446535500427716
width: 0.026199113260781944
height: 0.0290846877673225
Area: 0.00032410563223182244
CentroidX: 0.3633
CentroidY: 0.4599
