Location: Dedata_4.png_Otsu.png
Component: component_1755523236087_364.png
centerX: 0.5516129032258065
centerY: 0.4841835280706754
width: 0.024193548387096774
height: 0.016813907096038756
Area: 0.0001812160435378152
CentroidX: 0.5647
CentroidY: 0.4907
