Location: internet_9.png_Gaussian-Closing.png
Component: component_1755092072555_213.png
centerX: 0.013301088270858524
centerY: 0.4827487881380097
width: 0.028214429665457477
height: 0.027944111776447105
Area: 0.00034111543137023013
CentroidX: 0.0293
CentroidY: 0.4943
