Location: Dedata_4.png_Gaussian-Closing.png
Component: component_1755523235868_131.png
centerX: 0.9112903225806451
centerY: 0.1969222000569963
width: 0.018145161290322582
height: 0.018523795953263037
Area: 0.00019063881815423932
CentroidX: 0.9193
CentroidY: 0.2044
