Location: internet_9.png_Gaussian-Closing.png
Component: component_1755092072299_6.png
centerX: 0.7049576783555018
centerY: 0.005988023952095809
width: 0.027408303103587262
height: 0.03706871970345024
Area: 0.0004108785940527536
CentroidX: 0.7214
CentroidY: 0.0221
