Location: internet_9.png_Otsu.png
Component: component_1755092072153_23.png
centerX: 0.728335348649738
centerY: 0.044767607641859136
width: 0.026199113260781944
height: 0.031936127744510975
Area: 0.0003919149666349342
CentroidX: 0.7431
CentroidY: 0.0595
