Location: Dedata_4.png_Gaussian-Median.png
Component: component_1755523236191_45.png
centerX: 0.00967741935483871
centerY: 0.06041607295525791
width: 0.01935483870967742
height: 0.019948703334283273
Area: 0.00017972218902545528
CentroidX: 0.0209
CentroidY: 0.0680
