Location: internet_9.png_Otsu.png
Component: component_1755092072213_1007.png
centerX: 0.5255945183393793
centerY: 0.6544054747647562
width: 0.02781136638452237
height: 0.029369831765041345
Area: 0.0003531831942724788
CentroidX: 0.5431
CentroidY: 0.6680
