Location: Dedata_4.png_Gaussian-Closing.png
Component: component_1755523235819_17.png
centerX: 0.21411290322580645
centerY: 0.009974351667141636
width: 0.02217741935483871
height: 0.022228555143915644
Area: 0.00025211667693212844
CentroidX: 0.2247
CentroidY: 0.0184
