Location: Dedata_4.png_Otsu.png
Component: component_1755523236089_370.png
centerX: 0.2842741935483871
centerY: 0.499857509261898
width: 0.02661290322580645
height: 0.015388999715018524
Area: 0.00017478097794611092
CentroidX: 0.2985
CentroidY: 0.5051
