Location: Dedata_4.png_Otsu.png
Component: component_1755523236021_30.png
centerX: 0.807258064516129
centerY: 0.04132231404958678
width: 0.02217741935483871
height: 0.020233684810487318
Area: 0.00018822566855735022
CentroidX: 0.8187
CentroidY: 0.0493
