Location: Dedata_4.png_Gaussian-Median.png
Component: component_1755523236221_166.png
centerX: 0.013306451612903225
centerY: 0.24536905101168424
width: 0.020161290322580645
height: 0.022513536620119692
Area: 0.0002094843673870876
CentroidX: 0.0253
CentroidY: 0.2543
