Location: Dedata_4.png_Otsu.png
Component: component_1755523236024_41.png
centerX: 0.14879032258064517
centerY: 0.057566258193217444
width: 0.022983870967741935
height: 0.019948703334283273
Area: 0.00020178527105415566
CentroidX: 0.1618
CentroidY: 0.0645
