Location: Dedata_4.png_Mean-Medain.png
Component: component_1755523235567_164.png
centerX: 0.7262096774193548
centerY: 0.2476489028213166
width: 0.029838709677419355
height: 0.0176688515246509
Area: 0.0002491289679074086
CentroidX: 0.7423
CentroidY: 0.2539
