Location: Dedata_4.png_Otsu.png
Component: component_1755523236075_302.png
centerX: 0.6689516129032258
centerY: 0.39726417782844115
width: 0.025403225806451612
height: 0.020233684810487318
Area: 0.00019971685711396502
CentroidX: 0.6820
CentroidY: 0.4042
