Location: Dedata_4.png_Gaussian-Median.png
Component: component_1755523236255_317.png
centerX: 0.22620967741935483
centerY: 0.5035622684525506
width: 0.03346774193548387
height: 0.018238814477058992
Area: 0.00026429733680214014
CentroidX: 0.2447
CentroidY: 0.5098
