Location: Dedata_4.png_Gaussian-Closing.png
Component: component_1755523235945_298.png
centerX: 0.7943548387096774
centerY: 0.4676546024508407
width: 0.024193548387096774
height: 0.01738387004844685
Area: 0.00018259498616460897
CentroidX: 0.8075
CentroidY: 0.4754
