Location: internet_9.png_Gaussian-Median.png
Component: component_1755092071677_119.png
centerX: 0.819024586860137
centerY: 0.19846022241231823
width: 0.028214429665457477
height: 0.029654975762760195
Area: 0.0003572057819065617
CentroidX: 0.8339
CentroidY: 0.2114
