Location: Dedata_4.png_Gaussian-Median.png
Component: component_1755523236232_213.png
centerX: 0.665725806451613
centerY: 0.32060416072955256
width: 0.03306451612903226
height: 0.01652892561983471
Area: 0.00024729037773835026
CentroidX: 0.6837
CentroidY: 0.3260
