Location: internet_9.png_Gaussian-Median.png
Component: component_1755092071730_357.png
centerX: 0.7690447400241838
centerY: 0.7770173937838608
width: 0.028214429665457477
height: 0.02594810379241517
Area: 0.0003362883262093306
CentroidX: 0.7859
CentroidY: 0.7889
