Location: Dedata_4.png_Gaussian-Median.png
Component: component_1755523236240_249.png
centerX: 0.2221774193548387
centerY: 0.3793103448275862
width: 0.028225806451612902
height: 0.020233684810487318
Area: 0.00025832191875270043
CentroidX: 0.2372
CentroidY: 0.3869
