Location: Dedata_4.png_Otsu.png
Component: component_1755523236103_447.png
centerX: 0.17137096774193547
centerY: 0.591336563123397
width: 0.025403225806451612
height: 0.018238814477058992
Area: 0.0001799520127965876
CentroidX: 0.1850
CentroidY: 0.5976
