Location: Dedata_4.png_Gaussian-Median.png
Component: component_1755523236253_307.png
centerX: 0.6782258064516129
centerY: 0.47677400968937017
width: 0.02217741935483871
height: 0.0176688515246509
Area: 0.00018581251896046113
CentroidX: 0.6903
CentroidY: 0.4840
