Location: Dedata_4.png_Gaussian-Closing.png
Component: component_1755523235882_163.png
centerX: 0.05040322580645161
centerY: 0.24422912510686806
width: 0.021370967741935483
height: 0.02080364776289541
Area: 0.00021350628338190277
CentroidX: 0.0631
CentroidY: 0.2523
