Location: internet_9.png_Otsu.png
Component: component_1755092072194_509.png
centerX: 0.652962515114873
centerY: 0.40975192472198463
width: 0.029423619508262798
height: 0.03279155973766752
Area: 0.00034054077599393254
CentroidX: 0.6709
CentroidY: 0.4252
