Location: internet_9.png_Mean-Closing.png
Component: component_1755092071829_149.png
centerX: 0.11769447803305119
centerY: 0.3307670373538637
width: 0.025796049979846837
height: 0.029940119760479042
Area: 0.0003766291336254192
CentroidX: 0.1333
CentroidY: 0.3450
