Location: Dedata_4.png_Gaussian-Median.png
Component: component_1755523236230_208.png
centerX: 0.8165322580645161
centerY: 0.31433456825306355
width: 0.029838709677419355
height: 0.018808777429467086
Area: 0.00026418242491657394
CentroidX: 0.8321
CentroidY: 0.3208
