Location: internet_9.png_Otsu.png
Component: component_1755092072221_1039.png
centerX: 0.7694478033051189
centerY: 0.7770173937838608
width: 0.02781136638452237
height: 0.02566295979469632
Area: 0.0003192785270709229
CentroidX: 0.7859
CentroidY: 0.7889
