Location: Dedata_4.png_Mean-Medain.png
Component: component_1755523235541_46.png
centerX: 0.7608870967741935
centerY: 0.07267027643203192
width: 0.021370967741935483
height: 0.024793388429752067
Area: 0.0002716516974783736
CentroidX: 0.7728
CentroidY: 0.0825
