Location: Dedata_4.png_Otsu.png
Component: component_1755523236028_67.png
centerX: 0.1879032258064516
centerY: 0.08862923909945854
width: 0.021774193548387097
height: 0.015388999715018524
Area: 0.00017294238777705256
CentroidX: 0.2005
CentroidY: 0.0944
