Location: Dedata_4.png_Gaussian-Closing.png
Component: component_1755523235823_25.png
centerX: 0.6737903225806452
centerY: 0.03562268452550584
width: 0.02258064516129032
height: 0.018238814477058992
Area: 0.00021132295755614595
CentroidX: 0.6855
CentroidY: 0.0427
