Location: internet_9.png_Gaussian-Closing.png
Component: component_1755092072567_256.png
centerX: 0.5578395808141878
centerY: 0.5814086113487311
width: 0.027408303103587262
height: 0.027944111776447105
Area: 0.00028617837739618364
CentroidX: 0.5750
CentroidY: 0.5951
