Location: internet_9.png_Gaussian-Median.png
Component: component_1755092071710_275.png
centerX: 0.06408706166868199
centerY: 0.5303678357570573
width: 0.030632809351068116
height: 0.02423723980610208
Area: 0.0003242205633070819
CentroidX: 0.0812
CentroidY: 0.5412
