Location: Dedata_4.png_Otsu.png
Component: component_1755523236076_307.png
centerX: 0.46169354838709675
centerY: 0.4049586776859504
width: 0.02258064516129032
height: 0.01937874038187518
Area: 0.00019764844317377435
CentroidX: 0.4726
CentroidY: 0.4123
