Location: internet_9.png_Otsu.png
Component: component_1755092072166_178.png
centerX: 0.23377670294236194
centerY: 0.1437125748502994
width: 0.026602176541717048
height: 0.026518391787852865
Area: 0.000270088026859852
CentroidX: 0.2481
CentroidY: 0.1553
