Location: internet_9.png_Otsu.png
Component: component_1755092072175_379.png
centerX: 0.7762998790810157
centerY: 0.24151696606786427
width: 0.02781136638452237
height: 0.0290846877673225
Area: 0.00039076565588233906
CentroidX: 0.7921
CentroidY: 0.2541
