Location: internet_9.png_Mean-Closing.png
Component: component_1755092071808_60.png
centerX: 0.46795646916565903
centerY: 0.12660393498716851
width: 0.03143893591293833
height: 0.029369831765041345
Area: 0.00039662714072057417
CentroidX: 0.4863
CentroidY: 0.1396
