Location: Dedata_4.png_Mean-Medain.png
Component: component_1755523235552_103.png
centerX: 0.2625
centerY: 0.15645483043602165
width: 0.021370967741935483
height: 0.015958962667426618
Area: 0.0001651283795585545
CentroidX: 0.2759
CentroidY: 0.1625
