Location: Dedata_4.png_Mean-Medain.png
Component: component_1755523235556_123.png
centerX: 0.41008064516129034
centerY: 0.1823881447705899
width: 0.02338709677419355
height: 0.0219435736677116
Area: 0.0002502780867630701
CentroidX: 0.4231
CentroidY: 0.1910
