Location: Dedata_4.png_Mean-Medain.png
Component: component_1755523235571_179.png
centerX: 0.9225806451612903
centerY: 0.274437161584497
width: 0.024596774193548387
height: 0.019663721858079224
Area: 0.00023683339615183078
CentroidX: 0.9357
CentroidY: 0.2817
