Location: Dedata_4.png_Mean-Medain.png
Component: component_1755523235726_384.png
centerX: 0.2991935483870968
centerY: 0.6283841550299231
width: 0.029838709677419355
height: 0.018808777429467086
Area: 0.0002837174454628191
CentroidX: 0.3149
CentroidY: 0.6355
