Location: Dedata_4.png_Gaussian-Closing.png
Component: component_1755523235966_376.png
centerX: 0.6560483870967742
centerY: 0.6121402108862924
width: 0.02338709677419355
height: 0.018523795953263037
Area: 0.00022304396988389303
CentroidX: 0.6672
CentroidY: 0.6196
