Location: Dedata_4.png_Gaussian-Closing.png
Component: component_1755523235948_311.png
centerX: 0.3866935483870968
centerY: 0.4933029353092049
width: 0.025403225806451612
height: 0.021373610715303505
Area: 0.00021545978543652727
CentroidX: 0.4003
CentroidY: 0.5023
