Location: Dedata_4.png_Gaussian-Closing.png
Component: component_1755523235858_98.png
centerX: 0.4520161290322581
centerY: 0.14904531205471644
width: 0.024596774193548387
height: 0.018238814477058992
Area: 0.00020707121779019847
CentroidX: 0.4667
CentroidY: 0.1557
