Location: internet_9.png_Gaussian-Median.png
Component: component_1755092071692_204.png
centerX: 0.6723095525997581
centerY: 0.365839749073282
width: 0.02781136638452237
height: 0.02737382378100941
Area: 0.0003312313588979121
CentroidX: 0.6892
CentroidY: 0.3785
