Location: internet_9.png_Mean-Closing.png
Component: component_1755092071811_74.png
centerX: 0.7561467150342603
centerY: 0.16053607071571144
width: 0.027005239822652155
height: 0.029654975762760195
Area: 0.0003432991218001608
CentroidX: 0.7702
CentroidY: 0.1728
