Location: internet_9.png_Otsu.png
Component: component_1755092072178_415.png
centerX: 0.2893994357114067
centerY: 0.2743085258055318
width: 0.027005239822652155
height: 0.028229255774165955
Area: 0.00031445142191002345
CentroidX: 0.3057
CentroidY: 0.2875
