Location: Dedata_4.png_Gaussian-Median.png
Component: component_1755523236213_143.png
centerX: 0.6483870967741936
centerY: 0.2066115702479339
width: 0.021370967741935483
height: 0.01937874038187518
Area: 0.00019328179152226072
CentroidX: 0.6600
CentroidY: 0.2142
