Location: internet_9.png_Otsu.png
Component: component_1755092072189_484.png
centerX: 0.4554615074566707
centerY: 0.3889364128885087
width: 0.023377670294236194
height: 0.03022526375819789
Area: 0.0002959475187932421
CentroidX: 0.4709
CentroidY: 0.4033
