Location: Dedata_4.png_Gaussian-Closing.png
Component: component_1755523235860_106.png
centerX: 0.17298387096774193
centerY: 0.1615844970076945
width: 0.02056451612903226
height: 0.0176688515246509
Area: 0.00018087130788111677
CentroidX: 0.1856
CentroidY: 0.1681
