Location: Dedata_4.png_Mean-Medain.png
Component: component_1755523235574_198.png
centerX: 0.1875
centerY: 0.30806497577657455
width: 0.024193548387096774
height: 0.019663721858079224
Area: 0.00023729304369409537
CentroidX: 0.1999
CentroidY: 0.3158
