Location: internet_9.png_Gaussian-Closing.png
Component: component_1755092072318_49.png
centerX: 0.12615880693268844
centerY: 0.09523809523809523
width: 0.0354695687222894
height: 0.03165098374679213
Area: 0.0004294974282447945
CentroidX: 0.1466
CentroidY: 0.1096
