Location: internet_9.png_Gaussian-Median.png
Component: component_1755092071661_17.png
centerX: 0.9359129383313181
centerY: 0.010835471913316224
width: 0.02902055622732769
height: 0.034787567721699456
Area: 0.0004009945215804356
CentroidX: 0.9535
CentroidY: 0.0278
