Location: internet_9.png_Otsu.png
Component: component_1755092072155_33.png
centerX: 0.01128577186618299
centerY: 0.05531793555745652
width: 0.03506650544135429
height: 0.03450242372398061
Area: 0.00044443846802853093
CentroidX: 0.0297
CentroidY: 0.0699
