Location: Dedata_4.png_Otsu.png
Component: component_1755523236045_157.png
centerX: 0.17459677419354838
centerY: 0.19293245939013964
width: 0.02217741935483871
height: 0.01909375890567113
Area: 0.00018374410502027046
CentroidX: 0.1876
CentroidY: 0.1997
