Location: internet_9.png_Mean-Closing.png
Component: component_1755092071825_132.png
centerX: 0.6215235792019347
centerY: 0.28828058169375537
width: 0.03426037887948408
height: 0.03136583974907328
Area: 0.00044800133136157583
CentroidX: 0.6412
CentroidY: 0.3035
