Location: Dedata_4.png_Otsu.png
Component: component_1755523236075_301.png
centerX: 0.7120967741935483
centerY: 0.3944143630664007
width: 0.03225806451612903
height: 0.01567398119122257
Area: 0.00020730104156133078
CentroidX: 0.7302
CentroidY: 0.3994
