Location: internet_9.png_Gaussian-Median.png
Component: component_1755092071731_365.png
centerX: 0.2422410318419992
centerY: 0.7872825777017394
width: 0.031035872632003223
height: 0.026803535785571715
Area: 0.00037111244201296263
CentroidX: 0.2607
CentroidY: 0.8005
