Location: Dedata_4.png_Otsu.png
Component: component_1755523236067_261.png
centerX: 0.9693548387096774
centerY: 0.3482473639213451
width: 0.017741935483870968
height: 0.01738387004844685
Area: 0.00014766177295250001
CentroidX: 0.9782
CentroidY: 0.3553
