Location: Dedata_4.png_Otsu.png
Component: component_1755523236096_414.png
centerX: 0.9532258064516129
centerY: 0.5559988600740952
width: 0.025
height: 0.015104018238814477
Area: 0.00020845016041699224
CentroidX: 0.9661
CentroidY: 0.5618
