Location: Dedata_4.png_Gaussian-Median.png
Component: component_1755523236244_273.png
centerX: 0.8782258064516129
centerY: 0.4200626959247649
width: 0.022983870967741935
height: 0.018808777429467086
Area: 0.00021477031412313037
CentroidX: 0.8900
CentroidY: 0.4273
