Location: internet_9.png_Otsu.png
Component: component_1755092072163_109.png
centerX: 0.7577589681580008
centerY: 0.11633875106929
width: 0.028214429665457477
height: 0.023381807812945538
Area: 0.0002319309098736942
CentroidX: 0.7726
CentroidY: 0.1258
