Location: internet_9.png_Gaussian-Median.png
Component: component_1755092071701_248.png
centerX: 0.7722692462716646
centerY: 0.47191331622469346
width: 0.028214429665457477
height: 0.02623324779013402
Area: 0.0003306567035216146
CentroidX: 0.7891
CentroidY: 0.4843
