Location: internet_9.png_Otsu.png
Component: component_1755092072162_93.png
centerX: 0.06892382103990327
centerY: 0.10407755916737953
width: 0.027005239822652155
height: 0.02566295979469632
Area: 0.00033536887760725456
CentroidX: 0.0848
CentroidY: 0.1154
