Location: internet_9.png_Gaussian-Closing.png
Component: component_1755092072558_216.png
centerX: 0.9484079000403063
centerY: 0.49329911605360705
width: 0.02781136638452237
height: 0.029369831765041345
Area: 0.00030238365900777476
CentroidX: 0.9665
CentroidY: 0.5072
