Location: Dedata_4.png_Mean-Medain.png
Component: component_1755523235729_389.png
centerX: 0.05524193548387097
centerY: 0.6326588771729837
width: 0.028629032258064516
height: 0.018238814477058992
Area: 0.0002516570293898638
CentroidX: 0.0709
CentroidY: 0.6397
