Location: internet_9.png_Otsu.png
Component: component_1755092072217_1023.png
centerX: 0.709391374445788
centerY: 0.7179925862560593
width: 0.032648125755743655
height: 0.027944111776447105
Area: 0.0003772037890017167
CentroidX: 0.7291
CentroidY: 0.7318
