Location: internet_9.png_Otsu.png
Component: component_1755092072187_473.png
centerX: 0.27972591696896415
centerY: 0.3721129170230967
width: 0.02902055622732769
height: 0.023096663815226688
Area: 0.00030479721158822447
CentroidX: 0.2964
CentroidY: 0.3832
