Location: internet_9.png_Otsu.png
Component: component_1755092072213_1005.png
centerX: 0.5703345425231762
centerY: 0.65098374679213
width: 0.027005239822652155
height: 0.03136583974907328
Area: 0.0003768589957759382
CentroidX: 0.5874
CentroidY: 0.6655
