Location: internet_9.png_Gaussian-Closing.png
Component: component_1755092072356_61.png
centerX: 0.5836356307940347
centerY: 0.1234673510122612
width: 0.029423619508262798
height: 0.02566295979469632
Area: 0.0003561714022292261
CentroidX: 0.6001
CentroidY: 0.1350
