Location: internet_9.png_Gaussian-Median.png
Component: component_1755092071715_301.png
centerX: 0.4687625957275292
centerY: 0.5882520672939835
width: 0.025796049979846837
height: 0.026803535785571715
Area: 0.00027583458062282757
CentroidX: 0.4845
CentroidY: 0.6008
