Location: internet_9.png_Mean-Closing.png
Component: component_1755092072025_248.png
centerX: 0.10439338976219266
centerY: 0.5734245794126034
width: 0.032245062474808545
height: 0.02623324779013402
Area: 0.0003482411580363198
CentroidX: 0.1252
CentroidY: 0.5859
