Location: Dedata_4.png_Mean-Medain.png
Component: component_1755523235534_14.png
centerX: 0.8459677419354839
centerY: 0.007694499857509262
width: 0.02258064516129032
height: 0.025078369905956112
Area: 0.0002539552671011868
CentroidX: 0.8575
CentroidY: 0.0177
