Location: internet_9.png_Gaussian-Median.png
Component: component_1755092071685_167.png
centerX: 0.6779524385328497
centerY: 0.2840034217279726
width: 0.03345425231761386
height: 0.03165098374679213
Area: 0.00038628334394721816
CentroidX: 0.6985
CentroidY: 0.2995
