Location: Dedata_4.png_Mean-Medain.png
Component: component_1755523235573_192.png
centerX: 0.4588709677419355
centerY: 0.2938159019663722
width: 0.025403225806451612
height: 0.016813907096038756
Area: 0.00022844482850550198
CentroidX: 0.4728
CentroidY: 0.3007
