Location: Dedata_4.png_Mean-Medain.png
Component: component_1755523235549_86.png
centerX: 0.09233870967741936
centerY: 0.13479623824451412
width: 0.025806451612903226
height: 0.016243944143630663
Area: 0.00019063881815423932
CentroidX: 0.1077
CentroidY: 0.1407
