Location: Dedata_4.png_Gaussian-Median.png
Component: component_1755523236264_351.png
centerX: 0.8032258064516129
centerY: 0.5579937304075235
width: 0.025806451612903226
height: 0.017098888572242805
Area: 0.00021787293503341637
CentroidX: 0.8165
CentroidY: 0.5651
