Location: Dedata_4.png_Mean-Medain.png
Component: component_1755523235729_390.png
centerX: 0.13669354838709677
centerY: 0.6326588771729837
width: 0.02943548387096774
height: 0.017098888572242805
Area: 0.0002421193428878736
CentroidX: 0.1533
CentroidY: 0.6391
