Location: Dedata_4.png_Gaussian-Median.png
Component: component_1755523236273_391.png
centerX: 0.2560483870967742
centerY: 0.6300940438871473
width: 0.02903225806451613
height: 0.01909375890567113
Area: 0.00025832191875270043
CentroidX: 0.2717
CentroidY: 0.6369
