Location: internet_9.png_Gaussian-Closing.png
Component: component_1755092072577_304.png
centerX: 0.2253123740427247
centerY: 0.7308240661534074
width: 0.0237807335751713
height: 0.023381807812945538
Area: 0.0003420348799723062
CentroidX: 0.2390
CentroidY: 0.7424
