Location: Dedata_4.png_Gaussian-Closing.png
Component: component_1755523235853_81.png
centerX: 0.24475806451612903
centerY: 0.12567683100598462
width: 0.021370967741935483
height: 0.018238814477058992
Area: 0.00019362652717895917
CentroidX: 0.2568
CentroidY: 0.1326
