Location: internet_9.png_Otsu.png
Component: component_1755092072151_12.png
centerX: 0.8887545344619106
centerY: 0.00998003992015968
width: 0.02902055622732769
height: 0.026803535785571715
Area: 0.00035134429706832666
CentroidX: 0.9054
CentroidY: 0.0235
