Location: Dedata_4.png_Otsu.png
Component: component_1755523236101_432.png
centerX: 0.44193548387096776
centerY: 0.5773724707893987
width: 0.025806451612903226
height: 0.019663721858079224
Area: 0.0001761599205729047
CentroidX: 0.4543
CentroidY: 0.5847
