Location: internet_9.png_Mean-Closing.png
Component: component_1755092071819_103.png
centerX: 0.4147521160822249
centerY: 0.2292557741659538
width: 0.027005239822652155
height: 0.02737382378100941
Area: 0.0003469769162084652
CentroidX: 0.4307
CentroidY: 0.2403
