Location: Dedata_4.png_Mean-Medain.png
Component: component_1755523235537_28.png
centerX: 0.8927419354838709
centerY: 0.039612425192362494
width: 0.025
height: 0.020233684810487318
Area: 0.0002477500252806148
CentroidX: 0.9050
CentroidY: 0.0478
