Location: internet_9.png_Gaussian-Median.png
Component: component_1755092071702_254.png
centerX: 0.5804111245465539
centerY: 0.48502994011976047
width: 0.032648125755743655
height: 0.025092671799258625
Area: 0.000335024084381476
CentroidX: 0.5985
CentroidY: 0.4972
