Location: Dedata_4.png_Otsu.png
Component: component_1755523236061_237.png
centerX: 0.8169354838709677
centerY: 0.31433456825306355
width: 0.02903225806451613
height: 0.018523795953263037
Area: 0.00023005359490342806
CentroidX: 0.8323
CentroidY: 0.3206
