Location: Dedata_4.png_Gaussian-Median.png
Component: component_1755523236272_388.png
centerX: 0.4306451612903226
centerY: 0.6258193217440866
width: 0.02056451612903226
height: 0.0219435736677116
Area: 0.0002224694104560623
CentroidX: 0.4398
CentroidY: 0.6345
