Location: internet_9.png_Gaussian-Closing.png
Component: component_1755092072571_277.png
centerX: 0.6324062877871826
centerY: 0.6526946107784432
width: 0.032648125755743655
height: 0.027088679783290562
Area: 0.0004252449784601925
CentroidX: 0.6512
CentroidY: 0.6644
