Location: Dedata_4.png_Mean-Medain.png
Component: component_1755523235569_171.png
centerX: 0.45483870967741935
centerY: 0.2564833285836421
width: 0.024596774193548387
height: 0.018808777429467086
Area: 0.00022120537971483467
CentroidX: 0.4688
CentroidY: 0.2637
