Location: internet_9.png_Gaussian-Median.png
Component: component_1755092071667_44.png
centerX: 0.5489721886336155
centerY: 0.08098089535215283
width: 0.02781136638452237
height: 0.024522383803820928
Area: 0.0002976714849221348
CentroidX: 0.5658
CentroidY: 0.0929
