Location: internet_9.png_Otsu.png
Component: component_1755092072228_1066.png
centerX: 0.18782748891575976
centerY: 0.8383233532934131
width: 0.02902055622732769
height: 0.02566295979469632
Area: 0.00031858894061936584
CentroidX: 0.2051
CentroidY: 0.8501
