Location: internet_9.png_Gaussian-Closing.png
Component: component_1755092072317_47.png
centerX: 0.365981459089077
centerY: 0.08411747932706017
width: 0.03506650544135429
height: 0.03307670373538637
Area: 0.00044466833017904996
CentroidX: 0.3849
CentroidY: 0.0980
