Location: Dedata_4.png_Gaussian-Median.png
Component: component_1755523236253_309.png
centerX: 0.5911290322580646
centerY: 0.4810487318324309
width: 0.027016129032258064
height: 0.022228555143915644
Area: 0.00021821767069011482
CentroidX: 0.6060
CentroidY: 0.4906
