Location: internet_9.png_Mean-Closing.png
Component: component_1755092071930_219.png
centerX: 0.33978234582829503
centerY: 0.5064157399486741
width: 0.02781136638452237
height: 0.024522383803820928
Area: 0.00032847301309168385
CentroidX: 0.3558
CentroidY: 0.5173
