Location: internet_9.png_Gaussian-Median.png
Component: component_1755092071702_253.png
centerX: 0.012898024989923419
centerY: 0.4827487881380097
width: 0.028617492946392584
height: 0.027944111776447105
Area: 0.0003416900867465277
CentroidX: 0.0293
CentroidY: 0.4943
