Location: Dedata_4.png_Gaussian-Median.png
Component: component_1755523236256_320.png
centerX: 0.18185483870967742
centerY: 0.5089769165004274
width: 0.028629032258064516
height: 0.01909375890567113
Area: 0.00024717546585278406
CentroidX: 0.1973
CentroidY: 0.5156
