Location: Dedata_4.png_Gaussian-Median.png
Component: component_1755523236185_33.png
centerX: 0.525
centerY: 0.04160729552579082
width: 0.021370967741935483
height: 0.018808777429467086
Area: 0.00021821767069011482
CentroidX: 0.5362
CentroidY: 0.0492
