Location: internet_9.png_Gaussian-Closing.png
Component: component_1755092072299_4.png
centerX: 0.5074566706972995
centerY: 0.0037068719703450244
width: 0.030229746070133012
height: 0.038209295694325636
Area: 0.0004528284365224753
CentroidX: 0.5254
CentroidY: 0.0200
