Location: Dedata_4.png_Otsu.png
Component: component_1755523236059_227.png
centerX: 0.2709677419354839
centerY: 0.3012254203476774
width: 0.02903225806451613
height: 0.016813907096038756
Area: 0.00018788093290065177
CentroidX: 0.2881
CentroidY: 0.3071
