Location: Dedata_4.png_Mean-Medain.png
Component: component_1755523235608_349.png
centerX: 0.7189516129032258
centerY: 0.5636933599316044
width: 0.02661290322580645
height: 0.016813907096038756
Area: 0.0002436131974002335
CentroidX: 0.7330
CentroidY: 0.5704
