Location: Dedata_4.png_Mean-Medain.png
Component: component_1755523235549_82.png
centerX: 0.9556451612903226
centerY: 0.13137646053006555
width: 0.02338709677419355
height: 0.025933314334568254
Area: 0.00025211667693212844
CentroidX: 0.9667
CentroidY: 0.1430
