Location: Dedata_4.png_Otsu.png
Component: component_1755523236075_293.png
centerX: 0.10887096774193548
centerY: 0.38643488173268736
width: 0.03467741935483871
height: 0.016243944143630663
Area: 0.0002263764145653113
CentroidX: 0.1286
CentroidY: 0.3917
