Location: Kurtxevani_1794_page_10.png_Mean-Medain.png
Component: component_1755610054600_461.png
centerX: 0.2799532437171245
centerY: 0.08065226972234464
width: 0.012857977790765635
height: 0.010136624063464082
Area: 8.268381887967805e-05
CentroidX: 0.2869
CentroidY: 0.0848
