Location: internet_9.png_Otsu.png
Component: component_1755092072159_42.png
centerX: 0.7710600564288593
centerY: 0.08297690333618478
width: 0.02539298669891173
height: 0.02623324779013402
Area: 0.0002822707208373602
CentroidX: 0.7849
CentroidY: 0.0932
