Location: internet_9.png_Gaussian-Closing.png
Component: component_1755092072582_331.png
centerX: 0.8061265618702136
centerY: 0.8300541773595665
width: 0.032245062474808545
height: 0.027088679783290562
Area: 0.0003926045530864913
CentroidX: 0.8258
CentroidY: 0.8442
