Location: Dedata_4.png_Gaussian-Median.png
Component: component_1755523236239_248.png
centerX: 0.1596774193548387
centerY: 0.3787403818751781
width: 0.04516129032258064
height: 0.017098888572242805
Area: 0.0003141690951378483
CentroidX: 0.1854
CentroidY: 0.3850
