Location: Dedata_4.png_Gaussian-Median.png
Component: component_1755523236229_203.png
centerX: 0.13911290322580644
centerY: 0.31062980906241094
width: 0.031048387096774193
height: 0.016813907096038756
Area: 0.00022591676702304672
CentroidX: 0.1567
CentroidY: 0.3165
