Location: Samociqulo_1709_page_10.png_Gaussian-Median.png
Component: component_1755610056306_3389.png
centerX: 0.4810810810810811
centerY: 0.833125
width: 0.016216216216216217
height: 0.0096875
Area: 9.229115479115479e-05
CentroidX: 0.4895
CentroidY: 0.8372
