Location: internet_9.png_Gaussian-Median.png
Component: component_1755092071709_272.png
centerX: 0.6283756549778315
centerY: 0.5246649558026804
width: 0.02418379685610641
height: 0.026518391787852865
Area: 0.000265375852774212
CentroidX: 0.6437
CentroidY: 0.5371
