Location: internet_9.png_Gaussian-Closing.png
Component: component_1755092072462_90.png
centerX: 0.8690044336960903
centerY: 0.1964642144282863
width: 0.028617492946392584
height: 0.024522383803820928
Area: 0.00030180900363147717
CentroidX: 0.8849
CentroidY: 0.2083
