Location: internet_9.png_Otsu.png
Component: component_1755092072154_24.png
centerX: 0.42724707779121324
centerY: 0.04647847162817223
width: 0.030229746070133012
height: 0.026518391787852865
Area: 0.00034755157158476274
CentroidX: 0.4432
CentroidY: 0.0578
