Location: Dedata_4.png_Gaussian-Closing.png
Component: component_1755523235841_52.png
centerX: 0.5346774193548387
centerY: 0.07808492447990881
width: 0.022983870967741935
height: 0.019948703334283273
Area: 0.00023051324244569265
CentroidX: 0.5476
CentroidY: 0.0864
