Location: Dedata_4.png_Gaussian-Median.png
Component: component_1755523236205_102.png
centerX: 0.3987903225806452
centerY: 0.15161014534055287
width: 0.024596774193548387
height: 0.01937874038187518
Area: 0.00021729837560558563
CentroidX: 0.4138
CentroidY: 0.1589
