Location: Dedata_4.png_Mean-Medain.png
Component: component_1755523235532_8.png
centerX: 0.7564516129032258
centerY: 0.005984611000284981
width: 0.022983870967741935
height: 0.021373610715303505
Area: 0.00023579918918173543
CentroidX: 0.7696
CentroidY: 0.0141
