Location: Kurtxevani_1794_page_10.png_Mean-Medain.png
Component: component_1755610054608_547.png
centerX: 0.7510227936879018
centerY: 0.10577346848832085
width: 0.011104617182933957
height: 0.009695901278096077
Area: 6.388033358928397e-05
CentroidX: 0.7570
CentroidY: 0.1097
