Location: internet_9.png_Mean-Closing.png
Component: component_1755092071813_88.png
centerX: 0.8694074969770254
centerY: 0.1964642144282863
width: 0.028214429665457477
height: 0.024522383803820928
Area: 0.0003173246987915112
CentroidX: 0.8849
CentroidY: 0.2082
