Location: internet_9.png_Gaussian-Closing.png
Component: component_1755092072537_149.png
centerX: 0.7311567916162838
centerY: 0.3253493013972056
width: 0.03506650544135429
height: 0.024522383803820928
Area: 0.00035847002373441634
CentroidX: 0.7526
CentroidY: 0.3366
