Location: internet_9.png_Otsu.png
Component: component_1755092072173_364.png
centerX: 0.4623135832325675
centerY: 0.22725976618192187
width: 0.029423619508262798
height: 0.026803535785571715
Area: 0.0003016940725562177
CentroidX: 0.4791
CentroidY: 0.2383
