Location: Dedata_4.png_Gaussian-Median.png
Component: component_1755523236233_216.png
centerX: 0.5665322580645161
centerY: 0.3265887717298376
width: 0.03508064516129032
height: 0.015104018238814477
Area: 0.00023315621581371406
CentroidX: 0.5873
CentroidY: 0.3315
