Location: Dedata_4.png_Gaussian-Median.png
Component: component_1755523236241_256.png
centerX: 0.8483870967741935
centerY: 0.3884297520661157
width: 0.022983870967741935
height: 0.015388999715018524
Area: 0.00019741861940264206
CentroidX: 0.8603
CentroidY: 0.3941
