Location: internet_9.png_Gaussian-Median.png
Component: component_1755092071711_280.png
centerX: 0.40024183796856105
centerY: 0.5437696036498432
width: 0.024586860137041516
height: 0.02594810379241517
Area: 0.000304912142663484
CentroidX: 0.4151
CentroidY: 0.5558
