Location: internet_9.png_Otsu.png
Component: component_1755092072157_39.png
centerX: 0.6086255542120113
centerY: 0.08041060735671514
width: 0.022974607013301087
height: 0.022241231822070145
Area: 0.00025123933051729214
CentroidX: 0.6219
CentroidY: 0.0895
