Location: Dedata_4.png_Otsu.png
Component: component_1755523236080_324.png
centerX: 0.7520161290322581
centerY: 0.4286121402108863
width: 0.027822580645161292
height: 0.01652892561983471
Area: 0.0001955800292335837
CentroidX: 0.7670
CentroidY: 0.4343
