Location: internet_9.png_Gaussian-Median.png
Component: component_1755092071684_163.png
centerX: 0.22370012091898428
centerY: 0.2788708297690334
width: 0.03184199919387344
height: 0.028514399771884802
Area: 0.0003928344152370103
CentroidX: 0.2436
CentroidY: 0.2934
