Location: Dedata_4.png_Gaussian-Median.png
Component: component_1755523236239_243.png
centerX: 0.4467741935483871
centerY: 0.3684810487318324
width: 0.02903225806451613
height: 0.017953833000854943
Area: 0.00024280881420127046
CentroidX: 0.4626
CentroidY: 0.3750
