Location: internet_9.png_Mean-Closing.png
Component: component_1755092072078_330.png
centerX: 0.18782748891575976
centerY: 0.8380382092956943
width: 0.02902055622732769
height: 0.02623324779013402
Area: 0.0003522637456704027
CentroidX: 0.2050
CentroidY: 0.8501
