Location: internet_9.png_Otsu.png
Component: component_1755092072218_1026.png
centerX: 0.6549778315195486
centerY: 0.72027373823781
width: 0.028214429665457477
height: 0.02765896777872826
Area: 0.00034732170943424376
CentroidX: 0.6723
CentroidY: 0.7326
