Location: Dedata_4.png_Gaussian-Closing.png
Component: component_1755523235857_91.png
centerX: 0.04596774193548387
centerY: 0.13935594186377886
width: 0.021774193548387097
height: 0.015104018238814477
Area: 0.0001711037976079942
CentroidX: 0.0585
CentroidY: 0.1449
