Location: internet_9.png_Gaussian-Median.png
Component: component_1755092071718_317.png
centerX: 0.841596130592503
centerY: 0.6455660108354719
width: 0.029826682789197905
height: 0.02594810379241517
Area: 0.0003546772982508525
CentroidX: 0.8590
CentroidY: 0.6569
