Location: internet_9.png_Mean-Closing.png
Component: component_1755092072060_274.png
centerX: 0.47803305118903666
centerY: 0.6575420587396635
width: 0.028214429665457477
height: 0.02594810379241517
Area: 0.0003872027925492942
CentroidX: 0.4952
CentroidY: 0.6693
