Location: Dedata_4.png_Gaussian-Median.png
Component: component_1755523236205_101.png
centerX: 0.49838709677419357
centerY: 0.14904531205471644
width: 0.02217741935483871
height: 0.019663721858079224
Area: 0.00019649932431811288
CentroidX: 0.5104
CentroidY: 0.1566
