Location: Dedata_4.png_Gaussian-Closing.png
Component: component_1755523235923_241.png
centerX: 0.4032258064516129
centerY: 0.3707609005414648
width: 0.03024193548387097
height: 0.016813907096038756
Area: 0.00023683339615183078
CentroidX: 0.4200
CentroidY: 0.3768
