Location: Dedata_4.png_Mean-Medain.png
Component: component_1755523235544_60.png
centerX: 0.1875
centerY: 0.08862923909945854
width: 0.02258064516129032
height: 0.01567398119122257
Area: 0.00020224491859642025
CentroidX: 0.2005
CentroidY: 0.0946
