Location: internet_9.png_Mean-Closing.png
Component: component_1755092071830_153.png
centerX: 0.9600967351874244
centerY: 0.3418876532648988
width: 0.02418379685610641
height: 0.029654975762760195
Area: 0.00031847400954410635
CentroidX: 0.9753
CentroidY: 0.3563
