Location: internet_9.png_Gaussian-Closing.png
Component: component_1755092072556_214.png
centerX: 0.5804111245465539
centerY: 0.48502994011976047
width: 0.032648125755743655
height: 0.02480752780153978
Area: 0.0003310014967473931
CentroidX: 0.5984
CentroidY: 0.4972
