Location: internet_9.png_Otsu.png
Component: component_1755092072196_532.png
centerX: 0.015316404675534058
centerY: 0.43741089250071286
width: 0.026199113260781944
height: 0.027944111776447105
Area: 0.00034410363932697743
CentroidX: 0.0304
CentroidY: 0.4502
