Location: Dedata_4.png_Mean-Medain.png
Component: component_1755523235531_5.png
centerX: 0.48266129032258065
centerY: 0.005414648047876888
width: 0.025806451612903226
height: 0.018523795953263037
Area: 0.00023947636951985219
CentroidX: 0.4971
CentroidY: 0.0122
