Location: internet_9.png_Otsu.png
Component: component_1755092072197_580.png
centerX: 0.9560661023780733
centerY: 0.45879669232962644
width: 0.024586860137041516
height: 0.026803535785571715
Area: 0.00023882677438926488
CentroidX: 0.9708
CentroidY: 0.4713
