Location: internet_9.png_Mean-Closing.png
Component: component_1755092072060_273.png
centerX: 0.4397420395002015
centerY: 0.6572569147419447
width: 0.02539298669891173
height: 0.02879954376960365
Area: 0.0003526085388961813
CentroidX: 0.4551
CentroidY: 0.6700
