Location: internet_9.png_Gaussian-Closing.png
Component: component_1755092072369_71.png
centerX: 0.8996372430471584
centerY: 0.15597376675220986
width: 0.027005239822652155
height: 0.023381807812945538
Area: 0.0002551469870761155
CentroidX: 0.9152
CentroidY: 0.1656
