Location: internet_9.png_Gaussian-Closing.png
Component: component_1755092072548_183.png
centerX: 0.40024183796856105
centerY: 0.3980610208155118
width: 0.027408303103587262
height: 0.025377815796977475
Area: 0.0003169799055657327
CentroidX: 0.4174
CentroidY: 0.4107
