Location: Dedata_4.png_Otsu.png
Component: component_1755523236052_186.png
centerX: 0.09475806451612903
centerY: 0.23681960672556285
width: 0.025
height: 0.023083499572527786
Area: 0.00023556936541060315
CentroidX: 0.1099
CentroidY: 0.2450
