Location: internet_9.png_Mean-Closing.png
Component: component_1755092071844_190.png
centerX: 0.4989923417976622
centerY: 0.42885657256914744
width: 0.02418379685610641
height: 0.02765896777872826
Area: 0.0003239907011565629
CentroidX: 0.5143
CentroidY: 0.4422
