Location: internet_9.png_Mean-Closing.png
Component: component_1755092071855_197.png
centerX: 0.9560661023780733
centerY: 0.45879669232962644
width: 0.024989923417976623
height: 0.026803535785571715
Area: 0.0003092795235233454
CentroidX: 0.9710
CentroidY: 0.4714
