Location: internet_9.png_Gaussian-Closing.png
Component: component_1755092072308_38.png
centerX: 0.8806932688432084
centerY: 0.07755916737952666
width: 0.0237807335751713
height: 0.02737382378100941
Area: 0.0003022687279325152
CentroidX: 0.8935
CentroidY: 0.0899
