Location: internet_9.png_Otsu.png
Component: component_1755092072197_565.png
centerX: 0.294236195082628
centerY: 0.4516680923866553
width: 0.03345425231761386
height: 0.025377815796977475
Area: 0.00026916857825777594
CentroidX: 0.3139
CentroidY: 0.4643
