Location: internet_9.png_Mean-Closing.png
Component: component_1755092071796_19.png
centerX: 0.7855703345425232
centerY: 0.04134587966923296
width: 0.03184199919387344
height: 0.03507271171941831
Area: 0.00045455240265136797
CentroidX: 0.8029
CentroidY: 0.0567
