Location: Dedata_4.png_Otsu.png
Component: component_1755523236059_224.png
centerX: 0.4112903225806452
centerY: 0.2958107722998005
width: 0.025806451612903226
height: 0.018238814477058992
Area: 0.00018064148410998446
CentroidX: 0.4257
CentroidY: 0.3021
