Location: Dedata_4.png_Mean-Medain.png
Component: component_1755523235560_140.png
centerX: 0.6479838709677419
centerY: 0.2066115702479339
width: 0.021774193548387097
height: 0.01937874038187518
Area: 0.00020546245139227242
CentroidX: 0.6599
CentroidY: 0.2142
