Location: Dedata_4.png_Mean-Medain.png
Component: component_1755523235557_128.png
centerX: 0.17379032258064517
centerY: 0.1926474779139356
width: 0.02338709677419355
height: 0.019948703334283273
Area: 0.00022695097399314207
CentroidX: 0.1877
CentroidY: 0.2003
