Location: Dedata_4.png_Gaussian-Closing.png
Component: component_1755523235910_223.png
centerX: 0.9693548387096774
centerY: 0.34796238244514105
width: 0.018145161290322582
height: 0.017953833000854943
Area: 0.0001843186644481012
CentroidX: 0.9778
CentroidY: 0.3559
