Location: internet_9.png_Gaussian-Closing.png
Component: component_1755092072576_297.png
centerX: 0.6025796049979847
centerY: 0.720558882235529
width: 0.028617492946392584
height: 0.02594810379241517
Area: 0.00036053878308908754
CentroidX: 0.6205
CentroidY: 0.7327
