Location: internet_9.png_Gaussian-Closing.png
Component: component_1755092072528_130.png
centerX: 0.7964530431277711
centerY: 0.27944111776447106
width: 0.026199113260781944
height: 0.028229255774165955
Area: 0.0003208875621245561
CentroidX: 0.8113
CentroidY: 0.2923
