Location: internet_9.png_Mean-Closing.png
Component: component_1755092072078_331.png
centerX: 0.39177750906892383
centerY: 0.8377530652979754
width: 0.036275695284159616
height: 0.027944111776447105
Area: 0.0004611034739411601
CentroidX: 0.4117
CentroidY: 0.8514
