Location: Dedata_4.png_Otsu.png
Component: component_1755523236018_10.png
centerX: 0.8955645161290322
centerY: 0.007409518381305215
width: 0.02338709677419355
height: 0.02108862923909946
Area: 0.00019718879563150976
CentroidX: 0.9086
CentroidY: 0.0155
