Location: Dedata_4.png_Mean-Medain.png
Component: component_1755523235581_229.png
centerX: 0.050806451612903224
centerY: 0.3525220860644058
width: 0.027419354838709678
height: 0.017098888572242805
Area: 0.00022086064405813622
CentroidX: 0.0663
CentroidY: 0.3588
