Location: Dedata_4.png_Gaussian-Closing.png
Component: component_1755523235856_89.png
centerX: 0.7834677419354839
centerY: 0.13764605300655458
width: 0.02379032258064516
height: 0.017953833000854943
Area: 0.00020557736327783856
CentroidX: 0.7968
CentroidY: 0.1441
