Location: Dedata_4.png_Gaussian-Median.png
Component: component_1755523236212_137.png
centerX: 0.0846774193548387
centerY: 0.2006269592476489
width: 0.024193548387096774
height: 0.017098888572242805
Area: 0.00020913963173038914
CentroidX: 0.0992
CentroidY: 0.2073
