Location: Dedata_4.png_Mean-Medain.png
Component: component_1755523235600_312.png
centerX: 0.2838709677419355
centerY: 0.49957252778569394
width: 0.027419354838709678
height: 0.016813907096038756
Area: 0.00025315088390222377
CentroidX: 0.2982
CentroidY: 0.5062
