Location: internet_9.png_Otsu.png
Component: component_1755092072197_586.png
centerX: 0.24103184199919386
centerY: 0.4619332763045338
width: 0.032245062474808545
height: 0.02423723980610208
Area: 0.00028824713675085483
CentroidX: 0.2588
CentroidY: 0.4725
