Location: internet_9.png_Mean-Closing.png
Component: component_1755092071823_126.png
centerX: 0.22370012091898428
centerY: 0.2791559737667522
width: 0.032245062474808545
height: 0.027944111776447105
Area: 0.0004099591454506775
CentroidX: 0.2436
CentroidY: 0.2933
