Location: Dedata_4.png_Otsu.png
Component: component_1755523236048_165.png
centerX: 0.7649193548387097
centerY: 0.20205186662866914
width: 0.02217741935483871
height: 0.019663721858079224
Area: 0.00020580718704897084
CentroidX: 0.7777
CentroidY: 0.2093
