Location: Dedata_4.png_Otsu.png
Component: component_1755523236095_411.png
centerX: 0.05604838709677419
centerY: 0.5537190082644629
width: 0.02379032258064516
height: 0.016813907096038756
Area: 0.00018374410502027046
CentroidX: 0.0690
CentroidY: 0.5597
