Location: Dedata_4.png_Gaussian-Median.png
Component: component_1755523236252_306.png
centerX: 0.7205645161290323
centerY: 0.47335423197492166
width: 0.02217741935483871
height: 0.01937874038187518
Area: 0.000209024719844823
CentroidX: 0.7319
CentroidY: 0.4809
