Location: Dedata_4.png_Gaussian-Median.png
Component: component_1755523236210_128.png
centerX: 0.3133064516129032
centerY: 0.1878027928184668
width: 0.02217741935483871
height: 0.022228555143915644
Area: 0.00023407551089824324
CentroidX: 0.3257
CentroidY: 0.1961
