Location: internet_9.png_Otsu.png
Component: component_1755092072178_410.png
centerX: 0.9371221281741233
centerY: 0.2711719418306245
width: 0.03143893591293833
height: 0.027944111776447105
Area: 0.00032077263104929657
CentroidX: 0.9547
CentroidY: 0.2837
