Location: internet_9.png_Gaussian-Closing.png
Component: component_1755092072545_172.png
centerX: 0.22087867795243854
centerY: 0.3741089250071286
width: 0.029423619508262798
height: 0.025377815796977475
Area: 0.00033215080749998823
CentroidX: 0.2377
CentroidY: 0.3848
