Location: Dedata_4.png_Otsu.png
Component: component_1755523236060_232.png
centerX: 0.13911290322580644
centerY: 0.310914790538615
width: 0.03064516129032258
height: 0.01567398119122257
Area: 0.0001898344349552763
CentroidX: 0.1569
CentroidY: 0.3162
