Location: internet_9.png_Otsu.png
Component: component_1755092072160_43.png
centerX: 0.365981459089077
centerY: 0.08411747932706017
width: 0.03466344216041919
height: 0.03307670373538637
Area: 0.00040628135104237316
CentroidX: 0.3844
CentroidY: 0.0976
