Location: internet_9.png_Gaussian-Median.png
Component: component_1755092071691_197.png
centerX: 0.5199516324062878
centerY: 0.34844596521243226
width: 0.02418379685610641
height: 0.028229255774165955
Area: 0.0003187038716946254
CentroidX: 0.5349
CentroidY: 0.3615
