Location: internet_9.png_Otsu.png
Component: component_1755092072208_863.png
centerX: 0.5582426440951229
centerY: 0.58169375534645
width: 0.027005239822652155
height: 0.02737382378100941
Area: 0.00019388872396279588
CentroidX: 0.5747
CentroidY: 0.5942
