Location: Dedata_4.png_Otsu.png
Component: component_1755523236101_441.png
centerX: 0.28830645161290325
centerY: 0.5862068965517241
width: 0.028629032258064516
height: 0.020233684810487318
Area: 0.0001933967034078269
CentroidX: 0.3031
CentroidY: 0.5926
