Location: Dedata_4.png_Gaussian-Closing.png
Component: component_1755523235853_79.png
centerX: 0.3435483870967742
centerY: 0.121972071815332
width: 0.021774193548387097
height: 0.02080364776289541
Area: 0.00020822033664585996
CentroidX: 0.3557
CentroidY: 0.1297
