Location: Dedata_4.png_Mean-Medain.png
Component: component_1755523235559_134.png
centerX: 0.0846774193548387
centerY: 0.20034197777144486
width: 0.024596774193548387
height: 0.01738387004844685
Area: 0.00021971152520247473
CentroidX: 0.0992
CentroidY: 0.2073
