Location: Dedata_4.png_Mean-Medain.png
Component: component_1755523235534_17.png
centerX: 0.2625
centerY: 0.009404388714733543
width: 0.022983870967741935
height: 0.025648332858364205
Area: 0.00027831658684121014
CentroidX: 0.2743
CentroidY: 0.0188
