Location: internet_9.png_Gaussian-Median.png
Component: component_1755092071696_221.png
centerX: 0.39983877468762596
centerY: 0.3980610208155118
width: 0.02781136638452237
height: 0.025377815796977475
Area: 0.00031675004341521367
CentroidX: 0.4174
CentroidY: 0.4107
