Location: internet_9.png_Gaussian-Median.png
Component: component_1755092071675_107.png
centerX: 0.5675130995566304
centerY: 0.17336755061305958
width: 0.027408303103587262
height: 0.021956087824351298
Area: 0.00030249859008303425
CentroidX: 0.5812
CentroidY: 0.1820
