Location: internet_9.png_Gaussian-Median.png
Component: component_1755092071687_177.png
centerX: 0.8395808141878275
centerY: 0.3119475335044197
width: 0.03184199919387344
height: 0.029940119760479042
Area: 0.0003901910005060415
CentroidX: 0.8595
CentroidY: 0.3258
