Location: Dedata_4.png_Gaussian-Median.png
Component: component_1755523236238_241.png
centerX: 0.5770161290322581
centerY: 0.36449130806497576
width: 0.024193548387096774
height: 0.019663721858079224
Area: 0.00023694830803739692
CentroidX: 0.5888
CentroidY: 0.3718
