Location: internet_9.png_Gaussian-Closing.png
Component: component_1755092072542_166.png
centerX: 0.7239016525594518
centerY: 0.3609923011120616
width: 0.02418379685610641
height: 0.029654975762760195
Area: 0.0003060614534160791
CentroidX: 0.7386
CentroidY: 0.3747
