Location: Dedata_4.png_Gaussian-Median.png
Component: component_1755523236211_130.png
centerX: 0.26895161290322583
centerY: 0.19008264462809918
width: 0.025806451612903226
height: 0.01937874038187518
Area: 0.00022855974039106812
CentroidX: 0.2841
CentroidY: 0.1974
