Location: internet_9.png_Gaussian-Closing.png
Component: component_1755092072578_309.png
centerX: 0.8734381297863765
centerY: 0.7750213857998289
width: 0.031035872632003223
height: 0.028514399771884802
Area: 0.00037547982287282404
CentroidX: 0.8922
CentroidY: 0.7881
