Location: internet_9.png_Gaussian-Closing.png
Component: component_1755092072462_88.png
centerX: 0.9153567110036276
centerY: 0.19446820644425436
width: 0.024989923417976623
height: 0.025092671799258625
Area: 0.00030881979922230737
CentroidX: 0.9299
CentroidY: 0.2063
