Location: Dedata_4.png_Gaussian-Closing.png
Component: component_1755523235854_84.png
centerX: 0.9153225806451613
centerY: 0.13166144200626959
width: 0.020967741935483872
height: 0.022798518096323737
Area: 0.0002114378694417121
CentroidX: 0.9267
CentroidY: 0.1402
