Location: internet_9.png_Gaussian-Closing.png
Component: component_1755092072576_302.png
centerX: 0.3788794840790004
centerY: 0.7293983461648132
width: 0.026602176541717048
height: 0.02623324779013402
Area: 0.0003416900867465277
CentroidX: 0.3953
CentroidY: 0.7413
