Location: internet_9.png_Mean-Closing.png
Component: component_1755092071842_187.png
centerX: 0.5989520354695688
centerY: 0.41659538066723695
width: 0.024586860137041516
height: 0.02566295979469632
Area: 0.0003073256952439337
CentroidX: 0.6134
CentroidY: 0.4284
