Location: Dedata_4.png_Gaussian-Closing.png
Component: component_1755523235919_232.png
centerX: 0.010887096774193548
centerY: 0.3559418637788544
width: 0.025403225806451612
height: 0.015958962667426618
Area: 0.0001948905579201868
CentroidX: 0.0260
CentroidY: 0.3618
