Location: Dedata_4.png_Mean-Medain.png
Component: component_1755523235561_141.png
centerX: 0.010080645161290322
centerY: 0.20889142205756625
width: 0.018951612903225806
height: 0.020518666286691366
Area: 0.00021155278132727824
CentroidX: 0.0214
CentroidY: 0.2171
