Location: internet_9.png_Gaussian-Closing.png
Component: component_1755092072569_266.png
centerX: 0.17049576783555018
centerY: 0.611633875106929
width: 0.024989923417976623
height: 0.02566295979469632
Area: 0.0002518139858935897
CentroidX: 0.1864
CentroidY: 0.6239
