Location: Dedata_4.png_Gaussian-Closing.png
Component: component_1755523235964_372.png
centerX: 0.8274193548387097
centerY: 0.6004559703619264
width: 0.03185483870967742
height: 0.01652892561983471
Area: 0.0002624587466330818
CentroidX: 0.8442
CentroidY: 0.6061
