Location: Dedata_4.png_Otsu.png
Component: component_1755523236072_282.png
centerX: 0.4036290322580645
centerY: 0.37104588201766886
width: 0.02943548387096774
height: 0.015958962667426618
Area: 0.00019718879563150976
CentroidX: 0.4204
CentroidY: 0.3763
