Location: Dedata_4.png_Otsu.png
Component: component_1755523236073_288.png
centerX: 0.9673387096774193
centerY: 0.3821601595896267
width: 0.017741935483870968
height: 0.018808777429467086
Area: 0.00017294238777705256
CentroidX: 0.9764
CentroidY: 0.3901
