Location: Dedata_4.png_Otsu.png
Component: component_1755523236038_127.png
centerX: 0.45241935483870965
centerY: 0.14933029353092048
width: 0.024193548387096774
height: 0.01738387004844685
Area: 0.0001819055148512121
CentroidX: 0.4669
CentroidY: 0.1555
