Location: Dedata_4.png_Gaussian-Median.png
Component: component_1755523236255_318.png
centerX: 0.9379032258064516
centerY: 0.5064120832145911
width: 0.02620967741935484
height: 0.01937874038187518
Area: 0.000238557074435323
CentroidX: 0.9520
CentroidY: 0.5138
