Location: Dedata_4.png_Gaussian-Closing.png
Component: component_1755523235965_375.png
centerX: 0.6951612903225807
centerY: 0.609575377600456
width: 0.027016129032258064
height: 0.01937874038187518
Area: 0.0002690087241103522
CentroidX: 0.7083
CentroidY: 0.6172
