Location: Dedata_4.png_Otsu.png
Component: component_1755523236059_223.png
centerX: 0.4592741935483871
centerY: 0.29410088344257623
width: 0.024596774193548387
height: 0.01652892561983471
Area: 0.00016328978938949613
CentroidX: 0.4731
CentroidY: 0.3000
