Location: Dedata_4.png_Gaussian-Median.png
Component: component_1755523236183_28.png
centerX: 0.6266129032258064
centerY: 0.039042462239954404
width: 0.025403225806451612
height: 0.016813907096038756
Area: 0.00021787293503341637
CentroidX: 0.6397
CentroidY: 0.0451
