Location: internet_9.png_Mean-Closing.png
Component: component_1755092072031_260.png
centerX: 0.1700927045546151
centerY: 0.611633875106929
width: 0.025796049979846837
height: 0.02566295979469632
Area: 0.00027054775116089005
CentroidX: 0.1862
CentroidY: 0.6239
