Location: internet_9.png_Gaussian-Median.png
Component: component_1755092071702_250.png
centerX: 0.07053607416364369
centerY: 0.47704590818363274
width: 0.02902055622732769
height: 0.029369831765041345
Area: 0.0003590446791107139
CentroidX: 0.0876
CentroidY: 0.4900
