Location: Dedata_4.png_Gaussian-Median.png
Component: component_1755523236195_65.png
centerX: 0.007258064516129033
centerY: 0.0994585351952123
width: 0.021370967741935483
height: 0.021373610715303505
Area: 0.00023143253753022183
CentroidX: 0.0199
CentroidY: 0.1078
