Location: Dedata_4.png_Gaussian-Median.png
Component: component_1755523236192_53.png
centerX: 0.5346774193548387
centerY: 0.07808492447990881
width: 0.02338709677419355
height: 0.019948703334283273
Area: 0.00023108780187352338
CentroidX: 0.5476
CentroidY: 0.0864
