Location: internet_9.png_Gaussian-Median.png
Component: component_1755092071722_336.png
centerX: 0.8750503829101169
centerY: 0.71285999429712
width: 0.030229746070133012
height: 0.025377815796977475
Area: 0.00034743664050950325
CentroidX: 0.8925
CentroidY: 0.7251
