Location: internet_9.png_Gaussian-Median.png
Component: component_1755092071681_144.png
centerX: 0.22128174123337363
centerY: 0.24322783005417736
width: 0.020959290608625555
height: 0.027088679783290562
Area: 0.00030721076416867423
CentroidX: 0.2326
CentroidY: 0.2547
