Location: internet_9.png_Otsu.png
Component: component_1755092072192_502.png
centerX: 0.7609834744054816
centerY: 0.4031936127744511
width: 0.024989923417976623
height: 0.02281151981750784
Area: 0.0002439986727759429
CentroidX: 0.7760
CentroidY: 0.4146
