Location: Dedata_4.png_Gaussian-Closing.png
Component: component_1755523235866_124.png
centerX: 0.41008064516129034
centerY: 0.18267312624679397
width: 0.022983870967741935
height: 0.021658592191507554
Area: 0.00023717813180852923
CentroidX: 0.4232
CentroidY: 0.1911
