Location: Dedata_4.png_Gaussian-Closing.png
Component: component_1755523235830_35.png
centerX: 0.43266129032258066
centerY: 0.04588201766885153
width: 0.02620967741935484
height: 0.019948703334283273
Area: 0.00024269390231570432
CentroidX: 0.4468
CentroidY: 0.0530
