Location: Dedata_4.png_Otsu.png
Component: component_1755523236045_153.png
centerX: 0.36008064516129035
centerY: 0.18580792248503847
width: 0.024193548387096774
height: 0.021373610715303505
Area: 0.00022649132645087748
CentroidX: 0.3736
CentroidY: 0.1933
