Location: internet_9.png_Mean-Closing.png
Component: component_1755092072075_318.png
centerX: 0.3611446997178557
centerY: 0.789848873681209
width: 0.028214429665457477
height: 0.02737382378100941
Area: 0.0003791576172811284
CentroidX: 0.3780
CentroidY: 0.8020
