Location: internet_9.png_Mean-Closing.png
Component: component_1755092071947_228.png
centerX: 0.6287787182587666
centerY: 0.5246649558026804
width: 0.023377670294236194
height: 0.026518391787852865
Area: 0.00028020196148268903
CentroidX: 0.6437
CentroidY: 0.5371
