Location: Dedata_4.png_Gaussian-Closing.png
Component: component_1755523235928_249.png
centerX: 0.018951612903225806
centerY: 0.3833000854944429
width: 0.027822580645161292
height: 0.024793388429752067
Area: 0.00028957795162669266
CentroidX: 0.0337
CentroidY: 0.3929
