Location: Dedata_4.png_Otsu.png
Component: component_1755523236104_450.png
centerX: 0.09314516129032258
centerY: 0.5927614705044172
width: 0.02379032258064516
height: 0.019663721858079224
Area: 0.00019718879563150976
CentroidX: 0.1060
CentroidY: 0.6002
