Location: internet_9.png_Otsu.png
Component: component_1755092072191_488.png
centerX: 0.01652559451833938
centerY: 0.39349871685201027
width: 0.027408303103587262
height: 0.026803535785571715
Area: 0.00029583258771798257
CentroidX: 0.0326
CentroidY: 0.4059
