Location: Dedata_4.png_Mean-Medain.png
Component: component_1755523235538_32.png
centerX: 0.8491935483870968
centerY: 0.04189227700199487
width: 0.025806451612903226
height: 0.020233684810487318
Area: 0.0002431535498579689
CentroidX: 0.8625
CentroidY: 0.0499
