Location: internet_9.png_Otsu.png
Component: component_1755092072212_999.png
centerX: 0.9427650141072148
centerY: 0.6421442828628457
width: 0.027408303103587262
height: 0.03136583974907328
Area: 0.000394558381365903
CentroidX: 0.9594
CentroidY: 0.6554
