Location: Dedata_4.png_Gaussian-Closing.png
Component: component_1755523235961_363.png
centerX: 0.20927419354838708
centerY: 0.5901966372185808
width: 0.028225806451612902
height: 0.018523795953263037
Area: 0.00024234916665900587
CentroidX: 0.2249
CentroidY: 0.5974
