Location: internet_9.png_Gaussian-Median.png
Component: component_1755092071686_175.png
centerX: 0.40185409109230147
centerY: 0.3093812375249501
width: 0.028617492946392584
height: 0.027944111776447105
Area: 0.0003792725483563879
CentroidX: 0.4186
CentroidY: 0.3228
