Location: Dedata_4.png_Otsu.png
Component: component_1755523236017_5.png
centerX: 0.4830645161290323
centerY: 0.005984611000284981
width: 0.025
height: 0.0176688515246509
Area: 0.00019052390626867318
CentroidX: 0.4968
CentroidY: 0.0121
