Location: Dedata_4.png_Otsu.png
Component: component_1755523236096_417.png
centerX: 0.8032258064516129
centerY: 0.5582787118837276
width: 0.025403225806451612
height: 0.015958962667426618
Area: 0.0001776537750852646
CentroidX: 0.8166
CentroidY: 0.5646
