Location: Dedata_4.png_Mean-Medain.png
Component: component_1755523235545_64.png
centerX: 0.04798387096774193
centerY: 0.1005984611000285
width: 0.01975806451612903
height: 0.023083499572527786
Area: 0.0002414298715744767
CentroidX: 0.0595
CentroidY: 0.1100
