Location: internet_9.png_Gaussian-Closing.png
Component: component_1755092072567_253.png
centerX: 0.60378879484079
centerY: 0.5777017393783861
width: 0.031035872632003223
height: 0.026803535785571715
Area: 0.0002913502757828616
CentroidX: 0.6239
CentroidY: 0.5902
