Location: internet_9.png_Otsu.png
Component: component_1755092072183_454.png
centerX: 0.7311567916162838
centerY: 0.3253493013972056
width: 0.03466344216041919
height: 0.024522383803820928
Area: 0.00033973625846711597
CentroidX: 0.7526
CentroidY: 0.3364
