Location: Dedata_4.png_Gaussian-Median.png
Component: component_1755523236244_271.png
centerX: 0.25
centerY: 0.41749786263892846
width: 0.02620967741935484
height: 0.018238814477058992
Area: 0.00022051590840143777
CentroidX: 0.2646
CentroidY: 0.4241
