Location: internet_9.png_Gaussian-Median.png
Component: component_1755092071694_211.png
centerX: 0.11487303506650544
centerY: 0.38038209295694325
width: 0.026602176541717048
height: 0.031080695751354435
Area: 0.0003336449114783619
CentroidX: 0.1313
CentroidY: 0.3943
