Location: internet_9.png_Gaussian-Median.png
Component: component_1755092071670_70.png
centerX: 0.645304312777106
centerY: 0.11690903906472769
width: 0.03305118903667876
height: 0.025092671799258625
Area: 0.00035272346997144077
CentroidX: 0.6643
CentroidY: 0.1283
