Location: Dedata_4.png_Otsu.png
Component: component_1755523236045_155.png
centerX: 0.22298387096774194
centerY: 0.19036762610430322
width: 0.024596774193548387
height: 0.02080364776289541
Area: 0.00022212467479936385
CentroidX: 0.2376
CentroidY: 0.1978
