Location: Dedata_4.png_Otsu.png
Component: component_1755523236091_388.png
centerX: 0.7689516129032258
centerY: 0.5158164719293246
width: 0.024596774193548387
height: 0.019948703334283273
Area: 0.0002193667895457763
CentroidX: 0.7812
CentroidY: 0.5233
