Location: Dedata_4.png_Mean-Medain.png
Component: component_1755523235605_334.png
centerX: 0.3125
centerY: 0.5388999715018524
width: 0.02903225806451613
height: 0.021373610715303505
Area: 0.0002880840971143327
CentroidX: 0.3283
CentroidY: 0.5461
