Location: Dedata_4.png_Gaussian-Median.png
Component: component_1755523236233_218.png
centerX: 0.5233870967741936
centerY: 0.3302935309204902
width: 0.025
height: 0.016813907096038756
Area: 0.00020741595344689692
CentroidX: 0.5376
CentroidY: 0.3367
