Location: internet_9.png_Gaussian-Closing.png
Component: component_1755092072542_165.png
centerX: 0.3970173317210802
centerY: 0.36127744510978044
width: 0.030229746070133012
height: 0.03022526375819789
Area: 0.0003781232376037928
CentroidX: 0.4153
CentroidY: 0.3755
