Location: Dedata_4.png_Gaussian-Closing.png
Component: component_1755523235898_197.png
centerX: 0.27056451612903226
centerY: 0.30094043887147337
width: 0.029838709677419355
height: 0.01738387004844685
Area: 0.00023166236130135412
CentroidX: 0.2878
CentroidY: 0.3076
