Location: Dedata_4.png_Gaussian-Median.png
Component: component_1755523236249_289.png
centerX: 0.45120967741935486
centerY: 0.44599601025933316
width: 0.02903225806451613
height: 0.018808777429467086
Area: 0.00023717813180852923
CentroidX: 0.4657
CentroidY: 0.4527
