Location: Dedata_4.png_Mean-Medain.png
Component: component_1755523235552_98.png
centerX: 0.49838709677419357
centerY: 0.14904531205471644
width: 0.02217741935483871
height: 0.019663721858079224
Area: 0.0002037387731087802
CentroidX: 0.5104
CentroidY: 0.1565
