Location: internet_9.png_Mean-Closing.png
Component: component_1755092071805_50.png
centerX: 0.01128577186618299
centerY: 0.10122611919019105
width: 0.031035872632003223
height: 0.036783575705731396
Area: 0.0004922497953364877
CentroidX: 0.0291
CentroidY: 0.1173
