Location: Kurtxevani_1794_page_10.png_Mean-Medain.png
Component: component_1755610054808_752.png
centerX: 0.7849210987726476
centerY: 0.18201851035698546
width: 0.011689070718877849
height: 0.009695901278096077
Area: 7.289570324906196e-05
CentroidX: 0.7914
CentroidY: 0.1860
