Location: Dedata_4.png_Gaussian-Closing.png
Component: component_1755523235891_183.png
centerX: 0.8475806451612903
centerY: 0.27700199487033345
width: 0.02379032258064516
height: 0.01652892561983471
Area: 0.00021821767069011482
CentroidX: 0.8604
CentroidY: 0.2836
