Location: Dedata_4.png_Otsu.png
Component: component_1755523236091_385.png
centerX: 0.8129032258064516
centerY: 0.5143915645483044
width: 0.025403225806451612
height: 0.018523795953263037
Area: 0.00021925187766021014
CentroidX: 0.8262
CentroidY: 0.5212
