Location: Dedata_4.png_Otsu.png
Component: component_1755523236092_398.png
centerX: 0.5899193548387097
centerY: 0.5272157309774864
width: 0.025806451612903226
height: 0.015958962667426618
Area: 0.00019155811323876853
CentroidX: 0.6037
CentroidY: 0.5333
