Location: Dedata_4.png_Otsu.png
Component: component_1755523236076_305.png
centerX: 0.5379032258064517
centerY: 0.4012539184952978
width: 0.025
height: 0.01909375890567113
Area: 0.0002032791255665156
CentroidX: 0.5514
CentroidY: 0.4079
