Location: internet_9.png_Mean-Closing.png
Component: component_1755092071794_8.png
centerX: 0.36960902861749295
centerY: 0.007698887938408896
width: 0.029423619508262798
height: 0.03136583974907328
Area: 0.0004188088382456599
CentroidX: 0.3874
CentroidY: 0.0209
