Location: Dedata_4.png_Gaussian-Closing.png
Component: component_1755523235931_257.png
centerX: 0.6685483870967742
centerY: 0.3969791963522371
width: 0.02620967741935484
height: 0.02108862923909946
Area: 0.00024947370356410704
CentroidX: 0.6819
CentroidY: 0.4048
