Location: internet_9.png_Gaussian-Median.png
Component: component_1755092071721_333.png
centerX: 0.02015316404675534
centerY: 0.679213002566296
width: 0.028617492946392584
height: 0.028514399771884802
Area: 0.00037766351330275477
CentroidX: 0.0360
CentroidY: 0.6912
