Location: internet_9.png_Gaussian-Closing.png
Component: component_1755092072552_199.png
centerX: 0.34663442160419183
centerY: 0.446535500427716
width: 0.025796049979846837
height: 0.0290846877673225
Area: 0.00029617738094376113
CentroidX: 0.3630
CentroidY: 0.4599
