Location: Dedata_4.png_Otsu.png
Component: component_1755523236054_202.png
centerX: 0.36008064516129035
centerY: 0.2593331433456825
width: 0.022983870967741935
height: 0.017953833000854943
Area: 0.00018661690215942414
CentroidX: 0.3733
CentroidY: 0.2660
