Location: Dedata_4.png_Gaussian-Closing.png
Component: component_1755523235815_2.png
centerX: 0.5338709677419354
centerY: 0.004274722143060701
width: 0.024596774193548387
height: 0.0219435736677116
Area: 0.00025050791053420236
CentroidX: 0.5463
CentroidY: 0.0124
