Location: Dedata_4.png_Gaussian-Median.png
Component: component_1755523236211_129.png
centerX: 0.22298387096774194
centerY: 0.19008264462809918
width: 0.025
height: 0.021373610715303505
Area: 0.0002460263469971226
CentroidX: 0.2375
CentroidY: 0.1980
