Location: internet_9.png_Gaussian-Closing.png
Component: component_1755092072569_268.png
centerX: 0.12293430068520758
centerY: 0.6184773310521814
width: 0.026602176541717048
height: 0.024522383803820928
Area: 0.0002467570185821712
CentroidX: 0.1401
CentroidY: 0.6292
