Location: Dedata_4.png_Otsu.png
Component: component_1755523236091_387.png
centerX: 0.05524193548387097
centerY: 0.5152465089769165
width: 0.021774193548387097
height: 0.016243944143630663
Area: 0.00015949769716581326
CentroidX: 0.0665
CentroidY: 0.5215
