Location: Dedata_4.png_Gaussian-Median.png
Component: component_1755523236273_393.png
centerX: 0.21733870967741936
centerY: 0.6309489883157595
width: 0.02661290322580645
height: 0.018808777429467086
Area: 0.00024028075271881523
CentroidX: 0.2312
CentroidY: 0.6378
