Location: internet_9.png_Mean-Closing.png
Component: component_1755092071839_185.png
centerX: 0.652962515114873
centerY: 0.40975192472198463
width: 0.029423619508262798
height: 0.03279155973766752
Area: 0.0003868579993235157
CentroidX: 0.6711
CentroidY: 0.4253
