Location: internet_9.png_Mean-Closing.png
Component: component_1755092071838_183.png
centerX: 0.28657799274486095
centerY: 0.40461933276304535
width: 0.02781136638452237
height: 0.027088679783290562
Area: 0.00033444942900517845
CentroidX: 0.3044
CentroidY: 0.4174
