Location: internet_9.png_Otsu.png
Component: component_1755092072226_1054.png
centerX: 0.9137444578798871
centerY: 0.8272027373823782
width: 0.027005239822652155
height: 0.02765896777872826
Area: 0.0003289327373927219
CentroidX: 0.9289
CentroidY: 0.8396
