Location: internet_9.png_Mean-Closing.png
Component: component_1755092072076_321.png
centerX: 0.7529222087867795
centerY: 0.8280581693755347
width: 0.029826682789197905
height: 0.03450242372398061
Area: 0.00043501411985725103
CentroidX: 0.7712
CentroidY: 0.8440
