Location: internet_9.png_Gaussian-Median.png
Component: component_1755092071662_26.png
centerX: 0.727932285368803
centerY: 0.044767607641859136
width: 0.026602176541717048
height: 0.031936127744510975
Area: 0.0004099591454506775
CentroidX: 0.7431
CentroidY: 0.0596
