Location: Dedata_4.png_Gaussian-Median.png
Component: component_1755523236220_161.png
centerX: 0.8935483870967742
centerY: 0.23738956967797092
width: 0.028629032258064516
height: 0.016813907096038756
Area: 0.00023465007032607397
CentroidX: 0.9095
CentroidY: 0.2433
