Location: Dedata_4.png_Gaussian-Closing.png
Component: component_1755523235951_321.png
centerX: 0.0907258064516129
centerY: 0.51268167569108
width: 0.03024193548387097
height: 0.01481903676261043
Area: 0.00022522729570964985
CentroidX: 0.1070
CentroidY: 0.5178
