Location: internet_9.png_Gaussian-Median.png
Component: component_1755092071736_389.png
centerX: 0.062071745264006446
centerY: 0.8417450812660393
width: 0.03466344216041919
height: 0.02423723980610208
Area: 0.00037053778663666503
CentroidX: 0.0816
CentroidY: 0.8534
