Location: internet_9.png_Gaussian-Closing.png
Component: component_1755092072535_145.png
centerX: 0.3482466747279323
centerY: 0.3142286854861705
width: 0.029423619508262798
height: 0.02765896777872826
Area: 0.00036145823169116364
CentroidX: 0.3647
CentroidY: 0.3268
