Location: Dedata_4.png_Mean-Medain.png
Component: component_1755523235593_282.png
centerX: 0.5858870967741936
centerY: 0.4371615844970077
width: 0.028225806451612902
height: 0.018808777429467086
Area: 0.0002572877117826051
CentroidX: 0.6002
CentroidY: 0.4439
