Location: Dedata_4.png_Gaussian-Median.png
Component: component_1755523236201_87.png
centerX: 0.8737903225806452
centerY: 0.13251638643488173
width: 0.01975806451612903
height: 0.017953833000854943
Area: 0.00018179060296564595
CentroidX: 0.8850
CentroidY: 0.1394
