Location: internet_9.png_Gaussian-Median.png
Component: component_1755092071734_381.png
centerX: 0.5139056831922612
centerY: 0.8326204733390362
width: 0.03345425231761386
height: 0.029940119760479042
Area: 0.00042570470276123056
CentroidX: 0.5333
CentroidY: 0.8469
