Location: internet_9.png_Gaussian-Median.png
Component: component_1755092071669_68.png
centerX: 0.8141878274889157
centerY: 0.11291702309666382
width: 0.02539298669891173
height: 0.02566295979469632
Area: 0.0003122677314800927
CentroidX: 0.8282
CentroidY: 0.1243
