Location: internet_9.png_Mean-Closing.png
Component: component_1755092071804_43.png
centerX: 0.7706569931479242
centerY: 0.08297690333618478
width: 0.026199113260781944
height: 0.02623324779013402
Area: 0.00033054177244635504
CentroidX: 0.7852
CentroidY: 0.0935
