Location: Dedata_4.png_Otsu.png
Component: component_1755523236088_369.png
centerX: 0.3254032258064516
centerY: 0.4981476204046737
width: 0.03508064516129032
height: 0.01481903676261043
Area: 0.00020534753950670625
CentroidX: 0.3451
CentroidY: 0.5030
