Location: Dedata_4.png_Otsu.png
Component: component_1755523236044_152.png
centerX: 0.4104838709677419
centerY: 0.18267312624679397
width: 0.02258064516129032
height: 0.021373610715303505
Area: 0.00021373610715303505
CentroidX: 0.4233
CentroidY: 0.1910
