Location: internet_9.png_Gaussian-Median.png
Component: component_1755092071699_232.png
centerX: 0.07376058041112454
centerY: 0.4311377245508982
width: 0.02902055622732769
height: 0.02879954376960365
Area: 0.00036743464760465825
CentroidX: 0.0914
CentroidY: 0.4446
