Location: internet_9.png_Mean-Closing.png
Component: component_1755092071848_194.png
centerX: 0.3921805723498589
centerY: 0.4419731964642144
width: 0.026199113260781944
height: 0.02480752780153978
Area: 0.0003198531824472205
CentroidX: 0.4081
CentroidY: 0.4536
