Location: Dedata_4.png_Otsu.png
Component: component_1755523236069_266.png
centerX: 0.8616935483870968
centerY: 0.3513821601595896
width: 0.021370967741935483
height: 0.017953833000854943
Area: 0.00016501346767298835
CentroidX: 0.8723
CentroidY: 0.3583
