Location: Dedata_4.png_Otsu.png
Component: component_1755523236041_134.png
centerX: 0.17338709677419356
centerY: 0.1615844970076945
width: 0.020161290322580645
height: 0.01738387004844685
Area: 0.00016214067053383466
CentroidX: 0.1858
CentroidY: 0.1680
