Location: Dedata_4.png_Gaussian-Median.png
Component: component_1755523236213_140.png
centerX: 0.725
centerY: 0.20376175548589343
width: 0.02056451612903226
height: 0.015104018238814477
Area: 0.00016742661726987747
CentroidX: 0.7361
CentroidY: 0.2095
