Location: Dedata_4.png_Gaussian-Closing.png
Component: component_1755523235841_53.png
centerX: 0.6233870967741936
centerY: 0.07836990595611286
width: 0.021370967741935483
height: 0.019663721858079224
Area: 0.00020913963173038914
CentroidX: 0.6350
CentroidY: 0.0860
