Location: Dedata_4.png_Otsu.png
Component: component_1755523236065_251.png
centerX: 0.5237903225806452
centerY: 0.3302935309204902
width: 0.024193548387096774
height: 0.01652892561983471
Area: 0.0001768493918863016
CentroidX: 0.5376
CentroidY: 0.3365
