Location: Dedata_4.png_Otsu.png
Component: component_1755523236090_377.png
centerX: 0.13830645161290323
centerY: 0.5101168424052437
width: 0.027822580645161292
height: 0.015958962667426618
Area: 0.000160072256593644
CentroidX: 0.1531
CentroidY: 0.5150
