Location: Kurtxevani_1794_page_10.png_Mean-Medain.png
Component: component_1755610055027_1855.png
centerX: 0.4377556984219754
centerY: 0.5557514323490524
width: 0.013442431326709527
height: 0.014103129131776113
Area: 0.00010122972217979275
CentroidX: 0.4448
CentroidY: 0.5620
