Location: Dedata_4.png_Gaussian-Median.png
Component: component_1755523236272_385.png
centerX: 0.3858870967741935
centerY: 0.6246793958392705
width: 0.03064516129032258
height: 0.017098888572242805
Area: 0.00026268857040421406
CentroidX: 0.4018
CentroidY: 0.6314
