Location: internet_9.png_Otsu.png
Component: component_1755092072199_616.png
centerX: 0.6839983877468763
centerY: 0.4798973481608212
width: 0.022974607013301087
height: 0.025092671799258625
Area: 0.0002483660536358043
CentroidX: 0.6969
CentroidY: 0.4912
