Location: Dedata_4.png_Mean-Medain.png
Component: component_1755523235540_39.png
centerX: 0.19879032258064516
centerY: 0.05414648047876888
width: 0.021370967741935483
height: 0.020233684810487318
Area: 0.0002297088592467296
CentroidX: 0.2096
CentroidY: 0.0618
