Location: Dedata_4.png_Mean-Medain.png
Component: component_1755523235539_34.png
centerX: 0.43266129032258066
centerY: 0.04588201766885153
width: 0.02661290322580645
height: 0.019948703334283273
Area: 0.00026027542080732494
CentroidX: 0.4468
CentroidY: 0.0530
