Location: internet_9.png_Mean-Closing.png
Component: component_1755092072074_316.png
centerX: 0.06529625151148731
centerY: 0.7889934416880525
width: 0.0354695687222894
height: 0.026518391787852865
Area: 0.00039950041760206193
CentroidX: 0.0860
CentroidY: 0.8018
