Location: internet_9.png_Gaussian-Median.png
Component: component_1755092071696_220.png
centerX: 0.3373639661426844
centerY: 0.3983461648132307
width: 0.03143893591293833
height: 0.028229255774165955
Area: 0.0003781232376037928
CentroidX: 0.3571
CentroidY: 0.4133
