Location: Dedata_4.png_Gaussian-Closing.png
Component: component_1755523235939_270.png
centerX: 0.8782258064516129
centerY: 0.4200626959247649
width: 0.022983870967741935
height: 0.018808777429467086
Area: 0.00021534487355096113
CentroidX: 0.8900
CentroidY: 0.4273
