Location: internet_9.png_Otsu.png
Component: component_1755092072201_696.png
centerX: 0.8170092704554615
centerY: 0.5069860279441117
width: 0.02781136638452237
height: 0.02765896777872826
Area: 0.00018503903116781352
CentroidX: 0.8331
CentroidY: 0.5190
