Location: Dedata_4.png_Mean-Medain.png
Component: component_1755523235550_91.png
centerX: 0.6875
centerY: 0.13935594186377886
width: 0.027016129032258064
height: 0.020233684810487318
Area: 0.00023821233877862455
CentroidX: 0.7041
CentroidY: 0.1468
