Location: internet_9.png_Gaussian-Median.png
Component: component_1755092071666_39.png
centerX: 0.8806932688432084
centerY: 0.07755916737952666
width: 0.0237807335751713
height: 0.027944111776447105
Area: 0.0003057166601903006
CentroidX: 0.8935
CentroidY: 0.0899
