Location: Dedata_4.png_Otsu.png
Component: component_1755523236044_149.png
centerX: 0.4991935483870968
centerY: 0.1775434596751211
width: 0.020967741935483872
height: 0.018238814477058992
Area: 0.0001838590169058366
CentroidX: 0.5112
CentroidY: 0.1842
