Location: internet_9.png_Otsu.png
Component: component_1755092072164_158.png
centerX: 0.4127367996775494
centerY: 0.13344739093242086
width: 0.029826682789197905
height: 0.02594810379241517
Area: 0.0002489407090121019
CentroidX: 0.4290
CentroidY: 0.1438
