Location: Dedata_4.png_Otsu.png
Component: component_1755523236036_123.png
centerX: 0.6342741935483871
centerY: 0.1413508121972072
width: 0.025403225806451612
height: 0.01909375890567113
Area: 0.00020270456613868484
CentroidX: 0.6493
CentroidY: 0.1485
