Location: Dedata_4.png_Gaussian-Closing.png
Component: component_1755523235945_299.png
centerX: 0.014516129032258065
centerY: 0.4690795098318609
width: 0.02258064516129032
height: 0.0219435736677116
Area: 0.00022281414611276072
CentroidX: 0.0278
CentroidY: 0.4775
