Location: Dedata_4.png_Gaussian-Median.png
Component: component_1755523236187_40.png
centerX: 0.24314516129032257
centerY: 0.051581647192932456
width: 0.02258064516129032
height: 0.024508406953548018
Area: 0.0002522315888176946
CentroidX: 0.2557
CentroidY: 0.0607
