Location: internet_9.png_Gaussian-Closing.png
Component: component_1755092072300_9.png
centerX: 0.8299072954453849
centerY: 0.0071285999429712005
width: 0.024586860137041516
height: 0.03307670373538637
Area: 0.0003720318906150387
CentroidX: 0.8447
CentroidY: 0.0229
