Location: internet_9.png_Otsu.png
Component: component_1755092072163_111.png
centerX: 0.7001209189842805
centerY: 0.11747932706016538
width: 0.03143893591293833
height: 0.025377815796977475
Area: 0.0002813512722352841
CentroidX: 0.7175
CentroidY: 0.1275
