Location: Dedata_4.png_Gaussian-Closing.png
Component: component_1755523235860_108.png
centerX: 0.8790322580645161
centerY: 0.1632943858649188
width: 0.01975806451612903
height: 0.020233684810487318
Area: 0.0002078756009891615
CentroidX: 0.8899
CentroidY: 0.1710
