Location: internet_9.png_Gaussian-Closing.png
Component: component_1755092072562_233.png
centerX: 0.58484482063684
centerY: 0.5278015397775877
width: 0.02539298669891173
height: 0.026803535785571715
Area: 0.0002697432336340735
CentroidX: 0.6009
CentroidY: 0.5407
