Location: internet_9.png_Gaussian-Closing.png
Component: component_1755092072303_23.png
centerX: 0.611446997178557
centerY: 0.0427715996578272
width: 0.030632809351068116
height: 0.029369831765041345
Area: 0.00040501710921451853
CentroidX: 0.6290
CentroidY: 0.0552
