Location: Dedata_4.png_Otsu.png
Component: component_1755523236022_32.png
centerX: 0.8491935483870968
centerY: 0.04217725847819892
width: 0.025403225806451612
height: 0.019948703334283273
Area: 0.00019891247391500198
CentroidX: 0.8624
CentroidY: 0.0497
