Location: internet_9.png_Gaussian-Closing.png
Component: component_1755092072468_100.png
centerX: 0.5155179363160016
centerY: 0.223267750213858
width: 0.031035872632003223
height: 0.02423723980610208
Area: 0.00030422255621192693
CentroidX: 0.5340
CentroidY: 0.2340
