Location: internet_9.png_Gaussian-Closing.png
Component: component_1755092072583_338.png
centerX: 0.39177750906892383
centerY: 0.8377530652979754
width: 0.035872632003224506
height: 0.02765896777872826
Area: 0.0004428294329748978
CentroidX: 0.4117
CentroidY: 0.8514
