Location: Dedata_4.png_Otsu.png
Component: component_1755523236036_122.png
centerX: 0.009274193548387096
centerY: 0.13992590481618694
width: 0.01935483870967742
height: 0.02080364776289541
Area: 0.00018087130788111677
CentroidX: 0.0190
CentroidY: 0.1478
