Location: Dedata_4.png_Gaussian-Median.png
Component: component_1755523236238_238.png
centerX: 0.6532258064516129
centerY: 0.3610715303505272
width: 0.028225806451612902
height: 0.019948703334283273
Area: 0.0002647569843444047
CentroidX: 0.6676
CentroidY: 0.3685
