Location: Dedata_4.png_Otsu.png
Component: component_1755523236019_12.png
centerX: 0.43790322580645163
centerY: 0.008264462809917356
width: 0.02661290322580645
height: 0.016813907096038756
Area: 0.00020603701082010315
CentroidX: 0.4519
CentroidY: 0.0143
