Location: Dedata_4.png_Mean-Medain.png
Component: component_1755523235584_243.png
centerX: 0.26975806451612905
centerY: 0.37532060416072954
width: 0.02903225806451613
height: 0.018238814477058992
Area: 0.00026096489212072184
CentroidX: 0.2857
CentroidY: 0.3822
