Location: Dedata_4.png_Gaussian-Median.png
Component: component_1755523236250_294.png
centerX: 0.23024193548387098
centerY: 0.4596751211171274
width: 0.03346774193548387
height: 0.019948703334283273
Area: 0.000271192049936109
CentroidX: 0.2479
CentroidY: 0.4665
