Location: Dedata_4.png_Gaussian-Closing.png
Component: component_1755523235849_69.png
centerX: 0.7314516129032258
centerY: 0.10629809062410943
width: 0.021370967741935483
height: 0.020233684810487318
Area: 0.00019132828946763622
CentroidX: 0.7433
CentroidY: 0.1151
