Location: Dedata_4.png_Otsu.png
Component: component_1755523236109_480.png
centerX: 0.5330645161290323
centerY: 0.6232544884582503
width: 0.022983870967741935
height: 0.02080364776289541
Area: 0.0001845484882192335
CentroidX: 0.5440
CentroidY: 0.6309
