Location: Dedata_4.png_Gaussian-Closing.png
Component: component_1755523235901_204.png
centerX: 0.10040322580645161
centerY: 0.31319464234824734
width: 0.021370967741935483
height: 0.018238814477058992
Area: 0.00018788093290065177
CentroidX: 0.1126
CentroidY: 0.3210
