Location: internet_9.png_Gaussian-Median.png
Component: component_1755092071673_94.png
centerX: 0.8504635227730754
centerY: 0.1568291987453664
width: 0.02902055622732769
height: 0.025377815796977475
Area: 0.00032249659717818925
CentroidX: 0.8659
CentroidY: 0.1676
