Location: internet_3.png_Gaussian-Median.png
Component: component_1755094757328_156.png
centerX: 0.4514308746473196
centerY: 0.437125748502994
width: 0.041112454655380895
height: 0.028514399771884802
Area: 0.000330082048145317
CentroidX: 0.4735
CentroidY: 0.4502
