Location: Dedata_34.png_Gaussian-Median.png
Component: component_1755501828861_217.png
centerX: 0.4429665457476824
centerY: 0.6056458511548332
width: 0.04393389762192664
height: 0.031936127744510975
Area: 0.00048328517146624584
CentroidX: 0.4672
CentroidY: 0.6191
