Location: Dedata_34.png_Gaussian-Closing.png
Component: component_1755501829039_104.png
centerX: 0.3945989520354696
centerY: 0.2919874536641004
width: 0.044740024183796856
height: 0.03222127174222983
Area: 0.0005886769674792178
CentroidX: 0.4210
CentroidY: 0.3054
