Location: Dedata_34.png_Gaussian-Closing.png
Component: component_1755501829105_283.png
centerX: 0.8081418782748891
centerY: 0.8169375534644996
width: 0.051189036678758564
height: 0.03222127174222983
Area: 0.0004927095196375257
CentroidX: 0.8368
CentroidY: 0.8309
