Location: internet_3.png_Mean-Medain.png
Component: component_1755094757775_121.png
centerX: 0.5767835550181378
centerY: 0.3324779013401768
width: 0.03990326481257558
height: 0.032506415739948676
Area: 0.0005230513235060368
CentroidX: 0.5984
CentroidY: 0.3475
