Location: Dedata_34.png_Mean-Closing.png
Component: component_1755501829183_51.png
centerX: 0.1414752116082225
centerY: 0.15112631879098945
width: 0.04433696090286175
height: 0.033361847733105215
Area: 0.0005772987910285263
CentroidX: 0.1677
CentroidY: 0.1654
