Location: internet_3.png_Mean-Closing.png
Component: component_1755094757231_280.png
centerX: 0.22893994357114067
centerY: 0.7008839463929284
width: 0.03788794840790004
height: 0.030795551753635585
Area: 0.000414556388461058
CentroidX: 0.2492
CentroidY: 0.7161
