Location: internet_3.png_Gaussian-Median.png
Component: component_1755094757330_162.png
centerX: 0.32365981459089077
centerY: 0.4411177644710579
width: 0.04191858121725111
height: 0.02765896777872826
Area: 0.0003522637456704027
CentroidX: 0.3463
CentroidY: 0.4534
