Location: Dedata_34.png_Gaussian-Median.png
Component: component_1755501828825_97.png
centerX: 0.9524385328496574
centerY: 0.2848588537211292
width: 0.04232164449818621
height: 0.03022526375819789
Area: 0.0005677595117819868
CentroidX: 0.9770
CentroidY: 0.2976
