Location: internet_3.png_Gaussian-Closing.png
Component: component_1755094757037_28.png
centerX: 0.25070536074163646
centerY: 0.017393783860849728
width: 0.049979846835953246
height: 0.041060735671514116
Area: 0.0005402909847949636
CentroidX: 0.2788
CentroidY: 0.0362
