Location: Dedata_34.png_Gaussian-Closing.png
Component: component_1755501829073_173.png
centerX: 0.3127771060056429
centerY: 0.5104077559167379
width: 0.04393389762192664
height: 0.033361847733105215
Area: 0.0005748852384480765
CentroidX: 0.3371
CentroidY: 0.5258
