Location: Dedata_34.png_Mean-Medain.png
Component: component_1755501829398_248.png
centerX: 0.8053204353083434
centerY: 0.7003136583974907
width: 0.04514308746473196
height: 0.035357855717137156
Area: 0.000510753698453269
CentroidX: 0.8308
CentroidY: 0.7162
