Location: Dedata_34.png_Gaussian-Median.png
Component: component_1755501828856_205.png
centerX: 0.2587666263603386
centerY: 0.5603079555175363
width: 0.04232164449818621
height: 0.033932135728542916
Area: 0.0005620129580190112
CentroidX: 0.2807
CentroidY: 0.5758
