Location: Paraklitoni_1720_page_10.png_Mean-Medain.png
Component: component_1755610055256_486.png
centerX: 0.7385670731707317
centerY: 0.18095238095238095
width: 0.01524390243902439
height: 0.012030075187969926
Area: 7.755669661959777e-05
CentroidX: 0.7469
CentroidY: 0.1852
