Location: Dedata_34.png_Mean-Medain.png
Component: component_1755501829416_293.png
centerX: 0.3216444981862152
centerY: 0.818078129455375
width: 0.049979846835953246
height: 0.034787567721699456
Area: 0.0005059265932923696
CentroidX: 0.3491
CentroidY: 0.8325
