Location: Dedata_34.png_Gaussian-Closing.png
Component: component_1755501829021_46.png
centerX: 0.6009673518742442
centerY: 0.14827487881380097
width: 0.04353083434099154
height: 0.031080695751354435
Area: 0.0004877674834013668
CentroidX: 0.6256
CentroidY: 0.1615
