Location: Dedata_34.png_Gaussian-Median.png
Component: component_1755501828872_246.png
centerX: 0.7440548166062072
centerY: 0.7014542343883661
width: 0.04433696090286175
height: 0.033932135728542916
Area: 0.00047822820415482735
CentroidX: 0.7697
CentroidY: 0.7165
