Location: internet_3.png_Gaussian-Closing.png
Component: component_1755094757070_167.png
centerX: 0.011688835147118097
centerY: 0.4431137724550898
width: 0.044740024183796856
height: 0.035357855717137156
Area: 0.0004717920639402947
CentroidX: 0.0343
CentroidY: 0.4608
