Location: internet_3.png_Mean-Closing.png
Component: component_1755094757232_283.png
centerX: 0.06529625151148731
centerY: 0.7031650983746792
width: 0.03909713825070536
height: 0.031080695751354435
Area: 0.0004405308114697076
CentroidX: 0.0857
CentroidY: 0.7193
