Location: Dedata_34.png_Gaussian-Median.png
Component: component_1755501828862_222.png
centerX: 0.7408303103587264
centerY: 0.6070715711434275
width: 0.05078597339782346
height: 0.030795551753635585
Area: 0.0005669549942551702
CentroidX: 0.7688
CentroidY: 0.6207
