Location: Dedata_34.png_Gaussian-Closing.png
Component: component_1755501829025_63.png
centerX: 0.5453446191051995
centerY: 0.19503849443969204
width: 0.04554615074566707
height: 0.03165098374679213
Area: 0.0005692536157603605
CentroidX: 0.5702
CentroidY: 0.2089
