Location: Samociqulo_1709_page_10.png_Gaussian-Median.png
Component: component_1755610056198_1855.png
centerX: 0.7847665847665848
centerY: 0.409375
width: 0.02702702702702703
height: 0.015625
Area: 0.00019824938574938575
CentroidX: 0.7994
CentroidY: 0.4158
