Location: internet_3.png_Gaussian-Median.png
Component: component_1755094757349_268.png
centerX: 0.6920596533655784
centerY: 0.6946107784431138
width: 0.03506650544135429
height: 0.027944111776447105
Area: 0.0003808815834100211
CentroidX: 0.7114
CentroidY: 0.7077
