Location: internet_3.png_Gaussian-Median.png
Component: component_1755094757331_167.png
centerX: 0.6368399838774688
centerY: 0.4833190761334474
width: 0.04191858121725111
height: 0.033361847733105215
Area: 0.0004019139701825117
CentroidX: 0.6605
CentroidY: 0.4986
