Location: Dedata_34.png_Mean-Closing.png
Component: component_1755501829194_86.png
centerX: 0.6154776299879081
centerY: 0.245794126033647
width: 0.045949214026602174
height: 0.03051040775591674
Area: 0.0005846543798451349
CentroidX: 0.6411
CentroidY: 0.2586
