Location: internet_3.png_Mean-Closing.png
Component: component_1755094757222_234.png
centerX: 0.9201934703748489
centerY: 0.5814086113487311
width: 0.03990326481257558
height: 0.032506415739948676
Area: 0.00044570270985638556
CentroidX: 0.9425
CentroidY: 0.5962
