Location: Dedata_34.png_Gaussian-Closing.png
Component: component_1755501829098_250.png
centerX: 0.0761789600967352
centerY: 0.7082976903336184
width: 0.041112454655380895
height: 0.03222127174222983
Area: 0.000495008141142716
CentroidX: 0.0995
CentroidY: 0.7228
