Location: Dedata_34.png_Gaussian-Median.png
Component: component_1755501828817_58.png
centerX: 0.8625554212011286
centerY: 0.15312232677502138
width: 0.04796453043127771
height: 0.03022526375819789
Area: 0.0005382222254402923
CentroidX: 0.8898
CentroidY: 0.1652
