Location: Samociqulo_1709_page_10.png_Gaussian-Median.png
Component: component_1755610056313_3490.png
centerX: 0.713022113022113
centerY: 0.8609375
width: 0.022113022113022112
height: 0.0165625
Area: 0.00017076167076167075
CentroidX: 0.7245
CentroidY: 0.8675
