Location: Dedata_34.png_Mean-Closing.png
Component: component_1755501829229_206.png
centerX: 0.8665860540104796
centerY: 0.6030795551753636
width: 0.04030632809351068
height: 0.036213287710293696
Area: 0.0005217870816781821
CentroidX: 0.8886
CentroidY: 0.6192
