Location: internet_3.png_Mean-Medain.png
Component: component_1755094757528_97.png
centerX: 0.8875453446191052
centerY: 0.27060165383518675
width: 0.039500201531640466
height: 0.03307670373538637
Area: 0.0004559315755544821
CentroidX: 0.9093
CentroidY: 0.2862
