Location: Dedata_34.png_Gaussian-Median.png
Component: component_1755501828886_302.png
centerX: 0.6908504635227731
centerY: 0.8656971770744226
width: 0.03466344216041919
height: 0.02765896777872826
Area: 0.0003008895550294011
CentroidX: 0.7106
CentroidY: 0.8785
