Location: internet_3.png_Gaussian-Median.png
Component: component_1755094757321_123.png
centerX: 0.13583232567513098
centerY: 0.3438836612489307
width: 0.04232164449818621
height: 0.032506415739948676
Area: 0.00047363096114444686
CentroidX: 0.1594
CentroidY: 0.3591
