Location: Dedata_34.png_Mean-Closing.png
Component: component_1755501829187_65.png
centerX: 0.48327287384119305
centerY: 0.19731964642144284
width: 0.04070939137444579
height: 0.034787567721699456
Area: 0.0005724716858676268
CentroidX: 0.5074
CentroidY: 0.2120
