Location: Dedata_34.png_Mean-Medain.png
Component: component_1755501829383_183.png
centerX: 0.13744457879887143
centerY: 0.5124037639007699
width: 0.039500201531640466
height: 0.0290846877673225
Area: 0.0005279933597421958
CentroidX: 0.1585
CentroidY: 0.5259
