Location: internet_3.png_Mean-Closing.png
Component: component_1755094757211_179.png
centerX: 0.9032648125755743
centerY: 0.4257199885942401
width: 0.04312777106005643
height: 0.033932135728542916
Area: 0.00040467231598873997
CentroidX: 0.9261
CentroidY: 0.4418
