Location: internet_3.png_Gaussian-Closing.png
Component: component_1755094757049_83.png
centerX: 0.07496977025392987
centerY: 0.18619903051040776
width: 0.04433696090286175
height: 0.03507271171941831
Area: 0.0004951230722179755
CentroidX: 0.1002
CentroidY: 0.2025
