Location: internet_3.png_Mean-Medain.png
Component: component_1755094757826_225.png
centerX: 0.5179363160016123
centerY: 0.5851154833190761
width: 0.03990326481257558
height: 0.03307670373538637
Area: 0.000494318554691159
CentroidX: 0.5388
CentroidY: 0.6003
