Location: Dedata_34.png_Gaussian-Median.png
Component: component_1755501828886_301.png
centerX: 0.26440951229343007
centerY: 0.864841745081266
width: 0.03829101168883515
height: 0.028229255774165955
Area: 0.0003549071604013715
CentroidX: 0.2870
CentroidY: 0.8766
