Location: internet_3.png_Mean-Closing.png
Component: component_1755094757229_270.png
centerX: 0.7432486900443369
centerY: 0.6906187624750499
width: 0.039500201531640466
height: 0.02879954376960365
Area: 0.00042248663265396423
CentroidX: 0.7652
CentroidY: 0.7038
