Location: Dedata_34.png_Mean-Medain.png
Component: component_1755501829355_86.png
centerX: 0.9439742039500202
centerY: 0.24151696606786427
width: 0.03909713825070536
height: 0.03165098374679213
Area: 0.0006346493975830224
CentroidX: 0.9660
CentroidY: 0.2548
