Location: Dedata_34.png_Mean-Medain.png
Component: component_1755501829392_222.png
centerX: 0.32285368802902054
centerY: 0.6062161391502708
width: 0.04353083434099154
height: 0.03450242372398061
Area: 0.0005527035409229907
CentroidX: 0.3458
CentroidY: 0.6212
