Location: internet_3.png_Gaussian-Median.png
Component: component_1755094757308_70.png
centerX: 0.25312374042724706
centerY: 0.18391787852865696
width: 0.04312777106005643
height: 0.035642999714856
Area: 0.00047765354877852976
CentroidX: 0.2775
CentroidY: 0.2006
