Location: Dedata_34.png_Mean-Closing.png
Component: component_1755501829226_193.png
centerX: 0.19991938734381298
centerY: 0.5597376675220986
width: 0.04232164449818621
height: 0.03421727972626176
Area: 0.0005554618867292191
CentroidX: 0.2241
CentroidY: 0.5746
