Location: Kurtxevani_1764_page_10.png_Otsu.png
Component: component_1755610055914_1102.png
centerX: 0.5223300970873787
centerY: 0.4186155285313377
width: 0.022006472491909384
height: 0.0205799812909261
Area: 0.0002364366782614487
CentroidX: 0.5331
CentroidY: 0.4276
