Location: Kurtxevani_1794_page_10.png_Mean-Medain.png
Component: component_1755610054945_1434.png
centerX: 0.39392168322618354
centerY: 0.41031291317761126
width: 0.018118059614260665
height: 0.016747465843984136
Area: 0.0001926713287289694
CentroidX: 0.4030
CentroidY: 0.4181
