Location: Dedata_34.png_Mean-Closing.png
Component: component_1755501829249_252.png
centerX: 0.13663845223700122
centerY: 0.7100085543199316
width: 0.03869407496977025
height: 0.03649843170801255
Area: 0.0005391416740423684
CentroidX: 0.1566
CentroidY: 0.7261
