Location: Dedata_34.png_Mean-Medain.png
Component: component_1755501829384_189.png
centerX: 0.8597339782345829
centerY: 0.5143997718848018
width: 0.03869407496977025
height: 0.032506415739948676
Area: 0.00055994419866434
CentroidX: 0.8790
CentroidY: 0.5297
