Location: Dedata_34.png_Mean-Closing.png
Component: component_1755501829180_41.png
centerX: 0.6058041112454655
centerY: 0.10407755916737953
width: 0.04312777106005643
height: 0.03165098374679213
Area: 0.0005721268926418482
CentroidX: 0.6294
CentroidY: 0.1181
