Location: internet_3.png_Gaussian-Closing.png
Component: component_1755094757058_118.png
centerX: 0.9427650141072148
centerY: 0.32249786142001713
width: 0.03869407496977025
height: 0.031936127744510975
Area: 0.0004779983420043083
CentroidX: 0.9637
CentroidY: 0.3369
