Location: Paraklitoni_1720_page_10.png_Mean-Medain.png
Component: component_1755610055363_1603.png
centerX: 0.7926829268292683
centerY: 0.5734335839598997
width: 0.01524390243902439
height: 0.013533834586466165
Area: 0.00011346964973409133
CentroidX: 0.7999
CentroidY: 0.5799
