Location: Dedata_34.png_Mean-Medain.png
Component: component_1755501829335_8.png
centerX: 0.41031841999193874
centerY: 0.00855431993156544
width: 0.044740024183796856
height: 0.028514399771884802
Area: 0.0005470719182352747
CentroidX: 0.4357
CentroidY: 0.0211
