Location: internet_3.png_Mean-Closing.png
Component: component_1755094757221_227.png
centerX: 0.13139862958484483
centerY: 0.5463358996293128
width: 0.03909713825070536
height: 0.0290846877673225
Area: 0.0004077754550207468
CentroidX: 0.1526
CentroidY: 0.5595
