Location: Dedata_34.png_Gaussian-Median.png
Component: component_1755501828882_282.png
centerX: 0.6279725916968965
centerY: 0.8132306814941546
width: 0.0475614671503426
height: 0.034787567721699456
Area: 0.00048328517146624584
CentroidX: 0.6548
CentroidY: 0.8285
