Location: Dedata_34.png_Gaussian-Closing.png
Component: component_1755501829030_79.png
centerX: 0.7444578798871423
centerY: 0.24094667807242656
width: 0.04554615074566707
height: 0.029940119760479042
Area: 0.000619478495648767
CentroidX: 0.7695
CentroidY: 0.2543
