Location: Dedata_34.png_Gaussian-Median.png
Component: component_1755501828813_41.png
centerX: 0.8653768641676743
centerY: 0.10322212717422298
width: 0.04796453043127771
height: 0.031080695751354435
Area: 0.0005574157150086308
CentroidX: 0.8914
CentroidY: 0.1162
