Location: Dedata_34.png_Gaussian-Median.png
Component: component_1755501828832_128.png
centerX: 0.5183393792825474
centerY: 0.3373253493013972
width: 0.04070939137444579
height: 0.03022526375819789
Area: 0.0005843095866193565
CentroidX: 0.5404
CentroidY: 0.3511
