Location: Dedata_34.png_Mean-Closing.png
Component: component_1755501829195_89.png
centerX: 0.32849657396211207
centerY: 0.24836042201311662
width: 0.04030632809351068
height: 0.03136583974907328
Area: 0.0005622428201695302
CentroidX: 0.3503
CentroidY: 0.2622
