Location: Dedata_34.png_Mean-Closing.png
Component: component_1755501829216_156.png
centerX: 0.40467553405884726
centerY: 0.46506986027944114
width: 0.04393389762192664
height: 0.029369831765041345
Area: 0.0005196033912482515
CentroidX: 0.4291
CentroidY: 0.4779
