Location: Dedata_34.png_Mean-Medain.png
Component: component_1755501829353_80.png
centerX: 0.2809351068117695
centerY: 0.2018819503849444
width: 0.05038291011688835
height: 0.031080695751354435
Area: 0.0005856887595224705
CentroidX: 0.3094
CentroidY: 0.2151
