Location: internet_3.png_Gaussian-Closing.png
Component: component_1755094757126_259.png
centerX: 0.7569528415961306
centerY: 0.7399486740804107
width: 0.04312777106005643
height: 0.035642999714856
Area: 0.0004619079914679767
CentroidX: 0.7792
CentroidY: 0.7577
