Location: Dedata_34.png_Mean-Medain.png
Component: component_1755501829387_199.png
centerX: 0.5598548972188634
centerY: 0.5588822355289421
width: 0.04514308746473196
height: 0.031936127744510975
Area: 0.0004871928280250692
CentroidX: 0.5841
CentroidY: 0.5736
