Location: Dedata_34.png_Mean-Closing.png
Component: component_1755501829185_58.png
centerX: 0.40991535671100365
centerY: 0.15454804676361564
width: 0.046352277307537285
height: 0.031080695751354435
Area: 0.0005518990233961742
CentroidX: 0.4343
CentroidY: 0.1683
