Location: Dedata_34.png_Gaussian-Closing.png
Component: component_1755501829024_57.png
centerX: 0.40991535671100365
centerY: 0.15426290276589677
width: 0.046352277307537285
height: 0.03136583974907328
Area: 0.000530751705548424
CentroidX: 0.4343
CentroidY: 0.1684
