Location: Dedata_34.png_Gaussian-Median.png
Component: component_1755501828816_51.png
centerX: 0.5425231761386538
centerY: 0.14941545480467636
width: 0.03667875856509472
height: 0.031936127744510975
Area: 0.0005158106657646876
CentroidX: 0.5634
CentroidY: 0.1635
