Location: Dedata_34.png_Gaussian-Median.png
Component: component_1755501828870_237.png
centerX: 0.01007658202337767
centerY: 0.6578272027373824
width: 0.04675534058847239
height: 0.034787567721699456
Area: 0.0005374177079134758
CentroidX: 0.0373
CentroidY: 0.6729
