Location: Dedata_34.png_Gaussian-Median.png
Component: component_1755501828827_104.png
centerX: 0.45787988714228134
centerY: 0.28970630168234957
width: 0.04030632809351068
height: 0.03364699173082407
Area: 0.0006303969477984206
CentroidX: 0.4813
CentroidY: 0.3040
