Location: internet_3.png_Gaussian-Median.png
Component: component_1755094757336_186.png
centerX: 0.9157597742845627
centerY: 0.5340747077274023
width: 0.03869407496977025
height: 0.03165098374679213
Area: 0.0004309915322231681
CentroidX: 0.9376
CentroidY: 0.5492
