Location: Dedata_34.png_Mean-Medain.png
Component: component_1755501829398_245.png
centerX: 0.26279725916968966
centerY: 0.6623895067008839
width: 0.046352277307537285
height: 0.03022526375819789
Area: 0.0005117880781306046
CentroidX: 0.2886
CentroidY: 0.6757
