Location: Dedata_34.png_Mean-Closing.png
Component: component_1755501829232_215.png
centerX: 0.7408303103587264
centerY: 0.6070715711434275
width: 0.05038291011688835
height: 0.030795551753635585
Area: 0.0005808616543615711
CentroidX: 0.7688
CentroidY: 0.6206
