Location: internet_3.png_Gaussian-Median.png
Component: component_1755094757347_257.png
centerX: 0.06811769447803305
centerY: 0.6484174508126604
width: 0.03788794840790004
height: 0.03507271171941831
Area: 0.00045156419469462067
CentroidX: 0.0892
CentroidY: 0.6649
