Location: Dedata_34.png_Mean-Medain.png
Component: component_1755501829394_231.png
centerX: 0.7533252720677146
centerY: 0.6515540347875677
width: 0.042724707779121324
height: 0.028514399771884802
Area: 0.0005015592124325082
CentroidX: 0.7779
CentroidY: 0.6643
