Location: Dedata_34.png_Gaussian-Median.png
Component: component_1755501828811_33.png
centerX: 0.932285368802902
centerY: 0.09780439121756487
width: 0.03829101168883515
height: 0.03507271171941831
Area: 0.0005540827138261049
CentroidX: 0.9537
CentroidY: 0.1129
