Location: internet_3.png_Gaussian-Closing.png
Component: component_1755094757036_22.png
centerX: 0.7222893994357114
centerY: 0.014827487881380098
width: 0.06247480854494156
height: 0.04847447961220416
Area: 0.0007080903546738503
CentroidX: 0.7557
CentroidY: 0.0370
