Location: internet_3.png_Mean-Closing.png
Component: component_1755094757183_51.png
centerX: 0.5860540104796453
centerY: 0.01454234388366125
width: 0.058444175735590485
height: 0.04875962360992301
Area: 0.0007217671526297322
CentroidX: 0.6194
CentroidY: 0.0371
