Location: Dedata_34.png_Gaussian-Median.png
Component: component_1755501828855_198.png
centerX: 0.010882708585247884
centerY: 0.5594525235243798
width: 0.04393389762192664
height: 0.03165098374679213
Area: 0.0005351190864082855
CentroidX: 0.0346
CentroidY: 0.5746
