Location: internet_3.png_Mean-Medain.png
Component: component_1755094757505_33.png
centerX: 0.619105199516324
centerY: 0.07527801539777587
width: 0.05239822652156389
height: 0.039635015682919876
Area: 0.00059051586468337
CentroidX: 0.6481
CentroidY: 0.0934
