Location: Dedata_34.png_Mean-Medain.png
Component: component_1755501829396_238.png
centerX: 0.3893591293833132
centerY: 0.6549757627601939
width: 0.04312777106005643
height: 0.03307670373538637
Area: 0.0005235110478070749
CentroidX: 0.4117
CentroidY: 0.6706
