Location: Dedata_34.png_Gaussian-Median.png
Component: component_1755501828814_43.png
centerX: 0.6058041112454655
centerY: 0.10407755916737953
width: 0.04353083434099154
height: 0.03165098374679213
Area: 0.0005524736787724718
CentroidX: 0.6293
CentroidY: 0.1182
