Location: internet_3.png_Mean-Closing.png
Component: component_1755094757212_184.png
centerX: 0.6876259572752922
centerY: 0.43199315654405473
width: 0.03869407496977025
height: 0.032506415739948676
Area: 0.0003839847224420279
CentroidX: 0.7092
CentroidY: 0.4468
