Location: Dedata_34.png_Mean-Closing.png
Component: component_1755501829184_55.png
centerX: 0.3430068520757759
centerY: 0.15255203877958368
width: 0.04312777106005643
height: 0.03307670373538637
Area: 0.000565116097051018
CentroidX: 0.3671
CentroidY: 0.1671
