Location: Dedata_34.png_Mean-Medain.png
Component: component_1755501829415_286.png
centerX: 0.19830713422007254
centerY: 0.8157969774736242
width: 0.04554615074566707
height: 0.031936127744510975
Area: 0.00047868792845586535
CentroidX: 0.2232
CentroidY: 0.8300
