Location: Dedata_34.png_Gaussian-Median.png
Component: component_1755501828809_24.png
centerX: 0.4651350261991133
centerY: 0.05645851154833191
width: 0.03869407496977025
height: 0.03051040775591674
Area: 0.0003775485822274953
CentroidX: 0.4868
CentroidY: 0.0700
