Location: Dedata_34.png_Mean-Medain.png
Component: component_1755501829335_7.png
centerX: 0.07940346634421604
centerY: 0.008839463929284289
width: 0.04232164449818621
height: 0.029940119760479042
Area: 0.0005771838599532667
CentroidX: 0.1040
CentroidY: 0.0218
