Location: internet_3.png_Gaussian-Closing.png
Component: component_1755094757042_51.png
centerX: 0.3127771060056429
centerY: 0.0789848873681209
width: 0.049979846835953246
height: 0.04220131166238951
Area: 0.0006101690785527465
CentroidX: 0.3418
CentroidY: 0.0982
