Location: internet_3.png_Mean-Closing.png
Component: component_1755094757183_50.png
centerX: 0.6541717049576784
centerY: 0.01311662389506701
width: 0.05280128980249899
height: 0.05332192757342458
Area: 0.0007755548958511835
CentroidX: 0.6823
CentroidY: 0.0388
