Location: internet_3.png_Gaussian-Closing.png
Component: component_1755094757036_25.png
centerX: 0.06690850463522773
centerY: 0.016538351867693184
width: 0.04796453043127771
height: 0.03706871970345024
Area: 0.0004958126586695326
CentroidX: 0.0947
CentroidY: 0.0333
