Location: Dedata_34.png_Gaussian-Median.png
Component: component_1755501828835_136.png
centerX: 0.6461104393389763
centerY: 0.3775306529797548
width: 0.046352277307537285
height: 0.03364699173082407
Area: 0.0006031582829619163
CentroidX: 0.6727
CentroidY: 0.3914
