Location: internet_3.png_Mean-Medain.png
Component: component_1755094757492_23.png
centerX: 0.9218057234985892
centerY: 0.017964071856287425
width: 0.051189036678758564
height: 0.03877958368976333
Area: 0.0006012044546825046
CentroidX: 0.9505
CentroidY: 0.0367
