Location: internet_3.png_Gaussian-Closing.png
Component: component_1755094757112_229.png
centerX: 0.373639661426844
centerY: 0.6410037068719704
width: 0.041112454655380895
height: 0.033932135728542916
Area: 0.0004748952029723015
CentroidX: 0.3955
CentroidY: 0.6572
