Location: Dedata_34.png_Gaussian-Median.png
Component: component_1755501828832_131.png
centerX: 0.3280935106811769
centerY: 0.37524950099800397
width: 0.04433696090286175
height: 0.032506415739948676
Area: 0.0005966072116721241
CentroidX: 0.3523
CentroidY: 0.3902
