Location: internet_3.png_Gaussian-Closing.png
Component: component_1755094757108_216.png
centerX: 0.1946795646916566
centerY: 0.5913886512688908
width: 0.039500201531640466
height: 0.029940119760479042
Area: 0.0004059365578165946
CentroidX: 0.2151
CentroidY: 0.6055
