Location: Dedata_34.png_Mean-Medain.png
Component: component_1755501829374_141.png
centerX: 0.013704151551793631
centerY: 0.3781009409751925
width: 0.046352277307537285
height: 0.03364699173082407
Area: 0.0006302820167231611
CentroidX: 0.0397
CentroidY: 0.3928
