Location: Dedata_34.png_Gaussian-Median.png
Component: component_1755501828817_56.png
centerX: 0.0709391374445788
centerY: 0.151981750784146
width: 0.04232164449818621
height: 0.03364699173082407
Area: 0.0005283381529679744
CentroidX: 0.0956
CentroidY: 0.1667
