Location: Dedata_34.png_Gaussian-Closing.png
Component: component_1755501829031_81.png
centerX: 0.9439742039500202
centerY: 0.2418021100655831
width: 0.03869407496977025
height: 0.031080695751354435
Area: 0.000610054147477487
CentroidX: 0.9659
CentroidY: 0.2549
