Location: internet_3.png_Gaussian-Closing.png
Component: component_1755094757079_195.png
centerX: 0.012091898428053204
centerY: 0.5454804676361562
width: 0.041112454655380895
height: 0.03279155973766752
Area: 0.0004551270580276655
CentroidX: 0.0342
CentroidY: 0.5613
