Location: internet_3.png_Mean-Closing.png
Component: component_1755094757236_303.png
centerX: 0.012494961708988311
centerY: 0.7513544339891646
width: 0.03345425231761386
height: 0.029940119760479042
Area: 0.0003929493463122698
CentroidX: 0.0300
CentroidY: 0.7665
