Location: Dedata_34.png_Gaussian-Median.png
Component: component_1755501828810_30.png
centerX: 0.6013704151551794
centerY: 0.06102081551183348
width: 0.03869407496977025
height: 0.03222127174222983
Area: 0.00038639827502247765
CentroidX: 0.6233
CentroidY: 0.0751
