Location: internet_3.png_Mean-Closing.png
Component: component_1755094757197_113.png
centerX: 0.01007658202337767
centerY: 0.18762475049900199
width: 0.045949214026602174
height: 0.03649843170801255
Area: 0.0005561514731807761
CentroidX: 0.0357
CentroidY: 0.2042
