Location: Dedata_34.png_Gaussian-Closing.png
Component: component_1755501829053_130.png
centerX: 0.07900040306328093
centerY: 0.3772455089820359
width: 0.04836759371221282
height: 0.03165098374679213
Area: 0.0005291426704947909
CentroidX: 0.1054
CentroidY: 0.3912
