Location: Dedata_34.png_Mean-Closing.png
Component: component_1755501829256_279.png
centerX: 0.5054413542926239
centerY: 0.8163672654690619
width: 0.04353083434099154
height: 0.03136583974907328
Area: 0.000495008141142716
CentroidX: 0.5293
CentroidY: 0.8302
