Location: Dedata_34.png_Gaussian-Median.png
Component: component_1755501828884_290.png
centerX: 0.25836356307940345
centerY: 0.8166524094667807
width: 0.04917372027408303
height: 0.03421727972626176
Area: 0.0004590347145864889
CentroidX: 0.2856
CentroidY: 0.8317
