Location: Dedata_34.png_Gaussian-Closing.png
Component: component_1755501829086_214.png
centerX: 0.5654977831519549
centerY: 0.6062161391502708
width: 0.046352277307537285
height: 0.032506415739948676
Area: 0.00047765354877852976
CentroidX: 0.5914
CentroidY: 0.6205
