Location: Dedata_34.png_Mean-Medain.png
Component: component_1755501829387_201.png
centerX: 0.010882708585247884
centerY: 0.5594525235243798
width: 0.04393389762192664
height: 0.03165098374679213
Area: 0.0005563813353312952
CentroidX: 0.0347
CentroidY: 0.5744
