Location: Dedata_34.png_Mean-Closing.png
Component: component_1755501829248_251.png
centerX: 0.012091898428053204
centerY: 0.7097234103222128
width: 0.04877065699314793
height: 0.03649843170801255
Area: 0.0005908606579091486
CentroidX: 0.0386
CentroidY: 0.7267
