Location: Dedata_34.png_Mean-Closing.png
Component: component_1755501829191_77.png
centerX: 0.6799677549375251
centerY: 0.24066153407470772
width: 0.0475614671503426
height: 0.02879954376960365
Area: 0.0005968370738226432
CentroidX: 0.7063
CentroidY: 0.2533
