Location: internet_3.png_Gaussian-Median.png
Component: component_1755094757305_53.png
centerX: 0.07577589681580008
centerY: 0.13373253493013973
width: 0.04353083434099154
height: 0.03364699173082407
Area: 0.0005208676330761061
CentroidX: 0.0992
CentroidY: 0.1500
