Location: internet_3.png_Mean-Medain.png
Component: component_1755094757529_98.png
centerX: 0.9431680773881499
centerY: 0.2703165098374679
width: 0.042724707779121324
height: 0.03307670373538637
Area: 0.00045558678232870357
CentroidX: 0.9662
CentroidY: 0.2865
