Location: Dedata_34.png_Gaussian-Closing.png
Component: component_1755501829103_277.png
centerX: 0.19830713422007254
centerY: 0.8157969774736242
width: 0.04554615074566707
height: 0.03165098374679213
Area: 0.0004631722332958313
CentroidX: 0.2231
CentroidY: 0.8301
