Location: Paraklitoni_1720_page_10.png_Mean-Medain.png
Component: component_1755610055681_2378.png
centerX: 0.32698170731707316
centerY: 0.8651629072681705
width: 0.01600609756097561
height: 0.013533834586466165
Area: 0.00012875175744238646
CentroidX: 0.3350
CentroidY: 0.8711
