Location: Dedata_34.png_Gaussian-Median.png
Component: component_1755501828862_223.png
centerX: 0.6844014510278114
centerY: 0.6073567151411463
width: 0.042724707779121324
height: 0.03136583974907328
Area: 0.0005058116622171101
CentroidX: 0.7083
CentroidY: 0.6213
