Location: internet_3.png_Mean-Medain.png
Component: component_1755094757805_170.png
centerX: 0.7529222087867795
centerY: 0.4833190761334474
width: 0.03788794840790004
height: 0.03364699173082407
Area: 0.0004459325720069046
CentroidX: 0.7726
CentroidY: 0.4986
