Location: internet_3.png_Mean-Medain.png
Component: component_1755094757519_76.png
centerX: 0.19991938734381298
centerY: 0.18448816652409467
width: 0.03909713825070536
height: 0.033361847733105215
Area: 0.0004590347145864889
CentroidX: 0.2211
CentroidY: 0.2008
