Location: Dedata_34.png_Mean-Closing.png
Component: component_1755501829235_228.png
centerX: 0.3897621926642483
centerY: 0.6552609067579127
width: 0.042724707779121324
height: 0.03279155973766752
Area: 0.0005219020127534417
CentroidX: 0.4117
CentroidY: 0.6706
