Location: Dedata_34.png_Gaussian-Closing.png
Component: component_1755501829018_32.png
centerX: 0.2781136638452237
centerY: 0.0998003992015968
width: 0.04070939137444579
height: 0.03279155973766752
Area: 0.0004308766011479086
CentroidX: 0.3012
CentroidY: 0.1147
