Location: Dedata_34.png_Mean-Medain.png
Component: component_1755501829380_171.png
centerX: 0.5227730753728336
centerY: 0.4679213002566296
width: 0.04232164449818621
height: 0.029369831765041345
Area: 0.0005090297323243764
CentroidX: 0.5459
CentroidY: 0.4807
