Location: Dedata_34.png_Gaussian-Closing.png
Component: component_1755501829090_228.png
centerX: 0.6303909713825071
centerY: 0.6544054747647562
width: 0.04353083434099154
height: 0.03279155973766752
Area: 0.0004779983420043083
CentroidX: 0.6560
CentroidY: 0.6677
