Location: internet_3.png_Mean-Closing.png
Component: component_1755094757225_249.png
centerX: 0.8569125352680371
centerY: 0.6381522668947819
width: 0.036275695284159616
height: 0.03222127174222983
Area: 0.00043340508480361784
CentroidX: 0.8749
CentroidY: 0.6543
