Location: Dedata_34.png_Mean-Closing.png
Component: component_1755501829205_125.png
centerX: 0.2599758162031439
centerY: 0.3729683490162532
width: 0.0471584038694075
height: 0.034787567721699456
Area: 0.000684414553170391
CentroidX: 0.2878
CentroidY: 0.3871
