Location: internet_3.png_Mean-Closing.png
Component: component_1755094757219_217.png
centerX: 0.958484482063684
centerY: 0.5349301397205589
width: 0.0354695687222894
height: 0.031936127744510975
Area: 0.0004149011816868365
CentroidX: 0.9785
CentroidY: 0.5492
