Location: Dedata_34.png_Gaussian-Closing.png
Component: component_1755501829010_11.png
centerX: 0.8178153970173317
centerY: 0.011690903906472769
width: 0.04554615074566707
height: 0.03307670373538637
Area: 0.0005243155653338915
CentroidX: 0.8439
CentroidY: 0.0262
