Location: Dedata_34.png_Gaussian-Median.png
Component: component_1755501828823_88.png
centerX: 0.38492543329302703
centerY: 0.24550898203592814
width: 0.03990326481257558
height: 0.031080695751354435
Area: 0.0005423597441496348
CentroidX: 0.4064
CentroidY: 0.2589
