Location: internet_3.png_Mean-Medain.png
Component: component_1755094757790_137.png
centerX: 0.6287787182587666
centerY: 0.38323353293413176
width: 0.037484885126964934
height: 0.031936127744510975
Area: 0.0004431742262006763
CentroidX: 0.6484
CentroidY: 0.3983
