Location: Samociqulo_1709_page_10.png_Gaussian-Median.png
Component: component_1755610056313_3489.png
centerX: 0.29828009828009827
centerY: 0.8609375
width: 0.02113022113022113
height: 0.018125
Area: 0.00018673218673218673
CentroidX: 0.3089
CentroidY: 0.8687
