Location: internet_3.png_Mean-Medain.png
Component: component_1755094757831_250.png
centerX: 0.013704151551793631
centerY: 0.6495580268035358
width: 0.037081821846029824
height: 0.035357855717137156
Area: 0.00045455240265136797
CentroidX: 0.0352
CentroidY: 0.6659
