Location: Dedata_34.png_Mean-Closing.png
Component: component_1755501829248_250.png
centerX: 0.3611446997178557
centerY: 0.7085828343313373
width: 0.044740024183796856
height: 0.03364699173082407
Area: 0.0005182242183451373
CentroidX: 0.3858
CentroidY: 0.7236
