Location: internet_3.png_Mean-Medain.png
Component: component_1755094757833_255.png
centerX: 0.841193067311568
centerY: 0.688622754491018
width: 0.037484885126964934
height: 0.02879954376960365
Area: 0.0004015691769567332
CentroidX: 0.8605
CentroidY: 0.7028
