Location: internet_3.png_Mean-Closing.png
Component: component_1755094757207_159.png
centerX: 0.26320032245062475
centerY: 0.3444539492443684
width: 0.042724707779121324
height: 0.03421727972626176
Area: 0.000470068097811402
CentroidX: 0.2861
CentroidY: 0.3609
