Location: Dedata_34.png_Gaussian-Median.png
Component: component_1755501828830_120.png
centerX: 0.8976219266424829
centerY: 0.33361847733105215
width: 0.03990326481257558
height: 0.03450242372398061
Area: 0.0005859186216729896
CentroidX: 0.9196
CentroidY: 0.3482
