Location: internet_3.png_Gaussian-Median.png
Component: component_1755094757346_253.png
centerX: 0.30995566303909716
centerY: 0.6427145708582834
width: 0.046352277307537285
height: 0.03364699173082407
Area: 0.00047455040974652297
CentroidX: 0.3348
CentroidY: 0.6588
