Location: Kurtxevani_1794_page_10.png_Mean-Medain.png
Component: component_1755610054606_536.png
centerX: 0.15078901227352426
centerY: 0.10577346848832085
width: 0.018118059614260665
height: 0.01630674305861613
Area: 0.00017953464722472148
CentroidX: 0.1599
CentroidY: 0.1131
