Location: Dedata_34.png_Gaussian-Median.png
Component: component_1755501828837_145.png
centerX: 0.3954050785973398
centerY: 0.41602509267179927
width: 0.037081821846029824
height: 0.035357855717137156
Area: 0.000534544431031988
CentroidX: 0.4158
CentroidY: 0.4316
