Location: Dedata_34.png_Mean-Medain.png
Component: component_1755501829396_239.png
centerX: 0.8750503829101169
centerY: 0.6555460507556315
width: 0.04514308746473196
height: 0.035357855717137156
Area: 0.0005548872313529215
CentroidX: 0.9003
CentroidY: 0.6713
