Location: Dedata_34.png_Gaussian-Median.png
Component: component_1755501828852_186.png
centerX: 0.8593309149536478
centerY: 0.5143997718848018
width: 0.03909713825070536
height: 0.032506415739948676
Area: 0.000544428503504306
CentroidX: 0.8789
CentroidY: 0.5299
