Location: internet_3.png_Gaussian-Closing.png
Component: component_1755094757117_245.png
centerX: 0.5368802902055623
centerY: 0.6986027944111777
width: 0.04312777106005643
height: 0.03051040775591674
Area: 0.0004082351793217848
CentroidX: 0.5596
CentroidY: 0.7134
