Location: internet_3.png_Mean-Closing.png
Component: component_1755094757209_165.png
centerX: 0.7891979040709391
centerY: 0.3806672369546621
width: 0.041515517936316
height: 0.03022526375819789
Area: 0.0003915701734091557
CentroidX: 0.8125
CentroidY: 0.3939
