Location: Dedata_34.png_Mean-Medain.png
Component: component_1755501829362_100.png
centerX: 0.9524385328496574
centerY: 0.2848588537211292
width: 0.042724707779121324
height: 0.03022526375819789
Area: 0.0005939637969411554
CentroidX: 0.9771
CentroidY: 0.2975
