Location: Dedata_34.png_Gaussian-Median.png
Component: component_1755501828824_94.png
centerX: 0.20032245062474807
centerY: 0.24864556601083548
width: 0.04796453043127771
height: 0.03022526375819789
Area: 0.0005707477197387341
CentroidX: 0.2277
CentroidY: 0.2616
