Location: Kurtxevani_1794_page_10.png_Mean-Medain.png
Component: component_1755610055074_2334.png
centerX: 0.19812974868497954
centerY: 0.7408550022036139
width: 0.026300409117475162
height: 0.0246804759806082
Area: 0.0002720065817350156
CentroidX: 0.2113
CentroidY: 0.7526
