Location: Dedata_34.png_Gaussian-Median.png
Component: component_1755501828851_182.png
centerX: 0.4844820636839984
centerY: 0.5124037639007699
width: 0.0471584038694075
height: 0.03706871970345024
Area: 0.0005691386846851009
CentroidX: 0.5099
CentroidY: 0.5289
