Location: Dedata_34.png_Mean-Medain.png
Component: component_1755501829419_294.png
centerX: 0.9383313180169287
centerY: 0.8186484174508126
width: 0.046352277307537285
height: 0.037639007698887936
Area: 0.0004819059985631317
CentroidX: 0.9645
CentroidY: 0.8352
