Location: Dedata_34.png_Gaussian-Median.png
Component: component_1755501828873_249.png
centerX: 0.8657799274486094
centerY: 0.7025948103792415
width: 0.04796453043127771
height: 0.03592814371257485
Area: 0.0005033981096366604
CentroidX: 0.8930
CentroidY: 0.7189
