Location: internet_3.png_Gaussian-Closing.png
Component: component_1755094757052_96.png
centerX: 0.32043530834340994
centerY: 0.23267750213858
width: 0.037081821846029824
height: 0.03706871970345024
Area: 0.0005219020127534417
CentroidX: 0.3401
CentroidY: 0.2519
