Location: internet_3.png_Gaussian-Closing.png
Component: component_1755094757046_65.png
centerX: 0.25070536074163646
centerY: 0.13259195893926431
width: 0.045949214026602174
height: 0.036213287710293696
Area: 0.00048236572286416973
CentroidX: 0.2757
CentroidY: 0.1501
