Location: Dedata_34.png_Mean-Medain.png
Component: component_1755501829384_188.png
centerX: 0.07376058041112454
centerY: 0.5146849158825206
width: 0.046352277307537285
height: 0.031080695751354435
Area: 0.0005412104333970396
CentroidX: 0.0998
CentroidY: 0.5280
