Location: Kurtxevani_1764_page_10.png_Otsu.png
Component: component_1755610055844_681.png
centerX: 0.5300970873786408
centerY: 0.2039289055191768
width: 0.021359223300970873
height: 0.019644527595884004
Area: 0.00023492299914325762
CentroidX: 0.5407
CentroidY: 0.2127
