Location: internet_3.png_Mean-Medain.png
Component: component_1755094757816_188.png
centerX: 0.864167674324869
centerY: 0.5340747077274023
width: 0.03829101168883515
height: 0.03022526375819789
Area: 0.00039708686502161223
CentroidX: 0.8856
CentroidY: 0.5481
