Location: internet_3.png_Mean-Medain.png
Component: component_1755094757799_153.png
centerX: 0.7464731962918179
centerY: 0.4305674365554605
width: 0.04070939137444579
height: 0.031080695751354435
Area: 0.000380191996958464
CentroidX: 0.7683
CentroidY: 0.4457
