Location: internet_3.png_Gaussian-Closing.png
Component: component_1755094757062_135.png
centerX: 0.9508262797259169
centerY: 0.3758197889934417
width: 0.037081821846029824
height: 0.03364699173082407
Area: 0.0003875475857750728
CentroidX: 0.9702
CentroidY: 0.3908
