Location: internet_3.png_Gaussian-Median.png
Component: component_1755094757293_10.png
centerX: 0.31519548569125355
centerY: 0.016538351867693184
width: 0.056831922611850064
height: 0.04305674365554605
Area: 0.0006071808705959992
CentroidX: 0.3486
CentroidY: 0.0362
