Location: Dedata_34.png_Mean-Medain.png
Component: component_1755501829392_223.png
centerX: 0.5654977831519549
centerY: 0.6062161391502708
width: 0.046352277307537285
height: 0.032506415739948676
Area: 0.0004915602088849307
CentroidX: 0.5915
CentroidY: 0.6203
