Location: Dedata_34.png_Gaussian-Median.png
Component: component_1755501828808_20.png
centerX: 0.14953647722692462
centerY: 0.05389221556886228
width: 0.04393389762192664
height: 0.033932135728542916
Area: 0.00048466434436935995
CentroidX: 0.1753
CentroidY: 0.0683
