Location: Dedata_34.png_Gaussian-Closing.png
Component: component_1755501829009_4.png
centerX: 0.33978234582829503
centerY: 0.008269175933846592
width: 0.04353083434099154
height: 0.02765896777872826
Area: 0.0005630473376963468
CentroidX: 0.3634
CentroidY: 0.0208
