Location: internet_3.png_Gaussian-Median.png
Component: component_1755094757324_135.png
centerX: 0.7408303103587264
centerY: 0.3812375249500998
width: 0.039500201531640466
height: 0.03307670373538637
Area: 0.0004107636629774941
CentroidX: 0.7625
CentroidY: 0.3966
