Location: Dedata_34.png_Gaussian-Closing.png
Component: component_1755501829019_38.png
centerX: 0.8657799274486094
centerY: 0.10322212717422298
width: 0.0475614671503426
height: 0.031080695751354435
Area: 0.0005561514731807761
CentroidX: 0.8914
CentroidY: 0.1162
