Location: Dedata_34.png_Mean-Medain.png
Component: component_1755501829423_310.png
centerX: 0.44135429262394194
centerY: 0.868548617051611
width: 0.03667875856509472
height: 0.026803535785571715
Area: 0.0003662853368520631
CentroidX: 0.4630
CentroidY: 0.8797
