Location: internet_3.png_Gaussian-Median.png
Component: component_1755094757344_242.png
centerX: 0.8569125352680371
centerY: 0.637867122897063
width: 0.036275695284159616
height: 0.032506415739948676
Area: 0.00043168111867472516
CentroidX: 0.8750
CentroidY: 0.6547
