Location: internet_3.png_Gaussian-Closing.png
Component: component_1755094757056_111.png
centerX: 0.3901652559451834
centerY: 0.28371827773025377
width: 0.04433696090286175
height: 0.03450242372398061
Area: 0.0004871928280250692
CentroidX: 0.4141
CentroidY: 0.2997
