Location: internet_3.png_Mean-Closing.png
Component: component_1755094757227_257.png
centerX: 0.373639661426844
centerY: 0.6410037068719704
width: 0.041112454655380895
height: 0.03450242372398061
Area: 0.0005109835606037881
CentroidX: 0.3956
CentroidY: 0.6574
