Location: internet_3.png_Mean-Medain.png
Component: component_1755094757826_228.png
centerX: 0.1946795646916566
centerY: 0.5913886512688908
width: 0.039500201531640466
height: 0.03051040775591674
Area: 0.0004368530170614032
CentroidX: 0.2150
CentroidY: 0.6057
