Location: internet_3.png_Mean-Closing.png
Component: component_1755094757200_130.png
centerX: 0.8875453446191052
centerY: 0.27060165383518675
width: 0.039500201531640466
height: 0.03279155973766752
Area: 0.00045397774727507043
CentroidX: 0.9093
CentroidY: 0.2861
