Location: Dedata_34.png_Gaussian-Median.png
Component: component_1755501828885_293.png
centerX: 0.9383313180169287
centerY: 0.8186484174508126
width: 0.046352277307537285
height: 0.037639007698887936
Area: 0.00046524099265050255
CentroidX: 0.9644
CentroidY: 0.8353
