Location: internet_3.png_Gaussian-Closing.png
Component: component_1755094757071_172.png
centerX: 0.6368399838774688
centerY: 0.4836042201311662
width: 0.04191858121725111
height: 0.03307670373538637
Area: 0.0003868579993235157
CentroidX: 0.6604
CentroidY: 0.4985
