Location: internet_3.png_Mean-Medain.png
Component: component_1755094757833_258.png
centerX: 0.6920596533655784
centerY: 0.6946107784431138
width: 0.03506650544135429
height: 0.027944111776447105
Area: 0.00039846603792472634
CentroidX: 0.7113
CentroidY: 0.7077
