Location: internet_3.png_Gaussian-Median.png
Component: component_1755094757299_31.png
centerX: 0.06771463119709795
centerY: 0.07641859138865127
width: 0.04393389762192664
height: 0.041060735671514116
Area: 0.000579942205759495
CentroidX: 0.0916
CentroidY: 0.0956
