Location: Dedata_34.png_Mean-Medain.png
Component: component_1755501829378_161.png
centerX: 0.8956066102378073
centerY: 0.424009124607927
width: 0.04312777106005643
height: 0.0290846877673225
Area: 0.0004976515558736848
CentroidX: 0.9194
CentroidY: 0.4369
