Location: Dedata_34.png_Gaussian-Median.png
Component: component_1755501828809_23.png
centerX: 0.9222087867795243
centerY: 0.05474764756201882
width: 0.03990326481257558
height: 0.03165098374679213
Area: 0.00037766351330275477
CentroidX: 0.9451
CentroidY: 0.0686
