Location: internet_3.png_Gaussian-Closing.png
Component: component_1755094757060_126.png
centerX: 0.4502216848045143
centerY: 0.33704020530367834
width: 0.03990326481257558
height: 0.03136583974907328
Area: 0.000504892213615034
CentroidX: 0.4707
CentroidY: 0.3523
