Location: Dedata_34.png_Gaussian-Median.png
Component: component_1755501828820_75.png
centerX: 0.8710197501007658
centerY: 0.19931565440547477
width: 0.04836759371221282
height: 0.03279155973766752
Area: 0.0005520139544714337
CentroidX: 0.8987
CentroidY: 0.2123
