Location: internet_3.png_Gaussian-Closing.png
Component: component_1755094757059_122.png
centerX: 0.7033454252317614
centerY: 0.3279155973766752
width: 0.04353083434099154
height: 0.03307670373538637
Area: 0.0005123627335069023
CentroidX: 0.7280
CentroidY: 0.3433
