Location: internet_3.png_Mean-Closing.png
Component: component_1755094757186_65.png
centerX: 0.8041112454655381
centerY: 0.07385229540918163
width: 0.0475614671503426
height: 0.036213287710293696
Area: 0.0005551170935034405
CentroidX: 0.8311
CentroidY: 0.0902
