Location: Kurtxevani_1764_page_10.png_Otsu.png
Component: component_1755610055826_517.png
centerX: 0.5676375404530745
centerY: 0.14265668849391955
width: 0.02330097087378641
height: 0.0205799812909261
Area: 0.0002458214887942335
CentroidX: 0.5792
CentroidY: 0.1520
