Location: internet_3.png_Mean-Medain.png
Component: component_1755094757830_244.png
centerX: 0.44014510278113667
centerY: 0.6415739948674081
width: 0.04232164449818621
height: 0.03279155973766752
Area: 0.0004940886925406399
CentroidX: 0.4635
CentroidY: 0.6566
