Location: Kurtxevani_1764_page_10.png_Otsu.png
Component: component_1755610055978_1660.png
centerX: 0.17928802588996764
centerY: 0.6927034611786717
width: 0.02459546925566343
height: 0.021047708138447148
Area: 0.00033845865082752835
CentroidX: 0.1911
CentroidY: 0.7023
