Location: Dedata_34.png_Mean-Medain.png
Component: component_1755501829370_129.png
centerX: 0.5783958081418783
centerY: 0.33532934131736525
width: 0.04070939137444579
height: 0.029369831765041345
Area: 0.0005283381529679744
CentroidX: 0.6000
CentroidY: 0.3491
