Location: Dedata_34.png_Mean-Medain.png
Component: component_1755501829386_195.png
centerX: 0.7879887142281338
centerY: 0.5169660678642715
width: 0.049576783555018135
height: 0.03364699173082407
Area: 0.0005432791927517109
CentroidX: 0.8145
CentroidY: 0.5319
