Location: Dedata_34.png_Mean-Closing.png
Component: component_1755501829189_68.png
centerX: 0.9347037484885127
centerY: 0.19846022241231823
width: 0.04232164449818621
height: 0.03222127174222983
Area: 0.0006102840096280061
CentroidX: 0.9579
CentroidY: 0.2124
