Location: internet_3.png_Mean-Medain.png
Component: component_1755094757827_235.png
centerX: 0.8081418782748891
centerY: 0.6384374108925007
width: 0.03788794840790004
height: 0.03165098374679213
Area: 0.0004231762191055213
CentroidX: 0.8297
CentroidY: 0.6534
