Location: Dedata_34.png_Mean-Closing.png
Component: component_1755501829245_239.png
centerX: 0.7440548166062072
centerY: 0.7014542343883661
width: 0.04433696090286175
height: 0.033932135728542916
Area: 0.0004993755220025775
CentroidX: 0.7697
CentroidY: 0.7164
