Location: internet_3.png_Gaussian-Closing.png
Component: component_1755094757111_227.png
centerX: 0.5102781136638452
centerY: 0.6404334188765326
width: 0.041112454655380895
height: 0.03421727972626176
Area: 0.00046926358028458545
CentroidX: 0.5336
CentroidY: 0.6568
