Location: Dedata_34.png_Mean-Medain.png
Component: component_1755501829349_70.png
centerX: 0.4163643692059653
centerY: 0.1964642144282863
width: 0.04353083434099154
height: 0.03022526375819789
Area: 0.0005464972628589772
CentroidX: 0.4412
CentroidY: 0.2084
