Location: internet_3.png_Gaussian-Median.png
Component: component_1755094757355_299.png
centerX: 0.3901652559451834
centerY: 0.742800114057599
width: 0.04232164449818621
height: 0.033361847733105215
Area: 0.000459954163188565
CentroidX: 0.4132
CentroidY: 0.7590
