Location: Dedata_34.png_Gaussian-Closing.png
Component: component_1755501829105_282.png
centerX: 0.25836356307940345
centerY: 0.8169375534644996
width: 0.04917372027408303
height: 0.033932135728542916
Area: 0.00045765554168337476
CentroidX: 0.2856
CentroidY: 0.8317
