Location: internet_3.png_Mean-Closing.png
Component: component_1755094757192_89.png
centerX: 0.509471987101975
centerY: 0.1300256629597947
width: 0.04514308746473196
height: 0.038209295694325636
Area: 0.000555002162428181
CentroidX: 0.5337
CentroidY: 0.1483
