Location: Dedata_34.png_Mean-Closing.png
Component: component_1755501829172_10.png
centerX: 0.7525191455058444
centerY: 0.010835471913316224
width: 0.04433696090286175
height: 0.033361847733105215
Area: 0.0005849991730709135
CentroidX: 0.7778
CentroidY: 0.0259
