Location: internet_3.png_Gaussian-Median.png
Component: component_1755094757311_81.png
centerX: 0.6336154776299879
centerY: 0.2209865982321072
width: 0.04393389762192664
height: 0.031080695751354435
Area: 0.0004294974282447945
CentroidX: 0.6577
CentroidY: 0.2353
