Location: internet_3.png_Gaussian-Median.png
Component: component_1755094757307_66.png
centerX: 0.5691253526803708
centerY: 0.17792985457656116
width: 0.037484885126964934
height: 0.03364699173082407
Area: 0.00046236771576901474
CentroidX: 0.5890
CentroidY: 0.1947
