Location: Dedata_34.png_Mean-Medain.png
Component: component_1755501829341_32.png
centerX: 0.34421604191858124
centerY: 0.09694895922440833
width: 0.042724707779121324
height: 0.029654975762760195
Area: 0.000439496431792372
CentroidX: 0.3682
CentroidY: 0.1101
