Location: Dedata_34.png_Gaussian-Median.png
Component: component_1755501828811_34.png
centerX: 0.2781136638452237
centerY: 0.0998003992015968
width: 0.041112454655380895
height: 0.03279155973766752
Area: 0.0004305318079221301
CentroidX: 0.3013
CentroidY: 0.1147
