Location: internet_3.png_Gaussian-Median.png
Component: component_1755094757310_80.png
centerX: 0.7021362353889561
centerY: 0.21870544625035643
width: 0.04191858121725111
height: 0.035642999714856
Area: 0.0004958126586695326
CentroidX: 0.7248
CentroidY: 0.2359
