Location: Dedata_34.png_Gaussian-Closing.png
Component: component_1755501829055_137.png
centerX: 0.833937928254736
centerY: 0.38038209295694325
width: 0.05441354292623942
height: 0.03450242372398061
Area: 0.0006438438836037834
CentroidX: 0.8669
CentroidY: 0.3948
