Location: Dedata_34.png_Gaussian-Closing.png
Component: component_1755501829052_126.png
centerX: 0.25957275292220877
centerY: 0.37325349301397204
width: 0.0475614671503426
height: 0.03450242372398061
Area: 0.0006649912014515335
CentroidX: 0.2877
CentroidY: 0.3873
