Location: internet_3.png_Gaussian-Median.png
Component: component_1755094757352_280.png
centerX: 0.06529625151148731
centerY: 0.7031650983746792
width: 0.03909713825070536
height: 0.03136583974907328
Area: 0.00043271549835206076
CentroidX: 0.0857
CentroidY: 0.7194
