Location: internet_3.png_Mean-Medain.png
Component: component_1755094757508_41.png
centerX: 0.44256348246674726
centerY: 0.07727402338180782
width: 0.044740024183796856
height: 0.038209295694325636
Area: 0.0005436239859774893
CentroidX: 0.4671
CentroidY: 0.0950
