Location: Paraklitoni_1720_page_10.png_Mean-Medain.png
Component: component_1755610055350_1471.png
centerX: 0.3833841463414634
centerY: 0.5318295739348371
width: 0.01600609756097561
height: 0.014035087719298246
Area: 0.00012187480897365364
CentroidX: 0.3908
CentroidY: 0.5382
