Location: Dedata_34.png_Gaussian-Closing.png
Component: component_1755501829104_281.png
centerX: 0.5654977831519549
centerY: 0.8160821214713431
width: 0.049979846835953246
height: 0.03051040775591674
Area: 0.0004560465066297416
CentroidX: 0.5943
CentroidY: 0.8285
