Location: internet_3.png_Gaussian-Median.png
Component: component_1755094757354_297.png
centerX: 0.54695687222894
centerY: 0.7413743940690048
width: 0.04070939137444579
height: 0.03735386370116909
Area: 0.0004883421387776644
CentroidX: 0.5684
CentroidY: 0.7598
