Location: Dedata_34.png_Gaussian-Median.png
Component: component_1755501828869_231.png
centerX: 0.5062474808544941
centerY: 0.6535500427715997
width: 0.04191858121725111
height: 0.035357855717137156
Area: 0.00047328616791866834
CentroidX: 0.5278
CentroidY: 0.6706
