Location: Dedata_34.png_Mean-Medain.png
Component: component_1755501829334_2.png
centerX: 0.28335348649738007
centerY: 0.006843455945252352
width: 0.037081821846029824
height: 0.03450242372398061
Area: 0.0006466022294100116
CentroidX: 0.3034
CentroidY: 0.0228
