Location: Dedata_34.png_Mean-Closing.png
Component: component_1755501829207_135.png
centerX: 0.7069729947601774
centerY: 0.3783860849729113
width: 0.05078597339782346
height: 0.02879954376960365
Area: 0.0005354638796340641
CentroidX: 0.7354
CentroidY: 0.3908
