Location: Dedata_34.png_Mean-Medain.png
Component: component_1755501829408_267.png
centerX: 0.5106811769447803
centerY: 0.7581978899344168
width: 0.04393389762192664
height: 0.036783575705731396
Area: 0.0005216721506029226
CentroidX: 0.5362
CentroidY: 0.7743
