Location: internet_3.png_Gaussian-Median.png
Component: component_1755094757353_292.png
centerX: 0.4433696090286175
centerY: 0.741089250071286
width: 0.04070939137444579
height: 0.03165098374679213
Area: 0.00043329015372835835
CentroidX: 0.4645
CentroidY: 0.7564
