Location: Dedata_34.png_Mean-Closing.png
Component: component_1755501829217_164.png
centerX: 0.6432889963724304
centerY: 0.46763615625891075
width: 0.04675534058847239
height: 0.03507271171941831
Area: 0.0005869530013503252
CentroidX: 0.6691
CentroidY: 0.4826
