Location: internet_3.png_Mean-Medain.png
Component: component_1755094757828_237.png
centerX: 0.9076985086658605
centerY: 0.6387225548902196
width: 0.03506650544135429
height: 0.032506415739948676
Area: 0.000414786250611577
CentroidX: 0.9263
CentroidY: 0.6548
