Location: Dedata_34.png_Mean-Medain.png
Component: component_1755501829344_39.png
centerX: 0.14590890769850867
centerY: 0.1015112631879099
width: 0.04191858121725111
height: 0.03051040775591674
Area: 0.0003738707878191909
CentroidX: 0.1697
CentroidY: 0.1148
