Location: Dedata_34.png_Gaussian-Closing.png
Component: component_1755501829090_229.png
centerX: 0.3893591293833132
centerY: 0.6552609067579127
width: 0.04312777106005643
height: 0.03279155973766752
Area: 0.0005090297323243764
CentroidX: 0.4116
CentroidY: 0.6707
