Location: Paraklitoni_1720_page_10.png_Mean-Medain.png
Component: component_1755610055617_2197.png
centerX: 0.7088414634146342
centerY: 0.8040100250626566
width: 0.01524390243902439
height: 0.012531328320802004
Area: 0.00010888501742160279
CentroidX: 0.7161
CentroidY: 0.8097
