Location: internet_3.png_Mean-Closing.png
Component: component_1755094757193_95.png
centerX: 0.31116485288190243
centerY: 0.13287710293698318
width: 0.04796453043127771
height: 0.03592814371257485
Area: 0.0005331652581288738
CentroidX: 0.3376
CentroidY: 0.1498
