Location: Dedata_34.png_Gaussian-Median.png
Component: component_1755501828872_245.png
centerX: 0.8053204353083434
centerY: 0.7005988023952096
width: 0.04514308746473196
height: 0.03507271171941831
Area: 0.000494318554691159
CentroidX: 0.8308
CentroidY: 0.7164
