Location: Dedata_34.png_Gaussian-Median.png
Component: component_1755501828888_310.png
centerX: 0.44135429262394194
centerY: 0.86883376104933
width: 0.03667875856509472
height: 0.02623324779013402
Area: 0.00034548281223009154
CentroidX: 0.4629
CentroidY: 0.8797
