Location: internet_3.png_Mean-Closing.png
Component: component_1755094757217_208.png
centerX: 0.26279725916968966
centerY: 0.49272882805816937
width: 0.03869407496977025
height: 0.03279155973766752
Area: 0.00040329314308562586
CentroidX: 0.2836
CentroidY: 0.5079
