Location: Kurtxevani_1784_page_10.png_Gaussian-Closing.png
Component: component_1755610055761_503.png
centerX: 0.6759956942949408
centerY: 0.6780876494023904
width: 0.03982777179763186
height: 0.023107569721115537
Area: 0.0004442938686588415
CentroidX: 0.6971
CentroidY: 0.6874
