Location: Dedata_34.png_Gaussian-Closing.png
Component: component_1755501829034_86.png
centerX: 0.4977831519548569
centerY: 0.24550898203592814
width: 0.04030632809351068
height: 0.03165098374679213
Area: 0.0005432791927517109
CentroidX: 0.5198
CentroidY: 0.2589
