Location: internet_3.png_Mean-Closing.png
Component: component_1755094757232_285.png
centerX: 0.860137041515518
centerY: 0.7376675220986598
width: 0.0354695687222894
height: 0.03792415169660679
Area: 0.0004460475030821641
CentroidX: 0.8781
CentroidY: 0.7566
