Location: internet_3.png_Mean-Medain.png
Component: component_1755094757503_31.png
centerX: 0.7363966142684402
centerY: 0.07499287140005703
width: 0.05239822652156389
height: 0.036213287710293696
Area: 0.0005476465736115722
CentroidX: 0.7658
CentroidY: 0.0915
