Location: Dedata_34.png_Gaussian-Closing.png
Component: component_1755501829040_110.png
centerX: 0.13180169286577992
centerY: 0.3307670373538637
width: 0.042724707779121324
height: 0.03136583974907328
Area: 0.0005373027768382163
CentroidX: 0.1557
CentroidY: 0.3439
