Location: Dedata_34.png_Gaussian-Closing.png
Component: component_1755501829012_19.png
centerX: 0.14953647722692462
centerY: 0.05389221556886228
width: 0.04353083434099154
height: 0.033932135728542916
Area: 0.0004800671013589795
CentroidX: 0.1754
CentroidY: 0.0682
