Location: internet_3.png_Gaussian-Closing.png
Component: component_1755094757057_114.png
centerX: 0.26360338573155984
centerY: 0.2902765896777873
width: 0.045949214026602174
height: 0.03507271171941831
Area: 0.0004870778969498097
CentroidX: 0.2890
CentroidY: 0.3068
