Location: Dedata_34.png_Mean-Closing.png
Component: component_1755501829210_143.png
centerX: 0.2724707779121322
centerY: 0.4205873966353008
width: 0.05038291011688835
height: 0.03222127174222983
Area: 0.0006376376055397697
CentroidX: 0.3008
CentroidY: 0.4345
