Location: internet_3.png_Mean-Medain.png
Component: component_1755094757522_83.png
centerX: 0.7593712212817413
centerY: 0.2172797262617622
width: 0.046352277307537285
height: 0.031080695751354435
Area: 0.00047558478942385856
CentroidX: 0.7855
CentroidY: 0.2312
