Location: Dedata_34.png_Mean-Closing.png
Component: component_1755501829187_66.png
centerX: 0.6126561870213624
centerY: 0.19731964642144284
width: 0.049576783555018135
height: 0.03307670373538637
Area: 0.0006393615716686625
CentroidX: 0.6408
CentroidY: 0.2110
