Location: internet_3.png_Mean-Medain.png
Component: component_1755094757807_173.png
centerX: 0.5763804917372027
centerY: 0.48417450812660395
width: 0.039500201531640466
height: 0.031936127744510975
Area: 0.0004382321899645173
CentroidX: 0.5975
CentroidY: 0.4992
