Location: Dedata_34.png_Mean-Medain.png
Component: component_1755501829400_254.png
centerX: 0.2478839177750907
centerY: 0.70544625035643
width: 0.04312777106005643
height: 0.03992015968063872
Area: 0.0005359236039351021
CentroidX: 0.2709
CentroidY: 0.7236
