Location: Dedata_34.png_Mean-Closing.png
Component: component_1755501829224_189.png
centerX: 0.9161628375654978
centerY: 0.5585970915312233
width: 0.04393389762192664
height: 0.030795551753635585
Area: 0.0005278784286669363
CentroidX: 0.9407
CentroidY: 0.5721
