Location: internet_3.png_Mean-Medain.png
Component: component_1755094757801_156.png
centerX: 0.5118903667875857
centerY: 0.43484459652124324
width: 0.041515517936316
height: 0.03136583974907328
Area: 0.00039662714072057417
CentroidX: 0.5339
CentroidY: 0.4497
