Location: internet_3.png_Gaussian-Closing.png
Component: component_1755094757047_75.png
centerX: 0.6328093510681176
centerY: 0.17479327060165384
width: 0.04232164449818621
height: 0.033932135728542916
Area: 0.0004985710044757609
CentroidX: 0.6552
CentroidY: 0.1910
