Location: internet_3.png_Mean-Medain.png
Component: component_1755094757487_13.png
centerX: 0.5860540104796453
centerY: 0.01454234388366125
width: 0.058444175735590485
height: 0.04875962360992301
Area: 0.0007230313944575868
CentroidX: 0.6194
CentroidY: 0.0371
