Location: Dedata_34.png_Gaussian-Median.png
Component: component_1755501828880_275.png
centerX: 0.13865376864167675
centerY: 0.7644710578842315
width: 0.04514308746473196
height: 0.030795551753635585
Area: 0.0004940886925406399
CentroidX: 0.1635
CentroidY: 0.7789
