Location: internet_3.png_Mean-Closing.png
Component: component_1755094757235_298.png
centerX: 0.22853688029020555
centerY: 0.7453664100370687
width: 0.037484885126964934
height: 0.03279155973766752
Area: 0.0004590347145864889
CentroidX: 0.2470
CentroidY: 0.7626
