Location: Dedata_34.png_Gaussian-Closing.png
Component: component_1755501829108_296.png
centerX: 0.3260781942765014
centerY: 0.866837753065298
width: 0.03667875856509472
height: 0.029654975762760195
Area: 0.00034870088233735787
CentroidX: 0.3468
CentroidY: 0.8806
