Location: internet_3.png_Mean-Closing.png
Component: component_1755094757214_190.png
centerX: 0.07214832728738411
centerY: 0.44083262047333904
width: 0.04191858121725111
height: 0.03450242372398061
Area: 0.0004389217764160744
CentroidX: 0.0941
CentroidY: 0.4577
