Location: internet_3.png_Gaussian-Closing.png
Component: component_1755094757058_120.png
centerX: 0.879081015719468
centerY: 0.3239235814086113
width: 0.046352277307537285
height: 0.034787567721699456
Area: 0.0005582202325354473
CentroidX: 0.9036
CentroidY: 0.3402
