Location: internet_3.png_Mean-Medain.png
Component: component_1755094757804_168.png
centerX: 0.860137041515518
centerY: 0.48246364414029086
width: 0.04070939137444579
height: 0.02765896777872826
Area: 0.00038536389534514205
CentroidX: 0.8821
CentroidY: 0.4957
