Location: internet_3.png_Mean-Closing.png
Component: component_1755094757219_215.png
centerX: 0.9157597742845627
centerY: 0.5340747077274023
width: 0.03869407496977025
height: 0.03165098374679213
Area: 0.000439496431792372
CentroidX: 0.9376
CentroidY: 0.5489
