Location: internet_3.png_Gaussian-Median.png
Component: component_1755094757310_78.png
centerX: 0.9411527609834744
centerY: 0.2155688622754491
width: 0.037484885126964934
height: 0.033361847733105215
Area: 0.00044225477759860025
CentroidX: 0.9613
CentroidY: 0.2324
