Location: internet_3.png_Mean-Closing.png
Component: component_1755094757206_151.png
centerX: 0.6388553002821443
centerY: 0.3299116053607072
width: 0.04433696090286175
height: 0.03307670373538637
Area: 0.0005336249824299118
CentroidX: 0.6637
CentroidY: 0.3452
