Location: Dedata_34.png_Mean-Medain.png
Component: component_1755501829345_44.png
centerX: 0.6711003627569528
centerY: 0.10436270316509838
width: 0.039500201531640466
height: 0.034787567721699456
Area: 0.0005751151005985955
CentroidX: 0.6939
CentroidY: 0.1191
