Location: Dedata_34.png_Mean-Closing.png
Component: component_1755501829253_267.png
centerX: 0.25957275292220877
centerY: 0.7644710578842315
width: 0.0471584038694075
height: 0.036213287710293696
Area: 0.0005210974952266251
CentroidX: 0.2863
CentroidY: 0.7806
