Location: internet_3.png_Gaussian-Closing.png
Component: component_1755094757064_146.png
centerX: 0.2015316404675534
centerY: 0.39093242087254065
width: 0.041112454655380895
height: 0.03165098374679213
Area: 0.00043765753458821976
CentroidX: 0.2236
CentroidY: 0.4058
