Location: Dedata_34.png_Mean-Medain.png
Component: component_1755501829365_107.png
centerX: 0.45787988714228134
centerY: 0.28970630168234957
width: 0.04030632809351068
height: 0.03364699173082407
Area: 0.0006532682317750634
CentroidX: 0.4814
CentroidY: 0.3040
