Location: Dedata_34.png_Mean-Closing.png
Component: component_1755501829265_296.png
centerX: 0.8730350665054414
centerY: 0.8671228970630168
width: 0.04070939137444579
height: 0.031080695751354435
Area: 0.00038375486029150886
CentroidX: 0.8964
CentroidY: 0.8810
