Location: internet_3.png_Mean-Closing.png
Component: component_1755094757188_72.png
centerX: 0.8653768641676743
centerY: 0.07613344739093242
width: 0.04191858121725111
height: 0.03735386370116909
Area: 0.0005497153329662434
CentroidX: 0.8876
CentroidY: 0.0936
