Location: Dedata_34.png_Gaussian-Closing.png
Component: component_1755501829099_258.png
centerX: 0.6303909713825071
centerY: 0.757912745936698
width: 0.049979846835953246
height: 0.034787567721699456
Area: 0.0004828254471652078
CentroidX: 0.6590
CentroidY: 0.7726
