Location: internet_3.png_Mean-Closing.png
Component: component_1755094757195_103.png
centerX: 0.6328093510681176
centerY: 0.17479327060165384
width: 0.04232164449818621
height: 0.03421727972626176
Area: 0.0005192585980224729
CentroidX: 0.6552
CentroidY: 0.1910
