Location: internet_3.png_Mean-Closing.png
Component: component_1755094757207_158.png
centerX: 0.19991938734381298
centerY: 0.34473909324208724
width: 0.04353083434099154
height: 0.03364699173082407
Area: 0.0004992605909273179
CentroidX: 0.2225
CentroidY: 0.3606
