Location: internet_3.png_Gaussian-Closing.png
Component: component_1755094757066_153.png
centerX: 0.8508665860540104
centerY: 0.42714570858283435
width: 0.03990326481257558
height: 0.03364699173082407
Area: 0.00039731672717213125
CentroidX: 0.8727
CentroidY: 0.4424
