Location: Dedata_34.png_Mean-Closing.png
Component: component_1755501829208_139.png
centerX: 0.9036678758565094
centerY: 0.382663244938694
width: 0.04917372027408303
height: 0.033361847733105215
Area: 0.0005936190037153768
CentroidX: 0.9326
CentroidY: 0.3966
