Location: Dedata_34.png_Mean-Closing.png
Component: component_1755501829194_85.png
centerX: 0.4977831519548569
centerY: 0.24550898203592814
width: 0.04030632809351068
height: 0.03136583974907328
Area: 0.0005618980269437517
CentroidX: 0.5198
CentroidY: 0.2587
