Location: Dedata_34.png_Mean-Closing.png
Component: component_1755501829211_146.png
centerX: 0.14913341394598953
centerY: 0.42172797262617623
width: 0.04514308746473196
height: 0.03279155973766752
Area: 0.0005525886098477312
CentroidX: 0.1722
CentroidY: 0.4368
