Location: internet_3.png_Gaussian-Median.png
Component: component_1755094757351_274.png
centerX: 0.3808948004836759
centerY: 0.7005988023952096
width: 0.037484885126964934
height: 0.03165098374679213
Area: 0.00041949842469721693
CentroidX: 0.4011
CentroidY: 0.7162
