Location: Samociqulo_1709_page_10.png_Gaussian-Median.png
Component: component_1755610056294_3164.png
centerX: 0.714987714987715
centerY: 0.7846875
width: 0.023095823095823097
height: 0.0153125
Area: 0.00017920761670761672
CentroidX: 0.7270
CentroidY: 0.7913
