Location: Dedata_34.png_Mean-Closing.png
Component: component_1755501829202_114.png
centerX: 0.7021362353889561
centerY: 0.3324779013401768
width: 0.05280128980249899
height: 0.03364699173082407
Area: 0.0006431542971522263
CentroidX: 0.7318
CentroidY: 0.3462
