Location: Dedata_34.png_Gaussian-Closing.png
Component: component_1755501829052_127.png
centerX: 0.1418782748891576
centerY: 0.37553464499572287
width: 0.0471584038694075
height: 0.03934987168520103
Area: 0.0005510945058693576
CentroidX: 0.1678
CentroidY: 0.3932
