Location: Dedata_34.png_Gaussian-Closing.png
Component: component_1755501829110_300.png
centerX: 0.44135429262394194
centerY: 0.86883376104933
width: 0.03667875856509472
height: 0.02623324779013402
Area: 0.0003455977433053511
CentroidX: 0.4629
CentroidY: 0.8797
