Location: internet_3.png_Gaussian-Closing.png
Component: component_1755094757113_230.png
centerX: 0.44014510278113667
centerY: 0.6418591388651269
width: 0.04232164449818621
height: 0.032506415739948676
Area: 0.0004628274400700528
CentroidX: 0.4634
CentroidY: 0.6565
