Location: internet_3.png_Mean-Closing.png
Component: component_1755094757235_297.png
centerX: 0.2809351068117695
centerY: 0.7450812660393499
width: 0.04353083434099154
height: 0.03364699173082407
Area: 0.0005187988737214349
CentroidX: 0.3038
CentroidY: 0.7613
