Location: internet_3.png_Gaussian-Closing.png
Component: component_1755094757061_131.png
centerX: 0.26320032245062475
centerY: 0.3444539492443684
width: 0.04353083434099154
height: 0.03421727972626176
Area: 0.00045868992136071035
CentroidX: 0.2863
CentroidY: 0.3611
