Location: Dedata_34.png_Gaussian-Median.png
Component: component_1755501828849_174.png
centerX: 0.8806932688432084
centerY: 0.469061876247505
width: 0.045949214026602174
height: 0.032506415739948676
Area: 0.0005638518552231634
CentroidX: 0.9046
CentroidY: 0.4841
