Location: Dedata_34.png_Mean-Medain.png
Component: component_1755501829412_274.png
centerX: 0.3200322450624748
centerY: 0.7627601938979185
width: 0.0471584038694075
height: 0.035642999714856
Area: 0.0005254648760864866
CentroidX: 0.3464
CentroidY: 0.7779
