Location: Dedata_34.png_Mean-Medain.png
Component: component_1755501829391_219.png
centerX: 0.264006449012495
centerY: 0.605930995152552
width: 0.04433696090286175
height: 0.033932135728542916
Area: 0.000565116097051018
CentroidX: 0.2863
CentroidY: 0.6221
