Location: Dedata_34.png_Mean-Medain.png
Component: component_1755501829376_152.png
centerX: 0.5110842402257154
centerY: 0.4205873966353008
width: 0.04232164449818621
height: 0.03279155973766752
Area: 0.0005587948879117449
CentroidX: 0.5338
CentroidY: 0.4365
