Location: Dedata_34.png_Gaussian-Closing.png
Component: component_1755501829054_135.png
centerX: 0.014107214832728738
centerY: 0.3783860849729113
width: 0.045949214026602174
height: 0.033361847733105215
Area: 0.000605112111241328
CentroidX: 0.0397
CentroidY: 0.3930
