Location: internet_3.png_Gaussian-Median.png
Component: component_1755094757343_228.png
centerX: 0.1946795646916566
centerY: 0.5913886512688908
width: 0.039500201531640466
height: 0.029940119760479042
Area: 0.00041329214663320335
CentroidX: 0.2151
CentroidY: 0.6056
