Location: internet_3.png_Mean-Medain.png
Component: component_1755094757844_290.png
centerX: 0.5981459089076985
centerY: 0.7416595380667237
width: 0.03869407496977025
height: 0.032506415739948676
Area: 0.00043558877523354857
CentroidX: 0.6186
CentroidY: 0.7577
