Location: Dedata_34.png_Mean-Closing.png
Component: component_1755501829197_97.png
centerX: 0.7013301088270859
centerY: 0.2874251497005988
width: 0.044740024183796856
height: 0.03307670373538637
Area: 0.0006484411266141638
CentroidX: 0.7258
CentroidY: 0.3018
