Location: internet_3.png_Gaussian-Closing.png
Component: component_1755094757041_44.png
centerX: 0.06771463119709795
centerY: 0.07641859138865127
width: 0.04393389762192664
height: 0.04077559167379527
Area: 0.0005776435842543047
CentroidX: 0.0916
CentroidY: 0.0957
