Location: internet_3.png_Gaussian-Median.png
Component: component_1755094757312_86.png
centerX: 0.3200322450624748
centerY: 0.23267750213858
width: 0.037484885126964934
height: 0.03706871970345024
Area: 0.0005243155653338915
CentroidX: 0.3401
CentroidY: 0.2519
