Location: Dedata_34.png_Gaussian-Closing.png
Component: component_1755501829070_165.png
centerX: 0.9363160016122531
centerY: 0.46763615625891075
width: 0.03869407496977025
height: 0.035357855717137156
Area: 0.0005600591297395995
CentroidX: 0.9573
CentroidY: 0.4828
