Location: internet_3.png_Mean-Medain.png
Component: component_1755094757509_42.png
centerX: 0.25191455058444173
centerY: 0.07812945537496435
width: 0.0475614671503426
height: 0.041060735671514116
Area: 0.0005660355456530941
CentroidX: 0.2774
CentroidY: 0.0979
