Location: Dedata_34.png_Mean-Medain.png
Component: component_1755501829373_137.png
centerX: 0.19991938734381298
centerY: 0.3772455089820359
width: 0.0475614671503426
height: 0.03877958368976333
Area: 0.0007572808548849212
CentroidX: 0.2285
CentroidY: 0.3940
