Location: Dedata_34.png_Mean-Medain.png
Component: component_1755501829362_101.png
centerX: 0.7617896009673518
centerY: 0.28542914171656686
width: 0.0471584038694075
height: 0.033361847733105215
Area: 0.0006522338520977278
CentroidX: 0.7877
CentroidY: 0.2996
