Location: Dedata_34.png_Mean-Closing.png
Component: component_1755501829178_31.png
centerX: 0.932285368802902
centerY: 0.09751924721984602
width: 0.03829101168883515
height: 0.03507271171941831
Area: 0.0005808616543615711
CentroidX: 0.9537
CentroidY: 0.1127
