Location: Dedata_34.png_Mean-Medain.png
Component: component_1755501829422_304.png
centerX: 0.38492543329302703
centerY: 0.8665526090675791
width: 0.02902055622732769
height: 0.029654975762760195
Area: 0.0003436439150259394
CentroidX: 0.4012
CentroidY: 0.8804
