Location: Dedata_34.png_Mean-Medain.png
Component: component_1755501829366_111.png
centerX: 0.33091495364772266
centerY: 0.29227259766181923
width: 0.04070939137444579
height: 0.03051040775591674
Area: 0.0005521288855466932
CentroidX: 0.3545
CentroidY: 0.3053
