Location: Dedata_34.png_Gaussian-Closing.png
Component: component_1755501829102_269.png
centerX: 0.20193470374848851
centerY: 0.765326489877388
width: 0.04554615074566707
height: 0.030795551753635585
Area: 0.0004844344822188409
CentroidX: 0.2272
CentroidY: 0.7792
