Location: Dedata_34.png_Mean-Closing.png
Component: component_1755501829255_277.png
centerX: 0.3841193067311568
centerY: 0.8155118334759053
width: 0.04393389762192664
height: 0.03507271171941831
Area: 0.000480182032434239
CentroidX: 0.4082
CentroidY: 0.8310
