Location: Dedata_34.png_Gaussian-Median.png
Component: component_1755501828873_248.png
centerX: 0.6174929463925837
centerY: 0.7025948103792415
width: 0.04232164449818621
height: 0.031936127744510975
Area: 0.00047523999619808005
CentroidX: 0.6418
CentroidY: 0.7169
