Location: internet_3.png_Gaussian-Median.png
Component: component_1755094757334_176.png
centerX: 0.39177750906892383
centerY: 0.48902195608782434
width: 0.04353083434099154
height: 0.033361847733105215
Area: 0.00041903870039617893
CentroidX: 0.4162
CentroidY: 0.5044
