Location: internet_3.png_Mean-Medain.png
Component: component_1755094757521_81.png
centerX: 0.8170092704554615
centerY: 0.21414314228685485
width: 0.04877065699314793
height: 0.03279155973766752
Area: 0.0005207527020008465
CentroidX: 0.8438
CentroidY: 0.2290
