Location: Dedata_34.png_Gaussian-Closing.png
Component: component_1755501829019_37.png
centerX: 0.14590890769850867
centerY: 0.1015112631879099
width: 0.04191858121725111
height: 0.03051040775591674
Area: 0.00035410264287455493
CentroidX: 0.1693
CentroidY: 0.1147
