Location: Dedata_34.png_Gaussian-Median.png
Component: component_1755501828846_164.png
centerX: 0.7033454252317614
centerY: 0.4662104362703165
width: 0.03829101168883515
height: 0.036783575705731396
Area: 0.0005363833282361402
CentroidX: 0.7229
CentroidY: 0.4837
