Location: Dedata_34.png_Mean-Closing.png
Component: component_1755501829200_105.png
centerX: 0.5731559854897219
centerY: 0.2919874536641004
width: 0.04433696090286175
height: 0.031936127744510975
Area: 0.0005961474873710861
CentroidX: 0.5985
CentroidY: 0.3056
