Location: internet_3.png_Gaussian-Median.png
Component: component_1755094757299_32.png
centerX: 0.012494961708988311
centerY: 0.07698887938408897
width: 0.04514308746473196
height: 0.040490447676076416
Area: 0.000574540445222298
CentroidX: 0.0357
CentroidY: 0.0971
