Location: Dedata_34.png_Mean-Medain.png
Component: component_1755501829400_253.png
centerX: 0.479242241031842
centerY: 0.7051611063587111
width: 0.049979846835953246
height: 0.033361847733105215
Area: 0.0005292576015700504
CentroidX: 0.5066
CentroidY: 0.7201
