Location: internet_3.png_Mean-Closing.png
Component: component_1755094757221_225.png
centerX: 0.3941958887545345
centerY: 0.5454804676361562
width: 0.03667875856509472
height: 0.02765896777872826
Area: 0.00039237469093597225
CentroidX: 0.4141
CentroidY: 0.5575
