Location: internet_3.png_Gaussian-Median.png
Component: component_1755094757302_45.png
centerX: 0.010882708585247884
centerY: 0.12974051896207583
width: 0.051189036678758564
height: 0.03992015968063872
Area: 0.0006022388343598403
CentroidX: 0.0389
CentroidY: 0.1490
