Location: internet_3.png_Gaussian-Median.png
Component: component_1755094757303_47.png
centerX: 0.4397420395002015
centerY: 0.1311662389506701
width: 0.05280128980249899
height: 0.03649843170801255
Area: 0.000550060126192022
CentroidX: 0.4699
CentroidY: 0.1477
