Location: internet_3.png_Mean-Medain.png
Component: component_1755094757846_294.png
centerX: 0.17130189439742038
centerY: 0.7459366980325064
width: 0.041515517936316
height: 0.03279155973766752
Area: 0.0004488058488883924
CentroidX: 0.1930
CentroidY: 0.7624
