Location: internet_3.png_Mean-Closing.png
Component: component_1755094757202_138.png
centerX: 0.4562676340185409
centerY: 0.28115198175078415
width: 0.046352277307537285
height: 0.034787567721699456
Area: 0.0005324756716773168
CentroidX: 0.4808
CentroidY: 0.2975
