Location: Dedata_34.png_Mean-Medain.png
Component: component_1755501829338_21.png
centerX: 0.14953647722692462
centerY: 0.05389221556886228
width: 0.04393389762192664
height: 0.033932135728542916
Area: 0.0005035130407119199
CentroidX: 0.1754
CentroidY: 0.0684
