Location: internet_3.png_Gaussian-Closing.png
Component: component_1755094757065_148.png
centerX: 0.009673518742442563
centerY: 0.39150270886797833
width: 0.044740024183796856
height: 0.030795551753635585
Area: 0.000490755691358114
CentroidX: 0.0346
CentroidY: 0.4061
