Location: internet_3.png_Gaussian-Closing.png
Component: component_1755094757063_142.png
centerX: 0.5046352277307538
centerY: 0.38637011690903905
width: 0.04433696090286175
height: 0.03051040775591674
Area: 0.00041961335577247647
CentroidX: 0.5299
CentroidY: 0.4002
