Location: Dedata_34.png_Gaussian-Closing.png
Component: component_1755501829087_216.png
centerX: 0.7408303103587264
centerY: 0.6070715711434275
width: 0.05038291011688835
height: 0.030795551753635585
Area: 0.0005677595117819868
CentroidX: 0.7688
CentroidY: 0.6207
