Location: Dedata_34.png_Gaussian-Closing.png
Component: component_1755501829017_31.png
centerX: 0.932285368802902
centerY: 0.09780439121756487
width: 0.03829101168883515
height: 0.034787567721699456
Area: 0.0005525886098477312
CentroidX: 0.9536
CentroidY: 0.1129
