Location: Dedata_34.png_Mean-Medain.png
Component: component_1755501829336_14.png
centerX: 0.6126561870213624
centerY: 0.013972055888223553
width: 0.045949214026602174
height: 0.034787567721699456
Area: 0.0005926995551133007
CentroidX: 0.6393
CentroidY: 0.0294
