Location: Dedata_34.png_Gaussian-Median.png
Component: component_1755501828805_11.png
centerX: 0.7525191455058444
centerY: 0.010835471913316224
width: 0.04433696090286175
height: 0.033361847733105215
Area: 0.000560633785115897
CentroidX: 0.7777
CentroidY: 0.0260
