Location: Dedata_34.png_Mean-Closing.png
Component: component_1755501829257_281.png
centerX: 0.2587666263603386
centerY: 0.8169375534644996
width: 0.04877065699314793
height: 0.033932135728542916
Area: 0.0004720219260908137
CentroidX: 0.2857
CentroidY: 0.8316
