Location: Dedata_34.png_Gaussian-Median.png
Component: component_1755501828832_130.png
centerX: 0.1418782748891576
centerY: 0.37524950099800397
width: 0.0471584038694075
height: 0.039635015682919876
Area: 0.0005518990233961742
CentroidX: 0.1677
CentroidY: 0.3932
