Location: Dedata_34.png_Gaussian-Median.png
Component: component_1755501828887_304.png
centerX: 0.38492543329302703
centerY: 0.8662674650698603
width: 0.02902055622732769
height: 0.029654975762760195
Area: 0.0003252549429844175
CentroidX: 0.4011
CentroidY: 0.8804
