Location: internet_3.png_Mean-Closing.png
Component: component_1755094757231_279.png
centerX: 0.17573559048770657
centerY: 0.7011690903906472
width: 0.03909713825070536
height: 0.03165098374679213
Area: 0.00045156419469462067
CentroidX: 0.1961
CentroidY: 0.7167
