Location: Paraklitoni_1720_page_10.png_Mean-Medain.png
Component: component_1755610055525_2091.png
centerX: 0.823170731707317
centerY: 0.7604010025062656
width: 0.01600609756097561
height: 0.014035087719298246
Area: 0.00012493123051531268
CentroidX: 0.8312
CentroidY: 0.7665
