Location: Dedata_34.png_Mean-Closing.png
Component: component_1755501829252_265.png
centerX: 0.0769850866586054
centerY: 0.7633304818933562
width: 0.045949214026602174
height: 0.033361847733105215
Area: 0.0005020189367335462
CentroidX: 0.1034
CentroidY: 0.7775
