Location: Dedata_34.png_Mean-Closing.png
Component: component_1755501829227_199.png
centerX: 0.44417573559048773
centerY: 0.5600228115198175
width: 0.04353083434099154
height: 0.033932135728542916
Area: 0.0005702879954376961
CentroidX: 0.4669
CentroidY: 0.5752
