Location: Dedata_34.png_Mean-Medain.png
Component: component_1755501829399_250.png
centerX: 0.4216041918581217
centerY: 0.7028799543769604
width: 0.03869407496977025
height: 0.035357855717137156
Area: 0.0004908706224333736
CentroidX: 0.4424
CentroidY: 0.7191
