Location: Dedata_34.png_Gaussian-Median.png
Component: component_1755501828823_90.png
centerX: 0.6154776299879081
centerY: 0.245794126033647
width: 0.045949214026602174
height: 0.03051040775591674
Area: 0.0005661504767283536
CentroidX: 0.6410
CentroidY: 0.2588
