Location: internet_3.png_Mean-Medain.png
Component: component_1755094757807_176.png
centerX: 0.5199516324062878
centerY: 0.48588537211291705
width: 0.03788794840790004
height: 0.031936127744510975
Area: 0.0004159355613641721
CentroidX: 0.5402
CentroidY: 0.5006
