Location: internet_3.png_Mean-Medain.png
Component: component_1755094757817_192.png
centerX: 0.6428859330914953
centerY: 0.5374964357000285
width: 0.03869407496977025
height: 0.03136583974907328
Area: 0.0004011094526556951
CentroidX: 0.6633
CentroidY: 0.5516
