Location: internet_3.png_Gaussian-Closing.png
Component: component_1755094757077_190.png
centerX: 0.6428859330914953
centerY: 0.5374964357000285
width: 0.03869407496977025
height: 0.03051040775591674
Area: 0.00036053878308908754
CentroidX: 0.6636
CentroidY: 0.5518
