Location: Dedata_34.png_Mean-Medain.png
Component: component_1755501829334_6.png
centerX: 0.479242241031842
centerY: 0.008269175933846592
width: 0.039500201531640466
height: 0.032506415739948676
Area: 0.0006137319418857914
CentroidX: 0.5006
CentroidY: 0.0234
