Location: internet_3.png_Mean-Medain.png
Component: component_1755094757789_136.png
centerX: 0.7412333736396615
centerY: 0.3812375249500998
width: 0.03909713825070536
height: 0.03307670373538637
Area: 0.0004219119772776667
CentroidX: 0.7624
CentroidY: 0.3965
