Location: internet_3.png_Mean-Closing.png
Component: component_1755094757194_98.png
centerX: 0.81136638452237
centerY: 0.16852010265183917
width: 0.04433696090286175
height: 0.032506415739948676
Area: 0.00043972629394289095
CentroidX: 0.8359
CentroidY: 0.1837
