Location: Dedata_34.png_Mean-Closing.png
Component: component_1755501829197_100.png
centerX: 0.45787988714228134
centerY: 0.28970630168234957
width: 0.04030632809351068
height: 0.03364699173082407
Area: 0.0006537279560761014
CentroidX: 0.4814
CentroidY: 0.3039
