Location: Dedata_34.png_Mean-Medain.png
Component: component_1755501829338_23.png
centerX: 0.08585247883917775
centerY: 0.054177359566581124
width: 0.04030632809351068
height: 0.03877958368976333
Area: 0.0004946633479169375
CentroidX: 0.1092
CentroidY: 0.0705
