Location: Dedata_34.png_Gaussian-Closing.png
Component: component_1755501829013_22.png
centerX: 0.9222087867795243
centerY: 0.05503279155973767
width: 0.03990326481257558
height: 0.031080695751354435
Area: 0.00037237668384081725
CentroidX: 0.9452
CentroidY: 0.0684
