Location: Dedata_34.png_Gaussian-Median.png
Component: component_1755501828888_309.png
centerX: 0.5679161628375655
centerY: 0.8674080410607357
width: 0.04070939137444579
height: 0.031936127744510975
Area: 0.0003592745412612329
CentroidX: 0.5910
CentroidY: 0.8812
