Location: Dedata_34.png_Mean-Closing.png
Component: component_1755501829184_54.png
centerX: 0.07134220072551391
centerY: 0.151981750784146
width: 0.04191858121725111
height: 0.03364699173082407
Area: 0.0005482212289878698
CentroidX: 0.0958
CentroidY: 0.1667
