Location: Dedata_34.png_Gaussian-Median.png
Component: component_1755501828857_208.png
centerX: 0.0765820233776703
centerY: 0.5614485315084118
width: 0.05199516324062878
height: 0.03279155973766752
Area: 0.0005377625011392542
CentroidX: 0.1058
CentroidY: 0.5755
