Location: internet_3.png_Mean-Medain.png
Component: component_1755094757798_152.png
centerX: 0.7964530431277711
centerY: 0.4291417165668663
width: 0.04191858121725111
height: 0.035642999714856
Area: 0.0004299571525458325
CentroidX: 0.8211
CentroidY: 0.4452
