Location: Dedata_34.png_Mean-Closing.png
Component: component_1755501829181_47.png
centerX: 0.9298669891172914
centerY: 0.1485600228115198
width: 0.03829101168883515
height: 0.032506415739948676
Area: 0.0005818960340389067
CentroidX: 0.9515
CentroidY: 0.1630
