Location: Dedata_34.png_Gaussian-Closing.png
Component: component_1755501829028_73.png
centerX: 0.21039903264812576
centerY: 0.20017108639863132
width: 0.04353083434099154
height: 0.029654975762760195
Area: 0.0005229363924307773
CentroidX: 0.2357
CentroidY: 0.2122
