Location: Dedata_34.png_Mean-Closing.png
Component: component_1755501829210_142.png
centerX: 0.3349455864570738
centerY: 0.4163102366695181
width: 0.044740024183796856
height: 0.030795551753635585
Area: 0.0005139717685605354
CentroidX: 0.3606
CentroidY: 0.4285
