Location: Dedata_34.png_Gaussian-Median.png
Component: component_1755501828826_102.png
centerX: 0.5163240628778718
centerY: 0.2894211576846307
width: 0.04070939137444579
height: 0.03279155973766752
Area: 0.0005818960340389067
CentroidX: 0.5405
CentroidY: 0.3037
