Location: internet_3.png_Gaussian-Closing.png
Component: component_1755094757062_138.png
centerX: 0.6852075775896815
centerY: 0.3812375249500998
width: 0.04030632809351068
height: 0.03136583974907328
Area: 0.00040306328093510683
CentroidX: 0.7070
CentroidY: 0.3961
