Location: internet_3.png_Mean-Closing.png
Component: component_1755094757213_187.png
centerX: 0.566303909713825
centerY: 0.4354148845166809
width: 0.041112454655380895
height: 0.029940119760479042
Area: 0.00036950340695932944
CentroidX: 0.5889
CentroidY: 0.4490
