Location: internet_3.png_Mean-Medain.png
Component: component_1755094757846_295.png
centerX: 0.34421604191858124
centerY: 0.7459366980325064
width: 0.03788794840790004
height: 0.03421727972626176
Area: 0.0004529433675977348
CentroidX: 0.3637
CentroidY: 0.7630
