Location: Dedata_34.png_Mean-Medain.png
Component: component_1755501829387_200.png
centerX: 0.7464731962918179
centerY: 0.5588822355289421
width: 0.04353083434099154
height: 0.03051040775591674
Area: 0.0004899511738312975
CentroidX: 0.7690
CentroidY: 0.5723
