Location: internet_3.png_Gaussian-Closing.png
Component: component_1755094757068_162.png
centerX: 0.07214832728738411
centerY: 0.44083262047333904
width: 0.04191858121725111
height: 0.03450242372398061
Area: 0.000414556388461058
CentroidX: 0.0941
CentroidY: 0.4577
