Location: Dedata_34.png_Gaussian-Median.png
Component: component_1755501828887_305.png
centerX: 0.8158000806126562
centerY: 0.8665526090675791
width: 0.03990326481257558
height: 0.027944111776447105
Area: 0.0003369779126608877
CentroidX: 0.8380
CentroidY: 0.8788
