Location: internet_3.png_Gaussian-Closing.png
Component: component_1755094757069_163.png
centerX: 0.13260781942765015
centerY: 0.44083262047333904
width: 0.04191858121725111
height: 0.034787567721699456
Area: 0.00042903770394375643
CentroidX: 0.1563
CentroidY: 0.4567
