Location: internet_3.png_Mean-Closing.png
Component: component_1755094757189_77.png
centerX: 0.4429665457476824
centerY: 0.07755916737952666
width: 0.04433696090286175
height: 0.03792415169660679
Area: 0.000540635778020742
CentroidX: 0.4671
CentroidY: 0.0950
