Location: internet_3.png_Gaussian-Median.png
Component: component_1755094757337_187.png
centerX: 0.8077388149939541
centerY: 0.5349301397205589
width: 0.03990326481257558
height: 0.029940119760479042
Area: 0.0004082351793217848
CentroidX: 0.8289
CentroidY: 0.5492
