Location: Dedata_34.png_Gaussian-Median.png
Component: component_1755501828809_22.png
centerX: 0.08585247883917775
centerY: 0.054177359566581124
width: 0.04030632809351068
height: 0.038209295694325636
Area: 0.0004760445137248966
CentroidX: 0.1092
CentroidY: 0.0705
