Location: Dedata_34.png_Mean-Closing.png
Component: component_1755501829217_161.png
centerX: 0.580814187827489
centerY: 0.46706586826347307
width: 0.04433696090286175
height: 0.034787567721699456
Area: 0.000550060126192022
CentroidX: 0.6042
CentroidY: 0.4824
