Location: Dedata_34.png_Mean-Medain.png
Component: component_1755501829421_301.png
centerX: 0.26440951229343007
centerY: 0.8645566010835471
width: 0.03829101168883515
height: 0.02879954376960365
Area: 0.0003722617527655577
CentroidX: 0.2871
CentroidY: 0.8765
