Location: Dedata_34.png_Mean-Medain.png
Component: component_1755501829339_25.png
centerX: 0.4651350261991133
centerY: 0.05645851154833191
width: 0.03869407496977025
height: 0.03051040775591674
Area: 0.00039662714072057417
CentroidX: 0.4869
CentroidY: 0.0698
