Location: Dedata_34.png_Mean-Closing.png
Component: component_1755501829205_124.png
centerX: 0.5183393792825474
centerY: 0.3376104932991161
width: 0.04070939137444579
height: 0.029940119760479042
Area: 0.0006005148682309475
CentroidX: 0.5405
CentroidY: 0.3511
