Location: Dedata_34.png_Mean-Medain.png
Component: component_1755501829369_125.png
centerX: 0.6360338573155986
centerY: 0.3341887653264899
width: 0.044740024183796856
height: 0.03165098374679213
Area: 0.0005450031588806035
CentroidX: 0.6616
CentroidY: 0.3474
