Location: Dedata_34.png_Gaussian-Median.png
Component: component_1755501828837_146.png
centerX: 0.45223700120918986
centerY: 0.41602509267179927
width: 0.04030632809351068
height: 0.032506415739948676
Area: 0.0005058116622171101
CentroidX: 0.4754
CentroidY: 0.4301
