Location: Dedata_34.png_Mean-Medain.png
Component: component_1755501829335_10.png
centerX: 0.22168480451430875
centerY: 0.010265183917878529
width: 0.04353083434099154
height: 0.03222127174222983
Area: 0.0006130423554342343
CentroidX: 0.2475
CentroidY: 0.0248
