Location: Dedata_34.png_Gaussian-Median.png
Component: component_1755501828880_272.png
centerX: 0.012091898428053204
centerY: 0.7613344739093242
width: 0.04675534058847239
height: 0.033932135728542916
Area: 0.0005106387673780096
CentroidX: 0.0388
CentroidY: 0.7768
