Location: Dedata_34.png_Mean-Closing.png
Component: component_1755501829229_204.png
centerX: 0.6223297057638049
centerY: 0.5640148274878813
width: 0.04353083434099154
height: 0.031080695751354435
Area: 0.0004798372392084605
CentroidX: 0.6456
CentroidY: 0.5780
