Location: internet_3.png_Mean-Closing.png
Component: component_1755094757197_114.png
centerX: 0.8762595727529222
centerY: 0.2132877102936983
width: 0.04353083434099154
height: 0.034787567721699456
Area: 0.0005189138047966944
CentroidX: 0.9019
CentroidY: 0.2286
