Location: Dedata_34.png_Gaussian-Closing.png
Component: component_1755501829011_13.png
centerX: 0.6126561870213624
centerY: 0.014257199885942401
width: 0.04554615074566707
height: 0.03421727972626176
Area: 0.0005709775818892531
CentroidX: 0.6392
CentroidY: 0.0296
