Location: internet_3.png_Gaussian-Closing.png
Component: component_1755094757069_166.png
centerX: 0.32365981459089077
centerY: 0.4411177644710579
width: 0.041515517936316
height: 0.02765896777872826
Area: 0.00034732170943424376
CentroidX: 0.3462
CentroidY: 0.4532
