Location: Kurtxevani_1794_page_10.png_Mean-Medain.png
Component: component_1755610054891_1169.png
centerX: 0.309760374050263
centerY: 0.33274570295284267
width: 0.018118059614260665
height: 0.01630674305861613
Area: 0.00017232235149689909
CentroidX: 0.3187
CentroidY: 0.3401
