Location: Dedata_34.png_Mean-Closing.png
Component: component_1755501829179_38.png
centerX: 0.8657799274486094
centerY: 0.10322212717422298
width: 0.0475614671503426
height: 0.031080695751354435
Area: 0.0005767241356522286
CentroidX: 0.8913
CentroidY: 0.1161
