Location: Dedata_34.png_Mean-Medain.png
Component: component_1755501829352_78.png
centerX: 0.8710197501007658
centerY: 0.19931565440547477
width: 0.04836759371221282
height: 0.03279155973766752
Area: 0.0005704029265129556
CentroidX: 0.8986
CentroidY: 0.2122
