Location: internet_3.png_Mean-Closing.png
Component: component_1755094757192_91.png
centerX: 0.3776702942361951
centerY: 0.13202167094382664
width: 0.04796453043127771
height: 0.03735386370116909
Area: 0.0005597143365138209
CentroidX: 0.4043
CentroidY: 0.1490
