Location: Dedata_34.png_Gaussian-Median.png
Component: component_1755501828879_268.png
centerX: 0.5106811769447803
centerY: 0.7584830339321357
width: 0.04393389762192664
height: 0.03649843170801255
Area: 0.0005054668689913316
CentroidX: 0.5362
CentroidY: 0.7744
