Location: internet_3.png_Mean-Medain.png
Component: component_1755094757779_128.png
centerX: 0.26279725916968966
centerY: 0.3444539492443684
width: 0.04393389762192664
height: 0.03421727972626176
Area: 0.0004778834109290488
CentroidX: 0.2863
CentroidY: 0.3610
