Location: Kurtxevani_1794_page_10.png_Mean-Medain.png
Component: component_1755610055075_2341.png
centerX: 0.4330800701344243
centerY: 0.7412957249889819
width: 0.028053769725306838
height: 0.0246804759806082
Area: 0.00030987113430608316
CentroidX: 0.4473
CentroidY: 0.7531
