Location: Dedata_34.png_Gaussian-Closing.png
Component: component_1755501829044_111.png
centerX: 0.1946795646916566
centerY: 0.33105218135158254
width: 0.04312777106005643
height: 0.030795551753635585
Area: 0.0005768390667274882
CentroidX: 0.2189
CentroidY: 0.3442
