Location: internet_3.png_Gaussian-Closing.png
Component: component_1755094757048_77.png
centerX: 0.5042321644498187
centerY: 0.17964071856287425
width: 0.04030632809351068
height: 0.030795551753635585
Area: 0.0004369679481366627
CentroidX: 0.5257
CentroidY: 0.1947
