Location: internet_3.png_Mean-Closing.png
Component: component_1755094757196_110.png
centerX: 0.3853284965739621
centerY: 0.18420302252637583
width: 0.03990326481257558
height: 0.03222127174222983
Area: 0.0004714472707145161
CentroidX: 0.4075
CentroidY: 0.1995
