Location: internet_3.png_Mean-Closing.png
Component: component_1755094757207_156.png
centerX: 0.06690850463522773
centerY: 0.34302822925577414
width: 0.044740024183796856
height: 0.034787567721699456
Area: 0.0004917900710354496
CentroidX: 0.0908
CentroidY: 0.3596
