Location: Dedata_34.png_Mean-Closing.png
Component: component_1755501829172_6.png
centerX: 0.07940346634421604
centerY: 0.008839463929284289
width: 0.04191858121725111
height: 0.029940119760479042
Area: 0.0005751151005985955
CentroidX: 0.1040
CentroidY: 0.0218
