Location: Dedata_34.png_Mean-Closing.png
Component: component_1755501829217_163.png
centerX: 0.5227730753728336
centerY: 0.4679213002566296
width: 0.04191858121725111
height: 0.029369831765041345
Area: 0.0005066161797439267
CentroidX: 0.5459
CentroidY: 0.4807
