Location: internet_3.png_Mean-Medain.png
Component: component_1755094757836_259.png
centerX: 0.638049173720274
centerY: 0.6963216424294268
width: 0.042724707779121324
height: 0.03165098374679213
Area: 0.0004630573022205718
CentroidX: 0.6622
CentroidY: 0.7103
