Location: Dedata_34.png_Gaussian-Median.png
Component: component_1755501828828_111.png
centerX: 0.26360338573155984
centerY: 0.2928428856572569
width: 0.044740024183796856
height: 0.03022526375819789
Area: 0.000584424517694616
CentroidX: 0.2897
CentroidY: 0.3058
