Location: Dedata_34.png_Gaussian-Median.png
Component: component_1755501828806_14.png
centerX: 0.6122531237404273
centerY: 0.014257199885942401
width: 0.046352277307537285
height: 0.03421727972626176
Area: 0.0005729314101686648
CentroidX: 0.6392
CentroidY: 0.0296
