Location: internet_3.png_Gaussian-Median.png
Component: component_1755094757313_91.png
centerX: 0.0773881499395405
centerY: 0.24009124607927004
width: 0.04353083434099154
height: 0.03792415169660679
Area: 0.0005513243680198767
CentroidX: 0.1003
CentroidY: 0.2592
