Location: Dedata_34.png_Gaussian-Median.png
Component: component_1755501828825_96.png
centerX: 0.012091898428053204
centerY: 0.25263758197889935
width: 0.04353083434099154
height: 0.031080695751354435
Area: 0.0005630473376963468
CentroidX: 0.0373
CentroidY: 0.2661
