Location: Dedata_34.png_Mean-Medain.png
Component: component_1755501829379_164.png
centerX: 0.4042724707779121
centerY: 0.46506986027944114
width: 0.04433696090286175
height: 0.029369831765041345
Area: 0.0005205228398503276
CentroidX: 0.4291
CentroidY: 0.4779
