Location: internet_3.png_Mean-Closing.png
Component: component_1755094757226_253.png
centerX: 0.6348246674727932
centerY: 0.6398631308810949
width: 0.04070939137444579
height: 0.033361847733105215
Area: 0.00048064175673527706
CentroidX: 0.6561
CentroidY: 0.6564
