Location: internet_3.png_Gaussian-Closing.png
Component: component_1755094757070_169.png
centerX: 0.860137041515518
centerY: 0.48246364414029086
width: 0.04030632809351068
height: 0.02765896777872826
Area: 0.000349850193089953
CentroidX: 0.8820
CentroidY: 0.4958
