Location: internet_3.png_Gaussian-Closing.png
Component: component_1755094757071_171.png
centerX: 0.958484482063684
centerY: 0.4833190761334474
width: 0.03305118903667876
height: 0.032506415739948676
Area: 0.00039628234749479566
CentroidX: 0.9765
CentroidY: 0.4986
