Location: internet_3.png_Gaussian-Median.png
Component: component_1755094757322_126.png
centerX: 0.3252720677146312
centerY: 0.3450242372398061
width: 0.03909713825070536
height: 0.03022526375819789
Area: 0.000534314568881469
CentroidX: 0.3472
CentroidY: 0.3589
