Location: Paraklitoni_1720_page_10.png_Mean-Medain.png
Component: component_1755610055166_126.png
centerX: 0.6814024390243902
centerY: 0.05664160401002506
width: 0.01676829268292683
height: 0.013032581453634085
Area: 0.00011346964973409133
CentroidX: 0.6900
CentroidY: 0.0622
