Location: Dedata_34.png_Mean-Closing.png
Component: component_1755501829231_212.png
centerX: 0.32285368802902054
centerY: 0.6062161391502708
width: 0.04353083434099154
height: 0.03421727972626176
Area: 0.0005494854708157245
CentroidX: 0.3458
CentroidY: 0.6212
