Location: internet_3.png_Mean-Medain.png
Component: component_1755094757528_95.png
centerX: 0.0773881499395405
centerY: 0.24009124607927004
width: 0.04353083434099154
height: 0.03792415169660679
Area: 0.0005727015480181457
CentroidX: 0.1002
CentroidY: 0.2592
