Location: internet_3.png_Gaussian-Closing.png
Component: component_1755094757066_154.png
centerX: 0.7972591696896413
centerY: 0.4291417165668663
width: 0.041112454655380895
height: 0.03507271171941831
Area: 0.00040501710921451853
CentroidX: 0.8209
CentroidY: 0.4450
