Location: Dedata_34.png_Gaussian-Median.png
Component: component_1755501828885_298.png
centerX: 0.06852075775896815
centerY: 0.8614200171086399
width: 0.042724707779121324
height: 0.027944111776447105
Area: 0.00040271848770932826
CentroidX: 0.0922
CentroidY: 0.8736
