Location: Dedata_34.png_Mean-Medain.png
Component: component_1755501829367_117.png
centerX: 0.1946795646916566
centerY: 0.3307670373538637
width: 0.04312777106005643
height: 0.031080695751354435
Area: 0.0005962624184463457
CentroidX: 0.2191
CentroidY: 0.3442
