Location: internet_3.png_Gaussian-Median.png
Component: component_1755094757343_230.png
centerX: 0.012898024989923419
centerY: 0.592814371257485
width: 0.045949214026602174
height: 0.03792415169660679
Area: 0.0005370729146876972
CentroidX: 0.0377
CentroidY: 0.6117
