Location: internet_3.png_Mean-Closing.png
Component: component_1755094757201_134.png
centerX: 0.7073760580411125
centerY: 0.2754491017964072
width: 0.04836759371221282
height: 0.033361847733105215
Area: 0.0005191436669472134
CentroidX: 0.7337
CentroidY: 0.2908
