Location: Dedata_34.png_Mean-Closing.png
Component: component_1755501829236_229.png
centerX: 0.8750503829101169
centerY: 0.6555460507556315
width: 0.04514308746473196
height: 0.035357855717137156
Area: 0.0005544275070518835
CentroidX: 0.9003
CentroidY: 0.6713
