Location: internet_3.png_Gaussian-Closing.png
Component: component_1755094757041_45.png
centerX: 0.6823861346231358
centerY: 0.07641859138865127
width: 0.04353083434099154
height: 0.03735386370116909
Area: 0.0005055818000665911
CentroidX: 0.7061
CentroidY: 0.0939
