Location: internet_3.png_Mean-Medain.png
Component: component_1755094757491_21.png
centerX: 0.25110842402257155
centerY: 0.01710863986313088
width: 0.049576783555018135
height: 0.04134587966923296
Area: 0.0005764942735017097
CentroidX: 0.2786
CentroidY: 0.0362
