Location: internet_3.png_Gaussian-Median.png
Component: component_1755094757336_184.png
centerX: 0.7569528415961306
centerY: 0.5332192757342458
width: 0.035872632003224506
height: 0.03364699173082407
Area: 0.0004052469713650375
CentroidX: 0.7749
CentroidY: 0.5504
