Location: internet_3.png_Gaussian-Closing.png
Component: component_1755094757042_49.png
centerX: 0.25191455058444173
centerY: 0.07812945537496435
width: 0.0475614671503426
height: 0.041060735671514116
Area: 0.0005461524696331986
CentroidX: 0.2774
CentroidY: 0.0980
