Location: Dedata_34.png_Gaussian-Median.png
Component: component_1755501828886_299.png
centerX: 0.13139862958484483
centerY: 0.863130881094953
width: 0.04312777106005643
height: 0.029654975762760195
Area: 0.00039363893276382687
CentroidX: 0.1550
CentroidY: 0.8760
