Location: Dedata_34.png_Mean-Closing.png
Component: component_1755501829262_287.png
centerX: 0.13139862958484483
centerY: 0.863130881094953
width: 0.04312777106005643
height: 0.029654975762760195
Area: 0.00040961435222489897
CentroidX: 0.1551
CentroidY: 0.8760
