Location: Dedata_34.png_Gaussian-Median.png
Component: component_1755501828854_191.png
centerX: 0.010479645304312777
centerY: 0.5169660678642715
width: 0.04232164449818621
height: 0.02765896777872826
Area: 0.0004701830288866615
CentroidX: 0.0349
CentroidY: 0.5288
