Location: Dedata_34.png_Mean-Medain.png
Component: component_1755501829368_119.png
centerX: 0.3297057638049174
centerY: 0.3319076133447391
width: 0.041112454655380895
height: 0.03136583974907328
Area: 0.0005889068296297369
CentroidX: 0.3536
CentroidY: 0.3457
