Location: internet_3.png_Gaussian-Closing.png
Component: component_1755094757124_255.png
centerX: 0.013301088270858524
centerY: 0.7037353863701169
width: 0.03990326481257558
height: 0.03421727972626176
Area: 0.0004790327216816439
CentroidX: 0.0333
CentroidY: 0.7220
