Location: internet_3.png_Mean-Medain.png
Component: component_1755094757829_241.png
centerX: 0.9560661023780733
centerY: 0.6401482748788138
width: 0.032245062474808545
height: 0.032506415739948676
Area: 0.00045363295404929186
CentroidX: 0.9727
CentroidY: 0.6565
