Location: Dedata_34.png_Gaussian-Median.png
Component: component_1755501828869_230.png
centerX: 0.44740024183796856
centerY: 0.6538351867693185
width: 0.04312777106005643
height: 0.032506415739948676
Area: 0.00048535393082091703
CentroidX: 0.4695
CentroidY: 0.6691
