Location: internet_3.png_Mean-Closing.png
Component: component_1755094757219_216.png
centerX: 0.8081418782748891
centerY: 0.5346449957228401
width: 0.039500201531640466
height: 0.03022526375819789
Area: 0.0004105338008269751
CentroidX: 0.8290
CentroidY: 0.5486
