Location: Dedata_34.png_Gaussian-Median.png
Component: component_1755501828871_239.png
centerX: 0.3280935106811769
centerY: 0.6586826347305389
width: 0.04433696090286175
height: 0.03165098374679213
Area: 0.0004962723829705706
CentroidX: 0.3507
CentroidY: 0.6730
