Location: internet_3.png_Mean-Medain.png
Component: component_1755094757514_60.png
centerX: 0.07577589681580008
centerY: 0.13373253493013973
width: 0.04353083434099154
height: 0.03364699173082407
Area: 0.0005369579836124377
CentroidX: 0.0992
CentroidY: 0.1500
