Location: internet_3.png_Mean-Medain.png
Component: component_1755094757802_157.png
centerX: 0.566303909713825
centerY: 0.4351297405189621
width: 0.041112454655380895
height: 0.03022526375819789
Area: 0.00037479023642126696
CentroidX: 0.5889
CentroidY: 0.4490
