Location: Dedata_34.png_Mean-Medain.png
Component: component_1755501829410_270.png
centerX: 0.4506247480854494
centerY: 0.75990875392073
width: 0.04796453043127771
height: 0.036213287710293696
Area: 0.0005297173258710884
CentroidX: 0.4772
CentroidY: 0.7761
