Location: Dedata_34.png_Mean-Closing.png
Component: component_1755501829192_78.png
centerX: 0.7444578798871423
centerY: 0.24094667807242656
width: 0.04554615074566707
height: 0.029940119760479042
Area: 0.0006423497796254098
CentroidX: 0.7696
CentroidY: 0.2542
