Location: Dedata_34.png_Gaussian-Closing.png
Component: component_1755501829096_242.png
centerX: 0.6174929463925837
centerY: 0.7025948103792415
width: 0.04232164449818621
height: 0.031936127744510975
Area: 0.00047627437587541565
CentroidX: 0.6418
CentroidY: 0.7169
