Location: Dedata_34.png_Mean-Closing.png
Component: component_1755501829252_263.png
centerX: 0.012494961708988311
centerY: 0.761619617907043
width: 0.045949214026602174
height: 0.03364699173082407
Area: 0.0005266141868390817
CentroidX: 0.0389
CentroidY: 0.7767
