Location: internet_3.png_Mean-Medain.png
Component: component_1755094757796_144.png
centerX: 0.32567513099556633
centerY: 0.39093242087254065
width: 0.041515517936316
height: 0.03450242372398061
Area: 0.0004619079914679767
CentroidX: 0.3487
CentroidY: 0.4066
