Location: internet_3.png_Gaussian-Closing.png
Component: component_1755094757110_223.png
centerX: 0.9081015719467956
centerY: 0.6387225548902196
width: 0.03466344216041919
height: 0.032506415739948676
Area: 0.000405132040289778
CentroidX: 0.9263
CentroidY: 0.6550
