Location: Dedata_34.png_Mean-Medain.png
Component: component_1755501829403_257.png
centerX: 0.1950826279725917
centerY: 0.7071571143427431
width: 0.039500201531640466
height: 0.033361847733105215
Area: 0.0005099491809264525
CentroidX: 0.2163
CentroidY: 0.7223
