Location: Dedata_34.png_Gaussian-Closing.png
Component: component_1755501829010_7.png
centerX: 0.07940346634421604
centerY: 0.009124607927003137
width: 0.04191858121725111
height: 0.029654975762760195
Area: 0.0005518990233961742
CentroidX: 0.1039
CentroidY: 0.0219
