Location: internet_3.png_Gaussian-Closing.png
Component: component_1755094757113_231.png
centerX: 0.30995566303909716
centerY: 0.6429997148560023
width: 0.045949214026602174
height: 0.033361847733105215
Area: 0.00046363195759686936
CentroidX: 0.3348
CentroidY: 0.6585
