Location: Dedata_34.png_Gaussian-Median.png
Component: component_1755501828877_262.png
centerX: 0.6928657799274486
centerY: 0.7556315939549473
width: 0.04917372027408303
height: 0.037639007698887936
Area: 0.0005258096693122651
CentroidX: 0.7225
CentroidY: 0.7714
