Location: Dedata_34.png_Mean-Closing.png
Component: component_1755501829175_20.png
centerX: 0.22087867795243854
centerY: 0.05360707157114343
width: 0.03990326481257558
height: 0.031936127744510975
Area: 0.00046857399383302837
CentroidX: 0.2439
CentroidY: 0.0673
