Location: internet_3.png_Gaussian-Median.png
Component: component_1755094757331_168.png
centerX: 0.9149536477226925
centerY: 0.4833190761334474
width: 0.03788794840790004
height: 0.03051040775591674
Area: 0.00035847002373441634
CentroidX: 0.9360
CentroidY: 0.4979
