Location: internet_3.png_Mean-Closing.png
Component: component_1755094757225_247.png
centerX: 0.07496977025392987
centerY: 0.5930995152552039
width: 0.041112454655380895
height: 0.03307670373538637
Area: 0.00046868892490828785
CentroidX: 0.0960
CentroidY: 0.6092
