Location: Dedata_34.png_Mean-Closing.png
Component: component_1755501829195_90.png
centerX: 0.20032245062474807
centerY: 0.24864556601083548
width: 0.04796453043127771
height: 0.03022526375819789
Area: 0.0005920099686617437
CentroidX: 0.2277
CentroidY: 0.2615
