Location: Dedata_34.png_Gaussian-Closing.png
Component: component_1755501829051_124.png
centerX: 0.77347843611447
centerY: 0.33646991730824066
width: 0.05078597339782346
height: 0.030795551753635585
Area: 0.0006317761207015347
CentroidX: 0.8016
CentroidY: 0.3501
