Location: internet_3.png_Gaussian-Closing.png
Component: component_1755094757130_272.png
centerX: 0.11124546553808948
centerY: 0.7476475620188195
width: 0.041515517936316
height: 0.032506415739948676
Area: 0.00041168311157957016
CentroidX: 0.1333
CentroidY: 0.7630
