Location: Paraklitoni_1720_page_10.png_Mean-Medain.png
Component: component_1755610055322_1179.png
centerX: 0.17301829268292682
centerY: 0.42506265664160403
width: 0.01600609756097561
height: 0.014035087719298246
Area: 0.00012340301974448316
CentroidX: 0.1805
CentroidY: 0.4314
