Location: internet_3.png_Mean-Medain.png
Component: component_1755094757779_126.png
centerX: 0.13583232567513098
centerY: 0.3438836612489307
width: 0.04232164449818621
height: 0.03279155973766752
Area: 0.0004937438993148613
CentroidX: 0.1594
CentroidY: 0.3592
