Location: Dedata_34.png_Gaussian-Closing.png
Component: component_1755501829012_17.png
centerX: 0.017331721080209594
centerY: 0.05303678357570573
width: 0.0471584038694075
height: 0.030795551753635585
Area: 0.00041662514781572917
CentroidX: 0.0437
CentroidY: 0.0665
