Location: internet_3.png_Mean-Medain.png
Component: component_1755094757810_181.png
centerX: 0.19951632406287786
centerY: 0.49500998003992014
width: 0.039500201531640466
height: 0.029654975762760195
Area: 0.0003949031745916815
CentroidX: 0.2206
CentroidY: 0.5086
