Location: internet_3.png_Gaussian-Median.png
Component: component_1755094757309_74.png
centerX: 0.13825070536074163
centerY: 0.18619903051040776
width: 0.042724707779121324
height: 0.03450242372398061
Area: 0.0004930543128633043
CentroidX: 0.1624
CentroidY: 0.2023
