Location: Dedata_34.png_Gaussian-Closing.png
Component: component_1755501829036_93.png
centerX: 0.012091898428053204
centerY: 0.25263758197889935
width: 0.04353083434099154
height: 0.031080695751354435
Area: 0.0005639667862984229
CentroidX: 0.0373
CentroidY: 0.2661
