Location: Dedata_34.png_Mean-Medain.png
Component: component_1755501829341_30.png
centerX: 0.6654574768238614
centerY: 0.06016538351867693
width: 0.03909713825070536
height: 0.03222127174222983
Area: 0.00039007606943078203
CentroidX: 0.6876
CentroidY: 0.0749
