Location: Dedata_34.png_Gaussian-Median.png
Component: component_1755501828861_219.png
centerX: 0.32285368802902054
centerY: 0.6062161391502708
width: 0.04353083434099154
height: 0.03450242372398061
Area: 0.0005441986413537869
CentroidX: 0.3457
CentroidY: 0.6214
