Location: Dedata_34.png_Mean-Closing.png
Component: component_1755501829227_198.png
centerX: 0.2587666263603386
centerY: 0.5603079555175363
width: 0.04232164449818621
height: 0.033932135728542916
Area: 0.0005662654078036132
CentroidX: 0.2807
CentroidY: 0.5755
