Location: Dedata_34.png_Mean-Medain.png
Component: component_1755501829393_227.png
centerX: 0.20757758968158002
centerY: 0.607927003136584
width: 0.04433696090286175
height: 0.03450242372398061
Area: 0.0005379923632897733
CentroidX: 0.2314
CentroidY: 0.6237
