Location: Dedata_34.png_Gaussian-Closing.png
Component: component_1755501829056_142.png
centerX: 0.45223700120918986
centerY: 0.41602509267179927
width: 0.04030632809351068
height: 0.032506415739948676
Area: 0.000504662351464515
CentroidX: 0.4753
CentroidY: 0.4301
