Location: Dedata_34.png_Mean-Closing.png
Component: component_1755501829231_211.png
centerX: 0.008464328899637243
centerY: 0.6062161391502708
width: 0.05078597339782346
height: 0.03364699173082407
Area: 0.0005830453447915018
CentroidX: 0.0362
CentroidY: 0.6210
