Location: Dedata_34.png_Mean-Closing.png
Component: component_1755501829263_290.png
centerX: 0.6908504635227731
centerY: 0.8656971770744226
width: 0.03466344216041919
height: 0.02765896777872826
Area: 0.00031456635298528294
CentroidX: 0.7108
CentroidY: 0.8785
