Location: internet_3.png_Mean-Closing.png
Component: component_1755094757187_67.png
centerX: 0.7363966142684402
centerY: 0.07499287140005703
width: 0.05239822652156389
height: 0.036213287710293696
Area: 0.0005470719182352747
CentroidX: 0.7659
CentroidY: 0.0915
