Location: internet_3.png_Mean-Closing.png
Component: component_1755094757205_147.png
centerX: 0.8214429665457477
centerY: 0.3239235814086113
width: 0.04433696090286175
height: 0.03421727972626176
Area: 0.0005653459592015371
CentroidX: 0.8457
CentroidY: 0.3398
