Location: internet_3.png_Mean-Medain.png
Component: component_1755094757527_94.png
centerX: 0.012898024989923419
centerY: 0.2392358140861135
width: 0.04312777106005643
height: 0.03849443969204448
Area: 0.0005618980269437517
CentroidX: 0.0347
CentroidY: 0.2593
