Location: Dedata_34.png_Gaussian-Median.png
Component: component_1755501828852_184.png
centerX: 0.6066102378073358
centerY: 0.514114627887083
width: 0.041515517936316
height: 0.033361847733105215
Area: 0.0005341996378062094
CentroidX: 0.6313
CentroidY: 0.5286
