Location: Dedata_34.png_Gaussian-Median.png
Component: component_1755501828849_173.png
centerX: 0.7638049173720274
centerY: 0.46877673224978617
width: 0.04514308746473196
height: 0.03450242372398061
Area: 0.0005264992557638222
CentroidX: 0.7887
CentroidY: 0.4836
