Location: Dedata_34.png_Mean-Medain.png
Component: component_1755501829358_90.png
centerX: 0.5542120112857719
centerY: 0.24379811804961504
width: 0.04433696090286175
height: 0.03022526375819789
Area: 0.0006083301813485944
CentroidX: 0.5784
CentroidY: 0.2570
