Location: internet_3.png_Gaussian-Median.png
Component: component_1755094757333_171.png
centerX: 0.5763804917372027
centerY: 0.48417450812660395
width: 0.039500201531640466
height: 0.031936127744510975
Area: 0.00040949942114963943
CentroidX: 0.5974
CentroidY: 0.4992
