Location: Dedata_34.png_Mean-Medain.png
Component: component_1755501829416_291.png
centerX: 0.25836356307940345
centerY: 0.8169375534644996
width: 0.04917372027408303
height: 0.033932135728542916
Area: 0.0004737458922197064
CentroidX: 0.2857
CentroidY: 0.8316
