Location: Dedata_34.png_Mean-Closing.png
Component: component_1755501829210_141.png
centerX: 0.45223700120918986
centerY: 0.41602509267179927
width: 0.04030632809351068
height: 0.032506415739948676
Area: 0.0005200631155492895
CentroidX: 0.4754
CentroidY: 0.4300
