Location: internet_3.png_Mean-Closing.png
Component: component_1755094757218_211.png
centerX: 0.010882708585247884
centerY: 0.49786142001710865
width: 0.041112454655380895
height: 0.035642999714856
Area: 0.0003977764514731693
CentroidX: 0.0337
CentroidY: 0.5152
