Location: Dedata_34.png_Mean-Closing.png
Component: component_1755501829181_46.png
centerX: 0.6009673518742442
centerY: 0.14798973481608213
width: 0.04353083434099154
height: 0.03136583974907328
Area: 0.0005025935921098438
CentroidX: 0.6258
CentroidY: 0.1614
