Location: internet_3.png_Gaussian-Closing.png
Component: component_1755094757050_90.png
centerX: 0.7021362353889561
centerY: 0.21870544625035643
width: 0.041515517936316
height: 0.035642999714856
Area: 0.0004922497953364877
CentroidX: 0.7248
CentroidY: 0.2358
