Location: internet_3.png_Gaussian-Median.png
Component: component_1755094757327_152.png
centerX: 0.6872228939943571
centerY: 0.43199315654405473
width: 0.03909713825070536
height: 0.032506415739948676
Area: 0.0003689287515830319
CentroidX: 0.7092
CentroidY: 0.4469
