Location: internet_3.png_Gaussian-Closing.png
Component: component_1755094757069_165.png
centerX: 0.26360338573155984
centerY: 0.4411177644710579
width: 0.039500201531640466
height: 0.030795551753635585
Area: 0.0003690436826582914
CentroidX: 0.2844
CentroidY: 0.4555
