Location: internet_3.png_Gaussian-Median.png
Component: component_1755094757306_58.png
centerX: 0.8734381297863765
centerY: 0.16966067864271456
width: 0.041515517936316
height: 0.03421727972626176
Area: 0.0004271988067396042
CentroidX: 0.8959
CentroidY: 0.1863
