Location: internet_3.png_Mean-Closing.png
Component: component_1755094757195_107.png
centerX: 0.31761386537686415
centerY: 0.18334759053321928
width: 0.04393389762192664
height: 0.034787567721699456
Area: 0.0005000651084541345
CentroidX: 0.3420
CentroidY: 0.1996
