Location: Dedata_34.png_Mean-Closing.png
Component: component_1755501829221_177.png
centerX: 0.4844820636839984
centerY: 0.5124037639007699
width: 0.0471584038694075
height: 0.03706871970345024
Area: 0.000579482481458457
CentroidX: 0.5100
CentroidY: 0.5288
