Location: Dedata_34.png_Gaussian-Median.png
Component: component_1755501828876_256.png
centerX: 0.0761789600967352
centerY: 0.7082976903336184
width: 0.041112454655380895
height: 0.03222127174222983
Area: 0.0005050071446902935
CentroidX: 0.0996
CentroidY: 0.7227
