Location: internet_3.png_Mean-Closing.png
Component: component_1755094757189_75.png
centerX: 0.012494961708988311
centerY: 0.07698887938408897
width: 0.04514308746473196
height: 0.040490447676076416
Area: 0.0005894814850060345
CentroidX: 0.0356
CentroidY: 0.0970
