Location: Dedata_34.png_Gaussian-Closing.png
Component: component_1755501829070_166.png
centerX: 0.20959290608625555
centerY: 0.46820644425434843
width: 0.04554615074566707
height: 0.030795551753635585
Area: 0.0005429343995259323
CentroidX: 0.2362
CentroidY: 0.4814
