Location: Dedata_34.png_Mean-Medain.png
Component: component_1755501829384_186.png
centerX: 0.4280532043530834
centerY: 0.5126889078984888
width: 0.044740024183796856
height: 0.031936127744510975
Area: 0.0005481062979126103
CentroidX: 0.4515
CentroidY: 0.5280
