Location: Dedata_34.png_Mean-Closing.png
Component: component_1755501829242_231.png
centerX: 0.9302700523982266
centerY: 0.6578272027373824
width: 0.039500201531640466
height: 0.03649843170801255
Area: 0.0004990307287767989
CentroidX: 0.9538
CentroidY: 0.6734
