Location: internet_3.png_Mean-Medain.png
Component: component_1755094757506_34.png
centerX: 0.12535268037081823
centerY: 0.07613344739093242
width: 0.05038291011688835
height: 0.04562303963501568
Area: 0.0006818860695146817
CentroidX: 0.1532
CentroidY: 0.0976
