Location: internet_3.png_Mean-Closing.png
Component: component_1755094757223_235.png
centerX: 0.6424828698105602
centerY: 0.5822640433418876
width: 0.03466344216041919
height: 0.030795551753635585
Area: 0.00043041687684687054
CentroidX: 0.6601
CentroidY: 0.5968
