Location: Dedata_34.png_Mean-Medain.png
Component: component_1755501829370_130.png
centerX: 0.77347843611447
centerY: 0.33646991730824066
width: 0.05038291011688835
height: 0.030795551753635585
Area: 0.0006520039899472087
CentroidX: 0.8016
CentroidY: 0.3500
