Location: Dedata_34.png_Mean-Medain.png
Component: component_1755501829340_28.png
centerX: 0.5328496573962112
centerY: 0.05902480752780154
width: 0.042724707779121324
height: 0.028514399771884802
Area: 0.0003718020284645197
CentroidX: 0.5577
CentroidY: 0.0714
