Location: Dedata_34.png_Mean-Closing.png
Component: component_1755501829244_234.png
centerX: 0.13825070536074163
centerY: 0.6606786427145709
width: 0.04877065699314793
height: 0.03165098374679213
Area: 0.0005754598938243741
CentroidX: 0.1645
CentroidY: 0.6751
