Location: internet_3.png_Gaussian-Median.png
Component: component_1755094757338_191.png
centerX: 0.5199516324062878
centerY: 0.5394924436840605
width: 0.03788794840790004
height: 0.03279155973766752
Area: 0.00038777744792559176
CentroidX: 0.5408
CentroidY: 0.5551
