Location: internet_3.png_Gaussian-Median.png
Component: component_1755094757329_157.png
centerX: 0.38814993954050786
centerY: 0.4376960364984317
width: 0.042724707779121324
height: 0.028229255774165955
Area: 0.00036548081932524654
CentroidX: 0.4118
CentroidY: 0.4501
