Location: Dedata_34.png_Mean-Medain.png
Component: component_1755501829397_243.png
centerX: 0.07577589681580008
centerY: 0.6592529227259766
width: 0.04070939137444579
height: 0.03421727972626176
Area: 0.0005492556086652054
CentroidX: 0.0976
CentroidY: 0.6747
