Location: Dedata_34.png_Gaussian-Closing.png
Component: component_1755501829086_210.png
centerX: 0.264006449012495
centerY: 0.605930995152552
width: 0.04433696090286175
height: 0.033932135728542916
Area: 0.0005509795747940981
CentroidX: 0.2862
CentroidY: 0.6222
