Location: internet_3.png_Gaussian-Median.png
Component: component_1755094757350_273.png
centerX: 0.27972591696896415
centerY: 0.7005988023952096
width: 0.037081821846029824
height: 0.03279155973766752
Area: 0.0004275435999653828
CentroidX: 0.2995
CentroidY: 0.7171
