Location: Dedata_34.png_Mean-Closing.png
Component: component_1755501829171_4.png
centerX: 0.33978234582829503
centerY: 0.008269175933846592
width: 0.04353083434099154
height: 0.02765896777872826
Area: 0.0005889068296297369
CentroidX: 0.3636
CentroidY: 0.0208
