Location: internet_3.png_Mean-Medain.png
Component: component_1755094757843_283.png
centerX: 0.7569528415961306
centerY: 0.7399486740804107
width: 0.04312777106005643
height: 0.03649843170801255
Area: 0.0004883421387776644
CentroidX: 0.7793
CentroidY: 0.7579
