Location: Dedata_34.png_Gaussian-Closing.png
Component: component_1755501829110_302.png
centerX: 0.9318823055219669
centerY: 0.8696891930424865
width: 0.0354695687222894
height: 0.02765896777872826
Area: 0.00032548480513493655
CentroidX: 0.9510
CentroidY: 0.8827
