Location: Dedata_34.png_Mean-Medain.png
Component: component_1755501829335_9.png
centerX: 0.8847239016525594
centerY: 0.009694895922440832
width: 0.04433696090286175
height: 0.03421727972626176
Area: 0.000504892213615034
CentroidX: 0.9097
CentroidY: 0.0233
