Location: Dedata_34.png_Mean-Closing.png
Component: component_1755501829220_172.png
centerX: 0.3127771060056429
centerY: 0.5104077559167379
width: 0.04393389762192664
height: 0.033361847733105215
Area: 0.0005922398308122628
CentroidX: 0.3372
CentroidY: 0.5257
