Location: Dedata_34.png_Gaussian-Closing.png
Component: component_1755501829061_150.png
centerX: 0.9455864570737605
centerY: 0.4228685486170516
width: 0.03788794840790004
height: 0.02879954376960365
Area: 0.00047638930695067513
CentroidX: 0.9659
CentroidY: 0.4358
