Location: Dedata_34.png_Gaussian-Closing.png
Component: component_1755501829045_112.png
centerX: 0.07295445384925434
centerY: 0.33219275734245796
width: 0.042724707779121324
height: 0.03364699173082407
Area: 0.0005389118118918494
CentroidX: 0.0977
CentroidY: 0.3455
