Location: internet_3.png_Gaussian-Closing.png
Component: component_1755094757050_87.png
centerX: 0.8170092704554615
centerY: 0.21442828628457372
width: 0.04877065699314793
height: 0.032506415739948676
Area: 0.000505122075765553
CentroidX: 0.8438
CentroidY: 0.2289
