Location: Dedata_34.png_Mean-Medain.png
Component: component_1755501829346_51.png
centerX: 0.6009673518742442
centerY: 0.14798973481608213
width: 0.04353083434099154
height: 0.03136583974907328
Area: 0.0005022487988840652
CentroidX: 0.6258
CentroidY: 0.1614
