Location: internet_3.png_Mean-Medain.png
Component: component_1755094757811_182.png
centerX: 0.13301088270858524
centerY: 0.4958654120330767
width: 0.04030632809351068
height: 0.030795551753635585
Area: 0.0003852489642698825
CentroidX: 0.1560
CentroidY: 0.5101
