Location: Dedata_34.png_Mean-Closing.png
Component: component_1755501829227_197.png
centerX: 0.8593309149536478
centerY: 0.5594525235243798
width: 0.04353083434099154
height: 0.03136583974907328
Area: 0.0005627025444705682
CentroidX: 0.8837
CentroidY: 0.5728
