Location: internet_3.png_Gaussian-Closing.png
Component: component_1755094757099_211.png
centerX: 0.5787988714228134
centerY: 0.5848303393213573
width: 0.03869407496977025
height: 0.033932135728542916
Area: 0.0004607586807153816
CentroidX: 0.5986
CentroidY: 0.6004
