Location: internet_3.png_Gaussian-Closing.png
Component: component_1755094757125_258.png
centerX: 0.7037484885126964
centerY: 0.7393783860849729
width: 0.03869407496977025
height: 0.036213287710293696
Area: 0.00045868992136071035
CentroidX: 0.7236
CentroidY: 0.7578
