Location: Paraklitoni_1720_page_10.png_Mean-Medain.png
Component: component_1755610055284_761.png
centerX: 0.17911585365853658
centerY: 0.28020050125313284
width: 0.01524390243902439
height: 0.013032581453634085
Area: 0.00012111070358823888
CentroidX: 0.1866
CentroidY: 0.2860
