Location: Kurtxevani_1764_page_10.png_Otsu.png
Component: component_1755610055948_1372.png
centerX: 0.5016181229773463
centerY: 0.5406922357343311
width: 0.02330097087378641
height: 0.020112254443405052
Area: 0.00029607563551817777
CentroidX: 0.5135
CentroidY: 0.5497
