Location: internet_3.png_Gaussian-Median.png
Component: component_1755094757316_106.png
centerX: 0.14026602176541716
centerY: 0.29227259766181923
width: 0.042724707779121324
height: 0.03450242372398061
Area: 0.00047535492727333954
CentroidX: 0.1636
CentroidY: 0.3086
