Location: internet_3.png_Mean-Medain.png
Component: component_1755094757516_71.png
centerX: 0.5042321644498187
centerY: 0.1793555745651554
width: 0.04030632809351068
height: 0.031080695751354435
Area: 0.000455471851253444
CentroidX: 0.5258
CentroidY: 0.1947
