Location: Dedata_34.png_Mean-Medain.png
Component: component_1755501829372_135.png
centerX: 0.3941958887545345
centerY: 0.3758197889934417
width: 0.046352277307537285
height: 0.03421727972626176
Area: 0.0006541876803771395
CentroidX: 0.4205
CentroidY: 0.3906
