Location: internet_3.png_Mean-Medain.png
Component: component_1755094757784_132.png
centerX: 0.9508262797259169
centerY: 0.37553464499572287
width: 0.037081821846029824
height: 0.033932135728542916
Area: 0.0004112233872785321
CentroidX: 0.9705
CentroidY: 0.3909
