Location: Dedata_34.png_Mean-Medain.png
Component: component_1755501829389_211.png
centerX: 0.0765820233776703
centerY: 0.5614485315084118
width: 0.05199516324062878
height: 0.03279155973766752
Area: 0.0005499451951167625
CentroidX: 0.1057
CentroidY: 0.5754
