Location: Dedata_34.png_Gaussian-Closing.png
Component: component_1755501829030_78.png
centerX: 0.6799677549375251
centerY: 0.24094667807242656
width: 0.0475614671503426
height: 0.028514399771884802
Area: 0.0005702879954376961
CentroidX: 0.7063
CentroidY: 0.2533
