Location: Dedata_34.png_Gaussian-Median.png
Component: component_1755501828865_229.png
centerX: 0.8166062071745264
centerY: 0.652979754776162
width: 0.04312777106005643
height: 0.03279155973766752
Area: 0.0005114432849048262
CentroidX: 0.8406
CentroidY: 0.6676
