Location: Dedata_34.png_Mean-Closing.png
Component: component_1755501829216_158.png
centerX: 0.2736799677549375
centerY: 0.4662104362703165
width: 0.04675534058847239
height: 0.029369831765041345
Area: 0.0005612084404921946
CentroidX: 0.2997
CentroidY: 0.4795
