Location: Dedata_34.png_Mean-Closing.png
Component: component_1755501829244_236.png
centerX: 0.20274083031035872
centerY: 0.6626746506986028
width: 0.04353083434099154
height: 0.0290846877673225
Area: 0.0005014442813572487
CentroidX: 0.2258
CentroidY: 0.6760
