Location: Dedata_34.png_Gaussian-Closing.png
Component: component_1755501829027_68.png
centerX: 0.8057234985892785
centerY: 0.19817507841459936
width: 0.0475614671503426
height: 0.030795551753635585
Area: 0.0005477615046868317
CentroidX: 0.8321
CentroidY: 0.2108
