Location: Dedata_34.png_Gaussian-Median.png
Component: component_1755501828879_270.png
centerX: 0.9222087867795243
centerY: 0.7601938979184488
width: 0.041112454655380895
height: 0.03735386370116909
Area: 0.0005297173258710884
CentroidX: 0.9442
CentroidY: 0.7777
