Location: Dedata_34.png_Mean-Closing.png
Component: component_1755501829185_59.png
centerX: 0.6658605401047965
centerY: 0.1568291987453664
width: 0.04554615074566707
height: 0.03051040775591674
Area: 0.0005170749075925422
CentroidX: 0.6918
CentroidY: 0.1699
