Location: internet_3.png_Gaussian-Closing.png
Component: component_1755094757050_88.png
centerX: 0.9411527609834744
centerY: 0.21585400627316795
width: 0.037484885126964934
height: 0.03307670373538637
Area: 0.00043972629394289095
CentroidX: 0.9613
CentroidY: 0.2324
