Location: Dedata_34.png_Gaussian-Closing.png
Component: component_1755501829015_26.png
centerX: 0.7916162837565498
centerY: 0.05902480752780154
width: 0.03909713825070536
height: 0.03051040775591674
Area: 0.0003257146672854556
CentroidX: 0.8141
CentroidY: 0.0720
