Location: internet_3.png_Mean-Medain.png
Component: component_1755094757776_122.png
centerX: 0.5135026199113261
centerY: 0.33447390932420873
width: 0.04232164449818621
height: 0.03507271171941831
Area: 0.0005654608902767966
CentroidX: 0.5353
CentroidY: 0.3518
