Location: Dedata_34.png_Gaussian-Median.png
Component: component_1755501828826_99.png
centerX: 0.8851269649334945
centerY: 0.285143997718848
width: 0.05078597339782346
height: 0.03222127174222983
Area: 0.0006372928123139913
CentroidX: 0.9138
CentroidY: 0.2995
