Location: Dedata_34.png_Mean-Medain.png
Component: component_1755501829348_61.png
centerX: 0.8625554212011286
centerY: 0.15312232677502138
width: 0.04796453043127771
height: 0.03022526375819789
Area: 0.00055994419866434
CentroidX: 0.8898
CentroidY: 0.1651
