Location: internet_3.png_Gaussian-Closing.png
Component: component_1755094757128_265.png
centerX: 0.547359935509875
centerY: 0.7413743940690048
width: 0.04030632809351068
height: 0.03706871970345024
Area: 0.00048121641211157465
CentroidX: 0.5683
CentroidY: 0.7597
