Location: Dedata_34.png_Gaussian-Median.png
Component: component_1755501828812_38.png
centerX: 0.7339782345828295
centerY: 0.1003706871970345
width: 0.037484885126964934
height: 0.033361847733105215
Area: 0.000564426510599461
CentroidX: 0.7538
CentroidY: 0.1152
