Location: internet_3.png_Mean-Medain.png
Component: component_1755094757550_106.png
centerX: 0.3901652559451834
centerY: 0.28371827773025377
width: 0.044740024183796856
height: 0.03450242372398061
Area: 0.0005110984916790476
CentroidX: 0.4141
CentroidY: 0.2998
