Location: Dedata_34.png_Mean-Medain.png
Component: component_1755501829358_88.png
centerX: 0.8802902055622733
centerY: 0.2418021100655831
width: 0.04917372027408303
height: 0.029654975762760195
Area: 0.000645567849732676
CentroidX: 0.9084
CentroidY: 0.2544
