Location: Samociqulo_1709_page_10.png_Gaussian-Median.png
Component: component_1755610056115_777.png
centerX: 0.26388206388206387
centerY: 0.149375
width: 0.021621621621621623
height: 0.018125
Area: 0.00018135749385749385
CentroidX: 0.2749
CentroidY: 0.1578
