Location: Samociqulo_1709_page_10.png_Gaussian-Median.png
Component: component_1755610056218_2048.png
centerX: 0.044226044226044224
centerY: 0.4815625
width: 0.02113022113022113
height: 0.0140625
Area: 0.0001458845208845209
CentroidX: 0.0554
CentroidY: 0.4880
