Location: internet_3.png_Mean-Medain.png
Component: component_1755094757827_234.png
centerX: 0.8569125352680371
centerY: 0.637867122897063
width: 0.036275695284159616
height: 0.032506415739948676
Area: 0.0004398412250181505
CentroidX: 0.8750
CentroidY: 0.6544
