Location: internet_3.png_Gaussian-Closing.png
Component: component_1755094757054_103.png
centerX: 0.8875453446191052
centerY: 0.2708867978329056
width: 0.039500201531640466
height: 0.032506415739948676
Area: 0.0004359335684593271
CentroidX: 0.9094
CentroidY: 0.2863
