Location: Dedata_34.png_Mean-Medain.png
Component: component_1755501829419_296.png
centerX: 0.01128577186618299
centerY: 0.8597091531223268
width: 0.039500201531640466
height: 0.026518391787852865
Area: 0.00043570370630880806
CentroidX: 0.0333
CentroidY: 0.8717
