Location: Dedata_34.png_Mean-Closing.png
Component: component_1755501829260_283.png
centerX: 0.3216444981862152
centerY: 0.8183632734530938
width: 0.049979846835953246
height: 0.03421727972626176
Area: 0.0005054668689913316
CentroidX: 0.3491
CentroidY: 0.8325
