Location: internet_3.png_Gaussian-Median.png
Component: component_1755094757303_49.png
centerX: 0.13462313583232569
centerY: 0.13230681494154548
width: 0.05038291011688835
height: 0.040490447676076416
Area: 0.0006016641789835426
CentroidX: 0.1629
CentroidY: 0.1505
