Location: Dedata_34.png_Gaussian-Closing.png
Component: component_1755501829077_183.png
centerX: 0.9089076985086658
centerY: 0.5143997718848018
width: 0.04796453043127771
height: 0.03450242372398061
Area: 0.0005674147185562083
CentroidX: 0.9341
CentroidY: 0.5294
