Location: Dedata_34.png_Mean-Closing.png
Component: component_1755501829207_133.png
centerX: 0.7702539298669892
centerY: 0.3775306529797548
width: 0.04877065699314793
height: 0.031936127744510975
Area: 0.0006070659395207397
CentroidX: 0.7970
CentroidY: 0.3909
