Location: internet_3.png_Gaussian-Closing.png
Component: component_1755094757076_187.png
centerX: 0.9157597742845627
centerY: 0.5340747077274023
width: 0.03869407496977025
height: 0.03165098374679213
Area: 0.00041949842469721693
CentroidX: 0.9375
CentroidY: 0.5492
