Location: internet_3.png_Mean-Closing.png
Component: component_1755094757195_106.png
centerX: 0.4437726723095526
centerY: 0.18249215854006273
width: 0.03829101168883515
height: 0.03136583974907328
Area: 0.00043237070512628224
CentroidX: 0.4650
CentroidY: 0.1973
