Location: internet_3.png_Gaussian-Closing.png
Component: component_1755094757123_253.png
centerX: 0.1189036678758565
centerY: 0.7023096663815227
width: 0.03909713825070536
height: 0.031936127744510975
Area: 0.00043225577405102276
CentroidX: 0.1403
CentroidY: 0.7179
