Location: internet_3.png_Gaussian-Median.png
Component: component_1755094757328_154.png
centerX: 0.5118903667875857
centerY: 0.43484459652124324
width: 0.04191858121725111
height: 0.03136583974907328
Area: 0.00037375585674393136
CentroidX: 0.5340
CentroidY: 0.4499
