Location: internet_3.png_Gaussian-Median.png
Component: component_1755094757337_188.png
centerX: 0.958484482063684
centerY: 0.5349301397205589
width: 0.0354695687222894
height: 0.031936127744510975
Area: 0.00040662614426815167
CentroidX: 0.9785
CentroidY: 0.5493
