Location: Dedata_34.png_Mean-Closing.png
Component: component_1755501829261_284.png
centerX: 0.9387343812978638
centerY: 0.8186484174508126
width: 0.045949214026602174
height: 0.037639007698887936
Area: 0.0004798372392084605
CentroidX: 0.9645
CentroidY: 0.8353
