Location: Dedata_34.png_Gaussian-Median.png
Component: component_1755501828808_21.png
centerX: 0.22087867795243854
centerY: 0.05360707157114343
width: 0.04030632809351068
height: 0.03279155973766752
Area: 0.00046052881856486257
CentroidX: 0.2439
CentroidY: 0.0675
