Location: Dedata_34.png_Mean-Medain.png
Component: component_1755501829350_72.png
centerX: 0.48327287384119305
centerY: 0.19731964642144284
width: 0.04070939137444579
height: 0.034787567721699456
Area: 0.0005731612723191838
CentroidX: 0.5074
CentroidY: 0.2120
