Location: internet_3.png_Mean-Medain.png
Component: component_1755094757831_248.png
centerX: 0.12374042724707779
centerY: 0.647276874821785
width: 0.041515517936316
height: 0.03364699173082407
Area: 0.00048041189458475803
CentroidX: 0.1472
CentroidY: 0.6629
