Location: internet_3.png_Gaussian-Median.png
Component: component_1755094757349_266.png
centerX: 0.7920193470374849
centerY: 0.6897633304818933
width: 0.03829101168883515
height: 0.031936127744510975
Area: 0.00044547284770586653
CentroidX: 0.8125
CentroidY: 0.7042
