Location: Dedata_34.png_Mean-Closing.png
Component: component_1755501829185_56.png
centerX: 0.8625554212011286
centerY: 0.15312232677502138
width: 0.04796453043127771
height: 0.029940119760479042
Area: 0.0005586799568364853
CentroidX: 0.8898
CentroidY: 0.1650
