Location: Dedata_34.png_Gaussian-Closing.png
Component: component_1755501829088_221.png
centerX: 0.15034260378879485
centerY: 0.611633875106929
width: 0.04514308746473196
height: 0.03136583974907328
Area: 0.0005110984916790476
CentroidX: 0.1748
CentroidY: 0.6259
