Location: internet_3.png_Gaussian-Median.png
Component: component_1755094757301_41.png
centerX: 0.7456670697299476
centerY: 0.12574850299401197
width: 0.04070939137444579
height: 0.03450242372398061
Area: 0.0005082252147975598
CentroidX: 0.7671
CentroidY: 0.1415
