Location: Dedata_34.png_Gaussian-Median.png
Component: component_1755501828863_227.png
centerX: 0.15034260378879485
centerY: 0.611633875106929
width: 0.04514308746473196
height: 0.03136583974907328
Area: 0.0005133971131842379
CentroidX: 0.1748
CentroidY: 0.6260
