Location: internet_3.png_Gaussian-Closing.png
Component: component_1755094757047_73.png
centerX: 0.9302700523982266
centerY: 0.16994582264043342
width: 0.04393389762192664
height: 0.036783575705731396
Area: 0.0005030533164108818
CentroidX: 0.9540
CentroidY: 0.1867
