Location: Dedata_34.png_Gaussian-Median.png
Component: component_1755501828851_179.png
centerX: 0.25110842402257155
centerY: 0.5112631879098944
width: 0.04514308746473196
height: 0.033932135728542916
Area: 0.0005419000198485967
CentroidX: 0.2753
CentroidY: 0.5267
