Location: Dedata_34.png_Mean-Medain.png
Component: component_1755501829422_306.png
centerX: 0.3260781942765014
centerY: 0.866837753065298
width: 0.037081821846029824
height: 0.029940119760479042
Area: 0.00037329613244289336
CentroidX: 0.3469
CentroidY: 0.8809
