Location: internet_3.png_Gaussian-Median.png
Component: component_1755094757295_17.png
centerX: 0.8561064087061668
centerY: 0.01853435985172512
width: 0.05199516324062878
height: 0.05018534359851725
Area: 0.0006970569714489372
CentroidX: 0.8858
CentroidY: 0.0414
