Location: Dedata_34.png_Gaussian-Closing.png
Component: component_1755501829009_5.png
centerX: 0.41031841999193874
centerY: 0.008839463929284289
width: 0.04433696090286175
height: 0.028229255774165955
Area: 0.0005178794251193588
CentroidX: 0.4355
CentroidY: 0.0211
