Location: Samociqulo_1709_page_10.png_Gaussian-Median.png
Component: component_1755610056288_3046.png
centerX: 0.7321867321867321
centerY: 0.7584375
width: 0.023095823095823097
height: 0.0165625
Area: 0.00018627149877149877
CentroidX: 0.7438
CentroidY: 0.7656
