Location: Dedata_34.png_Mean-Closing.png
Component: component_1755501829204_122.png
centerX: 0.5783958081418783
centerY: 0.33532934131736525
width: 0.04030632809351068
height: 0.029369831765041345
Area: 0.0005276485665164172
CentroidX: 0.6000
CentroidY: 0.3491
