Location: internet_3.png_Gaussian-Median.png
Component: component_1755094757345_249.png
centerX: 0.5102781136638452
centerY: 0.6404334188765326
width: 0.041112454655380895
height: 0.03421727972626176
Area: 0.00047443547867126343
CentroidX: 0.5334
CentroidY: 0.6568
