Location: internet_3.png_Mean-Medain.png
Component: component_1755094757506_37.png
centerX: 0.8653768641676743
centerY: 0.07613344739093242
width: 0.04191858121725111
height: 0.037639007698887936
Area: 0.0005525886098477312
CentroidX: 0.8876
CentroidY: 0.0936
