Location: Dedata_34.png_Gaussian-Closing.png
Component: component_1755501829102_268.png
centerX: 0.25957275292220877
centerY: 0.7647562018819504
width: 0.0471584038694075
height: 0.03592814371257485
Area: 0.0005066161797439267
CentroidX: 0.2862
CentroidY: 0.7807
