Location: Dedata_34.png_Gaussian-Closing.png
Component: component_1755501829088_223.png
centerX: 0.8166062071745264
centerY: 0.6532648987738808
width: 0.042724707779121324
height: 0.032506415739948676
Area: 0.000509604387700674
CentroidX: 0.8406
CentroidY: 0.6676
