Location: Samociqulo_1709_page_10.png_Gaussian-Median.png
Component: component_1755610056140_1149.png
centerX: 0.29287469287469287
centerY: 0.25375
width: 0.023587223587223587
height: 0.0159375
Area: 0.00019625307125307125
CentroidX: 0.3052
CentroidY: 0.2611
