Location: Dedata_34.png_Mean-Closing.png
Component: component_1755501829244_232.png
centerX: 0.3280935106811769
centerY: 0.6586826347305389
width: 0.04433696090286175
height: 0.03165098374679213
Area: 0.0005081102837223003
CentroidX: 0.3509
CentroidY: 0.6728
