Location: internet_3.png_Mean-Medain.png
Component: component_1755094757827_236.png
centerX: 0.6904474002418379
centerY: 0.6387225548902196
width: 0.039500201531640466
height: 0.033361847733105215
Area: 0.0004629423711453123
CentroidX: 0.7113
CentroidY: 0.6546
