Location: internet_3.png_Mean-Medain.png
Component: component_1755094757843_285.png
centerX: 0.4977831519548569
centerY: 0.7408041060735672
width: 0.03829101168883515
height: 0.03222127174222983
Area: 0.00044455339910379047
CentroidX: 0.5180
CentroidY: 0.7570
