Location: internet_3.png_Gaussian-Closing.png
Component: component_1755094757124_256.png
centerX: 0.860137041515518
centerY: 0.7376675220986598
width: 0.0354695687222894
height: 0.03792415169660679
Area: 0.00042570470276123056
CentroidX: 0.8781
CentroidY: 0.7568
