Location: Dedata_34.png_Mean-Medain.png
Component: component_1755501829354_85.png
centerX: 0.7444578798871423
centerY: 0.24094667807242656
width: 0.045949214026602174
height: 0.029940119760479042
Area: 0.0006428095039264478
CentroidX: 0.7696
CentroidY: 0.2542
