Location: Dedata_34.png_Gaussian-Closing.png
Component: component_1755501829031_82.png
centerX: 0.8105602579604998
centerY: 0.24237239806102082
width: 0.05199516324062878
height: 0.031080695751354435
Area: 0.000640166089195479
CentroidX: 0.8394
CentroidY: 0.2554
