Location: internet_3.png_Mean-Medain.png
Component: component_1755094757510_47.png
centerX: 0.9294639258363563
centerY: 0.12403763900769889
width: 0.044740024183796856
height: 0.036213287710293696
Area: 0.0005471868493105342
CentroidX: 0.9552
CentroidY: 0.1410
