Location: internet_3.png_Mean-Closing.png
Component: component_1755094757224_243.png
centerX: 0.2539298669891173
centerY: 0.5888223552894212
width: 0.037484885126964934
height: 0.029654975762760195
Area: 0.000444898192329569
CentroidX: 0.2735
CentroidY: 0.6029
