Location: Dedata_34.png_Mean-Medain.png
Component: component_1755501829360_92.png
centerX: 0.4973800886739218
centerY: 0.24550898203592814
width: 0.04070939137444579
height: 0.03165098374679213
Area: 0.0005623577512447898
CentroidX: 0.5198
CentroidY: 0.2587
