Location: internet_3.png_Mean-Closing.png
Component: component_1755094757198_120.png
centerX: 0.5719467956469165
centerY: 0.22412318220701455
width: 0.04554615074566707
height: 0.031080695751354435
Area: 0.0004660455101773191
CentroidX: 0.5969
CentroidY: 0.2380
