Location: internet_3.png_Gaussian-Closing.png
Component: component_1755094757079_196.png
centerX: 0.324465941152761
centerY: 0.5451953236384374
width: 0.03869407496977025
height: 0.028229255774165955
Area: 0.0003836399292162494
CentroidX: 0.3451
CentroidY: 0.5582
