Location: Dedata_34.png_Gaussian-Closing.png
Component: component_1755501829023_52.png
centerX: 0.14107214832728737
centerY: 0.1514114627887083
width: 0.044740024183796856
height: 0.03307670373538637
Area: 0.0005537379206003263
CentroidX: 0.1676
CentroidY: 0.1655
