Location: Dedata_34.png_Gaussian-Closing.png
Component: component_1755501829097_245.png
centerX: 0.2478839177750907
centerY: 0.70544625035643
width: 0.042724707779121324
height: 0.03992015968063872
Area: 0.0005190287358719539
CentroidX: 0.2708
CentroidY: 0.7237
