Location: Dedata_34.png_Gaussian-Median.png
Component: component_1755501828886_300.png
centerX: 0.19871019750100766
centerY: 0.8645566010835471
width: 0.04232164449818621
height: 0.025092671799258625
Area: 0.0003639867153468729
CentroidX: 0.2225
CentroidY: 0.8758
