Location: Dedata_34.png_Mean-Medain.png
Component: component_1755501829393_226.png
centerX: 0.6848045143087464
centerY: 0.6073567151411463
width: 0.04232164449818621
height: 0.03136583974907328
Area: 0.0005205228398503276
CentroidX: 0.7085
CentroidY: 0.6211
