Location: Dedata_34.png_Mean-Medain.png
Component: component_1755501829366_112.png
centerX: 0.5731559854897219
centerY: 0.2919874536641004
width: 0.04433696090286175
height: 0.031936127744510975
Area: 0.0005983311778010169
CentroidX: 0.5985
CentroidY: 0.3056
