Location: internet_3.png_Mean-Medain.png
Component: component_1755094757782_130.png
centerX: 0.011688835147118097
centerY: 0.34587966923296265
width: 0.041515517936316
height: 0.031936127744510975
Area: 0.00047937751490742243
CentroidX: 0.0345
CentroidY: 0.3611
