Location: internet_3.png_Mean-Medain.png
Component: component_1755094757514_64.png
centerX: 0.7541313986295849
centerY: 0.16937553464499572
width: 0.039500201531640466
height: 0.03450242372398061
Area: 0.0004974216937231658
CentroidX: 0.7752
CentroidY: 0.1861
