Location: internet_3.png_Gaussian-Closing.png
Component: component_1755094757046_71.png
centerX: 0.7541313986295849
centerY: 0.16937553464499572
width: 0.039500201531640466
height: 0.03450242372398061
Area: 0.0004808716188857961
CentroidX: 0.7752
CentroidY: 0.1862
