Location: internet_3.png_Gaussian-Median.png
Component: component_1755094757328_155.png
centerX: 0.56590084643289
centerY: 0.4351297405189621
width: 0.041515517936316
height: 0.03022526375819789
Area: 0.0003549071604013715
CentroidX: 0.5888
CentroidY: 0.4492
