Location: internet_3.png_Mean-Medain.png
Component: component_1755094757798_150.png
centerX: 0.9524385328496574
centerY: 0.4268605645851155
width: 0.03829101168883515
height: 0.033361847733105215
Area: 0.0003918000355596747
CentroidX: 0.9732
CentroidY: 0.4426
