Location: Dedata_34.png_Mean-Medain.png
Component: component_1755501829374_144.png
centerX: 0.5856509471987102
centerY: 0.38095238095238093
width: 0.04917372027408303
height: 0.03136583974907328
Area: 0.0006299372234973825
CentroidX: 0.6121
CentroidY: 0.3947
