Location: Dedata_34.png_Gaussian-Closing.png
Component: component_1755501829094_232.png
centerX: 0.9302700523982266
centerY: 0.6578272027373824
width: 0.039500201531640466
height: 0.03649843170801255
Area: 0.00048064175673527706
CentroidX: 0.9537
CentroidY: 0.6737
