Location: internet_3.png_Gaussian-Closing.png
Component: component_1755094757067_156.png
centerX: 0.6876259572752922
centerY: 0.43199315654405473
width: 0.03869407496977025
height: 0.03222127174222983
Area: 0.00036341205997057535
CentroidX: 0.7092
CentroidY: 0.4469
