Location: Dedata_34.png_Gaussian-Closing.png
Component: component_1755501829108_295.png
centerX: 0.8158000806126562
centerY: 0.8665526090675791
width: 0.03990326481257558
height: 0.027944111776447105
Area: 0.0003362883262093306
CentroidX: 0.8380
CentroidY: 0.8788
