Location: Dedata_34.png_Mean-Medain.png
Component: component_1755501829340_27.png
centerX: 0.8565094719871019
centerY: 0.058169375534645
width: 0.045949214026602174
height: 0.030795551753635585
Area: 0.00036812423405621533
CentroidX: 0.8822
CentroidY: 0.0718
