Location: internet_3.png_Gaussian-Median.png
Component: component_1755094757324_139.png
centerX: 0.44780330511890365
centerY: 0.388366124893071
width: 0.04070939137444579
height: 0.030795551753635585
Area: 0.000424900185234414
CentroidX: 0.4700
CentroidY: 0.4021
