Location: internet_3.png_Mean-Medain.png
Component: component_1755094757826_226.png
centerX: 0.4486094316807739
centerY: 0.5859709153122327
width: 0.041112454655380895
height: 0.03592814371257485
Area: 0.0004942036236158994
CentroidX: 0.4708
CentroidY: 0.6026
