Location: internet_3.png_Mean-Medain.png
Component: component_1755094757800_154.png
centerX: 0.6872228939943571
centerY: 0.43199315654405473
width: 0.03909713825070536
height: 0.032506415739948676
Area: 0.00038835210330188935
CentroidX: 0.7092
CentroidY: 0.4468
