Location: internet_3.png_Gaussian-Closing.png
Component: component_1755094757128_267.png
centerX: 0.3905683192261185
centerY: 0.7430852580553179
width: 0.041515517936316
height: 0.03307670373538637
Area: 0.0004475416070605378
CentroidX: 0.4130
CentroidY: 0.7588
