Location: internet_3.png_Mean-Closing.png
Component: component_1755094757212_185.png
centerX: 0.6291817815397017
centerY: 0.433418876532649
width: 0.03909713825070536
height: 0.029369831765041345
Area: 0.00036651519900258214
CentroidX: 0.6507
CentroidY: 0.4472
