Location: Dedata_34.png_Mean-Closing.png
Component: component_1755501829217_160.png
centerX: 0.34099153567110035
centerY: 0.46706586826347307
width: 0.04836759371221282
height: 0.030795551753635585
Area: 0.0005733911344697029
CentroidX: 0.3678
CentroidY: 0.4812
