Location: Dedata_34.png_Gaussian-Closing.png
Component: component_1755501829050_122.png
centerX: 0.5783958081418783
centerY: 0.33532934131736525
width: 0.04030632809351068
height: 0.029369831765041345
Area: 0.000509834249851193
CentroidX: 0.5999
CentroidY: 0.3492
