Location: Dedata_34.png_Gaussian-Closing.png
Component: component_1755501829053_132.png
centerX: 0.46594115276098347
centerY: 0.37781579697747364
width: 0.04554615074566707
height: 0.03051040775591674
Area: 0.0005935040726401174
CentroidX: 0.4909
CentroidY: 0.3910
