Location: Dedata_34.png_Mean-Medain.png
Component: component_1755501829368_121.png
centerX: 0.7021362353889561
centerY: 0.3324779013401768
width: 0.05280128980249899
height: 0.03364699173082407
Area: 0.0006446484011305999
CentroidX: 0.7318
CentroidY: 0.3462
