Location: Dedata_34.png_Mean-Medain.png
Component: component_1755501829412_275.png
centerX: 0.0769850866586054
centerY: 0.7633304818933562
width: 0.045949214026602174
height: 0.033361847733105215
Area: 0.0005027085231851032
CentroidX: 0.1034
CentroidY: 0.7775
