Location: internet_3.png_Gaussian-Closing.png
Component: component_1755094757114_236.png
centerX: 0.013704151551793631
centerY: 0.6498431708012546
width: 0.037081821846029824
height: 0.03507271171941831
Area: 0.00042225677050344526
CentroidX: 0.0356
CentroidY: 0.6661
