Location: internet_3.png_Gaussian-Median.png
Component: component_1755094757294_11.png
centerX: 0.19709794437726724
centerY: 0.017393783860849728
width: 0.042724707779121324
height: 0.034787567721699456
Area: 0.00041444145738579844
CentroidX: 0.2203
CentroidY: 0.0348
