Location: internet_3.png_Mean-Medain.png
Component: component_1755094757533_104.png
centerX: 0.5219669488109633
centerY: 0.28001140575990874
width: 0.04917372027408303
height: 0.03307670373538637
Area: 0.000544428503504306
CentroidX: 0.5482
CentroidY: 0.2963
