Location: internet_3.png_Mean-Medain.png
Component: component_1755094757817_190.png
centerX: 0.8077388149939541
centerY: 0.5346449957228401
width: 0.03990326481257558
height: 0.03022526375819789
Area: 0.0004265092202880472
CentroidX: 0.8290
CentroidY: 0.5490
