Location: Dedata_34.png_Mean-Medain.png
Component: component_1755501829377_157.png
centerX: 0.9455864570737605
centerY: 0.42258340461933275
width: 0.03829101168883515
height: 0.0290846877673225
Area: 0.0004977664869489442
CentroidX: 0.9661
CentroidY: 0.4357
