Location: Dedata_34.png_Gaussian-Closing.png
Component: component_1755501829089_226.png
centerX: 0.6908504635227731
centerY: 0.6535500427715997
width: 0.045949214026602174
height: 0.03307670373538637
Area: 0.0005210974952266251
CentroidX: 0.7157
CentroidY: 0.6686
