Location: internet_3.png_Mean-Closing.png
Component: component_1755094757230_275.png
centerX: 0.48810963321241435
centerY: 0.6991730824066154
width: 0.03909713825070536
height: 0.03051040775591674
Area: 0.00041834911394462185
CentroidX: 0.5090
CentroidY: 0.7139
