Location: internet_3.png_Mean-Closing.png
Component: component_1755094757233_289.png
centerX: 0.4433696090286175
centerY: 0.741089250071286
width: 0.04070939137444579
height: 0.03136583974907328
Area: 0.0004437488815769739
CentroidX: 0.4642
CentroidY: 0.7562
