Location: Dedata_34.png_Gaussian-Median.png
Component: component_1755501828883_287.png
centerX: 0.8766626360338573
centerY: 0.8157969774736242
width: 0.045949214026602174
height: 0.035357855717137156
Area: 0.000485124068670398
CentroidX: 0.9022
CentroidY: 0.8327
