Location: internet_3.png_Gaussian-Closing.png
Component: component_1755094757065_149.png
centerX: 0.07134220072551391
centerY: 0.3912175648702595
width: 0.04030632809351068
height: 0.03051040775591674
Area: 0.0004359335684593271
CentroidX: 0.0921
CentroidY: 0.4056
