Location: Dedata_34.png_Mean-Medain.png
Component: component_1755501829390_215.png
centerX: 0.9189842805320435
centerY: 0.602224123182207
width: 0.042724707779121324
height: 0.03307670373538637
Area: 0.0005532781962992884
CentroidX: 0.9428
CentroidY: 0.6168
