Location: Dedata_34.png_Mean-Medain.png
Component: component_1755501829399_249.png
centerX: 0.7440548166062072
centerY: 0.7014542343883661
width: 0.04433696090286175
height: 0.033932135728542916
Area: 0.000499950177378875
CentroidX: 0.7698
CentroidY: 0.7164
