Location: internet_3.png_Gaussian-Closing.png
Component: component_1755094757062_136.png
centerX: 0.8440145102781137
centerY: 0.3781009409751925
width: 0.04191858121725111
height: 0.03165098374679213
Area: 0.0003982361757742073
CentroidX: 0.8664
CentroidY: 0.3929
