Location: Dedata_34.png_Gaussian-Median.png
Component: component_1755501828802_2.png
centerX: 0.28335348649738007
centerY: 0.0071285999429712005
width: 0.037081821846029824
height: 0.033932135728542916
Area: 0.0006170649430683172
CentroidX: 0.3033
CentroidY: 0.0230
