Location: internet_3.png_Mean-Medain.png
Component: component_1755094757823_201.png
centerX: 0.13139862958484483
centerY: 0.546050755631594
width: 0.03909713825070536
height: 0.030795551753635585
Area: 0.0004161654235146911
CentroidX: 0.1526
CentroidY: 0.5597
