Location: internet_3.png_Mean-Closing.png
Component: component_1755094757224_242.png
centerX: 0.449012494961709
centerY: 0.5859709153122327
width: 0.04070939137444579
height: 0.035642999714856
Area: 0.0004911004845838926
CentroidX: 0.4708
CentroidY: 0.6026
