Location: Dedata_34.png_Mean-Closing.png
Component: component_1755501829190_72.png
centerX: 0.8710197501007658
centerY: 0.1996007984031936
width: 0.04836759371221282
height: 0.032506415739948676
Area: 0.0005687938914593224
CentroidX: 0.8986
CentroidY: 0.2122
