Location: Dedata_34.png_Mean-Closing.png
Component: component_1755501829232_218.png
centerX: 0.5070536074163644
centerY: 0.6084972911320217
width: 0.04393389762192664
height: 0.030795551753635585
Area: 0.0004997203152283559
CentroidX: 0.5311
CentroidY: 0.6219
