Location: Dedata_34.png_Mean-Medain.png
Component: component_1755501829381_174.png
centerX: 0.14510278113663846
centerY: 0.469061876247505
width: 0.044740024183796856
height: 0.03022526375819789
Area: 0.0005219020127534417
CentroidX: 0.1700
CentroidY: 0.4834
