Location: Dedata_34.png_Mean-Medain.png
Component: component_1755501829380_169.png
centerX: 0.580814187827489
centerY: 0.46706586826347307
width: 0.04433696090286175
height: 0.034787567721699456
Area: 0.0005518990233961742
CentroidX: 0.6042
CentroidY: 0.4824
