Location: internet_3.png_Mean-Closing.png
Component: component_1755094757185_61.png
centerX: 0.9218057234985892
centerY: 0.017964071856287425
width: 0.051189036678758564
height: 0.03877958368976333
Area: 0.0005981013156504978
CentroidX: 0.9505
CentroidY: 0.0367
