Location: Dedata_34.png_Gaussian-Closing.png
Component: component_1755501829086_211.png
centerX: 0.4429665457476824
centerY: 0.6056458511548332
width: 0.04393389762192664
height: 0.031936127744510975
Area: 0.0004820209296383912
CentroidX: 0.4672
CentroidY: 0.6191
