Location: Dedata_34.png_Mean-Closing.png
Component: component_1755501829235_225.png
centerX: 0.5066505441354293
centerY: 0.6538351867693185
width: 0.041515517936316
height: 0.03507271171941831
Area: 0.00048236572286416973
CentroidX: 0.5280
CentroidY: 0.6704
