Location: internet_3.png_Mean-Closing.png
Component: component_1755094757184_56.png
centerX: 0.31559854897218864
centerY: 0.016538351867693184
width: 0.05562273276904474
height: 0.04305674365554605
Area: 0.0006130423554342343
CentroidX: 0.3483
CentroidY: 0.0355
