Location: Dedata_34.png_Mean-Medain.png
Component: component_1755501829353_81.png
centerX: 0.1422813381700927
centerY: 0.20387795836897632
width: 0.04554615074566707
height: 0.029369831765041345
Area: 0.0005483361600631294
CentroidX: 0.1680
CentroidY: 0.2164
