Location: Dedata_34.png_Mean-Closing.png
Component: component_1755501829221_176.png
centerX: 0.3732365981459089
centerY: 0.5124037639007699
width: 0.04191858121725111
height: 0.035642999714856
Area: 0.0005647713038252395
CentroidX: 0.3944
CentroidY: 0.5291
