Location: Dedata_34.png_Gaussian-Closing.png
Component: component_1755501829100_261.png
centerX: 0.45102781136638453
centerY: 0.75990875392073
width: 0.0475614671503426
height: 0.036213287710293696
Area: 0.0005106387673780096
CentroidX: 0.4771
CentroidY: 0.7763
