Location: internet_3.png_Mean-Medain.png
Component: component_1755094757524_89.png
centerX: 0.3861346231358323
centerY: 0.23125178214998574
width: 0.045949214026602174
height: 0.035357855717137156
Area: 0.0005445434345795655
CentroidX: 0.4091
CentroidY: 0.2486
