Location: internet_3.png_Mean-Medain.png
Component: component_1755094757520_77.png
centerX: 0.07496977025392987
centerY: 0.18591388651268892
width: 0.04433696090286175
height: 0.035357855717137156
Area: 0.0005146613550120924
CentroidX: 0.1002
CentroidY: 0.2024
