Location: Dedata_34.png_Mean-Closing.png
Component: component_1755501829174_19.png
centerX: 0.14993954050785974
centerY: 0.05389221556886228
width: 0.04312777106005643
height: 0.033932135728542916
Area: 0.0004975366247984253
CentroidX: 0.1754
CentroidY: 0.0683
