Location: Dedata_34.png_Mean-Medain.png
Component: component_1755501829348_59.png
centerX: 0.07134220072551391
centerY: 0.15169660678642716
width: 0.04191858121725111
height: 0.033932135728542916
Area: 0.0005490257465146864
CentroidX: 0.0958
CentroidY: 0.1667
