Location: Paraklitoni_1720_page_10.png_Mean-Medain.png
Component: component_1755610055560_2194.png
centerX: 0.7439024390243902
centerY: 0.8035087719298246
width: 0.01676829268292683
height: 0.013032581453634085
Area: 0.00010659270126535851
CentroidX: 0.7517
CentroidY: 0.8095
