Location: internet_3.png_Mean-Closing.png
Component: component_1755094757219_218.png
centerX: 0.6428859330914953
centerY: 0.5374964357000285
width: 0.03869407496977025
height: 0.031080695751354435
Area: 0.00039076565588233906
CentroidX: 0.6633
CentroidY: 0.5515
