Location: internet_3.png_Gaussian-Closing.png
Component: component_1755094757117_243.png
centerX: 0.638049173720274
centerY: 0.6963216424294268
width: 0.04312777106005643
height: 0.03165098374679213
Area: 0.0004417950532975622
CentroidX: 0.6622
CentroidY: 0.7105
