Location: Dedata_34.png_Mean-Closing.png
Component: component_1755501829245_240.png
centerX: 0.42200725513905685
centerY: 0.7028799543769604
width: 0.03829101168883515
height: 0.035357855717137156
Area: 0.000490295967057076
CentroidX: 0.4424
CentroidY: 0.7191
