Location: internet_3.png_Mean-Closing.png
Component: component_1755094757195_105.png
centerX: 0.5046352277307538
centerY: 0.17964071856287425
width: 0.03990326481257558
height: 0.030795551753635585
Area: 0.0004512194014688421
CentroidX: 0.5258
CentroidY: 0.1947
