Location: Dedata_34.png_Mean-Closing.png
Component: component_1755501829262_286.png
centerX: 0.06852075775896815
centerY: 0.8614200171086399
width: 0.042724707779121324
height: 0.027944111776447105
Area: 0.00042030294222403355
CentroidX: 0.0924
CentroidY: 0.8736
