Location: Dedata_34.png_Gaussian-Median.png
Component: component_1755501828818_60.png
centerX: 0.014913341394598953
centerY: 0.15483319076133448
width: 0.03829101168883515
height: 0.038209295694325636
Area: 0.0005816661718883876
CentroidX: 0.0362
CentroidY: 0.1720
