Location: Dedata_34.png_Mean-Closing.png
Component: component_1755501829234_224.png
centerX: 0.44740024183796856
centerY: 0.6538351867693185
width: 0.04312777106005643
height: 0.032506415739948676
Area: 0.0004969619694221277
CentroidX: 0.4696
CentroidY: 0.6689
