Location: internet_3.png_Gaussian-Closing.png
Component: component_1755094757048_81.png
centerX: 0.19991938734381298
centerY: 0.18448816652409467
width: 0.03909713825070536
height: 0.033361847733105215
Area: 0.00044328915727593585
CentroidX: 0.2211
CentroidY: 0.2008
