Location: internet_3.png_Mean-Closing.png
Component: component_1755094757214_192.png
centerX: 0.20032245062474807
centerY: 0.44083262047333904
width: 0.04070939137444579
height: 0.03307670373538637
Area: 0.0004275435999653828
CentroidX: 0.2222
CentroidY: 0.4559
