Location: Kurtxevani_1764_page_10.png_Otsu.png
Component: component_1755610055935_1290.png
centerX: 0.7184466019417476
centerY: 0.5088868101028999
width: 0.020711974110032363
height: 0.01824134705332086
Area: 0.00021918073631407026
CentroidX: 0.7289
CentroidY: 0.5170
