Location: internet_3.png_Mean-Medain.png
Component: component_1755094757807_174.png
centerX: 0.6964933494558646
centerY: 0.4844596521243228
width: 0.03506650544135429
height: 0.03364699173082407
Area: 0.00039271948416175076
CentroidX: 0.7159
CentroidY: 0.5009
