Location: Dedata_34.png_Mean-Medain.png
Component: component_1755501829420_299.png
centerX: 0.13139862958484483
centerY: 0.863130881094953
width: 0.04353083434099154
height: 0.029654975762760195
Area: 0.00041363693985898187
CentroidX: 0.1551
CentroidY: 0.8761
