Location: Dedata_34.png_Mean-Medain.png
Component: component_1755501829345_45.png
centerX: 0.01652559451833938
centerY: 0.10493299116053607
width: 0.039500201531640466
height: 0.031080695751354435
Area: 0.0003615731627664232
CentroidX: 0.0376
CentroidY: 0.1194
