Location: Dedata_34.png_Mean-Closing.png
Component: component_1755501829232_217.png
centerX: 0.20757758968158002
centerY: 0.607927003136584
width: 0.04433696090286175
height: 0.03450242372398061
Area: 0.0005373027768382163
CentroidX: 0.2313
CentroidY: 0.6237
