Location: internet_3.png_Gaussian-Closing.png
Component: component_1755094757063_141.png
centerX: 0.566303909713825
centerY: 0.3852295409181637
width: 0.044740024183796856
height: 0.03165098374679213
Area: 0.0004521388500709182
CentroidX: 0.5910
CentroidY: 0.3995
