Location: Dedata_34.png_Mean-Medain.png
Component: component_1755501829352_79.png
centerX: 0.21039903264812576
centerY: 0.19988594240091245
width: 0.04353083434099154
height: 0.029940119760479042
Area: 0.0005486809532889078
CentroidX: 0.2359
CentroidY: 0.2121
