Location: internet_3.png_Mean-Closing.png
Component: component_1755094757185_58.png
centerX: 0.19709794437726724
centerY: 0.017393783860849728
width: 0.042724707779121324
height: 0.034787567721699456
Area: 0.0004337498780293964
CentroidX: 0.2202
CentroidY: 0.0347
