Location: Dedata_34.png_Gaussian-Median.png
Component: component_1755501828822_84.png
centerX: 0.9435711406690851
centerY: 0.2418021100655831
width: 0.03909713825070536
height: 0.03136583974907328
Area: 0.0006112034582300821
CentroidX: 0.9658
CentroidY: 0.2549
