Location: Dedata_34.png_Mean-Medain.png
Component: component_1755501829395_235.png
centerX: 0.5066505441354293
centerY: 0.6535500427715997
width: 0.041515517936316
height: 0.035357855717137156
Area: 0.0004838598268425434
CentroidX: 0.5280
CentroidY: 0.6704
