Location: Dedata_34.png_Mean-Medain.png
Component: component_1755501829360_91.png
centerX: 0.38492543329302703
centerY: 0.24550898203592814
width: 0.03990326481257558
height: 0.031080695751354435
Area: 0.0005632771998468659
CentroidX: 0.4064
CentroidY: 0.2588
