Location: Dedata_34.png_Mean-Closing.png
Component: component_1755501829240_230.png
centerX: 0.01007658202337767
centerY: 0.6578272027373824
width: 0.04675534058847239
height: 0.034787567721699456
Area: 0.0005602889918901186
CentroidX: 0.0373
CentroidY: 0.6728
