Location: internet_3.png_Mean-Medain.png
Component: component_1755094757513_58.png
centerX: 0.2503022974607013
centerY: 0.13259195893926431
width: 0.046352277307537285
height: 0.03649843170801255
Area: 0.0004981112801747228
CentroidX: 0.2758
CentroidY: 0.1501
