Location: Dedata_34.png_Gaussian-Closing.png
Component: component_1755501829049_121.png
centerX: 0.014510278113663845
centerY: 0.33561448531508414
width: 0.04191858121725111
height: 0.03222127174222983
Area: 0.0005821258961894257
CentroidX: 0.0380
CentroidY: 0.3494
