Location: internet_3.png_Gaussian-Median.png
Component: component_1755094757343_229.png
centerX: 0.13220475614671504
centerY: 0.5922440832620474
width: 0.04030632809351068
height: 0.03022526375819789
Area: 0.00041765952749306477
CentroidX: 0.1530
CentroidY: 0.6066
