Location: internet_3.png_Mean-Medain.png
Component: component_1755094757796_142.png
centerX: 0.13784764207980654
centerY: 0.39064727687482176
width: 0.039500201531640466
height: 0.03165098374679213
Area: 0.00044639229630794264
CentroidX: 0.1578
CentroidY: 0.4060
