Location: Dedata_34.png_Gaussian-Median.png
Component: component_1755501828886_303.png
centerX: 0.7488915759774285
centerY: 0.8659823210721415
width: 0.03990326481257558
height: 0.02737382378100941
Area: 0.00032743863341434825
CentroidX: 0.7720
CentroidY: 0.8781
