Location: internet_3.png_Mean-Medain.png
Component: component_1755094757804_167.png
centerX: 0.8049173720274083
centerY: 0.4818933561448531
width: 0.03990326481257558
height: 0.03364699173082407
Area: 0.0004269689445890852
CentroidX: 0.8260
CentroidY: 0.4989
