Location: internet_3.png_Gaussian-Median.png
Component: component_1755094757300_36.png
centerX: 0.3808948004836759
centerY: 0.07812945537496435
width: 0.0471584038694075
height: 0.03450242372398061
Area: 0.0005301770501721265
CentroidX: 0.4080
CentroidY: 0.0939
