Location: internet_3.png_Mean-Medain.png
Component: component_1755094757805_169.png
centerX: 0.6368399838774688
centerY: 0.4833190761334474
width: 0.04232164449818621
height: 0.033361847733105215
Area: 0.0004378873967387388
CentroidX: 0.6603
CentroidY: 0.4983
