Location: internet_3.png_Gaussian-Closing.png
Component: component_1755094757050_86.png
centerX: 0.8762595727529222
centerY: 0.2132877102936983
width: 0.04353083434099154
height: 0.034787567721699456
Area: 0.0005050071446902935
CentroidX: 0.9018
CentroidY: 0.2286
