Location: Dedata_34.png_Gaussian-Closing.png
Component: component_1755501829017_30.png
centerX: 0.34421604191858124
centerY: 0.09723410322212718
width: 0.042724707779121324
height: 0.029369831765041345
Area: 0.0004209925286755906
CentroidX: 0.3682
CentroidY: 0.1100
