Location: Dedata_34.png_Gaussian-Median.png
Component: component_1755501828877_258.png
centerX: 0.012091898428053204
centerY: 0.7097234103222128
width: 0.04877065699314793
height: 0.03649843170801255
Area: 0.0005760345492006716
CentroidX: 0.0387
CentroidY: 0.7268
