Location: internet_3.png_Gaussian-Median.png
Component: component_1755094757344_244.png
centerX: 0.6904474002418379
centerY: 0.6387225548902196
width: 0.039500201531640466
height: 0.033361847733105215
Area: 0.0004342096023304344
CentroidX: 0.7112
CentroidY: 0.6548
