Location: Dedata_34.png_Gaussian-Median.png
Component: component_1755501828820_74.png
centerX: 0.7363966142684402
centerY: 0.19931565440547477
width: 0.053204353083434096
height: 0.029654975762760195
Area: 0.0006031582829619163
CentroidX: 0.7647
CentroidY: 0.2123
