Location: Dedata_34.png_Gaussian-Closing.png
Component: component_1755501829101_267.png
centerX: 0.13905683192261184
centerY: 0.7644710578842315
width: 0.044740024183796856
height: 0.030795551753635585
Area: 0.0004921348642612282
CentroidX: 0.1636
CentroidY: 0.7789
