Location: Dedata_34.png_Mean-Medain.png
Component: component_1755501829389_212.png
centerX: 0.37968561064087064
centerY: 0.5620188195038495
width: 0.0475614671503426
height: 0.03022526375819789
Area: 0.0005269589800648602
CentroidX: 0.4057
CentroidY: 0.5749
