Location: Dedata_34.png_Mean-Closing.png
Component: component_1755501829177_30.png
centerX: 0.34421604191858124
centerY: 0.09694895922440833
width: 0.042724707779121324
height: 0.029654975762760195
Area: 0.00043961136286763147
CentroidX: 0.3682
CentroidY: 0.1100
