Location: Dedata_34.png_Mean-Medain.png
Component: component_1755501829423_311.png
centerX: 0.5046352277307538
centerY: 0.868548617051611
width: 0.03869407496977025
height: 0.03022526375819789
Area: 0.0003691586137335509
CentroidX: 0.5268
CentroidY: 0.8819
