Location: internet_3.png_Gaussian-Closing.png
Component: component_1755094757038_33.png
centerX: 0.8561064087061668
centerY: 0.01853435985172512
width: 0.05199516324062878
height: 0.05018534359851725
Area: 0.000689816313707588
CentroidX: 0.8858
CentroidY: 0.0414
