Location: Dedata_34.png_Gaussian-Median.png
Component: component_1755501828832_129.png
centerX: 0.25957275292220877
centerY: 0.37325349301397204
width: 0.0475614671503426
height: 0.03450242372398061
Area: 0.0006664853054299071
CentroidX: 0.2876
CentroidY: 0.3872
