Location: internet_3.png_Gaussian-Median.png
Component: component_1755094757300_37.png
centerX: 0.3127771060056429
centerY: 0.0789848873681209
width: 0.049979846835953246
height: 0.04220131166238951
Area: 0.000614996183713646
CentroidX: 0.3419
CentroidY: 0.0983
