Location: Dedata_34.png_Gaussian-Median.png
Component: component_1755501828807_16.png
centerX: 0.28133817009270456
centerY: 0.0510407755916738
width: 0.04070939137444579
height: 0.03022526375819789
Area: 0.00041547583706313403
CentroidX: 0.3047
CentroidY: 0.0646
