Location: internet_3.png_Mean-Closing.png
Component: component_1755094757205_148.png
centerX: 0.879081015719468
centerY: 0.3239235814086113
width: 0.046352277307537285
height: 0.034787567721699456
Area: 0.0005837349312430589
CentroidX: 0.9036
CentroidY: 0.3401
