Location: Dedata_34.png_Gaussian-Median.png
Component: component_1755501828888_312.png
centerX: 0.9318823055219669
centerY: 0.8696891930424865
width: 0.0354695687222894
height: 0.02765896777872826
Area: 0.0003252549429844175
CentroidX: 0.9510
CentroidY: 0.8827
