Location: Dedata_34.png_Gaussian-Median.png
Component: component_1755501828828_112.png
centerX: 0.013301088270858524
centerY: 0.29369831765041343
width: 0.04312777106005643
height: 0.029940119760479042
Area: 0.0006246503940354449
CentroidX: 0.0377
CentroidY: 0.3064
