Location: Dedata_34.png_Mean-Medain.png
Component: component_1755501829413_279.png
centerX: 0.011688835147118097
centerY: 0.8089535215283719
width: 0.04030632809351068
height: 0.03877958368976333
Area: 0.0005255798071617461
CentroidX: 0.0332
CentroidY: 0.8276
