Location: internet_3.png_Mean-Medain.png
Component: component_1755094757505_32.png
centerX: 0.5598548972188634
centerY: 0.07556315939549473
width: 0.04675534058847239
height: 0.04020530367835757
Area: 0.0006007447303814666
CentroidX: 0.5860
CentroidY: 0.0936
