Location: internet_3.png_Mean-Medain.png
Component: component_1755094757818_193.png
centerX: 0.7021362353889561
centerY: 0.5377815796977473
width: 0.037081821846029824
height: 0.029654975762760195
Area: 0.0003919149666349342
CentroidX: 0.7208
CentroidY: 0.5520
