Location: Dedata_34.png_Gaussian-Closing.png
Component: component_1755501829038_102.png
centerX: 0.6364369205965337
centerY: 0.28970630168234957
width: 0.04796453043127771
height: 0.03022526375819789
Area: 0.0005951131076937505
CentroidX: 0.6635
CentroidY: 0.3032
