Location: Dedata_34.png_Mean-Medain.png
Component: component_1755501829377_156.png
centerX: 0.08141878274889158
centerY: 0.4222982606216139
width: 0.04877065699314793
height: 0.03022526375819789
Area: 0.0005552320245787
CentroidX: 0.1087
CentroidY: 0.4351
