Location: internet_3.png_Gaussian-Median.png
Component: component_1755094757310_79.png
centerX: 0.7593712212817413
centerY: 0.2172797262617622
width: 0.046352277307537285
height: 0.031080695751354435
Area: 0.0004588048524359699
CentroidX: 0.7855
CentroidY: 0.2312
