Location: internet_3.png_Mean-Closing.png
Component: component_1755094757213_188.png
centerX: 0.38814993954050786
centerY: 0.4376960364984317
width: 0.042724707779121324
height: 0.028229255774165955
Area: 0.00037433051212022896
CentroidX: 0.4118
CentroidY: 0.4500
