Location: internet_3.png_Gaussian-Median.png
Component: component_1755094757315_101.png
centerX: 0.4562676340185409
centerY: 0.281437125748503
width: 0.046352277307537285
height: 0.03450242372398061
Area: 0.0005108686295285286
CentroidX: 0.4809
CentroidY: 0.2976
