Location: internet_3.png_Mean-Medain.png
Component: component_1755094757777_123.png
centerX: 0.4502216848045143
centerY: 0.3367550613059595
width: 0.03990326481257558
height: 0.031936127744510975
Area: 0.000535234017483545
CentroidX: 0.4707
CentroidY: 0.3522
