Location: Paraklitoni_1720_page_10.png_Mean-Medain.png
Component: component_1755610055339_1351.png
centerX: 0.34527439024390244
centerY: 0.49022556390977445
width: 0.01600609756097561
height: 0.013533834586466165
Area: 0.0001123234916559692
CentroidX: 0.3530
CentroidY: 0.4963
