Location: Dedata_34.png_Mean-Closing.png
Component: component_1755501829251_261.png
centerX: 0.9222087867795243
centerY: 0.7601938979184488
width: 0.041515517936316
height: 0.03735386370116909
Area: 0.000544888227805344
CentroidX: 0.9444
CentroidY: 0.7776
