Location: Dedata_34.png_Mean-Closing.png
Component: component_1755501829200_104.png
centerX: 0.33091495364772266
centerY: 0.29227259766181923
width: 0.04030632809351068
height: 0.03051040775591674
Area: 0.0005516691612456551
CentroidX: 0.3545
CentroidY: 0.3053
