Location: Dedata_34.png_Mean-Medain.png
Component: component_1755501829336_13.png
centerX: 0.5453446191051995
centerY: 0.013686911890504704
width: 0.041515517936316
height: 0.03450242372398061
Area: 0.0005774137221037858
CentroidX: 0.5696
CentroidY: 0.0287
