Location: internet_3.png_Gaussian-Median.png
Component: component_1755094757331_165.png
centerX: 0.8049173720274083
centerY: 0.482178500142572
width: 0.03990326481257558
height: 0.033361847733105215
Area: 0.00040133931480621415
CentroidX: 0.8261
CentroidY: 0.4991
