Location: internet_3.png_Mean-Closing.png
Component: component_1755094757231_278.png
centerX: 0.43571140669085046
centerY: 0.7003136583974907
width: 0.03788794840790004
height: 0.032506415739948676
Area: 0.0004259345649117496
CentroidX: 0.4558
CentroidY: 0.7157
