Location: Dedata_34.png_Mean-Medain.png
Component: component_1755501829390_217.png
centerX: 0.38170092704554615
centerY: 0.604220131166239
width: 0.042724707779121324
height: 0.03450242372398061
Area: 0.0005568410596323332
CentroidX: 0.4045
CentroidY: 0.6199
