Location: Dedata_34.png_Gaussian-Median.png
Component: component_1755501828857_206.png
centerX: 0.44417573559048773
centerY: 0.5600228115198175
width: 0.04353083434099154
height: 0.033932135728542916
Area: 0.0005598292675890805
CentroidX: 0.4669
CentroidY: 0.5753
