Location: internet_3.png_Mean-Closing.png
Component: component_1755094757234_290.png
centerX: 0.49818621523579204
centerY: 0.7408041060735672
width: 0.037484885126964934
height: 0.03222127174222983
Area: 0.0004390367074913339
CentroidX: 0.5180
CentroidY: 0.7569
