Location: Dedata_34.png_Mean-Medain.png
Component: component_1755501829334_5.png
centerX: 0.33978234582829503
centerY: 0.008269175933846592
width: 0.04393389762192664
height: 0.02765896777872826
Area: 0.0005908606579091486
CentroidX: 0.3637
CentroidY: 0.0208
