Location: internet_3.png_Mean-Closing.png
Component: component_1755094757213_186.png
centerX: 0.5122934300685208
centerY: 0.43484459652124324
width: 0.041112454655380895
height: 0.03136583974907328
Area: 0.0003875475857750728
CentroidX: 0.5337
CentroidY: 0.4496
