Location: Kurtxevani_1764_page_10.png_Otsu.png
Component: component_1755610055965_1530.png
centerX: 0.5805825242718446
centerY: 0.6309635173058934
width: 0.020711974110032363
height: 0.020112254443405052
Area: 0.00023976677232146913
CentroidX: 0.5909
CentroidY: 0.6405
