Location: Dedata_34.png_Gaussian-Closing.png
Component: component_1755501829087_215.png
centerX: 0.8061265618702136
centerY: 0.6062161391502708
width: 0.04514308746473196
height: 0.03307670373538637
Area: 0.0005210974952266251
CentroidX: 0.8312
CentroidY: 0.6201
