Location: Dedata_34.png_Mean-Medain.png
Component: component_1755501829408_266.png
centerX: 0.5695284159613059
centerY: 0.7576276019389792
width: 0.04675534058847239
height: 0.03450242372398061
Area: 0.0004759295826496371
CentroidX: 0.5961
CentroidY: 0.7729
