Location: Dedata_34.png_Mean-Closing.png
Component: component_1755501829249_254.png
centerX: 0.8057234985892785
centerY: 0.7564870259481038
width: 0.04312777106005643
height: 0.035642999714856
Area: 0.0004985710044757609
CentroidX: 0.8301
CentroidY: 0.7722
