Location: Dedata_34.png_Gaussian-Closing.png
Component: component_1755501829029_76.png
centerX: 0.07456670697299476
centerY: 0.20530367835757057
width: 0.0475614671503426
height: 0.029654975762760195
Area: 0.0005419000198485967
CentroidX: 0.1015
CentroidY: 0.2182
