Location: internet_3.png_Gaussian-Closing.png
Component: component_1755094757081_198.png
centerX: 0.3941958887545345
centerY: 0.5457656116338752
width: 0.03667875856509472
height: 0.02737382378100941
Area: 0.00036571068147576557
CentroidX: 0.4142
CentroidY: 0.5577
