Location: Dedata_34.png_Gaussian-Median.png
Component: component_1755501828861_218.png
centerX: 0.008464328899637243
centerY: 0.6062161391502708
width: 0.051189036678758564
height: 0.03364699173082407
Area: 0.0005617830958684922
CentroidX: 0.0362
CentroidY: 0.6212
