Location: internet_3.png_Gaussian-Closing.png
Component: component_1755094757070_168.png
centerX: 0.8049173720274083
centerY: 0.482178500142572
width: 0.039500201531640466
height: 0.033361847733105215
Area: 0.0003839847224420279
CentroidX: 0.8259
CentroidY: 0.4990
