Location: Dedata_34.png_Mean-Medain.png
Component: component_1755501829385_190.png
centerX: 0.9089076985086658
centerY: 0.5143997718848018
width: 0.04836759371221282
height: 0.03450242372398061
Area: 0.0005820109651141662
CentroidX: 0.9343
CentroidY: 0.5292
