Location: internet_3.png_Gaussian-Closing.png
Component: component_1755094757060_128.png
centerX: 0.06650544135429262
centerY: 0.34302822925577414
width: 0.04514308746473196
height: 0.03450242372398061
Area: 0.0004758146515743776
CentroidX: 0.0908
CentroidY: 0.3596
