Location: internet_3.png_Mean-Medain.png
Component: component_1755094757742_110.png
centerX: 0.14066908504635228
centerY: 0.29227259766181923
width: 0.04232164449818621
height: 0.03450242372398061
Area: 0.0004975366247984253
CentroidX: 0.1637
CentroidY: 0.3086
