Location: internet_3.png_Mean-Closing.png
Component: component_1755094757234_292.png
centerX: 0.648931882305522
centerY: 0.741089250071286
width: 0.04393389762192664
height: 0.03051040775591674
Area: 0.0004437488815769739
CentroidX: 0.6712
CentroidY: 0.7554
