Location: internet_3.png_Mean-Medain.png
Component: component_1755094757515_67.png
centerX: 0.694478033051189
centerY: 0.1722269746221842
width: 0.04070939137444579
height: 0.03279155973766752
Area: 0.00046960837351036396
CentroidX: 0.7164
CentroidY: 0.1884
