Location: Dedata_34.png_Mean-Closing.png
Component: component_1755501829223_184.png
centerX: 0.6666666666666666
centerY: 0.5152552038779584
width: 0.0471584038694075
height: 0.029654975762760195
Area: 0.0005185690115709159
CentroidX: 0.6917
CentroidY: 0.5283
