Location: internet_3.png_Mean-Medain.png
Component: component_1755094757830_243.png
centerX: 0.373639661426844
centerY: 0.6410037068719704
width: 0.041112454655380895
height: 0.034787567721699456
Area: 0.0005214422884524037
CentroidX: 0.3956
CentroidY: 0.6577
