Location: internet_3.png_Mean-Closing.png
Component: component_1755094757225_248.png
centerX: 0.8085449415558242
centerY: 0.6384374108925007
width: 0.037484885126964934
height: 0.03165098374679213
Area: 0.00041972828684773596
CentroidX: 0.8298
CentroidY: 0.6533
