Location: internet_3.png_Gaussian-Median.png
Component: component_1755094757313_94.png
centerX: 0.8875453446191052
centerY: 0.2708867978329056
width: 0.039500201531640466
height: 0.03279155973766752
Area: 0.00043834712103977684
CentroidX: 0.9095
CentroidY: 0.2863
