Location: internet_3.png_Mean-Closing.png
Component: component_1755094757217_207.png
centerX: 0.3260781942765014
centerY: 0.49101796407185627
width: 0.04312777106005643
height: 0.029654975762760195
Area: 0.0004140966641600199
CentroidX: 0.3496
CentroidY: 0.5047
