Location: internet_3.png_Mean-Closing.png
Component: component_1755094757216_203.png
centerX: 0.6968964127367997
centerY: 0.4844596521243228
width: 0.03466344216041919
height: 0.03364699173082407
Area: 0.0003880073100761108
CentroidX: 0.7159
CentroidY: 0.5009
