Location: Dedata_34.png_Mean-Medain.png
Component: component_1755501829371_133.png
centerX: 0.1418782748891576
centerY: 0.37553464499572287
width: 0.0471584038694075
height: 0.039635015682919876
Area: 0.0005661504767283536
CentroidX: 0.1677
CentroidY: 0.3931
