Location: Dedata_34.png_Mean-Closing.png
Component: component_1755501829247_245.png
centerX: 0.9278516727126159
centerY: 0.7057313943541489
width: 0.04514308746473196
height: 0.03421727972626176
Area: 0.0005309815676989431
CentroidX: 0.9537
CentroidY: 0.7206
