Location: internet_3.png_Gaussian-Median.png
Component: component_1755094757318_116.png
centerX: 0.6388553002821443
centerY: 0.3299116053607072
width: 0.04433696090286175
height: 0.03307670373538637
Area: 0.0005073057661954838
CentroidX: 0.6636
CentroidY: 0.3452
