Location: Dedata_34.png_Gaussian-Median.png
Component: component_1755501828863_225.png
centerX: 0.5066505441354293
centerY: 0.6084972911320217
width: 0.044740024183796856
height: 0.030795551753635585
Area: 0.00048661817264877166
CentroidX: 0.5310
CentroidY: 0.6220
