Location: Dedata_34.png_Gaussian-Median.png
Component: component_1755501828878_263.png
centerX: 0.8057234985892785
centerY: 0.7564870259481038
width: 0.04312777106005643
height: 0.035642999714856
Area: 0.00048466434436935995
CentroidX: 0.8301
CentroidY: 0.7723
