Location: Dedata_34.png_Mean-Closing.png
Component: component_1755501829174_17.png
centerX: 0.017331721080209594
centerY: 0.05303678357570573
width: 0.0471584038694075
height: 0.030795551753635585
Area: 0.00042765853104064226
CentroidX: 0.0436
CentroidY: 0.0663
