Location: Dedata_34.png_Mean-Closing.png
Component: component_1755501829253_269.png
centerX: 0.011688835147118097
centerY: 0.8089535215283719
width: 0.04030632809351068
height: 0.03849443969204448
Area: 0.0005242006342586319
CentroidX: 0.0332
CentroidY: 0.8276
