Location: internet_3.png_Mean-Medain.png
Component: component_1755094757838_264.png
centerX: 0.3808948004836759
centerY: 0.7005988023952096
width: 0.037484885126964934
height: 0.03165098374679213
Area: 0.0004329453605025798
CentroidX: 0.4012
CentroidY: 0.7160
