Location: Dedata_34.png_Gaussian-Closing.png
Component: component_1755501829033_84.png
centerX: 0.5542120112857719
centerY: 0.24379811804961504
width: 0.04433696090286175
height: 0.03022526375819789
Area: 0.0005894814850060345
CentroidX: 0.5783
CentroidY: 0.2571
