Location: Dedata_34.png_Gaussian-Median.png
Component: component_1755501828881_279.png
centerX: 0.1309955663039097
centerY: 0.8115198175078414
width: 0.046352277307537285
height: 0.03507271171941831
Area: 0.0004917900710354496
CentroidX: 0.1572
CentroidY: 0.8278
