Location: internet_3.png_Mean-Medain.png
Component: component_1755094757772_118.png
centerX: 0.7033454252317614
centerY: 0.32763045337895635
width: 0.04353083434099154
height: 0.03364699173082407
Area: 0.0005369579836124377
CentroidX: 0.7280
CentroidY: 0.3432
