Location: internet_3.png_Gaussian-Closing.png
Component: component_1755094757106_212.png
centerX: 0.38331318016928656
centerY: 0.5851154833190761
width: 0.039500201531640466
height: 0.030795551753635585
Area: 0.0004570808863070772
CentroidX: 0.4041
CentroidY: 0.5996
