Location: Dedata_34.png_Gaussian-Closing.png
Component: component_1755501829032_83.png
centerX: 0.4369205965336558
centerY: 0.24379811804961504
width: 0.04433696090286175
height: 0.03136583974907328
Area: 0.0005845394487698754
CentroidX: 0.4610
CentroidY: 0.2572
