Location: Dedata_34.png_Gaussian-Closing.png
Component: component_1755501829040_107.png
centerX: 0.3305118903667876
centerY: 0.2925577416595381
width: 0.04070939137444579
height: 0.03022526375819789
Area: 0.0005304069123226456
CentroidX: 0.3544
CentroidY: 0.3053
