Location: Dedata_34.png_Gaussian-Median.png
Component: component_1755501828826_101.png
centerX: 0.7009270455461507
centerY: 0.2874251497005988
width: 0.04554615074566707
height: 0.03307670373538637
Area: 0.0006315462585510156
CentroidX: 0.7257
CentroidY: 0.3020
