Location: Paraklitoni_1720_page_10.png_Mean-Medain.png
Component: component_1755610055340_1362.png
centerX: 0.7309451219512195
centerY: 0.4917293233082707
width: 0.01524390243902439
height: 0.013533834586466165
Area: 0.000119200440124702
CentroidX: 0.7382
CentroidY: 0.4979
