Location: internet_3.png_Gaussian-Median.png
Component: component_1755094757326_146.png
centerX: 0.2664248286981056
centerY: 0.39150270886797833
width: 0.03990326481257558
height: 0.031936127744510975
Area: 0.000440186018243929
CentroidX: 0.2876
CentroidY: 0.4058
