Location: Dedata_34.png_Mean-Closing.png
Component: component_1755501829255_274.png
centerX: 0.6852075775896815
centerY: 0.8143712574850299
width: 0.0475614671503426
height: 0.03307670373538637
Area: 0.00047420561652074445
CentroidX: 0.7119
CentroidY: 0.8292
