Location: internet_3.png_Mean-Closing.png
Component: component_1755094757219_214.png
centerX: 0.8645707376058042
centerY: 0.5340747077274023
width: 0.037484885126964934
height: 0.029654975762760195
Area: 0.0003878923790008513
CentroidX: 0.8856
CentroidY: 0.5479
