Location: internet_3.png_Gaussian-Median.png
Component: component_1755094757342_221.png
centerX: 0.7597742845626764
centerY: 0.5825491873396065
width: 0.03869407496977025
height: 0.03022526375819789
Area: 0.00044558777878112607
CentroidX: 0.7802
CentroidY: 0.5973
