Location: internet_3.png_Mean-Medain.png
Component: component_1755094757778_124.png
centerX: 0.38694074969770254
centerY: 0.3393213572854291
width: 0.04393389762192664
height: 0.034787567721699456
Area: 0.0005798272746842355
CentroidX: 0.4102
CentroidY: 0.3556
