Location: internet_3.png_Mean-Medain.png
Component: component_1755094757817_191.png
centerX: 0.958484482063684
centerY: 0.5349301397205589
width: 0.0354695687222894
height: 0.031936127744510975
Area: 0.00041903870039617893
CentroidX: 0.9785
CentroidY: 0.5493
