Location: Dedata_34.png_Mean-Closing.png
Component: component_1755501829203_116.png
centerX: 0.898024989923418
centerY: 0.33361847733105215
width: 0.039500201531640466
height: 0.03450242372398061
Area: 0.0005985610399515358
CentroidX: 0.9196
CentroidY: 0.3481
