Location: Dedata_34.png_Mean-Medain.png
Component: component_1755501829343_36.png
centerX: 0.7956469165659008
centerY: 0.0998003992015968
width: 0.04191858121725111
height: 0.02879954376960365
Area: 0.0005666102010293916
CentroidX: 0.8187
CentroidY: 0.1120
