Location: internet_3.png_Gaussian-Median.png
Component: component_1755094757349_269.png
centerX: 0.6376461104393389
centerY: 0.6963216424294268
width: 0.04353083434099154
height: 0.031936127744510975
Area: 0.00045029995286676605
CentroidX: 0.6623
CentroidY: 0.7105
