Location: internet_3.png_Mean-Closing.png
Component: component_1755094757235_300.png
centerX: 0.34461910519951633
centerY: 0.7459366980325064
width: 0.037484885126964934
height: 0.033932135728542916
Area: 0.0004469669516842402
CentroidX: 0.3637
CentroidY: 0.7630
