Location: internet_3.png_Mean-Closing.png
Component: component_1755094757222_228.png
centerX: 0.19306731156791615
centerY: 0.5463358996293128
width: 0.04030632809351068
height: 0.029940119760479042
Area: 0.00043857698319029587
CentroidX: 0.2151
CentroidY: 0.5603
