Location: Dedata_34.png_Mean-Medain.png
Component: component_1755501829368_120.png
centerX: 0.26360338573155984
centerY: 0.3324779013401768
width: 0.04030632809351068
height: 0.03022526375819789
Area: 0.0005976415913494597
CentroidX: 0.2869
CentroidY: 0.3451
