Location: Dedata_34.png_Gaussian-Median.png
Component: component_1755501828835_137.png
centerX: 0.7702539298669892
centerY: 0.3775306529797548
width: 0.04877065699314793
height: 0.031936127744510975
Area: 0.000594998176618491
CentroidX: 0.7968
CentroidY: 0.3910
