Location: Dedata_34.png_Mean-Medain.png
Component: component_1755501829364_105.png
centerX: 0.13784764207980654
centerY: 0.2894211576846307
width: 0.044740024183796856
height: 0.03051040775591674
Area: 0.0006637269596236789
CentroidX: 0.1634
CentroidY: 0.3030
