Location: Paraklitoni_1720_page_10.png_Mean-Medain.png
Component: component_1755610055384_1757.png
centerX: 0.2698170731707317
centerY: 0.6350877192982456
width: 0.01524390243902439
height: 0.013032581453634085
Area: 0.0001069747539580659
CentroidX: 0.2770
CentroidY: 0.6410
