Location: Dedata_34.png_Gaussian-Closing.png
Component: component_1755501829075_181.png
centerX: 0.6066102378073358
centerY: 0.5143997718848018
width: 0.041515517936316
height: 0.03307670373538637
Area: 0.0005335100513546524
CentroidX: 0.6313
CentroidY: 0.5286
