Location: internet_3.png_Mean-Closing.png
Component: component_1755094757191_83.png
centerX: 0.9298669891172914
centerY: 0.12403763900769889
width: 0.04433696090286175
height: 0.036213287710293696
Area: 0.000544428503504306
CentroidX: 0.9553
CentroidY: 0.1410
