Location: internet_3.png_Gaussian-Closing.png
Component: component_1755094757078_192.png
centerX: 0.5203546956872229
centerY: 0.5397775876817793
width: 0.037484885126964934
height: 0.030795551753635585
Area: 0.00037053778663666503
CentroidX: 0.5408
CentroidY: 0.5547
