Location: internet_3.png_Gaussian-Median.png
Component: component_1755094757346_252.png
centerX: 0.44014510278113667
centerY: 0.6418591388651269
width: 0.04232164449818621
height: 0.032506415739948676
Area: 0.00046857399383302837
CentroidX: 0.4634
CentroidY: 0.6565
