Location: Dedata_34.png_Gaussian-Closing.png
Component: component_1755501829074_177.png
centerX: 0.3728335348649738
centerY: 0.5124037639007699
width: 0.04232164449818621
height: 0.035642999714856
Area: 0.0005546573692024024
CentroidX: 0.3943
CentroidY: 0.5292
