Location: internet_3.png_Gaussian-Closing.png
Component: component_1755094757036_24.png
centerX: 0.7912132204756147
centerY: 0.015968063872255488
width: 0.051189036678758564
height: 0.047619047619047616
Area: 0.000674760342848592
CentroidX: 0.8203
CentroidY: 0.0388
