Location: internet_3.png_Mean-Medain.png
Component: component_1755094757842_282.png
centerX: 0.7033454252317614
centerY: 0.739093242087254
width: 0.03909713825070536
height: 0.03649843170801255
Area: 0.000489376518455
CentroidX: 0.7236
CentroidY: 0.7578
