Location: internet_3.png_Gaussian-Median.png
Component: component_1755094757325_141.png
centerX: 0.13744457879887143
centerY: 0.39064727687482176
width: 0.03990326481257558
height: 0.03165098374679213
Area: 0.0004271988067396042
CentroidX: 0.1578
CentroidY: 0.4060
