Location: Dedata_34.png_Gaussian-Median.png
Component: component_1755501828813_40.png
centerX: 0.2132204756146715
centerY: 0.10350727117194183
width: 0.04554615074566707
height: 0.033361847733105215
Area: 0.0003842145845925469
CentroidX: 0.2388
CentroidY: 0.1182
