Location: Dedata_34.png_Gaussian-Closing.png
Component: component_1755501829095_239.png
centerX: 0.8053204353083434
centerY: 0.7005988023952096
width: 0.04514308746473196
height: 0.03507271171941831
Area: 0.0004937438993148613
CentroidX: 0.8308
CentroidY: 0.7164
