Location: Dedata_34.png_Gaussian-Median.png
Component: component_1755501828820_73.png
centerX: 0.3518742442563482
centerY: 0.19931565440547477
width: 0.04070939137444579
height: 0.030795551753635585
Area: 0.0005227065302802582
CentroidX: 0.3752
CentroidY: 0.2120
