Location: Dedata_34.png_Gaussian-Closing.png
Component: component_1755501829062_155.png
centerX: 0.5727529222087868
centerY: 0.4257199885942401
width: 0.04836759371221282
height: 0.03136583974907328
Area: 0.000575689755974893
CentroidX: 0.6008
CentroidY: 0.4389
