Location: Dedata_34.png_Gaussian-Median.png
Component: component_1755501828875_254.png
centerX: 0.1950826279725917
centerY: 0.7071571143427431
width: 0.039500201531640466
height: 0.033361847733105215
Area: 0.0004915602088849307
CentroidX: 0.2162
CentroidY: 0.7224
