Location: Dedata_34.png_Gaussian-Median.png
Component: component_1755501828879_267.png
centerX: 0.8673921805723499
centerY: 0.757912745936698
width: 0.041515517936316
height: 0.035357855717137156
Area: 0.0004991456598520584
CentroidX: 0.8914
CentroidY: 0.7741
