Location: internet_3.png_Gaussian-Closing.png
Component: component_1755094757045_61.png
centerX: 0.4397420395002015
centerY: 0.1311662389506701
width: 0.05280128980249899
height: 0.03649843170801255
Area: 0.0005481062979126103
CentroidX: 0.4699
CentroidY: 0.1477
