Location: 2025-04-18_221616-1.png_Mean-Closing.png
Component: component_1745013065181_55.png
centerX: 0.8162544169611308
centerY: 0.1339323919554985
width: 0.038869257950530034
height: 0.02995293110825845
Area: 0.0004523431881147898
CentroidX: 0.8352
CentroidY: 0.1489
