Location: 2025-04-18_221616-1.png_Mean-Medain.png
Component: component_1745013064661_228.png
centerX: 0.33510011778563015
centerY: 0.4201968335472828
width: 0.032391048292108364
height: 0.03080872913992298
Area: 0.0002925740620619894
CentroidX: 0.3510
CentroidY: 0.4355
