Location: 2025-04-18_221616-1.png_Mean-Medain.png
Component: component_1745013064665_248.png
centerX: 0.3327444051825677
centerY: 0.49893025246041933
width: 0.03769140164899882
height: 0.03423192126658109
Area: 0.00040269883822141177
CentroidX: 0.3517
CentroidY: 0.5172
