Location: easy21_Mean-Medain.png
Component: component_1744297380930_797.png
centerX: 0.3879032258064516
centerY: 0.6091954022988506
width: 0.027419354838709678
height: 0.014367816091954023
Area: 0.00014367816091954023
CentroidX: 0.4003
CentroidY: 0.6161
