Location: easy26_Mean-Closing.png
Component: component_1744297382099_612.png
centerX: 0.32983870967741935
centerY: 0.41379310344827586
width: 0.025806451612903226
height: 0.014367816091954023
Area: 0.0001371122234581634
CentroidX: 0.3411
CentroidY: 0.4204
