Location: 2025-04-18_221556-1.png_Gaussian-Closing.png
Component: component_1745013065025_328.png
centerX: 0.6972909305064782
centerY: 0.711168164313222
width: 0.037102473498233215
height: 0.029525032092426188
Area: 0.00047930737815840124
CentroidX: 0.7149
CentroidY: 0.7259
