Location: 2025-04-18_221616-1.png_Mean-Medain.png
Component: component_1745013064653_194.png
centerX: 0.532979976442874
centerY: 0.3491655969191271
width: 0.04240282685512368
height: 0.03209242618741977
Area: 0.00044805915792094504
CentroidX: 0.5534
CentroidY: 0.3646
