Location: easy16_Gaussian-Median.png
Component: component_1744297381879_1021.png
centerX: 0.267741935483871
centerY: 0.7116858237547893
width: 0.025806451612903226
height: 0.014367816091954023
Area: 0.0001367259918427883
CentroidX: 0.2792
CentroidY: 0.7185
