Location: 2025-04-18_221616-1.png_Mean-Medain.png
Component: component_1745013064667_255.png
centerX: 0.14782096584216725
centerY: 0.501497646555413
width: 0.03415783274440518
height: 0.04150620453572957
Area: 0.00047527534974066497
CentroidX: 0.1629
CentroidY: 0.5216
