Location: 2025-04-18_221616-1.png_Mean-Medain.png
Component: component_1745013064657_208.png
centerX: 0.40223792697290933
centerY: 0.3842533162173727
width: 0.032391048292108364
height: 0.03123662815575524
Area: 0.00027064990754054833
CentroidX: 0.4175
CentroidY: 0.3998
