Location: 2025-04-18_221556-1.png_Gaussian-Closing.png
Component: component_1745013065009_313.png
centerX: 0.6307420494699647
centerY: 0.6765083440308087
width: 0.04181389870435807
height: 0.032520325203252036
Area: 0.0005791000814973744
CentroidX: 0.6513
CentroidY: 0.6943
