Location: 2025-04-18_221616-1.png_Gaussian-Closing.png
Component: component_1745013064576_192.png
centerX: 0.6513545347467609
centerY: 0.4146341463414634
width: 0.03297997644287397
height: 0.03380402225074882
Area: 0.00046141525205469646
CentroidX: 0.6641
CentroidY: 0.4312
