Location: 2025-04-18_221556-1.png_Gaussian-Closing.png
Component: component_1745013064913_141.png
centerX: 0.07008244994110718
centerY: 0.23876765083440307
width: 0.034746760895170786
height: 0.03080872913992298
Area: 0.0005297077333801048
CentroidX: 0.0863
CentroidY: 0.2542
