Location: 2025-04-18_221556-1.png_Gaussian-Closing.png
Component: component_1745013065048_375.png
centerX: 0.3845700824499411
centerY: 0.811724433033804
width: 0.04004711425206125
height: 0.03123662815575524
Area: 0.0005138316214852683
CentroidX: 0.4029
CentroidY: 0.8285
