Location: 2025-04-18_221616-1.png_Gaussian-Closing.png
Component: component_1745013064581_218.png
centerX: 0.45995288574793874
centerY: 0.45785194694052206
width: 0.03769140164899882
height: 0.030380830124090714
Area: 0.0004092508844002333
CentroidX: 0.4781
CentroidY: 0.4727
