Location: easy21_Mean-Medain.png
Component: component_1744297380858_447.png
centerX: 0.22741935483870968
centerY: 0.38409961685823757
width: 0.027419354838709678
height: 0.014367816091954023
Area: 0.00014483685576566555
CentroidX: 0.2394
CentroidY: 0.3909
