Location: 2025-04-18_221616-1.png_Mean-Closing.png
Component: component_1745013065186_66.png
centerX: 0.26501766784452296
centerY: 0.14035087719298245
width: 0.03297997644287397
height: 0.02781343602909713
Area: 0.0003205462592100349
CentroidX: 0.2810
CentroidY: 0.1535
