Location: 2025-04-18_221616-1.png_Gaussian-Closing.png
Component: component_1745013064544_63.png
centerX: 0.9163722025912838
centerY: 0.09584937954642704
width: 0.04122497055359246
height: 0.03423192126658109
Area: 0.00051861965523133
CentroidX: 0.9356
CentroidY: 0.1119
