Location: easy43_Mean-Closing.png
Component: component_1744297380567_156.png
centerX: 0.5864570737605804
centerY: 0.15305686190679776
width: 0.014510278113663845
height: 0.00983326207781103
Area: 6.798138705810159e-05
CentroidX: 0.5928
CentroidY: 0.1576
