Location: 2025-04-18_221616-1.png_Mean-Closing.png
Component: component_1745013065251_215.png
centerX: 0.5182567726737338
centerY: 0.540436456996149
width: 0.03415783274440518
height: 0.03551561831407788
Area: 0.000384806712117707
CentroidX: 0.5344
CentroidY: 0.5580
