Location: 2025-04-18_221616-1.png_Gaussian-Closing.png
Component: component_1745013064567_162.png
centerX: 0.08716136631330977
centerY: 0.31835686777920413
width: 0.03297997644287397
height: 0.028241335044929396
Area: 0.00025300978321295207
CentroidX: 0.1033
CentroidY: 0.3323
