Location: 2025-04-18_221616-1.png_Mean-Medain.png
Component: component_1745013064614_73.png
centerX: 0.676678445229682
centerY: 0.06161745827984596
width: 0.039458186101295645
height: 0.03080872913992298
Area: 0.0004588952342936113
CentroidX: 0.6951
CentroidY: 0.0766
