Location: 2025-04-18_221616-1.png_Gaussian-Closing.png
Component: component_1745013064540_43.png
centerX: 0.2703180212014134
centerY: 0.030380830124090714
width: 0.03651354534746761
height: 0.029097133076593923
Area: 0.00046368326803967314
CentroidX: 0.2881
CentroidY: 0.0443
