Location: 2025-04-18_221556-1.png_Gaussian-Closing.png
Component: component_1745013065050_379.png
centerX: 0.574793875147232
centerY: 0.8451005562687206
width: 0.028857479387514724
height: 0.03465982028241335
Area: 0.00045536720942809203
CentroidX: 0.5901
CentroidY: 0.8615
