Location: easy21_Mean-Medain.png
Component: component_1744297380812_248.png
centerX: 0.8596774193548387
centerY: 0.2662835249042146
width: 0.027419354838709678
height: 0.014367816091954023
Area: 0.0001564238042269188
CentroidX: 0.8718
CentroidY: 0.2730
