Location: 2025-04-18_221616-1.png_Gaussian-Closing.png
Component: component_1745013064540_45.png
centerX: 0.1519434628975265
centerY: 0.03423192126658109
width: 0.035924617196702
height: 0.029097133076593923
Area: 0.00045335119521922393
CentroidX: 0.1690
CentroidY: 0.0492
