Location: 2025-04-18_221556-1.png_Gaussian-Closing.png
Component: component_1745013064874_116.png
centerX: 0.6919905771495878
centerY: 0.2032520325203252
width: 0.03297997644287397
height: 0.02995293110825845
Area: 0.0004576352254130687
CentroidX: 0.7076
CentroidY: 0.2181
