Location: 2025-04-18_221556-1.png_Gaussian-Closing.png
Component: component_1745013064891_133.png
centerX: 0.4587750294464075
centerY: 0.23662815575524176
width: 0.03769140164899882
height: 0.0329482242190843
Area: 0.0005470958559315926
CentroidX: 0.4764
CentroidY: 0.2526
