Location: easy21_Mean-Medain.png
Component: component_1744297380859_459.png
centerX: 0.6685483870967742
centerY: 0.40373563218390807
width: 0.028225806451612902
height: 0.014846743295019157
Area: 0.0001560375726115437
CentroidX: 0.6813
CentroidY: 0.4109
