Location: 2025-04-18_221556-1.png_Gaussian-Closing.png
Component: component_1745013064935_207.png
centerX: 0.36925795053003535
centerY: 0.4069319640564827
width: 0.04004711425206125
height: 0.026957637997432605
Area: 0.000503499548664819
CentroidX: 0.3881
CentroidY: 0.4216
