Location: easy21_Mean-Medain.png
Component: component_1744297380849_411.png
centerX: 0.21129032258064517
centerY: 0.36159003831417624
width: 0.02661290322580645
height: 0.014846743295019157
Area: 0.00014483685576566555
CentroidX: 0.2230
CentroidY: 0.3687
