Location: easy16_Gaussian-Median.png
Component: component_1744297381875_1000.png
centerX: 0.6241935483870967
centerY: 0.7102490421455939
width: 0.02661290322580645
height: 0.014846743295019157
Area: 0.0001459955506117909
CentroidX: 0.6362
CentroidY: 0.7172
