Location: 2025-04-18_221556-1.png_Gaussian-Closing.png
Component: component_1745013064982_234.png
centerX: 0.6678445229681979
centerY: 0.48737697903294824
width: 0.03828032979976443
height: 0.02866923406076166
Area: 0.0004891354474266334
CentroidX: 0.6863
CentroidY: 0.5021
