Location: 2025-04-18_221616-1.png_Mean-Medain.png
Component: component_1745013064612_63.png
centerX: 0.21083627797408716
centerY: 0.0329482242190843
width: 0.0353356890459364
height: 0.028241335044929396
Area: 0.0004818273959194864
CentroidX: 0.2278
CentroidY: 0.0470
