Location: 2025-04-18_221556-1.png_Gaussian-Closing.png
Component: component_1745013065051_384.png
centerX: 0.8645465253239105
centerY: 0.8463842533162174
width: 0.03651354534746761
height: 0.0329482242190843
Area: 0.0005337397617978412
CentroidX: 0.8819
CentroidY: 0.8629
