Location: 2025-04-18_221556-1.png_Gaussian-Closing.png
Component: component_1745013064860_102.png
centerX: 0.7031802120141343
centerY: 0.16944801026957637
width: 0.032391048292108364
height: 0.029525032092426188
Area: 0.00044705115081651093
CentroidX: 0.7181
CentroidY: 0.1846
