Location: 2025-04-18_221556-1.png_Gaussian-Closing.png
Component: component_1745013064822_92.png
centerX: 0.48056537102473496
centerY: 0.13735558408215662
width: 0.037102473498233215
height: 0.02738553701326487
Area: 0.0004478071561448365
CentroidX: 0.4985
CentroidY: 0.1510
