Location: 2025-04-18_221616-1.png_Mean-Closing.png
Component: component_1745013065147_34.png
centerX: 0.2626619552414605
centerY: 0.06504065040650407
width: 0.03415783274440518
height: 0.029525032092426188
Area: 0.00041630693413127176
CentroidX: 0.2780
CentroidY: 0.0794
