Location: 2025-04-18_221556-1.png_Gaussian-Closing.png
Component: component_1745013064940_221.png
centerX: 0.3168433451118963
centerY: 0.44801026957637996
width: 0.039458186101295645
height: 0.02995293110825845
Area: 0.0005166036410224619
CentroidX: 0.3365
CentroidY: 0.4637
