Location: 2025-04-18_221616-1.png_Mean-Closing.png
Component: component_1745013065248_202.png
centerX: 0.7061248527679623
centerY: 0.4993581514762516
width: 0.034746760895170786
height: 0.03465982028241335
Area: 0.00040824287729579917
CentroidX: 0.7230
CentroidY: 0.5163
