Location: 2025-04-18_221616-1.png_Gaussian-Closing.png
Component: component_1745013064577_196.png
centerX: 0.5942285041224971
centerY: 0.417201540436457
width: 0.03180212014134275
height: 0.031664527171587506
Area: 0.0003018981277780046
CentroidX: 0.6088
CentroidY: 0.4334
