Location: easy26_Mean-Closing.png
Component: component_1744297381959_51.png
centerX: 0.8935483870967742
centerY: 0.05316091954022988
width: 0.028225806451612902
height: 0.014846743295019157
Area: 0.0001610585836114201
CentroidX: 0.9065
CentroidY: 0.0601
