Location: 2025-04-18_221616-1.png_Mean-Closing.png
Component: component_1745013065181_56.png
centerX: 0.8633686690223793
centerY: 0.13350449293966624
width: 0.038869257950530034
height: 0.03080872913992298
Area: 0.0004578872271891772
CentroidX: 0.8823
CentroidY: 0.1496
