Location: 2025-04-18_221556-1.png_Gaussian-Closing.png
Component: component_1745013064920_164.png
centerX: 0.8604240282685512
centerY: 0.3029525032092426
width: 0.039458186101295645
height: 0.029525032092426188
Area: 0.0005826281063628936
CentroidX: 0.8802
CentroidY: 0.3179
