Location: 2025-04-18_221556-1.png_Gaussian-Closing.png
Component: component_1745013064933_199.png
centerX: 0.1248527679623086
centerY: 0.378262729995721
width: 0.038869257950530034
height: 0.029097133076593923
Area: 0.0005554119145431737
CentroidX: 0.1431
CentroidY: 0.3936
