Location: easy16_Gaussian-Median.png
Component: component_1744297381671_154.png
centerX: 0.49435483870967745
centerY: 0.11254789272030652
width: 0.02661290322580645
height: 0.014846743295019157
Area: 0.00014522308738104065
CentroidX: 0.5066
CentroidY: 0.1197
