Location: 2025-04-18_221556-1.png_Gaussian-Closing.png
Component: component_1745013065080_432.png
centerX: 0.6248527679623086
centerY: 0.9606332905434317
width: 0.037102473498233215
height: 0.030380830124090714
Area: 0.0005281957227234537
CentroidX: 0.6438
CentroidY: 0.9760
