Location: 2025-04-18_221556-1.png_Gaussian-Closing.png
Component: component_1745013065007_309.png
centerX: 0.8080094228504122
centerY: 0.6700898587933247
width: 0.04181389870435807
height: 0.03209242618741977
Area: 0.0005511278843493289
CentroidX: 0.8284
CentroidY: 0.6878
