Location: 2025-04-18_221616-1.png_Mean-Closing.png
Component: component_1745013065226_156.png
centerX: 0.5995288574793876
centerY: 0.38382541720154045
width: 0.02944640753828033
height: 0.03080872913992298
Area: 0.0002567898098545799
CentroidX: 0.6136
CentroidY: 0.3995
