Location: 2025-04-18_221556-1.png_Gaussian-Closing.png
Component: component_1745013064931_193.png
centerX: 0.3627797408716137
centerY: 0.3727000427899016
width: 0.04122497055359246
height: 0.02995293110825845
Area: 0.0005836361134673278
CentroidX: 0.3818
CentroidY: 0.3879
