Location: 2025-04-18_221556-1.png_Gaussian-Closing.png
Component: component_1745013064874_117.png
centerX: 0.7932862190812721
centerY: 0.2032520325203252
width: 0.03356890459363958
height: 0.02995293110825845
Area: 0.0004389870939810384
CentroidX: 0.8087
CentroidY: 0.2184
