Location: 2025-04-18_221556-1.png_Gaussian-Closing.png
Component: component_1745013064925_174.png
centerX: 0.30094228504122494
centerY: 0.33590072742832694
width: 0.035924617196702
height: 0.030380830124090714
Area: 0.000531219744036756
CentroidX: 0.3176
CentroidY: 0.3521
