Location: 2025-04-18_221556-1.png_Gaussian-Closing.png
Component: component_1745013064938_213.png
centerX: 0.12426383981154299
centerY: 0.4159178433889602
width: 0.035924617196702
height: 0.031664527171587506
Area: 0.0005412998150810967
CentroidX: 0.1416
CentroidY: 0.4320
