Location: easy64_Gaussian-Closing.png
Component: component_1744297381575_1292.png
centerX: 0.6118500604594922
centerY: 0.8388200085506626
width: 0.013905683192261185
height: 0.00983326207781103
Area: 7.80622771541699e-05
CentroidX: 0.6177
CentroidY: 0.8435
