Location: easy21_Mean-Medain.png
Component: component_1744297380939_835.png
centerX: 0.09758064516129032
centerY: 0.6542145593869731
width: 0.027419354838709678
height: 0.014367816091954023
Area: 0.00014367816091954023
CentroidX: 0.1099
CentroidY: 0.6609
