Location: 2025-04-18_221556-1.png_Gaussian-Closing.png
Component: component_1745013064741_49.png
centerX: 0.33627797408716137
centerY: 0.02781343602909713
width: 0.03769140164899882
height: 0.02396234488660676
Area: 0.00043974309930936394
CentroidX: 0.3553
CentroidY: 0.0401
