Location: 2025-04-18_221616-1.png_Mean-Closing.png
Component: component_1745013065158_42.png
centerX: 0.8109540636042403
centerY: 0.09798887462558836
width: 0.04122497055359246
height: 0.03123662815575524
Area: 0.0005032475468887105
CentroidX: 0.8312
CentroidY: 0.1134
