Location: easy43_Mean-Closing.png
Component: component_1744297380574_205.png
centerX: 0.5749697702539298
centerY: 0.1748610517315092
width: 0.013905683192261185
height: 0.00940572894399316
Area: 6.953229322672748e-05
CentroidX: 0.5812
CentroidY: 0.1794
