Location: 2025-04-18_221616-1.png_Mean-Medain.png
Component: component_1745013064650_187.png
centerX: 0.8133097762073027
centerY: 0.34488660676080446
width: 0.03356890459363958
height: 0.03209242618741977
Area: 0.00039992681868421807
CentroidX: 0.8289
CentroidY: 0.3603
