Location: 2025-04-18_221616-1.png_Mean-Closing.png
Component: component_1745013065223_142.png
centerX: 0.4122497055359246
centerY: 0.34830979888746255
width: 0.037102473498233215
height: 0.03337612323491656
Area: 0.0004417591135182321
CentroidX: 0.4298
CentroidY: 0.3646
