Location: 2025-04-18_221556-1.png_Gaussian-Closing.png
Component: component_1745013064991_254.png
centerX: 0.7338044758539458
centerY: 0.535729567821994
width: 0.04063604240282685
height: 0.02781343602909713
Area: 0.00048762343676998234
CentroidX: 0.7534
CentroidY: 0.5505
