Location: 2025-04-18_221556-1.png_Gaussian-Closing.png
Component: component_1745013065024_323.png
centerX: 0.07243816254416961
centerY: 0.6829268292682927
width: 0.04004711425206125
height: 0.02995293110825845
Area: 0.0005168556427985704
CentroidX: 0.0917
CentroidY: 0.6987
