Location: 2025-04-18_221556-1.png_Gaussian-Closing.png
Component: component_1745013065045_367.png
centerX: 0.1978798586572438
centerY: 0.8087291399229781
width: 0.03356890459363958
height: 0.037227214377406934
Area: 0.0005538999038865225
CentroidX: 0.2136
CentroidY: 0.8283
