Location: easy16_Gaussian-Median.png
Component: component_1744297381749_336.png
centerX: 0.18225806451612903
centerY: 0.2260536398467433
width: 0.02661290322580645
height: 0.013888888888888888
Area: 0.00013633976022741316
CentroidX: 0.1943
CentroidY: 0.2326
