Location: 2025-04-18_221556-1.png_Gaussian-Closing.png
Component: component_1745013064927_181.png
centerX: 0.3568904593639576
centerY: 0.33932391955498503
width: 0.038869257950530034
height: 0.03080872913992298
Area: 0.0005652399838114059
CentroidX: 0.3754
CentroidY: 0.3544
