Location: 2025-04-18_221556-1.png_Gaussian-Closing.png
Component: component_1745013064926_177.png
centerX: 0.8751472320376914
centerY: 0.33675652545999146
width: 0.037102473498233215
height: 0.029525032092426188
Area: 0.0005271877156190197
CentroidX: 0.8920
CentroidY: 0.3521
