Location: 2025-04-18_221616-1.png_Gaussian-Closing.png
Component: component_1745013064560_131.png
centerX: 0.408716136631331
centerY: 0.24860932819854514
width: 0.037102473498233215
height: 0.030380830124090714
Area: 0.00040471485243027993
CentroidX: 0.4266
CentroidY: 0.2637
