Location: 2025-04-18_221616-1.png_Gaussian-Closing.png
Component: component_1745013064578_202.png
centerX: 0.07832744405182568
centerY: 0.4193410355156183
width: 0.03415783274440518
height: 0.029525032092426188
Area: 0.0002898020425247957
CentroidX: 0.0946
CentroidY: 0.4348
