Location: 2025-04-18_221556-1.png_Gaussian-Closing.png
Component: component_1745013064926_180.png
centerX: 0.4093050647820966
centerY: 0.3380402225074882
width: 0.03769140164899882
height: 0.029525032092426188
Area: 0.0005496158736926778
CentroidX: 0.4280
CentroidY: 0.3532
