Location: easy43_Mean-Closing.png
Component: component_1744297380672_1007.png
centerX: 0.8022974607013301
centerY: 0.6100897819581017
width: 0.014510278113663845
height: 0.00983326207781103
Area: 7.85792458770452e-05
CentroidX: 0.8083
CentroidY: 0.6146
