Location: 2025-04-18_221616-1.png_Gaussian-Closing.png
Component: component_1745013064548_76.png
centerX: 0.19846878680800942
centerY: 0.10440735986307231
width: 0.03828032979976443
height: 0.03209242618741977
Area: 0.00048812744032219937
CentroidX: 0.2159
CentroidY: 0.1200
