Location: 2025-04-18_221616-1.png_Gaussian-Closing.png
Component: component_1745013064569_171.png
centerX: 0.14546525323910484
centerY: 0.3504492939666239
width: 0.03356890459363958
height: 0.03209242618741977
Area: 0.00037321463041671516
CentroidX: 0.1612
CentroidY: 0.3649
