Location: easy21_Mean-Medain.png
Component: component_1744297380811_244.png
centerX: 0.7161290322580646
centerY: 0.26676245210727967
width: 0.028225806451612902
height: 0.014846743295019157
Area: 0.0001610585836114201
CentroidX: 0.7285
CentroidY: 0.2739
