Location: 2025-04-18_221556-1.png_Gaussian-Closing.png
Component: component_1745013064862_107.png
centerX: 0.7614840989399293
centerY: 0.17115960633290545
width: 0.034746760895170786
height: 0.02866923406076166
Area: 0.00044251511884655764
CentroidX: 0.7780
CentroidY: 0.1857
