Location: 2025-04-18_221556-1.png_Gaussian-Closing.png
Component: component_1745013065010_315.png
centerX: 0.31625441696113077
centerY: 0.6777920410783055
width: 0.04181389870435807
height: 0.03380402225074882
Area: 0.0005654919855875144
CentroidX: 0.3353
CentroidY: 0.6955
