Location: easy26_Mean-Closing.png
Component: component_1744297382152_898.png
centerX: 0.6717741935483871
centerY: 0.703544061302682
width: 0.025806451612903226
height: 0.013888888888888888
Area: 0.00013788468668891361
CentroidX: 0.6830
CentroidY: 0.7102
