Location: 2025-04-18_221556-1.png_Gaussian-Closing.png
Component: component_1745013064866_113.png
centerX: 0.30212014134275617
centerY: 0.1775780915703894
width: 0.04004711425206125
height: 0.02610183996576808
Area: 0.00046393526981578165
CentroidX: 0.3218
CentroidY: 0.1903
