Location: easy21_Mean-Medain.png
Component: component_1744297380846_395.png
centerX: 0.707258064516129
centerY: 0.35823754789272033
width: 0.028225806451612902
height: 0.014367816091954023
Area: 0.0001510165616116673
CentroidX: 0.7199
CentroidY: 0.3652
