Location: 2025-04-18_221616-1.png_Mean-Medain.png
Component: component_1745013064668_263.png
centerX: 0.643698468786808
centerY: 0.5378690629011553
width: 0.034746760895170786
height: 0.03594351732991014
Area: 0.0003933747725053966
CentroidX: 0.6597
CentroidY: 0.5555
