Location: 2025-04-18_221616-1.png_Mean-Closing.png
Component: component_1745013065145_27.png
centerX: 0.5094228504122497
centerY: 0.06161745827984596
width: 0.034746760895170786
height: 0.032520325203252036
Area: 0.00044251511884655764
CentroidX: 0.5258
CentroidY: 0.0773
