Location: 2025-04-18_221616-1.png_Mean-Medain.png
Component: component_1745013064615_80.png
centerX: 0.14546525323910484
centerY: 0.06760804450149764
width: 0.03297997644287397
height: 0.029097133076593923
Area: 0.00041076289505688436
CentroidX: 0.1600
CentroidY: 0.0814
