Location: 2025-04-18_221616-1.png_Mean-Medain.png
Component: component_1745013064635_162.png
centerX: 0.7055359246171967
centerY: 0.27941805733846814
width: 0.0353356890459364
height: 0.028241335044929396
Area: 0.0002648538666900524
CentroidX: 0.7227
CentroidY: 0.2933
