Location: easy26_Mean-Closing.png
Component: component_1744297382109_671.png
centerX: 0.29274193548387095
centerY: 0.45881226053639845
width: 0.02661290322580645
height: 0.014367816091954023
Area: 0.00014406439253491533
CentroidX: 0.3047
CentroidY: 0.4656
