Location: 2025-04-18_221616-1.png_Gaussian-Closing.png
Component: component_1745013064564_152.png
centerX: 0.40577149587750294
centerY: 0.3127941805733847
width: 0.03415783274440518
height: 0.03337612323491656
Area: 0.000307946170404609
CentroidX: 0.4224
CentroidY: 0.3291
