Location: 2025-04-18_221556-1.png_Gaussian-Closing.png
Component: component_1745013064996_277.png
centerX: 0.8733804475853946
centerY: 0.6024818142918271
width: 0.035924617196702
height: 0.02781343602909713
Area: 0.00045561921120420055
CentroidX: 0.8904
CentroidY: 0.6168
