Location: easy26_Mean-Closing.png
Component: component_1744297381976_140.png
centerX: 0.16532258064516128
centerY: 0.1206896551724138
width: 0.02661290322580645
height: 0.014367816091954023
Area: 0.00014290569768879002
CentroidX: 0.1773
CentroidY: 0.1278
