Location: 2025-04-18_221556-1.png_Gaussian-Closing.png
Component: component_1745013064861_104.png
centerX: 0.5889281507656066
centerY: 0.1703038083012409
width: 0.035924617196702
height: 0.02738553701326487
Area: 0.00045561921120420055
CentroidX: 0.6060
CentroidY: 0.1845
