Location: 2025-04-18_221556-1.png_Gaussian-Closing.png
Component: component_1745013064741_47.png
centerX: 0.15842167255594816
centerY: 0.02781343602909713
width: 0.03769140164899882
height: 0.024818142918271287
Area: 0.0004304190335933488
CentroidX: 0.1770
CentroidY: 0.0405
