Location: easy16_Gaussian-Median.png
Component: component_1744297381672_162.png
centerX: 0.2346774193548387
centerY: 0.11350574712643678
width: 0.025806451612903226
height: 0.014367816091954023
Area: 0.00013556729699666295
CentroidX: 0.2460
CentroidY: 0.1202
