Location: easy26_Mean-Closing.png
Component: component_1744297381951_18.png
centerX: 0.8725806451612903
centerY: 0.031130268199233715
width: 0.028225806451612902
height: 0.014367816091954023
Area: 0.00014869917191941663
CentroidX: 0.8850
CentroidY: 0.0380
