Location: 2025-04-18_221556-1.png_Gaussian-Closing.png
Component: component_1745013064986_244.png
centerX: 0.0706713780918728
centerY: 0.49636285836542576
width: 0.03828032979976443
height: 0.03080872913992298
Area: 0.0004979555095904316
CentroidX: 0.0894
CentroidY: 0.5128
