Location: 2025-04-18_221556-1.png_Gaussian-Closing.png
Component: component_1745013064818_90.png
centerX: 0.6472320376914017
centerY: 0.13607188703465983
width: 0.03356890459363958
height: 0.02738553701326487
Area: 0.0004389870939810384
CentroidX: 0.6647
CentroidY: 0.1504
