Location: 2025-04-18_221616-1.png_Mean-Medain.png
Component: component_1745013064630_139.png
centerX: 0.14664310954063603
centerY: 0.21437740693196405
width: 0.032391048292108364
height: 0.03423192126658109
Area: 0.00029610208692750867
CentroidX: 0.1615
CentroidY: 0.2318
