Location: 2025-04-18_221556-1.png_Gaussian-Closing.png
Component: component_1745013065044_366.png
centerX: 0.8657243816254417
centerY: 0.8078733418913137
width: 0.03828032979976443
height: 0.032520325203252036
Area: 0.0005544039074387397
CentroidX: 0.8836
CentroidY: 0.8242
