Location: easy16_Gaussian-Median.png
Component: component_1744297381927_1280.png
centerX: 0.6758064516129032
centerY: 0.8898467432950191
width: 0.02661290322580645
height: 0.01532567049808429
Area: 0.000157196267457669
CentroidX: 0.6877
CentroidY: 0.8971
