Location: easy16_Gaussian-Median.png
Component: component_1744297381812_645.png
centerX: 0.26129032258064516
centerY: 0.4267241379310345
width: 0.025806451612903226
height: 0.014367816091954023
Area: 0.00013016005438141144
CentroidX: 0.2726
CentroidY: 0.4335
