Location: 2025-04-18_221556-1.png_Gaussian-Closing.png
Component: component_1745013065029_341.png
centerX: 0.9122497055359247
centerY: 0.7436884895164741
width: 0.043580683156654886
height: 0.02738553701326487
Area: 0.0005634759713786463
CentroidX: 0.9336
CentroidY: 0.7576
