Location: easy16_Gaussian-Median.png
Component: component_1744297381716_284.png
centerX: 0.7459677419354839
centerY: 0.20019157088122605
width: 0.02661290322580645
height: 0.014367816091954023
Area: 0.00014445062415029044
CentroidX: 0.7579
CentroidY: 0.2070
