Location: easy21_Mean-Medain.png
Component: component_1744297380877_548.png
centerX: 0.09274193548387097
centerY: 0.4521072796934866
width: 0.025806451612903226
height: 0.014367816091954023
Area: 0.00013016005438141144
CentroidX: 0.1039
CentroidY: 0.4591
