Location: 2025-04-18_221556-1.png_Gaussian-Closing.png
Component: component_1745013064919_160.png
centerX: 0.7991755005889282
centerY: 0.30166880616174585
width: 0.03651354534746761
height: 0.02995293110825845
Area: 0.0005324797529172986
CentroidX: 0.8169
CentroidY: 0.3173
