Location: 2025-04-18_221616-1.png_Mean-Medain.png
Component: component_1745013064619_93.png
centerX: 0.38928150765606595
centerY: 0.10183996576807873
width: 0.03828032979976443
height: 0.03380402225074882
Area: 0.0005690200104530337
CentroidX: 0.4075
CentroidY: 0.1190
