Location: 2025-04-18_221616-1.png_Gaussian-Closing.png
Component: component_1745013064556_108.png
centerX: 0.9204946996466431
centerY: 0.2058194266153188
width: 0.037102473498233215
height: 0.03209242618741977
Area: 0.00034902245991029745
CentroidX: 0.9382
CentroidY: 0.2211
