Location: 2025-04-18_221556-1.png_Gaussian-Closing.png
Component: component_1745013064733_44.png
centerX: 0.09717314487632508
centerY: 0.026957637997432605
width: 0.038869257950530034
height: 0.025673940949935817
Area: 0.00037699465705834297
CentroidX: 0.1167
CentroidY: 0.0399
