Location: 2025-04-18_221616-1.png_Mean-Closing.png
Component: component_1745013065202_94.png
centerX: 0.14664310954063603
centerY: 0.21437740693196405
width: 0.032391048292108364
height: 0.03423192126658109
Area: 0.00029559808337529164
CentroidX: 0.1614
CentroidY: 0.2318
