Location: 2025-04-18_221616-1.png_Mean-Medain.png
Component: component_1745013064629_134.png
centerX: 0.47644287396937574
centerY: 0.2092426187419769
width: 0.03651354534746761
height: 0.03508771929824561
Area: 0.00039665079559480734
CentroidX: 0.4939
CentroidY: 0.2266
