Location: 2025-04-18_221616-1.png_Mean-Closing.png
Component: component_1745013065251_214.png
centerX: 0.7002355712603062
centerY: 0.5387248609328199
width: 0.03651354534746761
height: 0.03337612323491656
Area: 0.0004067308666391481
CentroidX: 0.7190
CentroidY: 0.5551
