Location: 2025-04-18_221616-1.png_Gaussian-Closing.png
Component: component_1745013064579_209.png
centerX: 0.6466431095406361
centerY: 0.4548566538296962
width: 0.03415783274440518
height: 0.03508771929824561
Area: 0.0004306710353694573
CentroidX: 0.6636
CentroidY: 0.4728
