Location: 2025-04-18_221616-1.png_Mean-Medain.png
Component: component_1745013064617_85.png
centerX: 0.7461719670200235
centerY: 0.0975609756097561
width: 0.04063604240282685
height: 0.03337612323491656
Area: 0.0005193756605596557
CentroidX: 0.7655
CentroidY: 0.1139
