Location: 2025-04-18_221616-1.png_Mean-Medain.png
Component: component_1745013064629_130.png
centerX: 0.8651354534746761
centerY: 0.20667522464698332
width: 0.03415783274440518
height: 0.031664527171587506
Area: 0.0002978660993602683
CentroidX: 0.8830
CentroidY: 0.2215
