Location: 2025-04-18_221616-1.png_Mean-Closing.png
Component: component_1745013065234_169.png
centerX: 0.2037691401648999
centerY: 0.417201540436457
width: 0.03121319199057715
height: 0.031664527171587506
Area: 0.00028753402653981905
CentroidX: 0.2182
CentroidY: 0.4340
