Location: 2025-04-18_221616-1.png_Mean-Closing.png
Component: component_1745013065207_106.png
centerX: 0.408716136631331
centerY: 0.24818142918271288
width: 0.037102473498233215
height: 0.03080872913992298
Area: 0.00042033896254900803
CentroidX: 0.4266
CentroidY: 0.2637
