Location: 2025-04-18_221556-1.png_Gaussian-Closing.png
Component: component_1745013064812_83.png
centerX: 0.7767962308598351
centerY: 0.10183996576807873
width: 0.037102473498233215
height: 0.02738553701326487
Area: 0.00045536720942809203
CentroidX: 0.7951
CentroidY: 0.1159
