Location: 2025-04-18_221616-1.png_Mean-Medain.png
Component: component_1745013064631_140.png
centerX: 0.2785630153121319
centerY: 0.2139495079161318
width: 0.03356890459363958
height: 0.03423192126658109
Area: 0.0004112668986091014
CentroidX: 0.2944
CentroidY: 0.2301
