Location: 2025-04-18_221556-1.png_Gaussian-Closing.png
Component: component_1745013065003_295.png
centerX: 0.7379269729093051
centerY: 0.6397090286692341
width: 0.038869257950530034
height: 0.03423192126658109
Area: 0.000531219744036756
CentroidX: 0.7565
CentroidY: 0.6572
