Location: 2025-04-18_221616-1.png_Mean-Medain.png
Component: component_1745013064619_95.png
centerX: 0.19846878680800942
centerY: 0.10440735986307231
width: 0.03828032979976443
height: 0.03209242618741977
Area: 0.000504003552217036
CentroidX: 0.2159
CentroidY: 0.1201
