Location: 2025-04-18_221616-1.png_Mean-Medain.png
Component: component_1745013064627_121.png
centerX: 0.3910482921083628
centerY: 0.17329910141206675
width: 0.04240282685512368
height: 0.02995293110825845
Area: 0.0004840954119044631
CentroidX: 0.4105
CentroidY: 0.1880
