Location: 2025-04-18_221616-1.png_Mean-Closing.png
Component: component_1745013065223_146.png
centerX: 0.21083627797408716
centerY: 0.3508771929824561
width: 0.0353356890459364
height: 0.029097133076593923
Area: 0.00039665079559480734
CentroidX: 0.2277
CentroidY: 0.3647
