Location: 2025-04-18_221616-1.png_Mean-Closing.png
Component: component_1745013065218_133.png
centerX: 0.2773851590106007
centerY: 0.31664527171587503
width: 0.035924617196702
height: 0.03380402225074882
Area: 0.0003119781988223453
CentroidX: 0.2948
CentroidY: 0.3334
