Location: 2025-04-18_221616-1.png_Gaussian-Closing.png
Component: component_1745013064561_135.png
centerX: 0.08833922261484099
centerY: 0.25203252032520324
width: 0.032391048292108364
height: 0.026529738981600343
Area: 0.00026107384004842466
CentroidX: 0.1046
CentroidY: 0.2655
