Location: 2025-04-18_221616-1.png_Mean-Medain.png
Component: component_1745013064615_81.png
centerX: 0.08186101295641932
centerY: 0.0693196405648267
width: 0.03415783274440518
height: 0.028241335044929396
Area: 0.0004032028417736288
CentroidX: 0.0985
CentroidY: 0.0835
