Location: 2025-04-18_221616-1.png_Mean-Medain.png
Component: component_1745013064633_151.png
centerX: 0.34393404004711425
centerY: 0.24818142918271288
width: 0.03651354534746761
height: 0.02995293110825845
Area: 0.0003696866055511959
CentroidX: 0.3614
CentroidY: 0.2636
