Location: 2025-04-18_221556-1.png_Gaussian-Closing.png
Component: component_1745013064806_71.png
centerX: 0.4275618374558304
centerY: 0.09713307659392384
width: 0.04004711425206125
height: 0.028241335044929396
Area: 0.0004601552431741539
CentroidX: 0.4470
CentroidY: 0.1125
