Location: 2025-04-18_221556-1.png_Gaussian-Closing.png
Component: component_1745013064925_175.png
centerX: 0.5806831566548881
centerY: 0.33590072742832694
width: 0.03828032979976443
height: 0.026529738981600343
Area: 0.0005115636055002915
CentroidX: 0.5993
CentroidY: 0.3497
