Location: 2025-04-18_221556-1.png_Gaussian-Closing.png
Component: component_1745013064921_165.png
centerX: 0.06654888103651355
centerY: 0.30594779632006847
width: 0.0353356890459364
height: 0.032520325203252036
Area: 0.0005675079997963826
CentroidX: 0.0834
CentroidY: 0.3222
