Location: 2025-04-18_221556-1.png_Gaussian-Closing.png
Component: component_1745013064740_46.png
centerX: 0.8568904593639576
centerY: 0.026529738981600343
width: 0.04063604240282685
height: 0.026957637997432605
Area: 0.0004629272627113476
CentroidX: 0.8769
CentroidY: 0.0411
