Location: 2025-04-18_221616-1.png_Mean-Closing.png
Component: component_1745013065202_96.png
centerX: 0.08657243816254417
centerY: 0.2173727000427899
width: 0.03121319199057715
height: 0.032520325203252036
Area: 0.0002535137867651691
CentroidX: 0.1025
CentroidY: 0.2340
