Location: 2025-04-18_221616-1.png_Mean-Closing.png
Component: component_1745013065246_196.png
centerX: 0.8227326266195524
centerY: 0.4937954642704322
width: 0.037102473498233215
height: 0.036371416345742404
Area: 0.0004248749945189614
CentroidX: 0.8399
CentroidY: 0.5117
