Location: 2025-04-18_221556-1.png_Gaussian-Closing.png
Component: component_1745013064879_125.png
centerX: 0.2332155477031802
centerY: 0.20710312366281558
width: 0.03297997644287397
height: 0.02781343602909713
Area: 0.00046393526981578165
CentroidX: 0.2498
CentroidY: 0.2213
