Location: 2025-04-18_221616-1.png_Mean-Medain.png
Component: component_1745013064661_226.png
centerX: 0.7043580683156655
centerY: 0.4184852374839538
width: 0.03415783274440518
height: 0.029097133076593923
Area: 0.0003830426996849474
CentroidX: 0.7201
CentroidY: 0.4323
