Location: 2025-04-18_221556-1.png_Gaussian-Closing.png
Component: component_1745013064999_285.png
centerX: 0.49823321554770317
centerY: 0.6101839965768079
width: 0.04240282685512368
height: 0.028241335044929396
Area: 0.0005092955895153149
CentroidX: 0.5189
CentroidY: 0.6249
