Location: 2025-04-18_221556-1.png_Gaussian-Closing.png
Component: component_1745013064803_65.png
centerX: 0.7938751472320377
centerY: 0.06504065040650407
width: 0.03415783274440518
height: 0.029525032092426188
Area: 0.0004432711241748832
CentroidX: 0.8102
CentroidY: 0.0802
