Location: 2025-04-18_221556-1.png_Gaussian-Closing.png
Component: component_1745013065082_438.png
centerX: 0.1972909305064782
centerY: 0.9661959777492511
width: 0.035924617196702
height: 0.029525032092426188
Area: 0.0005045075557692531
CentroidX: 0.2152
CentroidY: 0.9818
