Location: 2025-04-18_221556-1.png_Gaussian-Closing.png
Component: component_1745013064917_150.png
centerX: 0.17667844522968199
centerY: 0.2725716730851519
width: 0.03297997644287397
height: 0.03080872913992298
Area: 0.0005047595575453616
CentroidX: 0.1922
CentroidY: 0.2888
