Location: 2025-04-18_221616-1.png_Mean-Closing.png
Component: component_1745013065252_221.png
centerX: 0.08186101295641932
centerY: 0.5502781343602909
width: 0.03180212014134275
height: 0.036371416345742404
Area: 0.00045108317923424725
CentroidX: 0.0974
CentroidY: 0.5691
