Location: 2025-04-18_221556-1.png_Gaussian-Closing.png
Component: component_1745013065005_297.png
centerX: 0.6784452296819788
centerY: 0.6418485237483954
width: 0.044169611307420496
height: 0.029525032092426188
Area: 0.0005528918967820885
CentroidX: 0.6994
CentroidY: 0.6575
