Location: 2025-04-18_221616-1.png_Mean-Closing.png
Component: component_1745013065183_60.png
centerX: 0.5212014134275619
centerY: 0.1364997860504921
width: 0.03769140164899882
height: 0.02995293110825845
Area: 0.00040345484354973736
CentroidX: 0.5397
CentroidY: 0.1519
