Location: 2025-04-18_221616-1.png_Mean-Medain.png
Component: component_1745013064663_239.png
centerX: 0.07773851590106007
centerY: 0.45742404792468977
width: 0.03651354534746761
height: 0.03209242618741977
Area: 0.00043445106201108505
CentroidX: 0.0946
CentroidY: 0.4736
