Location: easy16_Gaussian-Median.png
Component: component_1744297381876_1003.png
centerX: 0.8475806451612903
centerY: 0.7097701149425287
width: 0.028225806451612902
height: 0.014846743295019157
Area: 0.0001664658262266716
CentroidX: 0.8600
CentroidY: 0.7168
