Location: 2025-04-18_221556-1.png_Gaussian-Closing.png
Component: component_1745013065071_404.png
centerX: 0.13898704358068315
centerY: 0.8857509627727856
width: 0.04299175500588928
height: 0.0329482242190843
Area: 0.0006345404722412483
CentroidX: 0.1600
CentroidY: 0.9031
