Location: easy26_Mean-Closing.png
Component: component_1744297382119_728.png
centerX: 0.5096774193548387
centerY: 0.5478927203065134
width: 0.02661290322580645
height: 0.014846743295019157
Area: 0.00016298974168829563
CentroidX: 0.5216
CentroidY: 0.5549
