Location: easy64_Gaussian-Closing.png
Component: component_1744297381571_1276.png
centerX: 0.4165659008464329
centerY: 0.8358272766139376
width: 0.014510278113663845
height: 0.00983326207781103
Area: 7.54774335397934e-05
CentroidX: 0.4230
CentroidY: 0.8404
