Location: 2025-04-18_221616-1.png_Mean-Medain.png
Component: component_1745013064669_265.png
centerX: 0.5182567726737338
centerY: 0.540436456996149
width: 0.034746760895170786
height: 0.03551561831407788
Area: 0.00038430270856548997
CentroidX: 0.5344
CentroidY: 0.5579
