Location: 2025-04-18_221616-1.png_Gaussian-Closing.png
Component: component_1745013064556_112.png
centerX: 0.8150765606595995
centerY: 0.20753102267864784
width: 0.03651354534746761
height: 0.03080872913992298
Area: 0.00030013411534524493
CentroidX: 0.8335
CentroidY: 0.2236
