Location: easy64_Gaussian-Closing.png
Component: component_1744297381439_971.png
centerX: 0.6082224909310762
centerY: 0.6387345019238991
width: 0.013905683192261185
height: 0.00983326207781103
Area: 6.927380886528984e-05
CentroidX: 0.6143
CentroidY: 0.6433
