Location: easy21_Mean-Medain.png
Component: component_1744297380942_844.png
centerX: 0.3685483870967742
centerY: 0.6542145593869731
width: 0.028225806451612902
height: 0.014846743295019157
Area: 0.0001517890248424175
CentroidX: 0.3811
CentroidY: 0.6616
