Location: 2025-04-18_221616-1.png_Mean-Medain.png
Component: component_1745013064634_160.png
centerX: 0.8686690223792697
centerY: 0.27599486521181
width: 0.03121319199057715
height: 0.03423192126658109
Area: 0.000314750218359539
CentroidX: 0.8845
CentroidY: 0.2927
