Location: 2025-04-18_221556-1.png_Gaussian-Closing.png
Component: component_1745013065005_299.png
centerX: 0.6277974087161367
centerY: 0.6427043217800599
width: 0.04181389870435807
height: 0.03080872913992298
Area: 0.0005329837564695156
CentroidX: 0.6473
CentroidY: 0.6582
