Location: 2025-04-18_221616-1.png_Gaussian-Closing.png
Component: component_1745013064583_230.png
centerX: 0.5842167255594818
centerY: 0.5006418485237484
width: 0.03828032979976443
height: 0.03209242618741977
Area: 0.0004092508844002333
CentroidX: 0.6024
CentroidY: 0.5161
