Location: 2025-04-18_221556-1.png_Gaussian-Closing.png
Component: component_1745013065051_385.png
centerX: 0.914605418138987
centerY: 0.8468121523320497
width: 0.04063604240282685
height: 0.03209242618741977
Area: 0.0005748160513035296
CentroidX: 0.9339
CentroidY: 0.8633
