Location: easy16_Gaussian-Median.png
Component: component_1744297381891_1093.png
centerX: 0.17096774193548386
centerY: 0.7567049808429118
width: 0.025806451612903226
height: 0.014846743295019157
Area: 0.00013479483376591274
CentroidX: 0.1823
CentroidY: 0.7637
