Location: 2025-04-18_221556-1.png_Gaussian-Closing.png
Component: component_1745013065071_403.png
centerX: 0.5182567726737338
centerY: 0.8853230637569534
width: 0.04534746760895171
height: 0.02995293110825845
Area: 0.0005687680086769252
CentroidX: 0.5388
CentroidY: 0.9008
