Location: 2025-04-18_221616-1.png_Gaussian-Closing.png
Component: component_1745013064567_160.png
centerX: 0.5942285041224971
centerY: 0.3170731707317073
width: 0.03415783274440518
height: 0.02995293110825845
Area: 0.00030038611712135345
CentroidX: 0.6105
CentroidY: 0.3322
