Location: 2025-04-18_221556-1.png_Gaussian-Closing.png
Component: component_1745013064994_268.png
centerX: 0.1354534746760895
centerY: 0.5755241762943946
width: 0.038869257950530034
height: 0.03080872913992298
Area: 0.0004896394509788504
CentroidX: 0.1540
CentroidY: 0.5924
