Location: 2025-04-18_221616-1.png_Gaussian-Closing.png
Component: component_1745013064579_211.png
centerX: 0.2061248527679623
centerY: 0.4557124518613607
width: 0.034746760895170786
height: 0.02995293110825845
Area: 0.0004097548879524503
CentroidX: 0.2232
CentroidY: 0.4713
