Location: 2025-04-18_221556-1.png_Gaussian-Closing.png
Component: component_1745013064881_131.png
centerX: 0.6819787985865724
centerY: 0.23491655969191272
width: 0.038869257950530034
height: 0.02738553701326487
Area: 0.0005080355806347724
CentroidX: 0.7008
CentroidY: 0.2488
