Location: 2025-04-18_221616-1.png_Gaussian-Closing.png
Component: component_1745013064585_242.png
centerX: 0.5795053003533569
centerY: 0.5400085579803167
width: 0.03356890459363958
height: 0.03508771929824561
Area: 0.00038153068902829627
CentroidX: 0.5959
CentroidY: 0.5570
