Location: 2025-04-18_221616-1.png_Gaussian-Closing.png
Component: component_1745013064540_41.png
centerX: 0.3297997644287397
centerY: 0.028241335044929396
width: 0.03828032979976443
height: 0.028241335044929396
Area: 0.0004896394509788504
CentroidX: 0.3478
CentroidY: 0.0431
