Location: easy43_Mean-Closing.png
Component: component_1744297380647_793.png
centerX: 0.29866989117291415
centerY: 0.500213766566909
width: 0.013905683192261185
height: 0.00983326207781103
Area: 6.823987141953925e-05
CentroidX: 0.3044
CentroidY: 0.5050
