Location: 2025-04-18_221556-1.png_Gaussian-Closing.png
Component: component_1745013064893_134.png
centerX: 0.5170789163722026
centerY: 0.2362002567394095
width: 0.03297997644287397
height: 0.031664527171587506
Area: 0.0005110596019480745
CentroidX: 0.5319
CentroidY: 0.2523
