Location: 2025-04-18_221556-1.png_Gaussian-Closing.png
Component: component_1745013064915_146.png
centerX: 0.7420494699646644
centerY: 0.2691484809584938
width: 0.038869257950530034
height: 0.029525032092426188
Area: 0.0005067755717542297
CentroidX: 0.7602
CentroidY: 0.2834
