Location: easy21_Mean-Medain.png
Component: component_1744297380754_34.png
centerX: 0.9024193548387097
centerY: 0.040708812260536395
width: 0.02661290322580645
height: 0.014367816091954023
Area: 0.00016028612038066989
CentroidX: 0.9141
CentroidY: 0.0474
