Location: 2025-04-18_221556-1.png_Gaussian-Closing.png
Component: component_1745013064985_243.png
centerX: 0.13250883392226148
centerY: 0.49550706033376124
width: 0.03415783274440518
height: 0.028241335044929396
Area: 0.00043848309042882137
CentroidX: 0.1488
CentroidY: 0.5105
