Location: 2025-04-18_221616-1.png_Mean-Closing.png
Component: component_1745013065177_48.png
centerX: 0.3280329799764429
centerY: 0.10226786478391099
width: 0.03828032979976443
height: 0.03423192126658109
Area: 0.000509799593067532
CentroidX: 0.3456
CentroidY: 0.1188
