Location: 2025-04-18_221616-1.png_Gaussian-Closing.png
Component: component_1745013064561_134.png
centerX: 0.14723203769140164
centerY: 0.2511767222935387
width: 0.03415783274440518
height: 0.028241335044929396
Area: 0.0003122302005984538
CentroidX: 0.1643
CentroidY: 0.2662
