Location: easy64_Gaussian-Closing.png
Component: component_1744297381368_721.png
centerX: 0.5362756952841596
centerY: 0.47498931167165453
width: 0.014510278113663845
height: 0.010260795211628902
Area: 7.6511370985544e-05
CentroidX: 0.5424
CentroidY: 0.4799
