Location: 2025-04-18_221616-1.png_Mean-Medain.png
Component: component_1745013064618_91.png
centerX: 0.26325088339222613
centerY: 0.10141206675224647
width: 0.03828032979976443
height: 0.03508771929824561
Area: 0.0005450798417227245
CentroidX: 0.2810
CentroidY: 0.1192
