Location: 2025-04-18_221616-1.png_Gaussian-Closing.png
Component: component_1745013064558_120.png
centerX: 0.2785630153121319
centerY: 0.2139495079161318
width: 0.03356890459363958
height: 0.03380402225074882
Area: 0.00040547085775860547
CentroidX: 0.2944
CentroidY: 0.2300
