Location: easy43_Mean-Closing.png
Component: component_1744297380588_317.png
centerX: 0.36094316807738813
centerY: 0.2804617357845233
width: 0.014510278113663845
height: 0.00983326207781103
Area: 8.219802693717227e-05
CentroidX: 0.3668
CentroidY: 0.2851
