Location: 2025-04-18_221556-1.png_Gaussian-Closing.png
Component: component_1745013064990_251.png
centerX: 0.3197879858657244
centerY: 0.5348737697903295
width: 0.037102473498233215
height: 0.03380402225074882
Area: 0.0005012315326798423
CentroidX: 0.3377
CentroidY: 0.5529
