Location: easy21_Mean-Medain.png
Component: component_1744297380752_24.png
centerX: 0.6435483870967742
centerY: 0.03975095785440613
width: 0.027419354838709678
height: 0.014846743295019157
Area: 0.0001560375726115437
CentroidX: 0.6555
CentroidY: 0.0470
