Location: 2025-04-18_221556-1.png_Gaussian-Closing.png
Component: component_1745013065079_426.png
centerX: 0.6872791519434629
centerY: 0.9550706033376123
width: 0.04063604240282685
height: 0.03465982028241335
Area: 0.000573556042422987
CentroidX: 0.7076
CentroidY: 0.9724
