Location: 2025-04-18_221556-1.png_Gaussian-Closing.png
Component: component_1745013065068_399.png
centerX: 0.8144876325088339
centerY: 0.883183568677792
width: 0.037102473498233215
height: 0.029097133076593923
Area: 0.0005211396729924153
CentroidX: 0.8327
CentroidY: 0.8973
