Location: 2025-04-18_221556-1.png_Gaussian-Closing.png
Component: component_1745013064813_84.png
centerX: 0.8286219081272085
centerY: 0.10183996576807873
width: 0.03180212014134275
height: 0.02738553701326487
Area: 0.0004087468808480162
CentroidX: 0.8445
CentroidY: 0.1158
