Location: 2025-04-18_221556-1.png_Gaussian-Closing.png
Component: component_1745013064860_101.png
centerX: 0.6395759717314488
centerY: 0.16859221223791185
width: 0.032391048292108364
height: 0.032520325203252036
Area: 0.00047527534974066497
CentroidX: 0.6541
CentroidY: 0.1845
