Location: 2025-04-18_221616-1.png_Mean-Closing.png
Component: component_1745013065207_108.png
centerX: 0.14723203769140164
centerY: 0.2511767222935387
width: 0.03415783274440518
height: 0.028241335044929396
Area: 0.0003207982609861434
CentroidX: 0.1642
CentroidY: 0.2663
