Location: 2025-04-18_221616-1.png_Gaussian-Closing.png
Component: component_1745013064587_249.png
centerX: 0.14605418138987045
centerY: 0.55198973042362
width: 0.032391048292108364
height: 0.03380402225074882
Area: 0.0003467544439253208
CentroidX: 0.1620
CentroidY: 0.5696
