Location: internet_18.png_Otsu.png
Component: component_1755084392632_701.png
centerX: 0.7097944377267231
centerY: 0.5041345879669233
width: 0.046352277307537285
height: 0.02737382378100941
Area: 0.00039375386383908636
CentroidX: 0.7342
CentroidY: 0.5205
