Location: internet_18.png_Gaussian-Median.png
Component: component_1755084392170_40.png
centerX: 0.016928657799274487
centerY: 0.06672369546621043
width: 0.04393389762192664
height: 0.027944111776447105
Area: 0.0002969818984705777
CentroidX: 0.0393
CentroidY: 0.0840
