Location: internet_18.png_Mean-Closing.png
Component: component_1755084392761_160.png
centerX: 0.3180169286577993
centerY: 0.44168805246649556
width: 0.04070939137444579
height: 0.02594810379241517
Area: 0.00039363893276382687
CentroidX: 0.3394
CentroidY: 0.4573
