Location: internet_18.png_Mean-Closing.png
Component: component_1755084392778_210.png
centerX: 0.08182184602982669
centerY: 0.6007984031936128
width: 0.04433696090286175
height: 0.029940119760479042
Area: 0.00045524198910292505
CentroidX: 0.1054
CentroidY: 0.6186
