Location: internet_18.png_Mean-Closing.png
Component: component_1755084392748_127.png
centerX: 0.3059250302297461
centerY: 0.3498716852010265
width: 0.04232164449818621
height: 0.026803535785571715
Area: 0.00035847002373441634
CentroidX: 0.3282
CentroidY: 0.3654
