Location: internet_18.png_Otsu.png
Component: component_1755084392618_552.png
centerX: 0.7964530431277711
centerY: 0.3581408611348731
width: 0.03829101168883515
height: 0.027944111776447105
Area: 0.00021285235138061528
CentroidX: 0.8161
CentroidY: 0.3758
