Location: internet_18.png_Otsu.png
Component: component_1755084392584_16.png
centerX: 0.019750100765820233
centerY: 0.013972055888223553
width: 0.04070939137444579
height: 0.0290846877673225
Area: 0.00033054177244635504
CentroidX: 0.0405
CentroidY: 0.0319
