Location: internet_18.png_Gaussian-Median.png
Component: component_1755084392204_213.png
centerX: 0.8387746876259573
centerY: 0.4947248360422013
width: 0.04433696090286175
height: 0.028514399771884802
Area: 0.00043133632544894665
CentroidX: 0.8631
CentroidY: 0.5119
