Location: internet_18.png_Gaussian-Median.png
Component: component_1755084392195_162.png
centerX: 0.5558242644095123
centerY: 0.37867122897063016
width: 0.042724707779121324
height: 0.026803535785571715
Area: 0.0003168649744904732
CentroidX: 0.5778
CentroidY: 0.3940
