Location: internet_18.png_Otsu.png
Component: component_1755084392603_409.png
centerX: 0.3377670294236195
centerY: 0.20786997433704021
width: 0.04433696090286175
height: 0.031080695751354435
Area: 0.00028422454911677193
CentroidX: 0.3603
CentroidY: 0.2276
