Location: internet_18.png_Otsu.png
Component: component_1755084392651_820.png
centerX: 0.46594115276098347
centerY: 0.7895637296834902
width: 0.04675534058847239
height: 0.02594810379241517
Area: 0.0003691586137335509
CentroidX: 0.4910
CentroidY: 0.8054
