Location: internet_18.png_Gaussian-Median.png
Component: component_1755084392173_56.png
centerX: 0.14510278113663846
centerY: 0.11434274308525806
width: 0.04353083434099154
height: 0.03421727972626176
Area: 0.00034008105169289454
CentroidX: 0.1678
CentroidY: 0.1363
