Location: internet_18.png_Mean-Closing.png
Component: component_1755084392735_85.png
centerX: 0.08141878274889158
centerY: 0.22212717422298262
width: 0.044740024183796856
height: 0.027944111776447105
Area: 0.00036467630179842997
CentroidX: 0.1047
CentroidY: 0.2391
