Location: internet_18.png_Otsu.png
Component: component_1755084392644_772.png
centerX: 0.20959290608625555
centerY: 0.7003136583974907
width: 0.045949214026602174
height: 0.02765896777872826
Area: 0.00039708686502161223
CentroidX: 0.2343
CentroidY: 0.7172
