Location: internet_18.png_Otsu.png
Component: component_1755084392632_700.png
centerX: 0.014107214832728738
centerY: 0.5018534359851725
width: 0.04433696090286175
height: 0.02566295979469632
Area: 0.00038237568738839475
CentroidX: 0.0357
CentroidY: 0.5174
