Location: Paraklitoni_1720_page_10.png_Mean-Medain.png
Component: component_1755610055267_582.png
centerX: 0.7621951219512195
centerY: 0.21704260651629073
width: 0.014481707317073171
height: 0.011528822055137845
Area: 8.901827740081912e-05
CentroidX: 0.7694
CentroidY: 0.2240
