Location: internet_18.png_Otsu.png
Component: component_1755084392599_296.png
centerX: 0.09028617492946392
centerY: 0.17194183062446536
width: 0.039500201531640466
height: 0.03022526375819789
Area: 0.0002008995195536261
CentroidX: 0.1098
CentroidY: 0.1922
