Location: internet_18.png_Otsu.png
Component: component_1755084392621_625.png
centerX: 0.37686416767432485
centerY: 0.39235814086113485
width: 0.04433696090286175
height: 0.025377815796977475
Area: 0.0002580202639576033
CentroidX: 0.4004
CentroidY: 0.4081
