Location: internet_18.png_Gaussian-Median.png
Component: component_1755084392226_308.png
centerX: 0.19790407093913745
centerY: 0.8055317935557457
width: 0.04070939137444579
height: 0.026518391787852865
Area: 0.00040363793631140437
CentroidX: 0.2201
CentroidY: 0.8212
