Location: Samociqulo_1709_page_10.png_Gaussian-Median.png
Component: component_1755610056136_1113.png
centerX: 0.10515970515970516
centerY: 0.246875
width: 0.02457002457002457
height: 0.0146875
Area: 0.00018197174447174446
CentroidX: 0.1167
CentroidY: 0.2552
