Location: internet_18.png_Mean-Closing.png
Component: component_1755084392789_227.png
centerX: 0.083031035872632
centerY: 0.6552609067579127
width: 0.03869407496977025
height: 0.02623324779013402
Area: 0.00038030692803372356
CentroidX: 0.1035
CentroidY: 0.6709
