Location: internet_18.png_Gaussian-Median.png
Component: component_1755084392225_304.png
centerX: 0.4022571543732366
centerY: 0.7907043056743656
width: 0.04070939137444579
height: 0.02879954376960365
Area: 0.00039363893276382687
CentroidX: 0.4241
CentroidY: 0.8078
