Location: internet_18.png_Mean-Closing.png
Component: component_1755084392740_99.png
centerX: 0.17654171704957677
centerY: 0.26404334188765327
width: 0.041112454655380895
height: 0.03136583974907328
Area: 0.0004261644270622686
CentroidX: 0.1977
CentroidY: 0.2835
