Location: Paraklitoni_1720_page_10.png_Mean-Medain.png
Component: component_1755610055349_1464.png
centerX: 0.6082317073170732
centerY: 0.5283208020050125
width: 0.013719512195121951
height: 0.012030075187969926
Area: 8.710801393728223e-05
CentroidX: 0.6154
CentroidY: 0.5350
