Location: internet_18.png_Mean-Closing.png
Component: component_1755084392720_27.png
centerX: 0.437726723095526
centerY: 0.05902480752780154
width: 0.041112454655380895
height: 0.029654975762760195
Area: 0.0003320358764247287
CentroidX: 0.4596
CentroidY: 0.0771
