Location: internet_18.png_Otsu.png
Component: component_1755084392609_474.png
centerX: 0.5239822652156388
centerY: 0.24151696606786427
width: 0.04514308746473196
height: 0.02737382378100941
Area: 0.0003766291336254192
CentroidX: 0.5482
CentroidY: 0.2582
