Location: internet_18.png_Mean-Closing.png
Component: component_1755084392733_78.png
centerX: 0.39903264812575573
centerY: 0.20615911035072712
width: 0.04312777106005643
height: 0.028514399771884802
Area: 0.00035938947233649245
CentroidX: 0.4225
CentroidY: 0.2236
