Location: internet_18.png_Otsu.png
Component: component_1755084392619_592.png
centerX: 0.5562273276904474
centerY: 0.37867122897063016
width: 0.04070939137444579
height: 0.026518391787852865
Area: 0.00023285035847577028
CentroidX: 0.5766
CentroidY: 0.3939
