Location: internet_18.png_Mean-Closing.png
Component: component_1755084392750_132.png
centerX: 0.18218460298266828
centerY: 0.3615625891074993
width: 0.04353083434099154
height: 0.026803535785571715
Area: 0.00034444843255275595
CentroidX: 0.2046
CentroidY: 0.3773
