Location: internet_18.png_Mean-Medain.png
Component: component_1755084392460_197.png
centerX: 0.5203546956872229
centerY: 0.5161106358711149
width: 0.046352277307537285
height: 0.028514399771884802
Area: 0.00045639129985552014
CentroidX: 0.5454
CentroidY: 0.5329
