Location: internet_18.png_Otsu.png
Component: component_1755084392614_502.png
centerX: 0.8540910923014914
centerY: 0.30710008554319934
width: 0.04232164449818621
height: 0.026518391787852865
Area: 0.00030215379685725574
CentroidX: 0.8777
CentroidY: 0.3230
