Location: internet_18.png_Mean-Closing.png
Component: component_1755084392738_95.png
centerX: 0.9181781539701733
centerY: 0.25691474194468206
width: 0.039500201531640466
height: 0.025092671799258625
Area: 0.000335253946531995
CentroidX: 0.9387
CentroidY: 0.2720
