Location: internet_18.png_Mean-Medain.png
Component: component_1755084392296_67.png
centerX: 0.4570737605804111
centerY: 0.15911035072711718
width: 0.042724707779121324
height: 0.029654975762760195
Area: 0.0003589297480354544
CentroidX: 0.4789
CentroidY: 0.1771
