Location: internet_18.png_Mean-Closing.png
Component: component_1755084392722_34.png
centerX: 0.01652559451833938
centerY: 0.06700883946392928
width: 0.04433696090286175
height: 0.027944111776447105
Area: 0.00031720976771625173
CentroidX: 0.0391
CentroidY: 0.0840
