Location: internet_18.png_Otsu.png
Component: component_1755084392605_435.png
centerX: 0.8295042321644498
centerY: 0.22041631023666952
width: 0.04232164449818621
height: 0.02566295979469632
Area: 0.00034272446642386327
CentroidX: 0.8528
CentroidY: 0.2354
