Location: internet_18.png_Mean-Medain.png
Component: component_1755084392282_7.png
centerX: 0.5070536074163644
centerY: 0.008269175933846592
width: 0.04353083434099154
height: 0.028514399771884802
Area: 0.00035145922814358615
CentroidX: 0.5293
CentroidY: 0.0255
