Location: internet_18.png_Mean-Closing.png
Component: component_1755084392766_174.png
centerX: 0.44740024183796856
centerY: 0.4750499001996008
width: 0.04877065699314793
height: 0.02423723980610208
Area: 0.0003975465893226503
CentroidX: 0.4729
CentroidY: 0.4900
