Location: Kurtxevani_1784_page_10.png_Gaussian-Closing.png
Component: component_1755610055713_108.png
centerX: 0.6458557588805167
centerY: 0.13227091633466134
width: 0.021528525296017224
height: 0.019123505976095617
Area: 0.00023243945638329352
CentroidX: 0.6573
CentroidY: 0.1436
