Location: internet_18.png_Gaussian-Median.png
Component: component_1755084392217_271.png
centerX: 0.41515517936316004
centerY: 0.6889078984887368
width: 0.045949214026602174
height: 0.026803535785571715
Area: 0.00041329214663320335
CentroidX: 0.4393
CentroidY: 0.7037
