Location: internet_18.png_Mean-Medain.png
Component: component_1755084392514_274.png
centerX: 0.6005642885933091
centerY: 0.7858568577131452
width: 0.04312777106005643
height: 0.026803535785571715
Area: 0.00045363295404929186
CentroidX: 0.6232
CentroidY: 0.8022
