Location: internet_18.png_Gaussian-Median.png
Component: component_1755084392201_201.png
centerX: 0.07819427650141073
centerY: 0.45451953236384374
width: 0.03869407496977025
height: 0.029369831765041345
Area: 0.00037134230416348166
CentroidX: 0.0984
CentroidY: 0.4727
