Location: internet_18.png_Otsu.png
Component: component_1755084392643_768.png
centerX: 0.41555824264409513
centerY: 0.6889078984887368
width: 0.04514308746473196
height: 0.026518391787852865
Area: 0.0003721468216902982
CentroidX: 0.4391
CentroidY: 0.7036
