Location: internet_18.png_Mean-Medain.png
Component: component_1755084392292_47.png
centerX: 0.5820233776702942
centerY: 0.10236669518106643
width: 0.04312777106005643
height: 0.03222127174222983
Area: 0.00034536788115483206
CentroidX: 0.6048
CentroidY: 0.1230
