Location: internet_18.png_Gaussian-Median.png
Component: component_1755084392225_301.png
centerX: 0.6009673518742442
centerY: 0.7858568577131452
width: 0.042724707779121324
height: 0.026803535785571715
Area: 0.00043271549835206076
CentroidX: 0.6232
CentroidY: 0.8021
