Location: internet_18.png_Otsu.png
Component: component_1755084392581_2.png
centerX: 0.44216041918581217
centerY: 0.00855431993156544
width: 0.04191858121725111
height: 0.029654975762760195
Area: 0.0003178993541678088
CentroidX: 0.4638
CentroidY: 0.0272
