Location: internet_18.png_Mean-Medain.png
Component: component_1755084392290_38.png
centerX: 0.01652559451833938
centerY: 0.06672369546621043
width: 0.04433696090286175
height: 0.028229255774165955
Area: 0.0003206576999740371
CentroidX: 0.0390
CentroidY: 0.0841
