Location: internet_18.png_Gaussian-Median.png
Component: component_1755084392212_249.png
centerX: 0.7722692462716646
centerY: 0.6110635871114913
width: 0.045949214026602174
height: 0.0290846877673225
Area: 0.0004281182553416803
CentroidX: 0.7953
CentroidY: 0.6280
