Location: internet_18.png_Gaussian-Median.png
Component: component_1755084392166_22.png
centerX: 0.230149133413946
centerY: 0.014257199885942401
width: 0.036275695284159616
height: 0.031080695751354435
Area: 0.0003398511895423755
CentroidX: 0.2508
CentroidY: 0.0331
