Location: internet_18.png_Mean-Medain.png
Component: component_1755084392304_103.png
centerX: 0.29181781539701734
centerY: 0.25805531793555747
width: 0.042724707779121324
height: 0.03136583974907328
Area: 0.00046926358028458545
CentroidX: 0.3144
CentroidY: 0.2776
