Location: internet_18.png_Gaussian-Median.png
Component: component_1755084392203_207.png
centerX: 0.44740024183796856
centerY: 0.4750499001996008
width: 0.04877065699314793
height: 0.02423723980610208
Area: 0.0003758246160986026
CentroidX: 0.4729
CentroidY: 0.4900
