Location: internet_18.png_Mean-Medain.png
Component: component_1755084392291_44.png
centerX: 0.8395808141878275
centerY: 0.09609352723125178
width: 0.045949214026602174
height: 0.026518391787852865
Area: 0.000354562367175593
CentroidX: 0.8639
CentroidY: 0.1124
