Location: internet_18.png_Gaussian-Median.png
Component: component_1755084392197_180.png
centerX: 0.7420395002015316
centerY: 0.4074707727402338
width: 0.04675534058847239
height: 0.02566295979469632
Area: 0.00040375286738666386
CentroidX: 0.7658
CentroidY: 0.4226
