Location: internet_18.png_Gaussian-Median.png
Component: component_1755084392188_125.png
centerX: 0.43409915356711004
centerY: 0.2951240376390077
width: 0.044740024183796856
height: 0.025092671799258625
Area: 0.0003459425365311296
CentroidX: 0.4570
CentroidY: 0.3094
