Location: internet_18.png_Otsu.png
Component: component_1755084392635_714.png
centerX: 0.788391777509069
centerY: 0.5531793555745651
width: 0.04675534058847239
height: 0.029654975762760195
Area: 0.0004115681805043107
CentroidX: 0.8136
CentroidY: 0.5707
