Location: Kurtxevani_1764_page_10.png_Otsu.png
Component: component_1755610056014_2059.png
centerX: 0.39546925566343044
centerY: 0.8620205799812909
width: 0.021359223300970873
height: 0.025724976613657625
Area: 0.0003451188389475692
CentroidX: 0.4058
CentroidY: 0.8754
