Location: Kurtxevani_1784_page_10.png_Gaussian-Closing.png
Component: component_1755610055708_77.png
centerX: 0.7222820236813778
centerY: 0.08844621513944223
width: 0.030139935414424113
height: 0.03187250996015936
Area: 0.0005111952620090145
CentroidX: 0.7362
CentroidY: 0.1036
