Location: internet_18.png_Mean-Medain.png
Component: component_1755084392299_83.png
centerX: 0.5215638855300282
centerY: 0.1958939264328486
width: 0.046352277307537285
height: 0.03165098374679213
Area: 0.00040030493512887856
CentroidX: 0.5469
CentroidY: 0.2156
