Location: internet_18.png_Mean-Medain.png
Component: component_1755084392478_240.png
centerX: 0.7327690447400241
centerY: 0.6621043627031651
width: 0.04796453043127771
height: 0.031936127744510975
Area: 0.00042064773544981207
CentroidX: 0.7581
CentroidY: 0.6808
