Location: internet_18.png_Mean-Medain.png
Component: component_1755084392465_216.png
centerX: 0.27690447400241835
centerY: 0.5911035072711719
width: 0.046352277307537285
height: 0.029369831765041345
Area: 0.0004591496456617484
CentroidX: 0.3024
CentroidY: 0.6091
