Location: internet_18.png_Otsu.png
Component: component_1755084392643_756.png
centerX: 0.6763401854091092
centerY: 0.6678072426575421
width: 0.03909713825070536
height: 0.026803535785571715
Area: 0.000364906163948949
CentroidX: 0.6972
CentroidY: 0.6838
