Location: internet_18.png_Mean-Medain.png
Component: component_1755084392299_80.png
centerX: 0.7118097541313986
centerY: 0.1853435985172512
width: 0.044740024183796856
height: 0.03165098374679213
Area: 0.00037329613244289336
CentroidX: 0.7361
CentroidY: 0.2045
