Location: internet_18.png_Mean-Closing.png
Component: component_1755084392719_25.png
centerX: 0.5626763401854091
centerY: 0.05645851154833191
width: 0.04191858121725111
height: 0.029654975762760195
Area: 0.0003285879441669434
CentroidX: 0.5847
CentroidY: 0.0747
