Location: internet_18.png_Gaussian-Median.png
Component: component_1755084392218_275.png
centerX: 0.14389359129383314
centerY: 0.7028799543769604
width: 0.04312777106005643
height: 0.03022526375819789
Area: 0.00041903870039617893
CentroidX: 0.1665
CentroidY: 0.7212
