Location: internet_18.png_Mean-Closing.png
Component: component_1755084392763_169.png
centerX: 0.6924627166465135
centerY: 0.4548046763615626
width: 0.04836759371221282
height: 0.02566295979469632
Area: 0.00040628135104237316
CentroidX: 0.7185
CentroidY: 0.4697
