Location: internet_18.png_Otsu.png
Component: component_1755084392612_490.png
centerX: 0.014913341394598953
centerY: 0.27060165383518675
width: 0.03829101168883515
height: 0.028229255774165955
Area: 0.0003609985073901256
CentroidX: 0.0352
CentroidY: 0.2885
