Location: Kurtxevani_1794_page_10.png_Mean-Medain.png
Component: component_1755610054604_523.png
centerX: 0.46931618936294567
centerY: 0.10136624063464081
width: 0.018702513150204558
height: 0.013221683561040106
Area: 0.0001439883325661683
CentroidX: 0.4781
CentroidY: 0.1087
