Location: internet_18.png_Otsu.png
Component: component_1755084392612_493.png
centerX: 0.6211205159209996
centerY: 0.27773025377815796
width: 0.04796453043127771
height: 0.027088679783290562
Area: 0.0003382421544887423
CentroidX: 0.6459
CentroidY: 0.2945
