Location: internet_18.png_Gaussian-Median.png
Component: component_1755084392205_218.png
centerX: 0.7097944377267231
centerY: 0.5041345879669233
width: 0.046352277307537285
height: 0.02765896777872826
Area: 0.0004169699410415077
CentroidX: 0.7341
CentroidY: 0.5205
