Location: internet_18.png_Mean-Medain.png
Component: component_1755084392492_253.png
centerX: 0.860540104796453
centerY: 0.7131451382948389
width: 0.05038291011688835
height: 0.0290846877673225
Area: 0.00046926358028458545
CentroidX: 0.8864
CentroidY: 0.7300
