Location: internet_18.png_Gaussian-Median.png
Component: component_1755084392219_280.png
centerX: 0.860540104796453
centerY: 0.7131451382948389
width: 0.049979846835953246
height: 0.02879954376960365
Area: 0.0004470818827594997
CentroidX: 0.8865
CentroidY: 0.7300
