Location: internet_18.png_Gaussian-Median.png
Component: component_1755084392189_132.png
centerX: 0.18581217251108423
centerY: 0.31394354148845166
width: 0.04554615074566707
height: 0.027944111776447105
Area: 0.00039651220964531463
CentroidX: 0.2080
CentroidY: 0.3310
