Location: internet_18.png_Mean-Closing.png
Component: component_1755084392771_191.png
centerX: 0.3305118903667876
centerY: 0.5306529797547762
width: 0.04675534058847239
height: 0.028514399771884802
Area: 0.00043834712103977684
CentroidX: 0.3557
CentroidY: 0.5476
