Location: internet_18.png_Gaussian-Median.png
Component: component_1755084392179_85.png
centerX: 0.8347440548166062
centerY: 0.18078129455374964
width: 0.037081821846029824
height: 0.028514399771884802
Area: 0.0003809965144852806
CentroidX: 0.8545
CentroidY: 0.1989
