Location: internet_18.png_Mean-Closing.png
Component: component_1755084392723_36.png
centerX: 0.7762998790810157
centerY: 0.09466780724265754
width: 0.041112454655380895
height: 0.03022526375819789
Area: 0.00032743863341434825
CentroidX: 0.7977
CentroidY: 0.1136
