Location: internet_18.png_Gaussian-Median.png
Component: component_1755084392220_283.png
centerX: 0.6698911729141476
centerY: 0.7291132021670944
width: 0.0471584038694075
height: 0.032506415739948676
Area: 0.0004800671013589795
CentroidX: 0.6954
CentroidY: 0.7483
