Location: internet_18.png_Mean-Closing.png
Component: component_1755084392773_194.png
centerX: 0.13784764207980654
centerY: 0.5429141716566867
width: 0.04675534058847239
height: 0.03051040775591674
Area: 0.0004360484995345866
CentroidX: 0.1630
CentroidY: 0.5617
