Location: internet_18.png_Gaussian-Median.png
Component: component_1755084392215_260.png
centerX: 0.1422813381700927
centerY: 0.6489877388080981
width: 0.04393389762192664
height: 0.031080695751354435
Area: 0.00039202989771019373
CentroidX: 0.1655
CentroidY: 0.6681
