Location: internet_18.png_Gaussian-Median.png
Component: component_1755084392197_178.png
centerX: 0.19347037484885127
centerY: 0.405189620758483
width: 0.04312777106005643
height: 0.026803535785571715
Area: 0.0003073256952439337
CentroidX: 0.2158
CentroidY: 0.4209
