Location: internet_18.png_Gaussian-Median.png
Component: component_1755084392165_16.png
centerX: 0.6328093510681176
centerY: 0.01140575990875392
width: 0.04353083434099154
height: 0.028514399771884802
Area: 0.0003266341158875317
CentroidX: 0.6547
CentroidY: 0.0288
