Location: internet_18.png_Gaussian-Median.png
Component: component_1755084392226_306.png
centerX: 0.260378879484079
centerY: 0.801254633589963
width: 0.04393389762192664
height: 0.029369831765041345
Area: 0.0004259345649117496
CentroidX: 0.2833
CentroidY: 0.8185
