Location: internet_18.png_Mean-Medain.png
Component: component_1755084392330_137.png
centerX: 0.2434502216848045
centerY: 0.35614485315084116
width: 0.045949214026602174
height: 0.026518391787852865
Area: 0.00034513801900431303
CentroidX: 0.2670
CentroidY: 0.3711
