Location: internet_18.png_Gaussian-Median.png
Component: component_1755084392227_311.png
centerX: 0.07134220072551391
centerY: 0.8092386655260907
width: 0.042724707779121324
height: 0.029369831765041345
Area: 0.000415245974912615
CentroidX: 0.0936
CentroidY: 0.8276
