Location: internet_18.png_Gaussian-Median.png
Component: component_1755084392164_9.png
centerX: 0.8162031438935913
centerY: 0.009124607927003137
width: 0.04191858121725111
height: 0.032506415739948676
Area: 0.0003578953683581188
CentroidX: 0.8387
CentroidY: 0.0293
