Location: Kurtxevani_1764_page_10.png_Otsu.png
Component: component_1755610055811_376.png
centerX: 0.6750809061488673
centerY: 0.10009354536950421
width: 0.026537216828478965
height: 0.0205799812909261
Area: 0.0002966811071654542
CentroidX: 0.6872
CentroidY: 0.1110
