Location: internet_18.png_Gaussian-Median.png
Component: component_1755084392182_99.png
centerX: 0.08141878274889158
centerY: 0.22212717422298262
width: 0.044740024183796856
height: 0.028229255774165955
Area: 0.0003452529500795725
CentroidX: 0.1047
CentroidY: 0.2391
