Location: internet_18.png_Gaussian-Median.png
Component: component_1755084392226_309.png
centerX: 0.013301088270858524
centerY: 0.808668377530653
width: 0.03869407496977025
height: 0.03279155973766752
Area: 0.00042869291071797786
CentroidX: 0.0329
CentroidY: 0.8290
