Location: internet_18.png_Otsu.png
Component: component_1755084392582_4.png
centerX: 0.6964933494558646
centerY: 0.00855431993156544
width: 0.03869407496977025
height: 0.028229255774165955
Area: 0.00027721375352594173
CentroidX: 0.7174
CentroidY: 0.0265
