Location: internet_18.png_Mean-Closing.png
Component: component_1755084392799_258.png
centerX: 0.7980652962515115
centerY: 0.7770173937838608
width: 0.05038291011688835
height: 0.027944111776447105
Area: 0.0004339797401799154
CentroidX: 0.8249
CentroidY: 0.7935
