Location: internet_18.png_Gaussian-Median.png
Component: component_1755084392198_187.png
centerX: 0.6187021362353889
centerY: 0.4185913886512689
width: 0.04433696090286175
height: 0.023666951810664385
Area: 0.00036410164642213243
CentroidX: 0.6422
CentroidY: 0.4332
