Location: internet_18.png_Otsu.png
Component: component_1755084392652_827.png
centerX: 0.013704151551793631
centerY: 0.8089535215283719
width: 0.03829101168883515
height: 0.032506415739948676
Area: 0.00040432752276296145
CentroidX: 0.0330
CentroidY: 0.8291
