Location: internet_18.png_Gaussian-Median.png
Component: component_1755084392168_30.png
centerX: 0.6235388956066102
centerY: 0.05588822355289421
width: 0.041515517936316
height: 0.026803535785571715
Area: 0.0002990506578252489
CentroidX: 0.6445
CentroidY: 0.0723
