Location: internet_18.png_Mean-Medain.png
Component: component_1755084392399_171.png
centerX: 0.9347037484885127
centerY: 0.446535500427716
width: 0.041112454655380895
height: 0.023666951810664385
Area: 0.00036846902728199384
CentroidX: 0.9568
CentroidY: 0.4607
