Location: internet_18.png_Mean-Medain.png
Component: component_1755084392293_53.png
centerX: 0.32728738411930675
centerY: 0.11348731109210151
width: 0.04433696090286175
height: 0.030795551753635585
Area: 0.0003250250808338985
CentroidX: 0.3514
CentroidY: 0.1325
