Location: internet_18.png_Mean-Medain.png
Component: component_1755084392476_239.png
centerX: 0.7932285368802902
centerY: 0.6601083547191332
width: 0.044740024183796856
height: 0.032506415739948676
Area: 0.00046156319824219817
CentroidX: 0.8173
CentroidY: 0.6798
