Location: internet_18.png_Otsu.png
Component: component_1755084392630_688.png
centerX: 0.5804111245465539
centerY: 0.46478471628172224
width: 0.039500201531640466
height: 0.025377815796977475
Area: 0.0003596193344870115
CentroidX: 0.6009
CentroidY: 0.4799
