Location: internet_18.png_Mean-Closing.png
Component: component_1755084392794_243.png
centerX: 0.9214026602176542
centerY: 0.7100085543199316
width: 0.04836759371221282
height: 0.029940119760479042
Area: 0.0004238658055570784
CentroidX: 0.9482
CentroidY: 0.7284
