Location: internet_18.png_Gaussian-Median.png
Component: component_1755084392221_286.png
centerX: 0.47480854494155583
centerY: 0.7402338180781295
width: 0.04836759371221282
height: 0.031080695751354435
Area: 0.00046822920060724985
CentroidX: 0.4996
CentroidY: 0.7597
