Location: Samociqulo_1709_page_10.png_Gaussian-Median.png
Component: component_1755610056299_3245.png
centerX: 0.8496314496314497
centerY: 0.80375
width: 0.02506142506142506
height: 0.014375
Area: 0.00015663390663390664
CentroidX: 0.8614
CentroidY: 0.8116
