Location: internet_18.png_Otsu.png
Component: component_1755084392650_816.png
centerX: 0.731962918178154
centerY: 0.7795836897633305
width: 0.04796453043127771
height: 0.030795551753635585
Area: 0.00038973127620500346
CentroidX: 0.7571
CentroidY: 0.7973
