Location: internet_18.png_Mean-Closing.png
Component: component_1755084392790_230.png
centerX: 0.7932285368802902
centerY: 0.660393498716852
width: 0.044740024183796856
height: 0.03222127174222983
Area: 0.00046052881856486257
CentroidX: 0.8173
CentroidY: 0.6798
