Location: internet_18.png_Otsu.png
Component: component_1755084392601_340.png
centerX: 0.7730753728335349
centerY: 0.18163672654690619
width: 0.046352277307537285
height: 0.03279155973766752
Area: 0.00027445540771971346
CentroidX: 0.7989
CentroidY: 0.2009
