Location: internet_18.png_Otsu.png
Component: component_1755084392630_691.png
centerX: 0.3873438129786376
centerY: 0.4816082121471343
width: 0.042724707779121324
height: 0.025092671799258625
Area: 0.0003606537141643471
CentroidX: 0.4097
CentroidY: 0.4967
