Location: internet_18.png_Gaussian-Median.png
Component: component_1755084392210_238.png
centerX: 0.40185409109230147
centerY: 0.5828343313373253
width: 0.044740024183796856
height: 0.029654975762760195
Area: 0.00042731373781486375
CentroidX: 0.4250
CentroidY: 0.6006
