Location: internet_18.png_Otsu.png
Component: component_1755084392615_511.png
centerX: 0.12293430068520758
centerY: 0.3187909894496721
width: 0.04675534058847239
height: 0.026803535785571715
Area: 0.000339966120617635
CentroidX: 0.1477
CentroidY: 0.3353
