Location: internet_18.png_Otsu.png
Component: component_1755084392642_752.png
centerX: 0.7936316001612254
centerY: 0.660393498716852
width: 0.04433696090286175
height: 0.03222127174222983
Area: 0.0004082351793217848
CentroidX: 0.8171
CentroidY: 0.6798
