Location: internet_18.png_Gaussian-Median.png
Component: component_1755084392176_65.png
centerX: 0.8484482063683998
centerY: 0.1360136869118905
width: 0.03385731559854897
height: 0.027944111776447105
Area: 0.00026962830255881394
CentroidX: 0.8661
CentroidY: 0.1533
