Location: Paraklitoni_1720_page_10.png_Mean-Medain.png
Component: component_1755610055661_2289.png
centerX: 0.3597560975609756
centerY: 0.8401002506265665
width: 0.012957317073170731
height: 0.011027568922305764
Area: 8.481569778103795e-05
CentroidX: 0.3664
CentroidY: 0.8464
