Location: internet_18.png_Gaussian-Median.png
Component: component_1755084392165_13.png
centerX: 0.7581620314389359
centerY: 0.010835471913316224
width: 0.04030632809351068
height: 0.029940119760479042
Area: 0.00033433449792991896
CentroidX: 0.7791
CentroidY: 0.0301
