Location: Paraklitoni_1720_page_10.png_Mean-Medain.png
Component: component_1755610055660_2285.png
centerX: 0.7644817073170732
centerY: 0.8390977443609022
width: 0.014481707317073171
height: 0.012030075187969926
Area: 9.62772785622593e-05
CentroidX: 0.7719
CentroidY: 0.8461
