Location: Kurtxevani_1764_page_10.png_Otsu.png
Component: component_1755610055818_469.png
centerX: 0.2064724919093851
centerY: 0.13376987839101964
width: 0.020711974110032363
height: 0.01824134705332086
Area: 0.00020919045413400904
CentroidX: 0.2171
CentroidY: 0.1447
