Location: internet_18.png_Otsu.png
Component: component_1755084392613_501.png
centerX: 0.3115679161628376
centerY: 0.30624465355004277
width: 0.04353083434099154
height: 0.023666951810664385
Area: 0.00031445142191002345
CentroidX: 0.3336
CentroidY: 0.3204
