Location: internet_18.png_Mean-Medain.png
Component: component_1755084392520_282.png
centerX: 0.13260781942765015
centerY: 0.808668377530653
width: 0.04191858121725111
height: 0.029940119760479042
Area: 0.0004360484995345866
CentroidX: 0.1544
CentroidY: 0.8268
