Location: Kurtxevani_1764_page_10.png_Otsu.png
Component: component_1755610055850_723.png
centerX: 0.4155339805825243
centerY: 0.22778297474275022
width: 0.020064724919093852
height: 0.017305893358278764
Area: 0.00017074300453195527
CentroidX: 0.4257
CentroidY: 0.2379
