Location: internet_18.png_Otsu.png
Component: component_1755084392636_721.png
centerX: 0.5231761386537687
centerY: 0.5765611633875107
width: 0.04836759371221282
height: 0.027088679783290562
Area: 0.00038973127620500346
CentroidX: 0.5492
CentroidY: 0.5921
