Location: internet_18.png_Mean-Medain.png
Component: component_1755084392292_49.png
centerX: 0.4546553808948005
centerY: 0.10692899914456801
width: 0.04353083434099154
height: 0.032506415739948676
Area: 0.0003368629815856282
CentroidX: 0.4759
CentroidY: 0.1271
