Location: internet_18.png_Otsu.png
Component: component_1755084392648_808.png
centerX: 0.28335348649738007
centerY: 0.7473624180211007
width: 0.045949214026602174
height: 0.028229255774165955
Area: 0.00041202790480534873
CentroidX: 0.3067
CentroidY: 0.7650
