Location: internet_18.png_Gaussian-Median.png
Component: component_1755084392187_122.png
centerX: 0.6207174526400645
centerY: 0.2774451097804391
width: 0.04836759371221282
height: 0.02765896777872826
Area: 0.0003759395471738621
CentroidX: 0.6460
CentroidY: 0.2947
