Location: internet_18.png_Mean-Medain.png
Component: component_1755084392342_149.png
centerX: 0.4977831519548569
centerY: 0.3823781009409752
width: 0.04030632809351068
height: 0.027944111776447105
Area: 0.00032651918481227214
CentroidX: 0.5189
CentroidY: 0.4000
