Location: internet_18.png_Mean-Medain.png
Component: component_1755084392294_57.png
centerX: 0.08141878274889158
centerY: 0.11719418306244654
width: 0.04433696090286175
height: 0.03279155973766752
Area: 0.00037053778663666503
CentroidX: 0.1040
CentroidY: 0.1378
