Location: Kurtxevani_1794_page_10.png_Mean-Medain.png
Component: component_1755610054899_1240.png
centerX: 0.8158971361776739
centerY: 0.35698545614808286
width: 0.01636469900642899
height: 0.012780960775672102
Area: 0.0001148815676645994
CentroidX: 0.8239
CentroidY: 0.3638
