Location: internet_18.png_Mean-Closing.png
Component: component_1755084392797_253.png
centerX: 0.28335348649738007
centerY: 0.7470772740233818
width: 0.045949214026602174
height: 0.02879954376960365
Area: 0.00046121840501641965
CentroidX: 0.3066
CentroidY: 0.7650
