Location: Samociqulo_1709_page_10.png_Gaussian-Median.png
Component: component_1755610056289_3110.png
centerX: 0.24471744471744472
centerY: 0.77375
width: 0.023095823095823097
height: 0.0146875
Area: 0.00016093366093366092
CentroidX: 0.2559
CentroidY: 0.7825
