Location: Paraklitoni_1720_page_10.png_Mean-Medain.png
Component: component_1755610055309_1037.png
centerX: 0.3871951219512195
centerY: 0.37844611528822053
width: 0.014481707317073171
height: 0.015037593984962405
Area: 0.00012111070358823888
CentroidX: 0.3950
CentroidY: 0.3867
