Location: Samociqulo_1709_page_10.png_Gaussian-Median.png
Component: component_1755610056225_2156.png
centerX: 0.10565110565110565
centerY: 0.5103125
width: 0.03095823095823096
height: 0.0128125
Area: 0.0001858108108108108
CentroidX: 0.1195
CentroidY: 0.5179
