Location: Paraklitoni_1720_page_10.png_Mean-Medain.png
Component: component_1755610055355_1530.png
centerX: 0.8612804878048781
centerY: 0.5478696741854636
width: 0.013719512195121951
height: 0.012030075187969926
Area: 8.978238278623388e-05
CentroidX: 0.8686
CentroidY: 0.5546
