Location: Samociqulo_1709_page_10.png_Gaussian-Median.png
Component: component_1755610056141_1212.png
centerX: 0.43636363636363634
centerY: 0.274375
width: 0.022113022113022112
height: 0.0140625
Area: 0.00015402334152334152
CentroidX: 0.4478
CentroidY: 0.2824
