Location: internet_18.png_Gaussian-Median.png
Component: component_1755084392173_54.png
centerX: 0.26320032245062475
centerY: 0.11320216709438266
width: 0.04191858121725111
height: 0.03165098374679213
Area: 0.00033375984255362137
CentroidX: 0.2853
CentroidY: 0.1331
