Location: internet_18.png_Gaussian-Median.png
Component: component_1755084392198_188.png
centerX: 0.5614671503426037
centerY: 0.4222982606216139
width: 0.04030632809351068
height: 0.02594810379241517
Area: 0.00037329613244289336
CentroidX: 0.5823
CentroidY: 0.4373
