Location: internet_18.png_Mean-Medain.png
Component: component_1755084392438_178.png
centerX: 0.6924627166465135
centerY: 0.4548046763615626
width: 0.04836759371221282
height: 0.02566295979469632
Area: 0.0004078903860960063
CentroidX: 0.7185
CentroidY: 0.4697
