Location: internet_18.png_Mean-Medain.png
Component: component_1755084392457_190.png
centerX: 0.13422007255139057
centerY: 0.49500998003992014
width: 0.046352277307537285
height: 0.026518391787852865
Area: 0.0004101890076011965
CentroidX: 0.1581
CentroidY: 0.5108
