Location: internet_18.png_Mean-Closing.png
Component: component_1755084392801_265.png
centerX: 0.4655380894800484
centerY: 0.7895637296834902
width: 0.0475614671503426
height: 0.02594810379241517
Area: 0.0004230612880302618
CentroidX: 0.4911
CentroidY: 0.8054
