Location: internet_18.png_Otsu.png
Component: component_1755084392599_285.png
centerX: 0.21160822249093109
centerY: 0.16595380667236956
width: 0.04232164449818621
height: 0.03136583974907328
Area: 0.00020745059084341825
CentroidX: 0.2331
CentroidY: 0.1877
