Location: Kurtxevani_1764_page_10.png_Otsu.png
Component: component_1755610055926_1197.png
centerX: 0.8576051779935275
centerY: 0.4714686623012161
width: 0.020064724919093852
height: 0.01824134705332086
Area: 0.0001858797957138662
CentroidX: 0.8679
CentroidY: 0.4818
