Location: internet_18.png_Otsu.png
Component: component_1755084392598_269.png
centerX: 0.40064490124949614
centerY: 0.1596806387225549
width: 0.03990326481257558
height: 0.030795551753635585
Area: 0.0001909005160060486
CentroidX: 0.4195
CentroidY: 0.1798
