Location: internet_18.png_Mean-Medain.png
Component: component_1755084392399_170.png
centerX: 0.8726320032245063
centerY: 0.4459652124322783
width: 0.044740024183796856
height: 0.02737382378100941
Area: 0.00039674207179583366
CentroidX: 0.8954
CentroidY: 0.4629
