Location: internet_18.png_Otsu.png
Component: component_1755084392583_9.png
centerX: 0.7581620314389359
centerY: 0.011120615911035072
width: 0.04030632809351068
height: 0.029369831765041345
Area: 0.00029548779449220405
CentroidX: 0.7790
CentroidY: 0.0301
