Location: internet_18.png_Mean-Medain.png
Component: component_1755084392294_58.png
centerX: 0.8972188633615478
centerY: 0.13088109495295125
width: 0.045949214026602174
height: 0.03022526375819789
Area: 0.00038053679018424253
CentroidX: 0.9210
CentroidY: 0.1497
