Location: internet_18.png_Gaussian-Median.png
Component: component_1755084392165_14.png
centerX: 0.8782748891575978
centerY: 0.010835471913316224
width: 0.03667875856509472
height: 0.028229255774165955
Area: 0.0002730762348165993
CentroidX: 0.8982
CentroidY: 0.0288
