Location: Kurtxevani_1764_page_10.png_Otsu.png
Component: component_1755610056001_1900.png
centerX: 0.4407766990291262
centerY: 0.8058933582787652
width: 0.020711974110032363
height: 0.01824134705332086
Area: 0.00019920017195394782
CentroidX: 0.4511
CentroidY: 0.8172
