Location: internet_18.png_Mean-Closing.png
Component: component_1755084392729_62.png
centerX: 0.33454252317613864
centerY: 0.16367265469061876
width: 0.04554615074566707
height: 0.029654975762760195
Area: 0.00035835509265915686
CentroidX: 0.3580
CentroidY: 0.1830
