Location: internet_18.png_Gaussian-Median.png
Component: component_1755084392198_185.png
centerX: 0.07335751713018944
centerY: 0.4143142286854862
width: 0.04393389762192664
height: 0.02423723980610208
Area: 0.0002892815164281904
CentroidX: 0.0950
CentroidY: 0.4289
