Location: internet_18.png_Otsu.png
Component: component_1755084392639_736.png
centerX: 0.7114066908504635
centerY: 0.6136298830909609
width: 0.044740024183796856
height: 0.02879954376960365
Area: 0.0003939837259896054
CentroidX: 0.7345
CentroidY: 0.6311
