Location: internet_18.png_Mean-Closing.png
Component: component_1755084392800_261.png
centerX: 0.7315598548972189
centerY: 0.7792985457656116
width: 0.04836759371221282
height: 0.03136583974907328
Area: 0.00045098953931832313
CentroidX: 0.7571
CentroidY: 0.7975
