Location: Kurtxevani_1764_page_10.png_Otsu.png
Component: component_1755610055968_1561.png
centerX: 0.7423948220064724
centerY: 0.6524789522918616
width: 0.020064724919093852
height: 0.018709073900841908
Area: 0.00022039167960862313
CentroidX: 0.7522
CentroidY: 0.6632
