Location: internet_18.png_Otsu.png
Component: component_1755084392650_818.png
centerX: 0.6009673518742442
centerY: 0.786142001710864
width: 0.04232164449818621
height: 0.02623324779013402
Area: 0.0003928344152370103
CentroidX: 0.6231
CentroidY: 0.8020
