Location: internet_18.png_Mean-Medain.png
Component: component_1755084392481_243.png
centerX: 0.5521966948810964
centerY: 0.6777872825777017
width: 0.041515517936316
height: 0.02737382378100941
Area: 0.0004080053171712658
CentroidX: 0.5739
CentroidY: 0.6945
