Location: internet_18.png_Gaussian-Median.png
Component: component_1755084392209_233.png
centerX: 0.7255139056831923
centerY: 0.5568862275449101
width: 0.04353083434099154
height: 0.0290846877673225
Area: 0.0004107636629774941
CentroidX: 0.7488
CentroidY: 0.5745
