Location: internet_18.png_Gaussian-Median.png
Component: component_1755084392222_292.png
centerX: 0.1479242241031842
centerY: 0.7499287140005703
width: 0.04877065699314793
height: 0.03165098374679213
Area: 0.000450070090716247
CentroidX: 0.1741
CentroidY: 0.7693
