Location: internet_18.png_Mean-Medain.png
Component: component_1755084392417_172.png
centerX: 0.1954856912535268
centerY: 0.44938694040490446
width: 0.04232164449818621
height: 0.026803535785571715
Area: 0.0003880073100761108
CentroidX: 0.2175
CentroidY: 0.4656
