Location: internet_18.png_Otsu.png
Component: component_1755084392650_817.png
centerX: 0.6674727932285369
centerY: 0.7815796977473625
width: 0.04836759371221282
height: 0.029940119760479042
Area: 0.00043202591190050373
CentroidX: 0.6932
CentroidY: 0.8003
