Location: internet_18.png_Mean-Closing.png
Component: component_1755084392728_53.png
centerX: 0.848851269649335
centerY: 0.1365839749073282
width: 0.03345425231761386
height: 0.02737382378100941
Area: 0.0002870978259982597
CentroidX: 0.8661
CentroidY: 0.1533
