Location: Paraklitoni_1720_page_10.png_Mean-Medain.png
Component: component_1755610055270_630.png
centerX: 0.13490853658536586
centerY: 0.23458646616541354
width: 0.014481707317073171
height: 0.010526315789473684
Area: 8.74900666299896e-05
CentroidX: 0.1423
CentroidY: 0.2406
