Location: internet_18.png_Mean-Closing.png
Component: component_1755084392792_240.png
centerX: 0.14389359129383314
centerY: 0.7028799543769604
width: 0.04312777106005643
height: 0.03022526375819789
Area: 0.0004389217764160744
CentroidX: 0.1664
CentroidY: 0.7212
