Location: internet_18.png_Otsu.png
Component: component_1755084392619_568.png
centerX: 0.014510278113663845
centerY: 0.36840604505275165
width: 0.037081821846029824
height: 0.02594810379241517
Area: 0.00025549178030189406
CentroidX: 0.0342
CentroidY: 0.3843
