Location: internet_18.png_Otsu.png
Component: component_1755084392613_496.png
centerX: 0.49858927851672713
centerY: 0.2894211576846307
width: 0.04393389762192664
height: 0.023096663815226688
Area: 0.0003030732454593318
CentroidX: 0.5214
CentroidY: 0.3033
