Location: internet_18.png_Gaussian-Median.png
Component: component_1755084392177_74.png
centerX: 0.40064490124949614
centerY: 0.1596806387225549
width: 0.04030632809351068
height: 0.030795551753635585
Area: 0.0003378973612629638
CentroidX: 0.4206
CentroidY: 0.1792
