Location: internet_18.png_Mean-Closing.png
Component: component_1755084392732_72.png
centerX: 0.7726723095525998
centerY: 0.18163672654690619
width: 0.0471584038694075
height: 0.03307670373538637
Area: 0.00038306527383995183
CentroidX: 0.7983
CentroidY: 0.2011
