Location: internet_18.png_Mean-Closing.png
Component: component_1755084392793_241.png
centerX: 0.07214832728738411
centerY: 0.7034502423723981
width: 0.049979846835953246
height: 0.03364699173082407
Area: 0.00046432154404842644
CentroidX: 0.0999
CentroidY: 0.7242
