Location: Samociqulo_1709_page_10.png_Gaussian-Median.png
Component: component_1755610056265_2729.png
centerX: 0.12383292383292384
centerY: 0.665625
width: 0.023095823095823097
height: 0.0109375
Area: 0.00011041154791154792
CentroidX: 0.1355
CentroidY: 0.6719
