Location: internet_18.png_Mean-Closing.png
Component: component_1755084392765_172.png
centerX: 0.5804111245465539
centerY: 0.4644995722840034
width: 0.03990326481257558
height: 0.02594810379241517
Area: 0.00040237369448354975
CentroidX: 0.6008
CentroidY: 0.4799
