Location: Kurtxevani_1764_page_10.png_Otsu.png
Component: component_1755610055870_860.png
centerX: 0.6148867313915858
centerY: 0.2885874649204864
width: 0.018770226537216828
height: 0.017305893358278764
Area: 0.0001613581939991705
CentroidX: 0.6242
CentroidY: 0.2985
