Location: internet_18.png_Otsu.png
Component: component_1755084392636_724.png
centerX: 0.4635227730753728
centerY: 0.5808383233532934
width: 0.04232164449818621
height: 0.027944111776447105
Area: 0.0003808815834100211
CentroidX: 0.4861
CentroidY: 0.5980
