Location: internet_18.png_Mean-Closing.png
Component: component_1755084392784_224.png
centerX: 0.21039903264812576
centerY: 0.6478471628172227
width: 0.04353083434099154
height: 0.029654975762760195
Area: 0.0004139817330847604
CentroidX: 0.2324
CentroidY: 0.6652
