Location: internet_18.png_Mean-Medain.png
Component: component_1755084392311_125.png
centerX: 0.7259169689641274
centerY: 0.31822070145423437
width: 0.0475614671503426
height: 0.024522383803820928
Area: 0.000344678294703275
CentroidX: 0.7521
CentroidY: 0.3328
