Location: internet_18.png_Mean-Closing.png
Component: component_1755084392753_137.png
centerX: 0.6759371221281741
centerY: 0.36926147704590817
width: 0.04877065699314793
height: 0.02623324779013402
Area: 0.0003355987397577736
CentroidX: 0.7006
CentroidY: 0.3850
