Location: internet_18.png_Gaussian-Median.png
Component: component_1755084392215_261.png
centerX: 0.016122531237404272
centerY: 0.6544054747647562
width: 0.045949214026602174
height: 0.031080695751354435
Area: 0.00043237070512628224
CentroidX: 0.0393
CentroidY: 0.6742
