Location: internet_18.png_Mean-Medain.png
Component: component_1755084392486_249.png
centerX: 0.14389359129383314
centerY: 0.7028799543769604
width: 0.04312777106005643
height: 0.03022526375819789
Area: 0.00044133532899652414
CentroidX: 0.1664
CentroidY: 0.7212
