Location: internet_18.png_Mean-Closing.png
Component: component_1755084392715_15.png
centerX: 0.12615880693268844
centerY: 0.011976047904191617
width: 0.037081821846029824
height: 0.03307670373538637
Area: 0.00034881581341261736
CentroidX: 0.1454
CentroidY: 0.0313
