Location: internet_18.png_Mean-Medain.png
Component: component_1755084392495_259.png
centerX: 0.47480854494155583
centerY: 0.7402338180781295
width: 0.04836759371221282
height: 0.031080695751354435
Area: 0.0004913303467344117
CentroidX: 0.4995
CentroidY: 0.7597
