Location: internet_18.png_Gaussian-Median.png
Component: component_1755084392194_157.png
centerX: 0.014107214832728738
centerY: 0.3681209010550328
width: 0.03788794840790004
height: 0.02623324779013402
Area: 0.0002939936905138304
CentroidX: 0.0345
CentroidY: 0.3844
