Location: internet_18.png_Otsu.png
Component: component_1755084392631_695.png
centerX: 0.19911326078194277
centerY: 0.49272882805816937
width: 0.042724707779121324
height: 0.02566295979469632
Area: 0.0003436439150259394
CentroidX: 0.2217
CentroidY: 0.5087
