Location: Kurtxevani_1764_page_10.png_Otsu.png
Component: component_1755610055943_1353.png
centerX: 0.2058252427184466
centerY: 0.5341440598690365
width: 0.019417475728155338
height: 0.018709073900841908
Area: 0.00019465913459937455
CentroidX: 0.2159
CentroidY: 0.5445
