Location: internet_18.png_Gaussian-Median.png
Component: component_1755084392205_217.png
centerX: 0.014107214832728738
centerY: 0.5015682919874537
width: 0.04433696090286175
height: 0.02623324779013402
Area: 0.00040731573071970875
CentroidX: 0.0357
CentroidY: 0.5173
