Location: internet_18.png_Mean-Medain.png
Component: component_1755084392475_236.png
centerX: 0.083031035872632
centerY: 0.6549757627601939
width: 0.03869407496977025
height: 0.026518391787852865
Area: 0.0003819159630873567
CentroidX: 0.1035
CentroidY: 0.6709
