Location: internet_18.png_Mean-Closing.png
Component: component_1755084392753_139.png
centerX: 0.5558242644095123
centerY: 0.37867122897063016
width: 0.042724707779121324
height: 0.026803535785571715
Area: 0.0003376674991124448
CentroidX: 0.5780
CentroidY: 0.3939
