Location: internet_18.png_Mean-Closing.png
Component: component_1755084392753_141.png
centerX: 0.49818621523579204
centerY: 0.3823781009409752
width: 0.039500201531640466
height: 0.02765896777872826
Area: 0.0003219219418018917
CentroidX: 0.5188
CentroidY: 0.4000
