Location: Kurtxevani_1764_page_10.png_Otsu.png
Component: component_1755610055969_1569.png
centerX: 0.6711974110032363
centerY: 0.6534144059869037
width: 0.02524271844660194
height: 0.018709073900841908
Area: 0.00023734488573236336
CentroidX: 0.6842
CentroidY: 0.6644
