Location: internet_18.png_Otsu.png
Component: component_1755084392611_486.png
centerX: 0.8182184602982668
centerY: 0.2648987738808098
width: 0.03345425231761386
height: 0.023666951810664385
Area: 0.0002510094683667731
CentroidX: 0.8362
CentroidY: 0.2792
