Location: internet_18.png_Otsu.png
Component: component_1755084392611_485.png
centerX: 0.1769447803305119
centerY: 0.2643284858853721
width: 0.04030632809351068
height: 0.030795551753635585
Area: 0.0003891566208287059
CentroidX: 0.1977
CentroidY: 0.2835
