Location: internet_18.png_Gaussian-Median.png
Component: component_1755084392195_160.png
centerX: 0.6195082627972591
centerY: 0.3729683490162532
width: 0.041515517936316
height: 0.027088679783290562
Area: 0.0003037628319108889
CentroidX: 0.6410
CentroidY: 0.3887
