Location: internet_18.png_Mean-Closing.png
Component: component_1755084392775_201.png
centerX: 0.656590084643289
centerY: 0.5625891074992871
width: 0.04917372027408303
height: 0.026803535785571715
Area: 0.0004291526350190159
CentroidX: 0.6819
CentroidY: 0.5784
