Location: internet_18.png_Mean-Closing.png
Component: component_1755084392743_111.png
centerX: 0.31116485288190243
centerY: 0.3059595095523239
width: 0.04393389762192664
height: 0.023952095808383235
Area: 0.000349620330939434
CentroidX: 0.3335
CentroidY: 0.3205
