Location: internet_18.png_Mean-Medain.png
Component: component_1755084392310_122.png
centerX: 0.7912132204756147
centerY: 0.3119475335044197
width: 0.04796453043127771
height: 0.027088679783290562
Area: 0.00036007905878804953
CentroidX: 0.8171
CentroidY: 0.3285
