Location: internet_18.png_Mean-Closing.png
Component: component_1755084392720_26.png
centerX: 0.5006045949214026
centerY: 0.057028799543769604
width: 0.04393389762192664
height: 0.030795551753635585
Area: 0.00034674705405794617
CentroidX: 0.5234
CentroidY: 0.0759
