Location: internet_18.png_Mean-Closing.png
Component: component_1755084392780_217.png
centerX: 0.5920999596936719
centerY: 0.6224693470202453
width: 0.046352277307537285
height: 0.028229255774165955
Area: 0.00043064673899738956
CentroidX: 0.6164
CentroidY: 0.6397
