Location: internet_18.png_Mean-Closing.png
Component: component_1755084392776_202.png
centerX: 0.5945183393792826
centerY: 0.5674365554605075
width: 0.04393389762192664
height: 0.028229255774165955
Area: 0.000450070090716247
CentroidX: 0.6172
CentroidY: 0.5841
