Location: internet_18.png_Mean-Closing.png
Component: component_1755084392721_28.png
centerX: 0.3776702942361951
centerY: 0.06073567151411463
width: 0.04232164449818621
height: 0.0290846877673225
Area: 0.0003026135211582938
CentroidX: 0.3995
CentroidY: 0.0780
