Location: internet_18.png_Mean-Medain.png
Component: component_1755084392309_119.png
centerX: 0.8536880290205562
centerY: 0.30710008554319934
width: 0.04312777106005643
height: 0.026803535785571715
Area: 0.0003582401615838973
CentroidX: 0.8773
CentroidY: 0.3230
