Location: internet_18.png_Otsu.png
Component: component_1755084392593_96.png
centerX: 0.3889560661023781
centerY: 0.11149130310806958
width: 0.02539298669891173
height: 0.029940119760479042
Area: 0.00012228666407612023
CentroidX: 0.4026
CentroidY: 0.1321
