Location: internet_18.png_Mean-Closing.png
Component: component_1755084392780_219.png
centerX: 0.4655380894800484
centerY: 0.6330196749358425
width: 0.04393389762192664
height: 0.02566295979469632
Area: 0.00042972729039531346
CentroidX: 0.4879
CentroidY: 0.6474
