Location: internet_18.png_Mean-Medain.png
Component: component_1755084392284_17.png
centerX: 0.07456670697299476
centerY: 0.012261191901910464
width: 0.03426037887948408
height: 0.03051040775591674
Area: 0.00033674805051036867
CentroidX: 0.0940
CentroidY: 0.0305
