Location: internet_18.png_Otsu.png
Component: component_1755084392652_829.png
centerX: 0.07134220072551391
centerY: 0.8095238095238095
width: 0.04232164449818621
height: 0.02879954376960365
Area: 0.0003891566208287059
CentroidX: 0.0936
CentroidY: 0.8276
