Location: internet_18.png_Mean-Closing.png
Component: component_1755084392773_192.png
centerX: 0.27166465135026197
centerY: 0.5355004277159966
width: 0.04312777106005643
height: 0.029654975762760195
Area: 0.00042260156372922377
CentroidX: 0.2941
CentroidY: 0.5533
