Location: Paraklitoni_1720_page_10.png_Mean-Medain.png
Component: component_1755610055311_1057.png
centerX: 0.7263719512195121
centerY: 0.3824561403508772
width: 0.013719512195121951
height: 0.011528822055137845
Area: 8.825417201540436e-05
CentroidX: 0.7331
CentroidY: 0.3891
