Location: internet_18.png_Mean-Closing.png
Component: component_1755084392795_246.png
centerX: 0.73559048770657
centerY: 0.7231251782149986
width: 0.0475614671503426
height: 0.029654975762760195
Area: 0.0004709875464134781
CentroidX: 0.7595
CentroidY: 0.7401
