Location: Paraklitoni_1720_page_10.png_Mean-Medain.png
Component: component_1755610055371_1694.png
centerX: 0.6074695121951219
centerY: 0.6110275689223058
width: 0.012957317073170731
height: 0.011528822055137845
Area: 8.901827740081912e-05
CentroidX: 0.6139
CentroidY: 0.6178
