Location: internet_18.png_Otsu.png
Component: component_1755084392615_514.png
centerX: 0.6690850463522773
centerY: 0.3210721414314229
width: 0.04353083434099154
height: 0.025377815796977475
Area: 0.0002897412407292285
CentroidX: 0.6922
CentroidY: 0.3364
