Location: internet_18.png_Mean-Medain.png
Component: component_1755084392283_12.png
centerX: 0.18057234985892784
centerY: 0.010835471913316224
width: 0.036275695284159616
height: 0.03421727972626176
Area: 0.0003688138205077724
CentroidX: 0.2007
CentroidY: 0.0322
