Location: internet_18.png_Mean-Medain.png
Component: component_1755084392508_262.png
centerX: 0.28335348649738007
centerY: 0.7470772740233818
width: 0.045949214026602174
height: 0.02879954376960365
Area: 0.0004630573022205718
CentroidX: 0.3066
CentroidY: 0.7650
