Location: internet_18.png_Otsu.png
Component: component_1755084392598_267.png
centerX: 0.4570737605804111
centerY: 0.15939549472483605
width: 0.04232164449818621
height: 0.02879954376960365
Area: 0.00021446138643424844
CentroidX: 0.4778
CentroidY: 0.1779
