Location: Samociqulo_1709_page_10.png_Gaussian-Median.png
Component: component_1755610056296_3208.png
centerX: 0.10958230958230958
centerY: 0.7978125
width: 0.023095823095823097
height: 0.01375
Area: 0.00016139434889434888
CentroidX: 0.1208
CentroidY: 0.8055
