Location: internet_18.png_Gaussian-Median.png
Component: component_1755084392203_211.png
centerX: 0.901652559451834
centerY: 0.49187339606501285
width: 0.041112454655380895
height: 0.02737382378100941
Area: 0.000394558381365903
CentroidX: 0.9224
CentroidY: 0.5085
