Location: Samociqulo_1709_page_10.png_Gaussian-Median.png
Component: component_1755610056121_840.png
centerX: 0.7965601965601966
centerY: 0.169375
width: 0.021621621621621623
height: 0.0128125
Area: 0.00014465601965601966
CentroidX: 0.8065
CentroidY: 0.1766
