Location: internet_18.png_Mean-Medain.png
Component: component_1755084392501_261.png
centerX: 0.3482466747279323
centerY: 0.7456515540347876
width: 0.046352277307537285
height: 0.03022526375819789
Area: 0.00047696396232697273
CentroidX: 0.3727
CentroidY: 0.7642
