Location: internet_18.png_Mean-Medain.png
Component: component_1755084392471_233.png
centerX: 0.21039903264812576
centerY: 0.6478471628172227
width: 0.04393389762192664
height: 0.029940119760479042
Area: 0.000415245974912615
CentroidX: 0.2325
CentroidY: 0.6652
