Location: internet_18.png_Otsu.png
Component: component_1755084392619_575.png
centerX: 0.6195082627972591
centerY: 0.3729683490162532
width: 0.039500201531640466
height: 0.027088679783290562
Area: 0.0002237708035302689
CentroidX: 0.6399
CentroidY: 0.3885
