Location: internet_18.png_Mean-Medain.png
Component: component_1755084392312_126.png
centerX: 0.6686819830713422
centerY: 0.32078699743370404
width: 0.04433696090286175
height: 0.02594810379241517
Area: 0.0003598491966375305
CentroidX: 0.6921
CentroidY: 0.3365
