Location: internet_18.png_Mean-Medain.png
Component: component_1755084392303_97.png
centerX: 0.5912938331318017
centerY: 0.2369546621043627
width: 0.04433696090286175
height: 0.02594810379241517
Area: 0.00038329513599047086
CentroidX: 0.6132
CentroidY: 0.2529
