Location: internet_18.png_Mean-Medain.png
Component: component_1755084392513_270.png
centerX: 0.8617492946392583
centerY: 0.7770173937838608
width: 0.04393389762192664
height: 0.029654975762760195
Area: 0.00040547683351555653
CentroidX: 0.8853
CentroidY: 0.7951
