Location: internet_18.png_Mean-Closing.png
Component: component_1755084392743_108.png
centerX: 0.49858927851672713
centerY: 0.2894211576846307
width: 0.04433696090286175
height: 0.023096663815226688
Area: 0.00035008005524047204
CentroidX: 0.5214
CentroidY: 0.3034
