Location: internet_18.png_Otsu.png
Component: component_1755084392620_605.png
centerX: 0.49818621523579204
centerY: 0.382663244938694
width: 0.039500201531640466
height: 0.02737382378100941
Area: 0.0002579053328823438
CentroidX: 0.5182
CentroidY: 0.3997
