Location: internet_18.png_Mean-Medain.png
Component: component_1755084392291_45.png
centerX: 0.7110036275695284
centerY: 0.09837467921300257
width: 0.022168480451430876
height: 0.02879954376960365
Area: 0.0002008995195536261
CentroidX: 0.7253
CentroidY: 0.1176
