Location: internet_18.png_Mean-Medain.png
Component: component_1755084392517_277.png
centerX: 0.4022571543732366
centerY: 0.7907043056743656
width: 0.04070939137444579
height: 0.02879954376960365
Area: 0.0004151310438373555
CentroidX: 0.4241
CentroidY: 0.8078
