Location: internet_18.png_Mean-Medain.png
Component: component_1755084392455_188.png
centerX: 0.19871019750100766
centerY: 0.4924436840604505
width: 0.04312777106005643
height: 0.02623324779013402
Area: 0.00038272048061417326
CentroidX: 0.2217
CentroidY: 0.5086
