Location: internet_18.png_Gaussian-Median.png
Component: component_1755084392194_153.png
centerX: 0.7380088673921805
centerY: 0.3627031650983747
width: 0.042724707779121324
height: 0.02765896777872826
Area: 0.00029238465546019727
CentroidX: 0.7608
CentroidY: 0.3795
