Location: internet_18.png_Mean-Medain.png
Component: component_1755084392391_164.png
centerX: 0.5610640870616687
centerY: 0.4222982606216139
width: 0.041112454655380895
height: 0.02594810379241517
Area: 0.0003912253801833771
CentroidX: 0.5824
CentroidY: 0.4373
