Location: internet_18.png_Gaussian-Median.png
Component: component_1755084392196_166.png
centerX: 0.44135429262394194
centerY: 0.38751069289991447
width: 0.04191858121725111
height: 0.02623324779013402
Area: 0.0003119229382543142
CentroidX: 0.4626
CentroidY: 0.4039
