Location: internet_18.png_Gaussian-Median.png
Component: component_1755084392166_20.png
centerX: 0.2837565497783152
centerY: 0.01283147989734816
width: 0.041112454655380895
height: 0.029940119760479042
Area: 0.00035180402136936466
CentroidX: 0.3047
CentroidY: 0.0310
