Location: internet_18.png_Gaussian-Median.png
Component: component_1755084392201_202.png
centerX: 0.6928657799274486
centerY: 0.4548046763615626
width: 0.04796453043127771
height: 0.02566295979469632
Area: 0.0003929493463122698
CentroidX: 0.7184
CentroidY: 0.4696
