Location: internet_18.png_Gaussian-Median.png
Component: component_1755084392196_175.png
centerX: 0.9153567110036276
centerY: 0.40176789278585684
width: 0.04554615074566707
height: 0.023952095808383235
Area: 0.00039766152039790977
CentroidX: 0.9387
CentroidY: 0.4166
