Location: Kurtxevani_1764_page_10.png_Otsu.png
Component: component_1755610055990_1780.png
centerX: 0.5896440129449838
centerY: 0.7464920486435921
width: 0.020064724919093852
height: 0.017305893358278764
Area: 0.00019465913459937455
CentroidX: 0.5998
CentroidY: 0.7567
