Location: Kurtxevani_1764_page_10.png_Otsu.png
Component: component_1755610055942_1339.png
centerX: 0.6135922330097088
centerY: 0.5308699719363892
width: 0.017475728155339806
height: 0.018709073900841908
Area: 0.00019889743613030962
CentroidX: 0.6222
CentroidY: 0.5414
