Location: internet_18.png_Otsu.png
Component: component_1755084392649_812.png
centerX: 0.083031035872632
centerY: 0.7556315939549473
width: 0.04836759371221282
height: 0.029654975762760195
Area: 0.0004012243837309546
CentroidX: 0.1066
CentroidY: 0.7737
