Location: internet_18.png_Mean-Medain.png
Component: component_1755084392424_175.png
centerX: 0.8170092704554615
centerY: 0.45052751639577987
width: 0.044740024183796856
height: 0.02623324779013402
Area: 0.00039904069330102393
CentroidX: 0.8404
CentroidY: 0.4668
