Location: Kurtxevani_1764_page_10.png_Otsu.png
Component: component_1755610055870_869.png
centerX: 0.6368932038834951
centerY: 0.2899906454630496
width: 0.020711974110032363
height: 0.01824134705332086
Area: 0.00018043055088837827
CentroidX: 0.6471
CentroidY: 0.3006
