Location: internet_18.png_Mean-Medain.png
Component: component_1755084392290_36.png
centerX: 0.07376058041112454
centerY: 0.06529797547761619
width: 0.03990326481257558
height: 0.027088679783290562
Area: 0.00028456934234255045
CentroidX: 0.0939
CentroidY: 0.0807
