Location: internet_18.png_Mean-Closing.png
Component: component_1755084392763_168.png
centerX: 0.07859733978234583
centerY: 0.4548046763615626
width: 0.03829101168883515
height: 0.0290846877673225
Area: 0.0003868579993235157
CentroidX: 0.0984
CentroidY: 0.4727
