Location: internet_18.png_Otsu.png
Component: component_1755084392614_507.png
centerX: 0.18581217251108423
centerY: 0.3142286854861705
width: 0.04514308746473196
height: 0.02765896777872826
Area: 0.0003569759197560427
CentroidX: 0.2077
CentroidY: 0.3309
