Location: internet_18.png_Otsu.png
Component: component_1755084392588_35.png
centerX: 0.37807335751713017
centerY: 0.06073567151411463
width: 0.02176541717049577
height: 0.02879954376960365
Area: 0.00015009998428892202
CentroidX: 0.3922
CentroidY: 0.0792
