Location: Samociqulo_1709_page_10.png_Gaussian-Median.png
Component: component_1755610056317_3566.png
centerX: 0.8186732186732186
centerY: 0.88
width: 0.022113022113022112
height: 0.0140625
Area: 0.0001547911547911548
CentroidX: 0.8297
CentroidY: 0.8880
