Location: internet_18.png_Otsu.png
Component: component_1755084392610_481.png
centerX: 0.9181781539701733
centerY: 0.25691474194468206
width: 0.039500201531640466
height: 0.02480752780153978
Area: 0.00028686796384774066
CentroidX: 0.9389
CentroidY: 0.2719
