Location: internet_18.png_Mean-Medain.png
Component: component_1755084392285_20.png
centerX: 0.019347037484885126
centerY: 0.013686911890504704
width: 0.041515517936316
height: 0.029369831765041345
Area: 0.00037410064996970993
CentroidX: 0.0403
CentroidY: 0.0319
