Location: internet_18.png_Mean-Medain.png
Component: component_1755084392398_169.png
centerX: 0.25594518339379285
centerY: 0.4439692044482464
width: 0.04433696090286175
height: 0.02765896777872826
Area: 0.00041467131953631746
CentroidX: 0.2781
CentroidY: 0.4603
