Location: internet_18.png_Otsu.png
Component: component_1755084392633_704.png
centerX: 0.520757758968158
centerY: 0.5163957798688338
width: 0.045949214026602174
height: 0.028229255774165955
Area: 0.00040375286738666386
CentroidX: 0.5455
CentroidY: 0.5329
