Location: internet_18.png_Gaussian-Median.png
Component: component_1755084392191_138.png
centerX: 0.013301088270858524
centerY: 0.32335329341317365
width: 0.04433696090286175
height: 0.026803535785571715
Area: 0.00038341006706573035
CentroidX: 0.0347
CentroidY: 0.3397
