Location: internet_18.png_Gaussian-Median.png
Component: component_1755084392192_146.png
centerX: 0.9060862555421201
centerY: 0.352723125178215
width: 0.04514308746473196
height: 0.02594810379241517
Area: 0.0002859485152456646
CentroidX: 0.9297
CentroidY: 0.3695
