Location: internet_18.png_Otsu.png
Component: component_1755084392604_412.png
centerX: 0.2688432083837162
centerY: 0.20986598232107215
width: 0.044740024183796856
height: 0.03307670373538637
Area: 0.0002619279205164267
CentroidX: 0.2932
CentroidY: 0.2305
