Location: internet_18.png_Mean-Medain.png
Component: component_1755084392296_68.png
centerX: 0.40024183796856105
centerY: 0.1596806387225549
width: 0.04070939137444579
height: 0.030795551753635585
Area: 0.0003666301300778417
CentroidX: 0.4206
CentroidY: 0.1792
