Location: internet_18.png_Otsu.png
Component: component_1755084392605_433.png
centerX: 0.8863361547762999
centerY: 0.21956087824351297
width: 0.04554615074566707
height: 0.02281151981750784
Area: 0.00033755256803718524
CentroidX: 0.9105
CentroidY: 0.2334
