Location: internet_18.png_Mean-Medain.png
Component: component_1755084392281_4.png
centerX: 0.5683192261185006
centerY: 0.006843455945252352
width: 0.04353083434099154
height: 0.027944111776447105
Area: 0.00038547882642040154
CentroidX: 0.5917
CentroidY: 0.0240
