Location: internet_18.png_Gaussian-Median.png
Component: component_1755084392172_50.png
centerX: 0.5223700120918985
centerY: 0.10407755916737953
width: 0.039500201531640466
height: 0.03136583974907328
Area: 0.0002920398622344187
CentroidX: 0.5437
CentroidY: 0.1242
