Location: internet_18.png_Mean-Closing.png
Component: component_1755084392727_51.png
centerX: 0.8976219266424829
centerY: 0.1311662389506701
width: 0.04554615074566707
height: 0.029940119760479042
Area: 0.00037433051212022896
CentroidX: 0.9210
CentroidY: 0.1497
