Location: internet_18.png_Otsu.png
Component: component_1755084392618_557.png
centerX: 0.7380088673921805
centerY: 0.36298830909609353
width: 0.041112454655380895
height: 0.02737382378100941
Area: 0.00020434745181141143
CentroidX: 0.7598
CentroidY: 0.3790
