Location: internet_18.png_Otsu.png
Component: component_1755084392615_513.png
centerX: 0.06650544135429262
centerY: 0.3213572854291417
width: 0.0475614671503426
height: 0.028514399771884802
Area: 0.00036674506115310116
CentroidX: 0.0910
CentroidY: 0.3381
