Location: internet_18.png_Mean-Medain.png
Component: component_1755084392338_143.png
centerX: 0.06811769447803305
centerY: 0.36726546906187624
width: 0.04393389762192664
height: 0.02765896777872826
Area: 0.00037249161491607674
CentroidX: 0.0900
CentroidY: 0.3842
