Location: internet_18.png_Otsu.png
Component: component_1755084392633_706.png
centerX: 0.39621120515921
centerY: 0.5249500998003992
width: 0.04070939137444579
height: 0.02765896777872826
Area: 0.0003766291336254192
CentroidX: 0.4171
CentroidY: 0.5417
