Location: internet_18.png_Gaussian-Median.png
Component: component_1755084392168_31.png
centerX: 0.5626763401854091
centerY: 0.05645851154833191
width: 0.041515517936316
height: 0.029369831765041345
Area: 0.0003099691099749025
CentroidX: 0.5847
CentroidY: 0.0748
