Location: internet_18.png_Gaussian-Median.png
Component: component_1755084392192_144.png
centerX: 0.3059250302297461
centerY: 0.3498716852010265
width: 0.04232164449818621
height: 0.026803535785571715
Area: 0.0003439887082517179
CentroidX: 0.3282
CentroidY: 0.3654
