Location: internet_18.png_Mean-Closing.png
Component: component_1755084392748_126.png
centerX: 0.36920596533655786
centerY: 0.34702024522383806
width: 0.04353083434099154
height: 0.022241231822070145
Area: 0.0003243354943823414
CentroidX: 0.3913
CentroidY: 0.3614
