Location: internet_18.png_Otsu.png
Component: component_1755084392624_657.png
centerX: 0.619105199516324
centerY: 0.4185913886512689
width: 0.04393389762192664
height: 0.023666951810664385
Area: 0.0003431841907249013
CentroidX: 0.6424
CentroidY: 0.4332
