Location: Paraklitoni_1720_page_10.png_Mean-Medain.png
Component: component_1755610055278_701.png
centerX: 0.7538109756097561
centerY: 0.2586466165413534
width: 0.01524390243902439
height: 0.011528822055137845
Area: 9.360290971330766e-05
CentroidX: 0.7612
CentroidY: 0.2652
