Location: internet_18.png_Mean-Closing.png
Component: component_1755084392803_272.png
centerX: 0.07134220072551391
centerY: 0.8092386655260907
width: 0.04232164449818621
height: 0.029369831765041345
Area: 0.00043145125652420613
CentroidX: 0.0936
CentroidY: 0.8276
