Location: Samociqulo_1709_page_10.png_Gaussian-Median.png
Component: component_1755610056253_2508.png
centerX: 0.2388206388206388
centerY: 0.61
width: 0.03734643734643735
height: 0.01375
Area: 0.00021836609336609337
CentroidX: 0.2551
CentroidY: 0.6177
