Location: Paraklitoni_1720_page_10.png_Mean-Medain.png
Component: component_1755610055485_1955.png
centerX: 0.7057926829268293
centerY: 0.7142857142857143
width: 0.013719512195121951
height: 0.011528822055137845
Area: 9.704138394767406e-05
CentroidX: 0.7126
CentroidY: 0.7210
