Location: internet_18.png_Otsu.png
Component: component_1755084392640_739.png
centerX: 0.5316404675534059
centerY: 0.6270316509837468
width: 0.042724707779121324
height: 0.02879954376960365
Area: 0.00039731672717213125
CentroidX: 0.5534
CentroidY: 0.6440
