Location: internet_18.png_Mean-Closing.png
Component: component_1755084392726_44.png
centerX: 0.3889560661023781
centerY: 0.11120615911035073
width: 0.045949214026602174
height: 0.031080695751354435
Area: 0.00034950539986417444
CentroidX: 0.4121
CentroidY: 0.1302
