Location: internet_18.png_Mean-Medain.png
Component: component_1755084392313_127.png
centerX: 0.06650544135429262
centerY: 0.3210721414314229
width: 0.04796453043127771
height: 0.02879954376960365
Area: 0.00041248762910638673
CentroidX: 0.0912
CentroidY: 0.3381
