Location: internet_18.png_Gaussian-Median.png
Component: component_1755084392189_130.png
centerX: 0.2535268037081822
centerY: 0.30966638152266895
width: 0.04232164449818621
height: 0.024522383803820928
Area: 0.0003182441473935873
CentroidX: 0.2755
CentroidY: 0.3242
