Location: internet_18.png_Otsu.png
Component: component_1755084392617_546.png
centerX: 0.9060862555421201
centerY: 0.352723125178215
width: 0.04312777106005643
height: 0.025377815796977475
Area: 0.00019871582912369537
CentroidX: 0.9284
CentroidY: 0.3691
