Location: internet_18.png_Mean-Medain.png
Component: component_1755084392337_142.png
centerX: 0.12656187021362353
centerY: 0.36384374108925005
width: 0.03788794840790004
height: 0.02737382378100941
Area: 0.0003429543285743823
CentroidX: 0.1461
CentroidY: 0.3806
