Location: Kurtxevani_1784_page_10.png_Gaussian-Closing.png
Component: component_1755610055726_208.png
centerX: 0.04520990312163617
centerY: 0.2645418326693227
width: 0.02906350914962325
height: 0.024701195219123506
Area: 0.00040912775164144284
CentroidX: 0.0584
CentroidY: 0.2786
