Location: internet_18.png_Otsu.png
Component: component_1755084392625_667.png
centerX: 0.4989923417976622
centerY: 0.42543484459652126
width: 0.04232164449818621
height: 0.028514399771884802
Area: 0.0003722617527655577
CentroidX: 0.5202
CentroidY: 0.4424
