Location: internet_18.png_Mean-Medain.png
Component: component_1755084392468_227.png
centerX: 0.5312374042724708
centerY: 0.626746506986028
width: 0.04312777106005643
height: 0.0290846877673225
Area: 0.00044869091781313286
CentroidX: 0.5534
CentroidY: 0.6439
