Location: internet_18.png_Mean-Medain.png
Component: component_1755084392462_207.png
centerX: 0.788391777509069
centerY: 0.5531793555745651
width: 0.04675534058847239
height: 0.029940119760479042
Area: 0.0004654708548010216
CentroidX: 0.8136
CentroidY: 0.5708
