Location: internet_18.png_Otsu.png
Component: component_1755084392633_705.png
centerX: 0.4598952035469569
centerY: 0.5206729398346165
width: 0.04554615074566707
height: 0.02879954376960365
Area: 0.00038467430889358497
CentroidX: 0.4841
CentroidY: 0.5378
