Location: internet_18.png_Gaussian-Median.png
Component: component_1755084392170_37.png
centerX: 0.12736799677549376
centerY: 0.06387225548902195
width: 0.04353083434099154
height: 0.028229255774165955
Area: 0.00030479721158822447
CentroidX: 0.1508
CentroidY: 0.0816
