Location: internet_18.png_Mean-Medain.png
Component: component_1755084392289_34.png
centerX: 0.31197097944377267
centerY: 0.06330196749358426
width: 0.04030632809351068
height: 0.02737382378100941
Area: 0.000284914135568329
CentroidX: 0.3334
CentroidY: 0.0802
