Location: Paraklitoni_1720_page_10.png_Mean-Medain.png
Component: component_1755610055243_406.png
centerX: 0.8567073170731707
centerY: 0.1548872180451128
width: 0.013719512195121951
height: 0.012030075187969926
Area: 8.175927623937893e-05
CentroidX: 0.8636
CentroidY: 0.1617
