Location: internet_18.png_Mean-Medain.png
Component: component_1755084392310_124.png
centerX: 0.12253123740427246
centerY: 0.31850584545195326
width: 0.0475614671503426
height: 0.02737382378100941
Area: 0.0003911104491081176
CentroidX: 0.1478
CentroidY: 0.3353
