Location: internet_18.png_Gaussian-Median.png
Component: component_1755084392177_70.png
centerX: 0.5856509471987102
centerY: 0.15112631879098945
width: 0.04514308746473196
height: 0.028514399771884802
Area: 0.00035847002373441634
CentroidX: 0.6091
CentroidY: 0.1677
