Location: internet_18.png_Mean-Closing.png
Component: component_1755084392739_97.png
centerX: 0.8690044336960903
centerY: 0.25919589392643283
width: 0.035872632003224506
height: 0.02594810379241517
Area: 0.0003052569358892625
CentroidX: 0.8882
CentroidY: 0.2750
