Location: internet_18.png_Gaussian-Median.png
Component: component_1755084392174_57.png
centerX: 0.20435308343409916
centerY: 0.11434274308525806
width: 0.042724707779121324
height: 0.03279155973766752
Area: 0.0003310014967473931
CentroidX: 0.2272
CentroidY: 0.1351
