Location: internet_18.png_Gaussian-Median.png
Component: component_1755084392213_250.png
centerX: 0.7114066908504635
centerY: 0.613344739093242
width: 0.044740024183796856
height: 0.029369831765041345
Area: 0.0004200730800735145
CentroidX: 0.7343
CentroidY: 0.6312
