Location: internet_18.png_Mean-Closing.png
Component: component_1755084392735_84.png
centerX: 0.8295042321644498
centerY: 0.22013116623895068
width: 0.042724707779121324
height: 0.02594810379241517
Area: 0.0003782381686790523
CentroidX: 0.8526
CentroidY: 0.2354
