Location: internet_18.png_Mean-Medain.png
Component: component_1755084392493_254.png
centerX: 0.8008867392180572
centerY: 0.7194183062446535
width: 0.045949214026602174
height: 0.027944111776447105
Area: 0.0004390367074913339
CentroidX: 0.8245
CentroidY: 0.7359
