Location: internet_18.png_Mean-Closing.png
Component: component_1755084392760_158.png
centerX: 0.4385328496573962
centerY: 0.43142286854861706
width: 0.04312777106005643
height: 0.028514399771884802
Area: 0.0004135220087837224
CentroidX: 0.4597
CentroidY: 0.4486
