Location: internet_18.png_Mean-Medain.png
Component: component_1755084392304_102.png
centerX: 0.9177750906892382
centerY: 0.2566295979469632
width: 0.03990326481257558
height: 0.025377815796977475
Area: 0.0003373227058866662
CentroidX: 0.9388
CentroidY: 0.2719
