Location: Kurtxevani_1764_page_10.png_Otsu.png
Component: component_1755610055815_464.png
centerX: 0.284789644012945
centerY: 0.13283442469597756
width: 0.019417475728155338
height: 0.01824134705332086
Area: 0.00020131932271941536
CentroidX: 0.2950
CentroidY: 0.1432
