Location: internet_18.png_Mean-Medain.png
Component: component_1755084392331_138.png
centerX: 0.8492543329302701
centerY: 0.3558597091531223
width: 0.04433696090286175
height: 0.026803535785571715
Area: 0.00032755356448960774
CentroidX: 0.8725
CentroidY: 0.3724
