Location: internet_18.png_Mean-Closing.png
Component: component_1755084392736_87.png
centerX: 0.014107214832728738
centerY: 0.22412318220701455
width: 0.039500201531640466
height: 0.029940119760479042
Area: 0.000329852185994798
CentroidX: 0.0369
CentroidY: 0.2443
