Location: internet_18.png_Otsu.png
Component: component_1755084392594_110.png
centerX: 0.14550584441757355
centerY: 0.1146278870829769
width: 0.042724707779121324
height: 0.03364699173082407
Area: 0.00024342401739964534
CentroidX: 0.1679
CentroidY: 0.1365
