Location: internet_18.png_Otsu.png
Component: component_1755084392638_732.png
centerX: 0.8923821039903265
centerY: 0.6050755631593955
width: 0.046352277307537285
height: 0.0290846877673225
Area: 0.00039237469093597225
CentroidX: 0.9168
CentroidY: 0.6229
