Location: internet_18.png_Gaussian-Median.png
Component: component_1755084392207_225.png
centerX: 0.27166465135026197
centerY: 0.5355004277159966
width: 0.042724707779121324
height: 0.029654975762760195
Area: 0.00040340807416088534
CentroidX: 0.2941
CentroidY: 0.5533
