Location: internet_18.png_Gaussian-Median.png
Component: component_1755084392214_258.png
centerX: 0.34139459895203544
centerY: 0.6458511548331908
width: 0.04191858121725111
height: 0.023952095808383235
Area: 0.0003829503427646923
CentroidX: 0.3639
CentroidY: 0.6593
