Location: internet_18.png_Otsu.png
Component: component_1755084392652_828.png
centerX: 0.13301088270858524
centerY: 0.8089535215283719
width: 0.041112454655380895
height: 0.029654975762760195
Area: 0.0003828354116894328
CentroidX: 0.1546
CentroidY: 0.8268
