Location: internet_18.png_Gaussian-Median.png
Component: component_1755084392179_86.png
centerX: 0.7726723095525998
centerY: 0.18163672654690619
width: 0.0471584038694075
height: 0.03307670373538637
Area: 0.0003690436826582914
CentroidX: 0.7982
CentroidY: 0.2012
