Location: internet_18.png_Mean-Closing.png
Component: component_1755084392791_235.png
centerX: 0.4840790004030633
centerY: 0.6823495865412033
width: 0.0475614671503426
height: 0.026803535785571715
Area: 0.00042432552985811645
CentroidX: 0.5084
CentroidY: 0.6981
