Location: internet_18.png_Gaussian-Median.png
Component: component_1755084392174_59.png
centerX: 0.08141878274889158
centerY: 0.11719418306244654
width: 0.04433696090286175
height: 0.03279155973766752
Area: 0.00034237967319808476
CentroidX: 0.1039
CentroidY: 0.1378
