Location: internet_18.png_Gaussian-Median.png
Component: component_1755084392210_236.png
centerX: 0.5227730753728336
centerY: 0.5762760193897919
width: 0.04917372027408303
height: 0.02737382378100941
Area: 0.00041547583706313403
CentroidX: 0.5491
CentroidY: 0.5921
