Location: internet_18.png_Mean-Closing.png
Component: component_1755084392742_104.png
centerX: 0.014510278113663845
centerY: 0.27060165383518675
width: 0.03909713825070536
height: 0.028229255774165955
Area: 0.00040133931480621415
CentroidX: 0.0350
CentroidY: 0.2885
