Location: internet_18.png_Mean-Closing.png
Component: component_1755084392775_199.png
centerX: 0.8544941555824265
centerY: 0.5531793555745651
width: 0.04433696090286175
height: 0.02480752780153978
Area: 0.00039042086265656054
CentroidX: 0.8789
CentroidY: 0.5681
