Location: internet_18.png_Gaussian-Median.png
Component: component_1755084392164_11.png
centerX: 0.9290608625554212
centerY: 0.010265183917878529
width: 0.04232164449818621
height: 0.027944111776447105
Area: 0.0002967520363200587
CentroidX: 0.9505
CentroidY: 0.0269
