Location: internet_18.png_Otsu.png
Component: component_1755084392634_707.png
centerX: 0.33091495364772266
centerY: 0.5306529797547762
width: 0.046352277307537285
height: 0.028229255774165955
Area: 0.00039340907061330784
CentroidX: 0.3557
CentroidY: 0.5476
