Location: Samociqulo_1709_page_10.png_Gaussian-Median.png
Component: component_1755610056305_3382.png
centerX: 0.8206388206388207
centerY: 0.83125
width: 0.022604422604422605
height: 0.0125
Area: 0.0001428132678132678
CentroidX: 0.8319
CentroidY: 0.8383
