Location: internet_18.png_Mean-Closing.png
Component: component_1755084392800_263.png
centerX: 0.6009673518742442
centerY: 0.786142001710864
width: 0.042724707779121324
height: 0.026518391787852865
Area: 0.00045064474609254456
CentroidX: 0.6232
CentroidY: 0.8022
