Location: internet_18.png_Gaussian-Median.png
Component: component_1755084392177_72.png
centerX: 0.5227730753728336
centerY: 0.15711434274308525
width: 0.04030632809351068
height: 0.029940119760479042
Area: 0.00026859392288147835
CentroidX: 0.5445
CentroidY: 0.1742
