Location: Sandro_Ⴎ.jpg_Otsu.png
Component: component_1744750761777_311.png
centerX: 0.6215834118755891
centerY: 0.39832125143075164
width: 0.019792648444863337
height: 0.01564288439526898
Area: 6.940246634070283e-05
CentroidX: 0.6327
CentroidY: 0.4054
