Location: Sandro_Ⴎ.jpg_Otsu.png
Component: component_1744750761761_231.png
centerX: 0.6757775683317625
centerY: 0.3349866463181992
width: 0.027803958529688973
height: 0.016787485692483783
Area: 6.43680905439679e-05
CentroidX: 0.6917
CentroidY: 0.3430
