Location: Sandro_Ⴎ.jpg_Mean-Medain.png
Component: component_1744750762890_279.png
centerX: 0.909990574929312
centerY: 0.36818008393742846
width: 0.0235626767200754
height: 0.01564288439526898
Area: 8.774197817166574e-05
CentroidX: 0.9227
CentroidY: 0.3755
