Location: Sandro_Ⴎ.jpg_Gaussian-Closing.png
Component: component_1744750762588_174.png
centerX: 0.9029217719132894
centerY: 0.2598244944677604
width: 0.030631479736098022
height: 0.024036627241510875
Area: 0.00042216837038334254
CentroidX: 0.9181
CentroidY: 0.2718
