Location: Sandro_Ⴎ.jpg_Gaussian-Closing.png
Component: component_1744750762571_109.png
centerX: 0.0117813383600377
centerY: 0.1518504387638306
width: 0.03157398680490104
height: 0.018695154521175122
Area: 0.00026592292154896234
CentroidX: 0.0292
CentroidY: 0.1602
