Location: Sandro_Ⴎ.jpg_Gaussian-Closing.png
Component: component_1744750762741_836.png
centerX: 0.38595664467483504
centerY: 0.9488744753910721
width: 0.034872761545711596
height: 0.02861503243037009
Area: 0.0004764677093338406
CentroidX: 0.4044
CentroidY: 0.9625
