Location: Sandro_Ⴎ.jpg_Gaussian-Closing.png
Component: component_1744750762589_177.png
centerX: 0.020263901979264844
centerY: 0.2613506295307135
width: 0.03157398680490104
height: 0.02060282334986646
Area: 0.0003230990466690232
CentroidX: 0.0374
CentroidY: 0.2706
