Location: Sandro_Ⴎ.jpg_Gaussian-Median.png
Component: component_1744832837657_775.png
centerX: 0.7733270499528746
centerY: 0.8126669210225105
width: 0.01932139491046183
height: 0.01755055322396032
Area: 8.50449911377006e-05
CentroidX: 0.7829
CentroidY: 0.8211
