Location: Sandro_Ⴎ.jpg_Otsu.png
Component: component_1744832837158_126.png
centerX: 0.7191328934967012
centerY: 0.18199160625715377
width: 0.028746465598491987
height: 0.024036627241510875
Area: 0.00037434180031436083
CentroidX: 0.7338
CentroidY: 0.1939
