Location: Sandro_Ⴎ.jpg_Gaussian-Closing.png
Component: component_1744750762634_388.png
centerX: 0.5834118755890669
centerY: 0.48836322014498285
width: 0.03204524033930255
height: 0.02479969477298741
Area: 0.0004218087721121472
CentroidX: 0.6004
CentroidY: 0.5004
