Location: Sandro_Ⴎ.jpg_Gaussian-Closing.png
Component: component_1744750762710_738.png
centerX: 0.42601319509896324
centerY: 0.8172453262113697
width: 0.023091423185673893
height: 0.01716901945822205
Area: 8.216820496813779e-05
CentroidX: 0.4386
CentroidY: 0.8251
