Location: Sandro_Ⴎ.jpg_Gaussian-Median.png
Component: component_1744750762240_313.png
centerX: 0.13053722902921772
centerY: 0.3967951163677986
width: 0.025918944392082942
height: 0.015261350629530714
Area: 9.133796088361925e-05
CentroidX: 0.1458
CentroidY: 0.4032
