Location: Sandro_Ⴎ.jpg_Mean-Medain.png
Component: component_1744750762906_354.png
centerX: 0.16305372290292178
centerY: 0.4284624189240748
width: 0.03628652214891612
height: 0.030904235024799696
Area: 0.0004994819986903431
CentroidX: 0.1828
CentroidY: 0.4431
