Location: Sandro_Ⴎ.jpg_Gaussian-Closing.png
Component: component_1744750762596_218.png
centerX: 0.11215834118755891
centerY: 0.30408241129339947
width: 0.017436380772855798
height: 0.015261350629530714
Area: 8.414599545971223e-05
CentroidX: 0.1208
CentroidY: 0.3109
