Location: Sandro_Ⴎ.jpg_Gaussian-Median.png
Component: component_1744832837500_13.png
centerX: 0.7262016965127238
centerY: 0.0064860740175505536
width: 0.027332704995287466
height: 0.017932086989698587
Area: 0.00026016934920983676
CentroidX: 0.7410
CentroidY: 0.0147
