Location: Sandro_Ⴎ.jpg_Gaussian-Median.png
Component: component_1744832837518_86.png
centerX: 0.044769085768143264
centerY: 0.11713086608164823
width: 0.03110273327049953
height: 0.020984357115604733
Area: 0.00035330530144943274
CentroidX: 0.0619
CentroidY: 0.1267
