Location: Sandro_Ⴎ.jpg_Otsu.png
Component: component_1744832837187_265.png
centerX: 0.8784165881244109
centerY: 0.3674170164059519
width: 0.02639019792648445
height: 0.013353681800839375
Area: 4.980436056055617e-05
CentroidX: 0.8938
CentroidY: 0.3735
