Location: Sandro_Ⴎ.jpg_Gaussian-Closing.png
Component: component_1744750762577_123.png
centerX: 0.5895381715362865
centerY: 0.17855780236550936
width: 0.03770028275212064
height: 0.020221289584128194
Area: 0.00038818633375538184
CentroidX: 0.6107
CentroidY: 0.1876
