Location: Sandro_Ⴎ.jpg_Mean-Medain.png
Component: component_1744750762956_518.png
centerX: 0.7295004712535345
centerY: 0.6611980160244182
width: 0.03204524033930255
height: 0.023655093475772607
Area: 0.0003738024029075678
CentroidX: 0.7451
CentroidY: 0.6729
