Location: Sandro_Ⴎ.jpg_Gaussian-Median.png
Component: component_1744750762338_455.png
centerX: 0.9363807728557965
centerY: 0.5551316291491797
width: 0.024505183788878417
height: 0.01755055322396032
Area: 0.00016217882030910349
CentroidX: 0.9490
CentroidY: 0.5638
