Location: Sandro_Ⴎ.jpg_Gaussian-Median.png
Component: component_1744832837680_900.png
centerX: 0.8157398680490103
centerY: 0.9553605494086227
width: 0.030631479736098022
height: 0.027470431133155285
Area: 0.00043097852802762867
CentroidX: 0.8317
CentroidY: 0.9687
