Location: Sandro_Ⴎ.jpg_Mean-Medain.png
Component: component_1744750762965_563.png
centerX: 0.267200754005655
centerY: 0.7260587561999237
width: 0.022148916116870875
height: 0.02174742464708127
Area: 9.960872112111234e-05
CentroidX: 0.2782
CentroidY: 0.7364
