Location: Sandro_Ⴎ.jpg_Gaussian-Closing.png
Component: component_1744750762598_235.png
centerX: 0.675306314797361
centerY: 0.3346051125524609
width: 0.02827521206409048
height: 0.01716901945822205
Area: 8.900057212084947e-05
CentroidX: 0.6915
CentroidY: 0.3427
