Location: Sandro_Ⴎ.jpg_Gaussian-Closing.png
Component: component_1744750762533_19.png
centerX: 0.04806786050895382
centerY: 0.01030141167493323
width: 0.03110273327049953
height: 0.02327355971003434
Area: 0.00034449514380514667
CentroidX: 0.0662
CentroidY: 0.0212
