Location: Sandro_Ⴎ.jpg_Mean-Medain.png
Component: component_1744750762963_557.png
centerX: 0.1291234684260132
centerY: 0.720717283479588
width: 0.028746465598491987
height: 0.018695154521175122
Area: 8.774197817166574e-05
CentroidX: 0.1459
CentroidY: 0.7304
