Location: Sandro_Ⴎ.jpg_Mean-Medain.png
Component: component_1744750763000_712.png
centerX: 0.4816211121583412
centerY: 0.846241892407478
width: 0.03204524033930255
height: 0.028996566196108357
Area: 0.0004466210528246264
CentroidX: 0.4982
CentroidY: 0.8605
