Location: Sandro_Ⴎ.jpg_Gaussian-Median.png
Component: component_1744832837590_367.png
centerX: 0.6418473138548539
centerY: 0.4551697825257535
width: 0.029217719132893498
height: 0.025562762304463946
Area: 0.0004009520723828168
CentroidX: 0.6563
CentroidY: 0.4672
