Location: Sandro_Ⴎ.jpg_Otsu.png
Component: component_1744832837182_241.png
centerX: 0.8873704052780396
centerY: 0.33880198397558187
width: 0.018378887841658812
height: 0.018313620755436855
Area: 6.041250956081903e-05
CentroidX: 0.8965
CentroidY: 0.3482
