Location: Sandro_Ⴎ.jpg_Otsu.png
Component: component_1744832837234_436.png
centerX: 0.8510838831291234
centerY: 0.557039297977871
width: 0.03110273327049953
height: 0.023655093475772607
Area: 0.00039609749572167957
CentroidX: 0.8666
CentroidY: 0.5678
