Location: Sandro_Ⴎ.jpg_Mean-Medain.png
Component: component_1744750762866_161.png
centerX: 0.1357210179076343
centerY: 0.2338801983975582
width: 0.029688972667295005
height: 0.027470431133155285
Area: 0.00041317841360345877
CentroidX: 0.1509
CentroidY: 0.2475
