Location: Sandro_Ⴎ.jpg_Gaussian-Median.png
Component: component_1744832837659_787.png
centerX: 0.4255419415645617
centerY: 0.8172453262113697
width: 0.0235626767200754
height: 0.01716901945822205
Area: 8.28874015105285e-05
CentroidX: 0.4386
CentroidY: 0.8250
