Location: Sandro_Ⴎ.jpg_Gaussian-Median.png
Component: component_1744832837620_516.png
centerX: 0.5372290292177191
centerY: 0.6249523082792827
width: 0.034872761545711596
height: 0.024036627241510875
Area: 0.0003831519579586469
CentroidX: 0.5559
CentroidY: 0.6363
