Location: Sandro_Ⴎ.jpg_Otsu.png
Component: component_1744750761708_23.png
centerX: 0.19792648444863337
centerY: 0.0106829454406715
width: 0.030160226201696512
height: 0.024418161007249143
Area: 0.0003957378974504842
CentroidX: 0.2139
CentroidY: 0.0219
