Location: Sandro_Ⴎ.jpg_Otsu.png
Component: component_1744750761756_204.png
centerX: 0.8784165881244109
centerY: 0.29912247233880196
width: 0.028746465598491987
height: 0.024418161007249143
Area: 0.0003818933640094632
CentroidX: 0.8936
CentroidY: 0.3113
