Location: Sandro_Ⴎ.jpg_Mean-Medain.png
Component: component_1744750762868_172.png
centerX: 0.5028275212064091
centerY: 0.2598244944677604
width: 0.032516493873704054
height: 0.025944296070202214
Area: 0.0004626231758928196
CentroidX: 0.5201
CentroidY: 0.2718
