Location: Sandro_Ⴎ.jpg_Gaussian-Median.png
Component: component_1744750762130_70.png
centerX: 0.883129123468426
centerY: 0.08698969858832507
width: 0.033930254476908575
height: 0.02060282334986646
Area: 0.0003770387873483259
CentroidX: 0.9022
CentroidY: 0.0962
