Location: Sandro_Ⴎ.jpg_Otsu.png
Component: component_1744832837291_746.png
centerX: 0.6597549481621112
centerY: 0.9214040442579168
width: 0.028746465598491987
height: 0.02518122853872568
Area: 0.00036948722365322354
CentroidX: 0.6757
CentroidY: 0.9332
