Location: Sandro_Ⴎ.jpg_Mean-Medain.png
Component: component_1744750762991_664.png
centerX: 0.2299717247879359
centerY: 0.8088515833651279
width: 0.02639019792648445
height: 0.020984357115604733
Area: 9.385514878198672e-05
CentroidX: 0.2449
CentroidY: 0.8190
