Location: Sandro_Ⴎ.jpg_Mean-Medain.png
Component: component_1744750762860_127.png
centerX: 0.910933081998115
centerY: 0.1827546737886303
width: 0.033930254476908575
height: 0.019458222052651658
Area: 0.00034647293429672106
CentroidX: 0.9295
CentroidY: 0.1916
