Location: Sandro_Ⴎ.jpg_Gaussian-Median.png
Component: component_1744832837629_585.png
centerX: 0.6503298774740811
centerY: 0.6959175887066006
width: 0.029217719132893498
height: 0.02479969477298741
Area: 0.0003833317570942446
CentroidX: 0.6650
CentroidY: 0.7084
