Location: Sandro_Ⴎ.jpg_Mean-Medain.png
Component: component_1744750763010_751.png
centerX: 0.9194156456173421
centerY: 0.9152995040061045
width: 0.027332704995287466
height: 0.025562762304463946
Area: 0.00040742484126433313
CentroidX: 0.9341
CentroidY: 0.9274
