Location: Sandro_Ⴎ.jpg_Mean-Medain.png
Component: component_1744750762931_427.png
centerX: 0.04052780395852969
centerY: 0.5379626096909577
width: 0.03770028275212064
height: 0.024418161007249143
Area: 0.00042684314790888213
CentroidX: 0.0611
CentroidY: 0.5494
