Location: Sandro_Ⴎ.jpg_Otsu.png
Component: component_1744750761783_337.png
centerX: 0.6154571159283695
centerY: 0.4246470812666921
width: 0.022620169651272386
height: 0.01716901945822205
Area: 7.03014620186912e-05
CentroidX: 0.6286
CentroidY: 0.4327
