Location: Sandro_Ⴎ.jpg_Gaussian-Median.png
Component: component_1744832837586_353.png
centerX: 0.24222431668237512
centerY: 0.43456695917588706
width: 0.036757775683317624
height: 0.02670736360167875
Area: 0.0004681969490963475
CentroidX: 0.2612
CentroidY: 0.4474
