Location: Sandro_Ⴎ.jpg_Gaussian-Median.png
Component: component_1744832837567_294.png
centerX: 0.911875589066918
centerY: 0.39107210988172453
width: 0.020263901979264844
height: 0.01716901945822205
Area: 9.331575137519368e-05
CentroidX: 0.9212
CentroidY: 0.3999
