Location: Sandro_Ⴎ.jpg_Otsu.png
Component: component_1744832837282_696.png
centerX: 0.5164938737040528
centerY: 0.846241892407478
width: 0.03581526861451461
height: 0.028996566196108357
Area: 0.0004094026317559076
CentroidX: 0.5345
CentroidY: 0.8619
