Location: Sandro_Ⴎ.jpg_Mean-Medain.png
Component: component_1744750762888_266.png
centerX: 0.3920829406220547
centerY: 0.3643647462800458
width: 0.021677662582469368
height: 0.016024418161007248
Area: 8.270760237493083e-05
CentroidX: 0.4037
CentroidY: 0.3720
