Location: Sandro_Ⴎ.jpg_Otsu.png
Component: component_1744750761754_200.png
centerX: 0.911875589066918
centerY: 0.2987409385730637
width: 0.027803958529688973
height: 0.02479969477298741
Area: 0.00038584894499261204
CentroidX: 0.9262
CentroidY: 0.3105
