Location: Sandro_Ⴎ.jpg_Mean-Medain.png
Component: component_1744750762957_523.png
centerX: 0.45004712535344016
centerY: 0.6623426173216329
width: 0.03345900094250707
height: 0.025562762304463946
Area: 0.0004342149124683868
CentroidX: 0.4674
CentroidY: 0.6743
