Location: Sandro_Ⴎ.jpg_Mean-Medain.png
Component: component_1744750763012_761.png
centerX: 0.6211121583411876
centerY: 0.9206409767264403
width: 0.032516493873704054
height: 0.02670736360167875
Area: 0.0004106612257050913
CentroidX: 0.6384
CentroidY: 0.9336
