Location: Sandro_Ⴎ.jpg_Otsu.png
Component: component_1744832837197_306.png
centerX: 0.8557964184731386
centerY: 0.39565051507058374
width: 0.019792648444863337
height: 0.014498283098054178
Area: 6.203070178119812e-05
CentroidX: 0.8662
CentroidY: 0.4024
