Location: Sandro_Ⴎ.jpg_Gaussian-Median.png
Component: component_1744832837674_867.png
centerX: 0.3473138548539114
centerY: 0.9152995040061045
width: 0.03345900094250707
height: 0.025562762304463946
Area: 0.00042432596001051463
CentroidX: 0.3651
CentroidY: 0.9269
