Location: Sandro_Ⴎ.jpg_Otsu.png
Component: component_1744750761739_128.png
centerX: 0.7945334590009425
centerY: 0.18313620755436857
width: 0.029217719132893498
height: 0.020984357115604733
Area: 0.0003299314138217349
CentroidX: 0.8103
CentroidY: 0.1931
