Location: Sandro_Ⴎ.jpg_Otsu.png
Component: component_1744750761768_271.png
centerX: 0.5871819038642789
centerY: 0.368943151468905
width: 0.024976437323279924
height: 0.012209080503624571
Area: 5.8614518204842276e-05
CentroidX: 0.6019
CentroidY: 0.3744
