Location: Sandro_Ⴎ.jpg_Mean-Medain.png
Component: component_1744750762978_614.png
centerX: 0.589066918001885
centerY: 0.7596337275848912
width: 0.024505183788878417
height: 0.01564288439526898
Area: 7.677423090020753e-05
CentroidX: 0.6028
CentroidY: 0.7668
