Location: Sandro_Ⴎ.jpg_Otsu.png
Component: component_1744832837242_482.png
centerX: 0.6729500471253534
centerY: 0.6276230446394506
width: 0.030631479736098022
height: 0.022892025944296072
Area: 0.000365351843534477
CentroidX: 0.6901
CentroidY: 0.6384
