Location: Sandro_Ⴎ.jpg_Gaussian-Median.png
Component: component_1744750762132_77.png
centerX: 0.16682375117813383
centerY: 0.09080503624570775
width: 0.03298774740810556
height: 0.022510492178557804
Area: 0.00038351155622984225
CentroidX: 0.1858
CentroidY: 0.1005
