Location: Sandro_Ⴎ.jpg_Otsu.png
Component: component_1744750761741_140.png
centerX: 0.2587181903864279
centerY: 0.20450209843571157
width: 0.03298774740810556
height: 0.02670736360167875
Area: 0.0004311583271632263
CentroidX: 0.2760
CentroidY: 0.2170
