Location: Sandro_Ⴎ.jpg_Otsu.png
Component: component_1744750761848_584.png
centerX: 0.31526861451460886
centerY: 0.7577260587561999
width: 0.0235626767200754
height: 0.01755055322396032
Area: 7.191965423907028e-05
CentroidX: 0.3271
CentroidY: 0.7661
