Location: Sandro_Ⴎ.jpg_Gaussian-Median.png
Component: component_1744832837545_207.png
centerX: 0.5240339302544769
centerY: 0.3010301411674933
width: 0.03204524033930255
height: 0.021365890881343
Area: 0.0003950187009080935
CentroidX: 0.5419
CentroidY: 0.3106
