Location: Sandro_Ⴎ.jpg_Gaussian-Median.png
Component: component_1744750762224_257.png
centerX: 0.3586239396795476
centerY: 0.35940480732544833
width: 0.024976437323279924
height: 0.01564288439526898
Area: 8.432579459530991e-05
CentroidX: 0.3718
CentroidY: 0.3669
