Location: Sandro_Ⴎ.jpg_Gaussian-Closing.png
Component: component_1744750762713_758.png
centerX: 0.5999057492931197
centerY: 0.8428080885158337
width: 0.034872761545711596
height: 0.03014116749332316
Area: 0.0004764677093338406
CentroidX: 0.6186
CentroidY: 0.8575
