Location: Sandro_Ⴎ.jpg_Mean-Medain.png
Component: component_1744750762874_193.png
centerX: 0.3374175306314797
centerY: 0.29263639832125143
width: 0.03204524033930255
height: 0.025944296070202214
Area: 0.0004557908087401079
CentroidX: 0.3538
CentroidY: 0.3051
