Location: Sandro_Ⴎ.jpg_Mean-Medain.png
Component: component_1744750762948_492.png
centerX: 0.49811498586239394
centerY: 0.626859977107974
width: 0.032516493873704054
height: 0.02518122853872568
Area: 0.00043996848480751244
CentroidX: 0.5163
CentroidY: 0.6389
