Location: Sandro_Ⴎ.jpg_Otsu.png
Component: component_1744832837230_416.png
centerX: 0.08576814326107446
centerY: 0.5417779473483403
width: 0.03204524033930255
height: 0.02823349866463182
Area: 0.00043781089518034035
CentroidX: 0.1019
CentroidY: 0.5555
