Location: Sandro_Ⴎ.jpg_Otsu.png
Component: component_1744750761890_765.png
centerX: 0.8543826578699341
centerY: 0.9549790156428843
width: 0.030631479736098022
height: 0.024418161007249143
Area: 0.00038656814153500274
CentroidX: 0.8713
CentroidY: 0.9658
