Location: Sandro_Ⴎ.jpg_Gaussian-Closing.png
Component: component_1744750762756_853.png
centerX: 0.7026390197926484
centerY: 0.9580312857687905
width: 0.027332704995287466
height: 0.022128958412819536
Area: 0.0003256162345673907
CentroidX: 0.7175
CentroidY: 0.9685
