Location: Sandro_Ⴎ.jpg_Gaussian-Median.png
Component: component_1744832837609_447.png
centerX: 0.5164938737040528
centerY: 0.5494086226631056
width: 0.040999057492931194
height: 0.02861503243037009
Area: 0.0005228558863180409
CentroidX: 0.5372
CentroidY: 0.5632
