Location: Sandro_Ⴎ.jpg_Gaussian-Closing.png
Component: component_1744750762698_700.png
centerX: 0.35579641847313853
centerY: 0.7886302937809996
width: 0.024505183788878417
height: 0.019839755818389926
Area: 9.565314013796348e-05
CentroidX: 0.3694
CentroidY: 0.7977
