Location: Sandro_Ⴎ.jpg_Gaussian-Closing.png
Component: component_1744750762718_784.png
centerX: 0.9330819981149858
centerY: 0.8801983975581839
width: 0.025918944392082942
height: 0.02327355971003434
Area: 0.00032417784148260927
CentroidX: 0.9464
CentroidY: 0.8911
