Location: Sandro_Ⴎ.jpg_Gaussian-Median.png
Component: component_1744832837637_640.png
centerX: 0.8887841658812441
centerY: 0.732163296451736
width: 0.019792648444863337
height: 0.01755055322396032
Area: 8.953996952764249e-05
CentroidX: 0.9004
CentroidY: 0.7402
