Location: Sandro_Ⴎ.jpg_Gaussian-Closing.png
Component: component_1744750762615_297.png
centerX: 0.4934024505183789
centerY: 0.3906905761159863
width: 0.0235626767200754
height: 0.01716901945822205
Area: 8.864097384965412e-05
CentroidX: 0.5061
CentroidY: 0.3989
