Location: Sandro_Ⴎ.jpg_Mean-Medain.png
Component: component_1744750762998_700.png
centerX: 0.5589066918001885
centerY: 0.8428080885158337
width: 0.03345900094250707
height: 0.030522701259061428
Area: 0.0005003809943683315
CentroidX: 0.5765
CentroidY: 0.8574
