Location: Sandro_Ⴎ.jpg_Otsu.png
Component: component_1744750761749_184.png
centerX: 0.6602262016965127
centerY: 0.2632582983594048
width: 0.03110273327049953
height: 0.022510492178557804
Area: 0.00035726088243258163
CentroidX: 0.6770
CentroidY: 0.2743
