Location: Sandro_Ⴎ.jpg_Gaussian-Closing.png
Component: component_1744750762644_424.png
centerX: 0.7403393025447691
centerY: 0.5234643265929034
width: 0.03440150801131008
height: 0.024418161007249143
Area: 0.00043996848480751244
CentroidX: 0.7575
CentroidY: 0.5350
