Location: Sandro_Ⴎ.jpg_Gaussian-Closing.png
Component: component_1744750762598_232.png
centerX: 0.562205466540999
centerY: 0.33384204502098436
width: 0.029217719132893498
height: 0.020221289584128194
Area: 9.942892198551467e-05
CentroidX: 0.5791
CentroidY: 0.3444
