Location: Sandro_Ⴎ.jpg_Gaussian-Closing.png
Component: component_1744750762665_528.png
centerX: 0.5334590009425071
centerY: 0.6592903471957268
width: 0.03204524033930255
height: 0.022510492178557804
Area: 0.0003678690314328445
CentroidX: 0.5500
CentroidY: 0.6705
