Location: Sandro_Ⴎ.jpg_Gaussian-Median.png
Component: component_1744750762398_561.png
centerX: 0.7695570216776626
centerY: 0.6619610835558947
width: 0.029688972667295005
height: 0.023655093475772607
Area: 0.0003757801933991422
CentroidX: 0.7844
CentroidY: 0.6730
