Location: Sandro_Ⴎ.jpg_Gaussian-Median.png
Component: component_1744832837583_343.png
centerX: 0.5838831291234684
centerY: 0.42388401373521556
width: 0.023091423185673893
height: 0.016024418161007248
Area: 8.252780323933315e-05
CentroidX: 0.5969
CentroidY: 0.4312
