Location: Sandro_Ⴎ.jpg_Otsu.png
Component: component_1744832837214_343.png
centerX: 0.16352497643732328
centerY: 0.4284624189240748
width: 0.03581526861451461
height: 0.030522701259061428
Area: 0.0004681969490963475
CentroidX: 0.1829
CentroidY: 0.4432
