Location: Sandro_Ⴎ.jpg_Gaussian-Closing.png
Component: component_1744750762627_347.png
centerX: 0.6498586239396795
centerY: 0.4246470812666921
width: 0.024505183788878417
height: 0.016787485692483783
Area: 8.270760237493083e-05
CentroidX: 0.6635
CentroidY: 0.4325
