Location: Sandro_Ⴎ.jpg_Gaussian-Median.png
Component: component_1744832837652_744.png
centerX: 0.29076343072573047
centerY: 0.7874856924837849
width: 0.026861451460885956
height: 0.022128958412819536
Area: 0.00010536229346023796
CentroidX: 0.3040
CentroidY: 0.7982
