Location: Sandro_Ⴎ.jpg_Mean-Medain.png
Component: component_1744750762867_165.png
centerX: 0.2511781338360038
centerY: 0.24608927890118276
width: 0.030160226201696512
height: 0.02670736360167875
Area: 0.00044464326233305203
CentroidX: 0.2666
CentroidY: 0.2586
