Location: Sandro_Ⴎ.jpg_Gaussian-Closing.png
Component: component_1744750762600_246.png
centerX: 0.9142318567389256
centerY: 0.33842045020984357
width: 0.028746465598491987
height: 0.016405951926745516
Area: 0.00010158651161268677
CentroidX: 0.9285
CentroidY: 0.3456
