Location: Sandro_Ⴎ.jpg_Gaussian-Median.png
Component: component_1744750762183_174.png
centerX: 0.9029217719132894
centerY: 0.2598244944677604
width: 0.030631479736098022
height: 0.024036627241510875
Area: 0.0004218087721121472
CentroidX: 0.9181
CentroidY: 0.2718
