Location: Sandro_Ⴎ.jpg_Otsu.png
Component: component_1744832837290_744.png
centerX: 0.4227144203581527
centerY: 0.9206409767264403
width: 0.034872761545711596
height: 0.02518122853872568
Area: 0.0003779377830263143
CentroidX: 0.4412
CentroidY: 0.9329
