Location: Sandro_Ⴎ.jpg_Gaussian-Median.png
Component: component_1744832837653_749.png
centerX: 0.39161168708765315
centerY: 0.790537962609691
width: 0.025918944392082942
height: 0.017932086989698587
Area: 8.756217903606806e-05
CentroidX: 0.4053
CentroidY: 0.7993
