Location: Sandro_Ⴎ.jpg_Otsu.png
Component: component_1744832837295_768.png
centerX: 0.5065975494816211
centerY: 0.9565051507058374
width: 0.033930254476908575
height: 0.027088897367417018
Area: 0.00045938679145206144
CentroidX: 0.5257
CentroidY: 0.9687
