Location: Sandro_Ⴎ.jpg_Gaussian-Median.png
Component: component_1744832837608_443.png
centerX: 0.3232799245994345
centerY: 0.545593285005723
width: 0.034872761545711596
height: 0.027470431133155285
Area: 0.0005000213960971361
CentroidX: 0.3411
CentroidY: 0.5588
