Location: Sandro_Ⴎ.jpg_Otsu.png
Component: component_1744750761830_502.png
centerX: 0.6121583411875589
centerY: 0.6611980160244182
width: 0.03204524033930255
height: 0.024036627241510875
Area: 0.0003730832063651771
CentroidX: 0.6290
CentroidY: 0.6730
