Location: Sandro_Ⴎ.jpg_Otsu.png
Component: component_1744832837187_262.png
centerX: 0.17200754005655042
centerY: 0.3674170164059519
width: 0.02827521206409048
height: 0.014879816863792446
Area: 6.670547930673768e-05
CentroidX: 0.1873
CentroidY: 0.3744
