Location: Sandro_Ⴎ.jpg_Otsu.png
Component: component_1744832837150_96.png
centerX: 0.30301602262016963
centerY: 0.1316291491797024
width: 0.03770028275212064
height: 0.02518122853872568
Area: 0.00040670564472194244
CentroidX: 0.3231
CentroidY: 0.1438
