Location: Sandro_Ⴎ.jpg_Gaussian-Closing.png
Component: component_1744750762742_837.png
centerX: 0.3105560791705938
centerY: 0.9492560091568104
width: 0.032516493873704054
height: 0.02670736360167875
Area: 0.00044158667702789154
CentroidX: 0.3290
CentroidY: 0.9614
