Location: Sandro_Ⴎ.jpg_Otsu.png
Component: component_1744750761875_703.png
centerX: 0.18378887841658811
centerY: 0.8714231209462038
width: 0.03628652214891612
height: 0.025944296070202214
Area: 0.0003948389017724958
CentroidX: 0.2026
CentroidY: 0.8841
