Location: Sandro_Ⴎ.jpg_Gaussian-Median.png
Component: component_1744832837552_235.png
centerX: 0.14278982092365694
centerY: 0.3357497138496757
width: 0.022620169651272386
height: 0.015261350629530714
Area: 8.522479027329828e-05
CentroidX: 0.1555
CentroidY: 0.3428
