Location: Sandro_Ⴎ.jpg_Mean-Medain.png
Component: component_1744750762993_669.png
centerX: 0.30113100848256363
centerY: 0.8122853872567722
width: 0.024505183788878417
height: 0.017932086989698587
Area: 8.450559373090758e-05
CentroidX: 0.3142
CentroidY: 0.8208
