Location: Sandro_Ⴎ.jpg_Otsu.png
Component: component_1744832837129_14.png
centerX: 0.7266729500471254
centerY: 0.006867607783288821
width: 0.02639019792648445
height: 0.01716901945822205
Area: 0.00023697526071773657
CentroidX: 0.7409
CentroidY: 0.0147
