Location: Sandro_Ⴎ.jpg_Gaussian-Median.png
Component: component_1744750762485_887.png
centerX: 0.10791705937794534
centerY: 0.941625333842045
width: 0.0353440150801131
height: 0.024036627241510875
Area: 0.0004135380118746541
CentroidX: 0.1283
CentroidY: 0.9525
