Location: Sandro_Ⴎ.jpg_Mean-Medain.png
Component: component_1744750762915_380.png
centerX: 0.11592836946277098
centerY: 0.46699732926363985
width: 0.0353440150801131
height: 0.03128576879053796
Area: 0.0004797040937745988
CentroidX: 0.1337
CentroidY: 0.4832
