Location: Sandro_Ⴎ.jpg_Gaussian-Median.png
Component: component_1744832837550_224.png
centerX: 0.024505183788878417
centerY: 0.32506676840900417
width: 0.023091423185673893
height: 0.017932086989698587
Area: 7.317824818825402e-05
CentroidX: 0.0379
CentroidY: 0.3337
