Location: Sandro_Ⴎ.jpg_Gaussian-Median.png
Component: component_1744750762141_98.png
centerX: 0.7902921771913289
centerY: 0.1316291491797024
width: 0.03770028275212064
height: 0.027470431133155285
Area: 0.0005102699468262036
CentroidX: 0.8106
CentroidY: 0.1442
