Location: Sandro_Ⴎ.jpg_Otsu.png
Component: component_1744750761790_345.png
centerX: 0.24222431668237512
centerY: 0.43456695917588706
width: 0.036757775683317624
height: 0.026325829835940482
Area: 0.00045075643294337296
CentroidX: 0.2611
CentroidY: 0.4474
