Location: Sandro_Ⴎ.jpg_Gaussian-Closing.png
Component: component_1744750762584_160.png
centerX: 0.10037700282752121
centerY: 0.2289202594429607
width: 0.032516493873704054
height: 0.029378099961846624
Area: 0.0004595665905876591
CentroidX: 0.1166
CentroidY: 0.2437
