Location: Sandro_Ⴎ.jpg_Gaussian-Median.png
Component: component_1744750762048_15.png
centerX: 0.557492931196984
centerY: 0.006867607783288821
width: 0.028746465598491987
height: 0.019839755818389926
Area: 0.0002635855327861926
CentroidX: 0.5729
CentroidY: 0.0162
