Location: Sandro_Ⴎ.jpg_Otsu.png
Component: component_1744750761793_358.png
centerX: 0.7789820923656927
centerY: 0.454406714994277
width: 0.028746465598491987
height: 0.025562762304463946
Area: 0.0003885459320265772
CentroidX: 0.7932
CentroidY: 0.4663
