Location: Sandro_Ⴎ.jpg_Mean-Medain.png
Component: component_1744750762981_625.png
centerX: 0.09283694627709708
centerY: 0.7771842808088516
width: 0.030631479736098022
height: 0.011446012972148036
Area: 9.061876434122855e-05
CentroidX: 0.1104
CentroidY: 0.7828
