Location: Sandro_Ⴎ.jpg_Mean-Medain.png
Component: component_1744750762965_561.png
centerX: 0.20122525918944392
centerY: 0.7252956886684472
width: 0.02544769085768143
height: 0.018695154521175122
Area: 8.81015764428611e-05
CentroidX: 0.2150
CentroidY: 0.7337
