Location: Sandro_Ⴎ.jpg_Mean-Medain.png
Component: component_1744750762948_493.png
centerX: 0.6305372290292177
centerY: 0.626859977107974
width: 0.032516493873704054
height: 0.022892025944296072
Area: 0.0003899843251113586
CentroidX: 0.6481
CentroidY: 0.6376
