Location: Sandro_Ⴎ.jpg_Gaussian-Closing.png
Component: component_1744750762624_333.png
centerX: 0.9123468426013195
centerY: 0.42159481114078595
width: 0.01932139491046183
height: 0.020221289584128194
Area: 0.00010050771679910071
CentroidX: 0.9232
CentroidY: 0.4308
