Location: Sandro_Ⴎ.jpg_Otsu.png
Component: component_1744832837258_569.png
centerX: 0.767200754005655
centerY: 0.7325448302174743
width: 0.027332704995287466
height: 0.01564288439526898
Area: 6.886306893390979e-05
CentroidX: 0.7823
CentroidY: 0.7400
