Location: Sandro_Ⴎ.jpg_Otsu.png
Component: component_1744832837265_602.png
centerX: 0.7134778510838832
centerY: 0.7600152613506296
width: 0.0235626767200754
height: 0.016024418161007248
Area: 6.095190696761206e-05
CentroidX: 0.7267
CentroidY: 0.7678
