Location: Sandro_Ⴎ.jpg_Mean-Medain.png
Component: component_1744750762828_44.png
centerX: 0.679076343072573
centerY: 0.04692865318580695
width: 0.02827521206409048
height: 0.02174742464708127
Area: 0.0002936119884310044
CentroidX: 0.6935
CentroidY: 0.0576
