Location: Sandro_Ⴎ.jpg_Otsu.png
Component: component_1744750761704_12.png
centerX: 0.5579641847313855
centerY: 0.007249141549027089
width: 0.027803958529688973
height: 0.01907668828691339
Area: 0.00023337927800578306
CentroidX: 0.5730
CentroidY: 0.0162
