Location: Sandro_Ⴎ.jpg_Gaussian-Closing.png
Component: component_1744750762659_488.png
centerX: 0.26154571159283696
centerY: 0.6211369706219
width: 0.0353440150801131
height: 0.025562762304463946
Area: 0.0004092228326203099
CentroidX: 0.2803
CentroidY: 0.6336
