Location: Sandro_Ⴎ.jpg_Mean-Medain.png
Component: component_1744750763006_731.png
centerX: 0.822808671065033
centerY: 0.8817245326211369
width: 0.02827521206409048
height: 0.02174742464708127
Area: 0.00035815987811056997
CentroidX: 0.8385
CentroidY: 0.8922
