Location: Sandro_Ⴎ.jpg_Otsu.png
Component: component_1744832837291_747.png
centerX: 0.6960414703110274
centerY: 0.9210225104921785
width: 0.03204524033930255
height: 0.02518122853872568
Area: 0.0004092228326203099
CentroidX: 0.7137
CentroidY: 0.9324
