Location: Sandro_Ⴎ.jpg_Otsu.png
Component: component_1744832837251_536.png
centerX: 0.7648444863336475
centerY: 0.6997329263639832
width: 0.033930254476908575
height: 0.022892025944296072
Area: 0.00037919637697549807
CentroidX: 0.7832
CentroidY: 0.7099
