Location: Sandro_Ⴎ.jpg_Gaussian-Median.png
Component: component_1744750762202_232.png
centerX: 0.6748350612629594
centerY: 0.3346051125524609
width: 0.028746465598491987
height: 0.01716901945822205
Area: 8.971976866324018e-05
CentroidX: 0.6913
CentroidY: 0.3427
