Location: Sandro_Ⴎ.jpg_Otsu.png
Component: component_1744832837172_195.png
centerX: 0.40904806786050896
centerY: 0.2956886684471576
width: 0.03110273327049953
height: 0.027851964898893553
Area: 0.00042684314790888213
CentroidX: 0.4256
CentroidY: 0.3097
