Location: Sandro_Ⴎ.jpg_Mean-Medain.png
Component: component_1744750762885_260.png
centerX: 0.02827521206409048
centerY: 0.35902327355971003
width: 0.027803958529688973
height: 0.016405951926745516
Area: 6.850347066271444e-05
CentroidX: 0.0449
CentroidY: 0.3668
