Location: Sandro_Ⴎ.jpg_Otsu.png
Component: component_1744832837278_676.png
centerX: 0.057492931196983975
centerY: 0.8359404807325448
width: 0.03298774740810556
height: 0.022128958412819536
Area: 0.00035096791268666294
CentroidX: 0.0759
CentroidY: 0.8459
