Location: Sandro_Ⴎ.jpg_Mean-Medain.png
Component: component_1744750762947_486.png
centerX: 0.942507068803016
centerY: 0.6241892407478061
width: 0.02639019792648445
height: 0.022892025944296072
Area: 0.00031482828643153015
CentroidX: 0.9567
CentroidY: 0.6358
