Location: Sandro_Ⴎ.jpg_Gaussian-Closing.png
Component: component_1744750762684_621.png
centerX: 0.7384542884071631
centerY: 0.7325448302174743
width: 0.021677662582469368
height: 0.016405951926745516
Area: 8.594398681568898e-05
CentroidX: 0.7501
CentroidY: 0.7406
