Location: Sandro_Ⴎ.jpg_Otsu.png
Component: component_1744750761884_748.png
centerX: 0.501885014137606
centerY: 0.9221671117893934
width: 0.030631479736098022
height: 0.02823349866463182
Area: 0.00042612395136649143
CentroidX: 0.5181
CentroidY: 0.9353
