Location: Sandro_Ⴎ.jpg_Gaussian-Median.png
Component: component_1744832837584_345.png
centerX: 0.8317624882186616
centerY: 0.4235024799694773
width: 0.023091423185673893
height: 0.01755055322396032
Area: 9.133796088361925e-05
CentroidX: 0.8454
CentroidY: 0.4313
