Location: Sandro_Ⴎ.jpg_Gaussian-Closing.png
Component: component_1744750762609_270.png
centerX: 0.8459000942507069
centerY: 0.36627241510873715
width: 0.024976437323279924
height: 0.018695154521175122
Area: 9.40349479175844e-05
CentroidX: 0.8603
CentroidY: 0.3747
