Location: Sandro_Ⴎ.jpg_Gaussian-Closing.png
Component: component_1744750762529_3.png
centerX: 0.9151743638077285
centerY: 0.0
width: 0.03110273327049953
height: 0.02479969477298741
Area: 0.00040292986287439125
CentroidX: 0.9322
CentroidY: 0.0119
