Location: Sandro_Ⴎ.jpg_Otsu.png
Component: component_1744750761877_714.png
centerX: 0.8232799245994344
centerY: 0.8821060663868753
width: 0.027803958529688973
height: 0.021365890881343
Area: 0.0003416183576355838
CentroidX: 0.8385
CentroidY: 0.8922
