Location: Sandro_Ⴎ.jpg_Gaussian-Closing.png
Component: component_1744750762651_460.png
centerX: 0.9382657869934025
centerY: 0.5879435330026708
width: 0.02544769085768143
height: 0.023655093475772607
Area: 0.00034449514380514667
CentroidX: 0.9515
CentroidY: 0.5988
