Location: Sandro_Ⴎ.jpg_Otsu.png
Component: component_1744750761791_352.png
centerX: 0.5315739868049011
centerY: 0.45020984357115607
width: 0.0353440150801131
height: 0.029378099961846624
Area: 0.0005036173788090896
CentroidX: 0.5481
CentroidY: 0.4644
