Location: Sandro_Ⴎ.jpg_Gaussian-Median.png
Component: component_1744750762121_45.png
centerX: 0.6376060320452404
centerY: 0.04654711942006868
width: 0.03157398680490104
height: 0.020984357115604733
Area: 0.00032417784148260927
CentroidX: 0.6541
CentroidY: 0.0565
