Location: Sandro_Ⴎ.jpg_Gaussian-Closing.png
Component: component_1744750762725_798.png
centerX: 0.6819038642789821
centerY: 0.8851583365127814
width: 0.030631479736098022
height: 0.02479969477298741
Area: 0.0003871075389417958
CentroidX: 0.6974
CentroidY: 0.8971
