Location: Sandro_Ⴎ.jpg_Gaussian-Closing.png
Component: component_1744750762560_72.png
centerX: 0.12629594721960416
centerY: 0.08889736741701641
width: 0.03345900094250707
height: 0.02479969477298741
Area: 0.0003610366642801328
CentroidX: 0.1442
CentroidY: 0.1004
