Location: Sandro_Ⴎ.jpg_Mean-Medain.png
Component: component_1744750762893_291.png
centerX: 0.3058435438265787
centerY: 0.3780999618466234
width: 0.026861451460885956
height: 0.016405951926745516
Area: 8.918037125644714e-05
CentroidX: 0.3203
CentroidY: 0.3861
