Location: Sandro_Ⴎ.jpg_Gaussian-Median.png
Component: component_1744750762231_288.png
centerX: 0.3482563619227144
centerY: 0.38153376573826786
width: 0.02403393025447691
height: 0.01564288439526898
Area: 8.864097384965412e-05
CentroidX: 0.3622
CentroidY: 0.3889
