Location: Sandro_Ⴎ.jpg_Gaussian-Median.png
Component: component_1744750762058_24.png
centerX: 0.354382657869934
centerY: 0.0106829454406715
width: 0.03110273327049953
height: 0.019839755818389926
Area: 0.0003252566362961953
CentroidX: 0.3704
CentroidY: 0.0201
