Location: Sandro_Ⴎ.jpg_Gaussian-Median.png
Component: component_1744750762450_732.png
centerX: 0.6281809613572101
centerY: 0.7855780236550934
width: 0.020735155513666354
height: 0.019458222052651658
Area: 9.54733410023658e-05
CentroidX: 0.6396
CentroidY: 0.7948
