Location: Sandro_Ⴎ.jpg_Otsu.png
Component: component_1744832837170_186.png
centerX: 0.058435438265786996
centerY: 0.2644028996566196
width: 0.030160226201696512
height: 0.022510492178557804
Area: 0.00033568498616086054
CentroidX: 0.0736
CentroidY: 0.2755
