Location: Sandro_Ⴎ.jpg_Otsu.png
Component: component_1744750761764_244.png
centerX: 0.45193213949104616
centerY: 0.3407096528042732
width: 0.02403393025447691
height: 0.018313620755436855
Area: 6.904286806950746e-05
CentroidX: 0.4643
CentroidY: 0.3497
