Location: Sandro_Ⴎ.jpg_Gaussian-Closing.png
Component: component_1744750762535_25.png
centerX: 0.16069745523091422
centerY: 0.011446012972148036
width: 0.029688972667295005
height: 0.025944296070202214
Area: 0.0003639134504496956
CentroidX: 0.1776
CentroidY: 0.0237
