Location: Sandro_Ⴎ.jpg_Otsu.png
Component: component_1744832837280_687.png
centerX: 0.9208294062205467
centerY: 0.8435711560473101
width: 0.02639019792648445
height: 0.02861503243037009
Area: 0.00042001078075617045
CentroidX: 0.9335
CentroidY: 0.8572
