Location: Sandro_Ⴎ.jpg_Otsu.png
Component: component_1744750761859_631.png
centerX: 0.7511781338360037
centerY: 0.7871041587180465
width: 0.020735155513666354
height: 0.01716901945822205
Area: 7.24590516458633e-05
CentroidX: 0.7625
CentroidY: 0.7953
