Location: Sandro_Ⴎ.jpg_Gaussian-Median.png
Component: component_1744750762272_382.png
centerX: 0.3647502356267672
centerY: 0.4784433422357879
width: 0.024976437323279924
height: 0.027470431133155285
Area: 0.0004049076533659657
CentroidX: 0.3761
CentroidY: 0.4920
