Location: Sandro_Ⴎ.jpg_Mean-Medain.png
Component: component_1744750762858_116.png
centerX: 0.3661639962299717
centerY: 0.17474246470812668
width: 0.030631479736098022
height: 0.025562762304463946
Area: 0.000398614683620047
CentroidX: 0.3825
CentroidY: 0.1869
