Location: Sandro_Ⴎ.jpg_Otsu.png
Component: component_1744832837159_132.png
centerX: 0.8727615457115928
centerY: 0.18466234261732165
width: 0.030160226201696512
height: 0.01564288439526898
Area: 0.00025693296476907856
CentroidX: 0.8892
CentroidY: 0.1918
