Location: Sandro_Ⴎ.jpg_Mean-Medain.png
Component: component_1744750762867_169.png
centerX: 0.70311027332705
centerY: 0.2560091568103777
width: 0.0353440150801131
height: 0.024036627241510875
Area: 0.0004277421435868705
CentroidX: 0.7217
CentroidY: 0.2676
