Location: Sandro_Ⴎ.jpg_Gaussian-Median.png
Component: component_1744750762184_179.png
centerX: 0.8614514608859567
centerY: 0.2613506295307135
width: 0.033930254476908575
height: 0.021365890881343
Area: 0.0003624750573649142
CentroidX: 0.8793
CentroidY: 0.2721
