Location: Sandro_Ⴎ.jpg_Mean-Medain.png
Component: component_1744750763016_782.png
centerX: 0.4651272384542884
centerY: 0.9557420831743609
width: 0.03440150801131008
height: 0.02823349866463182
Area: 0.00047772630328302433
CentroidX: 0.4827
CentroidY: 0.9701
