Location: Sandro_Ⴎ.jpg_Gaussian-Median.png
Component: component_1744832837650_736.png
centerX: 0.9542884071630537
centerY: 0.7851964898893552
width: 0.02120640904806786
height: 0.016405951926745516
Area: 9.223695656160764e-05
CentroidX: 0.9662
CentroidY: 0.7924
