Location: Sandro_Ⴎ.jpg_Mean-Medain.png
Component: component_1744750762889_270.png
centerX: 0.8454288407163054
centerY: 0.36589088134299885
width: 0.02544769085768143
height: 0.01907668828691339
Area: 9.439454618877974e-05
CentroidX: 0.8602
CentroidY: 0.3747
