Location: Sandro_Ⴎ.jpg_Gaussian-Closing.png
Component: component_1744750762671_554.png
centerX: 0.0937794533459001
centerY: 0.6886684471575735
width: 0.03628652214891612
height: 0.025944296070202214
Area: 0.00041551580236622856
CentroidX: 0.1131
CentroidY: 0.7011
