Location: Sandro_Ⴎ.jpg_Otsu.png
Component: component_1744750761808_411.png
centerX: 0.7408105560791706
centerY: 0.5234643265929034
width: 0.03345900094250707
height: 0.024418161007249143
Area: 0.000424146160874917
CentroidX: 0.7576
CentroidY: 0.5350
