Location: Sandro_Ⴎ.jpg_Otsu.png
Component: component_1744832837245_501.png
centerX: 0.4891611687087653
centerY: 0.6608164822586798
width: 0.03345900094250707
height: 0.024418161007249143
Area: 0.00042504515655290533
CentroidX: 0.5069
CentroidY: 0.6728
