Location: Sandro_Ⴎ.jpg_Gaussian-Closing.png
Component: component_1744750762742_838.png
centerX: 0.3468426013195099
centerY: 0.9500190766882869
width: 0.03298774740810556
height: 0.027088897367417018
Area: 0.00046496056465558937
CentroidX: 0.3646
CentroidY: 0.9626
