Location: Sandro_Ⴎ.jpg_Otsu.png
Component: component_1744832837288_736.png
centerX: 0.9542884071630537
centerY: 0.9152995040061045
width: 0.02639019792648445
height: 0.022128958412819536
Area: 0.0003498891178730769
CentroidX: 0.9684
CentroidY: 0.9258
