Location: Sandro_Ⴎ.jpg_Otsu.png
Component: component_1744750761761_229.png
centerX: 0.7568331762488218
centerY: 0.33422357878672265
width: 0.024976437323279924
height: 0.017932086989698587
Area: 7.10206585610819e-05
CentroidX: 0.7699
CentroidY: 0.3430
