Location: Sandro_Ⴎ.jpg_Otsu.png
Component: component_1744832837199_314.png
centerX: 0.27992459943449577
centerY: 0.40747806180847007
width: 0.02403393025447691
height: 0.016787485692483783
Area: 7.120045769667958e-05
CentroidX: 0.2938
CentroidY: 0.4153
