Location: Sandro_Ⴎ.jpg_Gaussian-Closing.png
Component: component_1744750762589_178.png
centerX: 0.4599434495758718
centerY: 0.2609690957649752
width: 0.03204524033930255
height: 0.02327355971003434
Area: 0.0003739822020431655
CentroidX: 0.4772
CentroidY: 0.2720
