Location: Sandro_Ⴎ.jpg_Gaussian-Median.png
Component: component_1744750762262_359.png
centerX: 0.49010367577756836
centerY: 0.44944677603967953
width: 0.03440150801131008
height: 0.028996566196108357
Area: 0.0005073931606566408
CentroidX: 0.5071
CentroidY: 0.4638
