Location: Sandro_Ⴎ.jpg_Mean-Medain.png
Component: component_1744750762874_195.png
centerX: 0.40904806786050896
centerY: 0.2956886684471576
width: 0.03157398680490104
height: 0.02823349866463182
Area: 0.00045776859923168234
CentroidX: 0.4257
CentroidY: 0.3097
