Location: Sandro_Ⴎ.jpg_Otsu.png
Component: component_1744750761756_201.png
centerX: 0.4849198868991517
centerY: 0.29950400610454025
width: 0.03204524033930255
height: 0.022510492178557804
Area: 0.0003885459320265772
CentroidX: 0.5014
CentroidY: 0.3094
