Location: Sandro_Ⴎ.jpg_Gaussian-Median.png
Component: component_1744832837665_833.png
centerX: 0.0589066918001885
centerY: 0.8706600534147272
width: 0.034872761545711596
height: 0.02479969477298741
Area: 0.00037847718043310737
CentroidX: 0.0777
CentroidY: 0.8830
