Location: Sandro_Ⴎ.jpg_Otsu.png
Component: component_1744750761842_553.png
centerX: 0.6503298774740811
centerY: 0.7298740938573064
width: 0.02544769085768143
height: 0.016024418161007248
Area: 6.634588103554234e-05
CentroidX: 0.6642
CentroidY: 0.7378
