Location: Sandro_Ⴎ.jpg_Otsu.png
Component: component_1744832837185_254.png
centerX: 0.10226201696512724
centerY: 0.363220144982831
width: 0.024976437323279924
height: 0.01564288439526898
Area: 6.796407325592142e-05
CentroidX: 0.1156
CentroidY: 0.3707
