Location: Sandro_Ⴎ.jpg_Gaussian-Closing.png
Component: component_1744750762679_590.png
centerX: 0.05089538171536286
centerY: 0.720717283479588
width: 0.029688972667295005
height: 0.017932086989698587
Area: 9.223695656160764e-05
CentroidX: 0.0686
CentroidY: 0.7294
