Location: Sandro_Ⴎ.jpg_Otsu.png
Component: component_1744750761702_6.png
centerX: 0.8388312912346843
centerY: 0.0011446012972148034
width: 0.029217719132893498
height: 0.022128958412819536
Area: 0.0003230990466690232
CentroidX: 0.8544
CentroidY: 0.0120
