Location: Sandro_Ⴎ.jpg_Otsu.png
Component: component_1744832837152_106.png
centerX: 0.3529688972667295
centerY: 0.13582602060282334
width: 0.03110273327049953
height: 0.02670736360167875
Area: 0.00043007953234964027
CentroidX: 0.3689
CentroidY: 0.1481
