Location: Sandro_Ⴎ.jpg_Otsu.png
Component: component_1744832837214_342.png
centerX: 0.07351555136663525
centerY: 0.42731781762686
width: 0.036757775683317624
height: 0.02670736360167875
Area: 0.0004343947116039845
CentroidX: 0.0934
CentroidY: 0.4399
