Location: Sandro_Ⴎ.jpg_Gaussian-Closing.png
Component: component_1744750762628_356.png
centerX: 0.36710650329877476
centerY: 0.4425791682563907
width: 0.03157398680490104
height: 0.027851964898893553
Area: 0.00047610811106264523
CentroidX: 0.3836
CentroidY: 0.4559
