Location: Sandro_Ⴎ.jpg_Gaussian-Median.png
Component: component_1744750762182_170.png
centerX: 0.70311027332705
centerY: 0.2560091568103777
width: 0.0353440150801131
height: 0.024036627241510875
Area: 0.0004218087721121472
CentroidX: 0.7217
CentroidY: 0.2676
