Location: Sandro_Ⴎ.jpg_Gaussian-Closing.png
Component: component_1744750762612_280.png
centerX: 0.20970782280867106
centerY: 0.368943151468905
width: 0.02403393025447691
height: 0.018695154521175122
Area: 9.241675569720531e-05
CentroidX: 0.2233
CentroidY: 0.3783
