Location: Sandro_Ⴎ.jpg_Gaussian-Median.png
Component: component_1744832837580_333.png
centerX: 0.4858623939679548
centerY: 0.4223578786722625
width: 0.02544769085768143
height: 0.01716901945822205
Area: 8.971976866324018e-05
CentroidX: 0.5000
CentroidY: 0.4303
