Location: Sandro_Ⴎ.jpg_Otsu.png
Component: component_1744750761888_757.png
centerX: 0.27332704995287466
centerY: 0.9465852727966425
width: 0.03298774740810556
height: 0.027088897367417018
Area: 0.00043709169863794965
CentroidX: 0.2916
CentroidY: 0.9592
