Location: Sandro_Ⴎ.jpg_Gaussian-Median.png
Component: component_1744832837614_472.png
centerX: 0.47973609802073514
centerY: 0.5887066005341473
width: 0.03440150801131008
height: 0.024418161007249143
Area: 0.0004457220571466381
CentroidX: 0.4976
CentroidY: 0.6006
