Location: Sandro_Ⴎ.jpg_Gaussian-Closing.png
Component: component_1744750762656_474.png
centerX: 0.8539114043355325
centerY: 0.5909958031285769
width: 0.03157398680490104
height: 0.025562762304463946
Area: 0.00041695419545100996
CentroidX: 0.8699
CentroidY: 0.6039
