Location: Sandro_Ⴎ.jpg_Gaussian-Median.png
Component: component_1744832837620_513.png
centerX: 0.5819981149858624
centerY: 0.6245707745135445
width: 0.03864278982092366
height: 0.024036627241510875
Area: 0.000398614683620047
CentroidX: 0.6031
CentroidY: 0.6362
