Location: Sandro_Ⴎ.jpg_Mean-Medain.png
Component: component_1744750762848_81.png
centerX: 0.3609802073515551
centerY: 0.10186951545211752
width: 0.03157398680490104
height: 0.024036627241510875
Area: 0.000398614683620047
CentroidX: 0.3785
CentroidY: 0.1131
