Location: Sandro_Ⴎ.jpg_Mean-Medain.png
Component: component_1744750762855_104.png
centerX: 0.4839773798303487
centerY: 0.13697062190003814
width: 0.032516493873704054
height: 0.024418161007249143
Area: 0.0004171339945866076
CentroidX: 0.5011
CentroidY: 0.1487
