Location: Sandro_Ⴎ.jpg_Gaussian-Median.png
Component: component_1744750762462_774.png
centerX: 0.6192271442035815
centerY: 0.8130484547882487
width: 0.02544769085768143
height: 0.01716901945822205
Area: 8.684298249367736e-05
CentroidX: 0.6335
CentroidY: 0.8210
