Location: Sandro_Ⴎ.jpg_Otsu.png
Component: component_1744832837198_312.png
centerX: 0.2106503298774741
centerY: 0.4032811903853491
width: 0.0235626767200754
height: 0.01907668828691339
Area: 7.389744473064471e-05
CentroidX: 0.2225
CentroidY: 0.4127
