Location: Sandro_Ⴎ.jpg_Mean-Medain.png
Component: component_1744750762866_156.png
centerX: 0.05796418473138549
centerY: 0.2266310568485311
width: 0.03440150801131008
height: 0.02518122853872568
Area: 0.000418032990264596
CentroidX: 0.0753
CentroidY: 0.2391
