Location: Sandro_Ⴎ.jpg_Gaussian-Closing.png
Component: component_1744750762667_534.png
centerX: 0.6927426955702167
centerY: 0.6611980160244182
width: 0.03110273327049953
height: 0.019458222052651658
Area: 0.00031267069680435806
CentroidX: 0.7099
CentroidY: 0.6705
