Location: Sandro_Ⴎ.jpg_Mean-Medain.png
Component: component_1744750763007_738.png
centerX: 0.5777568331762488
centerY: 0.8847768027470431
width: 0.028746465598491987
height: 0.02670736360167875
Area: 0.0004142572084170448
CentroidX: 0.5930
CentroidY: 0.8975
