Location: Sandro_Ⴎ.jpg_Gaussian-Median.png
Component: component_1744750762239_310.png
centerX: 0.5857681432610744
centerY: 0.39565051507058374
width: 0.027332704995287466
height: 0.014498283098054178
Area: 8.001061534096568e-05
CentroidX: 0.6015
CentroidY: 0.4023
