Location: Sandro_Ⴎ.jpg_Mean-Medain.png
Component: component_1744750762930_422.png
centerX: 0.8652214891611687
centerY: 0.5230827928271652
width: 0.03345900094250707
height: 0.02479969477298741
Area: 0.0004417664761634892
CentroidX: 0.8824
CentroidY: 0.5344
