Location: Sandro_Ⴎ.jpg_Otsu.png
Component: component_1744750761868_681.png
centerX: 0.9528746465598492
centerY: 0.8420450209843571
width: 0.027332704995287466
height: 0.02479969477298741
Area: 0.0003417981567711815
CentroidX: 0.9686
CentroidY: 0.8543
