Location: Sandro_Ⴎ.jpg_Gaussian-Median.png
Component: component_1744750762466_800.png
centerX: 0.057492931196983975
centerY: 0.8355589469668065
width: 0.03298774740810556
height: 0.022510492178557804
Area: 0.00036283465563610956
CentroidX: 0.0762
CentroidY: 0.8458
