Location: Sandro_Ⴎ.jpg_Mean-Medain.png
Component: component_1744750762946_478.png
centerX: 0.13147973609802074
centerY: 0.6203739030904235
width: 0.03204524033930255
height: 0.022128958412819536
Area: 0.0003569012841613863
CentroidX: 0.1492
CentroidY: 0.6308
