Location: Sandro_Ⴎ.jpg_Otsu.png
Component: component_1744750761713_32.png
centerX: 0.9052780395852968
centerY: 0.041968714231209465
width: 0.02827521206409048
height: 0.022892025944296072
Area: 0.0003468325325679164
CentroidX: 0.9186
CentroidY: 0.0529
