Location: Sandro_Ⴎ.jpg_Gaussian-Closing.png
Component: component_1744750762662_504.png
centerX: 0.672478793590952
centerY: 0.6276230446394506
width: 0.03110273327049953
height: 0.022892025944296072
Area: 0.00038530954758581905
CentroidX: 0.6900
CentroidY: 0.6384
