Location: Sandro_Ⴎ.jpg_Gaussian-Closing.png
Component: component_1744750762692_664.png
centerX: 0.412818096135721
centerY: 0.7603967951163678
width: 0.020735155513666354
height: 0.01907668828691339
Area: 8.738237990047039e-05
CentroidX: 0.4247
CentroidY: 0.7696
