Location: Sandro_Ⴎ.jpg_Gaussian-Median.png
Component: component_1744832837587_358.png
centerX: 0.4481621112158341
centerY: 0.4471575734452499
width: 0.034872761545711596
height: 0.027851964898893553
Area: 0.0004602857871300498
CentroidX: 0.4654
CentroidY: 0.4607
