Location: Sandro_Ⴎ.jpg_Gaussian-Closing.png
Component: component_1744750762572_111.png
centerX: 0.09000942507068803
centerY: 0.155284242655475
width: 0.032516493873704054
height: 0.01907668828691339
Area: 0.0003168060769231046
CentroidX: 0.1076
CentroidY: 0.1638
