Location: Sandro_Ⴎ.jpg_Otsu.png
Component: component_1744750761764_247.png
centerX: 0.23845428840716307
centerY: 0.34719572682182376
width: 0.022620169651272386
height: 0.018313620755436855
Area: 7.461664127303541e-05
CentroidX: 0.2494
CentroidY: 0.3560
