Location: Sandro_Ⴎ.jpg_Otsu.png
Component: component_1744750761870_690.png
centerX: 0.8817153628652215
centerY: 0.8443342235787867
width: 0.030631479736098022
height: 0.029759633727584892
Area: 0.00042954013494284727
CentroidX: 0.8969
CentroidY: 0.8580
