Location: Sandro_Ⴎ.jpg_Mean-Medain.png
Component: component_1744750762956_521.png
centerX: 0.5706880301602262
centerY: 0.6615795497901564
width: 0.032516493873704054
height: 0.021365890881343
Area: 0.0003693074245176259
CentroidX: 0.5878
CentroidY: 0.6716
