Location: Sandro_Ⴎ.jpg_Mean-Medain.png
Component: component_1744750762864_150.png
centerX: 0.9217719132893497
centerY: 0.22281571919114843
width: 0.026861451460885956
height: 0.02174742464708127
Area: 0.00036193565995812116
CentroidX: 0.9351
CentroidY: 0.2330
