Location: Sandro_Ⴎ.jpg_Mean-Medain.png
Component: component_1744750762990_657.png
centerX: 0.05702167766258247
centerY: 0.8057993132392217
width: 0.02827521206409048
height: 0.017932086989698587
Area: 7.048126115428887e-05
CentroidX: 0.0742
CentroidY: 0.8143
