Location: Sandro_Ⴎ.jpg_Gaussian-Closing.png
Component: component_1744750762650_459.png
centerX: 0.8953817153628653
centerY: 0.5871804654711942
width: 0.032516493873704054
height: 0.02823349866463182
Area: 0.00043151792543442166
CentroidX: 0.9129
CentroidY: 0.6020
