Location: Sandro_Ⴎ.jpg_Gaussian-Median.png
Component: component_1744750762230_279.png
centerX: 0.555607917059378
centerY: 0.36970621900038153
width: 0.022148916116870875
height: 0.018695154521175122
Area: 8.900057212084947e-05
CentroidX: 0.5659
CentroidY: 0.3791
