Location: Sandro_Ⴎ.jpg_Otsu.png
Component: component_1744750761818_465.png
centerX: 0.21442035815268615
centerY: 0.6196108355589469
width: 0.03864278982092366
height: 0.024036627241510875
Area: 0.00037775798389071667
CentroidX: 0.2345
CentroidY: 0.6317
