Location: Sandro_Ⴎ.jpg_Mean-Medain.png
Component: component_1744750762909_359.png
centerX: 0.36710650329877476
centerY: 0.4425791682563907
width: 0.03157398680490104
height: 0.027851964898893553
Area: 0.0004847384695713337
CentroidX: 0.3836
CentroidY: 0.4558
