Location: Sandro_Ⴎ.jpg_Otsu.png
Component: component_1744750761847_581.png
centerX: 0.8722902921771913
centerY: 0.7573445249904617
width: 0.020735155513666354
height: 0.01716901945822205
Area: 6.22105009167958e-05
CentroidX: 0.8848
CentroidY: 0.7658
