Location: Sandro_Ⴎ.jpg_Otsu.png
Component: component_1744832837267_614.png
centerX: 0.6903864278982093
centerY: 0.7836703548264021
width: 0.021677662582469368
height: 0.022892025944296072
Area: 7.76732265781959e-05
CentroidX: 0.7023
CentroidY: 0.7953
