Location: Sandro_Ⴎ.jpg_Mean-Medain.png
Component: component_1744750762970_580.png
centerX: 0.8892554194156456
centerY: 0.732163296451736
width: 0.01932139491046183
height: 0.01755055322396032
Area: 8.57641876800913e-05
CentroidX: 0.9004
CentroidY: 0.7403
