Location: Sandro_Ⴎ.jpg_Otsu.png
Component: component_1744750761730_93.png
centerX: 0.6116870876531574
centerY: 0.13010301411674932
width: 0.044769085768143264
height: 0.02479969477298741
Area: 0.0004455422580110404
CentroidX: 0.6268
CentroidY: 0.1432
