Location: Sandro_Ⴎ.jpg_Gaussian-Closing.png
Component: component_1744750762683_617.png
centerX: 0.8892554194156456
centerY: 0.732163296451736
width: 0.01932139491046183
height: 0.01755055322396032
Area: 8.936017039204482e-05
CentroidX: 0.9004
CentroidY: 0.7402
