Location: Sandro_Ⴎ.jpg_Gaussian-Closing.png
Component: component_1744750762708_735.png
centerX: 0.557492931196984
centerY: 0.8161007249141549
width: 0.020735155513666354
height: 0.018313620755436855
Area: 8.50449911377006e-05
CentroidX: 0.5683
CentroidY: 0.8243
