Location: Sandro_Ⴎ.jpg_Mean-Medain.png
Component: component_1744750762960_539.png
centerX: 0.35391140433553253
centerY: 0.6959175887066006
width: 0.03628652214891612
height: 0.02479969477298741
Area: 0.0004466210528246264
CentroidX: 0.3729
CentroidY: 0.7080
