Location: Sandro_Ⴎ.jpg_Gaussian-Closing.png
Component: component_1744750762651_464.png
centerX: 0.5692742695570217
centerY: 0.5887066005341473
width: 0.027803958529688973
height: 0.02327355971003434
Area: 0.00036211545909371886
CentroidX: 0.5828
CentroidY: 0.6006
