Location: Sandro_Ⴎ.jpg_Gaussian-Closing.png
Component: component_1744750762648_445.png
centerX: 0.7587181903864278
centerY: 0.5543685616177032
width: 0.03722902921771913
height: 0.025944296070202214
Area: 0.0004903122427748616
CentroidX: 0.7784
CentroidY: 0.5668
