Location: Sandro_Ⴎ.jpg_Gaussian-Closing.png
Component: component_1744750762579_131.png
centerX: 0.014608859566446749
centerY: 0.18466234261732165
width: 0.03440150801131008
height: 0.02174742464708127
Area: 0.0003437759472627559
CentroidX: 0.0334
CentroidY: 0.1951
