Location: Sandro_Ⴎ.jpg_Mean-Medain.png
Component: component_1744750762973_586.png
centerX: 0.939679547596607
centerY: 0.7325448302174743
width: 0.025918944392082942
height: 0.016405951926745516
Area: 8.989956779883786e-05
CentroidX: 0.9550
CentroidY: 0.7403
