Location: Sandro_Ⴎ.jpg_Otsu.png
Component: component_1744832837176_216.png
centerX: 0.17483506126295947
centerY: 0.3117130866081648
width: 0.02403393025447691
height: 0.015261350629530714
Area: 5.555793289968179e-05
CentroidX: 0.1876
CentroidY: 0.3192
