Location: Sandro_Ⴎ.jpg_Mean-Medain.png
Component: component_1744750763009_748.png
centerX: 0.26201696512723843
centerY: 0.9107210988172453
width: 0.03722902921771913
height: 0.027088897367417018
Area: 0.0004140774092814471
CentroidX: 0.2808
CentroidY: 0.9244
