Location: Sandro_Ⴎ.jpg_Gaussian-Median.png
Component: component_1744832837596_386.png
centerX: 0.4651272384542884
centerY: 0.48378481495612363
width: 0.030631479736098022
height: 0.02479969477298741
Area: 0.0003955580983148865
CentroidX: 0.4828
CentroidY: 0.4953
