Location: Sandro_Ⴎ.jpg_Mean-Medain.png
Component: component_1744750762905_351.png
centerX: 0.6498586239396795
centerY: 0.42426554750095385
width: 0.024505183788878417
height: 0.01716901945822205
Area: 7.893182052737964e-05
CentroidX: 0.6635
CentroidY: 0.4325
