Location: Sandro_Ⴎ.jpg_Otsu.png
Component: component_1744750761791_351.png
centerX: 0.49010367577756836
centerY: 0.44944677603967953
width: 0.03440150801131008
height: 0.028996566196108357
Area: 0.0004933688280800221
CentroidX: 0.5072
CentroidY: 0.4638
