Location: Sandro_Ⴎ.jpg_Otsu.png
Component: component_1744750761715_47.png
centerX: 0.679076343072573
centerY: 0.047310186951545215
width: 0.027803958529688973
height: 0.020984357115604733
Area: 0.0002617875414302158
CentroidX: 0.6934
CentroidY: 0.0577
