Location: Sandro_Ⴎ.jpg_Gaussian-Median.png
Component: component_1744750762277_393.png
centerX: 0.7097078228086711
centerY: 0.4898893552079359
width: 0.029217719132893498
height: 0.025562762304463946
Area: 0.00043691189950235195
CentroidX: 0.7243
CentroidY: 0.5024
