Location: Sandro_Ⴎ.jpg_Gaussian-Closing.png
Component: component_1744750762561_73.png
centerX: 0.5155513666352498
centerY: 0.08851583365127814
width: 0.041941564561734215
height: 0.02518122853872568
Area: 0.0004498574372653846
CentroidX: 0.5382
CentroidY: 0.1006
