Location: Sandro_Ⴎ.jpg_Gaussian-Median.png
Component: component_1744832837631_595.png
centerX: 0.764373232799246
centerY: 0.699351392598245
width: 0.03440150801131008
height: 0.023655093475772607
Area: 0.00040310966200998895
CentroidX: 0.7832
CentroidY: 0.7099
