Location: Sandro_Ⴎ.jpg_Gaussian-Median.png
Component: component_1744750762257_349.png
centerX: 0.12158341187558906
centerY: 0.42541014879816863
width: 0.03345900094250707
height: 0.02823349866463182
Area: 0.00047107373526591035
CentroidX: 0.1392
CentroidY: 0.4393
