Location: Sandro_Ⴎ.jpg_Mean-Medain.png
Component: component_1744750762864_147.png
centerX: 0.6776625824693685
centerY: 0.21861884776802748
width: 0.03157398680490104
height: 0.023655093475772607
Area: 0.0004273825453156751
CentroidX: 0.6944
CentroidY: 0.2298
