Location: Sandro_Ⴎ.jpg_Otsu.png
Component: component_1744750761745_156.png
centerX: 0.7573044297832233
centerY: 0.22586798931705457
width: 0.02827521206409048
height: 0.024418161007249143
Area: 0.00037434180031436083
CentroidX: 0.7734
CentroidY: 0.2377
