Location: Sandro_Ⴎ.jpg_Gaussian-Closing.png
Component: component_1744750762562_81.png
centerX: 0.2511781338360038
centerY: 0.0938573063716139
width: 0.027332704995287466
height: 0.02670736360167875
Area: 0.0003934005086877144
CentroidX: 0.2655
CentroidY: 0.1070
