Location: Sandro_Ⴎ.jpg_Mean-Medain.png
Component: component_1744750762883_246.png
centerX: 0.17153628652214892
centerY: 0.33880198397558187
width: 0.025918944392082942
height: 0.017932086989698587
Area: 0.00010014811852790536
CentroidX: 0.1844
CentroidY: 0.3474
