Location: Sandro_Ⴎ.jpg_Gaussian-Closing.png
Component: component_1744750762674_565.png
centerX: 0.5735155513666352
centerY: 0.6959175887066006
width: 0.03110273327049953
height: 0.022128958412819536
Area: 0.0003817135648738655
CentroidX: 0.5906
CentroidY: 0.7060
