Location: Sandro_Ⴎ.jpg_Gaussian-Median.png
Component: component_1744832837603_416.png
centerX: 0.380301602262017
centerY: 0.5123998473864937
width: 0.03440150801131008
height: 0.02861503243037009
Area: 0.0005199791001484781
CentroidX: 0.3980
CentroidY: 0.5257
