Location: Sandro_Ⴎ.jpg_Mean-Medain.png
Component: component_1744750762960_541.png
centerX: 0.5735155513666352
centerY: 0.6959175887066006
width: 0.03157398680490104
height: 0.022128958412819536
Area: 0.00038530954758581905
CentroidX: 0.5907
CentroidY: 0.7060
