Location: Sandro_Ⴎ.jpg_Mean-Medain.png
Component: component_1744750762901_337.png
centerX: 0.5216776625824694
centerY: 0.4223578786722625
width: 0.024505183788878417
height: 0.016405951926745516
Area: 7.677423090020753e-05
CentroidX: 0.5353
CentroidY: 0.4301
