Location: Sandro_Ⴎ.jpg_Mean-Medain.png
Component: component_1744750762968_577.png
centerX: 0.5292177191328935
centerY: 0.732163296451736
width: 0.019792648444863337
height: 0.015261350629530714
Area: 7.353784645944936e-05
CentroidX: 0.5386
CentroidY: 0.7394
