Location: Sandro_Ⴎ.jpg_Gaussian-Median.png
Component: component_1744832837667_842.png
centerX: 0.7196041470311028
centerY: 0.8805799313239222
width: 0.029688972667295005
height: 0.025944296070202214
Area: 0.00036948722365322354
CentroidX: 0.7354
CentroidY: 0.8933
