Location: Sandro_Ⴎ.jpg_Gaussian-Median.png
Component: component_1744750762374_502.png
centerX: 0.08718190386427899
centerY: 0.6188477680274704
width: 0.036757775683317624
height: 0.022128958412819536
Area: 0.0003631942539073049
CentroidX: 0.1068
CentroidY: 0.6289
