Location: Sandro_Ⴎ.jpg_Gaussian-Median.png
Component: component_1744832837534_156.png
centerX: 0.7573044297832233
centerY: 0.2254864555513163
width: 0.02827521206409048
height: 0.02518122853872568
Area: 0.0004009520723828168
CentroidX: 0.7734
CentroidY: 0.2376
