Location: Sandro_Ⴎ.jpg_Gaussian-Median.png
Component: component_1744832837543_198.png
centerX: 0.37417530631479734
centerY: 0.29683326974437235
width: 0.032516493873704054
height: 0.027851964898893553
Area: 0.0004728717266218871
CentroidX: 0.3914
CentroidY: 0.3105
