Location: Sandro_Ⴎ.jpg_Gaussian-Closing.png
Component: component_1744750762589_181.png
centerX: 0.7860508953817154
centerY: 0.2617321632964517
width: 0.03110273327049953
height: 0.024036627241510875
Area: 0.00042001078075617045
CentroidX: 0.8019
CentroidY: 0.2737
