Location: Sandro_Ⴎ.jpg_Mean-Medain.png
Component: component_1744750762834_59.png
centerX: 0.6093308199811499
centerY: 0.0843189622281572
width: 0.036757775683317624
height: 0.024036627241510875
Area: 0.0004097622300271029
CentroidX: 0.6303
CentroidY: 0.0948
