Location: Sandro_Ⴎ.jpg_Gaussian-Median.png
Component: component_1744832837649_730.png
centerX: 0.8713477851083883
centerY: 0.784814956123617
width: 0.0235626767200754
height: 0.016787485692483783
Area: 9.475414445997509e-05
CentroidX: 0.8842
CentroidY: 0.7921
