Location: Sandro_Ⴎ.jpg_Gaussian-Closing.png
Component: component_1744750762626_346.png
centerX: 0.6149858623939679
centerY: 0.4246470812666921
width: 0.023091423185673893
height: 0.01755055322396032
Area: 9.061876434122855e-05
CentroidX: 0.6283
CentroidY: 0.4328
