Location: Sandro_Ⴎ.jpg_Mean-Medain.png
Component: component_1744750762931_430.png
centerX: 0.22573044297832234
centerY: 0.5452117512399848
width: 0.04147031102733271
height: 0.027851964898893553
Area: 0.000556118726403611
CentroidX: 0.2479
CentroidY: 0.5583
