Location: Sandro_Ⴎ.jpg_Otsu.png
Component: component_1744750761732_102.png
centerX: 0.7516493873704053
centerY: 0.1327737504769172
width: 0.034872761545711596
height: 0.019458222052651658
Area: 0.00035024871614427225
CentroidX: 0.7710
CentroidY: 0.1413
