Location: Sandro_Ⴎ.jpg_Otsu.png
Component: component_1744832837225_387.png
centerX: 0.8713477851083883
centerY: 0.4921785578023655
width: 0.03298774740810556
height: 0.019458222052651658
Area: 0.00035186690836465134
CentroidX: 0.8877
CentroidY: 0.5012
