Location: Sandro_Ⴎ.jpg_Otsu.png
Component: component_1744750761797_375.png
centerX: 0.4302544769085768
centerY: 0.4830217474246471
width: 0.027332704995287466
height: 0.024036627241510875
Area: 0.00031554748297392085
CentroidX: 0.4454
CentroidY: 0.4938
