Location: Sandro_Ⴎ.jpg_Mean-Medain.png
Component: component_1744750762919_396.png
centerX: 0.7907634307257304
centerY: 0.4910339565051507
width: 0.034872761545711596
height: 0.02479969477298741
Area: 0.00041623499890861926
CentroidX: 0.8095
CentroidY: 0.5026
