Location: Sandro_Ⴎ.jpg_Otsu.png
Component: component_1744750761734_112.png
centerX: 0.13100848256361922
centerY: 0.1587180465471194
width: 0.027803958529688973
height: 0.020984357115604733
Area: 0.0002961291763293719
CentroidX: 0.1457
CentroidY: 0.1693
