Location: Sandro_Ⴎ.jpg_Mean-Medain.png
Component: component_1744750762849_85.png
centerX: 0.12205466540999058
centerY: 0.1255246089278901
width: 0.03110273327049953
height: 0.022892025944296072
Area: 0.0004011318715184145
CentroidX: 0.1396
CentroidY: 0.1353
