Location: Sandro_Ⴎ.jpg_Gaussian-Closing.png
Component: component_1744750762588_176.png
centerX: 0.7474081055607917
centerY: 0.26058756199923694
width: 0.028746465598491987
height: 0.02518122853872568
Area: 0.0003747013985855562
CentroidX: 0.7620
CentroidY: 0.2738
