Location: easy21_Mean-Medain.png
Component: component_1744297380852_424.png
centerX: 0.7943548387096774
centerY: 0.38026819923371646
width: 0.025
height: 0.014846743295019157
Area: 0.00013016005438141144
CentroidX: 0.8083
CentroidY: 0.3872
