Location: Sandro_Ⴎ.jpg_Gaussian-Median.png
Component: component_1744832837643_680.png
centerX: 0.5028275212064091
centerY: 0.7577260587561999
width: 0.021677662582469368
height: 0.01716901945822205
Area: 8.612378595128667e-05
CentroidX: 0.5155
CentroidY: 0.7667
