Location: Sandro_Ⴎ.jpg_Otsu.png
Component: component_1744832837216_349.png
centerX: 0.4048067860508954
centerY: 0.4448683708508203
width: 0.0353440150801131
height: 0.02861503243037009
Area: 0.00047089393613031265
CentroidX: 0.4225
CentroidY: 0.4586
