Location: Sandro_Ⴎ.jpg_Mean-Medain.png
Component: component_1744750762830_51.png
centerX: 0.1281809613572102
centerY: 0.05112552460892789
width: 0.030631479736098022
height: 0.02327355971003434
Area: 0.00041371781101025176
CentroidX: 0.1440
CentroidY: 0.0618
