Location: Sandro_Ⴎ.jpg_Mean-Medain.png
Component: component_1744750762991_662.png
centerX: 0.19368520263901978
centerY: 0.8080885158336513
width: 0.025918944392082942
height: 0.01907668828691339
Area: 9.061876434122855e-05
CentroidX: 0.2085
CentroidY: 0.8168
