Location: Sandro_Ⴎ.jpg_Gaussian-Closing.png
Component: component_1744750762661_499.png
centerX: 0.7483506126295947
centerY: 0.6260969095764976
width: 0.0353440150801131
height: 0.02174742464708127
Area: 0.0003773983856195213
CentroidX: 0.7673
CentroidY: 0.6363
