Location: Sandro_Ⴎ.jpg_Gaussian-Closing.png
Component: component_1744750762593_203.png
centerX: 0.6498586239396795
centerY: 0.2987409385730637
width: 0.029688972667295005
height: 0.024036627241510875
Area: 0.0003313698069065163
CentroidX: 0.6657
CentroidY: 0.3108
