Location: Sandro_Ⴎ.jpg_Gaussian-Closing.png
Component: component_1744750762730_815.png
centerX: 0.8491988689915174
centerY: 0.9160625715375811
width: 0.03110273327049953
height: 0.024036627241510875
Area: 0.0003856691458570144
CentroidX: 0.8664
CentroidY: 0.9273
