Location: Sandro_Ⴎ.jpg_Mean-Medain.png
Component: component_1744750762926_410.png
centerX: 0.2964184731385485
centerY: 0.5093475772605875
width: 0.03345900094250707
height: 0.027470431133155285
Area: 0.0004660393594691754
CentroidX: 0.3133
CentroidY: 0.5229
