Location: Sandro_Ⴎ.jpg_Mean-Medain.png
Component: component_1744750762911_369.png
centerX: 0.7785108388312912
centerY: 0.45402518122853874
width: 0.029688972667295005
height: 0.026325829835940482
Area: 0.0004187521868069867
CentroidX: 0.7932
CentroidY: 0.4662
