Location: Sandro_Ⴎ.jpg_Otsu.png
Component: component_1744750761862_647.png
centerX: 0.2299717247879359
centerY: 0.8088515833651279
width: 0.02639019792648445
height: 0.020984357115604733
Area: 7.965101706977033e-05
CentroidX: 0.2450
CentroidY: 0.8191
