Location: Sandro_Ⴎ.jpg_Mean-Medain.png
Component: component_1744750762969_578.png
centerX: 0.767200754005655
centerY: 0.732163296451736
width: 0.027332704995287466
height: 0.016405951926745516
Area: 8.198840583254011e-05
CentroidX: 0.7824
CentroidY: 0.7400
