Location: Sandro_Ⴎ.jpg_Mean-Medain.png
Component: component_1744750762844_72.png
centerX: 0.8473138548539114
centerY: 0.08889736741701641
width: 0.029688972667295005
height: 0.022510492178557804
Area: 0.0004072450421287355
CentroidX: 0.8617
CentroidY: 0.1002
