Location: Sandro_Ⴎ.jpg_Gaussian-Closing.png
Component: component_1744750762668_536.png
centerX: 0.9241281809613572
centerY: 0.6608164822586798
width: 0.028746465598491987
height: 0.02327355971003434
Area: 0.00037344280463637243
CentroidX: 0.9383
CentroidY: 0.6718
