Location: Sandro_Ⴎ.jpg_Otsu.png
Component: component_1744832837272_642.png
centerX: 0.09754948162111216
centerY: 0.80618084700496
width: 0.025918944392082942
height: 0.01755055322396032
Area: 7.24590516458633e-05
CentroidX: 0.1115
CentroidY: 0.8142
