Location: Sandro_Ⴎ.jpg_Gaussian-Median.png
Component: component_1744750762464_783.png
centerX: 0.6550424128180962
centerY: 0.8153376573826784
width: 0.023091423185673893
height: 0.01755055322396032
Area: 8.57641876800913e-05
CentroidX: 0.6678
CentroidY: 0.8232
