Location: Sandro_Ⴎ.jpg_Mean-Medain.png
Component: component_1744750762900_334.png
centerX: 0.5546654099905749
centerY: 0.42159481114078595
width: 0.022620169651272386
height: 0.016787485692483783
Area: 7.731362830700055e-05
CentroidX: 0.5674
CentroidY: 0.4296
