Location: Sandro_Ⴎ.jpg_Mean-Medain.png
Component: component_1744750762830_49.png
centerX: 0.16823751178133836
centerY: 0.04998092331171309
width: 0.03345900094250707
height: 0.025562762304463946
Area: 0.0004277421435868705
CentroidX: 0.1863
CentroidY: 0.0624
