Location: Sandro_Ⴎ.jpg_Otsu.png
Component: component_1744750761890_766.png
centerX: 0.8157398680490103
centerY: 0.9553605494086227
width: 0.030160226201696512
height: 0.027470431133155285
Area: 0.00041227941792547037
CentroidX: 0.8317
CentroidY: 0.9687
