Location: Sandro_Ⴎ.jpg_Otsu.png
Component: component_1744832837168_174.png
centerX: 0.9029217719132894
centerY: 0.26020602823349864
width: 0.030160226201696512
height: 0.02327355971003434
Area: 0.0003887257311621749
CentroidX: 0.9181
CentroidY: 0.2718
