Location: Sandro_Ⴎ.jpg_Mean-Medain.png
Component: component_1744750762897_310.png
centerX: 0.646559849198869
centerY: 0.3948874475391072
width: 0.02120640904806786
height: 0.019458222052651658
Area: 8.88207729852518e-05
CentroidX: 0.6577
CentroidY: 0.4050
