Location: Sandro_Ⴎ.jpg_Mean-Medain.png
Component: component_1744750762966_564.png
centerX: 0.29688972667295005
centerY: 0.7272033574971385
width: 0.018378887841658812
height: 0.01907668828691339
Area: 8.702278162927504e-05
CentroidX: 0.3061
CentroidY: 0.7362
