Location: Sandro_Ⴎ.jpg_Otsu.png
Component: component_1744750761856_615.png
centerX: 0.7822808671065034
centerY: 0.7840518885921404
width: 0.01932139491046183
height: 0.019839755818389926
Area: 7.191965423907028e-05
CentroidX: 0.7930
CentroidY: 0.7945
