Location: Sandro_Ⴎ.jpg_Mean-Medain.png
Component: component_1744750762868_171.png
centerX: 0.9410933081998115
centerY: 0.25867989317054557
width: 0.026861451460885956
height: 0.020221289584128194
Area: 0.00029181399707502766
CentroidX: 0.9559
CentroidY: 0.2685
