Location: Sandro_Ⴎ.jpg_Mean-Medain.png
Component: component_1744750762993_671.png
centerX: 0.33223374175306314
centerY: 0.8130484547882487
width: 0.022620169651272386
height: 0.01755055322396032
Area: 7.983081620536801e-05
CentroidX: 0.3442
CentroidY: 0.8215
