Location: Sandro_Ⴎ.jpg_Mean-Medain.png
Component: component_1744750762866_164.png
centerX: 0.21583411875589067
centerY: 0.24380007630675316
width: 0.027803958529688973
height: 0.027470431133155285
Area: 0.00043601290382436355
CentroidX: 0.2307
CentroidY: 0.2574
