Location: Sandro_Ⴎ.jpg_Gaussian-Closing.png
Component: component_1744750762714_762.png
centerX: 0.680961357210179
centerY: 0.8443342235787867
width: 0.03345900094250707
height: 0.029378099961846624
Area: 0.0004358331046887659
CentroidX: 0.6986
CentroidY: 0.8574
