Location: Sandro_Ⴎ.jpg_Gaussian-Median.png
Component: component_1744750762335_450.png
centerX: 0.5688030160226202
centerY: 0.5543685616177032
width: 0.03581526861451461
height: 0.027470431133155285
Area: 0.0005253730742164084
CentroidX: 0.5872
CentroidY: 0.5676
