Location: Sandro_Ⴎ.jpg_Gaussian-Closing.png
Component: component_1744750762594_208.png
centerX: 0.08623939679547597
centerY: 0.30064860740175503
width: 0.017907634307257305
height: 0.015261350629530714
Area: 7.731362830700055e-05
CentroidX: 0.0956
CentroidY: 0.3080
