Location: Sandro_Ⴎ.jpg_Otsu.png
Component: component_1744832837253_548.png
centerX: 0.2360980207351555
centerY: 0.726440289965662
width: 0.02120640904806786
height: 0.018313620755436855
Area: 7.479644040863309e-05
CentroidX: 0.2464
CentroidY: 0.7353
