Location: Sandro_Ⴎ.jpg_Mean-Medain.png
Component: component_1744750762865_151.png
centerX: 0.016022620169651274
centerY: 0.2243418542541015
width: 0.03204524033930255
height: 0.022128958412819536
Area: 0.0002990059624989347
CentroidX: 0.0342
CentroidY: 0.2350
