Location: Sandro_Ⴎ.jpg_Mean-Medain.png
Component: component_1744750763011_760.png
centerX: 0.4227144203581527
centerY: 0.9202594429607021
width: 0.034872761545711596
height: 0.025562762304463946
Area: 0.0003928611112809214
CentroidX: 0.4413
CentroidY: 0.9329
