Location: Sandro_Ⴎ.jpg_Gaussian-Closing.png
Component: component_1744750762593_204.png
centerX: 0.911875589066918
centerY: 0.2987409385730637
width: 0.027803958529688973
height: 0.02518122853872568
Area: 0.00041389761014584946
CentroidX: 0.9261
CentroidY: 0.3105
