Location: Sandro_Ⴎ.jpg_Otsu.png
Component: component_1744750761846_577.png
centerX: 0.1536286522148916
centerY: 0.7512399847386494
width: 0.02544769085768143
height: 0.014498283098054178
Area: 6.634588103554234e-05
CentroidX: 0.1679
CentroidY: 0.7575
