Location: Sandro_Ⴎ.jpg_Otsu.png
Component: component_1744832837278_671.png
centerX: 0.45570216776625827
centerY: 0.8187714612743228
width: 0.02639019792648445
height: 0.01755055322396032
Area: 7.299844905265633e-05
CentroidX: 0.4695
CentroidY: 0.8270
