Location: Sandro_Ⴎ.jpg_Mean-Medain.png
Component: component_1744750762817_19.png
centerX: 0.04806786050895382
centerY: 0.01030141167493323
width: 0.03110273327049953
height: 0.022892025944296072
Area: 0.0003322688025845047
CentroidX: 0.0664
CentroidY: 0.0213
