Location: Sandro_Ⴎ.jpg_Gaussian-Closing.png
Component: component_1744750762755_851.png
centerX: 0.5852968897266729
centerY: 0.9580312857687905
width: 0.032516493873704054
height: 0.026325829835940482
Area: 0.00043385531419719146
CentroidX: 0.6030
CentroidY: 0.9706
