Location: Sandro_Ⴎ.jpg_Gaussian-Median.png
Component: component_1744750762021_9.png
centerX: 0.5122525918944392
centerY: 0.004578405188859214
width: 0.03298774740810556
height: 0.02518122853872568
Area: 0.0003408991610931931
CentroidX: 0.5286
CentroidY: 0.0173
