Location: Sandro_Ⴎ.jpg_Otsu.png
Component: component_1744750761729_90.png
centerX: 0.16776625824693686
centerY: 0.12819534528805798
width: 0.03628652214891612
height: 0.024418161007249143
Area: 0.00040275006373879354
CentroidX: 0.1874
CentroidY: 0.1395
