Location: Sandro_Ⴎ.jpg_Gaussian-Median.png
Component: component_1744832837518_89.png
centerX: 0.3953817153628652
centerY: 0.1266692102251049
width: 0.03298774740810556
height: 0.024418161007249143
Area: 0.0004255845539596984
CentroidX: 0.4125
CentroidY: 0.1383
