Location: Sandro_Ⴎ.jpg_Mean-Medain.png
Component: component_1744750763002_719.png
centerX: 0.18378887841658811
centerY: 0.8710415871804654
width: 0.03628652214891612
height: 0.02670736360167875
Area: 0.0004101218282982983
CentroidX: 0.2027
CentroidY: 0.8840
