Location: Sandro_Ⴎ.jpg_Otsu.png
Component: component_1744750761848_583.png
centerX: 0.2827521206409048
centerY: 0.7581075925219382
width: 0.022620169651272386
height: 0.01716901945822205
Area: 7.191965423907028e-05
CentroidX: 0.2952
CentroidY: 0.7658
