Location: Sandro_Ⴎ.jpg_Otsu.png
Component: component_1744750761760_221.png
centerX: 0.0235626767200754
centerY: 0.32468523464326593
width: 0.0235626767200754
height: 0.018313620755436855
Area: 6.544688535755395e-05
CentroidX: 0.0366
CentroidY: 0.3333
