Location: Sandro_Ⴎ.jpg_Mean-Medain.png
Component: component_1744750762875_200.png
centerX: 0.6498586239396795
centerY: 0.2987409385730637
width: 0.029688972667295005
height: 0.024036627241510875
Area: 0.00033496578961846984
CentroidX: 0.6658
CentroidY: 0.3108
