Location: Sandro_Ⴎ.jpg_Gaussian-Median.png
Component: component_1744832837658_779.png
centerX: 0.797832233741753
centerY: 0.8134299885539871
width: 0.0235626767200754
height: 0.017932086989698587
Area: 9.888952457872163e-05
CentroidX: 0.8116
CentroidY: 0.8216
