Location: Sandro_Ⴎ.jpg_Gaussian-Median.png
Component: component_1744832837630_592.png
centerX: 0.9472196041470311
centerY: 0.6974437237695537
width: 0.028746465598491987
height: 0.022892025944296072
Area: 0.0004061662473151494
CentroidX: 0.9614
CentroidY: 0.7087
