Location: Sandro_Ⴎ.jpg_Gaussian-Median.png
Component: component_1744750762247_340.png
centerX: 0.7125353440150801
centerY: 0.423120946203739
width: 0.024505183788878417
height: 0.017932086989698587
Area: 8.720258076487271e-05
CentroidX: 0.7258
CentroidY: 0.4321
