Location: Sandro_Ⴎ.jpg_Gaussian-Closing.png
Component: component_1744750762559_71.png
centerX: 0.8081998114985862
centerY: 0.08775276611980161
width: 0.030160226201696512
height: 0.01907668828691339
Area: 0.000304399936566865
CentroidX: 0.8239
CentroidY: 0.0967
