Location: Sandro_Ⴎ.jpg_Mean-Medain.png
Component: component_1744750762851_88.png
centerX: 0.21253534401508012
centerY: 0.12857687905379625
width: 0.03440150801131008
height: 0.02479969477298741
Area: 0.0004291805366716519
CentroidX: 0.2301
CentroidY: 0.1404
