Location: Sandro_Ⴎ.jpg_Mean-Medain.png
Component: component_1744750762949_497.png
centerX: 0.9081055607917059
centerY: 0.6280045784051889
width: 0.029217719132893498
height: 0.022892025944296072
Area: 0.0003788367787043027
CentroidX: 0.9231
CentroidY: 0.6387
