Location: Sandro_Ⴎ.jpg_Gaussian-Median.png
Component: component_1744750762230_284.png
centerX: 0.27426955702167766
centerY: 0.37428462418924074
width: 0.022620169651272386
height: 0.016787485692483783
Area: 8.57641876800913e-05
CentroidX: 0.2869
CentroidY: 0.3820
