Location: Sandro_Ⴎ.jpg_Mean-Medain.png
Component: component_1744750762990_660.png
centerX: 0.9486333647502356
centerY: 0.8069439145364364
width: 0.020263901979264844
height: 0.020984357115604733
Area: 0.00010302490469746818
CentroidX: 0.9598
CentroidY: 0.8172
