Location: Sandro_Ⴎ.jpg_Mean-Medain.png
Component: component_1744750762982_628.png
centerX: 0.1885014137606032
centerY: 0.7798550171690195
width: 0.022148916116870875
height: 0.016787485692483783
Area: 8.828137557845877e-05
CentroidX: 0.2013
CentroidY: 0.7880
