Location: Sandro_Ⴎ.jpg_Otsu.png
Component: component_1744832837278_674.png
centerX: 0.09754948162111216
centerY: 0.8344143456695917
width: 0.03298774740810556
height: 0.025562762304463946
Area: 0.0003916025173317377
CentroidX: 0.1146
CentroidY: 0.8469
