Location: Sandro_Ⴎ.jpg_Gaussian-Closing.png
Component: component_1744750762650_457.png
centerX: 0.17860508953817153
centerY: 0.5860358641739793
width: 0.029217719132893498
height: 0.024418161007249143
Area: 0.0003788367787043027
CentroidX: 0.1932
CentroidY: 0.5981
