Location: Sandro_Ⴎ.jpg_Gaussian-Median.png
Component: component_1744750762483_880.png
centerX: 0.6592836946277097
centerY: 0.9214040442579168
width: 0.029217719132893498
height: 0.02518122853872568
Area: 0.00037991557351788876
CentroidX: 0.6757
CentroidY: 0.9331
