Location: Sandro_Ⴎ.jpg_Mean-Medain.png
Component: component_1744750762979_618.png
centerX: 0.9033930254476908
centerY: 0.759252193819153
width: 0.01885014137606032
height: 0.01716901945822205
Area: 8.720258076487271e-05
CentroidX: 0.9135
CentroidY: 0.7675
