Location: Sandro_Ⴎ.jpg_Gaussian-Median.png
Component: component_1744832837578_325.png
centerX: 0.37983034872761545
centerY: 0.4143456695917589
width: 0.023091423185673893
height: 0.020984357115604733
Area: 0.00010734008395181239
CentroidX: 0.3923
CentroidY: 0.4239
