Location: Sandro_Ⴎ.jpg_Gaussian-Closing.png
Component: component_1744750762665_526.png
centerX: 0.8845428840716305
centerY: 0.658145745898512
width: 0.02827521206409048
height: 0.020984357115604733
Area: 0.0002865998221426951
CentroidX: 0.9014
CentroidY: 0.6690
