Location: Sandro_Ⴎ.jpg_Mean-Medain.png
Component: component_1744750762985_642.png
centerX: 0.55937794533459
centerY: 0.78634109118657
width: 0.030160226201696512
height: 0.020221289584128194
Area: 0.00010014811852790536
CentroidX: 0.5758
CentroidY: 0.7961
