Location: Sandro_Ⴎ.jpg_Gaussian-Closing.png
Component: component_1744750762627_349.png
centerX: 0.12158341187558906
centerY: 0.4257916825639069
width: 0.03345900094250707
height: 0.027851964898893553
Area: 0.00047017473958792195
CentroidX: 0.1392
CentroidY: 0.4393
