Location: Sandro_Ⴎ.jpg_Mean-Medain.png
Component: component_1744750763007_739.png
centerX: 0.6819038642789821
centerY: 0.8851583365127814
width: 0.030631479736098022
height: 0.02518122853872568
Area: 0.0003887257311621749
CentroidX: 0.6973
CentroidY: 0.8971
