Location: Sandro_Ⴎ.jpg_Mean-Medain.png
Component: component_1744750762950_503.png
centerX: 0.04806786050895382
centerY: 0.6489889355207936
width: 0.03770028275212064
height: 0.021365890881343
Area: 0.00036121646341573046
CentroidX: 0.0688
CentroidY: 0.6590
