Location: Sandro_Ⴎ.jpg_Mean-Medain.png
Component: component_1744750762874_196.png
centerX: 0.37417530631479734
centerY: 0.29683326974437235
width: 0.032516493873704054
height: 0.02823349866463182
Area: 0.00048330007648655226
CentroidX: 0.3915
CentroidY: 0.3105
