Location: Sandro_Ⴎ.jpg_Mean-Medain.png
Component: component_1744750763018_791.png
centerX: 0.702167766258247
centerY: 0.9580312857687905
width: 0.027803958529688973
height: 0.022128958412819536
Area: 0.00033119000777091865
CentroidX: 0.7175
CentroidY: 0.9686
