Location: Sandro_Ⴎ.jpg_Mean-Medain.png
Component: component_1744750763014_774.png
centerX: 0.38595664467483504
centerY: 0.9484929416253338
width: 0.0353440150801131
height: 0.028996566196108357
Area: 0.00048779505487649415
CentroidX: 0.4044
CentroidY: 0.9625
