Location: Sandro_Ⴎ.jpg_Gaussian-Closing.png
Component: component_1744750762597_230.png
centerX: 0.08529688972667294
centerY: 0.32926363983212514
width: 0.01932139491046183
height: 0.019458222052651658
Area: 9.421474705318207e-05
CentroidX: 0.0956
CentroidY: 0.3389
