Location: Sandro_Ⴎ.jpg_Mean-Medain.png
Component: component_1744750763006_733.png
centerX: 0.8963242224316682
centerY: 0.8824876001526135
width: 0.028746465598491987
height: 0.022892025944296072
Area: 0.0003230990466690232
CentroidX: 0.9119
CentroidY: 0.8929
