Location: Sandro_Ⴎ.jpg_Gaussian-Median.png
Component: component_1744750762443_683.png
centerX: 0.6828463713477851
centerY: 0.7577260587561999
width: 0.02403393025447691
height: 0.016024418161007248
Area: 7.641463262901217e-05
CentroidX: 0.6971
CentroidY: 0.7661
