Location: Sandro_Ⴎ.jpg_Mean-Medain.png
Component: component_1744750762881_235.png
centerX: 0.7568331762488218
centerY: 0.33422357878672265
width: 0.02544769085768143
height: 0.018313620755436855
Area: 9.655213581595185e-05
CentroidX: 0.7699
CentroidY: 0.3428
