Location: Sandro_Ⴎ.jpg_Otsu.png
Component: component_1744832837283_705.png
centerX: 0.2681432610744581
centerY: 0.8748569248378482
width: 0.032516493873704054
height: 0.02518122853872568
Area: 0.0003678690314328445
CentroidX: 0.2848
CentroidY: 0.8872
