Location: Sandro_Ⴎ.jpg_Gaussian-Median.png
Component: component_1744750762399_570.png
centerX: 0.046182846371347785
centerY: 0.6844715757344525
width: 0.03722902921771913
height: 0.025562762304463946
Area: 0.00040436825595917264
CentroidX: 0.0671
CentroidY: 0.6972
