Location: Sandro_Ⴎ.jpg_Otsu.png
Component: component_1744750761736_121.png
centerX: 0.49858623939679547
centerY: 0.17779473483403282
width: 0.034872761545711596
height: 0.021365890881343
Area: 0.00034737192997470946
CentroidX: 0.5183
CentroidY: 0.1877
