Location: Sandro_Ⴎ.jpg_Gaussian-Closing.png
Component: component_1744750762746_843.png
centerX: 0.8539114043355325
centerY: 0.9545974818771461
width: 0.03157398680490104
height: 0.02518122853872568
Area: 0.0004095824308915052
CentroidX: 0.8713
CentroidY: 0.9658
