Location: Sandro_Ⴎ.jpg_Otsu.png
Component: component_1744750761725_67.png
centerX: 0.9241281809613572
centerY: 0.08622663105684854
width: 0.034872761545711596
height: 0.01907668828691339
Area: 0.0003639134504496956
CentroidX: 0.9443
CentroidY: 0.0941
