Location: Sandro_Ⴎ.jpg_Gaussian-Median.png
Component: component_1744832837660_792.png
centerX: 0.49010367577756836
centerY: 0.8206791301030141
width: 0.0235626767200754
height: 0.018313620755436855
Area: 9.007936693443553e-05
CentroidX: 0.5018
CentroidY: 0.8295
