Location: Sandro_Ⴎ.jpg_Mean-Medain.png
Component: component_1744750762876_207.png
centerX: 0.5235626767200754
centerY: 0.3010301411674933
width: 0.032516493873704054
height: 0.02174742464708127
Area: 0.00040275006373879354
CentroidX: 0.5418
CentroidY: 0.3106
