Location: Sandro_Ⴎ.jpg_Gaussian-Median.png
Component: component_1744832837569_303.png
centerX: 0.09519321394910461
centerY: 0.39374284624189243
width: 0.024505183788878417
height: 0.016787485692483783
Area: 9.727133235834256e-05
CentroidX: 0.1094
CentroidY: 0.4009
