Location: Sandro_Ⴎ.jpg_Mean-Medain.png
Component: component_1744750762940_452.png
centerX: 0.13242224316682374
centerY: 0.5871804654711942
width: 0.03581526861451461
height: 0.022510492178557804
Area: 0.0003833317570942446
CentroidX: 0.1518
CentroidY: 0.5977
