Location: Sandro_Ⴎ.jpg_Gaussian-Median.png
Component: component_1744832837577_323.png
centerX: 0.3477851083883129
centerY: 0.4105303319343762
width: 0.022620169651272386
height: 0.022128958412819536
Area: 0.0001066208874094217
CentroidX: 0.3593
CentroidY: 0.4212
