Location: Sandro_Ⴎ.jpg_Otsu.png
Component: component_1744832837252_545.png
centerX: 0.16682375117813383
centerY: 0.7226249523082793
width: 0.026861451460885956
height: 0.018313620755436855
Area: 7.62348334934145e-05
CentroidX: 0.1819
CentroidY: 0.7313
