Location: Sandro_Ⴎ.jpg_Gaussian-Median.png
Component: component_1744832837534_158.png
centerX: 0.8430725730442978
centerY: 0.22586798931705457
width: 0.02544769085768143
height: 0.02327355971003434
Area: 0.000365351843534477
CentroidX: 0.8560
CentroidY: 0.2363
