Location: Sandro_Ⴎ.jpg_Gaussian-Median.png
Component: component_1744832837529_142.png
centerX: 0.3063147973609802
centerY: 0.20869896985883252
width: 0.029688972667295005
height: 0.02518122853872568
Area: 0.0004133582127390564
CentroidX: 0.3220
CentroidY: 0.2210
