Location: Sandro_Ⴎ.jpg_Gaussian-Median.png
Component: component_1744832837583_342.png
centerX: 0.030160226201696512
centerY: 0.4235024799694773
width: 0.036757775683317624
height: 0.023655093475772607
Area: 0.00038441055190783065
CentroidX: 0.0503
CentroidY: 0.4347
