Location: Sandro_Ⴎ.jpg_Mean-Medain.png
Component: component_1744750762960_540.png
centerX: 0.5320452403393026
centerY: 0.6962991224723388
width: 0.03345900094250707
height: 0.02327355971003434
Area: 0.00040580664904395404
CentroidX: 0.5497
CentroidY: 0.7079
