Location: Sandro_Ⴎ.jpg_Mean-Medain.png
Component: component_1744750762935_448.png
centerX: 0.8510838831291234
centerY: 0.557039297977871
width: 0.03110273327049953
height: 0.024036627241510875
Area: 0.00041461680668824016
CentroidX: 0.8667
CentroidY: 0.5679
