Location: Sandro_Ⴎ.jpg_Gaussian-Closing.png
Component: component_1744750762563_82.png
centerX: 0.2888784165881244
centerY: 0.09690957649752004
width: 0.032516493873704054
height: 0.01755055322396032
Area: 0.00028390283510872994
CentroidX: 0.3068
CentroidY: 0.1043
