Location: Sandro_Ⴎ.jpg_Gaussian-Median.png
Component: component_1744750762332_445.png
centerX: 0.41470311027332707
centerY: 0.5471194200686761
width: 0.03958529688972667
height: 0.02823349866463182
Area: 0.0005293286551995573
CentroidX: 0.4339
CentroidY: 0.5616
