Location: Sandro_Ⴎ.jpg_Mean-Medain.png
Component: component_1744750762875_198.png
centerX: 0.05513666352497644
centerY: 0.2975963372758489
width: 0.022620169651272386
height: 0.014879816863792446
Area: 7.353784645944936e-05
CentroidX: 0.0679
CentroidY: 0.3045
