Location: Sandro_Ⴎ.jpg_Gaussian-Median.png
Component: component_1744832837652_742.png
centerX: 0.6569274269557022
centerY: 0.7867226249523083
width: 0.023091423185673893
height: 0.019458222052651658
Area: 9.457434532437742e-05
CentroidX: 0.6696
CentroidY: 0.7964
