Location: Sandro_Ⴎ.jpg_Otsu.png
Component: component_1744832837150_97.png
centerX: 0.6658812441093308
centerY: 0.13124761541396412
width: 0.0353440150801131
height: 0.026325829835940482
Area: 0.00041929158421377975
CentroidX: 0.6851
CentroidY: 0.1442
