Location: Sandro_Ⴎ.jpg_Gaussian-Closing.png
Component: component_1744750762661_497.png
centerX: 0.45570216776625827
centerY: 0.6249523082792827
width: 0.033930254476908575
height: 0.024418161007249143
Area: 0.00040832383694232153
CentroidX: 0.4743
CentroidY: 0.6364
