Location: Sandro_Ⴎ.jpg_Gaussian-Median.png
Component: component_1744832837533_154.png
centerX: 0.016022620169651274
centerY: 0.22396032048836323
width: 0.032516493873704054
height: 0.022892025944296072
Area: 0.00034881032305949085
CentroidX: 0.0341
CentroidY: 0.2349
