Location: Sandro_Ⴎ.jpg_Gaussian-Median.png
Component: component_1744832837562_273.png
centerX: 0.7200754005655042
centerY: 0.3677985501716902
width: 0.024976437323279924
height: 0.016405951926745516
Area: 8.378639718851687e-05
CentroidX: 0.7349
CentroidY: 0.3762
