Location: Sandro_Ⴎ.jpg_Gaussian-Median.png
Component: component_1744832837560_268.png
centerX: 0.17153628652214892
centerY: 0.3670354826402137
width: 0.029217719132893498
height: 0.01564288439526898
Area: 9.61925375447565e-05
CentroidX: 0.1872
CentroidY: 0.3744
