Location: Sandro_Ⴎ.jpg_Gaussian-Closing.png
Component: component_1744750762615_300.png
centerX: 0.9123468426013195
centerY: 0.3914536436474628
width: 0.019792648444863337
height: 0.016787485692483783
Area: 9.259655483280298e-05
CentroidX: 0.9213
CentroidY: 0.4000
