Location: Sandro_Ⴎ.jpg_Otsu.png
Component: component_1744750761875_706.png
centerX: 0.30348727615457116
centerY: 0.8779091949637543
width: 0.03770028275212064
height: 0.02518122853872568
Area: 0.0004106612257050913
CentroidX: 0.3222
CentroidY: 0.8902
