Location: Sandro_Ⴎ.jpg_Otsu.png
Component: component_1744750761713_33.png
centerX: 0.5292177191328935
centerY: 0.043876383059900805
width: 0.02403393025447691
height: 0.016405951926745516
Area: 0.00019274467336070835
CentroidX: 0.5413
CentroidY: 0.0518
