Location: Sandro_Ⴎ.jpg_Gaussian-Closing.png
Component: component_1744750762744_841.png
centerX: 0.4293119698397738
centerY: 0.9542159481114079
width: 0.030160226201696512
height: 0.025562762304463946
Area: 0.0004264835496376868
CentroidX: 0.4452
CentroidY: 0.9666
