Location: Sandro_Ⴎ.jpg_Gaussian-Closing.png
Component: component_1744750762663_506.png
centerX: 0.8341187558906692
centerY: 0.6272415108737123
width: 0.029217719132893498
height: 0.02174742464708127
Area: 0.0003524063057714444
CentroidX: 0.8496
CentroidY: 0.6375
