Location: Sandro_Ⴎ.jpg_Gaussian-Closing.png
Component: component_1744750762689_646.png
centerX: 0.6564561734213007
centerY: 0.7577260587561999
width: 0.021677662582469368
height: 0.016787485692483783
Area: 7.983081620536801e-05
CentroidX: 0.6680
CentroidY: 0.7660
