Location: Sandro_Ⴎ.jpg_Gaussian-Median.png
Component: component_1744832837652_746.png
centerX: 0.35532516493873706
centerY: 0.7886302937809996
width: 0.024976437323279924
height: 0.019839755818389926
Area: 9.529354186676813e-05
CentroidX: 0.3694
CentroidY: 0.7977
