Location: Sandro_Ⴎ.jpg_Gaussian-Closing.png
Component: component_1744750762684_622.png
centerX: 0.91564561734213
centerY: 0.7329263639832125
width: 0.019792648444863337
height: 0.016787485692483783
Area: 9.007936693443553e-05
CentroidX: 0.9267
CentroidY: 0.7408
