Location: Sandro_Ⴎ.jpg_Otsu.png
Component: component_1744750761834_522.png
centerX: 0.31432610744580586
centerY: 0.6943914536436475
width: 0.03110273327049953
height: 0.024418161007249143
Area: 0.0003948389017724958
CentroidX: 0.3310
CentroidY: 0.7063
