Location: Sandro_Ⴎ.jpg_Gaussian-Closing.png
Component: component_1744750762715_767.png
centerX: 0.43826578699340246
centerY: 0.844715757344525
width: 0.03345900094250707
height: 0.03014116749332316
Area: 0.00047341112402868015
CentroidX: 0.4554
CentroidY: 0.8591
