Location: Sandro_Ⴎ.jpg_Mean-Medain.png
Component: component_1744750762910_363.png
centerX: 0.5315739868049011
centerY: 0.45020984357115607
width: 0.0353440150801131
height: 0.029378099961846624
Area: 0.0005271710655723852
CentroidX: 0.5481
CentroidY: 0.4643
