Location: Sandro_Ⴎ.jpg_Gaussian-Median.png
Component: component_1744750762192_199.png
centerX: 0.024976437323279924
centerY: 0.2979778710415872
width: 0.021677662582469368
height: 0.01259061426936284
Area: 6.0052911289623684e-05
CentroidX: 0.0376
CentroidY: 0.3034
