Location: Sandro_Ⴎ.jpg_Gaussian-Median.png
Component: component_1744750762478_849.png
centerX: 0.4236569274269557
centerY: 0.8828691339183518
width: 0.03298774740810556
height: 0.02823349866463182
Area: 0.0004270229470444798
CentroidX: 0.4411
CentroidY: 0.8970
