Location: Sandro_Ⴎ.jpg_Otsu.png
Component: component_1744832837213_336.png
centerX: 0.8322337417530632
centerY: 0.42388401373521556
width: 0.022620169651272386
height: 0.01716901945822205
Area: 6.778427412032374e-05
CentroidX: 0.8457
CentroidY: 0.4315
