Location: Sandro_Ⴎ.jpg_Otsu.png
Component: component_1744750761806_403.png
centerX: 0.5636192271442035
centerY: 0.520030522701259
width: 0.032516493873704054
height: 0.029759633727584892
Area: 0.0004964254133851826
CentroidX: 0.5798
CentroidY: 0.5345
