Location: Sandro_Ⴎ.jpg_Gaussian-Median.png
Component: component_1744832837653_747.png
centerX: 0.4255419415645617
centerY: 0.7901564288439527
width: 0.025918944392082942
height: 0.016787485692483783
Area: 8.774197817166574e-05
CentroidX: 0.4409
CentroidY: 0.7980
