Location: Sandro_Ⴎ.jpg_Mean-Medain.png
Component: component_1744750762942_463.png
centerX: 0.7285579641847314
centerY: 0.5898512018313621
width: 0.034872761545711596
height: 0.022510492178557804
Area: 0.00036067706600893747
CentroidX: 0.7473
CentroidY: 0.6012
