Location: Sandro_Ⴎ.jpg_Mean-Medain.png
Component: component_1744750762947_488.png
centerX: 0.5372290292177191
centerY: 0.6249523082792827
width: 0.034872761545711596
height: 0.024036627241510875
Area: 0.00038207316314506086
CentroidX: 0.5558
CentroidY: 0.6363
