Location: Sandro_Ⴎ.jpg_Otsu.png
Component: component_1744832837289_737.png
centerX: 0.8105560791705938
centerY: 0.9160625715375811
width: 0.029688972667295005
height: 0.02670736360167875
Area: 0.0004094026317559076
CentroidX: 0.8267
CentroidY: 0.9289
