Location: Sandro_Ⴎ.jpg_Mean-Medain.png
Component: component_1744750762934_444.png
centerX: 0.9363807728557965
centerY: 0.5551316291491797
width: 0.024505183788878417
height: 0.01755055322396032
Area: 0.00015732424364796625
CentroidX: 0.9491
CentroidY: 0.5637
