Location: Sandro_Ⴎ.jpg_Mean-Medain.png
Component: component_1744750762956_519.png
centerX: 0.9241281809613572
centerY: 0.6608164822586798
width: 0.028746465598491987
height: 0.02327355971003434
Area: 0.0003770387873483259
CentroidX: 0.9384
CentroidY: 0.6718
