Location: Sandro_Ⴎ.jpg_Otsu.png
Component: component_1744750761752_197.png
centerX: 0.024976437323279924
centerY: 0.2979778710415872
width: 0.02120640904806786
height: 0.012209080503624571
Area: 4.9624561424958496e-05
CentroidX: 0.0366
CentroidY: 0.3031
