Location: Sandro_Ⴎ.jpg_Otsu.png
Component: component_1744832837251_533.png
centerX: 0.6870876531573987
centerY: 0.6978252575352919
width: 0.03110273327049953
height: 0.024036627241510875
Area: 0.0003655316426700747
CentroidX: 0.7032
CentroidY: 0.7082
