Location: Sandro_Ⴎ.jpg_Mean-Medain.png
Component: component_1744750763009_746.png
centerX: 0.06079170593779453
centerY: 0.908813429988554
width: 0.034872761545711596
height: 0.02060282334986646
Area: 0.0003128504959399557
CentroidX: 0.0805
CentroidY: 0.9183
