Location: Sandro_Ⴎ.jpg_Gaussian-Closing.png
Component: component_1744750762690_655.png
centerX: 0.3473138548539114
centerY: 0.759252193819153
width: 0.022148916116870875
height: 0.016405951926745516
Area: 8.001061534096568e-05
CentroidX: 0.3594
CentroidY: 0.7673
