Location: Sandro_Ⴎ.jpg_Mean-Medain.png
Component: component_1744750762866_158.png
centerX: 0.10037700282752121
centerY: 0.2289202594429607
width: 0.03298774740810556
height: 0.029378099961846624
Area: 0.0004683767482319452
CentroidX: 0.1168
CentroidY: 0.2437
