Location: Sandro_Ⴎ.jpg_Gaussian-Median.png
Component: component_1744832837508_46.png
centerX: 0.679076343072573
centerY: 0.04692865318580695
width: 0.02827521206409048
height: 0.02174742464708127
Area: 0.00029253319361741836
CentroidX: 0.6934
CentroidY: 0.0577
