Location: Sandro_Ⴎ.jpg_Otsu.png
Component: component_1744832837133_27.png
centerX: 0.4354382657869934
centerY: 0.011827546737886304
width: 0.030631479736098022
height: 0.024036627241510875
Area: 0.0003423375541779745
CentroidX: 0.4490
CentroidY: 0.0228
