Location: Sandro_Ⴎ.jpg_Mean-Medain.png
Component: component_1744750762848_83.png
centerX: 0.044769085768143264
centerY: 0.11713086608164823
width: 0.03110273327049953
height: 0.020984357115604733
Area: 0.00035474369453421413
CentroidX: 0.0620
CentroidY: 0.1267
