Location: Sandro_Ⴎ.jpg_Mean-Medain.png
Component: component_1744750762854_100.png
centerX: 0.7035815268614515
centerY: 0.1327737504769172
width: 0.03628652214891612
height: 0.025562762304463946
Area: 0.0004766475084694383
CentroidX: 0.7230
CentroidY: 0.1448
