Location: Sandro_Ⴎ.jpg_Otsu.png
Component: component_1744750761774_292.png
centerX: 0.06597549481621112
centerY: 0.39221671117893936
width: 0.021677662582469368
height: 0.016787485692483783
Area: 6.778427412032374e-05
CentroidX: 0.0787
CentroidY: 0.4003
