Location: Sandro_Ⴎ.jpg_Gaussian-Closing.png
Component: component_1744750762595_213.png
centerX: 0.7667295004712535
centerY: 0.30064860740175503
width: 0.03157398680490104
height: 0.024036627241510875
Area: 0.0003671498348904538
CentroidX: 0.7839
CentroidY: 0.3124
