Location: Sandro_Ⴎ.jpg_Mean-Medain.png
Component: component_1744750762810_4.png
centerX: 0.9151743638077285
centerY: 0.0
width: 0.03110273327049953
height: 0.02479969477298741
Area: 0.0004110208239762867
CentroidX: 0.9321
CentroidY: 0.0119
