Location: Sandro_Ⴎ.jpg_Mean-Medain.png
Component: component_1744750762883_247.png
centerX: 0.41564561734213007
centerY: 0.3391835177413201
width: 0.02403393025447691
height: 0.01755055322396032
Area: 8.989956779883786e-05
CentroidX: 0.4281
CentroidY: 0.3473
