Location: Sandro_Ⴎ.jpg_Otsu.png
Component: component_1744750761778_318.png
centerX: 0.37983034872761545
centerY: 0.4143456695917589
width: 0.022620169651272386
height: 0.020984357115604733
Area: 8.558438854449363e-05
CentroidX: 0.3921
CentroidY: 0.4241
