Location: Sandro_Ⴎ.jpg_Gaussian-Closing.png
Component: component_1744750762713_761.png
centerX: 0.9203581526861452
centerY: 0.8435711560473101
width: 0.026861451460885956
height: 0.02861503243037009
Area: 0.00043529370728197285
CentroidX: 0.9335
CentroidY: 0.8570
