Location: Sandro_Ⴎ.jpg_Otsu.png
Component: component_1744832837167_168.png
centerX: 0.37558906691800187
centerY: 0.25448302174742465
width: 0.03110273327049953
height: 0.025944296070202214
Area: 0.000411919819654275
CentroidX: 0.3901
CentroidY: 0.2677
