Location: Sandro_Ⴎ.jpg_Mean-Medain.png
Component: component_1744750762891_281.png
centerX: 0.5871819038642789
centerY: 0.36856161770316676
width: 0.024976437323279924
height: 0.012972148035101107
Area: 7.785302571379358e-05
CentroidX: 0.6018
CentroidY: 0.3743
