Location: Sandro_Ⴎ.jpg_Gaussian-Median.png
Component: component_1744832837634_628.png
centerX: 0.6503298774740811
centerY: 0.7298740938573064
width: 0.02544769085768143
height: 0.016024418161007248
Area: 8.001061534096568e-05
CentroidX: 0.6642
CentroidY: 0.7380
