Location: Sandro_Ⴎ.jpg_Mean-Medain.png
Component: component_1744750762843_71.png
centerX: 0.12629594721960416
centerY: 0.08889736741701641
width: 0.03345900094250707
height: 0.02479969477298741
Area: 0.00036139626255132817
CentroidX: 0.1442
CentroidY: 0.1004
