Location: Sandro_Ⴎ.jpg_Gaussian-Median.png
Component: component_1744832837630_589.png
centerX: 0.913760603204524
centerY: 0.6966806562380771
width: 0.029217719132893498
height: 0.024418161007249143
Area: 0.000390883320789347
CentroidX: 0.9283
CentroidY: 0.7081
