Location: Sandro_Ⴎ.jpg_Otsu.png
Component: component_1744832837176_212.png
centerX: 0.44910461828463716
centerY: 0.3025562762304464
width: 0.02827521206409048
height: 0.024418161007249143
Area: 0.0003685882279752352
CentroidX: 0.4638
CentroidY: 0.3154
