Location: Sandro_Ⴎ.jpg_Gaussian-Median.png
Component: component_1744832837571_311.png
centerX: 0.855325164938737
centerY: 0.3952689813048455
width: 0.020735155513666354
height: 0.015261350629530714
Area: 8.630358508688434e-05
CentroidX: 0.8662
CentroidY: 0.4021
