Location: Sandro_Ⴎ.jpg_Gaussian-Closing.png
Component: component_1744750762622_322.png
centerX: 0.24599434495758718
centerY: 0.4055703929797787
width: 0.020263901979264844
height: 0.019839755818389926
Area: 9.996831939230769e-05
CentroidX: 0.2570
CentroidY: 0.4147
