Location: Sandro_Ⴎ.jpg_Gaussian-Median.png
Component: component_1744750762443_682.png
centerX: 0.6559849198868991
centerY: 0.7577260587561999
width: 0.022148916116870875
height: 0.016787485692483783
Area: 8.001061534096568e-05
CentroidX: 0.6680
CentroidY: 0.7660
