Location: Sandro_Ⴎ.jpg_Gaussian-Median.png
Component: component_1744750762176_145.png
centerX: 0.556550424128181
centerY: 0.21556657764212134
width: 0.03345900094250707
height: 0.025944296070202214
Area: 0.00046136458194363583
CentroidX: 0.5738
CentroidY: 0.2287
