Location: Sandro_Ⴎ.jpg_Gaussian-Closing.png
Component: component_1744750762530_6.png
centerX: 0.8383600377002828
centerY: 0.0007630675314765357
width: 0.030160226201696512
height: 0.022510492178557804
Area: 0.00034359614812715827
CentroidX: 0.8543
CentroidY: 0.0120
