Location: Sandro_Ⴎ.jpg_Otsu.png
Component: component_1744832837203_320.png
centerX: 0.44957587181903863
centerY: 0.41930560854635635
width: 0.024976437323279924
height: 0.016787485692483783
Area: 7.605503435781682e-05
CentroidX: 0.4635
CentroidY: 0.4268
