Location: Sandro_Ⴎ.jpg_Otsu.png
Component: component_1744832837228_405.png
centerX: 0.7851083883129123
centerY: 0.5215566577642121
width: 0.03157398680490104
height: 0.025944296070202214
Area: 0.00045992618885885443
CentroidX: 0.8009
CentroidY: 0.5343
