Location: Sandro_Ⴎ.jpg_Otsu.png
Component: component_1744832837264_598.png
centerX: 0.8110273327049953
centerY: 0.7596337275848912
width: 0.01885014137606032
height: 0.017932086989698587
Area: 6.652568017114001e-05
CentroidX: 0.8217
CentroidY: 0.7682
