Location: Sandro_Ⴎ.jpg_Mean-Medain.png
Component: component_1744750762845_75.png
centerX: 0.16682375117813383
centerY: 0.09080503624570775
width: 0.03345900094250707
height: 0.022510492178557804
Area: 0.0003892651285689679
CentroidX: 0.1859
CentroidY: 0.1005
