Location: Sandro_Ⴎ.jpg_Gaussian-Closing.png
Component: component_1744750762751_850.png
centerX: 0.5527803958529689
centerY: 0.9580312857687905
width: 0.029688972667295005
height: 0.023655093475772607
Area: 0.00037991557351788876
CentroidX: 0.5684
CentroidY: 0.9689
