Location: Sandro_Ⴎ.jpg_Mean-Medain.png
Component: component_1744750762911_367.png
centerX: 0.6055607917059378
centerY: 0.454406714994277
width: 0.030160226201696512
height: 0.026325829835940482
Area: 0.0004552514113333149
CentroidX: 0.6197
CentroidY: 0.4671
