Location: Sandro_Ⴎ.jpg_Otsu.png
Component: component_1744832837219_367.png
centerX: 0.07398680490103676
centerY: 0.4662342617321633
width: 0.03440150801131008
height: 0.028996566196108357
Area: 0.0004676575516895545
CentroidX: 0.0920
CentroidY: 0.4799
