Location: Sandro_Ⴎ.jpg_Otsu.png
Component: component_1744750761743_147.png
centerX: 0.6376060320452404
centerY: 0.21747424647081268
width: 0.030160226201696512
height: 0.022892025944296072
Area: 0.00035492349366981183
CentroidX: 0.6534
CentroidY: 0.2289
