Location: Sandro_Ⴎ.jpg_Otsu.png
Component: component_1744832837217_356.png
centerX: 0.6060320452403393
centerY: 0.454406714994277
width: 0.029688972667295005
height: 0.026325829835940482
Area: 0.00043097852802762867
CentroidX: 0.6198
CentroidY: 0.4672
