Location: Sandro_Ⴎ.jpg_Mean-Medain.png
Component: component_1744750762933_440.png
centerX: 0.5688030160226202
centerY: 0.5543685616177032
width: 0.03581526861451461
height: 0.027470431133155285
Area: 0.000530047851741948
CentroidX: 0.5872
CentroidY: 0.5676
