Location: Sandro_Ⴎ.jpg_Gaussian-Median.png
Component: component_1744832837500_12.png
centerX: 0.6852026390197926
centerY: 0.0064860740175505536
width: 0.030631479736098022
height: 0.021365890881343
Area: 0.000344854742076342
CentroidX: 0.7048
CentroidY: 0.0157
