Location: Sandro_Ⴎ.jpg_Mean-Medain.png
Component: component_1744750762853_98.png
centerX: 0.7516493873704053
centerY: 0.13239221671117893
width: 0.0353440150801131
height: 0.020221289584128194
Area: 0.00039106311992494463
CentroidX: 0.7710
CentroidY: 0.1413
