Location: Sandro_Ⴎ.jpg_Otsu.png
Component: component_1744750761749_181.png
centerX: 0.8614514608859567
centerY: 0.2617321632964517
width: 0.03345900094250707
height: 0.02060282334986646
Area: 0.00033172940517771165
CentroidX: 0.8794
CentroidY: 0.2722
