Location: Sandro_Ⴎ.jpg_Gaussian-Closing.png
Component: component_1744750762616_302.png
centerX: 0.9373232799245994
centerY: 0.39221671117893936
width: 0.021677662582469368
height: 0.016024418161007248
Area: 9.69117340871472e-05
CentroidX: 0.9489
CentroidY: 0.3997
