Location: Sandro_Ⴎ.jpg_Otsu.png
Component: component_1744832837271_635.png
centerX: 0.525918944392083
centerY: 0.7897748950782144
width: 0.021677662582469368
height: 0.018695154521175122
Area: 7.10206585610819e-05
CentroidX: 0.5377
CentroidY: 0.7991
