Location: Sandro_Ⴎ.jpg_Otsu.png
Component: component_1744832837179_227.png
centerX: 0.6041470311027333
centerY: 0.3346051125524609
width: 0.023091423185673893
height: 0.019839755818389926
Area: 6.796407325592142e-05
CentroidX: 0.6176
CentroidY: 0.3445
