Location: Sandro_Ⴎ.jpg_Gaussian-Closing.png
Component: component_1744750762632_377.png
centerX: 0.19839773798303487
centerY: 0.4696680656238077
width: 0.03298774740810556
height: 0.02518122853872568
Area: 0.00043709169863794965
CentroidX: 0.2155
CentroidY: 0.4819
