Location: Sandro_Ⴎ.jpg_Otsu.png
Component: component_1744832837286_719.png
centerX: 0.649387370405278
centerY: 0.8840137352155666
width: 0.02639019792648445
height: 0.022892025944296072
Area: 0.0003090747140924045
CentroidX: 0.6635
CentroidY: 0.8949
