Location: Sandro_Ⴎ.jpg_Gaussian-Median.png
Component: component_1744832837521_103.png
centerX: 0.7035815268614515
centerY: 0.1327737504769172
width: 0.03628652214891612
height: 0.025562762304463946
Area: 0.00046136458194363583
CentroidX: 0.7230
CentroidY: 0.1448
