Location: Sandro_Ⴎ.jpg_Gaussian-Median.png
Component: component_1744832837508_49.png
centerX: 0.0885956644674835
centerY: 0.048836322014498286
width: 0.03110273327049953
height: 0.02174742464708127
Area: 0.0003869277398061981
CentroidX: 0.1051
CentroidY: 0.0585
