Location: Sandro_Ⴎ.jpg_Gaussian-Median.png
Component: component_1744832837621_518.png
centerX: 0.7893496701225259
centerY: 0.6257153758107592
width: 0.03345900094250707
height: 0.022128958412819536
Area: 0.0003948389017724958
CentroidX: 0.8074
CentroidY: 0.6360
