Location: Sandro_Ⴎ.jpg_Otsu.png
Component: component_1744750761873_692.png
centerX: 0.43826578699340246
centerY: 0.844715757344525
width: 0.03345900094250707
height: 0.029759633727584892
Area: 0.00045489181306211955
CentroidX: 0.4554
CentroidY: 0.8592
