Location: Sandro_Ⴎ.jpg_Gaussian-Closing.png
Component: component_1744750762631_368.png
centerX: 0.8887841658812441
centerY: 0.4551697825257535
width: 0.02827521206409048
height: 0.023655093475772607
Area: 0.00037595999253473987
CentroidX: 0.9025
CentroidY: 0.4666
