Location: Sandro_Ⴎ.jpg_Gaussian-Closing.png
Component: component_1744750762598_231.png
centerX: 0.11215834118755891
centerY: 0.3323159099580313
width: 0.02403393025447691
height: 0.01716901945822205
Area: 9.313595223959601e-05
CentroidX: 0.1257
CentroidY: 0.3402
