Location: Sandro_Ⴎ.jpg_Gaussian-Closing.png
Component: component_1744750762685_631.png
centerX: 0.051837888784165884
centerY: 0.7489507821442197
width: 0.027803958529688973
height: 0.015261350629530714
Area: 8.108941015455174e-05
CentroidX: 0.0680
CentroidY: 0.7557
