Location: Sandro_Ⴎ.jpg_Otsu.png
Component: component_1744832837180_230.png
centerX: 0.3826578699340245
centerY: 0.3349866463181992
width: 0.024976437323279924
height: 0.018313620755436855
Area: 7.389744473064471e-05
CentroidX: 0.3962
CentroidY: 0.3434
