Location: Sandro_Ⴎ.jpg_Mean-Medain.png
Component: component_1744750763008_740.png
centerX: 0.501885014137606
centerY: 0.8863029378099961
width: 0.03110273327049953
height: 0.026325829835940482
Area: 0.000418032990264596
CentroidX: 0.5189
CentroidY: 0.8982
