Location: Sandro_Ⴎ.jpg_Gaussian-Closing.png
Component: component_1744750762695_685.png
centerX: 0.8718190386427899
centerY: 0.784814956123617
width: 0.023091423185673893
height: 0.016787485692483783
Area: 9.421474705318207e-05
CentroidX: 0.8843
CentroidY: 0.7921
