Location: Sandro_Ⴎ.jpg_Otsu.png
Component: component_1744750761812_428.png
centerX: 0.617813383600377
centerY: 0.5539870278519649
width: 0.03770028275212064
height: 0.02823349866463182
Area: 0.0005309468474199363
CentroidX: 0.6370
CentroidY: 0.5671
