Location: Sandro_Ⴎ.jpg_Gaussian-Closing.png
Component: component_1744750762639_403.png
centerX: 0.07728557964184732
centerY: 0.5020984357115604
width: 0.03440150801131008
height: 0.028996566196108357
Area: 0.0004453624588754427
CentroidX: 0.0947
CentroidY: 0.5159
