Location: Sandro_Ⴎ.jpg_Otsu.png
Component: component_1744750761829_495.png
centerX: 0.27945334590009424
centerY: 0.656619610835559
width: 0.03157398680490104
height: 0.02060282334986646
Area: 0.0003236384440758163
CentroidX: 0.2963
CentroidY: 0.6665
