Location: Sandro_Ⴎ.jpg_Otsu.png
Component: component_1744832837282_697.png
centerX: 0.9886899151743638
centerY: 0.8485310950019077
width: 0.008953817153628653
height: 0.0106829454406715
Area: 2.8228464288835085e-05
CentroidX: 0.9932
CentroidY: 0.8542
