Location: Sandro_Ⴎ.jpg_Mean-Medain.png
Component: component_1744750762882_242.png
centerX: 0.8576814326107446
centerY: 0.33842045020984357
width: 0.019792648444863337
height: 0.01755055322396032
Area: 8.522479027329828e-05
CentroidX: 0.8670
CentroidY: 0.3474
