Location: Sandro_Ⴎ.jpg_Mean-Medain.png
Component: component_1744750762943_465.png
centerX: 0.39255419415645615
centerY: 0.5909958031285769
width: 0.03345900094250707
height: 0.02327355971003434
Area: 0.00038530954758581905
CentroidX: 0.4114
CentroidY: 0.6018
