Location: Sandro_Ⴎ.jpg_Gaussian-Median.png
Component: component_1744832837528_141.png
centerX: 0.2587181903864279
centerY: 0.20450209843571157
width: 0.03345900094250707
height: 0.027088897367417018
Area: 0.00046549996206238237
CentroidX: 0.2762
CentroidY: 0.2171
