Location: Sandro_Ⴎ.jpg_Gaussian-Median.png
Component: component_1744832837681_907.png
centerX: 0.6658812441093308
centerY: 0.9580312857687905
width: 0.029217719132893498
height: 0.026325829835940482
Area: 0.0004194713833493774
CentroidX: 0.6812
CentroidY: 0.9702
