Location: Sandro_Ⴎ.jpg_Gaussian-Median.png
Component: component_1744832837549_223.png
centerX: 0.32139491046182844
centerY: 0.32277756581457456
width: 0.019792648444863337
height: 0.018695154521175122
Area: 8.738237990047039e-05
CentroidX: 0.3315
CentroidY: 0.3320
