Location: Sandro_Ⴎ.jpg_Gaussian-Closing.png
Component: component_1744750762579_136.png
centerX: 0.09472196041470311
centerY: 0.19191148416634873
width: 0.040999057492931194
height: 0.02174742464708127
Area: 0.0004320573228412147
CentroidX: 0.1158
CentroidY: 0.2020
