Location: Sandro_Ⴎ.jpg_Otsu.png
Component: component_1744832837294_760.png
centerX: 0.3468426013195099
centerY: 0.9500190766882869
width: 0.03298774740810556
height: 0.02670736360167875
Area: 0.00045453221479092415
CentroidX: 0.3645
CentroidY: 0.9625
