Location: Sandro_Ⴎ.jpg_Gaussian-Closing.png
Component: component_1744750762565_93.png
centerX: 0.2596606974552309
centerY: 0.13010301411674932
width: 0.03110273327049953
height: 0.021365890881343
Area: 0.0003306506103641256
CentroidX: 0.2762
CentroidY: 0.1406
