Location: Sandro_Ⴎ.jpg_Otsu.png
Component: component_1744832837270_629.png
centerX: 0.5970782280867106
centerY: 0.7867226249523083
width: 0.019792648444863337
height: 0.02174742464708127
Area: 7.983081620536801e-05
CentroidX: 0.6078
CentroidY: 0.7972
