Location: Sandro_Ⴎ.jpg_Mean-Medain.png
Component: component_1744750762858_115.png
centerX: 0.32139491046182844
centerY: 0.17169019458222054
width: 0.03440150801131008
height: 0.025562762304463946
Area: 0.00041983098162057275
CentroidX: 0.3395
CentroidY: 0.1839
