Location: Sandro_Ⴎ.jpg_Mean-Medain.png
Component: component_1744750762961_545.png
centerX: 0.88124410933082
centerY: 0.6970621900038153
width: 0.02827521206409048
height: 0.024036627241510875
Area: 0.00038063477006027946
CentroidX: 0.8959
CentroidY: 0.7083
