Location: Sandro_Ⴎ.jpg_Otsu.png
Component: component_1744750761838_530.png
centerX: 0.8817153628652215
centerY: 0.6970621900038153
width: 0.027803958529688973
height: 0.024036627241510875
Area: 0.00034809112651710015
CentroidX: 0.8959
CentroidY: 0.7083
