Location: Sandro_Ⴎ.jpg_Gaussian-Median.png
Component: component_1744832837663_815.png
centerX: 0.6804901036757776
centerY: 0.8443342235787867
width: 0.033930254476908575
height: 0.029378099961846624
Area: 0.00043637250209555895
CentroidX: 0.6986
CentroidY: 0.8574
