Location: Sandro_Ⴎ.jpg_Gaussian-Closing.png
Component: component_1744750762590_182.png
centerX: 0.615928369462771
centerY: 0.26249523082792825
width: 0.032516493873704054
height: 0.02518122853872568
Area: 0.00046657875687596847
CentroidX: 0.6334
CentroidY: 0.2741
