Location: Sandro_Ⴎ.jpg_Otsu.png
Component: component_1744750761865_664.png
centerX: 0.557492931196984
centerY: 0.8161007249141549
width: 0.020735155513666354
height: 0.017932086989698587
Area: 6.868326979831212e-05
CentroidX: 0.5683
CentroidY: 0.8242
