Location: Sandro_Ⴎ.jpg_Gaussian-Median.png
Component: component_1744832837671_855.png
centerX: 0.501885014137606
centerY: 0.8863029378099961
width: 0.03110273327049953
height: 0.026325829835940482
Area: 0.0004142572084170448
CentroidX: 0.5189
CentroidY: 0.8983
