Location: Sandro_Ⴎ.jpg_Gaussian-Closing.png
Component: component_1744750762628_355.png
centerX: 0.323751178133836
centerY: 0.44105303319343764
width: 0.03628652214891612
height: 0.027088897367417018
Area: 0.0004689161456387382
CentroidX: 0.3432
CentroidY: 0.4533
