Location: Sandro_Ⴎ.jpg_Gaussian-Median.png
Component: component_1744832837538_176.png
centerX: 0.7469368520263902
centerY: 0.26058756199923694
width: 0.029217719132893498
height: 0.02518122853872568
Area: 0.0003745215994499585
CentroidX: 0.7619
CentroidY: 0.2738
