Location: Sandro_Ⴎ.jpg_Mean-Medain.png
Component: component_1744750763008_744.png
centerX: 0.18473138548539114
centerY: 0.9049980923311713
width: 0.03628652214891612
height: 0.02479969477298741
Area: 0.00039897428189124236
CentroidX: 0.2034
CentroidY: 0.9170
