Location: Sandro_Ⴎ.jpg_Gaussian-Median.png
Component: component_1744832837541_188.png
centerX: 0.09707822808671066
centerY: 0.26898130484547883
width: 0.03110273327049953
height: 0.022510492178557804
Area: 0.00036517204439887935
CentroidX: 0.1127
CentroidY: 0.2799
