Location: Sandro_Ⴎ.jpg_Otsu.png
Component: component_1744832837234_439.png
centerX: 0.17907634307257306
centerY: 0.5860358641739793
width: 0.02827521206409048
height: 0.024036627241510875
Area: 0.00034970931873747925
CentroidX: 0.1931
CentroidY: 0.5982
