Location: Sandro_Ⴎ.jpg_Gaussian-Closing.png
Component: component_1744750762535_26.png
centerX: 0.4354382657869934
centerY: 0.011827546737886304
width: 0.030631479736098022
height: 0.024418161007249143
Area: 0.0003669700357548561
CentroidX: 0.4492
CentroidY: 0.0228
