Location: Sandro_Ⴎ.jpg_Mean-Medain.png
Component: component_1744750762912_372.png
centerX: 0.8147973609802074
centerY: 0.45593285005723005
width: 0.029217719132893498
height: 0.02518122853872568
Area: 0.0004272027461800775
CentroidX: 0.8280
CentroidY: 0.4688
