Location: Sandro_Ⴎ.jpg_Gaussian-Median.png
Component: component_1744832837654_759.png
centerX: 0.1578699340245052
centerY: 0.807706982067913
width: 0.028746465598491987
height: 0.01755055322396032
Area: 9.529354186676813e-05
CentroidX: 0.1738
CentroidY: 0.8159
