Location: Sandro_Ⴎ.jpg_Gaussian-Median.png
Component: component_1744832837641_667.png
centerX: 0.0885956644674835
centerY: 0.7493323159099581
width: 0.02544769085768143
height: 0.01716901945822205
Area: 9.367534964638904e-05
CentroidX: 0.1030
CentroidY: 0.7572
