Location: Sandro_Ⴎ.jpg_Otsu.png
Component: component_1744832837144_61.png
centerX: 0.6093308199811499
centerY: 0.0843189622281572
width: 0.03628652214891612
height: 0.024036627241510875
Area: 0.00037272360809398173
CentroidX: 0.6303
CentroidY: 0.0948
