Location: Sandro_Ⴎ.jpg_Otsu.png
Component: component_1744832837155_110.png
centerX: 0.05230914231856739
centerY: 0.15337657382678366
width: 0.02639019792648445
height: 0.020221289584128194
Area: 0.0002828240402951439
CentroidX: 0.0661
CentroidY: 0.1633
