Location: Sandro_Ⴎ.jpg_Gaussian-Closing.png
Component: component_1744750762647_441.png
centerX: 0.5164938737040528
centerY: 0.5494086226631056
width: 0.04052780395852969
height: 0.02861503243037009
Area: 0.0005208780958264665
CentroidX: 0.5372
CentroidY: 0.5633
