Location: Sandro_Ⴎ.jpg_Mean-Medain.png
Component: component_1744750762988_646.png
centerX: 0.6569274269557022
centerY: 0.7867226249523083
width: 0.023091423185673893
height: 0.019458222052651658
Area: 9.421474705318207e-05
CentroidX: 0.6696
CentroidY: 0.7965
