Location: Sandro_Ⴎ.jpg_Gaussian-Closing.png
Component: component_1744750762694_684.png
centerX: 0.2521206409048068
centerY: 0.7844334223578787
width: 0.02827521206409048
height: 0.017932086989698587
Area: 9.313595223959601e-05
CentroidX: 0.2663
CentroidY: 0.7932
