Location: Sandro_Ⴎ.jpg_Gaussian-Median.png
Component: component_1744750762470_819.png
centerX: 0.3944392082940622
centerY: 0.844715757344525
width: 0.0353440150801131
height: 0.026325829835940482
Area: 0.0004099420291627006
CentroidX: 0.4128
CentroidY: 0.8576
