Location: Sandro_Ⴎ.jpg_Mean-Medain.png
Component: component_1744750762895_299.png
centerX: 0.911875589066918
centerY: 0.39107210988172453
width: 0.020263901979264844
height: 0.01716901945822205
Area: 9.439454618877974e-05
CentroidX: 0.9212
CentroidY: 0.3999
