Location: Sandro_Ⴎ.jpg_Gaussian-Closing.png
Component: component_1744750762615_298.png
centerX: 0.06597549481621112
centerY: 0.39183517741320106
width: 0.022148916116870875
height: 0.01755055322396032
Area: 9.439454618877974e-05
CentroidX: 0.0789
CentroidY: 0.4002
