Location: Sandro_Ⴎ.jpg_Otsu.png
Component: component_1744832837267_613.png
centerX: 0.22101790763430726
centerY: 0.7821442197634491
width: 0.02403393025447691
height: 0.016405951926745516
Area: 6.850347066271444e-05
CentroidX: 0.2342
CentroidY: 0.7900
