Location: Sandro_Ⴎ.jpg_Mean-Medain.png
Component: component_1744750762977_608.png
centerX: 0.8411875589066918
centerY: 0.7581075925219382
width: 0.02120640904806786
height: 0.018313620755436855
Area: 9.313595223959601e-05
CentroidX: 0.8532
CentroidY: 0.7674
