Location: Sandro_Ⴎ.jpg_Gaussian-Median.png
Component: component_1744832837679_892.png
centerX: 0.3100848256361923
centerY: 0.9492560091568104
width: 0.03298774740810556
height: 0.02670736360167875
Area: 0.00044158667702789154
CentroidX: 0.3290
CentroidY: 0.9614
