Location: Sandro_Ⴎ.jpg_Otsu.png
Component: component_1744750761742_145.png
centerX: 0.556550424128181
centerY: 0.2159481114078596
width: 0.03298774740810556
height: 0.025562762304463946
Area: 0.0004225279686545379
CentroidX: 0.5738
CentroidY: 0.2287
