Location: Sandro_Ⴎ.jpg_Gaussian-Closing.png
Component: component_1744750762596_224.png
centerX: 0.27992459943449577
centerY: 0.31858069439145364
width: 0.02403393025447691
height: 0.017932086989698587
Area: 9.09783626124239e-05
CentroidX: 0.2925
CentroidY: 0.3271
