Location: Sandro_Ⴎ.jpg_Otsu.png
Component: component_1744750761783_335.png
centerX: 0.58435438265787
centerY: 0.42388401373521556
width: 0.022148916116870875
height: 0.016024418161007248
Area: 6.382869313717488e-05
CentroidX: 0.5971
CentroidY: 0.4313
