Location: Sandro_Ⴎ.jpg_Mean-Medain.png
Component: component_1744750763000_711.png
centerX: 0.7992459943449576
centerY: 0.8454788248760016
width: 0.03581526861451461
height: 0.027470431133155285
Area: 0.00046657875687596847
CentroidX: 0.8181
CentroidY: 0.8579
