Location: Sandro_Ⴎ.jpg_Gaussian-Median.png
Component: component_1744750762195_215.png
centerX: 0.8416588124410933
centerY: 0.30293780999618464
width: 0.029688972667295005
height: 0.023655093475772607
Area: 0.0003800953726534864
CentroidX: 0.8577
CentroidY: 0.3143
