Location: Sandro_Ⴎ.jpg_Mean-Medain.png
Component: component_1744750762865_152.png
centerX: 0.8836003770028276
centerY: 0.22472338801983976
width: 0.030160226201696512
height: 0.02060282334986646
Area: 0.00033406679394048144
CentroidX: 0.9001
CentroidY: 0.2341
