Location: Sandro_Ⴎ.jpg_Otsu.png
Component: component_1744750761764_248.png
centerX: 0.2681432610744581
centerY: 0.34910339565051507
width: 0.02403393025447691
height: 0.01716901945822205
Area: 6.796407325592142e-05
CentroidX: 0.2806
CentroidY: 0.3576
