Location: Sandro_Ⴎ.jpg_Gaussian-Median.png
Component: component_1744832837616_480.png
centerX: 0.8124410933081998
centerY: 0.5898512018313621
width: 0.033930254476908575
height: 0.024036627241510875
Area: 0.0004018510680608052
CentroidX: 0.8311
CentroidY: 0.6011
