Location: Sandro_Ⴎ.jpg_Gaussian-Closing.png
Component: component_1744750762534_21.png
centerX: 0.19745523091423187
centerY: 0.01030141167493323
width: 0.03110273327049953
height: 0.02479969477298741
Area: 0.0004156956015018262
CentroidX: 0.2140
CentroidY: 0.0218
