Location: Sandro_Ⴎ.jpg_Gaussian-Median.png
Component: component_1744750762277_395.png
centerX: 0.7902921771913289
centerY: 0.4910339565051507
width: 0.0353440150801131
height: 0.024418161007249143
Area: 0.0004164147980442169
CentroidX: 0.8094
CentroidY: 0.5026
