Location: Sandro_Ⴎ.jpg_Mean-Medain.png
Component: component_1744750762994_676.png
centerX: 0.7408105560791706
centerY: 0.8138115223197253
width: 0.022620169651272386
height: 0.01755055322396032
Area: 8.918037125644714e-05
CentroidX: 0.7517
CentroidY: 0.8221
