Location: Sandro_Ⴎ.jpg_Mean-Medain.png
Component: component_1744750762823_31.png
centerX: 0.528746465598492
centerY: 0.04349484929416254
width: 0.024976437323279924
height: 0.01716901945822205
Area: 0.00022474891949709463
CentroidX: 0.5413
CentroidY: 0.0518
