Location: Sandro_Ⴎ.jpg_Otsu.png
Component: component_1744750761772_284.png
centerX: 0.38595664467483504
centerY: 0.3842045020984357
width: 0.024505183788878417
height: 0.01716901945822205
Area: 7.084085942548422e-05
CentroidX: 0.3995
CentroidY: 0.3926
