Location: Sandro_Ⴎ.jpg_Mean-Medain.png
Component: component_1744750762889_274.png
centerX: 0.8774740810556079
centerY: 0.3670354826402137
width: 0.027803958529688973
height: 0.013735215566577643
Area: 8.144900842574709e-05
CentroidX: 0.8934
CentroidY: 0.3733
