Location: Sandro_Ⴎ.jpg_Otsu.png
Component: component_1744750761832_512.png
centerX: 0.8110273327049953
centerY: 0.663868752384586
width: 0.026861451460885956
height: 0.022892025944296072
Area: 0.00035114771182226064
CentroidX: 0.8249
CentroidY: 0.6747
