Location: Sandro_Ⴎ.jpg_Gaussian-Median.png
Component: component_1744832837653_751.png
centerX: 0.45852968897266727
centerY: 0.7924456314383823
width: 0.023091423185673893
height: 0.01907668828691339
Area: 9.187735829041229e-05
CentroidX: 0.4718
CentroidY: 0.8008
