Location: Sandro_Ⴎ.jpg_Otsu.png
Component: component_1744750761861_643.png
centerX: 0.12770970782280866
centerY: 0.80618084700496
width: 0.024976437323279924
height: 0.01755055322396032
Area: 7.156005596787493e-05
CentroidX: 0.1415
CentroidY: 0.8144
