Location: Sandro_Ⴎ.jpg_Otsu.png
Component: component_1744750761823_477.png
centerX: 0.7488218661639963
centerY: 0.6260969095764976
width: 0.03440150801131008
height: 0.02174742464708127
Area: 0.00035348510058503044
CentroidX: 0.7671
CentroidY: 0.6364
