Location: Sandro_Ⴎ.jpg_Otsu.png
Component: component_1744832837246_506.png
centerX: 0.9241281809613572
centerY: 0.6608164822586798
width: 0.028746465598491987
height: 0.02327355971003434
Area: 0.0003491699213306862
CentroidX: 0.9383
CentroidY: 0.6719
