Location: Sandro_Ⴎ.jpg_Otsu.png
Component: component_1744832837276_661.png
centerX: 0.7983034872761545
centerY: 0.8134299885539871
width: 0.023091423185673893
height: 0.017932086989698587
Area: 7.569543608662147e-05
CentroidX: 0.8118
CentroidY: 0.8216
