Location: Sandro_Ⴎ.jpg_Otsu.png
Component: component_1744832837217_355.png
centerX: 0.9227144203581527
centerY: 0.4528805799313239
width: 0.028746465598491987
height: 0.024418161007249143
Area: 0.0003425173533135722
CentroidX: 0.9370
CentroidY: 0.4655
