Location: Sandro_Ⴎ.jpg_Mean-Medain.png
Component: component_1744750762995_683.png
centerX: 0.6823751178133836
centerY: 0.8164822586798932
width: 0.022148916116870875
height: 0.018695154521175122
Area: 8.756217903606806e-05
CentroidX: 0.6939
CentroidY: 0.8248
