Location: Sandro_Ⴎ.jpg_Gaussian-Closing.png
Component: component_1744750762626_344.png
centerX: 0.8322337417530632
centerY: 0.4235024799694773
width: 0.022620169651272386
height: 0.01755055322396032
Area: 9.169755915481461e-05
CentroidX: 0.8454
CentroidY: 0.4313
