Location: Sandro_Ⴎ.jpg_Otsu.png
Component: component_1744750761745_160.png
centerX: 0.10037700282752121
centerY: 0.2289202594429607
width: 0.032516493873704054
height: 0.028996566196108357
Area: 0.000437451296909145
CentroidX: 0.1166
CentroidY: 0.2437
