Location: Sandro_Ⴎ.jpg_Mean-Medain.png
Component: component_1744750762884_252.png
centerX: 0.20405278039585298
centerY: 0.34261732163296454
width: 0.026861451460885956
height: 0.01907668828691339
Area: 0.00010644108827382402
CentroidX: 0.2190
CentroidY: 0.3511
