Location: Sandro_Ⴎ.jpg_Gaussian-Closing.png
Component: component_1744750762613_285.png
centerX: 0.2408105560791706
centerY: 0.37199542159481114
width: 0.02639019792648445
height: 0.016405951926745516
Area: 8.702278162927504e-05
CentroidX: 0.2546
CentroidY: 0.3805
