Location: Sandro_Ⴎ.jpg_Mean-Medain.png
Component: component_1744750762817_20.png
centerX: 0.12111215834118756
centerY: 0.009919877909194963
width: 0.028746465598491987
height: 0.026325829835940482
Area: 0.0003934005086877144
CentroidX: 0.1363
CentroidY: 0.0222
