Location: Sandro_Ⴎ.jpg_Otsu.png
Component: component_1744750761844_564.png
centerX: 0.8892554194156456
centerY: 0.732163296451736
width: 0.01885014137606032
height: 0.01755055322396032
Area: 6.634588103554234e-05
CentroidX: 0.9002
CentroidY: 0.7402
