Location: Sandro_Ⴎ.jpg_Mean-Medain.png
Component: component_1744750762888_267.png
centerX: 0.7860508953817154
centerY: 0.3647462800457841
width: 0.02120640904806786
height: 0.01755055322396032
Area: 9.223695656160764e-05
CentroidX: 0.7967
CentroidY: 0.3732
