Location: Sandro_Ⴎ.jpg_Mean-Medain.png
Component: component_1744750762817_17.png
centerX: 0.2780395852968897
centerY: 0.00877527661198016
width: 0.02403393025447691
height: 0.017932086989698587
Area: 0.00029253319361741836
CentroidX: 0.2911
CentroidY: 0.0166
