Location: Sandro_Ⴎ.jpg_Gaussian-Closing.png
Component: component_1744750762655_468.png
centerX: 0.352497643732328
centerY: 0.5898512018313621
width: 0.029217719132893498
height: 0.025944296070202214
Area: 0.00038602874412820975
CentroidX: 0.3675
CentroidY: 0.6028
