Location: Sandro_Ⴎ.jpg_Mean-Medain.png
Component: component_1744750762945_475.png
centerX: 0.04571159283694628
centerY: 0.6165585654330408
width: 0.0353440150801131
height: 0.02174742464708127
Area: 0.00033496578961846984
CentroidX: 0.0650
CentroidY: 0.6270
