Location: Sandro_Ⴎ.jpg_Gaussian-Median.png
Component: component_1744750762468_817.png
centerX: 0.7601319509896324
centerY: 0.8443342235787867
width: 0.03298774740810556
height: 0.025944296070202214
Area: 0.0004234269643325263
CentroidX: 0.7779
CentroidY: 0.8558
