Location: Sandro_Ⴎ.jpg_Otsu.png
Component: component_1744750761730_92.png
centerX: 0.5655042412818096
centerY: 0.13010301411674932
width: 0.03298774740810556
height: 0.02327355971003434
Area: 0.0003756003942635445
CentroidX: 0.5821
CentroidY: 0.1418
