Location: Sandro_Ⴎ.jpg_Mean-Medain.png
Component: component_1744750762852_93.png
centerX: 0.30254476908576816
centerY: 0.1316291491797024
width: 0.03817153628652215
height: 0.025562762304463946
Area: 0.0004410472796210985
CentroidX: 0.3231
CentroidY: 0.1438
