Location: Sandro_Ⴎ.jpg_Gaussian-Closing.png
Component: component_1744750762696_690.png
centerX: 0.9010367577756834
centerY: 0.7855780236550934
width: 0.020263901979264844
height: 0.016024418161007248
Area: 9.007936693443553e-05
CentroidX: 0.9119
CentroidY: 0.7928
