Location: Sandro_Ⴎ.jpg_Gaussian-Closing.png
Component: component_1744750762682_610.png
centerX: 0.4420358152686145
centerY: 0.7310186951545212
width: 0.020735155513666354
height: 0.018695154521175122
Area: 8.486519200210293e-05
CentroidX: 0.4531
CentroidY: 0.7403
