Location: Sandro_Ⴎ.jpg_Mean-Medain.png
Component: component_1744750762833_57.png
centerX: 0.005655042412818096
centerY: 0.08126669210225104
width: 0.02827521206409048
height: 0.019458222052651658
Area: 0.0002776098653628113
CentroidX: 0.0211
CentroidY: 0.0907
