Location: Sandro_Ⴎ.jpg_Otsu.png
Component: component_1744750761834_523.png
centerX: 0.6126295947219604
centerY: 0.6947729874093858
width: 0.032516493873704054
height: 0.022510492178557804
Area: 0.00035114771182226064
CentroidX: 0.6291
CentroidY: 0.7057
