Location: Sandro_Ⴎ.jpg_Otsu.png
Component: component_1744832837226_394.png
centerX: 0.11969839773798303
centerY: 0.5059137733689432
width: 0.033930254476908575
height: 0.02670736360167875
Area: 0.00043385531419719146
CentroidX: 0.1380
CentroidY: 0.5184
