Location: Sandro_Ⴎ.jpg_Gaussian-Median.png
Component: component_1744832837562_272.png
centerX: 0.6196983977379831
centerY: 0.3677985501716902
width: 0.027803958529688973
height: 0.02174742464708127
Area: 0.00018105772954685943
CentroidX: 0.6371
CentroidY: 0.3787
