Location: Sandro_Ⴎ.jpg_Gaussian-Median.png
Component: component_1744832837576_318.png
centerX: 0.24599434495758718
centerY: 0.4055703929797787
width: 0.020735155513666354
height: 0.019839755818389926
Area: 9.924912284991699e-05
CentroidX: 0.2570
CentroidY: 0.4147
