Location: Sandro_Ⴎ.jpg_Gaussian-Closing.png
Component: component_1744750762706_727.png
centerX: 0.8279924599434496
centerY: 0.8130484547882487
width: 0.021677662582469368
height: 0.017932086989698587
Area: 9.673193495154952e-05
CentroidX: 0.8396
CentroidY: 0.8222
