Location: Sandro_Ⴎ.jpg_Otsu.png
Component: component_1744832837247_509.png
centerX: 0.4505183788878417
centerY: 0.6623426173216329
width: 0.032516493873704054
height: 0.025562762304463946
Area: 0.00040688544385754014
CentroidX: 0.4673
CentroidY: 0.6744
