Location: Sandro_Ⴎ.jpg_Gaussian-Median.png
Component: component_1744832837582_338.png
centerX: 0.937794533459001
centerY: 0.42197634490652425
width: 0.017436380772855798
height: 0.018695154521175122
Area: 9.349555051079137e-05
CentroidX: 0.9471
CentroidY: 0.4306
