Location: Sandro_Ⴎ.jpg_Mean-Medain.png
Component: component_1744750762875_203.png
centerX: 0.4849198868991517
centerY: 0.29950400610454025
width: 0.03204524033930255
height: 0.022892025944296072
Area: 0.00041605519977302156
CentroidX: 0.5014
CentroidY: 0.3095
