Location: Sandro_Ⴎ.jpg_Otsu.png
Component: component_1744832837254_556.png
centerX: 0.617813383600377
centerY: 0.7302556276230446
width: 0.0235626767200754
height: 0.016405951926745516
Area: 7.066106028988655e-05
CentroidX: 0.6313
CentroidY: 0.7374
