Location: Sandro_Ⴎ.jpg_Otsu.png
Component: component_1744750761758_213.png
centerX: 0.8416588124410933
centerY: 0.30331934376192293
width: 0.029217719132893498
height: 0.022892025944296072
Area: 0.0003583396772461677
CentroidX: 0.8578
CentroidY: 0.3143
