Location: Sandro_Ⴎ.jpg_Otsu.png
Component: component_1744832837210_326.png
centerX: 0.6814326107445806
centerY: 0.4223578786722625
width: 0.023091423185673893
height: 0.01907668828691339
Area: 7.191965423907028e-05
CentroidX: 0.6948
CentroidY: 0.4313
