Location: Sandro_Ⴎ.jpg_Gaussian-Median.png
Component: component_1744750762485_890.png
centerX: 0.27332704995287466
centerY: 0.9465852727966425
width: 0.03345900094250707
height: 0.027088897367417018
Area: 0.0004482392450450055
CentroidX: 0.2916
CentroidY: 0.9593
