Location: Sandro_Ⴎ.jpg_Gaussian-Closing.png
Component: component_1744750762623_328.png
centerX: 0.41658812441093307
centerY: 0.41472720335749713
width: 0.0235626767200754
height: 0.01716901945822205
Area: 8.684298249367736e-05
CentroidX: 0.4291
CentroidY: 0.4229
