Location: Sandro_Ⴎ.jpg_Gaussian-Closing.png
Component: component_1744750762606_256.png
centerX: 0.2681432610744581
centerY: 0.34910339565051507
width: 0.024505183788878417
height: 0.01755055322396032
Area: 9.205715742600996e-05
CentroidX: 0.2808
CentroidY: 0.3577
