Location: Sandro_Ⴎ.jpg_Gaussian-Median.png
Component: component_1744832837560_267.png
centerX: 0.4839773798303487
centerY: 0.3666539488744754
width: 0.027332704995287466
height: 0.016787485692483783
Area: 8.342679891732152e-05
CentroidX: 0.4996
CentroidY: 0.3757
