Location: Sandro_Ⴎ.jpg_Gaussian-Median.png
Component: component_1744750762432_639.png
centerX: 0.8001885014137606
centerY: 0.732163296451736
width: 0.022148916116870875
height: 0.01755055322396032
Area: 8.342679891732152e-05
CentroidX: 0.8134
CentroidY: 0.7408
