Location: Sandro_Ⴎ.jpg_Gaussian-Median.png
Component: component_1744750762448_719.png
centerX: 0.05466540999057493
centerY: 0.776421213277375
width: 0.03157398680490104
height: 0.020221289584128194
Area: 0.00010392390037545655
CentroidX: 0.0724
CentroidY: 0.7859
