Location: Sandro_Ⴎ.jpg_Gaussian-Median.png
Component: component_1744832837564_282.png
centerX: 0.6569274269557022
centerY: 0.3716138878290729
width: 0.02403393025447691
height: 0.016405951926745516
Area: 8.342679891732152e-05
CentroidX: 0.6705
CentroidY: 0.3787
