Location: Sandro_Ⴎ.jpg_Gaussian-Median.png
Component: component_1744832837579_329.png
centerX: 0.8039585296889726
centerY: 0.41968714231209464
width: 0.022148916116870875
height: 0.020221289584128194
Area: 0.00010104711420589375
CentroidX: 0.8165
CentroidY: 0.4292
