Location: Sandro_Ⴎ.jpg_Otsu.png
Component: component_1744832837137_34.png
centerX: 0.791234684260132
centerY: 0.04463945059137734
width: 0.02827521206409048
height: 0.02174742464708127
Area: 0.00032166065358424183
CentroidX: 0.8047
CentroidY: 0.0555
