Location: Sandro_Ⴎ.jpg_Gaussian-Median.png
Component: component_1744832837629_586.png
centerX: 0.7304429783223374
centerY: 0.6966806562380771
width: 0.029688972667295005
height: 0.024418161007249143
Area: 0.00039447930350130047
CentroidX: 0.7452
CentroidY: 0.7091
