Location: Sandro_Ⴎ.jpg_Otsu.png
Component: component_1744750761768_270.png
centerX: 0.944392082940622
centerY: 0.3677985501716902
width: 0.010838831291234684
height: 0.013353681800839375
Area: 2.6969870339651354e-05
CentroidX: 0.9507
CentroidY: 0.3722
