Location: Sandro_Ⴎ.jpg_Gaussian-Median.png
Component: component_1744750762467_812.png
centerX: 0.6437323279924599
centerY: 0.8424265547500954
width: 0.0353440150801131
height: 0.03014116749332316
Area: 0.0004356533055531682
CentroidX: 0.6611
CentroidY: 0.8577
