Location: Sandro_Ⴎ.jpg_Otsu.png
Component: component_1744832837180_234.png
centerX: 0.5268614514608859
centerY: 0.3372758489126288
width: 0.024976437323279924
height: 0.019839755818389926
Area: 6.95822654763005e-05
CentroidX: 0.5412
CentroidY: 0.3474
