Location: Sandro_Ⴎ.jpg_Gaussian-Closing.png
Component: component_1744750762683_615.png
centerX: 0.767200754005655
centerY: 0.732163296451736
width: 0.027803958529688973
height: 0.016405951926745516
Area: 8.738237990047039e-05
CentroidX: 0.7825
CentroidY: 0.7400
