Location: Sandro_Ⴎ.jpg_Otsu.png
Component: component_1744832837235_440.png
centerX: 0.8953817153628653
centerY: 0.5871804654711942
width: 0.032516493873704054
height: 0.027851964898893553
Area: 0.00040382885855237965
CentroidX: 0.9129
CentroidY: 0.6021
