Location: Sandro_Ⴎ.jpg_Gaussian-Median.png
Component: component_1744832837669_853.png
centerX: 0.5777568331762488
centerY: 0.8847768027470431
width: 0.02827521206409048
height: 0.02670736360167875
Area: 0.000410841024840689
CentroidX: 0.5929
CentroidY: 0.8975
