Location: Sandro_Ⴎ.jpg_Gaussian-Closing.png
Component: component_1744750762664_520.png
centerX: 0.18991517436380773
centerY: 0.6539488744753911
width: 0.034872761545711596
height: 0.02327355971003434
Area: 0.0004070652429931378
CentroidX: 0.2080
CentroidY: 0.6652
