Location: Sandro_Ⴎ.jpg_Mean-Medain.png
Component: component_1744750762912_370.png
centerX: 0.6413760603204524
centerY: 0.4551697825257535
width: 0.029688972667295005
height: 0.025562762304463946
Area: 0.0004079642386711262
CentroidX: 0.6563
CentroidY: 0.4672
