Location: Sandro_Ⴎ.jpg_Gaussian-Closing.png
Component: component_1744750762697_693.png
centerX: 0.55937794533459
centerY: 0.78634109118657
width: 0.029688972667295005
height: 0.020221289584128194
Area: 0.00010086731507029607
CentroidX: 0.5757
CentroidY: 0.7961
