Location: Sandro_Ⴎ.jpg_Gaussian-Closing.png
Component: component_1744750762607_264.png
centerX: 0.943449575871819
centerY: 0.363220144982831
width: 0.022148916116870875
height: 0.01907668828691339
Area: 9.457434532437742e-05
CentroidX: 0.9555
CentroidY: 0.3731
