Location: Sandro_Ⴎ.jpg_Gaussian-Median.png
Component: component_1744832837554_242.png
centerX: 0.8864278982092366
centerY: 0.33803891644410533
width: 0.019792648444863337
height: 0.01907668828691339
Area: 9.457434532437742e-05
CentroidX: 0.8964
CentroidY: 0.3477
