Location: Sandro_Ⴎ.jpg_Gaussian-Median.png
Component: component_1744832837533_152.png
centerX: 0.5065975494816211
centerY: 0.22014498283098055
width: 0.03298774740810556
height: 0.02327355971003434
Area: 0.00041839258853579135
CentroidX: 0.5239
CentroidY: 0.2306
