Location: Sandro_Ⴎ.jpg_Mean-Medain.png
Component: component_1744750762973_592.png
centerX: 0.12111215834118756
centerY: 0.7485692483784815
width: 0.02403393025447691
height: 0.016787485692483783
Area: 8.828137557845877e-05
CentroidX: 0.1353
CentroidY: 0.7566
