Location: Sandro_Ⴎ.jpg_Otsu.png
Component: component_1744750761748_177.png
centerX: 0.7474081055607917
centerY: 0.2609690957649752
width: 0.02827521206409048
height: 0.024418161007249143
Area: 0.0003479113273815025
CentroidX: 0.7620
CentroidY: 0.2738
