Location: Sandro_Ⴎ.jpg_Gaussian-Median.png
Component: component_1744832837541_191.png
centerX: 0.21300659754948162
centerY: 0.27966425028615033
width: 0.03345900094250707
height: 0.02479969477298741
Area: 0.0004016712689252075
CentroidX: 0.2296
CentroidY: 0.2922
