Location: Sandro_Ⴎ.jpg_Mean-Medain.png
Component: component_1744750762874_197.png
centerX: 0.02544769085768143
centerY: 0.2979778710415872
width: 0.020735155513666354
height: 0.012209080503624571
Area: 4.009520723828168e-05
CentroidX: 0.0375
CentroidY: 0.3035
