Location: Sandro_Ⴎ.jpg_Gaussian-Median.png
Component: component_1744832837663_818.png
centerX: 0.8817153628652215
centerY: 0.8439526898130485
width: 0.030631479736098022
height: 0.03014116749332316
Area: 0.0004475200485026148
CentroidX: 0.8969
CentroidY: 0.8579
