Location: Sandro_Ⴎ.jpg_Gaussian-Closing.png
Component: component_1744750762578_127.png
centerX: 0.7945334590009425
centerY: 0.1827546737886303
width: 0.029217719132893498
height: 0.021365890881343
Area: 0.00035510329280540954
CentroidX: 0.8102
CentroidY: 0.1930
