Location: Sandro_Ⴎ.jpg_Otsu.png
Component: component_1744750761831_507.png
centerX: 0.9590009425070688
centerY: 0.6608164822586798
width: 0.02120640904806786
height: 0.019458222052651658
Area: 0.00026520372500657164
CentroidX: 0.9701
CentroidY: 0.6699
