Location: Sandro_Ⴎ.jpg_Gaussian-Closing.png
Component: component_1744750762734_823.png
centerX: 0.6211121583411876
centerY: 0.9206409767264403
width: 0.032516493873704054
height: 0.02670736360167875
Area: 0.0004092228326203099
CentroidX: 0.6384
CentroidY: 0.9336
