Location: Sandro_Ⴎ.jpg_Gaussian-Closing.png
Component: component_1744750762712_753.png
centerX: 0.3081998114985862
centerY: 0.8409004196871424
width: 0.03722902921771913
height: 0.027851964898893553
Area: 0.00046136458194363583
CentroidX: 0.3282
CentroidY: 0.8538
