Location: Sandro_Ⴎ.jpg_Gaussian-Median.png
Component: component_1744750762466_806.png
centerX: 0.264373232799246
centerY: 0.8409004196871424
width: 0.0353440150801131
height: 0.02670736360167875
Area: 0.00041389761014584946
CentroidX: 0.2837
CentroidY: 0.8535
