Location: Sandro_Ⴎ.jpg_Gaussian-Median.png
Component: component_1744832837660_790.png
centerX: 0.45570216776625827
centerY: 0.8187714612743228
width: 0.026861451460885956
height: 0.01755055322396032
Area: 9.151776001921692e-05
CentroidX: 0.4697
CentroidY: 0.8269
