Location: Sandro_Ⴎ.jpg_Gaussian-Median.png
Component: component_1744832837654_755.png
centerX: 0.05655042412818096
centerY: 0.8057993132392217
width: 0.029217719132893498
height: 0.017932086989698587
Area: 9.331575137519368e-05
CentroidX: 0.0739
CentroidY: 0.8143
