Location: Sandro_Ⴎ.jpg_Mean-Medain.png
Component: component_1744750762975_601.png
centerX: 0.2827521206409048
centerY: 0.7581075925219382
width: 0.022620169651272386
height: 0.01716901945822205
Area: 8.540458940889596e-05
CentroidX: 0.2951
CentroidY: 0.7659
