Location: Sandro_Ⴎ.jpg_Gaussian-Closing.png
Component: component_1744750762690_656.png
centerX: 0.5589066918001885
centerY: 0.759252193819153
width: 0.022620169651272386
height: 0.016024418161007248
Area: 7.821262398498893e-05
CentroidX: 0.5724
CentroidY: 0.7662
