Location: Sandro_Ⴎ.jpg_Mean-Medain.png
Component: component_1744750762944_471.png
centerX: 0.6017907634307257
centerY: 0.59252193819153
width: 0.033930254476908575
height: 0.020984357115604733
Area: 0.0003795559752466934
CentroidX: 0.6194
CentroidY: 0.6023
