Location: Sandro_Ⴎ.jpg_Gaussian-Median.png
Component: component_1744832837540_185.png
centerX: 0.6597549481621112
centerY: 0.26287676459366655
width: 0.03157398680490104
height: 0.02327355971003434
Area: 0.00038728733807739344
CentroidX: 0.6769
CentroidY: 0.2743
