Location: Sandro_Ⴎ.jpg_Otsu.png
Component: component_1744750761773_288.png
centerX: 0.4934024505183789
centerY: 0.3906905761159863
width: 0.0235626767200754
height: 0.016787485692483783
Area: 6.95822654763005e-05
CentroidX: 0.5058
CentroidY: 0.3988
