Location: Sandro_Ⴎ.jpg_Otsu.png
Component: component_1744750761760_223.png
centerX: 0.35061262959472195
centerY: 0.3281190385349103
width: 0.024976437323279924
height: 0.019458222052651658
Area: 7.10206585610819e-05
CentroidX: 0.3637
CentroidY: 0.3381
