Location: Sandro_Ⴎ.jpg_Mean-Medain.png
Component: component_1744750763014_772.png
centerX: 0.2351555136663525
centerY: 0.9431514689049981
width: 0.03345900094250707
height: 0.027470431133155285
Area: 0.0004476998476382125
CentroidX: 0.2533
CentroidY: 0.9563
