Location: Sandro_Ⴎ.jpg_Otsu.png
Component: component_1744750761861_641.png
centerX: 0.05655042412818096
centerY: 0.8057993132392217
width: 0.028746465598491987
height: 0.017932086989698587
Area: 7.55156369510238e-05
CentroidX: 0.0732
CentroidY: 0.8142
