Location: Sandro_Ⴎ.jpg_Gaussian-Median.png
Component: component_1744832837519_94.png
centerX: 0.5650329877474081
centerY: 0.13010301411674932
width: 0.03345900094250707
height: 0.023655093475772607
Area: 0.00040436825595917264
CentroidX: 0.5821
CentroidY: 0.1418
