Location: Sandro_Ⴎ.jpg_Otsu.png
Component: component_1744750761880_727.png
centerX: 0.14090480678605088
centerY: 0.904616558565433
width: 0.039114043355325166
height: 0.020984357115604733
Area: 0.0003691276253820282
CentroidX: 0.1620
CentroidY: 0.9141
