Location: Sandro_Ⴎ.jpg_Otsu.png
Component: component_1744832837282_700.png
centerX: 0.13807728557964186
centerY: 0.8695154521175124
width: 0.03770028275212064
height: 0.025562762304463946
Area: 0.0003950187009080935
CentroidX: 0.1572
CentroidY: 0.8814
