Location: Sandro_Ⴎ.jpg_Gaussian-Closing.png
Component: component_1744750762614_294.png
centerX: 0.4203581526861451
centerY: 0.3884013735215567
width: 0.026861451460885956
height: 0.01755055322396032
Area: 8.918037125644714e-05
CentroidX: 0.4349
CentroidY: 0.3971
