Location: Sandro_Ⴎ.jpg_Gaussian-Median.png
Component: component_1744832837628_578.png
centerX: 0.31432610744580586
centerY: 0.6943914536436475
width: 0.03157398680490104
height: 0.02479969477298741
Area: 0.00041767339199340065
CentroidX: 0.3310
CentroidY: 0.7063
