Location: Sandro_Ⴎ.jpg_Mean-Medain.png
Component: component_1744750762842_69.png
centerX: 0.5155513666352498
centerY: 0.08813429988553988
width: 0.041941564561734215
height: 0.025562762304463946
Area: 0.0004611847828080382
CentroidX: 0.5383
CentroidY: 0.1006
