Location: Sandro_Ⴎ.jpg_Mean-Medain.png
Component: component_1744750762914_377.png
centerX: 0.03110273327049953
centerY: 0.4616558565433041
width: 0.034872761545711596
height: 0.02518122853872568
Area: 0.00035510329280540954
CentroidX: 0.0488
CentroidY: 0.4740
