Location: Sandro_Ⴎ.jpg_Otsu.png
Component: component_1744832837294_761.png
centerX: 0.9627709707822809
centerY: 0.95154521175124
width: 0.027803958529688973
height: 0.022892025944296072
Area: 0.00036499224526328165
CentroidX: 0.9782
CentroidY: 0.9619
