Location: Sandro_Ⴎ.jpg_Mean-Medain.png
Component: component_1744750762932_436.png
centerX: 0.4655984919886899
centerY: 0.5471194200686761
width: 0.03864278982092366
height: 0.027851964898893553
Area: 0.0005365206206234643
CentroidX: 0.4841
CentroidY: 0.5610
