Location: Sandro_Ⴎ.jpg_Gaussian-Closing.png
Component: component_1744750762591_194.png
centerX: 0.2846371347785108
centerY: 0.2857687905379626
width: 0.04052780395852969
height: 0.025944296070202214
Area: 0.0005399368041998201
CentroidX: 0.3052
CentroidY: 0.2985
