Location: Sandro_Ⴎ.jpg_Mean-Medain.png
Component: component_1744750762877_210.png
centerX: 0.6885014137606033
centerY: 0.3010301411674933
width: 0.029217719132893498
height: 0.027088897367417018
Area: 0.00040760464039993083
CentroidX: 0.7036
CentroidY: 0.3149
