Location: Sandro_Ⴎ.jpg_Gaussian-Median.png
Component: component_1744832837540_187.png
centerX: 0.058435438265786996
centerY: 0.2644028996566196
width: 0.030160226201696512
height: 0.022892025944296072
Area: 0.00035905887378855837
CentroidX: 0.0737
CentroidY: 0.2755
