Location: Sandro_Ⴎ.jpg_Gaussian-Median.png
Component: component_1744832837636_637.png
centerX: 0.5292177191328935
centerY: 0.7317817626859977
width: 0.019792648444863337
height: 0.01564288439526898
Area: 7.479644040863309e-05
CentroidX: 0.5386
CentroidY: 0.7394
