Location: Sandro_Ⴎ.jpg_Mean-Medain.png
Component: component_1744750762894_297.png
centerX: 0.45617342130065974
centerY: 0.3906905761159863
width: 0.024976437323279924
height: 0.01755055322396032
Area: 8.828137557845877e-05
CentroidX: 0.4694
CentroidY: 0.3990
