Location: Sandro_Ⴎ.jpg_Otsu.png
Component: component_1744832837177_219.png
centerX: 0.27992459943449577
centerY: 0.3189622281571919
width: 0.02403393025447691
height: 0.01755055322396032
Area: 6.904286806950746e-05
CentroidX: 0.2924
CentroidY: 0.3269
