Location: Sandro_Ⴎ.jpg_Otsu.png
Component: component_1744832837227_395.png
centerX: 0.16211121583411875
centerY: 0.5062953071346814
width: 0.03440150801131008
height: 0.027851964898893553
Area: 0.0004419462752990869
CentroidX: 0.1800
CentroidY: 0.5194
