Location: Sandro_Ⴎ.jpg_Otsu.png
Component: component_1744750761889_759.png
centerX: 0.3105560791705938
centerY: 0.9492560091568104
width: 0.032516493873704054
height: 0.026325829835940482
Area: 0.0004343947116039845
CentroidX: 0.3291
CentroidY: 0.9614
