Location: Sandro_Ⴎ.jpg_Gaussian-Median.png
Component: component_1744832837570_307.png
centerX: 0.7945334590009425
centerY: 0.39450591377336897
width: 0.024505183788878417
height: 0.016024418161007248
Area: 9.115816174802158e-05
CentroidX: 0.8069
CentroidY: 0.4020
