Location: Sandro_Ⴎ.jpg_Mean-Medain.png
Component: component_1744750762996_693.png
centerX: 0.17813383600377003
centerY: 0.8370850820297596
width: 0.03628652214891612
height: 0.02479969477298741
Area: 0.000411919819654275
CentroidX: 0.1968
CentroidY: 0.8491
