Location: Sandro_Ⴎ.jpg_Otsu.png
Component: component_1744750761769_274.png
centerX: 0.5193213949104618
centerY: 0.36970621900038153
width: 0.02544769085768143
height: 0.016787485692483783
Area: 6.95822654763005e-05
CentroidX: 0.5324
CentroidY: 0.3775
