Location: Sandro_Ⴎ.jpg_Gaussian-Median.png
Component: component_1744750762491_905.png
centerX: 0.5527803958529689
centerY: 0.9580312857687905
width: 0.029688972667295005
height: 0.023655093475772607
Area: 0.0003800953726534864
CentroidX: 0.5684
CentroidY: 0.9689
