Location: Sandro_Ⴎ.jpg_Mean-Medain.png
Component: component_1744750762961_547.png
centerX: 0.39726672950047126
centerY: 0.6974437237695537
width: 0.03722902921771913
height: 0.02518122853872568
Area: 0.0004484190441806032
CentroidX: 0.4163
CentroidY: 0.7091
