Location: Sandro_Ⴎ.jpg_Gaussian-Closing.png
Component: component_1744750762656_472.png
centerX: 0.39255419415645615
centerY: 0.5909958031285769
width: 0.03345900094250707
height: 0.022892025944296072
Area: 0.0003845903510434283
CentroidX: 0.4113
CentroidY: 0.6017
