Location: Sandro_Ⴎ.jpg_Otsu.png
Component: component_1744750761861_640.png
centerX: 0.49198868991517436
centerY: 0.7935902327355971
width: 0.022620169651272386
height: 0.018695154521175122
Area: 7.569543608662147e-05
CentroidX: 0.5048
CentroidY: 0.8018
