Location: Sandro_Ⴎ.jpg_Gaussian-Closing.png
Component: component_1744750762639_404.png
centerX: 0.2064090480678605
centerY: 0.5043876383059901
width: 0.03581526861451461
height: 0.029378099961846624
Area: 0.0004949870203004012
CentroidX: 0.2249
CentroidY: 0.5188
