Location: Sandro_Ⴎ.jpg_Mean-Medain.png
Component: component_1744750762860_126.png
centerX: 0.8327049952874647
centerY: 0.1827546737886303
width: 0.029688972667295005
height: 0.022892025944296072
Area: 0.0003716448132803957
CentroidX: 0.8465
CentroidY: 0.1942
