Location: Sandro_Ⴎ.jpg_Otsu.png
Component: component_1744750761730_94.png
centerX: 0.9151743638077285
centerY: 0.12972148035101105
width: 0.03298774740810556
height: 0.02823349866463182
Area: 0.0004815020851305755
CentroidX: 0.9321
CentroidY: 0.1427
