Location: Sandro_Ⴎ.jpg_Gaussian-Closing.png
Component: component_1744750762615_299.png
centerX: 0.5268614514608859
centerY: 0.3914536436474628
width: 0.02120640904806786
height: 0.017932086989698587
Area: 8.522479027329828e-05
CentroidX: 0.5393
CentroidY: 0.4004
