Location: Sandro_Ⴎ.jpg_Mean-Medain.png
Component: component_1744750763017_789.png
centerX: 0.5852968897266729
centerY: 0.9580312857687905
width: 0.032516493873704054
height: 0.026325829835940482
Area: 0.00044086748048550084
CentroidX: 0.6030
CentroidY: 0.9707
