Location: Sandro_Ⴎ.jpg_Mean-Medain.png
Component: component_1744750762884_251.png
centerX: 0.4858623939679548
centerY: 0.3407096528042732
width: 0.030160226201696512
height: 0.020221289584128194
Area: 0.00010230570815507747
CentroidX: 0.5025
CentroidY: 0.3505
