Location: Sandro_Ⴎ.jpg_Mean-Medain.png
Component: component_1744750762850_86.png
centerX: 0.3953817153628652
centerY: 0.1266692102251049
width: 0.03345900094250707
height: 0.024418161007249143
Area: 0.0004297199340784449
CentroidX: 0.4125
CentroidY: 0.1384
