Location: Sandro_Ⴎ.jpg_Gaussian-Median.png
Component: component_1744750762164_139.png
centerX: 0.17907634307257306
centerY: 0.20030522701259063
width: 0.03157398680490104
height: 0.022128958412819536
Area: 0.0003671498348904538
CentroidX: 0.1954
CentroidY: 0.2105
