Location: Sandro_Ⴎ.jpg_Otsu.png
Component: component_1744750761726_70.png
centerX: 0.883129123468426
centerY: 0.08698969858832507
width: 0.033930254476908575
height: 0.020221289584128194
Area: 0.0003531255023138351
CentroidX: 0.9021
CentroidY: 0.0961
