Location: Sandro_Ⴎ.jpg_Gaussian-Median.png
Component: component_1744832837506_42.png
centerX: 0.827521206409048
centerY: 0.04616558565433041
width: 0.03298774740810556
height: 0.022892025944296072
Area: 0.0003693074245176259
CentroidX: 0.8448
CentroidY: 0.0577
