Location: Sandro_Ⴎ.jpg_Gaussian-Median.png
Component: component_1744832837637_641.png
centerX: 0.47266729500471255
centerY: 0.7325448302174743
width: 0.021677662582469368
height: 0.016405951926745516
Area: 8.306720064612617e-05
CentroidX: 0.4849
CentroidY: 0.7403
