Location: Sandro_Ⴎ.jpg_Gaussian-Median.png
Component: component_1744750762245_334.png
centerX: 0.5216776625824694
centerY: 0.4223578786722625
width: 0.024976437323279924
height: 0.016405951926745516
Area: 8.037021361216103e-05
CentroidX: 0.5353
CentroidY: 0.4301
