Location: Sandro_Ⴎ.jpg_Gaussian-Closing.png
Component: component_1744750762691_658.png
centerX: 0.7134778510838832
centerY: 0.7596337275848912
width: 0.02403393025447691
height: 0.016787485692483783
Area: 8.198840583254011e-05
CentroidX: 0.7267
CentroidY: 0.7680
