Location: Sandro_Ⴎ.jpg_Otsu.png
Component: component_1744832837230_413.png
centerX: 0.9670122525918945
centerY: 0.5272796642502862
width: 0.010838831291234684
height: 0.008393742846241892
Area: 3.6139626255132815e-05
CentroidX: 0.9728
CentroidY: 0.5310
