Location: Sandro_Ⴎ.jpg_Mean-Medain.png
Component: component_1744750763003_722.png
centerX: 0.26767200754005654
centerY: 0.8748569248378482
width: 0.03298774740810556
height: 0.02518122853872568
Area: 0.000384770150179026
CentroidX: 0.2848
CentroidY: 0.8872
