Location: Sandro_Ⴎ.jpg_Gaussian-Closing.png
Component: component_1744750762587_171.png
centerX: 0.4170593779453346
centerY: 0.2571537581075925
width: 0.03110273327049953
height: 0.023655093475772607
Area: 0.00041749359285780295
CentroidX: 0.4340
CentroidY: 0.2682
