Location: Sandro_Ⴎ.jpg_Mean-Medain.png
Component: component_1744750762981_626.png
centerX: 0.13006597549481622
centerY: 0.7787104158718047
width: 0.021677662582469368
height: 0.019458222052651658
Area: 0.00010068751593469839
CentroidX: 0.1411
CentroidY: 0.7881
