Location: Sandro_Ⴎ.jpg_Otsu.png
Component: component_1744832837179_226.png
centerX: 0.5631479736098021
centerY: 0.33422357878672265
width: 0.02827521206409048
height: 0.019458222052651658
Area: 7.353784645944936e-05
CentroidX: 0.5794
CentroidY: 0.3443
