Location: Sandro_Ⴎ.jpg_Mean-Medain.png
Component: component_1744750762850_87.png
centerX: 0.16776625824693686
centerY: 0.12819534528805798
width: 0.036757775683317624
height: 0.024418161007249143
Area: 0.00042468555828171
CentroidX: 0.1875
CentroidY: 0.1396
