Location: Sandro_Ⴎ.jpg_Otsu.png
Component: component_1744750761713_37.png
centerX: 0.5659754948162111
centerY: 0.045402518122853876
width: 0.02827521206409048
height: 0.018313620755436855
Area: 0.00024308843132805755
CentroidX: 0.5799
CentroidY: 0.0544
