Location: Sandro_Ⴎ.jpg_Gaussian-Closing.png
Component: component_1744750762591_190.png
centerX: 0.13807728557964186
centerY: 0.2727966425028615
width: 0.034872761545711596
height: 0.022510492178557804
Area: 0.00039034392338255393
CentroidX: 0.1546
CentroidY: 0.2838
