Location: Sandro_Ⴎ.jpg_Mean-Medain.png
Component: component_1744750762951_510.png
centerX: 0.8845428840716305
centerY: 0.658145745898512
width: 0.02827521206409048
height: 0.020984357115604733
Area: 0.00028480183078671834
CentroidX: 0.9014
CentroidY: 0.6689
