Location: Sandro_Ⴎ.jpg_Gaussian-Closing.png
Component: component_1744750762707_732.png
centerX: 0.588124410933082
centerY: 0.8149561236169401
width: 0.022620169651272386
height: 0.017932086989698587
Area: 8.558438854449363e-05
CentroidX: 0.6014
CentroidY: 0.8234
