Location: Sandro_Ⴎ.jpg_Otsu.png
Component: component_1744750761858_625.png
centerX: 0.55937794533459
centerY: 0.78634109118657
width: 0.029688972667295005
height: 0.020221289584128194
Area: 8.234800410373548e-05
CentroidX: 0.5757
CentroidY: 0.7960
