Location: Sandro_Ⴎ.jpg_Otsu.png
Component: component_1744750761844_565.png
centerX: 0.473138548539114
centerY: 0.7325448302174743
width: 0.02120640904806786
height: 0.016024418161007248
Area: 6.886306893390979e-05
CentroidX: 0.4848
CentroidY: 0.7402
