Location: Sandro_Ⴎ.jpg_Mean-Medain.png
Component: component_1744750762962_548.png
centerX: 0.6866163996229971
centerY: 0.6974437237695537
width: 0.03157398680490104
height: 0.02479969477298741
Area: 0.00039465910263689817
CentroidX: 0.7032
CentroidY: 0.7083
