Location: Sandro_Ⴎ.jpg_Gaussian-Median.png
Component: component_1744750762128_61.png
centerX: 0.6093308199811499
centerY: 0.0843189622281572
width: 0.03628652214891612
height: 0.024036627241510875
Area: 0.0003987944827556447
CentroidX: 0.6302
CentroidY: 0.0948
