Location: Sandro_Ⴎ.jpg_Otsu.png
Component: component_1744832837141_48.png
centerX: 0.7163053722902922
centerY: 0.047310186951545215
width: 0.029217719132893498
height: 0.02174742464708127
Area: 0.0003230990466690232
CentroidX: 0.7315
CentroidY: 0.0572
