Location: Sandro_Ⴎ.jpg_Gaussian-Median.png
Component: component_1744832837656_766.png
centerX: 0.9208294062205467
centerY: 0.8099961846623426
width: 0.01932139491046183
height: 0.019839755818389926
Area: 0.00010446329778224958
CentroidX: 0.9311
CentroidY: 0.8195
