Location: Sandro_Ⴎ.jpg_Otsu.png
Component: component_1744750761828_491.png
centerX: 0.09566446748350613
centerY: 0.6508966043494849
width: 0.03817153628652215
height: 0.022892025944296072
Area: 0.0003795559752466934
CentroidX: 0.1165
CentroidY: 0.6615
