Location: Sandro_Ⴎ.jpg_Mean-Medain.png
Component: component_1744750762979_619.png
centerX: 0.9302544769085768
centerY: 0.759252193819153
width: 0.015551366635249765
height: 0.016787485692483783
Area: 7.875202139178196e-05
CentroidX: 0.9388
CentroidY: 0.7676
