Location: Sandro_Ⴎ.jpg_Otsu.png
Component: component_1744750761769_273.png
centerX: 0.21017907634307256
centerY: 0.3693246852346433
width: 0.023091423185673893
height: 0.018313620755436855
Area: 6.832367152711677e-05
CentroidX: 0.2234
CentroidY: 0.3784
