Location: Sandro_Ⴎ.jpg_Otsu.png
Component: component_1744832837239_464.png
centerX: 0.08718190386427899
centerY: 0.6188477680274704
width: 0.03628652214891612
height: 0.02174742464708127
Area: 0.0003353253878896652
CentroidX: 0.1066
CentroidY: 0.6288
