Location: Sandro_Ⴎ.jpg_Gaussian-Closing.png
Component: component_1744750762622_324.png
centerX: 0.31291234684260133
centerY: 0.40900419687142314
width: 0.026861451460885956
height: 0.018695154521175122
Area: 0.00010068751593469839
CentroidX: 0.3285
CentroidY: 0.4173
