Location: Sandro_Ⴎ.jpg_Mean-Medain.png
Component: component_1744750762855_103.png
centerX: 0.3529688972667295
centerY: 0.13582602060282334
width: 0.03110273327049953
height: 0.027088897367417018
Area: 0.0004588473940452684
CentroidX: 0.3690
CentroidY: 0.1481
