Location: Sandro_Ⴎ.jpg_Otsu.png
Component: component_1744750761713_35.png
centerX: 0.9373232799245994
centerY: 0.04425791682563907
width: 0.029688972667295005
height: 0.01716901945822205
Area: 0.00027185629302368567
CentroidX: 0.9547
CentroidY: 0.0513
