Location: Sandro_Ⴎ.jpg_Mean-Medain.png
Component: component_1744750762902_344.png
centerX: 0.030160226201696512
centerY: 0.4235024799694773
width: 0.036757775683317624
height: 0.02327355971003434
Area: 0.0003594184720597537
CentroidX: 0.0504
CentroidY: 0.4346
