Location: Sandro_Ⴎ.jpg_Otsu.png
Component: component_1744750761843_558.png
centerX: 0.4420358152686145
centerY: 0.7314002289202595
width: 0.020735155513666354
height: 0.017932086989698587
Area: 7.03014620186912e-05
CentroidX: 0.4531
CentroidY: 0.7403
