Location: Sandro_Ⴎ.jpg_Otsu.png
Component: component_1744750761842_555.png
centerX: 0.586239396795476
centerY: 0.7306371613887829
width: 0.024505183788878417
height: 0.014879816863792446
Area: 6.50872870863586e-05
CentroidX: 0.5998
CentroidY: 0.7377
