Location: Sandro_Ⴎ.jpg_Gaussian-Closing.png
Component: component_1744750762669_542.png
centerX: 0.8463713477851084
centerY: 0.6627241510873713
width: 0.026861451460885956
height: 0.02174742464708127
Area: 0.0003721842106871887
CentroidX: 0.8595
CentroidY: 0.6733
