Location: Sandro_Ⴎ.jpg_Gaussian-Median.png
Component: component_1744832837658_781.png
centerX: 0.36239396795475964
centerY: 0.8145745898512018
width: 0.024976437323279924
height: 0.016405951926745516
Area: 8.180860669694244e-05
CentroidX: 0.3756
CentroidY: 0.8225
