Location: Sandro_Ⴎ.jpg_Gaussian-Closing.png
Component: component_1744750762690_651.png
centerX: 0.5339302544769086
centerY: 0.7584891262876765
width: 0.01932139491046183
height: 0.01755055322396032
Area: 8.001061534096568e-05
CentroidX: 0.5452
CentroidY: 0.7670
