Location: Sandro_Ⴎ.jpg_Otsu.png
Component: component_1744750761865_667.png
centerX: 0.3977379830348728
centerY: 0.8164822586798932
width: 0.021677662582469368
height: 0.018695154521175122
Area: 7.407724386624239e-05
CentroidX: 0.4091
CentroidY: 0.8248
