Location: Sandro_Ⴎ.jpg_Gaussian-Closing.png
Component: component_1744750762634_387.png
centerX: 0.6658812441093308
centerY: 0.487218618847768
width: 0.03581526861451461
height: 0.017932086989698587
Area: 0.00034665273343231876
CentroidX: 0.6865
CentroidY: 0.4954
