Location: Sandro_Ⴎ.jpg_Gaussian-Closing.png
Component: component_1744750762731_816.png
centerX: 0.38548539114043356
centerY: 0.9175887066005342
width: 0.03110273327049953
height: 0.02327355971003434
Area: 0.0003948389017724958
CentroidX: 0.4024
CentroidY: 0.9283
