Location: Sandro_Ⴎ.jpg_Gaussian-Closing.png
Component: component_1744750762583_158.png
centerX: 0.05796418473138549
centerY: 0.2266310568485311
width: 0.03440150801131008
height: 0.02518122853872568
Area: 0.0004156956015018262
CentroidX: 0.0752
CentroidY: 0.2391
