Location: Sandro_Ⴎ.jpg_Otsu.png
Component: component_1744750761836_529.png
centerX: 0.8393025447690857
centerY: 0.6966806562380771
width: 0.032516493873704054
height: 0.022510492178557804
Area: 0.0003545638953986165
CentroidX: 0.8574
CentroidY: 0.7083
