Location: Sandro_Ⴎ.jpg_Gaussian-Median.png
Component: component_1744832837673_863.png
centerX: 0.060320452403393024
centerY: 0.9084318962228157
width: 0.03581526861451461
height: 0.020984357115604733
Area: 0.00034197795590677917
CentroidX: 0.0803
CentroidY: 0.9182
