Location: Sandro_Ⴎ.jpg_Gaussian-Closing.png
Component: component_1744750762599_236.png
centerX: 0.7563619227144204
centerY: 0.33422357878672265
width: 0.025918944392082942
height: 0.018313620755436855
Area: 0.00010248550729067514
CentroidX: 0.7698
CentroidY: 0.3427
