Location: Sandro_Ⴎ.jpg_Gaussian-Closing.png
Component: component_1744750762748_845.png
centerX: 0.4651272384542884
centerY: 0.9561236169400992
width: 0.03440150801131008
height: 0.027851964898893553
Area: 0.0004681969490963475
CentroidX: 0.4828
CentroidY: 0.9701
