Location: Sandro_Ⴎ.jpg_Mean-Medain.png
Component: component_1744750762949_496.png
centerX: 0.8341187558906692
centerY: 0.6272415108737123
width: 0.029217719132893498
height: 0.02174742464708127
Area: 0.00035348510058503044
CentroidX: 0.8495
CentroidY: 0.6375
