Location: Sandro_Ⴎ.jpg_Gaussian-Closing.png
Component: component_1744750762584_164.png
centerX: 0.177191328934967
centerY: 0.23998473864937048
width: 0.03298774740810556
height: 0.02327355971003434
Area: 0.0004009520723828168
CentroidX: 0.1947
CentroidY: 0.2517
