Location: Sandro_Ⴎ.jpg_Otsu.png
Component: component_1744832837193_287.png
centerX: 0.45664467483506127
centerY: 0.39107210988172453
width: 0.02403393025447691
height: 0.016787485692483783
Area: 6.850347066271444e-05
CentroidX: 0.4693
CentroidY: 0.3991
