Location: Sandro_Ⴎ.jpg_Gaussian-Median.png
Component: component_1744750762190_194.png
centerX: 0.3374175306314797
centerY: 0.29263639832125143
width: 0.03204524033930255
height: 0.025944296070202214
Area: 0.00044877864245179857
CentroidX: 0.3537
CentroidY: 0.3050
