Location: Sandro_Ⴎ.jpg_Gaussian-Median.png
Component: component_1744750762376_503.png
centerX: 0.21442035815268615
centerY: 0.6196108355589469
width: 0.03864278982092366
height: 0.024418161007249143
Area: 0.0004063460464507471
CentroidX: 0.2345
CentroidY: 0.6317
