Location: Sandro_Ⴎ.jpg_Gaussian-Median.png
Component: component_1744832837553_239.png
centerX: 0.525918944392083
centerY: 0.3372758489126288
width: 0.025918944392082942
height: 0.019839755818389926
Area: 9.54733410023658e-05
CentroidX: 0.5412
CentroidY: 0.3473
