Location: Sandro_Ⴎ.jpg_Gaussian-Median.png
Component: component_1744832837510_54.png
centerX: 0.3774740810556079
centerY: 0.05112552460892789
width: 0.030160226201696512
height: 0.019839755818389926
Area: 0.00020011643792021305
CentroidX: 0.3942
CentroidY: 0.0611
