Location: Sandro_Ⴎ.jpg_Otsu.png
Component: component_1744750761733_108.png
centerX: 0.5249764373232799
centerY: 0.1384967569629912
width: 0.03298774740810556
height: 0.024418161007249143
Area: 0.00037595999253473987
CentroidX: 0.5418
CentroidY: 0.1506
