Location: Sandro_Ⴎ.jpg_Mean-Medain.png
Component: component_1744750762904_347.png
centerX: 0.8317624882186616
centerY: 0.4235024799694773
width: 0.023091423185673893
height: 0.01755055322396032
Area: 8.828137557845877e-05
CentroidX: 0.8453
CentroidY: 0.4312
