Location: Sandro_Ⴎ.jpg_Mean-Medain.png
Component: component_1744750762880_229.png
centerX: 0.08529688972667294
centerY: 0.32888210606638685
width: 0.01932139491046183
height: 0.019839755818389926
Area: 9.439454618877974e-05
CentroidX: 0.0956
CentroidY: 0.3389
