Location: Sandro_Ⴎ.jpg_Mean-Medain.png
Component: component_1744750762918_392.png
centerX: 0.5834118755890669
centerY: 0.48836322014498285
width: 0.03204524033930255
height: 0.02479969477298741
Area: 0.00042216837038334254
CentroidX: 0.6004
CentroidY: 0.5004
