Location: Sandro_Ⴎ.jpg_Gaussian-Closing.png
Component: component_1744750762567_101.png
centerX: 0.8760603204524033
centerY: 0.13201068294544066
width: 0.033930254476908575
height: 0.02479969477298741
Area: 0.00045327362084174045
CentroidX: 0.8945
CentroidY: 0.1428
