Location: Sandro_Ⴎ.jpg_Otsu.png
Component: component_1744832837288_732.png
centerX: 0.26248821866163996
centerY: 0.9111026325829836
width: 0.036757775683317624
height: 0.02670736360167875
Area: 0.0003987944827556447
CentroidX: 0.2808
CentroidY: 0.9245
