Location: Sandro_Ⴎ.jpg_Mean-Medain.png
Component: component_1744750762968_576.png
centerX: 0.8614514608859567
centerY: 0.7310186951545212
width: 0.024976437323279924
height: 0.018313620755436855
Area: 9.079856347682623e-05
CentroidX: 0.8755
CentroidY: 0.7398
