Location: Sandro_Ⴎ.jpg_Gaussian-Closing.png
Component: component_1744750762624_334.png
centerX: 0.4858623939679548
centerY: 0.4223578786722625
width: 0.02544769085768143
height: 0.01716901945822205
Area: 9.061876434122855e-05
CentroidX: 0.5000
CentroidY: 0.4303
