Location: Sandro_Ⴎ.jpg_Mean-Medain.png
Component: component_1744750762992_665.png
centerX: 0.8925541941564562
centerY: 0.8092331171308661
width: 0.022148916116870875
height: 0.02060282334986646
Area: 9.655213581595185e-05
CentroidX: 0.9051
CentroidY: 0.8187
