Location: Sandro_Ⴎ.jpg_Gaussian-Closing.png
Component: component_1744750762552_65.png
centerX: 0.7280867106503299
centerY: 0.085463563525372
width: 0.029217719132893498
height: 0.022510492178557804
Area: 0.0003461133360255257
CentroidX: 0.7440
CentroidY: 0.0958
