Location: Sandro_Ⴎ.jpg_Otsu.png
Component: component_1744750761867_675.png
centerX: 0.13901979264844486
centerY: 0.8351774132010683
width: 0.03581526861451461
height: 0.026325829835940482
Area: 0.0003928611112809214
CentroidX: 0.1579
CentroidY: 0.8483
