Location: Sandro_Ⴎ.jpg_Gaussian-Closing.png
Component: component_1744750762687_639.png
centerX: 0.2511781338360038
centerY: 0.755055322396032
width: 0.0235626767200754
height: 0.016787485692483783
Area: 8.702278162927504e-05
CentroidX: 0.2645
CentroidY: 0.7626
