Location: Sandro_Ⴎ.jpg_Gaussian-Closing.png
Component: component_1744750762628_357.png
centerX: 0.4048067860508954
centerY: 0.4448683708508203
width: 0.0353440150801131
height: 0.02861503243037009
Area: 0.00048797485401209185
CentroidX: 0.4225
CentroidY: 0.4585
