Location: Sandro_Ⴎ.jpg_Gaussian-Median.png
Component: component_1744832837564_281.png
centerX: 0.2403393025447691
centerY: 0.37199542159481114
width: 0.026861451460885956
height: 0.016405951926745516
Area: 8.702278162927504e-05
CentroidX: 0.2545
CentroidY: 0.3805
