Location: Sandro_Ⴎ.jpg_Otsu.png
Component: component_1744750761860_634.png
centerX: 0.35579641847313853
centerY: 0.7890118275467379
width: 0.024505183788878417
height: 0.01907668828691339
Area: 7.731362830700055e-05
CentroidX: 0.3695
CentroidY: 0.7978
