Location: Sandro_Ⴎ.jpg_Gaussian-Closing.png
Component: component_1744750762666_529.png
centerX: 0.36286522148916117
centerY: 0.6604349484929416
width: 0.03581526861451461
height: 0.024418161007249143
Area: 0.00044068768134990314
CentroidX: 0.3822
CentroidY: 0.6716
