Location: Sandro_Ⴎ.jpg_Mean-Medain.png
Component: component_1744750762896_304.png
centerX: 0.7686145146088595
centerY: 0.39336131247615413
width: 0.020263901979264844
height: 0.01716901945822205
Area: 8.774197817166574e-05
CentroidX: 0.7788
CentroidY: 0.4017
