Location: Sandro_Ⴎ.jpg_Mean-Medain.png
Component: component_1744750762929_420.png
centerX: 0.6093308199811499
centerY: 0.5230827928271652
width: 0.03440150801131008
height: 0.024418161007249143
Area: 0.00040742484126433313
CentroidX: 0.6270
CentroidY: 0.5343
