Location: Sandro_Ⴎ.jpg_Gaussian-Closing.png
Component: component_1744750762578_129.png
centerX: 0.7544769085768144
centerY: 0.18313620755436857
width: 0.029688972667295005
height: 0.022510492178557804
Area: 0.0004077844395355285
CentroidX: 0.7705
CentroidY: 0.1932
