Location: Sandro_Ⴎ.jpg_Gaussian-Median.png
Component: component_1744832837548_218.png
centerX: 0.17436380772855797
centerY: 0.31133155284242653
width: 0.024505183788878417
height: 0.01564288439526898
Area: 7.947121793417266e-05
CentroidX: 0.1875
CentroidY: 0.3190
