Location: Sandro_Ⴎ.jpg_Otsu.png
Component: component_1744750761823_478.png
centerX: 0.7898209236569275
centerY: 0.6257153758107592
width: 0.032516493873704054
height: 0.022128958412819536
Area: 0.00036894782624643054
CentroidX: 0.8073
CentroidY: 0.6361
