Location: Sandro_Ⴎ.jpg_Gaussian-Closing.png
Component: component_1744750762533_18.png
centerX: 0.3114985862393968
centerY: 0.008393742846241892
width: 0.03345900094250707
height: 0.021365890881343
Area: 0.0003631942539073049
CentroidX: 0.3298
CentroidY: 0.0187
