Location: Sandro_Ⴎ.jpg_Otsu.png
Component: component_1744750761833_517.png
centerX: 0.0937794533459001
centerY: 0.6886684471575735
width: 0.03581526861451461
height: 0.025562762304463946
Area: 0.00038584894499261204
CentroidX: 0.1130
CentroidY: 0.7011
