Location: Sandro_Ⴎ.jpg_Gaussian-Median.png
Component: component_1744832837581_335.png
centerX: 0.680961357210179
centerY: 0.42197634490652425
width: 0.0235626767200754
height: 0.019458222052651658
Area: 9.457434532437742e-05
CentroidX: 0.6947
CentroidY: 0.4313
