Location: Sandro_Ⴎ.jpg_Mean-Medain.png
Component: component_1744750762904_348.png
centerX: 0.8836003770028276
centerY: 0.4235024799694773
width: 0.01932139491046183
height: 0.018695154521175122
Area: 8.756217903606806e-05
CentroidX: 0.8943
CentroidY: 0.4324
