Location: Sandro_Ⴎ.jpg_Otsu.png
Component: component_1744750761761_228.png
centerX: 0.6437323279924599
centerY: 0.33422357878672265
width: 0.0235626767200754
height: 0.018695154521175122
Area: 6.796407325592142e-05
CentroidX: 0.6572
CentroidY: 0.3432
