Location: Sandro_Ⴎ.jpg_Otsu.png
Component: component_1744750761756_205.png
centerX: 0.08671065032987747
centerY: 0.3010301411674933
width: 0.017436380772855798
height: 0.014498283098054178
Area: 5.519833462848644e-05
CentroidX: 0.0952
CentroidY: 0.3081
