Location: Sandro_Ⴎ.jpg_Gaussian-Closing.png
Component: component_1744750762676_568.png
centerX: 0.8393025447690857
centerY: 0.6966806562380771
width: 0.03298774740810556
height: 0.022892025944296072
Area: 0.0003809943683314748
CentroidX: 0.8575
CentroidY: 0.7082
