Location: Sandro_Ⴎ.jpg_Otsu.png
Component: component_1744832837235_441.png
centerX: 0.13242224316682374
centerY: 0.5875619992369324
width: 0.03581526861451461
height: 0.02174742464708127
Area: 0.00035348510058503044
CentroidX: 0.1517
CentroidY: 0.5978
