Location: Sandro_Ⴎ.jpg_Gaussian-Closing.png
Component: component_1744750762633_382.png
centerX: 0.3934967012252592
centerY: 0.47996947729874095
width: 0.030160226201696512
height: 0.025944296070202214
Area: 0.0004277421435868705
CentroidX: 0.4096
CentroidY: 0.4918
