Location: Sandro_Ⴎ.jpg_Gaussian-Median.png
Component: component_1744832837523_114.png
centerX: 0.1701225259189444
centerY: 0.16215185043876382
width: 0.02639019792648445
height: 0.022510492178557804
Area: 0.0003301112129573326
CentroidX: 0.1839
CentroidY: 0.1729
