Location: Sandro_Ⴎ.jpg_Otsu.png
Component: component_1744750761813_437.png
centerX: 0.04241281809613572
centerY: 0.5829835940480732
width: 0.03770028275212064
height: 0.024418161007249143
Area: 0.00034215775504237687
CentroidX: 0.0630
CentroidY: 0.5946
