Location: Sandro_Ⴎ.jpg_Otsu.png
Component: component_1744750761795_369.png
centerX: 0.15692742695570217
centerY: 0.470049599389546
width: 0.03157398680490104
height: 0.025944296070202214
Area: 0.00037991557351788876
CentroidX: 0.1730
CentroidY: 0.4824
