Location: Sandro_Ⴎ.jpg_Gaussian-Median.png
Component: component_1744832837526_128.png
centerX: 0.794062205466541
centerY: 0.1827546737886303
width: 0.029688972667295005
height: 0.02174742464708127
Area: 0.00035582248934780023
CentroidX: 0.8102
CentroidY: 0.1930
