Location: Sandro_Ⴎ.jpg_Mean-Medain.png
Component: component_1744750762975_602.png
centerX: 0.31479736098020733
centerY: 0.7577260587561999
width: 0.02403393025447691
height: 0.01755055322396032
Area: 9.007936693443553e-05
CentroidX: 0.3271
CentroidY: 0.7662
