Location: Sandro_Ⴎ.jpg_Otsu.png
Component: component_1744832837281_693.png
centerX: 0.7601319509896324
centerY: 0.844715757344525
width: 0.03298774740810556
height: 0.025562762304463946
Area: 0.000404727854230368
CentroidX: 0.7780
CentroidY: 0.8559
