Location: Sandro_Ⴎ.jpg_Gaussian-Median.png
Component: component_1744750762174_143.png
centerX: 0.34307257304429783
centerY: 0.21213277375047693
width: 0.03157398680490104
height: 0.025562762304463946
Area: 0.0004424856727058799
CentroidX: 0.3602
CentroidY: 0.2238
