Location: Sandro_Ⴎ.jpg_Gaussian-Median.png
Component: component_1744750762460_767.png
centerX: 0.265315739868049
centerY: 0.8111407859595574
width: 0.02639019792648445
height: 0.019839755818389926
Area: 9.421474705318207e-05
CentroidX: 0.2789
CentroidY: 0.8206
