Location: Sandro_Ⴎ.jpg_Mean-Medain.png
Component: component_1744750762946_481.png
centerX: 0.33883129123468425
centerY: 0.6230446394505914
width: 0.032516493873704054
height: 0.026325829835940482
Area: 0.00041371781101025176
CentroidX: 0.3569
CentroidY: 0.6354
