Location: Sandro_Ⴎ.jpg_Mean-Medain.png
Component: component_1744750762840_65.png
centerX: 0.6899151743638078
centerY: 0.0866081648225868
width: 0.028746465598491987
height: 0.022510492178557804
Area: 0.00029540997978698115
CentroidX: 0.7044
CentroidY: 0.0966
