Location: Sandro_Ⴎ.jpg_Otsu.png
Component: component_1744832837248_520.png
centerX: 0.22525918944392084
centerY: 0.6924837848149561
width: 0.03958529688972667
height: 0.025562762304463946
Area: 0.0004419462752990869
CentroidX: 0.2449
CentroidY: 0.7053
