Location: Sandro_Ⴎ.jpg_Gaussian-Median.png
Component: component_1744832837664_822.png
centerX: 0.7992459943449576
centerY: 0.8454788248760016
width: 0.03581526861451461
height: 0.027470431133155285
Area: 0.0004597463897232568
CentroidX: 0.8182
CentroidY: 0.8580
