Location: Sandro_Ⴎ.jpg_Otsu.png
Component: component_1744832837207_325.png
centerX: 0.5216776625824694
centerY: 0.4223578786722625
width: 0.024505183788878417
height: 0.016405951926745516
Area: 6.472768881516325e-05
CentroidX: 0.5352
CentroidY: 0.4300
