Location: Sandro_Ⴎ.jpg_Gaussian-Median.png
Component: component_1744750762278_397.png
centerX: 0.9142318567389256
centerY: 0.49179702403662723
width: 0.03157398680490104
height: 0.02060282334986646
Area: 0.0003583396772461677
CentroidX: 0.9288
CentroidY: 0.5017
