Location: Sandro_Ⴎ.jpg_Mean-Medain.png
Component: component_1744750762997_696.png
centerX: 0.264373232799246
centerY: 0.8409004196871424
width: 0.0353440150801131
height: 0.02670736360167875
Area: 0.0004178531911289983
CentroidX: 0.2836
CentroidY: 0.8535
