Location: Sandro_Ⴎ.jpg_Mean-Medain.png
Component: component_1744750762863_140.png
centerX: 0.34307257304429783
centerY: 0.21213277375047693
width: 0.03204524033930255
height: 0.025562762304463946
Area: 0.00044859884331620086
CentroidX: 0.3602
CentroidY: 0.2238
