Location: Sandro_Ⴎ.jpg_Gaussian-Median.png
Component: component_1744750762380_511.png
centerX: 0.3770028275212064
centerY: 0.6245707745135445
width: 0.03440150801131008
height: 0.024036627241510875
Area: 0.00040131167065401215
CentroidX: 0.3962
CentroidY: 0.6358
