Location: Sandro_Ⴎ.jpg_Mean-Medain.png
Component: component_1744750763010_753.png
centerX: 0.8105560791705938
centerY: 0.9156810377718428
width: 0.029688972667295005
height: 0.027088897367417018
Area: 0.00043313611765480076
CentroidX: 0.8267
CentroidY: 0.9288
