Location: Sandro_Ⴎ.jpg_Otsu.png
Component: component_1744832837128_5.png
centerX: 0.7992459943449576
centerY: 0.0007630675314765357
width: 0.028746465598491987
height: 0.02327355971003434
Area: 0.0003299314138217349
CentroidX: 0.8144
CentroidY: 0.0122
