Location: Sandro_Ⴎ.jpg_Otsu.png
Component: component_1744832837260_576.png
centerX: 0.0885956644674835
centerY: 0.7497138496756963
width: 0.024976437323279924
height: 0.016405951926745516
Area: 6.994186374749585e-05
CentroidX: 0.1030
CentroidY: 0.7571
