Location: Sandro_Ⴎ.jpg_Gaussian-Median.png
Component: component_1744832837534_157.png
centerX: 0.8011310084825636
centerY: 0.22510492178557803
width: 0.036757775683317624
height: 0.02174742464708127
Area: 0.00037685898821272827
CentroidX: 0.8211
CentroidY: 0.2350
