Location: Sandro_Ⴎ.jpg_Otsu.png
Component: component_1744832837255_561.png
centerX: 0.8619227144203582
centerY: 0.7310186951545212
width: 0.024505183788878417
height: 0.017932086989698587
Area: 7.10206585610819e-05
CentroidX: 0.8755
CentroidY: 0.7399
