Location: Sandro_Ⴎ.jpg_Gaussian-Median.png
Component: component_1744832837520_96.png
centerX: 0.6658812441093308
centerY: 0.13086608164822586
width: 0.0353440150801131
height: 0.027088897367417018
Area: 0.00045183522775695906
CentroidX: 0.6850
CentroidY: 0.1441
