Location: Sandro_Ⴎ.jpg_Mean-Medain.png
Component: component_1744750763013_766.png
centerX: 0.5409990574929312
centerY: 0.9225486455551316
width: 0.03440150801131008
height: 0.025562762304463946
Area: 0.00038818633375538184
CentroidX: 0.5599
CentroidY: 0.9348
