Location: Sandro_Ⴎ.jpg_Mean-Medain.png
Component: component_1744750762942_461.png
centerX: 0.30348727615457116
centerY: 0.5898512018313621
width: 0.032516493873704054
height: 0.02479969477298741
Area: 0.0004049076533659657
CentroidX: 0.3205
CentroidY: 0.6020
