Location: Sandro_Ⴎ.jpg_Gaussian-Closing.png
Component: component_1744750762717_783.png
centerX: 0.3477851083883129
centerY: 0.8779091949637543
width: 0.032516493873704054
height: 0.02479969477298741
Area: 0.00042144917384095184
CentroidX: 0.3652
CentroidY: 0.8895
