Location: Sandro_Ⴎ.jpg_Gaussian-Closing.png
Component: component_1744750762707_730.png
centerX: 0.797832233741753
centerY: 0.8134299885539871
width: 0.0235626767200754
height: 0.017932086989698587
Area: 9.960872112111234e-05
CentroidX: 0.8115
CentroidY: 0.8215
