Location: Sandro_Ⴎ.jpg_Gaussian-Median.png
Component: component_1744832837678_891.png
centerX: 0.38595664467483504
centerY: 0.9484929416253338
width: 0.034872761545711596
height: 0.028996566196108357
Area: 0.00047700710674063363
CentroidX: 0.4044
CentroidY: 0.9625
