Location: Sandro_Ⴎ.jpg_Gaussian-Median.png
Component: component_1744750762224_260.png
centerX: 0.9429783223374175
centerY: 0.363220144982831
width: 0.022620169651272386
height: 0.019458222052651658
Area: 9.493394359557277e-05
CentroidX: 0.9554
CentroidY: 0.3732
