Location: Sandro_Ⴎ.jpg_Otsu.png
Component: component_1744750761815_446.png
centerX: 0.9382657869934025
centerY: 0.588325066768409
width: 0.02544769085768143
height: 0.022892025944296072
Area: 0.0003108727054483813
CentroidX: 0.9514
CentroidY: 0.5988
