Location: Sandro_Ⴎ.jpg_Gaussian-Closing.png
Component: component_1744750762648_446.png
centerX: 0.6639962299717248
centerY: 0.5547500953834414
width: 0.03864278982092366
height: 0.02479969477298741
Area: 0.0004816818842661732
CentroidX: 0.6858
CentroidY: 0.5661
