Location: Sandro_Ⴎ.jpg_Gaussian-Median.png
Component: component_1744750762135_84.png
centerX: 0.36145146088595664
centerY: 0.10186951545211752
width: 0.03110273327049953
height: 0.024036627241510875
Area: 0.0003916025173317377
CentroidX: 0.3785
CentroidY: 0.1131
