Location: Sandro_Ⴎ.jpg_Gaussian-Median.png
Component: component_1744750762127_59.png
centerX: 0.005655042412818096
centerY: 0.08126669210225104
width: 0.028746465598491987
height: 0.019839755818389926
Area: 0.0003013433512617045
CentroidX: 0.0213
CentroidY: 0.0907
