Location: Sandro_Ⴎ.jpg_Otsu.png
Component: component_1744832837130_17.png
centerX: 0.5937794533459001
centerY: 0.008012209080503624
width: 0.03110273327049953
height: 0.021365890881343
Area: 0.0003105131071771859
CentroidX: 0.6110
CentroidY: 0.0182
