Location: Sandro_Ⴎ.jpg_Otsu.png
Component: component_1744832837221_373.png
centerX: 0.3647502356267672
centerY: 0.4788248760015261
width: 0.024976437323279924
height: 0.027088897367417018
Area: 0.00039376010695890977
CentroidX: 0.3761
CentroidY: 0.4920
