Location: Sandro_Ⴎ.jpg_Gaussian-Closing.png
Component: component_1744750762689_648.png
centerX: 0.7775683317624882
centerY: 0.7581075925219382
width: 0.02403393025447691
height: 0.016405951926745516
Area: 7.929141879857499e-05
CentroidX: 0.7925
CentroidY: 0.7662
