Location: Sandro_Ⴎ.jpg_Gaussian-Median.png
Component: component_1744750762448_720.png
centerX: 0.09236569274269557
centerY: 0.7771842808088516
width: 0.03110273327049953
height: 0.011446012972148036
Area: 9.169755915481461e-05
CentroidX: 0.1102
CentroidY: 0.7828
