Location: Sandro_Ⴎ.jpg_Mean-Medain.png
Component: component_1744750762950_504.png
centerX: 0.09519321394910461
centerY: 0.6505150705837467
width: 0.039114043355325166
height: 0.02327355971003434
Area: 0.0004133582127390564
CentroidX: 0.1166
CentroidY: 0.6614
