Location: Sandro_Ⴎ.jpg_Gaussian-Median.png
Component: component_1744832837506_39.png
centerX: 0.33694627709707825
centerY: 0.04616558565433041
width: 0.030631479736098022
height: 0.027088897367417018
Area: 0.00044212607443468453
CentroidX: 0.3538
CentroidY: 0.0587
