Location: Sandro_Ⴎ.jpg_Gaussian-Closing.png
Component: component_1744750762598_234.png
centerX: 0.6041470311027333
centerY: 0.33422357878672265
width: 0.0235626767200754
height: 0.02060282334986646
Area: 9.565314013796348e-05
CentroidX: 0.6178
CentroidY: 0.3445
