Location: Sandro_Ⴎ.jpg_Otsu.png
Component: component_1744750761774_293.png
centerX: 0.9373232799245994
centerY: 0.3925982449446776
width: 0.02120640904806786
height: 0.015261350629530714
Area: 6.382869313717488e-05
CentroidX: 0.9489
CentroidY: 0.3999
