Location: Sandro_Ⴎ.jpg_Mean-Medain.png
Component: component_1744750762899_325.png
centerX: 0.31291234684260133
centerY: 0.40900419687142314
width: 0.026861451460885956
height: 0.018695154521175122
Area: 9.709153322274488e-05
CentroidX: 0.3285
CentroidY: 0.4173
