Location: Sandro_Ⴎ.jpg_Otsu.png
Component: component_1744832837260_574.png
centerX: 0.05136663524976438
centerY: 0.7485692483784815
width: 0.027803958529688973
height: 0.01564288439526898
Area: 6.688527844233536e-05
CentroidX: 0.0672
CentroidY: 0.7555
