Location: Sandro_Ⴎ.jpg_Gaussian-Closing.png
Component: component_1744750762546_41.png
centerX: 0.0051837888784165885
centerY: 0.04654711942006868
width: 0.02639019792648445
height: 0.018313620755436855
Area: 0.00030745652187202547
CentroidX: 0.0196
CentroidY: 0.0549
