Location: Sandro_Ⴎ.jpg_Mean-Medain.png
Component: component_1744750762982_630.png
centerX: 0.22054665409990576
centerY: 0.7821442197634491
width: 0.024505183788878417
height: 0.016405951926745516
Area: 8.486519200210293e-05
CentroidX: 0.2343
CentroidY: 0.7899
