Location: Sandro_Ⴎ.jpg_Otsu.png
Component: component_1744832837186_258.png
centerX: 0.7865221489161168
centerY: 0.3651278138115223
width: 0.020735155513666354
height: 0.01716901945822205
Area: 6.598628276434699e-05
CentroidX: 0.7969
CentroidY: 0.3733
