Location: Sandro_Ⴎ.jpg_Gaussian-Closing.png
Component: component_1744750762693_679.png
centerX: 0.15975494816211122
centerY: 0.7802365509347577
width: 0.022620169651272386
height: 0.01564288439526898
Area: 8.414599545971223e-05
CentroidX: 0.1724
CentroidY: 0.7872
