Location: Sandro_Ⴎ.jpg_Gaussian-Closing.png
Component: component_1744750762695_686.png
centerX: 0.9278982092365693
centerY: 0.784814956123617
width: 0.020735155513666354
height: 0.01564288439526898
Area: 9.09783626124239e-05
CentroidX: 0.9385
CentroidY: 0.7919
