Location: Sandro_Ⴎ.jpg_Otsu.png
Component: component_1744832837139_39.png
centerX: 0.00471253534401508
centerY: 0.04616558565433041
width: 0.026861451460885956
height: 0.018695154521175122
Area: 0.0003058383296516464
CentroidX: 0.0194
CentroidY: 0.0549
