Location: Sandro_Ⴎ.jpg_Gaussian-Closing.png
Component: component_1744750762707_731.png
centerX: 0.36286522148916117
centerY: 0.8145745898512018
width: 0.024505183788878417
height: 0.016405951926745516
Area: 8.126920929014942e-05
CentroidX: 0.3757
CentroidY: 0.8225
