Location: Sandro_Ⴎ.jpg_Gaussian-Closing.png
Component: component_1744750762599_240.png
centerX: 0.7926484448633365
centerY: 0.3368943151468905
width: 0.021677662582469368
height: 0.018695154521175122
Area: 9.133796088361925e-05
CentroidX: 0.8037
CentroidY: 0.3460
