Location: Sandro_Ⴎ.jpg_Otsu.png
Component: component_1744750761884_749.png
centerX: 0.5819981149858624
centerY: 0.9217855780236551
width: 0.032516493873704054
height: 0.026325829835940482
Area: 0.0003817135648738655
CentroidX: 0.5999
CentroidY: 0.9343
