Location: Sandro_Ⴎ.jpg_Gaussian-Closing.png
Component: component_1744750762683_616.png
centerX: 0.8001885014137606
centerY: 0.732163296451736
width: 0.022148916116870875
height: 0.01755055322396032
Area: 8.324699978172385e-05
CentroidX: 0.8133
CentroidY: 0.7408
