Location: Sandro_Ⴎ.jpg_Otsu.png
Component: component_1744750761766_256.png
centerX: 0.13854853911404336
centerY: 0.36398321251430754
width: 0.024505183788878417
height: 0.01564288439526898
Area: 6.598628276434699e-05
CentroidX: 0.1515
CentroidY: 0.3715
