Location: Sandro_Ⴎ.jpg_Mean-Medain.png
Component: component_1744750762942_462.png
centerX: 0.352497643732328
centerY: 0.5898512018313621
width: 0.029217719132893498
height: 0.025944296070202214
Area: 0.0003854893467214167
CentroidX: 0.3675
CentroidY: 0.6029
