Location: Sandro_Ⴎ.jpg_Gaussian-Closing.png
Component: component_1744750762680_602.png
centerX: 0.34967012252591895
centerY: 0.7287294925600916
width: 0.020735155513666354
height: 0.01907668828691339
Area: 9.02591660700332e-05
CentroidX: 0.3603
CentroidY: 0.7378
