Location: Sandro_Ⴎ.jpg_Gaussian-Median.png
Component: component_1744832837604_425.png
centerX: 0.8223374175306315
centerY: 0.5215566577642121
width: 0.0353440150801131
height: 0.02479969477298741
Area: 0.00045920699231646373
CentroidX: 0.8406
CentroidY: 0.5338
