Location: Sandro_Ⴎ.jpg_Gaussian-Median.png
Component: component_1744832837577_321.png
centerX: 0.3124410933081998
centerY: 0.40900419687142314
width: 0.027332704995287466
height: 0.018695154521175122
Area: 0.00010104711420589375
CentroidX: 0.3284
CentroidY: 0.4173
