Location: Sandro_Ⴎ.jpg_Gaussian-Closing.png
Component: component_1744750762534_23.png
centerX: 0.354382657869934
centerY: 0.0106829454406715
width: 0.030631479736098022
height: 0.019839755818389926
Area: 0.00032489703802499997
CentroidX: 0.3704
CentroidY: 0.0201
