Location: Sandro_Ⴎ.jpg_Gaussian-Median.png
Component: component_1744832837603_421.png
centerX: 0.5636192271442035
centerY: 0.520030522701259
width: 0.032516493873704054
height: 0.029759633727584892
Area: 0.0005124275364533757
CentroidX: 0.5799
CentroidY: 0.5344
