Location: Sandro_Ⴎ.jpg_Gaussian-Closing.png
Component: component_1744750762634_384.png
centerX: 0.4655984919886899
centerY: 0.48378481495612363
width: 0.030160226201696512
height: 0.02479969477298741
Area: 0.0003955580983148865
CentroidX: 0.4828
CentroidY: 0.4953
