Location: Sandro_Ⴎ.jpg_Gaussian-Median.png
Component: component_1744750762181_166.png
centerX: 0.2511781338360038
centerY: 0.24608927890118276
width: 0.030160226201696512
height: 0.02670736360167875
Area: 0.0004417664761634892
CentroidX: 0.2666
CentroidY: 0.2586
