Location: Sandro_Ⴎ.jpg_Otsu.png
Component: component_1744750761757_208.png
centerX: 0.6074458058435438
centerY: 0.30064860740175503
width: 0.032516493873704054
height: 0.024418161007249143
Area: 0.000371465014144798
CentroidX: 0.6231
CentroidY: 0.3122
