Location: Sandro_Ⴎ.jpg_Mean-Medain.png
Component: component_1744750762910_364.png
centerX: 0.5754005655042412
centerY: 0.4509729111026326
width: 0.02639019792648445
height: 0.03128576879053796
Area: 0.0004847384695713337
CentroidX: 0.5872
CentroidY: 0.4666
