Location: Sandro_Ⴎ.jpg_Gaussian-Closing.png
Component: component_1744750762539_33.png
centerX: 0.2521206409048068
centerY: 0.04502098435711561
width: 0.032516493873704054
height: 0.02823349866463182
Area: 0.000471253534401508
CentroidX: 0.2677
CentroidY: 0.0594
