Location: Sandro_Ⴎ.jpg_Mean-Medain.png
Component: component_1744750762873_190.png
centerX: 0.21300659754948162
centerY: 0.27966425028615033
width: 0.03345900094250707
height: 0.02479969477298741
Area: 0.0004072450421287355
CentroidX: 0.2296
CentroidY: 0.2923
