Location: Sandro_Ⴎ.jpg_Otsu.png
Component: component_1744832837166_162.png
centerX: 0.1357210179076343
centerY: 0.23426173216329646
width: 0.029217719132893498
height: 0.02670736360167875
Area: 0.00038063477006027946
CentroidX: 0.1508
CentroidY: 0.2475
