Location: Sandro_Ⴎ.jpg_Mean-Medain.png
Component: component_1744750762991_661.png
centerX: 0.1583411875589067
centerY: 0.807706982067913
width: 0.02827521206409048
height: 0.01755055322396032
Area: 9.061876434122855e-05
CentroidX: 0.1739
CentroidY: 0.8159
