Location: Sandro_Ⴎ.jpg_Gaussian-Median.png
Component: component_1744832837551_228.png
centerX: 0.11215834118755891
centerY: 0.3323159099580313
width: 0.02403393025447691
height: 0.01716901945822205
Area: 9.331575137519368e-05
CentroidX: 0.1257
CentroidY: 0.3402
