Location: Sandro_Ⴎ.jpg_Otsu.png
Component: component_1744832837227_397.png
centerX: 0.24882186616399624
centerY: 0.5085845097291111
width: 0.03440150801131008
height: 0.02518122853872568
Area: 0.00043169772457001936
CentroidX: 0.2653
CentroidY: 0.5214
