Location: Sandro_Ⴎ.jpg_Otsu.png
Component: component_1744832837187_264.png
centerX: 0.48444863336475025
centerY: 0.3670354826402137
width: 0.026861451460885956
height: 0.016405951926745516
Area: 6.472768881516325e-05
CentroidX: 0.5000
CentroidY: 0.3757
