Location: Sandro_Ⴎ.jpg_Gaussian-Median.png
Component: component_1744750762181_168.png
centerX: 0.3360037700282752
centerY: 0.2514307516215185
width: 0.028746465598491987
height: 0.027470431133155285
Area: 0.00046478076551999167
CentroidX: 0.3502
CentroidY: 0.2649
