Location: Sandro_Ⴎ.jpg_Gaussian-Closing.png
Component: component_1744750762564_92.png
centerX: 0.9151743638077285
centerY: 0.12933994658527279
width: 0.03345900094250707
height: 0.028996566196108357
Area: 0.0005023587848599059
CentroidX: 0.9322
CentroidY: 0.1428
