Location: Sandro_Ⴎ.jpg_Gaussian-Closing.png
Component: component_1744750762599_241.png
centerX: 0.823751178133836
centerY: 0.3368943151468905
width: 0.0235626767200754
height: 0.016787485692483783
Area: 8.702278162927504e-05
CentroidX: 0.8363
CentroidY: 0.3456
