Location: Sandro_Ⴎ.jpg_Gaussian-Median.png
Component: component_1744832837581_337.png
centerX: 0.8595664467483506
centerY: 0.42197634490652425
width: 0.017436380772855798
height: 0.017932086989698587
Area: 8.414599545971223e-05
CentroidX: 0.8692
CentroidY: 0.4307
