Location: Sandro_Ⴎ.jpg_Mean-Medain.png
Component: component_1744750762924_405.png
centerX: 0.2064090480678605
centerY: 0.5047691720717283
width: 0.03581526861451461
height: 0.028996566196108357
Area: 0.0004982234047411593
CentroidX: 0.2249
CentroidY: 0.5188
