Location: Sandro_Ⴎ.jpg_Otsu.png
Component: component_1744750761783_338.png
centerX: 0.6517436380772855
centerY: 0.4246470812666921
width: 0.022148916116870875
height: 0.016787485692483783
Area: 6.274989832358882e-05
CentroidX: 0.6637
CentroidY: 0.4326
