Location: Sandro_Ⴎ.jpg_Gaussian-Median.png
Component: component_1744832837659_784.png
centerX: 0.5570216776625825
centerY: 0.8161007249141549
width: 0.02120640904806786
height: 0.018313620755436855
Area: 8.522479027329828e-05
CentroidX: 0.5682
CentroidY: 0.8243
