Location: Sandro_Ⴎ.jpg_Mean-Medain.png
Component: component_1744750762900_329.png
centerX: 0.41658812441093307
centerY: 0.41472720335749713
width: 0.023091423185673893
height: 0.01716901945822205
Area: 8.396619632411455e-05
CentroidX: 0.4289
CentroidY: 0.4229
