Location: Sandro_Ⴎ.jpg_Otsu.png
Component: component_1744750761797_376.png
centerX: 0.4655984919886899
centerY: 0.48378481495612363
width: 0.030160226201696512
height: 0.02479969477298741
Area: 0.00038441055190783065
CentroidX: 0.4828
CentroidY: 0.4953
