Location: Sandro_Ⴎ.jpg_Otsu.png
Component: component_1744750761776_305.png
centerX: 0.8261074458058435
centerY: 0.3952689813048455
width: 0.01932139491046183
height: 0.016024418161007248
Area: 6.364889400157719e-05
CentroidX: 0.8360
CentroidY: 0.4031
