Location: Sandro_Ⴎ.jpg_Mean-Medain.png
Component: component_1744750762977_607.png
centerX: 0.7770970782280867
centerY: 0.7577260587561999
width: 0.024505183788878417
height: 0.016787485692483783
Area: 7.929141879857499e-05
CentroidX: 0.7925
CentroidY: 0.7662
