Location: Sandro_Ⴎ.jpg_Mean-Medain.png
Component: component_1744750762881_236.png
centerX: 0.3826578699340245
centerY: 0.3349866463181992
width: 0.024976437323279924
height: 0.018695154521175122
Area: 8.918037125644714e-05
CentroidX: 0.3964
CentroidY: 0.3436
