Location: Sandro_Ⴎ.jpg_Otsu.png
Component: component_1744750761746_167.png
centerX: 0.3364750235626767
centerY: 0.25181228538725675
width: 0.027803958529688973
height: 0.02670736360167875
Area: 0.00043691189950235195
CentroidX: 0.3502
CentroidY: 0.2648
