Location: Sandro_Ⴎ.jpg_Otsu.png
Component: component_1744750761776_303.png
centerX: 0.586239396795476
centerY: 0.39565051507058374
width: 0.026861451460885956
height: 0.014498283098054178
Area: 6.310949659478417e-05
CentroidX: 0.6016
CentroidY: 0.4024
