Location: Sandro_Ⴎ.jpg_Gaussian-Median.png
Component: component_1744832837600_396.png
centerX: 0.8336475023562677
centerY: 0.491415490270889
width: 0.03298774740810556
height: 0.02327355971003434
Area: 0.0004104814265694936
CentroidX: 0.8511
CentroidY: 0.5017
