Location: Sandro_Ⴎ.jpg_Otsu.png
Component: component_1744750761708_22.png
centerX: 0.08671065032987747
centerY: 0.0106829454406715
width: 0.027803958529688973
height: 0.022892025944296072
Area: 0.00029415138583779746
CentroidX: 0.1021
CentroidY: 0.0216
