Location: Sandro_Ⴎ.jpg_Otsu.png
Component: component_1744750761735_120.png
centerX: 0.6371347785108389
centerY: 0.17626859977107975
width: 0.03628652214891612
height: 0.020984357115604733
Area: 0.00036049726687333977
CentroidX: 0.6570
CentroidY: 0.1863
