Location: Sandro_Ⴎ.jpg_Mean-Medain.png
Component: component_1744750762934_445.png
centerX: 0.8053722902921772
centerY: 0.5558946966806563
width: 0.03581526861451461
height: 0.02518122853872568
Area: 0.0004410472796210985
CentroidX: 0.8243
CentroidY: 0.5677
