Location: Sandro_Ⴎ.jpg_Gaussian-Median.png
Component: component_1744750762399_563.png
centerX: 0.8463713477851084
centerY: 0.6627241510873713
width: 0.026861451460885956
height: 0.02174742464708127
Area: 0.000371465014144798
CentroidX: 0.8595
CentroidY: 0.6733
