Location: Sandro_Ⴎ.jpg_Gaussian-Closing.png
Component: component_1744750762724_794.png
centerX: 0.7516493873704053
centerY: 0.88325066768409
width: 0.026861451460885956
height: 0.024418161007249143
Area: 0.0003524063057714444
CentroidX: 0.7659
CentroidY: 0.8945
