Location: Sandro_Ⴎ.jpg_Otsu.png
Component: component_1744832837199_317.png
centerX: 0.3477851083883129
centerY: 0.41091186570011445
width: 0.022148916116870875
height: 0.02174742464708127
Area: 8.522479027329828e-05
CentroidX: 0.3592
CentroidY: 0.4216
