Location: Sandro_Ⴎ.jpg_Otsu.png
Component: component_1744750761781_331.png
centerX: 0.7130065975494816
centerY: 0.423120946203739
width: 0.0235626767200754
height: 0.01755055322396032
Area: 6.616608189994466e-05
CentroidX: 0.7259
CentroidY: 0.4322
