Location: Sandro_Ⴎ.jpg_Otsu.png
Component: component_1744832837240_469.png
centerX: 0.33883129123468425
centerY: 0.6230446394505914
width: 0.032516493873704054
height: 0.025944296070202214
Area: 0.00039196211560293303
CentroidX: 0.3568
CentroidY: 0.6353
