Location: Sandro_Ⴎ.jpg_Otsu.png
Component: component_1744750761729_87.png
centerX: 0.08435438265786993
centerY: 0.12094620373903091
width: 0.03110273327049953
height: 0.024036627241510875
Area: 0.00038297215882304925
CentroidX: 0.1008
CentroidY: 0.1326
