Location: Sandro_Ⴎ.jpg_Mean-Medain.png
Component: component_1744750762947_487.png
centerX: 0.4170593779453346
centerY: 0.6249523082792827
width: 0.03298774740810556
height: 0.02327355971003434
Area: 0.0003871075389417958
CentroidX: 0.4348
CentroidY: 0.6357
