Location: Sandro_Ⴎ.jpg_Gaussian-Median.png
Component: component_1744832837673_866.png
centerX: 0.30348727615457116
centerY: 0.9130103014116749
width: 0.03770028275212064
height: 0.024418161007249143
Area: 0.00041677439631541226
CentroidX: 0.3241
CentroidY: 0.9247
