Location: Sandro_Ⴎ.jpg_Gaussian-Median.png
Component: component_1744750762189_192.png
centerX: 0.2525918944392083
centerY: 0.283479587943533
width: 0.03204524033930255
height: 0.02327355971003434
Area: 0.000351507310093456
CentroidX: 0.2687
CentroidY: 0.2950
