Location: Sandro_Ⴎ.jpg_Otsu.png
Component: component_1744750761838_531.png
centerX: 0.913760603204524
centerY: 0.6966806562380771
width: 0.028746465598491987
height: 0.024036627241510875
Area: 0.00036732963402605145
CentroidX: 0.9283
CentroidY: 0.7081
