Location: Sandro_Ⴎ.jpg_Mean-Medain.png
Component: component_1744750762931_431.png
centerX: 0.18143261074458059
centerY: 0.5459748187714613
width: 0.03298774740810556
height: 0.025944296070202214
Area: 0.0004935486272156198
CentroidX: 0.1982
CentroidY: 0.5589
