Location: Sandro_Ⴎ.jpg_Otsu.png
Component: component_1744750761841_549.png
centerX: 0.29688972667295005
centerY: 0.7272033574971385
width: 0.017907634307257305
height: 0.01907668828691339
Area: 7.371764559504704e-05
CentroidX: 0.3060
CentroidY: 0.7361
