Location: Sandro_Ⴎ.jpg_Gaussian-Closing.png
Component: component_1744750762680_599.png
centerX: 0.29688972667295005
centerY: 0.7272033574971385
width: 0.018378887841658812
height: 0.01907668828691339
Area: 8.918037125644714e-05
CentroidX: 0.3062
CentroidY: 0.7363
