Location: Sandro_Ⴎ.jpg_Mean-Medain.png
Component: component_1744750762975_599.png
centerX: 0.9561734213006597
centerY: 0.7565814574589851
width: 0.020263901979264844
height: 0.01755055322396032
Area: 9.259655483280298e-05
CentroidX: 0.9680
CentroidY: 0.7652
