Location: Sandro_Ⴎ.jpg_Gaussian-Closing.png
Component: component_1744750762668_539.png
centerX: 0.7700282752120641
centerY: 0.6619610835558947
width: 0.029217719132893498
height: 0.02327355971003434
Area: 0.0003752407959923492
CentroidX: 0.7844
CentroidY: 0.6729
