Location: Sandro_Ⴎ.jpg_Mean-Medain.png
Component: component_1744750762872_186.png
centerX: 0.058435438265786996
centerY: 0.2644028996566196
width: 0.030631479736098022
height: 0.022892025944296072
Area: 0.00036517204439887935
CentroidX: 0.0737
CentroidY: 0.2756
