Location: Sandro_Ⴎ.jpg_Otsu.png
Component: component_1744750761843_559.png
centerX: 0.6833176248821866
centerY: 0.7314002289202595
width: 0.018378887841658812
height: 0.016405951926745516
Area: 6.346909486597952e-05
CentroidX: 0.6933
CentroidY: 0.7388
