Location: Sandro_Ⴎ.jpg_Otsu.png
Component: component_1744832837224_382.png
centerX: 0.7097078228086711
centerY: 0.4898893552079359
width: 0.029217719132893498
height: 0.025562762304463946
Area: 0.0004279219427224682
CentroidX: 0.7243
CentroidY: 0.5025
