Location: Sandro_Ⴎ.jpg_Mean-Medain.png
Component: component_1744750762941_459.png
centerX: 0.26343072573044296
centerY: 0.5890881342998855
width: 0.032516493873704054
height: 0.024036627241510875
Area: 0.0004016712689252075
CentroidX: 0.2804
CentroidY: 0.6007
