Location: Sandro_Ⴎ.jpg_Mean-Medain.png
Component: component_1744750762828_47.png
centerX: 0.0885956644674835
centerY: 0.048836322014498286
width: 0.03110273327049953
height: 0.02174742464708127
Area: 0.0003892651285689679
CentroidX: 0.1052
CentroidY: 0.0585
