Location: Sandro_Ⴎ.jpg_Mean-Medain.png
Component: component_1744750762956_520.png
centerX: 0.9585296889726673
centerY: 0.6608164822586798
width: 0.022148916116870875
height: 0.019458222052651658
Area: 0.00029019580485464857
CentroidX: 0.9700
CentroidY: 0.6698
