Location: Sandro_Ⴎ.jpg_Mean-Medain.png
Component: component_1744750762825_41.png
centerX: 0.00471253534401508
centerY: 0.04654711942006868
width: 0.026861451460885956
height: 0.018313620755436855
Area: 0.00030098375299050914
CentroidX: 0.0195
CentroidY: 0.0548
