Location: Sandro_Ⴎ.jpg_Gaussian-Median.png
Component: component_1744750762151_122.png
centerX: 0.49858623939679547
centerY: 0.17741320106829456
width: 0.0353440150801131
height: 0.022128958412819536
Area: 0.0003876469363485888
CentroidX: 0.5183
CentroidY: 0.1877
