Location: Sandro_Ⴎ.jpg_Otsu.png
Component: component_1744832837233_429.png
centerX: 0.7587181903864278
centerY: 0.5543685616177032
width: 0.036757775683317624
height: 0.025944296070202214
Area: 0.00047035453872351965
CentroidX: 0.7783
CentroidY: 0.5667
