Location: Sandro_Ⴎ.jpg_Gaussian-Median.png
Component: component_1744750762392_544.png
centerX: 0.27945334590009424
centerY: 0.656619610835559
width: 0.03204524033930255
height: 0.02060282334986646
Area: 0.00034575373775433036
CentroidX: 0.2964
CentroidY: 0.6665
