Location: Sandro_Ⴎ.jpg_Gaussian-Closing.png
Component: component_1744750762739_830.png
centerX: 0.15221489161168708
centerY: 0.9385730637161389
width: 0.03345900094250707
height: 0.027470431133155285
Area: 0.00043763109604474265
CentroidX: 0.1708
CentroidY: 0.9519
