Location: Sandro_Ⴎ.jpg_Gaussian-Closing.png
Component: component_1744750762579_132.png
centerX: 0.8727615457115928
centerY: 0.18466234261732165
width: 0.030631479736098022
height: 0.016024418161007248
Area: 0.00029091500139703927
CentroidX: 0.8891
CentroidY: 0.1918
