Location: Sandro_Ⴎ.jpg_Gaussian-Median.png
Component: component_1744750762230_283.png
centerX: 0.6899151743638078
centerY: 0.3735215566577642
width: 0.02403393025447691
height: 0.01716901945822205
Area: 9.133796088361925e-05
CentroidX: 0.7037
CentroidY: 0.3815
