Location: Sandro_Ⴎ.jpg_Mean-Medain.png
Component: component_1744750762833_55.png
centerX: 0.4943449575871819
centerY: 0.05723006486074018
width: 0.026861451460885956
height: 0.019458222052651658
Area: 0.0002821048437527532
CentroidX: 0.5087
CentroidY: 0.0663
