Location: Sandro_Ⴎ.jpg_Gaussian-Closing.png
Component: component_1744750762722_791.png
centerX: 0.8614514608859567
centerY: 0.8821060663868753
width: 0.029688972667295005
height: 0.02060282334986646
Area: 0.00030314134261768123
CentroidX: 0.8771
CentroidY: 0.8917
