Location: Sandro_Ⴎ.jpg_Gaussian-Median.png
Component: component_1744832837605_427.png
centerX: 0.6093308199811499
centerY: 0.522701259061427
width: 0.03440150801131008
height: 0.02479969477298741
Area: 0.00040688544385754014
CentroidX: 0.6270
CentroidY: 0.5342
