Location: Sandro_Ⴎ.jpg_Mean-Medain.png
Component: component_1744750762846_78.png
centerX: 0.2511781338360038
centerY: 0.0938573063716139
width: 0.027803958529688973
height: 0.02670736360167875
Area: 0.00040059247411162145
CentroidX: 0.2655
CentroidY: 0.1071
