Location: Sandro_Ⴎ.jpg_Gaussian-Median.png
Component: component_1744750762290_420.png
centerX: 0.473138548539114
centerY: 0.5169782525753529
width: 0.03157398680490104
height: 0.022510492178557804
Area: 0.0004092228326203099
CentroidX: 0.4901
CentroidY: 0.5273
