Location: Sandro_Ⴎ.jpg_Otsu.png
Component: component_1744832837271_637.png
centerX: 0.39161168708765315
centerY: 0.790537962609691
width: 0.02544769085768143
height: 0.017932086989698587
Area: 7.227925251026563e-05
CentroidX: 0.4051
CentroidY: 0.7992
