Location: Sandro_Ⴎ.jpg_Otsu.png
Component: component_1744832837236_448.png
centerX: 0.7700282752120641
centerY: 0.5890881342998855
width: 0.036757775683317624
height: 0.023655093475772607
Area: 0.0003763195908059352
CentroidX: 0.7895
CentroidY: 0.6009
