Location: Sandro_Ⴎ.jpg_Otsu.png
Component: component_1744750761811_423.png
centerX: 0.41470311027332707
centerY: 0.5471194200686761
width: 0.03958529688972667
height: 0.02823349866463182
Area: 0.0005171023139789153
CentroidX: 0.4338
CentroidY: 0.5616
