Location: Sandro_Ⴎ.jpg_Gaussian-Median.png
Component: component_1744832837631_596.png
centerX: 0.8053722902921772
centerY: 0.6997329263639832
width: 0.030160226201696512
height: 0.02518122853872568
Area: 0.00040203086719640285
CentroidX: 0.8200
CentroidY: 0.7119
