Location: Sandro_Ⴎ.jpg_Gaussian-Closing.png
Component: component_1744750762683_618.png
centerX: 0.473138548539114
centerY: 0.7325448302174743
width: 0.02120640904806786
height: 0.016405951926745516
Area: 8.270760237493083e-05
CentroidX: 0.4849
CentroidY: 0.7403
