Location: Sandro_Ⴎ.jpg_Mean-Medain.png
Component: component_1744750763018_792.png
centerX: 0.7412818096135722
centerY: 0.9580312857687905
width: 0.029217719132893498
height: 0.025944296070202214
Area: 0.00041839258853579135
CentroidX: 0.7569
CentroidY: 0.9700
