Location: Sandro_Ⴎ.jpg_Gaussian-Median.png
Component: component_1744750762452_739.png
centerX: 0.5966069745523092
centerY: 0.78634109118657
width: 0.020263901979264844
height: 0.022128958412819536
Area: 0.00010032791766350304
CentroidX: 0.6077
CentroidY: 0.7971
