Location: Sandro_Ⴎ.jpg_Otsu.png
Component: component_1744750761850_594.png
centerX: 0.3473138548539114
centerY: 0.759252193819153
width: 0.022148916116870875
height: 0.016405951926745516
Area: 6.760447498472607e-05
CentroidX: 0.3593
CentroidY: 0.7672
