Location: Sandro_Ⴎ.jpg_Gaussian-Closing.png
Component: component_1744750762711_748.png
centerX: 0.13901979264844486
centerY: 0.8351774132010683
width: 0.03581526861451461
height: 0.026325829835940482
Area: 0.0004142572084170448
CentroidX: 0.1578
CentroidY: 0.8481
