Location: Sandro_Ⴎ.jpg_Gaussian-Median.png
Component: component_1744832837529_144.png
centerX: 0.3836003770028275
centerY: 0.21518504387638307
width: 0.03110273327049953
height: 0.026325829835940482
Area: 0.00044644125368902877
CentroidX: 0.3991
CentroidY: 0.2285
