Location: Sandro_Ⴎ.jpg_Otsu.png
Component: component_1744832837249_525.png
centerX: 0.5320452403393026
centerY: 0.6962991224723388
width: 0.03345900094250707
height: 0.02327355971003434
Area: 0.000384770150179026
CentroidX: 0.5495
CentroidY: 0.7078
