Location: Sandro_Ⴎ.jpg_Mean-Medain.png
Component: component_1744750762894_298.png
centerX: 0.49293119698397736
centerY: 0.3906905761159863
width: 0.02403393025447691
height: 0.01716901945822205
Area: 9.079856347682623e-05
CentroidX: 0.5059
CentroidY: 0.3988
