Location: Sandro_Ⴎ.jpg_Gaussian-Median.png
Component: component_1744832837577_320.png
centerX: 0.27945334590009424
centerY: 0.4070965280427318
width: 0.024976437323279924
height: 0.01716901945822205
Area: 8.864097384965412e-05
CentroidX: 0.2938
CentroidY: 0.4152
