Location: Sandro_Ⴎ.jpg_Otsu.png
Component: component_1744750761696_2.png
centerX: 0.8746465598491989
centerY: 0.0
width: 0.030631479736098022
height: 0.020984357115604733
Area: 0.0003198626622282651
CentroidX: 0.8915
CentroidY: 0.0097
