Location: Sandro_Ⴎ.jpg_Gaussian-Closing.png
Component: component_1744750762658_483.png
centerX: 0.04571159283694628
centerY: 0.6165585654330408
width: 0.0353440150801131
height: 0.02174742464708127
Area: 0.0003640932495852933
CentroidX: 0.0647
CentroidY: 0.6269
