Location: Sandro_Ⴎ.jpg_Gaussian-Median.png
Component: component_1744750762476_840.png
centerX: 0.9326107445805843
centerY: 0.8798168637924456
width: 0.02639019792648445
height: 0.023655093475772607
Area: 0.00032507683716059767
CentroidX: 0.9464
CentroidY: 0.8911
