Location: Sandro_Ⴎ.jpg_Gaussian-Closing.png
Component: component_1744750762689_649.png
centerX: 0.8411875589066918
centerY: 0.7581075925219382
width: 0.020735155513666354
height: 0.018313620755436855
Area: 9.457434532437742e-05
CentroidX: 0.8532
CentroidY: 0.7673
