Location: Sandro_Ⴎ.jpg_Gaussian-Closing.png
Component: component_1744750762531_10.png
centerX: 0.6409048067860509
centerY: 0.004578405188859214
width: 0.03204524033930255
height: 0.02327355971003434
Area: 0.00037272360809398173
CentroidX: 0.6584
CentroidY: 0.0158
