Location: Sandro_Ⴎ.jpg_Otsu.png
Component: component_1744832837293_756.png
centerX: 0.2351555136663525
centerY: 0.9431514689049981
width: 0.03345900094250707
height: 0.027088897367417018
Area: 0.0004264835496376868
CentroidX: 0.2532
CentroidY: 0.9562
