Location: Sandro_Ⴎ.jpg_Gaussian-Median.png
Component: component_1744750762390_538.png
centerX: 0.04759660697455231
centerY: 0.6489889355207936
width: 0.03817153628652215
height: 0.02174742464708127
Area: 0.00038279235968745155
CentroidX: 0.0684
CentroidY: 0.6590
