Location: Sandro_Ⴎ.jpg_Mean-Medain.png
Component: component_1744750762842_68.png
centerX: 0.883129123468426
centerY: 0.08698969858832507
width: 0.03440150801131008
height: 0.02060282334986646
Area: 0.0003833317570942446
CentroidX: 0.9022
CentroidY: 0.0961
