Location: Sandro_Ⴎ.jpg_Mean-Medain.png
Component: component_1744750763013_767.png
centerX: 0.46088595664467485
centerY: 0.9233117130866082
width: 0.03298774740810556
height: 0.027470431133155285
Area: 0.0004209097764341588
CentroidX: 0.4780
CentroidY: 0.9366
