Location: Sandro_Ⴎ.jpg_Gaussian-Closing.png
Component: component_1744750762716_776.png
centerX: 0.13760603204524033
centerY: 0.8691339183517741
width: 0.03864278982092366
height: 0.025944296070202214
Area: 0.00041605519977302156
CentroidX: 0.1573
CentroidY: 0.8813
