Location: Sandro_Ⴎ.jpg_Mean-Medain.png
Component: component_1744750762931_429.png
centerX: 0.13195098963242224
centerY: 0.5452117512399848
width: 0.03770028275212064
height: 0.025944296070202214
Area: 0.0004984032038767571
CentroidX: 0.1519
CentroidY: 0.5576
