Location: Sandro_Ⴎ.jpg_Otsu.png
Component: component_1744750761881_734.png
centerX: 0.3473138548539114
centerY: 0.9152995040061045
width: 0.03345900094250707
height: 0.025562762304463946
Area: 0.00041317841360345877
CentroidX: 0.3651
CentroidY: 0.9270
