Location: Sandro_Ⴎ.jpg_Mean-Medain.png
Component: component_1744750762905_352.png
centerX: 0.12158341187558906
centerY: 0.42541014879816863
width: 0.033930254476908575
height: 0.02823349866463182
Area: 0.00048563746524932206
CentroidX: 0.1393
CentroidY: 0.4393
