Location: Sandro_Ⴎ.jpg_Gaussian-Median.png
Component: component_1744832837551_227.png
centerX: 0.08529688972667294
centerY: 0.32888210606638685
width: 0.01932139491046183
height: 0.019839755818389926
Area: 9.367534964638904e-05
CentroidX: 0.0956
CentroidY: 0.3389
