Location: easy16_Gaussian-Median.png
Component: component_1744297381767_426.png
centerX: 0.4846774193548387
centerY: 0.2916666666666667
width: 0.02258064516129032
height: 0.014846743295019157
Area: 0.00011664194784328266
CentroidX: 0.4978
CentroidY: 0.2984
