Location: Sandro_Ⴎ.jpg_Otsu.png
Component: component_1744832837172_194.png
centerX: 0.9458058435438266
centerY: 0.29454406714994275
width: 0.025918944392082942
height: 0.023655093475772607
Area: 0.00032741422592336746
CentroidX: 0.9611
CentroidY: 0.3067
