Location: Sandro_Ⴎ.jpg_Otsu.png
Component: component_1744832837275_657.png
centerX: 0.8279924599434496
centerY: 0.8130484547882487
width: 0.021677662582469368
height: 0.01755055322396032
Area: 7.24590516458633e-05
CentroidX: 0.8399
CentroidY: 0.8223
