Location: Sandro_Ⴎ.jpg_Otsu.png
Component: component_1744832837194_294.png
centerX: 0.7097078228086711
centerY: 0.39336131247615413
width: 0.01885014137606032
height: 0.019839755818389926
Area: 7.138025683227726e-05
CentroidX: 0.7199
CentroidY: 0.4037
