Location: Sandro_Ⴎ.jpg_Otsu.png
Component: component_1744750761729_85.png
centerX: 0.00942507068803016
centerY: 0.11560473101869516
width: 0.025918944392082942
height: 0.019458222052651658
Area: 0.0002587309561250553
CentroidX: 0.0235
CentroidY: 0.1247
