Location: Sandro_Ⴎ.jpg_Gaussian-Closing.png
Component: component_1744750762697_694.png
centerX: 0.5970782280867106
centerY: 0.78634109118657
width: 0.019792648444863337
height: 0.022128958412819536
Area: 9.996831939230769e-05
CentroidX: 0.6077
CentroidY: 0.7971
