Location: Sandro_Ⴎ.jpg_Gaussian-Closing.png
Component: component_1744750762662_503.png
centerX: 0.49811498586239394
centerY: 0.6272415108737123
width: 0.032516493873704054
height: 0.02479969477298741
Area: 0.00043691189950235195
CentroidX: 0.5162
CentroidY: 0.6389
