Location: Sandro_Ⴎ.jpg_Gaussian-Median.png
Component: component_1744832837629_584.png
centerX: 0.5735155513666352
centerY: 0.6959175887066006
width: 0.03110273327049953
height: 0.022128958412819536
Area: 0.00038063477006027946
CentroidX: 0.5906
CentroidY: 0.7060
