Location: Sandro_Ⴎ.jpg_Gaussian-Closing.png
Component: component_1744750762709_736.png
centerX: 0.3977379830348728
centerY: 0.8164822586798932
width: 0.021677662582469368
height: 0.018695154521175122
Area: 8.666318335807969e-05
CentroidX: 0.4093
CentroidY: 0.8250
