Location: Sandro_Ⴎ.jpg_Gaussian-Median.png
Component: component_1744750762467_808.png
centerX: 0.9528746465598492
centerY: 0.8420450209843571
width: 0.027332704995287466
height: 0.02479969477298741
Area: 0.00035726088243258163
CentroidX: 0.9687
CentroidY: 0.8543
