Location: Sandro_Ⴎ.jpg_Otsu.png
Component: component_1744750761816_449.png
centerX: 0.30348727615457116
centerY: 0.5898512018313621
width: 0.032516493873704054
height: 0.024418161007249143
Area: 0.0003795559752466934
CentroidX: 0.3204
CentroidY: 0.6021
