Location: Sandro_Ⴎ.jpg_Mean-Medain.png
Component: component_1744750762824_36.png
centerX: 0.8647502356267672
centerY: 0.045402518122853876
width: 0.0353440150801131
height: 0.020984357115604733
Area: 0.0004077844395355285
CentroidX: 0.8827
CentroidY: 0.0551
