Location: Sandro_Ⴎ.jpg_Otsu.png
Component: component_1744750761784_341.png
centerX: 0.12158341187558906
centerY: 0.4257916825639069
width: 0.03345900094250707
height: 0.027851964898893553
Area: 0.00044805944590940787
CentroidX: 0.1392
CentroidY: 0.4395
