Location: Sandro_Ⴎ.jpg_Otsu.png
Component: component_1744832837251_532.png
centerX: 0.39726672950047126
centerY: 0.6974437237695537
width: 0.036757775683317624
height: 0.02479969477298741
Area: 0.0004209097764341588
CentroidX: 0.4162
CentroidY: 0.7091
