Location: Sandro_Ⴎ.jpg_Otsu.png
Component: component_1744832837296_772.png
centerX: 0.5527803958529689
centerY: 0.9580312857687905
width: 0.029217719132893498
height: 0.02327355971003434
Area: 0.0003684084288396375
CentroidX: 0.5684
CentroidY: 0.9689
