Location: Sandro_Ⴎ.jpg_Gaussian-Closing.png
Component: component_1744750762563_83.png
centerX: 0.32516493873704055
centerY: 0.09881724532621138
width: 0.027332704995287466
height: 0.021365890881343
Area: 0.00033658398183884894
CentroidX: 0.3387
CentroidY: 0.1088
