Location: Sandro_Ⴎ.jpg_Gaussian-Closing.png
Component: component_1744750762715_770.png
centerX: 0.4820923656927427
centerY: 0.846241892407478
width: 0.03157398680490104
height: 0.028996566196108357
Area: 0.00043835029258713334
CentroidX: 0.4982
CentroidY: 0.8605
