Location: Sandro_Ⴎ.jpg_Gaussian-Closing.png
Component: component_1744750762529_2.png
centerX: 0.8746465598491989
centerY: 0.0
width: 0.030631479736098022
height: 0.020984357115604733
Area: 0.00033406679394048144
CentroidX: 0.8916
CentroidY: 0.0097
