Location: Sandro_Ⴎ.jpg_Gaussian-Median.png
Component: component_1744832837546_214.png
centerX: 0.44910461828463716
centerY: 0.3025562762304464
width: 0.02827521206409048
height: 0.02479969477298741
Area: 0.00039393990609450747
CentroidX: 0.4638
CentroidY: 0.3154
