Location: Sandro_Ⴎ.jpg_Gaussian-Median.png
Component: component_1744832837628_573.png
centerX: 0.13666352497643733
centerY: 0.6890499809233117
width: 0.03345900094250707
height: 0.025944296070202214
Area: 0.00042504515655290533
CentroidX: 0.1544
CentroidY: 0.7012
