Location: Sandro_Ⴎ.jpg_Otsu.png
Component: component_1744832837289_739.png
centerX: 0.7351555136663525
centerY: 0.9175887066005342
width: 0.03157398680490104
height: 0.02670736360167875
Area: 0.000418032990264596
CentroidX: 0.7526
CentroidY: 0.9298
