Location: Sandro_Ⴎ.jpg_Mean-Medain.png
Component: component_1744750762927_412.png
centerX: 0.33694627709707825
centerY: 0.5127813811522319
width: 0.03345900094250707
height: 0.02670736360167875
Area: 0.00047844549982541503
CentroidX: 0.3545
CentroidY: 0.5256
