Location: Sandro_Ⴎ.jpg_Gaussian-Closing.png
Component: component_1744750762657_476.png
centerX: 0.6870876531573987
centerY: 0.5917588706600534
width: 0.03440150801131008
height: 0.021365890881343
Area: 0.00037200441155159104
CentroidX: 0.7057
CentroidY: 0.6015
