Location: Sandro_Ⴎ.jpg_Gaussian-Median.png
Component: component_1744750762180_159.png
centerX: 0.05796418473138549
centerY: 0.2266310568485311
width: 0.03440150801131008
height: 0.02518122853872568
Area: 0.00041551580236622856
CentroidX: 0.0752
CentroidY: 0.2391
