Location: Sandro_Ⴎ.jpg_Otsu.png
Component: component_1744832837188_269.png
centerX: 0.7525918944392083
centerY: 0.36818008393742846
width: 0.02403393025447691
height: 0.01564288439526898
Area: 6.616608189994466e-05
CentroidX: 0.7665
CentroidY: 0.3751
