Location: Sandro_Ⴎ.jpg_Otsu.png
Component: component_1744750761826_484.png
centerX: 0.8345900094250707
centerY: 0.6272415108737123
width: 0.02827521206409048
height: 0.021365890881343
Area: 0.00033262840085570005
CentroidX: 0.8495
CentroidY: 0.6375
