Location: Sandro_Ⴎ.jpg_Mean-Medain.png
Component: component_1744750762880_232.png
centerX: 0.6427898209236569
centerY: 0.33384204502098436
width: 0.024505183788878417
height: 0.01907668828691339
Area: 8.828137557845877e-05
CentroidX: 0.6571
CentroidY: 0.3431
