Location: Sandro_Ⴎ.jpg_Gaussian-Median.png
Component: component_1744750762276_392.png
centerX: 0.6239396795475967
centerY: 0.4895078214421976
width: 0.030160226201696512
height: 0.026325829835940482
Area: 0.00045165542862136136
CentroidX: 0.6396
CentroidY: 0.5023
