Location: Sandro_Ⴎ.jpg_Otsu.png
Component: component_1744750761851_597.png
centerX: 0.7464655984919887
centerY: 0.7596337275848912
width: 0.023091423185673893
height: 0.015261350629530714
Area: 6.113170610320974e-05
CentroidX: 0.7594
CentroidY: 0.7671
