Location: Sandro_Ⴎ.jpg_Mean-Medain.png
Component: component_1744750762993_675.png
centerX: 0.6192271442035815
centerY: 0.8134299885539871
width: 0.02544769085768143
height: 0.016787485692483783
Area: 8.270760237493083e-05
CentroidX: 0.6334
CentroidY: 0.8211
