Location: Sandro_Ⴎ.jpg_Mean-Medain.png
Component: component_1744750762989_649.png
centerX: 0.323751178133836
centerY: 0.7874856924837849
width: 0.02403393025447691
height: 0.021365890881343
Area: 0.00010374410123985888
CentroidX: 0.3379
CentroidY: 0.7971
