Location: Sandro_Ⴎ.jpg_Mean-Medain.png
Component: component_1744750762878_216.png
centerX: 0.1116870876531574
centerY: 0.30408241129339947
width: 0.017907634307257305
height: 0.015261350629530714
Area: 8.216820496813779e-05
CentroidX: 0.1207
CentroidY: 0.3109
