Location: Sandro_Ⴎ.jpg_Otsu.png
Component: component_1744832837249_521.png
centerX: 0.2761545711592837
centerY: 0.6924837848149561
width: 0.03110273327049953
height: 0.024418161007249143
Area: 0.00038441055190783065
CentroidX: 0.2923
CentroidY: 0.7049
