Location: Sandro_Ⴎ.jpg_Otsu.png
Component: component_1744750761885_751.png
centerX: 0.4613572101790763
centerY: 0.9233117130866082
width: 0.032516493873704054
height: 0.027470431133155285
Area: 0.00040742484126433313
CentroidX: 0.4780
CentroidY: 0.9366
