Location: Sandro_Ⴎ.jpg_Otsu.png
Component: component_1744832837276_663.png
centerX: 0.5885956644674835
centerY: 0.8149561236169401
width: 0.022148916116870875
height: 0.01755055322396032
Area: 6.796407325592142e-05
CentroidX: 0.6013
CentroidY: 0.8233
