Location: Sandro_Ⴎ.jpg_Mean-Medain.png
Component: component_1744750763013_769.png
centerX: 0.19085768143261075
centerY: 0.9408622663105685
width: 0.03817153628652215
height: 0.026325829835940482
Area: 0.00043403511333278916
CentroidX: 0.2114
CentroidY: 0.9543
