Location: Sandro_Ⴎ.jpg_Gaussian-Median.png
Component: component_1744832837603_417.png
centerX: 0.33694627709707825
centerY: 0.5127813811522319
width: 0.03345900094250707
height: 0.02670736360167875
Area: 0.00047790610241862203
CentroidX: 0.3545
CentroidY: 0.5255
