Location: Sandro_Ⴎ.jpg_Gaussian-Median.png
Component: component_1744832837634_629.png
centerX: 0.3793590951932139
centerY: 0.7302556276230446
width: 0.021677662582469368
height: 0.016787485692483783
Area: 8.971976866324018e-05
CentroidX: 0.3918
CentroidY: 0.7376
