Location: Sandro_Ⴎ.jpg_Gaussian-Closing.png
Component: component_1744750762651_461.png
centerX: 0.22148916116870876
centerY: 0.5887066005341473
width: 0.03345900094250707
height: 0.02060282334986646
Area: 0.00035636188675459323
CentroidX: 0.2398
CentroidY: 0.5978
