Location: Sandro_Ⴎ.jpg_Gaussian-Closing.png
Component: component_1744750762733_819.png
centerX: 0.8864278982092366
centerY: 0.9172071728347959
width: 0.02827521206409048
height: 0.023655093475772607
Area: 0.0003439557463983536
CentroidX: 0.9018
CentroidY: 0.9283
