Location: Sandro_Ⴎ.jpg_Otsu.png
Component: component_1744750761857_621.png
centerX: 0.8722902921771913
centerY: 0.7851964898893552
width: 0.022148916116870875
height: 0.016024418161007248
Area: 6.544688535755395e-05
CentroidX: 0.8842
CentroidY: 0.7923
