Location: Sandro_Ⴎ.jpg_Gaussian-Median.png
Component: component_1744832837655_761.png
centerX: 0.8586239396795476
centerY: 0.8084700495993895
width: 0.02544769085768143
height: 0.018695154521175122
Area: 0.00010410369951105423
CentroidX: 0.8729
CentroidY: 0.8176
