Location: Sandro_Ⴎ.jpg_Mean-Medain.png
Component: component_1744750762852_95.png
centerX: 0.7898209236569275
centerY: 0.1316291491797024
width: 0.03817153628652215
height: 0.027470431133155285
Area: 0.0005298680526063503
CentroidX: 0.8106
CentroidY: 0.1441
