Location: Sandro_Ⴎ.jpg_Gaussian-Median.png
Component: component_1744750762427_617.png
centerX: 0.16682375117813383
centerY: 0.722243418542541
width: 0.026861451460885956
height: 0.018695154521175122
Area: 9.439454618877974e-05
CentroidX: 0.1820
CentroidY: 0.7312
