Location: Sandro_Ⴎ.jpg_Otsu.png
Component: component_1744832837239_466.png
centerX: 0.13147973609802074
centerY: 0.6203739030904235
width: 0.03204524033930255
height: 0.022128958412819536
Area: 0.00033172940517771165
CentroidX: 0.1491
CentroidY: 0.6309
