Location: Sandro_Ⴎ.jpg_Gaussian-Median.png
Component: component_1744832837656_770.png
centerX: 0.30113100848256363
centerY: 0.8122853872567722
width: 0.024976437323279924
height: 0.017932086989698587
Area: 8.720258076487271e-05
CentroidX: 0.3143
CentroidY: 0.8209
