Location: Sandro_Ⴎ.jpg_Mean-Medain.png
Component: component_1744750762970_581.png
centerX: 0.47266729500471255
centerY: 0.7325448302174743
width: 0.021677662582469368
height: 0.016405951926745516
Area: 8.108941015455174e-05
CentroidX: 0.4848
CentroidY: 0.7403
