Location: Sandro_Ⴎ.jpg_Otsu.png
Component: component_1744832837259_571.png
centerX: 0.939679547596607
centerY: 0.7329263639832125
width: 0.025918944392082942
height: 0.016024418161007248
Area: 6.940246634070283e-05
CentroidX: 0.9549
CentroidY: 0.7402
