Location: Sandro_Ⴎ.jpg_Mean-Medain.png
Component: component_1744750762968_572.png
centerX: 0.4123468426013195
centerY: 0.7314002289202595
width: 0.022148916116870875
height: 0.016405951926745516
Area: 8.396619632411455e-05
CentroidX: 0.4237
CentroidY: 0.7393
