Location: Sandro_Ⴎ.jpg_Gaussian-Closing.png
Component: component_1744750762610_272.png
centerX: 0.4189443920829406
centerY: 0.3670354826402137
width: 0.0235626767200754
height: 0.015261350629530714
Area: 7.983081620536801e-05
CentroidX: 0.4324
CentroidY: 0.3740
