Location: Sandro_Ⴎ.jpg_Otsu.png
Component: component_1744750761725_65.png
centerX: 0.7280867106503299
centerY: 0.08584509729111027
width: 0.029217719132893498
height: 0.022128958412819536
Area: 0.00032166065358424183
CentroidX: 0.7441
CentroidY: 0.0958
