Location: Sandro_Ⴎ.jpg_Mean-Medain.png
Component: component_1744750762928_416.png
centerX: 0.5155513666352498
centerY: 0.5215566577642121
width: 0.034872761545711596
height: 0.024036627241510875
Area: 0.0004365523012311566
CentroidX: 0.5340
CentroidY: 0.5325
