Location: Sandro_Ⴎ.jpg_Otsu.png
Component: component_1744832837174_203.png
centerX: 0.7276154571159283
centerY: 0.29950400610454025
width: 0.032516493873704054
height: 0.02327355971003434
Area: 0.0003531255023138351
CentroidX: 0.7442
CentroidY: 0.3109
