Location: Sandro_Ⴎ.jpg_Gaussian-Closing.png
Component: component_1744750762626_343.png
centerX: 0.58435438265787
centerY: 0.42388401373521556
width: 0.022620169651272386
height: 0.016024418161007248
Area: 8.216820496813779e-05
CentroidX: 0.5970
CentroidY: 0.4312
