Location: Sandro_Ⴎ.jpg_Gaussian-Closing.png
Component: component_1744750762617_309.png
centerX: 0.736569274269557
centerY: 0.39412438000763067
width: 0.02120640904806786
height: 0.01907668828691339
Area: 9.583293927356115e-05
CentroidX: 0.7483
CentroidY: 0.4025
