Location: Sandro_Ⴎ.jpg_Gaussian-Closing.png
Component: component_1744750762718_787.png
centerX: 0.38407163053722904
centerY: 0.8817245326211369
width: 0.03345900094250707
height: 0.024418161007249143
Area: 0.00039753588880646096
CentroidX: 0.4018
CentroidY: 0.8935
