Location: Sandro_Ⴎ.jpg_Mean-Medain.png
Component: component_1744750762814_13.png
centerX: 0.7262016965127238
centerY: 0.0064860740175505536
width: 0.027332704995287466
height: 0.017932086989698587
Area: 0.00026772091290493913
CentroidX: 0.7409
CentroidY: 0.0146
