Location: Sandro_Ⴎ.jpg_Mean-Medain.png
Component: component_1744750762927_411.png
centerX: 0.380301602262017
centerY: 0.5123998473864937
width: 0.03440150801131008
height: 0.02861503243037009
Area: 0.0005226760871824433
CentroidX: 0.3979
CentroidY: 0.5257
