Location: Sandro_Ⴎ.jpg_Gaussian-Median.png
Component: component_1744750762231_289.png
centerX: 0.38548539114043356
centerY: 0.3842045020984357
width: 0.024976437323279924
height: 0.01755055322396032
Area: 8.971976866324018e-05
CentroidX: 0.3995
CentroidY: 0.3927
