Location: Sandro_Ⴎ.jpg_Gaussian-Median.png
Component: component_1744750762481_868.png
centerX: 0.9194156456173421
centerY: 0.9152995040061045
width: 0.027332704995287466
height: 0.025562762304463946
Area: 0.0004040086576879773
CentroidX: 0.9341
CentroidY: 0.9274
