Location: Sandro_Ⴎ.jpg_Otsu.png
Component: component_1744750761705_16.png
centerX: 0.4820923656927427
centerY: 0.007630675314765357
width: 0.029688972667295005
height: 0.021365890881343
Area: 0.0002470440123112064
CentroidX: 0.4982
CentroidY: 0.0181
