Location: Sandro_Ⴎ.jpg_Otsu.png
Component: component_1744832837242_480.png
centerX: 0.49811498586239394
centerY: 0.626859977107974
width: 0.03204524033930255
height: 0.02518122853872568
Area: 0.00042072997729856115
CentroidX: 0.5162
CentroidY: 0.6389
