Location: Sandro_Ⴎ.jpg_Gaussian-Median.png
Component: component_1744750762194_210.png
centerX: 0.6885014137606033
centerY: 0.3010301411674933
width: 0.029217719132893498
height: 0.02670736360167875
Area: 0.0003957378974504842
CentroidX: 0.7036
CentroidY: 0.3147
