Location: Sandro_Ⴎ.jpg_Otsu.png
Component: component_1744832837235_442.png
centerX: 0.22148916116870876
centerY: 0.5887066005341473
width: 0.03345900094250707
height: 0.020221289584128194
Area: 0.00033101020863532095
CentroidX: 0.2397
CentroidY: 0.5978
