Location: Sandro_Ⴎ.jpg_Otsu.png
Component: component_1744832837239_467.png
centerX: 0.26154571159283696
centerY: 0.6211369706219
width: 0.0353440150801131
height: 0.025562762304463946
Area: 0.0003871075389417958
CentroidX: 0.2804
CentroidY: 0.6336
