Location: Sandro_Ⴎ.jpg_Mean-Medain.png
Component: component_1744750762944_469.png
centerX: 0.6870876531573987
centerY: 0.5913773368943152
width: 0.03440150801131008
height: 0.02174742464708127
Area: 0.00037182461241599333
CentroidX: 0.7058
CentroidY: 0.6015
