Location: Sandro_Ⴎ.jpg_Gaussian-Median.png
Component: component_1744750762416_594.png
centerX: 0.4462770970782281
centerY: 0.699351392598245
width: 0.0353440150801131
height: 0.022892025944296072
Area: 0.0003934005086877144
CentroidX: 0.4651
CentroidY: 0.7102
