Location: Sandro_Ⴎ.jpg_Otsu.png
Component: component_1744832837146_72.png
centerX: 0.5160226201696513
centerY: 0.08851583365127814
width: 0.040999057492931194
height: 0.02518122853872568
Area: 0.0004126390161966657
CentroidX: 0.5382
CentroidY: 0.1006
