Location: Sandro_Ⴎ.jpg_Mean-Medain.png
Component: component_1744750762809_2.png
centerX: 0.7987747408105561
centerY: 0.00038153376573826786
width: 0.029688972667295005
height: 0.023655093475772607
Area: 0.0003660710400768677
CentroidX: 0.8144
CentroidY: 0.0120
