Location: Sandro_Ⴎ.jpg_Gaussian-Closing.png
Component: component_1744750762597_227.png
centerX: 0.0353440150801131
centerY: 0.32659290347195724
width: 0.012252591894439209
height: 0.016405951926745516
Area: 3.739822020431654e-05
CentroidX: 0.0434
CentroidY: 0.3359
