Location: Sandro_Ⴎ.jpg_Mean-Medain.png
Component: component_1744750762999_708.png
centerX: 0.88124410933082
centerY: 0.8439526898130485
width: 0.03110273327049953
height: 0.03014116749332316
Area: 0.00045758880009608464
CentroidX: 0.8969
CentroidY: 0.8578
