Location: Sandro_Ⴎ.jpg_Mean-Medain.png
Component: component_1744750762958_536.png
centerX: 0.2761545711592837
centerY: 0.6924837848149561
width: 0.03157398680490104
height: 0.02479969477298741
Area: 0.0004120996187898727
CentroidX: 0.2924
CentroidY: 0.7049
