Location: Sandro_Ⴎ.jpg_Gaussian-Closing.png
Component: component_1744750762692_666.png
centerX: 0.44062205466541
centerY: 0.7615413964135826
width: 0.025918944392082942
height: 0.017932086989698587
Area: 8.432579459530991e-05
CentroidX: 0.4541
CentroidY: 0.7705
