Location: Sandro_Ⴎ.jpg_Mean-Medain.png
Component: component_1744750762930_424.png
centerX: 0.9081055607917059
centerY: 0.5234643265929034
width: 0.03157398680490104
height: 0.024418161007249143
Area: 0.00044374426665506363
CentroidX: 0.9238
CentroidY: 0.5350
