Location: Sandro_Ⴎ.jpg_Gaussian-Closing.png
Component: component_1744750762595_217.png
centerX: 0.8416588124410933
centerY: 0.30293780999618464
width: 0.029217719132893498
height: 0.02327355971003434
Area: 0.00037901657783990036
CentroidX: 0.8577
CentroidY: 0.3143
