Location: Sandro_Ⴎ.jpg_Gaussian-Closing.png
Component: component_1744750762679_593.png
centerX: 0.09330819981149858
centerY: 0.7218618847768028
width: 0.027332704995287466
height: 0.016405951926745516
Area: 9.295615310399833e-05
CentroidX: 0.1071
CentroidY: 0.7299
