Location: Sandro_Ⴎ.jpg_Gaussian-Closing.png
Component: component_1744750762684_620.png
centerX: 0.7078228086710651
centerY: 0.7325448302174743
width: 0.022620169651272386
height: 0.014879816863792446
Area: 7.911161966297731e-05
CentroidX: 0.7206
CentroidY: 0.7396
