Location: Sandro_Ⴎ.jpg_Gaussian-Median.png
Component: component_1744832837588_360.png
centerX: 0.5315739868049011
centerY: 0.45020984357115607
width: 0.0353440150801131
height: 0.029378099961846624
Area: 0.0005232154845892363
CentroidX: 0.5482
CentroidY: 0.4643
