Location: Sandro_Ⴎ.jpg_Otsu.png
Component: component_1744750761818_462.png
centerX: 0.04524033930254477
centerY: 0.6165585654330408
width: 0.03581526861451461
height: 0.02174742464708127
Area: 0.0003446749429407443
CentroidX: 0.0644
CentroidY: 0.6268
