Location: Sandro_Ⴎ.jpg_Mean-Medain.png
Component: component_1744750762996_690.png
centerX: 0.09707822808671066
centerY: 0.8344143456695917
width: 0.03345900094250707
height: 0.025562762304463946
Area: 0.0004178531911289983
CentroidX: 0.1146
CentroidY: 0.8467
