Location: 2025-04-18_221616-1.png_Mean-Closing.png
Component: component_1745013065179_51.png
centerX: 0.19846878680800942
centerY: 0.10440735986307231
width: 0.03828032979976443
height: 0.03209242618741977
Area: 0.0005017355362320594
CentroidX: 0.2159
CentroidY: 0.1201
