Location: 2025-04-18_221616-1.png_Mean-Closing.png
Component: component_1745013065184_63.png
centerX: 0.1419316843345112
centerY: 0.13906718014548566
width: 0.034746760895170786
height: 0.03508771929824561
Area: 0.0003260902982844223
CentroidX: 0.1585
CentroidY: 0.1565
