Location: 2025-04-18_221556-1.png_Gaussian-Closing.png
Component: component_1745013065004_296.png
centerX: 0.7891637220259128
centerY: 0.6401369276850664
width: 0.03769140164899882
height: 0.0329482242190843
Area: 0.0005155956339180279
CentroidX: 0.8071
CentroidY: 0.6570
