Location: 2025-04-18_221556-1.png_Gaussian-Closing.png
Component: component_1745013065045_369.png
centerX: 0.643698468786808
centerY: 0.8095849379546427
width: 0.04299175500588928
height: 0.03465982028241335
Area: 0.0005891801525417151
CentroidX: 0.6642
CentroidY: 0.8271
