Location: easy64_Gaussian-Closing.png
Component: component_1744297381475_1095.png
centerX: 0.5054413542926239
centerY: 0.7015818725951262
width: 0.014510278113663845
height: 0.010260795211628902
Area: 7.54774335397934e-05
CentroidX: 0.5114
CentroidY: 0.7063
