Location: easy16_Gaussian-Median.png
Component: component_1744297381836_795.png
centerX: 0.5362903225806451
centerY: 0.5766283524904214
width: 0.02661290322580645
height: 0.014367816091954023
Area: 0.00014483685576566555
CentroidX: 0.5482
CentroidY: 0.5835
