Location: easy26_Mean-Closing.png
Component: component_1744297381980_159.png
centerX: 0.4967741935483871
centerY: 0.12260536398467432
width: 0.025806451612903226
height: 0.014367816091954023
Area: 0.00014483685576566555
CentroidX: 0.5080
CentroidY: 0.1293
