Location: 2025-04-18_221616-1.png_Mean-Medain.png
Component: component_1745013064624_108.png
centerX: 0.3327444051825677
centerY: 0.1386392811296534
width: 0.037102473498233215
height: 0.02866923406076166
Area: 0.0003396983941942823
CentroidX: 0.3497
CentroidY: 0.1522
