Location: 2025-04-18_221616-1.png_Gaussian-Closing.png
Component: component_1745013064586_245.png
centerX: 0.33451118963486454
centerY: 0.5468549422336328
width: 0.0353356890459364
height: 0.03337612323491656
Area: 0.0003906027529682029
CentroidX: 0.3519
CentroidY: 0.5629
