Location: 2025-04-18_221556-1.png_Gaussian-Closing.png
Component: component_1745013064939_216.png
centerX: 0.71849234393404
centerY: 0.44330338040222506
width: 0.037102473498233215
height: 0.02995293110825845
Area: 0.00045813922896528574
CentroidX: 0.7356
CentroidY: 0.4595
