Location: 2025-04-18_221616-1.png_Mean-Medain.png
Component: component_1745013064626_120.png
centerX: 0.5270906949352179
centerY: 0.17244330338040223
width: 0.034746760895170786
height: 0.02995293110825845
Area: 0.00036313455937237447
CentroidX: 0.5448
CentroidY: 0.1863
