Location: easy43_Mean-Closing.png
Component: component_1744297380565_145.png
centerX: 0.8301088270858524
centerY: 0.15006412997007268
width: 0.015114873035066506
height: 0.010260795211628902
Area: 8.504135491298641e-05
CentroidX: 0.8366
CentroidY: 0.1551
