Location: easy26_Mean-Closing.png
Component: component_1744297382033_429.png
centerX: 0.4274193548387097
centerY: 0.3017241379310345
width: 0.025806451612903226
height: 0.014367816091954023
Area: 0.0001367259918427883
CentroidX: 0.4387
CentroidY: 0.3086
