Location: 2025-04-18_221556-1.png_Gaussian-Closing.png
Component: component_1745013064939_215.png
centerX: 0.8945818610129564
centerY: 0.44244758237056053
width: 0.035924617196702
height: 0.030380830124090714
Area: 0.00048207939769559494
CentroidX: 0.9117
CentroidY: 0.4589
