Location: 2025-04-18_221556-1.png_Gaussian-Closing.png
Component: component_1745013064940_219.png
centerX: 0.6012956419316844
centerY: 0.4450149764655541
width: 0.0353356890459364
height: 0.03123662815575524
Area: 0.0004654472804724328
CentroidX: 0.6183
CentroidY: 0.4609
