Location: easy16_Gaussian-Median.png
Component: component_1744297381846_833.png
centerX: 0.24596774193548387
centerY: 0.600095785440613
width: 0.02661290322580645
height: 0.014367816091954023
Area: 0.00013093251761216165
CentroidX: 0.2582
CentroidY: 0.6066
