Location: 2025-04-18_221616-1.png_Mean-Medain.png
Component: component_1745013064625_114.png
centerX: 0.6466431095406361
centerY: 0.1703038083012409
width: 0.03415783274440518
height: 0.037227214377406934
Area: 0.00035204648122359966
CentroidX: 0.6624
CentroidY: 0.1872
