Location: 2025-04-18_221616-1.png_Mean-Closing.png
Component: component_1745013065231_159.png
centerX: 0.14487632508833923
centerY: 0.3851091142490372
width: 0.034746760895170786
height: 0.026529738981600343
Area: 0.00021319350258780623
CentroidX: 0.1610
CentroidY: 0.3980
