Location: 2025-04-18_221616-1.png_Mean-Closing.png
Component: component_1745013065244_190.png
centerX: 0.14016489988221437
centerY: 0.45699614890885754
width: 0.03828032979976443
height: 0.029097133076593923
Area: 0.00042890702293669764
CentroidX: 0.1590
CentroidY: 0.4724
