Location: 2025-04-18_221616-1.png_Gaussian-Closing.png
Component: component_1745013064570_175.png
centerX: 0.908716136631331
centerY: 0.37869062901155326
width: 0.035924617196702
height: 0.030380830124090714
Area: 0.0002696419004361143
CentroidX: 0.9253
CentroidY: 0.3928
