Location: 2025-04-18_221556-1.png_Gaussian-Closing.png
Component: component_1745013064921_167.png
centerX: 0.24322732626619553
centerY: 0.3055198973042362
width: 0.037102473498233215
height: 0.030380830124090714
Area: 0.0005481038630360266
CentroidX: 0.2607
CentroidY: 0.3211
