Location: 2025-04-18_221556-1.png_Gaussian-Closing.png
Component: component_1745013065078_420.png
centerX: 0.2037691401648999
centerY: 0.9298245614035088
width: 0.03828032979976443
height: 0.028241335044929396
Area: 0.0005433158292899649
CentroidX: 0.2228
CentroidY: 0.9442
