Location: 2025-04-18_221616-1.png_Mean-Medain.png
Component: component_1745013064636_166.png
centerX: 0.4093050647820966
centerY: 0.2819854514334617
width: 0.034746760895170786
height: 0.02738553701326487
Area: 0.0003018981277780046
CentroidX: 0.4266
CentroidY: 0.2959
