Location: 2025-04-18_221556-1.png_Gaussian-Closing.png
Component: component_1745013064992_258.png
centerX: 0.13427561837455831
centerY: 0.5412922550278134
width: 0.0353356890459364
height: 0.028241335044929396
Area: 0.0004069828684152566
CentroidX: 0.1507
CentroidY: 0.5561
