Location: easy16_Gaussian-Median.png
Component: component_1744297381885_1053.png
centerX: 0.35080645161290325
centerY: 0.7337164750957854
width: 0.02661290322580645
height: 0.014846743295019157
Area: 0.0001421332344580398
CentroidX: 0.3629
CentroidY: 0.7407
