Location: 2025-04-18_221556-1.png_Gaussian-Closing.png
Component: component_1745013065046_373.png
centerX: 0.8156654888103652
centerY: 0.8104407359863073
width: 0.02767962308598351
height: 0.03123662815575524
Area: 0.00039992681868421807
CentroidX: 0.8301
CentroidY: 0.8258
