Location: 2025-04-18_221616-1.png_Gaussian-Closing.png
Component: component_1745013064578_206.png
centerX: 0.8639575971731449
centerY: 0.4501497646555413
width: 0.032391048292108364
height: 0.0329482242190843
Area: 0.00040345484354973736
CentroidX: 0.8795
CentroidY: 0.4671
