Location: easy43_Mean-Closing.png
Component: component_1744297380650_821.png
centerX: 0.5447400241837969
centerY: 0.5211628901239846
width: 0.014510278113663845
height: 0.00983326207781103
Area: 7.340955864829222e-05
CentroidX: 0.5510
CentroidY: 0.5261
