Location: 2025-04-18_221616-1.png_Gaussian-Closing.png
Component: component_1745013064583_232.png
centerX: 0.21319199057714958
centerY: 0.501497646555413
width: 0.034746760895170786
height: 0.037655113393239195
Area: 0.0003933747725053966
CentroidX: 0.2293
CentroidY: 0.5206
