Location: 2025-04-18_221616-1.png_Mean-Closing.png
Component: component_1745013065240_175.png
centerX: 0.46113074204946997
centerY: 0.4184852374839538
width: 0.03297997644287397
height: 0.029525032092426188
Area: 0.0003026541331063301
CentroidX: 0.4774
CentroidY: 0.4333
