Location: 2025-04-18_221616-1.png_Gaussian-Closing.png
Component: component_1745013064564_150.png
centerX: 0.856301531213192
centerY: 0.30979888746255885
width: 0.03651354534746761
height: 0.030380830124090714
Area: 0.00029585008515140015
CentroidX: 0.8745
CentroidY: 0.3243
