Location: 2025-04-18_221616-1.png_Mean-Medain.png
Component: component_1745013064633_152.png
centerX: 0.408716136631331
centerY: 0.24818142918271288
width: 0.037102473498233215
height: 0.03080872913992298
Area: 0.0004226069785339847
CentroidX: 0.4267
CentroidY: 0.2637
