Location: 2025-04-18_221616-1.png_Gaussian-Closing.png
Component: component_1745013064559_125.png
centerX: 0.8674911660777385
centerY: 0.24347454000855798
width: 0.034746760895170786
height: 0.029097133076593923
Area: 0.00037825466593888554
CentroidX: 0.8850
CentroidY: 0.2580
