Location: 2025-04-18_221616-1.png_Gaussian-Closing.png
Component: component_1745013064554_100.png
centerX: 0.5270906949352179
centerY: 0.17244330338040223
width: 0.034746760895170786
height: 0.029097133076593923
Area: 0.00035481850076079336
CentroidX: 0.5447
CentroidY: 0.1862
