Location: 2025-04-18_221556-1.png_Gaussian-Closing.png
Component: component_1745013064926_176.png
centerX: 0.8080094228504122
centerY: 0.33547282841249465
width: 0.03828032979976443
height: 0.031664527171587506
Area: 0.0005818721010345681
CentroidX: 0.8260
CentroidY: 0.3526
