Location: 2025-04-18_221556-1.png_Gaussian-Closing.png
Component: component_1745013064931_192.png
centerX: 0.30742049469964666
centerY: 0.3727000427899016
width: 0.03828032979976443
height: 0.032520325203252036
Area: 0.0005612079553936696
CentroidX: 0.3252
CentroidY: 0.3893
