Location: 2025-04-18_221556-1.png_Gaussian-Closing.png
Component: component_1745013064918_156.png
centerX: 0.2308598351001178
centerY: 0.27428326914848095
width: 0.035924617196702
height: 0.029097133076593923
Area: 0.0005067755717542297
CentroidX: 0.2485
CentroidY: 0.2892
