Location: easy16_Gaussian-Median.png
Component: component_1744297381779_488.png
centerX: 0.7830645161290323
centerY: 0.33381226053639845
width: 0.02661290322580645
height: 0.014367816091954023
Area: 0.00014522308738104065
CentroidX: 0.7950
CentroidY: 0.3406
