Location: 2025-04-18_221556-1.png_Gaussian-Closing.png
Component: component_1745013065066_396.png
centerX: 0.8686690223792697
centerY: 0.8789045785194695
width: 0.035924617196702
height: 0.03808301240907146
Area: 0.0006453765486139146
CentroidX: 0.8843
CentroidY: 0.8993
