Location: 2025-04-18_221616-1.png_Mean-Medain.png
Component: component_1745013064621_96.png
centerX: 0.0800942285041225
centerY: 0.10611895592640137
width: 0.0353356890459364
height: 0.030380830124090714
Area: 0.00042991503004113175
CentroidX: 0.0978
CentroidY: 0.1212
