Location: 2025-04-18_221556-1.png_Gaussian-Closing.png
Component: component_1745013064775_55.png
centerX: 0.38810365135453473
centerY: 0.06204535729567822
width: 0.0353356890459364
height: 0.024390243902439025
Area: 0.0004210949678773336
CentroidX: 0.4058
CentroidY: 0.0751
