Location: 2025-04-18_221616-1.png_Mean-Closing.png
Component: component_1745013065234_171.png
centerX: 0.5265017667844523
centerY: 0.41805733846812154
width: 0.0353356890459364
height: 0.032520325203252036
Area: 0.0003258382965083138
CentroidX: 0.5433
CentroidY: 0.4338
