Location: easy43_Mean-Closing.png
Component: component_1744297380719_1403.png
centerX: 0.3403869407496977
centerY: 0.7866609662248825
width: 0.013905683192261185
height: 0.010260795211628902
Area: 8.529983927442406e-05
CentroidX: 0.3465
CentroidY: 0.7914
