Location: 2025-04-18_221556-1.png_Gaussian-Closing.png
Component: component_1745013065082_440.png
centerX: 0.5011778563015312
centerY: 0.9666238767650834
width: 0.03651354534746761
height: 0.032520325203252036
Area: 0.0005551599127670652
CentroidX: 0.5197
CentroidY: 0.9827
