Location: easy26_Mean-Closing.png
Component: component_1744297382041_466.png
centerX: 0.7024193548387097
centerY: 0.3242337164750958
width: 0.02661290322580645
height: 0.014367816091954023
Area: 0.0001421332344580398
CentroidX: 0.7144
CentroidY: 0.3312
