Location: 2025-04-18_221616-1.png_Mean-Closing.png
Component: component_1745013065142_19.png
centerX: 0.21083627797408716
centerY: 0.0329482242190843
width: 0.0353356890459364
height: 0.02781343602909713
Area: 0.00048056738703894386
CentroidX: 0.2278
CentroidY: 0.0470
