Location: easy43_Mean-Closing.png
Component: component_1744297380698_1228.png
centerX: 0.8282950423216445
centerY: 0.698589140658401
width: 0.013301088270858524
height: 0.010260795211628902
Area: 8.219802693717227e-05
CentroidX: 0.8339
CentroidY: 0.7034
