Location: easy16_Gaussian-Median.png
Component: component_1744297381806_616.png
centerX: 0.3435483870967742
centerY: 0.4042145593869732
width: 0.02661290322580645
height: 0.014367816091954023
Area: 0.00014058830799653935
CentroidX: 0.3556
CentroidY: 0.4109
