Location: easy21_Mean-Medain.png
Component: component_1744297380823_293.png
centerX: 0.5096774193548387
centerY: 0.29118773946360155
width: 0.028225806451612902
height: 0.014367816091954023
Area: 0.00015410641453466814
CentroidX: 0.5223
CentroidY: 0.2980
