Location: easy16_Gaussian-Median.png
Component: component_1744297381750_351.png
centerX: 0.7669354838709678
centerY: 0.2442528735632184
width: 0.027419354838709678
height: 0.014846743295019157
Area: 0.00015024409838091708
CentroidX: 0.7794
CentroidY: 0.2513
