Location: 2025-04-18_221556-1.png_Gaussian-Closing.png
Component: component_1745013064952_230.png
centerX: 0.8392226148409894
centerY: 0.4852374839537869
width: 0.03769140164899882
height: 0.02781343602909713
Area: 0.0004949314882771293
CentroidX: 0.8580
CentroidY: 0.4998
