Location: 2025-04-18_221616-1.png_Mean-Medain.png
Component: component_1745013064614_77.png
centerX: 0.20200235571260305
centerY: 0.06504065040650407
width: 0.034746760895170786
height: 0.0329482242190843
Area: 0.0004687233035618435
CentroidX: 0.2181
CentroidY: 0.0812
