Location: 2025-04-18_221616-1.png_Mean-Closing.png
Component: component_1745013065211_118.png
centerX: 0.5341578327444052
centerY: 0.2815575524176294
width: 0.032391048292108364
height: 0.03123662815575524
Area: 0.0002908100496292298
CentroidX: 0.5505
CentroidY: 0.2981
