Location: 2025-04-18_221556-1.png_Gaussian-Closing.png
Component: component_1745013065007_308.png
centerX: 0.06772673733804475
centerY: 0.6474112109542148
width: 0.037102473498233215
height: 0.02738553701326487
Area: 0.00043747508332438726
CentroidX: 0.0861
CentroidY: 0.6612
