Location: 2025-04-18_221556-1.png_Gaussian-Closing.png
Component: component_1745013064994_266.png
centerX: 0.5624263839811543
centerY: 0.57466837826273
width: 0.04652532391048292
height: 0.025246041934103552
Area: 0.0005256757049623686
CentroidX: 0.5840
CentroidY: 0.5880
