Location: 2025-04-18_221616-1.png_Mean-Medain.png
Component: component_1745013064640_181.png
centerX: 0.14782096584216725
centerY: 0.3170731707317073
width: 0.03356890459363958
height: 0.030380830124090714
Area: 0.0002698939022122228
CentroidX: 0.1649
CentroidY: 0.3317
