Location: 2025-04-18_221556-1.png_Gaussian-Closing.png
Component: component_1745013065001_293.png
centerX: 0.8881036513545347
centerY: 0.6341463414634146
width: 0.04299175500588928
height: 0.03123662815575524
Area: 0.000553143898558197
CentroidX: 0.9078
CentroidY: 0.6496
