Location: 2025-04-18_221616-1.png_Mean-Medain.png
Component: component_1745013064661_229.png
centerX: 0.9140164899882215
centerY: 0.4458707744972187
width: 0.0353356890459364
height: 0.036371416345742404
Area: 0.00044831115969705355
CentroidX: 0.9309
CentroidY: 0.4638
