Location: 2025-04-18_221556-1.png_Gaussian-Closing.png
Component: component_1745013064930_187.png
centerX: 0.6472320376914017
centerY: 0.37098844672657255
width: 0.038869257950530034
height: 0.03123662815575524
Area: 0.0005355037742306007
CentroidX: 0.6659
CentroidY: 0.3872
