Location: 2025-04-18_221556-1.png_Gaussian-Closing.png
Component: component_1745013065019_322.png
centerX: 0.19199057714958775
centerY: 0.6824989302524604
width: 0.03651354534746761
height: 0.028241335044929396
Area: 0.00047779536750175016
CentroidX: 0.2093
CentroidY: 0.6978
