Location: 2025-04-18_221556-1.png_Gaussian-Closing.png
Component: component_1745013064938_214.png
centerX: 0.06478209658421673
centerY: 0.41762943945228925
width: 0.034746760895170786
height: 0.029097133076593923
Area: 0.0005085395841869894
CentroidX: 0.0817
CentroidY: 0.4329
