Location: 2025-04-18_221616-1.png_Mean-Medain.png
Component: component_1745013064626_118.png
centerX: 0.702002355712603
centerY: 0.17115960633290545
width: 0.035924617196702
height: 0.03465982028241335
Area: 0.00038405070678938145
CentroidX: 0.7190
CentroidY: 0.1875
