Location: easy21_Mean-Medain.png
Component: component_1744297380922_751.png
centerX: 0.2217741935483871
centerY: 0.5866858237547893
width: 0.027419354838709678
height: 0.014367816091954023
Area: 0.0001417470028426647
CentroidX: 0.2344
CentroidY: 0.5936
