Location: 2025-04-18_221556-1.png_Gaussian-Closing.png
Component: component_1745013065006_306.png
centerX: 0.31625441696113077
centerY: 0.646127513906718
width: 0.04063604240282685
height: 0.028241335044929396
Area: 0.000503499548664819
CentroidX: 0.3356
CentroidY: 0.6606
