Location: 2025-04-18_221616-1.png_Mean-Medain.png
Component: component_1745013064654_195.png
centerX: 0.14546525323910484
centerY: 0.3504492939666239
width: 0.03356890459363958
height: 0.0329482242190843
Area: 0.0003860667209982496
CentroidX: 0.1612
CentroidY: 0.3650
