Location: 2025-04-18_221556-1.png_Gaussian-Closing.png
Component: component_1745013064929_185.png
centerX: 0.4799764428739694
centerY: 0.37098844672657255
width: 0.03769140164899882
height: 0.03209242618741977
Area: 0.0005624679642742122
CentroidX: 0.4976
CentroidY: 0.3877
