Location: easy43_Mean-Closing.png
Component: component_1744297380628_641.png
centerX: 0.45163240628778717
centerY: 0.43394613082513894
width: 0.014510278113663845
height: 0.010260795211628902
Area: 7.134168375679103e-05
CentroidX: 0.4577
CentroidY: 0.4389
