Location: 2025-04-18_221616-1.png_Gaussian-Closing.png
Component: component_1745013064569_174.png
centerX: 0.2762073027090695
centerY: 0.35301668806161746
width: 0.037102473498233215
height: 0.03080872913992298
Area: 0.0003981628062514585
CentroidX: 0.2931
CentroidY: 0.3678
