Location: 2025-04-18_221556-1.png_Gaussian-Closing.png
Component: component_1745013065063_391.png
centerX: 0.7031802120141343
centerY: 0.8502353444587077
width: 0.037102473498233215
height: 0.030380830124090714
Area: 0.0005100515948436405
CentroidX: 0.7207
CentroidY: 0.8660
