Location: 2025-04-18_221616-1.png_Gaussian-Closing.png
Component: component_1745013064563_145.png
centerX: 0.6489988221436984
centerY: 0.2819854514334617
width: 0.0353356890459364
height: 0.02995293110825845
Area: 0.00028173798568932313
CentroidX: 0.6654
CentroidY: 0.2958
