Location: easy21_Mean-Medain.png
Component: component_1744297380932_803.png
centerX: 0.17096774193548386
centerY: 0.6317049808429118
width: 0.027419354838709678
height: 0.014367816091954023
Area: 0.00013440860215053763
CentroidX: 0.1833
CentroidY: 0.6384
