Location: easy21_Mean-Medain.png
Component: component_1744297380761_67.png
centerX: 0.8056451612903226
centerY: 0.06226053639846743
width: 0.027419354838709678
height: 0.014367816091954023
Area: 0.00015487887776541838
CentroidX: 0.8181
CentroidY: 0.0690
