Location: 2025-04-18_221556-1.png_Gaussian-Closing.png
Component: component_1745013065044_363.png
centerX: 0.3209658421672556
centerY: 0.7804878048780488
width: 0.038869257950530034
height: 0.029097133076593923
Area: 0.000511311603724183
CentroidX: 0.3400
CentroidY: 0.7955
