Location: 2025-04-18_221616-1.png_Mean-Medain.png
Component: component_1745013064613_71.png
centerX: 0.6195524146054181
centerY: 0.06076166024818143
width: 0.038869257950530034
height: 0.03209242618741977
Area: 0.0004730073337556883
CentroidX: 0.6384
CentroidY: 0.0767
