Location: easy16_Gaussian-Median.png
Component: component_1744297381879_1017.png
centerX: 0.14838709677419354
centerY: 0.7121647509578544
width: 0.02661290322580645
height: 0.014367816091954023
Area: 0.0001421332344580398
CentroidX: 0.1604
CentroidY: 0.7188
