Location: 2025-04-18_221616-1.png_Mean-Closing.png
Component: component_1745013065217_132.png
centerX: 0.14782096584216725
centerY: 0.3170731707317073
width: 0.03356890459363958
height: 0.030380830124090714
Area: 0.0002696419004361143
CentroidX: 0.1648
CentroidY: 0.3317
