Location: easy16_Gaussian-Median.png
Component: component_1744297381685_224.png
centerX: 0.5145161290322581
centerY: 0.15756704980842912
width: 0.02661290322580645
height: 0.014367816091954023
Area: 0.00013633976022741316
CentroidX: 0.5267
CentroidY: 0.1646
