Location: easy21_Mean-Medain.png
Component: component_1744297380981_971.png
centerX: 0.9338709677419355
centerY: 0.7241379310344828
width: 0.027419354838709678
height: 0.01532567049808429
Area: 0.0001560375726115437
CentroidX: 0.9460
CentroidY: 0.7315
