Location: easy16_Gaussian-Median.png
Component: component_1744297381852_860.png
centerX: 0.4959677419354839
centerY: 0.6211685823754789
width: 0.02661290322580645
height: 0.014846743295019157
Area: 0.0001517890248424175
CentroidX: 0.5080
CentroidY: 0.6282
