Location: 2025-04-18_221556-1.png_Gaussian-Closing.png
Component: component_1745013065037_355.png
centerX: 0.6401648998822144
centerY: 0.7766367137355584
width: 0.04004711425206125
height: 0.029525032092426188
Area: 0.0005166036410224619
CentroidX: 0.6593
CentroidY: 0.7926
