Location: 2025-04-18_221616-1.png_Mean-Closing.png
Component: component_1745013065243_189.png
centerX: 0.07773851590106007
centerY: 0.45742404792468977
width: 0.035924617196702
height: 0.03209242618741977
Area: 0.000433443054906651
CentroidX: 0.0946
CentroidY: 0.4736
