Location: easy43_Mean-Closing.png
Component: component_1744297380570_187.png
centerX: 0.7696493349455864
centerY: 0.17229585292860197
width: 0.014510278113663845
height: 0.010260795211628902
Area: 7.70283397084193e-05
CentroidX: 0.7757
CentroidY: 0.1773
