Location: 2025-04-18_221616-1.png_Gaussian-Closing.png
Component: component_1745013064583_231.png
centerX: 0.14782096584216725
centerY: 0.5019255455712451
width: 0.03415783274440518
height: 0.0410783055198973
Area: 0.0004573832236369602
CentroidX: 0.1629
CentroidY: 0.5217
