Location: 2025-04-18_221556-1.png_Gaussian-Closing.png
Component: component_1745013065001_294.png
centerX: 0.839811542991755
centerY: 0.6375695335900727
width: 0.035924617196702
height: 0.03080872913992298
Area: 0.00048560742256111423
CentroidX: 0.8574
CentroidY: 0.6529
