Location: 2025-04-18_221556-1.png_Gaussian-Closing.png
Component: component_1745013064994_267.png
centerX: 0.6813898704358068
centerY: 0.5742404792468977
width: 0.03828032979976443
height: 0.02396234488660676
Area: 0.0004379790868766043
CentroidX: 0.6992
CentroidY: 0.5869
