Location: 2025-04-18_221616-1.png_Mean-Medain.png
Component: component_1745013064638_169.png
centerX: 0.2143698468786808
centerY: 0.2832691484809585
width: 0.03356890459363958
height: 0.03123662815575524
Area: 0.0002703979057644398
CentroidX: 0.2307
CentroidY: 0.2985
