Location: 2025-04-18_221556-1.png_Gaussian-Closing.png
Component: component_1745013064879_126.png
centerX: 0.11425206124852769
centerY: 0.2079589216944801
width: 0.030624263839811542
height: 0.026957637997432605
Area: 0.00043268704957832545
CentroidX: 0.1293
CentroidY: 0.2218
