Location: 2025-04-18_221556-1.png_Gaussian-Closing.png
Component: component_1745013065000_289.png
centerX: 0.19493521790341578
centerY: 0.6123234916559692
width: 0.04122497055359246
height: 0.029097133076593923
Area: 0.0004818273959194864
CentroidX: 0.2145
CentroidY: 0.6279
