Location: 2025-04-18_221616-1.png_Mean-Medain.png
Component: component_1745013064626_117.png
centerX: 0.5859835100117785
centerY: 0.1715875053487377
width: 0.03180212014134275
height: 0.03465982028241335
Area: 0.0003470064457014293
CentroidX: 0.6011
CentroidY: 0.1875
