Location: 2025-04-18_221616-1.png_Mean-Medain.png
Component: component_1745013064630_135.png
centerX: 0.6531213191990577
centerY: 0.2092426187419769
width: 0.030624263839811542
height: 0.032520325203252036
Area: 0.0002600658329439906
CentroidX: 0.6684
CentroidY: 0.2247
