Location: 2025-04-18_221616-1.png_Gaussian-Closing.png
Component: component_1745013064552_97.png
centerX: 0.5859835100117785
centerY: 0.1715875053487377
width: 0.032391048292108364
height: 0.03423192126658109
Area: 0.00034398242438812707
CentroidX: 0.6011
CentroidY: 0.1875
