Location: 2025-04-18_221556-1.png_Gaussian-Closing.png
Component: component_1745013065064_393.png
centerX: 0.7614840989399293
centerY: 0.8510911424903723
width: 0.039458186101295645
height: 0.02866923406076166
Area: 0.0005168556427985704
CentroidX: 0.7803
CentroidY: 0.8657
