Location: easy16_Gaussian-Median.png
Component: component_1744297381922_1253.png
centerX: 0.5983870967741935
centerY: 0.8682950191570882
width: 0.027419354838709678
height: 0.014846743295019157
Area: 0.0001506303299962922
CentroidX: 0.6110
CentroidY: 0.8753
