Location: 2025-04-18_221556-1.png_Gaussian-Closing.png
Component: component_1745013064933_201.png
centerX: 0.7750294464075382
centerY: 0.4030808729139923
width: 0.03769140164899882
height: 0.031664527171587506
Area: 0.0005150916303658108
CentroidX: 0.7917
CentroidY: 0.4202
