Location: 2025-04-18_221616-1.png_Mean-Medain.png
Component: component_1745013064638_170.png
centerX: 0.2791519434628975
centerY: 0.28369704749679076
width: 0.0353356890459364
height: 0.03123662815575524
Area: 0.00029459007627085753
CentroidX: 0.2965
CentroidY: 0.2988
