Location: easy26_Mean-Closing.png
Component: component_1744297382102_630.png
centerX: 0.792741935483871
centerY: 0.4353448275862069
width: 0.025806451612903226
height: 0.014367816091954023
Area: 0.00014560931899641578
CentroidX: 0.8038
CentroidY: 0.4424
