Location: 2025-04-18_221616-1.png_Mean-Closing.png
Component: component_1745013065247_200.png
centerX: 0.45641931684334514
centerY: 0.4993581514762516
width: 0.04004711425206125
height: 0.03423192126658109
Area: 0.0004228589803100932
CentroidX: 0.4745
CentroidY: 0.5158
