Location: 2025-04-18_221616-1.png_Mean-Medain.png
Component: component_1745013064624_106.png
centerX: 0.3928150765606596
centerY: 0.13692768506632436
width: 0.034746760895170786
height: 0.03337612323491656
Area: 0.00039513878493815626
CentroidX: 0.4097
CentroidY: 0.1530
