Location: easy16_Gaussian-Median.png
Component: component_1744297381682_212.png
centerX: 0.8290322580645161
centerY: 0.1532567049808429
width: 0.027419354838709678
height: 0.014846743295019157
Area: 0.00015256148807316772
CentroidX: 0.8414
CentroidY: 0.1606
