Location: 2025-04-18_221616-1.png_Mean-Medain.png
Component: component_1745013064659_217.png
centerX: 0.8580683156654888
centerY: 0.4146341463414634
width: 0.03356890459363958
height: 0.03080872913992298
Area: 0.00041328291281796955
CentroidX: 0.8739
CentroidY: 0.4294
