Location: easy16_Gaussian-Median.png
Component: component_1744297381777_475.png
centerX: 0.050806451612903224
centerY: 0.3170498084291188
width: 0.027419354838709678
height: 0.013888888888888888
Area: 0.00013981584476578914
CentroidX: 0.0628
CentroidY: 0.3237
