Location: easy26_Mean-Closing.png
Component: component_1744297382035_438.png
centerX: 0.05
centerY: 0.303639846743295
width: 0.02661290322580645
height: 0.014367816091954023
Area: 0.00013518106538128785
CentroidX: 0.0618
CentroidY: 0.3106
