Location: 2025-04-18_221616-1.png_Mean-Medain.png
Component: component_1745013064632_147.png
centerX: 0.7037691401648999
centerY: 0.24518613607188702
width: 0.0447585394581861
height: 0.03123662815575524
Area: 0.0004546112040997665
CentroidX: 0.7247
CentroidY: 0.2601
