Location: 2025-04-18_221616-1.png_Gaussian-Closing.png
Component: component_1745013064561_133.png
centerX: 0.28209658421672557
centerY: 0.2490372272143774
width: 0.0353356890459364
height: 0.03123662815575524
Area: 0.000342974417283693
CentroidX: 0.2985
CentroidY: 0.2646
