Location: easy26_Mean-Closing.png
Component: component_1744297382108_665.png
centerX: 0.10080645161290322
centerY: 0.4592911877394636
width: 0.02661290322580645
height: 0.014367816091954023
Area: 0.00014020207638116425
CentroidX: 0.1128
CentroidY: 0.4663
