Location: 2025-04-18_221616-1.png_Mean-Closing.png
Component: component_1745013065220_139.png
centerX: 0.9081272084805654
centerY: 0.3453145057766367
width: 0.03769140164899882
height: 0.029525032092426188
Area: 0.0003777506623866685
CentroidX: 0.9261
CentroidY: 0.3596
