Location: 2025-04-18_221616-1.png_Gaussian-Closing.png
Component: component_1745013064568_166.png
centerX: 0.7638398115429917
centerY: 0.345742404792469
width: 0.03415783274440518
height: 0.03080872913992298
Area: 0.00034650244214921226
CentroidX: 0.7808
CentroidY: 0.3616
