Location: 2025-04-18_221616-1.png_Mean-Medain.png
Component: component_1745013064616_83.png
centerX: 0.8616018845700825
centerY: 0.09670517757809156
width: 0.03651354534746761
height: 0.030380830124090714
Area: 0.0004571312218608517
CentroidX: 0.8788
CentroidY: 0.1115
