Location: easy21_Mean-Medain.png
Component: component_1744297381119_1098.png
centerX: 0.5096774193548387
centerY: 0.8151340996168582
width: 0.028225806451612902
height: 0.014846743295019157
Area: 0.00014947163515016684
CentroidX: 0.5222
CentroidY: 0.8220
