Location: 2025-04-18_221616-1.png_Gaussian-Closing.png
Component: component_1745013064569_172.png
centerX: 0.21083627797408716
centerY: 0.3508771929824561
width: 0.0353356890459364
height: 0.02866923406076166
Area: 0.0003820346925805133
CentroidX: 0.2276
CentroidY: 0.3648
