Location: easy21_Mean-Medain.png
Component: component_1744297380830_327.png
centerX: 0.5620967741935484
centerY: 0.3136973180076628
width: 0.028225806451612902
height: 0.014846743295019157
Area: 0.0001618310468421703
CentroidX: 0.5743
CentroidY: 0.3206
