Location: easy16_Gaussian-Median.png
Component: component_1744297381653_66.png
centerX: 0.04758064516129032
centerY: 0.05028735632183908
width: 0.027419354838709678
height: 0.014367816091954023
Area: 0.00014406439253491533
CentroidX: 0.0598
CentroidY: 0.0572
