Location: 2025-04-18_221616-1.png_Gaussian-Closing.png
Component: component_1745013064579_212.png
centerX: 0.33156654888103654
centerY: 0.45614035087719296
width: 0.035924617196702
height: 0.03080872913992298
Area: 0.00041303091104186103
CentroidX: 0.3485
CentroidY: 0.4721
