Location: easy16_Gaussian-Median.png
Component: component_1744297381788_534.png
centerX: 0.5516129032258065
centerY: 0.35823754789272033
width: 0.027419354838709678
height: 0.014367816091954023
Area: 0.00014406439253491533
CentroidX: 0.5640
CentroidY: 0.3651
