Location: 2025-04-18_221616-1.png_Gaussian-Closing.png
Component: component_1745013064539_39.png
centerX: 0.5712603062426383
centerY: 0.024818142918271287
width: 0.039458186101295645
height: 0.029525032092426188
Area: 0.0005140836232613768
CentroidX: 0.5903
CentroidY: 0.0396
