Location: 2025-04-18_221556-1.png_Gaussian-Closing.png
Component: component_1745013064917_153.png
centerX: 0.12190812720848057
centerY: 0.2729995721009842
width: 0.03297997644287397
height: 0.03123662815575524
Area: 0.0004984595131426486
CentroidX: 0.1371
CentroidY: 0.2886
