Location: 2025-04-18_221616-1.png_Mean-Closing.png
Component: component_1745013065219_138.png
centerX: 0.8133097762073027
centerY: 0.3453145057766367
width: 0.03297997644287397
height: 0.031664527171587506
Area: 0.000398918811579784
CentroidX: 0.8289
CentroidY: 0.3604
