Location: 2025-04-18_221556-1.png_Gaussian-Closing.png
Component: component_1745013064738_45.png
centerX: 0.2137809187279152
centerY: 0.026957637997432605
width: 0.039458186101295645
height: 0.02781343602909713
Area: 0.0004709913195468202
CentroidX: 0.2331
CentroidY: 0.0410
