Location: 2025-04-18_221616-1.png_Mean-Closing.png
Component: component_1745013065145_26.png
centerX: 0.7885747938751473
centerY: 0.06076166024818143
width: 0.03651354534746761
height: 0.031664527171587506
Area: 0.0004505791756820302
CentroidX: 0.8051
CentroidY: 0.0750
