Location: easy21_Mean-Medain.png
Component: component_1744297380812_246.png
centerX: 0.7862903225806451
centerY: 0.2662835249042146
width: 0.028225806451612902
height: 0.01532567049808429
Area: 0.0001711006056111729
CentroidX: 0.7986
CentroidY: 0.2736
