Location: 2025-04-18_221556-1.png_Gaussian-Closing.png
Component: component_1745013065046_371.png
centerX: 0.5123674911660777
centerY: 0.8108686350021395
width: 0.02591283863368669
height: 0.03380402225074882
Area: 0.00041353491459407806
CentroidX: 0.5263
CentroidY: 0.8273
