Location: 2025-04-18_221616-1.png_Mean-Closing.png
Component: component_1745013065242_186.png
centerX: 0.33156654888103654
centerY: 0.4557124518613607
width: 0.035924617196702
height: 0.031664527171587506
Area: 0.00042865502116058913
CentroidX: 0.3485
CentroidY: 0.4719
