Location: easy43_Mean-Closing.png
Component: component_1744297380643_768.png
centerX: 0.7871825876662636
centerY: 0.49807610089781956
width: 0.014510278113663845
height: 0.00983326207781103
Area: 7.883773023848285e-05
CentroidX: 0.7936
CentroidY: 0.5029
