Location: 2025-04-18_221616-1.png_Mean-Medain.png
Component: component_1745013064626_119.png
centerX: 0.7632508833922261
centerY: 0.1715875053487377
width: 0.03415783274440518
height: 0.03508771929824561
Area: 0.0003210502627622519
CentroidX: 0.7801
CentroidY: 0.1879
