Location: easy64_Gaussian-Closing.png
Component: component_1744297381412_916.png
centerX: 0.42503022974607013
centerY: 0.6143651132962804
width: 0.013905683192261185
height: 0.00983326207781103
Area: 7.340955864829222e-05
CentroidX: 0.4310
CentroidY: 0.6192
