Location: 2025-04-18_221556-1.png_Gaussian-Closing.png
Component: component_1745013065076_417.png
centerX: 0.5783274440518257
centerY: 0.9242618741976893
width: 0.03415783274440518
height: 0.032520325203252036
Area: 0.0005223996818729578
CentroidX: 0.5943
CentroidY: 0.9411
