Location: 2025-04-18_221616-1.png_Gaussian-Closing.png
Component: component_1745013064541_47.png
centerX: 0.09422850412249706
centerY: 0.03808301240907146
width: 0.03121319199057715
height: 0.025246041934103552
Area: 0.0003207982609861434
CentroidX: 0.1103
CentroidY: 0.0512
