Location: 2025-04-18_221556-1.png_Gaussian-Closing.png
Component: component_1745013064992_259.png
centerX: 0.07361601884570082
centerY: 0.5434317501069748
width: 0.03769140164899882
height: 0.026529738981600343
Area: 0.00042714301050393805
CentroidX: 0.0915
CentroidY: 0.5581
