Location: easy21_Mean-Medain.png
Component: component_1744297380959_906.png
centerX: 0.09516129032258064
centerY: 0.6992337164750958
width: 0.027419354838709678
height: 0.014367816091954023
Area: 0.0001374984550735385
CentroidX: 0.1076
CentroidY: 0.7057
