Location: easy26_Mean-Closing.png
Component: component_1744297382024_392.png
centerX: 0.6395161290322581
centerY: 0.2792145593869732
width: 0.02661290322580645
height: 0.014367816091954023
Area: 0.00013440860215053763
CentroidX: 0.6509
CentroidY: 0.2861
