Location: 2025-04-18_221556-1.png_Gaussian-Closing.png
Component: component_1745013065077_419.png
centerX: 0.26442873969375735
centerY: 0.9276850663243474
width: 0.0353356890459364
height: 0.03209242618741977
Area: 0.0005349997706783837
CentroidX: 0.2815
CentroidY: 0.9440
