Location: 2025-04-18_221616-1.png_Mean-Closing.png
Component: component_1745013065203_99.png
centerX: 0.8191990577149588
centerY: 0.24133504492939667
width: 0.037102473498233215
height: 0.031664527171587506
Area: 0.00039236676540096256
CentroidX: 0.8371
CentroidY: 0.2558
