Location: 2025-04-18_221616-1.png_Mean-Closing.png
Component: component_1745013065197_83.png
centerX: 0.9204946996466431
centerY: 0.20539152759948653
width: 0.037102473498233215
height: 0.032520325203252036
Area: 0.00036540257535735114
CentroidX: 0.9382
CentroidY: 0.2211
