Location: easy26_Mean-Closing.png
Component: component_1744297382187_1071.png
centerX: 0.3903225806451613
centerY: 0.8165708812260536
width: 0.02661290322580645
height: 0.014367816091954023
Area: 0.00014367816091954023
CentroidX: 0.4021
CentroidY: 0.8233
