Location: 2025-04-18_221616-1.png_Mean-Medain.png
Component: component_1745013064657_212.png
centerX: 0.5294464075382803
centerY: 0.386392811296534
width: 0.03297997644287397
height: 0.026957637997432605
Area: 0.0002504897654518669
CentroidX: 0.5445
CentroidY: 0.3999
