Location: 2025-04-18_221616-1.png_Gaussian-Closing.png
Component: component_1745013064550_88.png
centerX: 0.3327444051825677
centerY: 0.1386392811296534
width: 0.037102473498233215
height: 0.028241335044929396
Area: 0.00033768237998541413
CentroidX: 0.3497
CentroidY: 0.1522
