Location: 2025-04-18_221556-1.png_Gaussian-Closing.png
Component: component_1745013065008_310.png
centerX: 0.856301531213192
centerY: 0.6718014548566539
width: 0.038869257950530034
height: 0.03123662815575524
Area: 0.0005246676978579345
CentroidX: 0.8757
CentroidY: 0.6876
