Location: 2025-04-18_221616-1.png_Mean-Closing.png
Component: component_1745013065248_204.png
centerX: 0.5842167255594818
centerY: 0.5006418485237484
width: 0.03828032979976443
height: 0.032520325203252036
Area: 0.0004175669430118143
CentroidX: 0.6024
CentroidY: 0.5161
