Location: easy26_Mean-Closing.png
Component: component_1744297381971_114.png
centerX: 0.8943548387096775
centerY: 0.09818007662835249
width: 0.028225806451612902
height: 0.014846743295019157
Area: 0.00015989988876529478
CentroidX: 0.9069
CentroidY: 0.1054
