Location: 2025-04-18_221616-1.png_Mean-Medain.png
Component: component_1745013064612_65.png
centerX: 0.4010600706713781
centerY: 0.03465982028241335
width: 0.04004711425206125
height: 0.0235344458707745
Area: 0.0004893874492027419
CentroidX: 0.4207
CentroidY: 0.0464
