Location: 2025-04-18_221556-1.png_Gaussian-Closing.png
Component: component_1745013064995_272.png
centerX: 0.6277974087161367
centerY: 0.5750962772785623
width: 0.03769140164899882
height: 0.02396234488660676
Area: 0.0004324350478022169
CentroidX: 0.6458
CentroidY: 0.5879
