Location: 2025-04-18_221616-1.png_Mean-Closing.png
Component: component_1745013065180_53.png
centerX: 0.9210836277974087
centerY: 0.13222079589216945
width: 0.04122497055359246
height: 0.0329482242190843
Area: 0.0005173596463507875
CentroidX: 0.9406
CentroidY: 0.1490
