Location: 2025-04-18_221616-1.png_Gaussian-Closing.png
Component: component_1745013064547_70.png
centerX: 0.5759717314487632
centerY: 0.09970047068891741
width: 0.0353356890459364
height: 0.03337612323491656
Area: 0.000476283356845099
CentroidX: 0.5918
CentroidY: 0.1161
