Location: 2025-04-18_221556-1.png_Gaussian-Closing.png
Component: component_1745013064993_262.png
centerX: 0.8327444051825678
centerY: 0.5712451861360719
width: 0.03769140164899882
height: 0.028241335044929396
Area: 0.0004873714349938738
CentroidX: 0.8511
CentroidY: 0.5862
