Location: 2025-04-18_221616-1.png_Mean-Closing.png
Component: component_1745013065221_141.png
centerX: 0.4717314487632509
centerY: 0.3478818998716303
width: 0.03828032979976443
height: 0.03380402225074882
Area: 0.00043697107977217023
CentroidX: 0.4901
CentroidY: 0.3641
