Location: 2025-04-18_221556-1.png_Gaussian-Closing.png
Component: component_1745013065079_425.png
centerX: 0.07420494699646643
centerY: 0.9336756525459992
width: 0.04122497055359246
height: 0.025673940949935817
Area: 0.0005279437209473452
CentroidX: 0.0941
CentroidY: 0.9468
