Location: 2025-04-18_221616-1.png_Mean-Medain.png
Component: component_1745013064664_244.png
centerX: 0.8710247349823321
centerY: 0.49208386820710315
width: 0.034746760895170786
height: 0.037227214377406934
Area: 0.0004064788648630396
CentroidX: 0.8876
CentroidY: 0.5105
