Location: 2025-04-18_221616-1.png_Gaussian-Closing.png
Component: component_1745013064583_234.png
centerX: 0.08068315665488811
centerY: 0.5062045357295678
width: 0.0353356890459364
height: 0.037655113393239195
Area: 0.0004410031081899065
CentroidX: 0.0979
CentroidY: 0.5252
