Location: easy64_Gaussian-Closing.png
Component: component_1744297381305_619.png
centerX: 0.8022974607013301
centerY: 0.41214194100042756
width: 0.015719467956469165
height: 0.010260795211628902
Area: 8.529983927442406e-05
CentroidX: 0.8088
CentroidY: 0.4170
