Location: 2025-04-18_221616-1.png_Mean-Medain.png
Component: component_1745013064660_224.png
centerX: 0.39811542991755006
centerY: 0.41891313649978607
width: 0.03415783274440518
height: 0.03337612323491656
Area: 0.00032231027164279454
CentroidX: 0.4146
CentroidY: 0.4348
