Location: 2025-04-18_221556-1.png_Gaussian-Closing.png
Component: component_1745013064919_161.png
centerX: 0.5153121319199058
centerY: 0.3025246041934104
width: 0.04004711425206125
height: 0.02995293110825845
Area: 0.0005750680530796381
CentroidX: 0.5345
CentroidY: 0.3176
