Location: 2025-04-18_221616-1.png_Gaussian-Closing.png
Component: component_1745013064547_72.png
centerX: 0.26325088339222613
centerY: 0.10141206675224647
width: 0.03828032979976443
height: 0.03465982028241335
Area: 0.0005269357138429112
CentroidX: 0.2809
CentroidY: 0.1191
