Location: 2025-04-18_221616-1.png_Mean-Medain.png
Component: component_1745013064616_84.png
centerX: 0.6896348645465253
centerY: 0.09798887462558836
width: 0.03828032979976443
height: 0.032520325203252036
Area: 0.0004939234811726953
CentroidX: 0.7072
CentroidY: 0.1145
