Location: 2025-04-18_221616-1.png_Mean-Closing.png
Component: component_1745013065136_9.png
centerX: 0.6283863368669023
centerY: 0.0235344458707745
width: 0.0353356890459364
height: 0.02866923406076166
Area: 0.000502491541560385
CentroidX: 0.6449
CentroidY: 0.0373
