Location: 2025-04-18_221616-1.png_Gaussian-Closing.png
Component: component_1745013064552_98.png
centerX: 0.702002355712603
centerY: 0.17115960633290545
width: 0.035924617196702
height: 0.03465982028241335
Area: 0.0003807746836999707
CentroidX: 0.7190
CentroidY: 0.1875
