Location: 2025-04-18_221556-1.png_Gaussian-Closing.png
Component: component_1745013065008_311.png
centerX: 0.908716136631331
centerY: 0.6726572528883183
width: 0.03769140164899882
height: 0.029097133076593923
Area: 0.0004588952342936113
CentroidX: 0.9265
CentroidY: 0.6868
