Location: 2025-04-18_221556-1.png_Gaussian-Closing.png
Component: component_1745013065035_353.png
centerX: 0.8162544169611308
centerY: 0.7740693196405648
width: 0.03769140164899882
height: 0.03337612323491656
Area: 0.0005382757937677945
CentroidX: 0.8348
CentroidY: 0.7907
