Location: 2025-04-18_221616-1.png_Mean-Medain.png
Component: component_1745013064668_259.png
centerX: 0.9081272084805654
centerY: 0.5310226786478391
width: 0.034746760895170786
height: 0.037655113393239195
Area: 0.00044805915792094504
CentroidX: 0.9249
CentroidY: 0.5495
