Location: easy21_Mean-Medain.png
Component: component_1744297380777_124.png
centerX: 0.8604838709677419
centerY: 0.1068007662835249
width: 0.027419354838709678
height: 0.014367816091954023
Area: 0.00014985786676554195
CentroidX: 0.8726
CentroidY: 0.1136
