Location: 2025-04-18_221556-1.png_Gaussian-Closing.png
Component: component_1745013064924_173.png
centerX: 0.5229681978798587
centerY: 0.33504492939666236
width: 0.039458186101295645
height: 0.03080872913992298
Area: 0.0005962362022727537
CentroidX: 0.5423
CentroidY: 0.3512
