Location: 2025-04-18_221556-1.png_Gaussian-Closing.png
Component: component_1745013064982_235.png
centerX: 0.726148409893993
centerY: 0.4878048780487805
width: 0.039458186101295645
height: 0.026529738981600343
Area: 0.0004659512840246498
CentroidX: 0.7448
CentroidY: 0.5017
