Location: 2025-04-18_221616-1.png_Mean-Closing.png
Component: component_1745013065200_89.png
centerX: 0.47703180212014135
centerY: 0.2092426187419769
width: 0.035924617196702
height: 0.03508771929824561
Area: 0.00038657072455046664
CentroidX: 0.4940
CentroidY: 0.2268
