Location: 2025-04-18_221556-1.png_Gaussian-Closing.png
Component: component_1745013064777_56.png
centerX: 0.44405182567726736
centerY: 0.06161745827984596
width: 0.03651354534746761
height: 0.026529738981600343
Area: 0.0004495711685775961
CentroidX: 0.4620
CentroidY: 0.0759
