Location: 2025-04-18_221556-1.png_Gaussian-Closing.png
Component: component_1745013065056_389.png
centerX: 0.2579505300353357
centerY: 0.8480958493795464
width: 0.037102473498233215
height: 0.032520325203252036
Area: 0.0005576799305281504
CentroidX: 0.2761
CentroidY: 0.8650
