Location: 2025-04-18_221556-1.png_Gaussian-Closing.png
Component: component_1745013064983_236.png
centerX: 0.6042402826855123
centerY: 0.488660676080445
width: 0.04122497055359246
height: 0.026529738981600343
Area: 0.00048762343676998234
CentroidX: 0.6241
CentroidY: 0.5031
