Location: 2025-04-18_221616-1.png_Mean-Closing.png
Component: component_1745013065212_122.png
centerX: 0.4746760895170789
centerY: 0.28412494651262304
width: 0.03415783274440518
height: 0.029097133076593923
Area: 0.0002898020425247957
CentroidX: 0.4910
CentroidY: 0.2984
