Location: 2025-04-18_221616-1.png_Gaussian-Closing.png
Component: component_1745013064536_33.png
centerX: 0.7921083627797408
centerY: 0.022250748823277707
width: 0.04181389870435807
height: 0.030380830124090714
Area: 0.0005622159624981037
CentroidX: 0.8119
CentroidY: 0.0371
