Location: 2025-04-18_221616-1.png_Mean-Medain.png
Component: component_1745013064633_155.png
centerX: 0.21554770318021202
centerY: 0.2503209242618742
width: 0.035924617196702
height: 0.02995293110825845
Area: 0.0003830426996849474
CentroidX: 0.2317
CentroidY: 0.2650
