Location: 2025-04-18_221556-1.png_Gaussian-Closing.png
Component: component_1745013065029_338.png
centerX: 0.8586572438162544
centerY: 0.7411210954214805
width: 0.03828032979976443
height: 0.03337612323491656
Area: 0.0005619639607219952
CentroidX: 0.8776
CentroidY: 0.7579
