Location: 2025-04-18_221556-1.png_Gaussian-Closing.png
Component: component_1745013065083_442.png
centerX: 0.07008244994110718
centerY: 0.9687633718442448
width: 0.04004711425206125
height: 0.03123662815575524
Area: 0.0005153436321419194
CentroidX: 0.0901
CentroidY: 0.9843
