Location: 2025-04-18_221556-1.png_Gaussian-Closing.png
Component: component_1745013065076_416.png
centerX: 0.8616018845700825
centerY: 0.9225502781343603
width: 0.03828032979976443
height: 0.028241335044929396
Area: 0.0005067755717542297
CentroidX: 0.8808
CentroidY: 0.9369
