Location: 2025-04-18_221616-1.png_Mean-Medain.png
Component: component_1745013064618_90.png
centerX: 0.6383981154299175
centerY: 0.09927257167308515
width: 0.035924617196702
height: 0.03080872913992298
Area: 0.00047225132842736275
CentroidX: 0.6550
CentroidY: 0.1147
