Location: 2025-04-18_221556-1.png_Gaussian-Closing.png
Component: component_1745013064985_240.png
centerX: 0.3209658421672556
centerY: 0.49122807017543857
width: 0.034746760895170786
height: 0.02866923406076166
Area: 0.00046217125738302206
CentroidX: 0.3380
CentroidY: 0.5066
