Location: 2025-04-18_221616-1.png_Gaussian-Closing.png
Component: component_1745013064562_140.png
centerX: 0.34393404004711425
centerY: 0.2807017543859649
width: 0.034746760895170786
height: 0.02781343602909713
Area: 0.0002840060016742998
CentroidX: 0.3604
CentroidY: 0.2952
