Location: 2025-04-18_221556-1.png_Gaussian-Closing.png
Component: component_1745013064991_257.png
centerX: 0.25618374558303886
centerY: 0.5382969619169876
width: 0.037102473498233215
height: 0.02866923406076166
Area: 0.00044528713838375134
CentroidX: 0.2745
CentroidY: 0.5534
