Location: easy26_Mean-Closing.png
Component: component_1744297382040_463.png
centerX: 0.5951612903225807
centerY: 0.3242337164750958
width: 0.025806451612903226
height: 0.014367816091954023
Area: 0.00013865714991966383
CentroidX: 0.6067
CentroidY: 0.3310
