Location: 2025-04-18_221556-1.png_Gaussian-Closing.png
Component: component_1745013064983_237.png
centerX: 0.4363957597173145
centerY: 0.4895164741121095
width: 0.03828032979976443
height: 0.03080872913992298
Area: 0.0005027435433364935
CentroidX: 0.4541
CentroidY: 0.5064
