Location: 2025-04-18_221556-1.png_Gaussian-Closing.png
Component: component_1745013064919_159.png
centerX: 0.7438162544169611
centerY: 0.29995721009841675
width: 0.03769140164899882
height: 0.029097133076593923
Area: 0.0005632239696025378
CentroidX: 0.7622
CentroidY: 0.3158
