Location: 2025-04-18_221556-1.png_Gaussian-Closing.png
Component: component_1745013064912_135.png
centerX: 0.7932862190812721
centerY: 0.2362002567394095
width: 0.03651354534746761
height: 0.028241335044929396
Area: 0.0004969475024859976
CentroidX: 0.8105
CentroidY: 0.2501
