Location: 2025-04-18_221556-1.png_Gaussian-Closing.png
Component: component_1745013065080_429.png
centerX: 0.8027090694935218
centerY: 0.9584937954642704
width: 0.037102473498233215
height: 0.03423192126658109
Area: 0.0005465918523793755
CentroidX: 0.8213
CentroidY: 0.9750
