Location: 2025-04-18_221616-1.png_Mean-Closing.png
Component: component_1745013065206_104.png
centerX: 0.6484098939929329
centerY: 0.24646983311938384
width: 0.03769140164899882
height: 0.03423192126658109
Area: 0.000433947058458868
CentroidX: 0.6670
CentroidY: 0.2619
