Location: 2025-04-18_221616-1.png_Gaussian-Closing.png
Component: component_1745013064557_113.png
centerX: 0.5936395759717314
centerY: 0.2079589216944801
width: 0.0353356890459364
height: 0.03423192126658109
Area: 0.000342974417283693
CentroidX: 0.6114
CentroidY: 0.2249
