Location: easy26_Mean-Closing.png
Component: component_1744297382137_824.png
centerX: 0.7467741935483871
centerY: 0.6580459770114943
width: 0.02661290322580645
height: 0.014367816091954023
Area: 0.0001471542454579162
CentroidX: 0.7588
CentroidY: 0.6649
