Location: 2025-04-18_221616-1.png_Mean-Medain.png
Component: component_1745013064658_214.png
centerX: 0.9045936395759717
centerY: 0.4116388532306376
width: 0.03828032979976443
height: 0.03380402225074882
Area: 0.0004707393177707117
CentroidX: 0.9216
CentroidY: 0.4279
