Location: 2025-04-18_221616-1.png_Mean-Closing.png
Component: component_1745013065241_181.png
centerX: 0.5889281507656066
centerY: 0.45314505776636715
width: 0.034746760895170786
height: 0.037655113393239195
Area: 0.00048585942433722275
CentroidX: 0.6049
CentroidY: 0.4713
