Location: 2025-04-18_221616-1.png_Mean-Medain.png
Component: component_1745013064626_116.png
centerX: 0.8627797408716137
centerY: 0.1703038083012409
width: 0.034746760895170786
height: 0.03465982028241335
Area: 0.0003522984829997082
CentroidX: 0.8792
CentroidY: 0.1876
