Location: 2025-04-18_221556-1.png_Gaussian-Closing.png
Component: component_1745013065006_305.png
centerX: 0.37985865724381623
centerY: 0.6456996148908858
width: 0.04181389870435807
height: 0.02781343602909713
Area: 0.0005148396285897023
CentroidX: 0.4005
CentroidY: 0.6605
