Location: easy21_Mean-Medain.png
Component: component_1744297380776_120.png
centerX: 0.6975806451612904
centerY: 0.1068007662835249
width: 0.028225806451612902
height: 0.014367816091954023
Area: 0.00014908540353479174
CentroidX: 0.7101
CentroidY: 0.1135
