Location: 2025-04-18_221616-1.png_Mean-Closing.png
Component: component_1745013065146_31.png
centerX: 0.38987043580683156
centerY: 0.06375695335900727
width: 0.034746760895170786
height: 0.029097133076593923
Area: 0.0004221029749817677
CentroidX: 0.4064
CentroidY: 0.0778
