Location: 2025-04-18_221556-1.png_Gaussian-Closing.png
Component: component_1745013064937_211.png
centerX: 0.19022379269729092
centerY: 0.4120667522464698
width: 0.04122497055359246
height: 0.03080872913992298
Area: 0.0005778400726168319
CentroidX: 0.2098
CentroidY: 0.4281
