Location: 2025-04-18_221556-1.png_Gaussian-Closing.png
Component: component_1745013065081_435.png
centerX: 0.43580683156654887
centerY: 0.9649122807017544
width: 0.034746760895170786
height: 0.03508771929824561
Area: 0.0005430638275138564
CentroidX: 0.4523
CentroidY: 0.9835
