Location: 2025-04-18_221556-1.png_Gaussian-Closing.png
Component: component_1745013064987_245.png
centerX: 0.6148409893992933
centerY: 0.5301668806161746
width: 0.04181389870435807
height: 0.029525032092426188
Area: 0.0005387797973200115
CentroidX: 0.6349
CentroidY: 0.5450
