Location: 2025-04-18_221616-1.png_Mean-Medain.png
Component: component_1745013064634_156.png
centerX: 0.14723203769140164
centerY: 0.2507488232777065
width: 0.03415783274440518
height: 0.029097133076593923
Area: 0.00032508229117998825
CentroidX: 0.1643
CentroidY: 0.2663
