Location: 2025-04-18_221616-1.png_Gaussian-Closing.png
Component: component_1745013064555_103.png
centerX: 0.3374558303886926
centerY: 0.17415489944373128
width: 0.032391048292108364
height: 0.03337612323491656
Area: 0.00044705115081651093
CentroidX: 0.3532
CentroidY: 0.1895
