Location: easy21_Mean-Medain.png
Component: component_1744297380822_287.png
centerX: 0.7
centerY: 0.289272030651341
width: 0.027419354838709678
height: 0.014846743295019157
Area: 0.00016298974168829563
CentroidX: 0.7123
CentroidY: 0.2965
