Location: 2025-04-18_221616-1.png_Mean-Medain.png
Component: component_1745013064633_154.png
centerX: 0.28209658421672557
centerY: 0.2490372272143774
width: 0.0353356890459364
height: 0.03123662815575524
Area: 0.00035481850076079336
CentroidX: 0.2987
CentroidY: 0.2646
