Location: 2025-04-18_221616-1.png_Mean-Medain.png
Component: component_1745013064644_184.png
centerX: 0.212603062426384
centerY: 0.31792896876337184
width: 0.032391048292108364
height: 0.03080872913992298
Area: 0.00028501400877873386
CentroidX: 0.2279
CentroidY: 0.3328
