Location: 2025-04-18_221616-1.png_Gaussian-Closing.png
Component: component_1745013064576_194.png
centerX: 0.8080094228504122
centerY: 0.4159178433889602
width: 0.03651354534746761
height: 0.03080872913992298
Area: 0.00042638700517561246
CentroidX: 0.8252
CentroidY: 0.4303
