Location: 2025-04-18_221616-1.png_Gaussian-Closing.png
Component: component_1745013064584_237.png
centerX: 0.7603062426383981
centerY: 0.5361574668378263
width: 0.04004711425206125
height: 0.03423192126658109
Area: 0.0004152989270268377
CentroidX: 0.7786
CentroidY: 0.5531
