Location: easy21_Mean-Medain.png
Component: component_1744297381015_991.png
centerX: 0.5838709677419355
centerY: 0.7466475095785441
width: 0.028225806451612902
height: 0.014846743295019157
Area: 0.0001467680138425411
CentroidX: 0.5967
CentroidY: 0.7536
