Location: 2025-04-18_221616-1.png_Mean-Medain.png
Component: component_1745013064671_273.png
centerX: 0.14605418138987045
centerY: 0.55198973042362
width: 0.032391048292108364
height: 0.03423192126658109
Area: 0.00036288255759626595
CentroidX: 0.1621
CentroidY: 0.5696
