Location: 2025-04-18_221556-1.png_Gaussian-Closing.png
Component: component_1745013064918_155.png
centerX: 0.5147232037691402
centerY: 0.2729995721009842
width: 0.03651354534746761
height: 0.028241335044929396
Area: 0.0005196276623357642
CentroidX: 0.5325
CentroidY: 0.2871
