Location: 2025-04-18_221556-1.png_Gaussian-Closing.png
Component: component_1745013065067_397.png
centerX: 0.6401648998822144
centerY: 0.883183568677792
width: 0.04004711425206125
height: 0.03123662815575524
Area: 0.000537519788439469
CentroidX: 0.6598
CentroidY: 0.9001
