Location: 2025-04-18_221556-1.png_Gaussian-Closing.png
Component: component_1745013064935_208.png
centerX: 0.48998822143698467
centerY: 0.4073598630723149
width: 0.04240282685512368
height: 0.02995293110825845
Area: 0.0005584359358564759
CentroidX: 0.5096
CentroidY: 0.4227
