Location: 2025-04-18_221556-1.png_Gaussian-Closing.png
Component: component_1745013065083_441.png
centerX: 0.37868080094228507
centerY: 0.9683354728284125
width: 0.034746760895170786
height: 0.031664527171587506
Area: 0.000496695500709889
CentroidX: 0.3954
CentroidY: 0.9856
