Location: 2025-04-18_221616-1.png_Gaussian-Closing.png
Component: component_1745013064576_191.png
centerX: 0.7555948174322733
centerY: 0.41377834830979887
width: 0.0353356890459364
height: 0.03423192126658109
Area: 0.0004228589803100932
CentroidX: 0.7721
CentroidY: 0.4304
