Location: 2025-04-18_221556-1.png_Gaussian-Closing.png
Component: component_1745013064918_154.png
centerX: 0.4034157832744405
centerY: 0.2734274711168164
width: 0.035924617196702
height: 0.030380830124090714
Area: 0.0005251717014101516
CentroidX: 0.4211
CentroidY: 0.2887
