Location: 2025-04-18_221616-1.png_Gaussian-Closing.png
Component: component_1745013064581_219.png
centerX: 0.3928150765606596
centerY: 0.4595635430038511
width: 0.039458186101295645
height: 0.029525032092426188
Area: 0.00041882695189235695
CentroidX: 0.4118
CentroidY: 0.4743
