Location: 2025-04-18_221556-1.png_Gaussian-Closing.png
Component: component_1745013064862_105.png
centerX: 0.8627797408716137
centerY: 0.17073170731707318
width: 0.03651354534746761
height: 0.024818142918271287
Area: 0.000454863205875875
CentroidX: 0.8803
CentroidY: 0.1832
