Location: 2025-04-18_221616-1.png_Gaussian-Closing.png
Component: component_1745013064578_205.png
centerX: 0.9140164899882215
centerY: 0.4458707744972187
width: 0.0353356890459364
height: 0.036371416345742404
Area: 0.00043747508332438726
CentroidX: 0.9308
CentroidY: 0.4639
