Location: 2025-04-18_221556-1.png_Gaussian-Closing.png
Component: component_1745013064921_166.png
centerX: 0.18080094228504123
centerY: 0.30594779632006847
width: 0.039458186101295645
height: 0.03123662815575524
Area: 0.0005743120477513126
CentroidX: 0.1988
CentroidY: 0.3222
