Location: 2025-04-18_221556-1.png_Gaussian-Closing.png
Component: component_1745013064912_136.png
centerX: 0.2249705535924617
centerY: 0.2374839537869063
width: 0.03651354534746761
height: 0.0329482242190843
Area: 0.0005423078221855307
CentroidX: 0.2426
CentroidY: 0.2538
