Location: 2025-04-18_221616-1.png_Mean-Medain.png
Component: component_1745013064613_68.png
centerX: 0.7885747938751473
centerY: 0.06033376123234917
width: 0.03651354534746761
height: 0.03209242618741977
Area: 0.00045083117745813874
CentroidX: 0.8051
CentroidY: 0.0750
