Location: 2025-04-18_221616-1.png_Gaussian-Closing.png
Component: component_1745013064574_185.png
centerX: 0.14487632508833923
centerY: 0.3851091142490372
width: 0.034746760895170786
height: 0.026529738981600343
Area: 0.00021369750614002328
CentroidX: 0.1611
CentroidY: 0.3982
