Location: 2025-04-18_221616-1.png_Mean-Medain.png
Component: component_1745013064613_70.png
centerX: 0.5094228504122497
centerY: 0.06118955926401369
width: 0.034746760895170786
height: 0.03337612323491656
Area: 0.00044528713838375134
CentroidX: 0.5259
CentroidY: 0.0772
