Location: 2025-04-18_221616-1.png_Mean-Closing.png
Component: component_1745013065141_17.png
centerX: 0.46054181389870436
centerY: 0.028241335044929396
width: 0.035924617196702
height: 0.02866923406076166
Area: 0.0004939234811726953
CentroidX: 0.4773
CentroidY: 0.0424
