Location: 2025-04-18_221616-1.png_Gaussian-Closing.png
Component: component_1745013064584_238.png
centerX: 0.8180212014134276
centerY: 0.535729567821994
width: 0.037102473498233215
height: 0.03337612323491656
Area: 0.0003807746836999707
CentroidX: 0.8364
CentroidY: 0.5527
