Location: easy16_Gaussian-Median.png
Component: component_1744297381619_19.png
centerX: 0.31693548387096776
centerY: 0.02346743295019157
width: 0.02661290322580645
height: 0.014367816091954023
Area: 0.0001459955506117909
CentroidX: 0.3290
CentroidY: 0.0302
