Location: easy21_Mean-Medain.png
Component: component_1744297380841_373.png
centerX: 0.2830645161290323
centerY: 0.33860153256704983
width: 0.02661290322580645
height: 0.014367816091954023
Area: 0.00014560931899641578
CentroidX: 0.2950
CentroidY: 0.3456
