Location: 2025-04-18_221616-1.png_Mean-Closing.png
Component: component_1745013065229_157.png
centerX: 0.7585394581861012
centerY: 0.38339751818570816
width: 0.03180212014134275
height: 0.02866923406076166
Area: 0.00024292971216861137
CentroidX: 0.7748
CentroidY: 0.3983
