Location: 2025-04-18_221616-1.png_Mean-Closing.png
Component: component_1745013065147_35.png
centerX: 0.32332155477031804
centerY: 0.0658964484381686
width: 0.03356890459363958
height: 0.030380830124090714
Area: 0.0004306710353694573
CentroidX: 0.3395
CentroidY: 0.0807
