Location: easy16_Gaussian-Median.png
Component: component_1744297381683_216.png
centerX: 0.5451612903225806
centerY: 0.15660919540229884
width: 0.02661290322580645
height: 0.014367816091954023
Area: 0.0001413607712272896
CentroidX: 0.5568
CentroidY: 0.1636
