Location: 2025-04-18_221556-1.png_Gaussian-Closing.png
Component: component_1745013064867_114.png
centerX: 0.1248527679623086
centerY: 0.17843388960205392
width: 0.03651354534746761
height: 0.02610183996576808
Area: 0.00045864323251750276
CentroidX: 0.1422
CentroidY: 0.1919
