Location: 2025-04-18_221556-1.png_Gaussian-Closing.png
Component: component_1745013064818_91.png
centerX: 0.31448763250883394
centerY: 0.13735558408215662
width: 0.03356890459363958
height: 0.03080872913992298
Area: 0.0004599032413980454
CentroidX: 0.3299
CentroidY: 0.1535
