Location: 2025-04-18_221616-1.png_Mean-Medain.png
Component: component_1745013064665_247.png
centerX: 0.7632508833922261
centerY: 0.49636285836542576
width: 0.038869257950530034
height: 0.03508771929824561
Area: 0.00042739501228004656
CentroidX: 0.7823
CentroidY: 0.5146
