Location: 2025-04-18_221616-1.png_Mean-Medain.png
Component: component_1745013064655_201.png
centerX: 0.7090694935217904
centerY: 0.3816859221223791
width: 0.03356890459363958
height: 0.03123662815575524
Area: 0.00024519772815358805
CentroidX: 0.7250
CentroidY: 0.3964
