Location: 2025-04-18_221616-1.png_Mean-Medain.png
Component: component_1745013064647_185.png
centerX: 0.08657243816254417
centerY: 0.31835686777920413
width: 0.03356890459363958
height: 0.02866923406076166
Area: 0.0002618298453767502
CentroidX: 0.1030
CentroidY: 0.3323
