Location: 2025-04-18_221556-1.png_Gaussian-Closing.png
Component: component_1745013065033_348.png
centerX: 0.5777385159010601
centerY: 0.7479674796747967
width: 0.039458186101295645
height: 0.02995293110825845
Area: 0.0005191236587835472
CentroidX: 0.5964
CentroidY: 0.7627
