Location: 2025-04-18_221616-1.png_Mean-Medain.png
Component: component_1745013064639_174.png
centerX: 0.7603062426383981
centerY: 0.31065468549422337
width: 0.03415783274440518
height: 0.031664527171587506
Area: 0.0003104661881656942
CentroidX: 0.7773
CentroidY: 0.3266
