Location: easy21_Mean-Medain.png
Component: component_1744297381017_997.png
centerX: 0.7556451612903226
centerY: 0.7471264367816092
width: 0.028225806451612902
height: 0.01532567049808429
Area: 0.0001664658262266716
CentroidX: 0.7685
CentroidY: 0.7542
