Location: 2025-04-18_221556-1.png_Gaussian-Closing.png
Component: component_1745013064931_191.png
centerX: 0.8863368669022379
centerY: 0.3718442447582371
width: 0.03651354534746761
height: 0.03123662815575524
Area: 0.0005191236587835472
CentroidX: 0.9037
CentroidY: 0.3869
