Location: 2025-04-18_221556-1.png_Gaussian-Closing.png
Component: component_1745013064931_194.png
centerX: 0.5382803297997645
centerY: 0.3727000427899016
width: 0.0353356890459364
height: 0.031664527171587506
Area: 0.00054583584705105
CentroidX: 0.5552
CentroidY: 0.3886
