Location: 2025-04-18_221556-1.png_Gaussian-Closing.png
Component: component_1745013064926_179.png
centerX: 0.24558303886925795
centerY: 0.3384681215233205
width: 0.03828032979976443
height: 0.02781343602909713
Area: 0.0005284477244995623
CentroidX: 0.2641
CentroidY: 0.3532
