Location: 2025-04-18_221616-1.png_Mean-Closing.png
Component: component_1745013065147_36.png
centerX: 0.14546525323910484
centerY: 0.06760804450149764
width: 0.032391048292108364
height: 0.029097133076593923
Area: 0.0004095028861763418
CentroidX: 0.1600
CentroidY: 0.0814
