Location: easy16_Gaussian-Median.png
Component: component_1744297381804_607.png
centerX: 0.5306451612903226
centerY: 0.40325670498084293
width: 0.025806451612903226
height: 0.014367816091954023
Area: 0.0001413607712272896
CentroidX: 0.5421
CentroidY: 0.4101
