Location: easy43_Mean-Closing.png
Component: component_1744297380688_1172.png
centerX: 0.7684401451027811
centerY: 0.675502351432236
width: 0.014510278113663845
height: 0.010688328345446772
Area: 7.909621459992049e-05
CentroidX: 0.7748
CentroidY: 0.6805
