Location: 2025-04-18_221616-1.png_Mean-Medain.png
Component: component_1745013064631_142.png
centerX: 0.21319199057714958
centerY: 0.21694480102695765
width: 0.037102473498233215
height: 0.032520325203252036
Area: 0.0003900987494159859
CentroidX: 0.2302
CentroidY: 0.2320
