Location: 2025-04-18_221616-1.png_Mean-Closing.png
Component: component_1745013065240_178.png
centerX: 0.33510011778563015
centerY: 0.4201968335472828
width: 0.032391048292108364
height: 0.03080872913992298
Area: 0.0002885420336442531
CentroidX: 0.3508
CentroidY: 0.4355
