Location: 2025-04-18_221616-1.png_Mean-Medain.png
Component: component_1745013064628_125.png
centerX: 0.21083627797408716
centerY: 0.17886178861788618
width: 0.03356890459363958
height: 0.03209242618741977
Area: 0.0004379790868766043
CentroidX: 0.2263
CentroidY: 0.1939
