Location: easy16_Gaussian-Median.png
Component: component_1744297381847_845.png
centerX: 0.6153225806451613
centerY: 0.6202107279693486
width: 0.027419354838709678
height: 0.014846743295019157
Area: 0.00014869917191941663
CentroidX: 0.6276
CentroidY: 0.6273
