Location: 2025-04-18_221556-1.png_Gaussian-Closing.png
Component: component_1745013064875_120.png
centerX: 0.519434628975265
centerY: 0.20453572956782198
width: 0.030035335689045935
height: 0.02781343602909713
Area: 0.00041907895366846546
CentroidX: 0.5331
CentroidY: 0.2192
