Location: 2025-04-18_221556-1.png_Gaussian-Closing.png
Component: component_1745013065077_418.png
centerX: 0.5153121319199058
centerY: 0.9255455712451861
width: 0.04122497055359246
height: 0.03080872913992298
Area: 0.0006050562644365517
CentroidX: 0.5356
CentroidY: 0.9416
