Location: easy21_Mean-Medain.png
Component: component_1744297380767_78.png
centerX: 0.15080645161290324
centerY: 0.0828544061302682
width: 0.025806451612903226
height: 0.01532567049808429
Area: 0.00014869917191941663
CentroidX: 0.1620
CentroidY: 0.0901
