Location: 2025-04-18_221556-1.png_Gaussian-Closing.png
Component: component_1745013064815_87.png
centerX: 0.8722025912838633
centerY: 0.13564398801882754
width: 0.035924617196702
height: 0.02738553701326487
Area: 0.0004417591135182321
CentroidX: 0.8901
CentroidY: 0.1495
