Location: 2025-04-18_221616-1.png_Mean-Medain.png
Component: component_1745013064667_258.png
centerX: 0.08068315665488811
centerY: 0.5062045357295678
width: 0.0353356890459364
height: 0.037655113393239195
Area: 0.0004631792644874561
CentroidX: 0.0978
CentroidY: 0.5251
