Location: 2025-04-18_221616-1.png_Gaussian-Closing.png
Component: component_1745013064574_182.png
centerX: 0.5995288574793876
centerY: 0.38382541720154045
width: 0.02944640753828033
height: 0.03080872913992298
Area: 0.0002600658329439906
CentroidX: 0.6135
CentroidY: 0.3994
