Location: easy16_Gaussian-Median.png
Component: component_1744297381619_18.png
centerX: 0.2870967741935484
centerY: 0.02346743295019157
width: 0.02661290322580645
height: 0.014367816091954023
Area: 0.00014097453961191446
CentroidX: 0.2988
CentroidY: 0.0304
