Location: 2025-04-18_221556-1.png_Gaussian-Closing.png
Component: component_1745013064933_202.png
centerX: 0.7161366313309776
centerY: 0.40436456996148906
width: 0.03769140164899882
height: 0.028241335044929396
Area: 0.0005274397173951282
CentroidX: 0.7345
CentroidY: 0.4194
