Location: 2025-04-18_221616-1.png_Mean-Closing.png
Component: component_1745013065212_123.png
centerX: 0.08598351001177856
centerY: 0.2854086435601198
width: 0.03415783274440518
height: 0.02738553701326487
Area: 0.0002532617849890606
CentroidX: 0.1021
CentroidY: 0.2982
