Location: 2025-04-18_221616-1.png_Gaussian-Closing.png
Component: component_1745013064544_64.png
centerX: 0.8616018845700825
centerY: 0.09713307659392384
width: 0.03651354534746761
height: 0.02995293110825845
Area: 0.00045360319699533244
CentroidX: 0.8789
CentroidY: 0.1116
