Location: 2025-04-18_221556-1.png_Gaussian-Closing.png
Component: component_1745013065015_321.png
centerX: 0.25206124852767964
centerY: 0.6803594351732991
width: 0.04004711425206125
height: 0.02995293110825845
Area: 0.000511311603724183
CentroidX: 0.2709
CentroidY: 0.6957
