Location: easy64_Gaussian-Closing.png
Component: component_1744297381272_479.png
centerX: 0.5556227327690447
centerY: 0.34416417272338606
width: 0.014510278113663845
height: 0.00983326207781103
Area: 7.54774335397934e-05
CentroidX: 0.5617
CentroidY: 0.3488
