Location: 2025-04-18_221616-1.png_Mean-Closing.png
Component: component_1745013065225_149.png
centerX: 0.908716136631331
centerY: 0.378262729995721
width: 0.035924617196702
height: 0.03080872913992298
Area: 0.00027165791464498244
CentroidX: 0.9253
CentroidY: 0.3928
