Location: easy21_Mean-Medain.png
Component: component_1744297380861_470.png
centerX: 0.5024193548387097
centerY: 0.4051724137931034
width: 0.027419354838709678
height: 0.014846743295019157
Area: 0.0001517890248424175
CentroidX: 0.5145
CentroidY: 0.4123
