Location: 2025-04-18_221616-1.png_Mean-Closing.png
Component: component_1745013065149_38.png
centerX: 0.9163722025912838
centerY: 0.09584937954642704
width: 0.04122497055359246
height: 0.03423192126658109
Area: 0.0005322277511411901
CentroidX: 0.9358
CentroidY: 0.1120
