Location: 2025-04-18_221616-1.png_Mean-Closing.png
Component: component_1745013065208_111.png
centerX: 0.8686690223792697
centerY: 0.27599486521181
width: 0.03121319199057715
height: 0.03423192126658109
Area: 0.0003132382077028879
CentroidX: 0.8845
CentroidY: 0.2927
