Location: 2025-04-18_221556-1.png_Gaussian-Closing.png
Component: component_1745013064827_95.png
centerX: 0.07008244994110718
centerY: 0.1399229781771502
width: 0.037102473498233215
height: 0.030380830124090714
Area: 0.0004785513728300757
CentroidX: 0.0879
CentroidY: 0.1557
