Location: 2025-04-18_221616-1.png_Gaussian-Closing.png
Component: component_1745013064555_107.png
centerX: 0.14605418138987045
centerY: 0.1822849807445443
width: 0.0353356890459364
height: 0.025673940949935817
Area: 0.0003827906979088389
CentroidX: 0.1631
CentroidY: 0.1951
