Location: 2025-04-18_221616-1.png_Mean-Medain.png
Component: component_1745013064617_88.png
centerX: 0.5123674911660777
centerY: 0.09927257167308515
width: 0.04063604240282685
height: 0.031664527171587506
Area: 0.0005425598239616392
CentroidX: 0.5327
CentroidY: 0.1150
