Location: 2025-04-18_221616-1.png_Mean-Medain.png
Component: component_1745013064671_272.png
centerX: 0.2049469964664311
centerY: 0.5502781343602909
width: 0.03651354534746761
height: 0.03808301240907146
Area: 0.0004336950566827595
CentroidX: 0.2217
CentroidY: 0.5683
