Location: 2025-04-18_221616-1.png_Gaussian-Closing.png
Component: component_1745013064538_36.png
centerX: 0.7455830388692579
centerY: 0.02396234488660676
width: 0.037102473498233215
height: 0.03337612323491656
Area: 0.0005221476800968493
CentroidX: 0.7634
CentroidY: 0.0398
