Location: 2025-04-18_221616-1.png_Gaussian-Closing.png
Component: component_1745013064577_200.png
centerX: 0.46054181389870436
centerY: 0.4184852374839538
width: 0.03356890459363958
height: 0.029525032092426188
Area: 0.00030567815441963234
CentroidX: 0.4772
CentroidY: 0.4334
