Location: 2025-04-18_221616-1.png_Gaussian-Closing.png
Component: component_1745013064548_74.png
centerX: 0.3280329799764429
centerY: 0.10269576379974327
width: 0.03828032979976443
height: 0.03380402225074882
Area: 0.0004999715237992997
CentroidX: 0.3456
CentroidY: 0.1188
