Location: 2025-04-18_221556-1.png_Gaussian-Closing.png
Component: component_1745013064996_273.png
centerX: 0.32037691401649
centerY: 0.5759520753102267
width: 0.039458186101295645
height: 0.02738553701326487
Area: 0.00048585942433722275
CentroidX: 0.3400
CentroidY: 0.5908
