Location: 2025-04-18_221556-1.png_Gaussian-Closing.png
Component: component_1745013064939_217.png
centerX: 0.8380447585394581
centerY: 0.44330338040222506
width: 0.03651354534746761
height: 0.029097133076593923
Area: 0.0004898914527549591
CentroidX: 0.8552
CentroidY: 0.4593
