Location: 2025-04-18_221616-1.png_Mean-Medain.png
Component: component_1745013064627_122.png
centerX: 0.4652532391048292
centerY: 0.1728712023962345
width: 0.03297997644287397
height: 0.03080872913992298
Area: 0.0003550705025369019
CentroidX: 0.4819
CentroidY: 0.1884
