Location: easy16_Gaussian-Median.png
Component: component_1744297381747_330.png
centerX: 0.33548387096774196
centerY: 0.22557471264367815
width: 0.02661290322580645
height: 0.014367816091954023
Area: 0.00014097453961191446
CentroidX: 0.3477
CentroidY: 0.2323
