Location: 2025-04-18_221616-1.png_Gaussian-Closing.png
Component: component_1745013064579_208.png
centerX: 0.8115429917550059
centerY: 0.4535729567821994
width: 0.03651354534746761
height: 0.031664527171587506
Area: 0.0004145429216985121
CentroidX: 0.8298
CentroidY: 0.4695
