Location: 2025-04-18_221616-1.png_Mean-Medain.png
Component: component_1745013064613_67.png
centerX: 0.8474676089517079
centerY: 0.058622165169020114
width: 0.038869257950530034
height: 0.03423192126658109
Area: 0.00048787543854609085
CentroidX: 0.8657
CentroidY: 0.0745
