Location: 2025-04-18_221556-1.png_Gaussian-Closing.png
Component: component_1745013065001_292.png
centerX: 0.06949352179034157
centerY: 0.6157466837826273
width: 0.039458186101295645
height: 0.026529738981600343
Area: 0.00044553914015985985
CentroidX: 0.0885
CentroidY: 0.6299
