Location: easy21_Mean-Medain.png
Component: component_1744297380924_769.png
centerX: 0.18629032258064515
centerY: 0.6087164750957854
width: 0.027419354838709678
height: 0.014846743295019157
Area: 0.00014869917191941663
CentroidX: 0.1987
CentroidY: 0.6158
