Location: 2025-04-18_221556-1.png_Gaussian-Closing.png
Component: component_1745013064938_212.png
centerX: 0.25559481743227325
centerY: 0.4120667522464698
width: 0.04122497055359246
height: 0.02995293110825845
Area: 0.0005508758825732204
CentroidX: 0.2747
CentroidY: 0.4278
