Location: 2025-04-18_221616-1.png_Gaussian-Closing.png
Component: component_1745013064559_124.png
centerX: 0.917550058892815
centerY: 0.24133504492939667
width: 0.04004711425206125
height: 0.02995293110825845
Area: 0.00040521885598249696
CentroidX: 0.9372
CentroidY: 0.2559
