Location: 2025-04-18_221616-1.png_Mean-Closing.png
Component: component_1745013065207_107.png
centerX: 0.47762073027090696
centerY: 0.24818142918271288
width: 0.03356890459363958
height: 0.03380402225074882
Area: 0.00040269883822141177
CentroidX: 0.4936
CentroidY: 0.2653
