Location: 2025-04-18_221616-1.png_Mean-Medain.png
Component: component_1745013064631_144.png
centerX: 0.8191990577149588
centerY: 0.24133504492939667
width: 0.037102473498233215
height: 0.031664527171587506
Area: 0.00039261876717707107
CentroidX: 0.8371
CentroidY: 0.2558
