Location: 2025-04-18_221616-1.png_Mean-Medain.png
Component: component_1745013064611_55.png
centerX: 0.9122497055359247
centerY: 0.0235344458707745
width: 0.04063604240282685
height: 0.02995293110825845
Area: 0.0005576799305281504
CentroidX: 0.9312
CentroidY: 0.0381
