Location: 2025-04-18_221616-1.png_Gaussian-Closing.png
Component: component_1745013064547_73.png
centerX: 0.38928150765606595
centerY: 0.10183996576807873
width: 0.03828032979976443
height: 0.03380402225074882
Area: 0.000553143898558197
CentroidX: 0.4074
CentroidY: 0.1190
