Location: 2025-04-18_221556-1.png_Gaussian-Closing.png
Component: component_1745013065064_392.png
centerX: 0.07597173144876325
centerY: 0.85066324347454
width: 0.04063604240282685
height: 0.028241335044929396
Area: 0.0005128236143808341
CentroidX: 0.0955
CentroidY: 0.8660
