Location: 2025-04-18_221556-1.png_Gaussian-Closing.png
Component: component_1745013064937_209.png
centerX: 0.5535924617196702
centerY: 0.4073598630723149
width: 0.038869257950530034
height: 0.028241335044929396
Area: 0.0005120676090525086
CentroidX: 0.5714
CentroidY: 0.4223
