Location: 2025-04-18_221616-1.png_Mean-Closing.png
Component: component_1745013065210_116.png
centerX: 0.14546525323910484
centerY: 0.2819854514334617
width: 0.03180212014134275
height: 0.029525032092426188
Area: 0.00026107384004842466
CentroidX: 0.1606
CentroidY: 0.2980
