Location: 2025-04-18_221556-1.png_Gaussian-Closing.png
Component: component_1745013065027_334.png
centerX: 0.6372202591283863
centerY: 0.7133076593923834
width: 0.04063604240282685
height: 0.02781343602909713
Area: 0.0005105555983958575
CentroidX: 0.6572
CentroidY: 0.7280
