Location: 2025-04-18_221556-1.png_Gaussian-Closing.png
Component: component_1745013064772_53.png
centerX: 0.5135453474676089
centerY: 0.03209242618741977
width: 0.038869257950530034
height: 0.02781343602909713
Area: 0.0004656992822485413
CentroidX: 0.5331
CentroidY: 0.0463
