Location: easy16_Gaussian-Median.png
Component: component_1744297381629_30.png
centerX: 0.14274193548387096
centerY: 0.02490421455938697
width: 0.02661290322580645
height: 0.014367816091954023
Area: 0.0001417470028426647
CentroidX: 0.1545
CentroidY: 0.0319
