Location: 2025-04-18_221616-1.png_Mean-Medain.png
Component: component_1745013064670_270.png
centerX: 0.27267373380447585
centerY: 0.5481386392811296
width: 0.035924617196702
height: 0.03337612323491656
Area: 0.0004095028861763418
CentroidX: 0.2897
CentroidY: 0.5642
