Location: 2025-04-18_221616-1.png_Gaussian-Closing.png
Component: component_1745013064566_157.png
centerX: 0.47290930506478207
centerY: 0.3162173727000428
width: 0.0353356890459364
height: 0.02866923406076166
Area: 0.0002754379412866102
CentroidX: 0.4902
CentroidY: 0.3308
