Location: 2025-04-18_221556-1.png_Gaussian-Closing.png
Component: component_1745013064988_246.png
centerX: 0.5
centerY: 0.5318784766795036
width: 0.04063604240282685
height: 0.03123662815575524
Area: 0.0005188716570074385
CentroidX: 0.5195
CentroidY: 0.5480
