Location: 2025-04-18_221616-1.png_Gaussian-Closing.png
Component: component_1745013064552_96.png
centerX: 0.9210836277974087
centerY: 0.1703038083012409
width: 0.03828032979976443
height: 0.032520325203252036
Area: 0.00036313455937237447
CentroidX: 0.9398
CentroidY: 0.1870
