Location: 2025-04-18_221616-1.png_Gaussian-Closing.png
Component: component_1745013064576_195.png
centerX: 0.2037691401648999
centerY: 0.417201540436457
width: 0.03121319199057715
height: 0.031664527171587506
Area: 0.0002855180123309509
CentroidX: 0.2182
CentroidY: 0.4342
