Location: 2025-04-18_221556-1.png_Gaussian-Closing.png
Component: component_1745013064998_283.png
centerX: 0.5600706713780919
centerY: 0.6084724005134788
width: 0.04004711425206125
height: 0.02738553701326487
Area: 0.0005183676534552215
CentroidX: 0.5800
CentroidY: 0.6228
