Location: 2025-04-18_221556-1.png_Gaussian-Closing.png
Component: component_1745013064811_77.png
centerX: 0.31566548881036516
centerY: 0.09970047068891741
width: 0.034746760895170786
height: 0.02781343602909713
Area: 0.00042865502116058913
CentroidX: 0.3325
CentroidY: 0.1138
