Location: 2025-04-18_221616-1.png_Mean-Closing.png
Component: component_1745013065233_162.png
centerX: 0.5294464075382803
centerY: 0.386392811296534
width: 0.03297997644287397
height: 0.026957637997432605
Area: 0.00025023776367575837
CentroidX: 0.5444
CentroidY: 0.3999
