Location: 2025-04-18_221556-1.png_Gaussian-Closing.png
Component: component_1745013065043_362.png
centerX: 0.08068315665488811
centerY: 0.7809157038938811
width: 0.03828032979976443
height: 0.026957637997432605
Area: 0.00041781894478792284
CentroidX: 0.0995
CentroidY: 0.7948
