Location: 2025-04-18_221556-1.png_Gaussian-Closing.png
Component: component_1745013064913_137.png
centerX: 0.3468786808009423
centerY: 0.23705605477107403
width: 0.0353356890459364
height: 0.030380830124090714
Area: 0.0005309677422606475
CentroidX: 0.3640
CentroidY: 0.2524
