Location: easy21_Mean-Medain.png
Component: component_1744297380920_745.png
centerX: 0.04435483870967742
centerY: 0.5866858237547893
width: 0.02903225806451613
height: 0.014846743295019157
Area: 0.0001564238042269188
CentroidX: 0.0577
CentroidY: 0.5935
