Location: 2025-04-18_221556-1.png_Gaussian-Closing.png
Component: component_1745013064730_43.png
centerX: 0.6831566548881036
centerY: 0.02610183996576808
width: 0.037102473498233215
height: 0.029097133076593923
Area: 0.0004410031081899065
CentroidX: 0.7015
CentroidY: 0.0413
