Location: 2025-04-18_221616-1.png_Mean-Closing.png
Component: component_1745013065137_10.png
centerX: 0.8510011778563016
centerY: 0.0235344458707745
width: 0.04240282685512368
height: 0.02995293110825845
Area: 0.0005488598683643523
CentroidX: 0.8709
CentroidY: 0.0383
