Location: 2025-04-18_221556-1.png_Gaussian-Closing.png
Component: component_1745013064985_241.png
centerX: 0.1955241460541814
centerY: 0.4925117672229354
width: 0.03828032979976443
height: 0.029525032092426188
Area: 0.0005045075557692531
CentroidX: 0.2140
CentroidY: 0.5083
