Location: 2025-04-18_221556-1.png_Gaussian-Closing.png
Component: component_1745013064932_196.png
centerX: 0.2502944640753828
centerY: 0.37398373983739835
width: 0.035924617196702
height: 0.03423192126658109
Area: 0.0005939681862877769
CentroidX: 0.2678
CentroidY: 0.3911
