Location: 2025-04-18_221616-1.png_Mean-Medain.png
Component: component_1745013064664_242.png
centerX: 0.45995288574793874
centerY: 0.45785194694052206
width: 0.03828032979976443
height: 0.03080872913992298
Area: 0.0004248749945189614
CentroidX: 0.4782
CentroidY: 0.4726
