Location: 2025-04-18_221616-1.png_Mean-Closing.png
Component: component_1745013065242_184.png
centerX: 0.7585394581861012
centerY: 0.4544287548138639
width: 0.03769140164899882
height: 0.03337612323491656
Area: 0.0004382310886527128
CentroidX: 0.7764
CentroidY: 0.4712
