Location: 2025-04-18_221616-1.png_Gaussian-Closing.png
Component: component_1745013064541_48.png
centerX: 0.8474676089517079
centerY: 0.058622165169020114
width: 0.038869257950530034
height: 0.03423192126658109
Area: 0.00048535542078500567
CentroidX: 0.8657
CentroidY: 0.0745
