Location: 2025-04-18_221616-1.png_Mean-Closing.png
Component: component_1745013065239_173.png
centerX: 0.2703180212014134
centerY: 0.41891313649978607
width: 0.03180212014134275
height: 0.03465982028241335
Area: 0.00030114212244967904
CentroidX: 0.2855
CentroidY: 0.4353
