Location: easy26_Mean-Closing.png
Component: component_1744297382039_458.png
centerX: 0.43709677419354837
centerY: 0.3242337164750958
width: 0.02661290322580645
height: 0.014367816091954023
Area: 0.00013595352861203806
CentroidX: 0.4491
CentroidY: 0.3309
