Location: 2025-04-18_221556-1.png_Gaussian-Closing.png
Component: component_1745013064880_128.png
centerX: 0.4623085983510012
centerY: 0.20838682071031236
width: 0.028268551236749116
height: 0.024818142918271287
Area: 0.0003500304670147315
CentroidX: 0.4764
CentroidY: 0.2213
