Location: 2025-04-18_221556-1.png_Gaussian-Closing.png
Component: component_1745013065071_402.png
centerX: 0.7597173144876325
centerY: 0.8840393667094566
width: 0.037102473498233215
height: 0.03080872913992298
Area: 0.0005007275291276253
CentroidX: 0.7765
CentroidY: 0.8992
