Location: 2025-04-18_221616-1.png_Mean-Closing.png
Component: component_1745013065233_166.png
centerX: 0.6513545347467609
centerY: 0.41420624732563116
width: 0.03297997644287397
height: 0.03423192126658109
Area: 0.000476283356845099
CentroidX: 0.6641
CentroidY: 0.4311
