Location: easy21_Mean-Medain.png
Component: component_1744297381145_1181.png
centerX: 0.07580645161290323
centerY: 0.8797892720306514
width: 0.02661290322580645
height: 0.014846743295019157
Area: 0.0001560375726115437
CentroidX: 0.0879
CentroidY: 0.8866
