Location: 2025-04-18_221556-1.png_Gaussian-Closing.png
Component: component_1745013064950_225.png
centerX: 0.5447585394581861
centerY: 0.4488660676080445
width: 0.034746760895170786
height: 0.02738553701326487
Area: 0.0004195829572206825
CentroidX: 0.5616
CentroidY: 0.4629
