Location: 2025-04-18_221556-1.png_Gaussian-Closing.png
Component: component_1745013065050_380.png
centerX: 0.37868080094228507
centerY: 0.8459563543003851
width: 0.043580683156654886
height: 0.031664527171587506
Area: 0.000587668141885064
CentroidX: 0.3993
CentroidY: 0.8620
