Location: 2025-04-18_221556-1.png_Gaussian-Closing.png
Component: component_1745013064865_112.png
centerX: 0.18138987043580684
centerY: 0.17715019255455713
width: 0.04004711425206125
height: 0.026529738981600343
Area: 0.0004767873603973161
CentroidX: 0.2007
CentroidY: 0.1915
