Location: easy21_Mean-Medain.png
Component: component_1744297380905_685.png
centerX: 0.3758064516129032
centerY: 0.5416666666666666
width: 0.027419354838709678
height: 0.014367816091954023
Area: 0.00014908540353479174
CentroidX: 0.3882
CentroidY: 0.5485
