Location: 2025-04-18_221616-1.png_Mean-Closing.png
Component: component_1745013065223_143.png
centerX: 0.5995288574793876
centerY: 0.34873769790329484
width: 0.037102473498233215
height: 0.03080872913992298
Area: 0.00039211476362485404
CentroidX: 0.6176
CentroidY: 0.3634
