Location: 2025-04-18_221616-1.png_Mean-Medain.png
Component: component_1745013064611_57.png
centerX: 0.5141342756183745
centerY: 0.024818142918271287
width: 0.03828032979976443
height: 0.029097133076593923
Area: 0.000504003552217036
CentroidX: 0.5316
CentroidY: 0.0398
