Location: 2025-04-18_221556-1.png_Gaussian-Closing.png
Component: component_1745013065039_356.png
centerX: 0.6996466431095406
centerY: 0.7762088147197261
width: 0.024146054181389872
height: 0.03209242618741977
Area: 0.0003928707689531796
CentroidX: 0.7128
CentroidY: 0.7919
