Location: 2025-04-18_221616-1.png_Gaussian-Closing.png
Component: component_1745013064577_199.png
centerX: 0.2703180212014134
centerY: 0.41891313649978607
width: 0.03180212014134275
height: 0.03465982028241335
Area: 0.0002978660993602683
CentroidX: 0.2854
CentroidY: 0.4353
