Location: 2025-04-18_221616-1.png_Mean-Medain.png
Component: component_1745013064662_233.png
centerX: 0.6466431095406361
centerY: 0.4548566538296962
width: 0.03415783274440518
height: 0.03508771929824561
Area: 0.0004349550655633021
CentroidX: 0.6637
CentroidY: 0.4728
