Location: 2025-04-18_221556-1.png_Gaussian-Closing.png
Component: component_1745013065025_326.png
centerX: 0.7555948174322733
centerY: 0.7107402652973898
width: 0.03769140164899882
height: 0.029525032092426188
Area: 0.0005216436765446323
CentroidX: 0.7742
CentroidY: 0.7263
