Location: 2025-04-18_221556-1.png_Gaussian-Closing.png
Component: component_1745013065006_303.png
centerX: 0.12367491166077739
centerY: 0.6452717158750535
width: 0.03769140164899882
height: 0.02995293110825845
Area: 0.00048485141723278864
CentroidX: 0.1418
CentroidY: 0.6608
