Location: 2025-04-18_221616-1.png_Mean-Medain.png
Component: component_1745013064655_200.png
centerX: 0.657243816254417
centerY: 0.3804022250748823
width: 0.03180212014134275
height: 0.03209242618741977
Area: 0.0002394016873030921
CentroidX: 0.6720
CentroidY: 0.3965
