Location: 2025-04-18_221616-1.png_Mean-Closing.png
Component: component_1745013065240_174.png
centerX: 0.39811542991755006
centerY: 0.41891313649978607
width: 0.03415783274440518
height: 0.0329482242190843
Area: 0.00032004225565781787
CentroidX: 0.4145
CentroidY: 0.4349
