Location: 2025-04-18_221616-1.png_Mean-Medain.png
Component: component_1745013064657_210.png
centerX: 0.2744405182567727
centerY: 0.3855370132648695
width: 0.035924617196702
height: 0.03123662815575524
Area: 0.0002484737512429988
CentroidX: 0.2917
CentroidY: 0.4015
