Location: 2025-04-18_221616-1.png_Gaussian-Closing.png
Component: component_1745013064549_83.png
centerX: 0.6372202591283863
centerY: 0.13521608900299528
width: 0.04004711425206125
height: 0.03123662815575524
Area: 0.00042311098208620173
CentroidX: 0.6575
CentroidY: 0.1507
