Location: 2025-04-18_221616-1.png_Mean-Medain.png
Component: component_1745013064656_203.png
centerX: 0.8551236749116607
centerY: 0.3816859221223791
width: 0.035924617196702
height: 0.029097133076593923
Area: 0.0002477177459146732
CentroidX: 0.8731
CentroidY: 0.3966
