Location: 2025-04-18_221616-1.png_Mean-Medain.png
Component: component_1745013064629_132.png
centerX: 0.8150765606595995
centerY: 0.20710312366281558
width: 0.03651354534746761
height: 0.03123662815575524
Area: 0.0002963540887036172
CentroidX: 0.8335
CentroidY: 0.2235
