Location: 2025-04-18_221556-1.png_Gaussian-Closing.png
Component: component_1745013065012_319.png
centerX: 0.5064782096584217
centerY: 0.6799315361574668
width: 0.045936395759717315
height: 0.03209242618741977
Area: 0.0005649879820352973
CentroidX: 0.5275
CentroidY: 0.6967
