Location: 2025-04-18_221616-1.png_Mean-Medain.png
Component: component_1745013064639_177.png
centerX: 0.532979976442874
centerY: 0.31450577663671375
width: 0.03651354534746761
height: 0.032520325203252036
Area: 0.0003175222378967327
CentroidX: 0.5507
CentroidY: 0.3309
