Location: 2025-04-18_221616-1.png_Mean-Medain.png
Component: component_1745013064613_72.png
centerX: 0.5636042402826855
centerY: 0.06204535729567822
width: 0.03828032979976443
height: 0.03209242618741977
Area: 0.0004662032858007583
CentroidX: 0.5817
CentroidY: 0.0773
