Location: 2025-04-18_221616-1.png_Gaussian-Closing.png
Component: component_1745013064556_111.png
centerX: 0.5382803297997645
centerY: 0.20753102267864784
width: 0.03415783274440518
height: 0.03337612323491656
Area: 0.00036716658779011073
CentroidX: 0.5557
CentroidY: 0.2247
