Location: 2025-04-18_221616-1.png_Gaussian-Closing.png
Component: component_1745013064582_225.png
centerX: 0.3916372202591284
centerY: 0.49893025246041933
width: 0.03651354534746761
height: 0.03594351732991014
Area: 0.0004016908311169777
CentroidX: 0.4091
CentroidY: 0.5163
