Location: easy16_Gaussian-Median.png
Component: component_1744297381772_449.png
centerX: 0.8991935483870968
centerY: 0.3103448275862069
width: 0.027419354838709678
height: 0.014367816091954023
Area: 0.0001421332344580398
CentroidX: 0.9111
CentroidY: 0.3171
