Location: 2025-04-18_221616-1.png_Mean-Medain.png
Component: component_1745013064624_105.png
centerX: 0.6955241460541813
centerY: 0.13607188703465983
width: 0.038869257950530034
height: 0.03080872913992298
Area: 0.0004488151632492706
CentroidX: 0.7142
CentroidY: 0.1510
