Location: 2025-04-18_221616-1.png_Mean-Closing.png
Component: component_1745013065247_201.png
centerX: 0.6466431095406361
centerY: 0.49893025246041933
width: 0.038869257950530034
height: 0.03380402225074882
Area: 0.00043697107977217023
CentroidX: 0.6643
CentroidY: 0.5161
