Location: 2025-04-18_221616-1.png_Mean-Medain.png
Component: component_1745013064659_219.png
centerX: 0.2037691401648999
centerY: 0.41677364142062473
width: 0.03180212014134275
height: 0.03209242618741977
Area: 0.0002915660549575553
CentroidX: 0.2183
CentroidY: 0.4340
