Location: 2025-04-18_221556-1.png_Gaussian-Closing.png
Component: component_1745013065051_382.png
centerX: 0.4458186101295642
centerY: 0.8468121523320497
width: 0.04181389870435807
height: 0.03080872913992298
Area: 0.0005884241472133895
CentroidX: 0.4652
CentroidY: 0.8628
