Location: 2025-04-18_221616-1.png_Mean-Medain.png
Component: component_1745013064624_109.png
centerX: 0.20848056537102475
centerY: 0.13949507916131793
width: 0.032391048292108364
height: 0.03080872913992298
Area: 0.00031701823434451566
CentroidX: 0.2232
CentroidY: 0.1548
