Location: 2025-04-18_221616-1.png_Mean-Medain.png
Component: component_1745013064611_60.png
centerX: 0.3297997644287397
centerY: 0.028241335044929396
width: 0.03828032979976443
height: 0.02866923406076166
Area: 0.000510303596619749
CentroidX: 0.3478
CentroidY: 0.0431
