Location: easy64_Gaussian-Closing.png
Component: component_1744297381378_773.png
centerX: 0.2140266021765417
centerY: 0.5472424112868748
width: 0.013301088270858524
height: 0.00983326207781103
Area: 7.315107428685457e-05
CentroidX: 0.2199
CentroidY: 0.5521
