Location: 2025-04-18_221556-1.png_Gaussian-Closing.png
Component: component_1745013065079_424.png
centerX: 0.1425206124852768
centerY: 0.9306803594351734
width: 0.0353356890459364
height: 0.026957637997432605
Area: 0.00048485141723278864
CentroidX: 0.1600
CentroidY: 0.9444
