Location: 2025-04-18_221556-1.png_Gaussian-Closing.png
Component: component_1745013065073_409.png
centerX: 0.0712603062426384
centerY: 0.8887462558836114
width: 0.04004711425206125
height: 0.03080872913992298
Area: 0.000588172145437281
CentroidX: 0.0905
CentroidY: 0.9044
