Location: 2025-04-18_221616-1.png_Gaussian-Closing.png
Component: component_1745013064564_151.png
centerX: 0.7603062426383981
centerY: 0.31065468549422337
width: 0.03415783274440518
height: 0.03123662815575524
Area: 0.0003119781988223453
CentroidX: 0.7772
CentroidY: 0.3265
