Location: 2025-04-18_221616-1.png_Mean-Medain.png
Component: component_1745013064631_141.png
centerX: 0.08657243816254417
centerY: 0.21694480102695765
width: 0.03121319199057715
height: 0.0329482242190843
Area: 0.0002547737956457117
CentroidX: 0.1025
CentroidY: 0.2339
