Location: 2025-04-18_221616-1.png_Mean-Medain.png
Component: component_1745013064614_74.png
centerX: 0.7326266195524146
centerY: 0.06204535729567822
width: 0.03769140164899882
height: 0.032520325203252036
Area: 0.00047653535862120754
CentroidX: 0.7501
CentroidY: 0.0771
