Location: 2025-04-18_221556-1.png_Gaussian-Closing.png
Component: component_1745013065031_345.png
centerX: 0.5082449941107184
centerY: 0.7466837826273
width: 0.04652532391048292
height: 0.03080872913992298
Area: 0.0006131203212720244
CentroidX: 0.5306
CentroidY: 0.7620
