Location: easy43_Mean-Closing.png
Component: component_1744297380598_402.png
centerX: 0.5610640870616687
centerY: 0.3232150491663104
width: 0.014510278113663845
height: 0.00983326207781103
Area: 7.392652737116751e-05
CentroidX: 0.5670
CentroidY: 0.3280
