Location: 2025-04-18_221556-1.png_Gaussian-Closing.png
Component: component_1745013064745_51.png
centerX: 0.800942285041225
centerY: 0.029525032092426188
width: 0.039458186101295645
height: 0.026957637997432605
Area: 0.0004359630726677362
CentroidX: 0.8199
CentroidY: 0.0435
