Location: 2025-04-18_221556-1.png_Gaussian-Closing.png
Component: component_1745013065073_411.png
centerX: 0.699057714958775
centerY: 0.9174154899443732
width: 0.035924617196702
height: 0.03551561831407788
Area: 0.0005571759269759333
CentroidX: 0.7157
CentroidY: 0.9361
