Location: 2025-04-18_221616-1.png_Gaussian-Closing.png
Component: component_1745013064555_104.png
centerX: 0.2703180212014134
centerY: 0.17458279845956354
width: 0.034746760895170786
height: 0.03508771929824561
Area: 0.0004573832236369602
CentroidX: 0.2870
CentroidY: 0.1914
