Location: 2025-04-18_221616-1.png_Mean-Closing.png
Component: component_1745013065224_148.png
centerX: 0.2762073027090695
centerY: 0.35258878904578517
width: 0.037102473498233215
height: 0.03123662815575524
Area: 0.00042159897142955065
CentroidX: 0.2931
CentroidY: 0.3677
