Location: 2025-04-18_221616-1.png_Gaussian-Closing.png
Component: component_1745013064551_90.png
centerX: 0.20848056537102475
centerY: 0.13949507916131793
width: 0.03297997644287397
height: 0.03080872913992298
Area: 0.00031928625032949233
CentroidX: 0.2232
CentroidY: 0.1549
