Location: 2025-04-18_221616-1.png_Mean-Medain.png
Component: component_1745013064625_113.png
centerX: 0.9210836277974087
centerY: 0.16987590928540863
width: 0.03828032979976443
height: 0.03337612323491656
Area: 0.00037145061798395557
CentroidX: 0.9401
CentroidY: 0.1870
