Location: 2025-04-18_221556-1.png_Gaussian-Closing.png
Component: component_1745013065028_336.png
centerX: 0.13191990577149587
centerY: 0.7150192554557124
width: 0.04122497055359246
height: 0.030380830124090714
Area: 0.0005060195664259041
CentroidX: 0.1505
CentroidY: 0.7312
