Location: 2025-04-18_221556-1.png_Gaussian-Closing.png
Component: component_1745013064809_73.png
centerX: 0.6101295641931684
centerY: 0.09713307659392384
width: 0.034746760895170786
height: 0.02738553701326487
Area: 0.0004226069785339847
CentroidX: 0.6268
CentroidY: 0.1112
