Location: 2025-04-18_221556-1.png_Gaussian-Closing.png
Component: component_1745013065027_335.png
centerX: 0.25677267373380447
centerY: 0.7137355584082157
width: 0.03828032979976443
height: 0.03080872913992298
Area: 0.0005085395841869894
CentroidX: 0.2748
CentroidY: 0.7300
