Location: 2025-04-18_221616-1.png_Mean-Closing.png
Component: component_1745013065192_72.png
centerX: 0.5859835100117785
centerY: 0.1715875053487377
width: 0.03180212014134275
height: 0.03423192126658109
Area: 0.00034473842971645267
CentroidX: 0.6011
CentroidY: 0.1875
