Location: 2025-04-18_221616-1.png_Mean-Medain.png
Component: component_1745013064617_87.png
centerX: 0.45229681978798586
centerY: 0.09970047068891741
width: 0.04063604240282685
height: 0.03337612323491656
Area: 0.000538023791991686
CentroidX: 0.4711
CentroidY: 0.1170
