Location: easy21_Mean-Medain.png
Component: component_1744297380950_869.png
centerX: 0.09838709677419355
centerY: 0.6767241379310345
width: 0.02661290322580645
height: 0.014367816091954023
Area: 0.00013827091830428872
CentroidX: 0.1102
CentroidY: 0.6835
