Location: 2025-04-18_221616-1.png_Mean-Closing.png
Component: component_1745013065184_64.png
centerX: 0.3327444051825677
centerY: 0.1386392811296534
width: 0.03651354534746761
height: 0.028241335044929396
Area: 0.00033768237998541413
CentroidX: 0.3496
CentroidY: 0.1522
