Location: Dedata_6.png_Gaussian-Median.png
Component: component_1755522877850_252.png
centerX: 0.902016129032258
centerY: 0.6622969506982046
width: 0.04153225806451613
height: 0.027358221715588486
Area: 0.0006194899750871032
CentroidX: 0.9235
CentroidY: 0.6747
