Location: internet_11.png_Otsu.png
Component: component_1755091163679_772.png
centerX: 0.09592906086255543
centerY: 0.39406900484744795
width: 0.04877065699314793
height: 0.02594810379241517
Area: 0.00022066766449826207
CentroidX: 0.1216
CentroidY: 0.4056
