Location: internet_11.png_Mean-Closing.png
Component: component_1755091163791_141.png
centerX: 0.44578798871422814
centerY: 0.48303393213572854
width: 0.04675534058847239
height: 0.027088679783290562
Area: 0.0005525886098477312
CentroidX: 0.4696
CentroidY: 0.4949
