Location: Dedata_6.png_Otsu.png
Component: component_1755522877240_294.png
centerX: 0.4290322580645161
centerY: 0.6523225990310629
width: 0.0532258064516129
height: 0.025078369905956112
Area: 0.000623971538624183
CentroidX: 0.4557
CentroidY: 0.6633
