Location: internet_11.png_Gaussian-Closing.png
Component: component_1755091164202_173.png
centerX: 0.08343409915356712
centerY: 0.5939549472483604
width: 0.04554615074566707
height: 0.032506415739948676
Area: 0.0006177545295198743
CentroidX: 0.1076
CentroidY: 0.6080
