Location: internet_11.png_Gaussian-Closing.png
Component: component_1755091164172_58.png
centerX: 0.2656187021362354
centerY: 0.210151126318791
width: 0.051189036678758564
height: 0.032506415739948676
Area: 0.0006875176922023977
CentroidX: 0.2909
CentroidY: 0.2245
