Location: internet_11.png_Gaussian-Median.png
Component: component_1755091164039_152.png
centerX: 0.6178960096735188
centerY: 0.39264328485885375
width: 0.04877065699314793
height: 0.02765896777872826
Area: 0.0005083401458728194
CentroidX: 0.6429
CentroidY: 0.4045
