Location: Dedata_6.png_Otsu.png
Component: component_1755522877207_131.png
centerX: 0.7193548387096774
centerY: 0.23881447705899117
width: 0.03790322580645161
height: 0.02108862923909946
Area: 0.00036013384936430746
CentroidX: 0.7387
CentroidY: 0.2482
