Location: Dedata_6.png_Mean-Closing.png
Component: component_1755522877678_42.png
centerX: 0.0842741935483871
centerY: 0.09717868338557993
width: 0.041935483870967745
height: 0.022513536620119692
Area: 0.0005383621838774028
CentroidX: 0.1059
CentroidY: 0.1073
