Location: Dedata_6.png_Mean-Medain.png
Component: component_1755522877565_160.png
centerX: 0.07862903225806452
centerY: 0.3932744371615845
width: 0.0407258064516129
height: 0.024508406953548018
Area: 0.000638795171862216
CentroidX: 0.0991
CentroidY: 0.4045
