Location: internet_11.png_Gaussian-Closing.png
Component: component_1755091164207_196.png
centerX: 0.010479645304312777
centerY: 0.6951810664385515
width: 0.04554615074566707
height: 0.026518391787852865
Area: 0.0005014442813572487
CentroidX: 0.0342
CentroidY: 0.7074
