Location: Dedata_6.png_Mean-Medain.png
Component: component_1755522877619_274.png
centerX: 0.4149193548387097
centerY: 0.7341122827016244
width: 0.04798387096774193
height: 0.024793388429752067
Area: 0.0006229373316540876
CentroidX: 0.4396
CentroidY: 0.7457
