Location: Dedata_6.png_Otsu.png
Component: component_1755522877193_47.png
centerX: 0.7399193548387096
centerY: 0.08321459105158165
width: 0.03870967741935484
height: 0.022228555143915644
Area: 0.00031049191479973155
CentroidX: 0.7600
CentroidY: 0.0933
