Location: Dedata_6.png_Mean-Closing.png
Component: component_1755522877701_147.png
centerX: 0.46088709677419354
centerY: 0.3776004559703619
width: 0.039919354838709675
height: 0.022228555143915644
Area: 0.0006039768705356733
CentroidX: 0.4803
CentroidY: 0.3875
