Location: Dedata_6.png_Gaussian-Median.png
Component: component_1755522877839_209.png
centerX: 0.08669354838709678
centerY: 0.5257908235964662
width: 0.05040322580645161
height: 0.023938444001139925
Area: 0.0006152382353211557
CentroidX: 0.1116
CentroidY: 0.5368
