Location: Dedata_6.png_Mean-Medain.png
Component: component_1755522877619_270.png
centerX: 0.6971774193548387
centerY: 0.719578227415218
width: 0.0467741935483871
height: 0.02108862923909946
Area: 0.0005689287454379981
CentroidX: 0.7215
CentroidY: 0.7289
