Location: Kurtxevani_1794_page_10.png_Mean-Medain.png
Component: component_1755610054860_1028.png
centerX: 0.6750438340151957
centerY: 0.28206258263552225
width: 0.023378141437755698
height: 0.010136624063464082
Area: 0.00013729120081890466
CentroidX: 0.6879
CentroidY: 0.2866
