Location: Dedata_6.png_Otsu.png
Component: component_1755522877239_287.png
centerX: 0.025
centerY: 0.6226845255058421
width: 0.042741935483870966
height: 0.027358221715588486
Area: 0.000654308276413646
CentroidX: 0.0469
CentroidY: 0.6351
