Location: Dedata_6.png_Otsu.png
Component: component_1755522877209_144.png
centerX: 0.20524193548387096
centerY: 0.2564833285836421
width: 0.03508064516129032
height: 0.0219435736677116
Area: 0.0004398826979472141
CentroidX: 0.2222
CentroidY: 0.2665
