Location: Dedata_6.png_Mean-Medain.png
Component: component_1755522877496_74.png
centerX: 0.5350806451612903
centerY: 0.15930464519806212
width: 0.035483870967741936
height: 0.021373610715303505
Area: 0.0004154064663216246
CentroidX: 0.5537
CentroidY: 0.1695
