Location: internet_11.png_Gaussian-Median.png
Component: component_1755091164096_304.png
centerX: 0.24546553808948005
centerY: 0.7978329056173368
width: 0.05038291011688835
height: 0.025377815796977475
Area: 0.0005137419064100163
CentroidX: 0.2710
CentroidY: 0.8086
