Location: Dedata_6.png_Gaussian-Median.png
Component: component_1755522877826_165.png
centerX: 0.9016129032258065
centerY: 0.40524365916215443
width: 0.04032258064516129
height: 0.022228555143915644
Area: 0.0005716866306915857
CentroidX: 0.9219
CentroidY: 0.4162
