Location: Dedata_6.png_Otsu.png
Component: component_1755522877189_23.png
centerX: 0.8225806451612904
centerY: 0.0481618694784839
width: 0.03669354838709677
height: 0.022228555143915644
Area: 0.0003694417120951654
CentroidX: 0.8420
CentroidY: 0.0586
