Location: internet_11.png_Mean-Closing.png
Component: component_1755091163795_159.png
centerX: 0.9214026602176542
centerY: 0.5771314513829484
width: 0.04877065699314793
height: 0.03022526375819789
Area: 0.0005839647933935779
CentroidX: 0.9462
CentroidY: 0.5912
