Location: Kurtxevani_1794_page_10.png_Mean-Medain.png
Component: component_1755610054815_821.png
centerX: 0.23553477498538866
centerY: 0.20758043190832967
width: 0.02104032729398013
height: 0.009695901278096077
Area: 0.0001344577989258316
CentroidX: 0.2461
CentroidY: 0.2121
