Location: Dedata_6.png_Otsu.png
Component: component_1755522877219_204.png
centerX: 0.3294354838709677
centerY: 0.3833000854944429
width: 0.042741935483870966
height: 0.02080364776289541
Area: 0.0005577822925380818
CentroidX: 0.3508
CentroidY: 0.3929
