Location: Dedata_6.png_Otsu.png
Component: component_1755522877188_20.png
centerX: 0.8810483870967742
centerY: 0.047021943573667714
width: 0.034274193548387094
height: 0.02336848104873183
Area: 0.0003720846854631868
CentroidX: 0.8987
CentroidY: 0.0581
