Location: Dedata_6.png_Otsu.png
Component: component_1755522877233_261.png
centerX: 0.6294354838709677
centerY: 0.5480193787403819
width: 0.04112903225806452
height: 0.022798518096323737
Area: 0.0005551393191700603
CentroidX: 0.6504
CentroidY: 0.5591
