Location: internet_11.png_Gaussian-Closing.png
Component: component_1755091164175_67.png
centerX: 0.35268037081821846
centerY: 0.25263758197889935
width: 0.04877065699314793
height: 0.03450242372398061
Area: 0.0006568310951081082
CentroidX: 0.3770
CentroidY: 0.2690
