Location: internet_11.png_Gaussian-Closing.png
Component: component_1755091164163_25.png
centerX: 0.4312777106005643
centerY: 0.05930995152552039
width: 0.05763804917372027
height: 0.02737382378100941
Area: 0.0006303969477984206
CentroidX: 0.4621
CentroidY: 0.0700
