Location: Dedata_6.png_Mean-Closing.png
Component: component_1755522877701_150.png
centerX: 0.2657258064516129
centerY: 0.3867198632088914
width: 0.04112903225806452
height: 0.02336848104873183
Area: 0.0006012189852820857
CentroidX: 0.2863
CentroidY: 0.3977
