Location: internet_11.png_Gaussian-Median.png
Component: component_1755091163996_105.png
centerX: 0.18903667875856509
centerY: 0.3016823495865412
width: 0.054816606207174524
height: 0.03450242372398061
Area: 0.0007117681490821547
CentroidX: 0.2181
CentroidY: 0.3180
