Location: internet_11.png_Mean-Closing.png
Component: component_1755091163797_171.png
centerX: 0.9040709391374446
centerY: 0.6364414029084687
width: 0.04836759371221282
height: 0.02566295979469632
Area: 0.0005109835606037881
CentroidX: 0.9284
CentroidY: 0.6480
