Location: Dedata_6.png_Mean-Closing.png
Component: component_1755522877679_47.png
centerX: 0.8596774193548387
centerY: 0.10914790538614991
width: 0.04233870967741935
height: 0.01937874038187518
Area: 0.00041988802985870436
CentroidX: 0.8810
CentroidY: 0.1178
