Location: Dedata_6.png_Mean-Closing.png
Component: component_1755522877712_196.png
centerX: 0.2875
centerY: 0.5192362496437731
width: 0.046370967741935484
height: 0.023083499572527786
Area: 0.0006514354792744923
CentroidX: 0.3104
CentroidY: 0.5298
