Location: internet_11.png_Mean-Closing.png
Component: component_1755091163812_238.png
centerX: 0.09673518742442563
centerY: 0.8942115768463074
width: 0.04796453043127771
height: 0.02566295979469632
Area: 0.0006122378379074178
CentroidX: 0.1204
CentroidY: 0.9063
