Location: Kurtxevani_1794_page_10.png_Mean-Medain.png
Component: component_1755610054909_1275.png
centerX: 0.8620689655172413
centerY: 0.3613926840017629
width: 0.023378141437755698
height: 0.010577346848832084
Area: 0.0001792770652344421
CentroidX: 0.8744
CentroidY: 0.3660
