Location: Dedata_6.png_Gaussian-Median.png
Component: component_1755522877806_117.png
centerX: 0.8838709677419355
centerY: 0.2710173838700484
width: 0.04153225806451613
height: 0.0219435736677116
Area: 0.0005693883929802627
CentroidX: 0.9050
CentroidY: 0.2811
