Location: internet_11.png_Gaussian-Median.png
Component: component_1755091164042_156.png
centerX: 0.19064893188230553
centerY: 0.39406900484744795
width: 0.049576783555018135
height: 0.02623324779013402
Area: 0.0004208775976003311
CentroidX: 0.2209
CentroidY: 0.4062
