Location: internet_11.png_Mean-Closing.png
Component: component_1755091163794_156.png
centerX: 0.18178153970173316
centerY: 0.5389221556886228
width: 0.05239822652156389
height: 0.03051040775591674
Area: 0.0006633821663979004
CentroidX: 0.2085
CentroidY: 0.5530
