Location: internet_11.png_Mean-Closing.png
Component: component_1755091163812_236.png
centerX: 0.5792019347037485
centerY: 0.8919304248645566
width: 0.04675534058847239
height: 0.0290846877673225
Area: 0.0005998252817793905
CentroidX: 0.6020
CentroidY: 0.9036
