Location: Dedata_6.png_Otsu.png
Component: component_1755522877220_208.png
centerX: 0.07862903225806452
centerY: 0.39355941863778854
width: 0.04032258064516129
height: 0.023938444001139925
Area: 0.0005807646696513114
CentroidX: 0.0991
CentroidY: 0.4045
