Location: Dedata_6.png_Otsu.png
Component: component_1755522877198_76.png
centerX: 0.4681451612903226
centerY: 0.12653177543459676
width: 0.03508064516129032
height: 0.018523795953263037
Area: 0.00031508839022237746
CentroidX: 0.4870
CentroidY: 0.1348
