Location: internet_11.png_Otsu.png
Component: component_1755091163662_161.png
centerX: 0.2623941958887545
centerY: 0.11434274308525806
width: 0.05602579604997985
height: 0.027088679783290562
Area: 0.000670048168762952
CentroidX: 0.2927
CentroidY: 0.1262
