Location: internet_11.png_Gaussian-Closing.png
Component: component_1755091164190_123.png
centerX: 0.36316001612253124
centerY: 0.3943541488451668
width: 0.045949214026602174
height: 0.028514399771884802
Area: 0.0005035130407119199
CentroidX: 0.3861
CentroidY: 0.4071
