Location: internet_11.png_Gaussian-Median.png
Component: component_1755091164064_226.png
centerX: 0.015316404675534058
centerY: 0.5437696036498432
width: 0.042724707779121324
height: 0.032506415739948676
Area: 0.0006128124932837153
CentroidX: 0.0368
CentroidY: 0.5582
