Location: internet_11.png_Gaussian-Median.png
Component: component_1755091163978_85.png
centerX: 0.43933897621926643
centerY: 0.21357285429141717
width: 0.05078597339782346
height: 0.029940119760479042
Area: 0.0006336150179056868
CentroidX: 0.4646
CentroidY: 0.2279
