Location: Dedata_6.png_Mean-Closing.png
Component: component_1755522877718_222.png
centerX: 0.4939516129032258
centerY: 0.5924764890282131
width: 0.04838709677419355
height: 0.025933314334568254
Area: 0.0006747625920444203
CentroidX: 0.5191
CentroidY: 0.6045
