Location: internet_11.png_Otsu.png
Component: component_1755091163662_162.png
centerX: 0.018540910923014912
centerY: 0.1536926147704591
width: 0.044740024183796856
height: 0.03279155973766752
Area: 0.0006270639466158947
CentroidX: 0.0410
CentroidY: 0.1687
