Location: internet_11.png_Gaussian-Closing.png
Component: component_1755091164196_150.png
centerX: 0.9149536477226925
centerY: 0.5286569717707442
width: 0.045949214026602174
height: 0.03279155973766752
Area: 0.0006007447303814666
CentroidX: 0.9376
CentroidY: 0.5431
