Location: Dedata_6.png_Gaussian-Median.png
Component: component_1755522877856_278.png
centerX: 0.35766129032258065
centerY: 0.7386719863208892
width: 0.041935483870967745
height: 0.02336848104873183
Area: 0.000536983241250609
CentroidX: 0.3791
CentroidY: 0.7496
