Location: internet_11.png_Mean-Closing.png
Component: component_1755091163810_228.png
centerX: 0.6573962112051592
centerY: 0.8420302252637581
width: 0.05078597339782346
height: 0.027088679783290562
Area: 0.0005728164790934053
CentroidX: 0.6832
CentroidY: 0.8534
