Location: internet_11.png_Gaussian-Closing.png
Component: component_1755091164193_139.png
centerX: 0.9387343812978638
centerY: 0.4759053321927573
width: 0.04675534058847239
height: 0.031080695751354435
Area: 0.0006247653251107045
CentroidX: 0.9629
CentroidY: 0.4899
