Location: Dedata_6.png_Mean-Medain.png
Component: component_1755522877595_227.png
centerX: 0.6975806451612904
centerY: 0.585636933599316
width: 0.045564516129032256
height: 0.019663721858079224
Area: 0.0005830629073626343
CentroidX: 0.7216
CentroidY: 0.5949
