Location: internet_11.png_Gaussian-Median.png
Component: component_1755091164076_236.png
centerX: 0.347037484885127
centerY: 0.590818363273453
width: 0.0475614671503426
height: 0.027944111776447105
Area: 0.0005340847067309499
CentroidX: 0.3707
CentroidY: 0.6035
