Location: Dedata_6.png_Gaussian-Median.png
Component: component_1755522877810_123.png
centerX: 0.5149193548387097
centerY: 0.28811627244229127
width: 0.04596774193548387
height: 0.022513536620119692
Area: 0.0005572077331102511
CentroidX: 0.5378
CentroidY: 0.2986
