Location: Dedata_6.png_Mean-Closing.png
Component: component_1755522877720_228.png
centerX: 0.15604838709677418
centerY: 0.6175548589341693
width: 0.044758064516129036
height: 0.02792818466799658
Area: 0.0007067080962318094
CentroidX: 0.1790
CentroidY: 0.6302
