Location: Dedata_6.png_Gaussian-Median.png
Component: component_1755522877797_84.png
centerX: 0.8564516129032258
centerY: 0.18210316329438586
width: 0.03870967741935484
height: 0.025078369905956112
Area: 0.00046769137425422186
CentroidX: 0.8756
CentroidY: 0.1935
