Location: Dedata_6.png_Gaussian-Median.png
Component: component_1755522877850_251.png
centerX: 0.21411290322580645
centerY: 0.6620119692220006
width: 0.053629032258064514
height: 0.025933314334568254
Area: 0.0007201527868430488
CentroidX: 0.2412
CentroidY: 0.6736
