Location: Dedata_6.png_Otsu.png
Component: component_1755522877232_256.png
centerX: 0.9298387096774193
centerY: 0.5354801937874039
width: 0.045564516129032256
height: 0.024793388429752067
Area: 0.0006259250406788075
CentroidX: 0.9533
CentroidY: 0.5470
