Location: internet_11.png_Gaussian-Closing.png
Component: component_1755091164203_180.png
centerX: 0.42845626763401856
centerY: 0.6407185628742516
width: 0.05239822652156389
height: 0.02594810379241517
Area: 0.0005273037732906388
CentroidX: 0.4553
CentroidY: 0.6523
