Location: Dedata_6.png_Gaussian-Median.png
Component: component_1755522877852_257.png
centerX: 0.024596774193548387
centerY: 0.6702764320319179
width: 0.03951612903225806
height: 0.024793388429752067
Area: 0.0005751339872585702
CentroidX: 0.0435
CentroidY: 0.6819
