Location: Dedata_6.png_Mean-Medain.png
Component: component_1755522877588_206.png
centerX: 0.08709677419354839
centerY: 0.5257908235964662
width: 0.05
height: 0.023938444001139925
Area: 0.0006513205673889261
CentroidX: 0.1119
CentroidY: 0.5368
