Location: Dedata_6.png_Mean-Closing.png
Component: component_1755522877699_141.png
centerX: 0.8899193548387097
centerY: 0.36449130806497576
width: 0.0375
height: 0.021373610715303505
Area: 0.0005769725774276285
CentroidX: 0.9093
CentroidY: 0.3746
