Location: Dedata_6.png_Otsu.png
Component: component_1755522877236_274.png
centerX: 0.7645161290322581
centerY: 0.5830721003134797
width: 0.045564516129032256
height: 0.022513536620119692
Area: 0.0005747892516018716
CentroidX: 0.7883
CentroidY: 0.5932
