Location: Dedata_6.png_Otsu.png
Component: component_1755522877231_255.png
centerX: 0.024193548387096774
centerY: 0.5283556568823027
width: 0.037096774193548385
height: 0.025078369905956112
Area: 0.0005373279769073074
CentroidX: 0.0443
CentroidY: 0.5395
