Location: internet_11.png_Gaussian-Closing.png
Component: component_1755091164162_22.png
centerX: 0.5215638855300282
centerY: 0.05873966353008269
width: 0.04877065699314793
height: 0.02879954376960365
Area: 0.0006047673180155495
CentroidX: 0.5477
CentroidY: 0.0715
