Location: internet_11.png_Mean-Closing.png
Component: component_1755091163814_244.png
centerX: 0.018540910923014912
centerY: 0.9421157684630739
width: 0.03667875856509472
height: 0.02281151981750784
Area: 0.00047753861770327027
CentroidX: 0.0377
CentroidY: 0.9530
