Location: internet_11.png_Otsu.png
Component: component_1755091163667_191.png
centerX: 0.6126561870213624
centerY: 0.21214713430282292
width: 0.054816606207174524
height: 0.029940119760479042
Area: 0.0006112034582300821
CentroidX: 0.6395
CentroidY: 0.2246
