Location: Dedata_6.png_Gaussian-Median.png
Component: component_1755522877789_43.png
centerX: 0.35
centerY: 0.09347392419492732
width: 0.03951612903225806
height: 0.021658592191507554
Area: 0.0004248292409380487
CentroidX: 0.3711
CentroidY: 0.1035
