Location: Dedata_6.png_Otsu.png
Component: component_1755522877217_194.png
centerX: 0.947983870967742
centerY: 0.3627814192077515
width: 0.03951612903225806
height: 0.021658592191507554
Area: 0.0005426139236433502
CentroidX: 0.9678
CentroidY: 0.3729
