Location: Dedata_6.png_Mean-Closing.png
Component: component_1755522877690_99.png
centerX: 0.46491935483870966
centerY: 0.24793388429752067
width: 0.035483870967741936
height: 0.021658592191507554
Area: 0.0005143455997940779
CentroidX: 0.4827
CentroidY: 0.2580
