Location: internet_11.png_Gaussian-Median.png
Component: component_1755091164105_339.png
centerX: 0.018540910923014912
centerY: 0.9421157684630739
width: 0.03667875856509472
height: 0.02281151981750784
Area: 0.000454782264801887
CentroidX: 0.0377
CentroidY: 0.9529
