Location: internet_11.png_Gaussian-Closing.png
Component: component_1755091164200_167.png
centerX: 0.4328899637243047
centerY: 0.5876817792985458
width: 0.04796453043127771
height: 0.029369831765041345
Area: 0.0005310964987742026
CentroidX: 0.4567
CentroidY: 0.5997
