Location: Dedata_6.png_Mean-Medain.png
Component: component_1755522877588_207.png
centerX: 0.02379032258064516
centerY: 0.5283556568823027
width: 0.0375
height: 0.02536335138216016
Area: 0.0006016786328243502
CentroidX: 0.0443
CentroidY: 0.5397
