Location: Dedata_6.png_Mean-Medain.png
Component: component_1755522877400_16.png
centerX: 0.10120967741935484
centerY: 0.018238814477058992
width: 0.036290322580645164
height: 0.021658592191507554
Area: 0.0004534423004440195
CentroidX: 0.1202
CentroidY: 0.0283
