Location: internet_11.png_Gaussian-Median.png
Component: component_1755091163988_102.png
centerX: 0.014510278113663845
centerY: 0.30025662959794697
width: 0.06449012494961709
height: 0.029940119760479042
Area: 0.0006686689958598379
CentroidX: 0.0480
CentroidY: 0.3137
