Location: Dedata_6.png_Gaussian-Median.png
Component: component_1755522877828_171.png
centerX: 0.667741935483871
centerY: 0.4169278996865204
width: 0.04233870967741935
height: 0.022798518096323737
Area: 0.0006065049320181285
CentroidX: 0.6894
CentroidY: 0.4276
