Location: internet_11.png_Otsu.png
Component: component_1755091163714_1692.png
centerX: 0.40870616686819833
centerY: 0.9486740804106074
width: 0.04312777106005643
height: 0.027944111776447105
Area: 0.000425130047384933
CentroidX: 0.4296
CentroidY: 0.9626
