Location: internet_11.png_Otsu.png
Component: component_1755091163711_1611.png
centerX: 0.32406287787182586
centerY: 0.894781864841745
width: 0.049576783555018135
height: 0.02480752780153978
Area: 0.0004317960497499847
CentroidX: 0.3494
CentroidY: 0.9056
