Location: Dedata_6.png_Mean-Medain.png
Component: component_1755522877498_78.png
centerX: 0.27741935483870966
centerY: 0.16899401538899972
width: 0.039919354838709675
height: 0.024223425477343973
Area: 0.0004963044337601927
CentroidX: 0.2988
CentroidY: 0.1802
