Location: internet_11.png_Gaussian-Median.png
Component: component_1755091164043_160.png
centerX: 0.016928657799274487
centerY: 0.39520958083832336
width: 0.04554615074566707
height: 0.028229255774165955
Area: 0.0005487958843641674
CentroidX: 0.0411
CentroidY: 0.4083
