Location: internet_11.png_Gaussian-Median.png
Component: component_1755091163895_51.png
centerX: 0.18460298266827893
centerY: 0.1092101511263188
width: 0.049576783555018135
height: 0.033932135728542916
Area: 0.0007068261128459957
CentroidX: 0.2111
CentroidY: 0.1261
