Location: internet_11.png_Mean-Closing.png
Component: component_1755091163770_29.png
centerX: 0.6823861346231358
centerY: 0.10664385514684915
width: 0.05280128980249899
height: 0.028229255774165955
Area: 0.0006980913511262728
CentroidX: 0.7102
CentroidY: 0.1190
