Location: Dedata_6.png_Mean-Medain.png
Component: component_1755522877413_30.png
centerX: 0.4282258064516129
centerY: 0.056141350812197205
width: 0.04233870967741935
height: 0.023938444001139925
Area: 0.0004868816591437686
CentroidX: 0.4508
CentroidY: 0.0670
