Location: internet_11.png_Mean-Closing.png
Component: component_1755091163776_64.png
centerX: 0.5255945183393793
centerY: 0.21385799828913601
width: 0.049979846835953246
height: 0.028229255774165955
Area: 0.0006484411266141638
CentroidX: 0.5507
CentroidY: 0.2263
