Location: internet_11.png_Gaussian-Median.png
Component: component_1755091164047_182.png
centerX: 0.365981459089077
centerY: 0.4345594525235244
width: 0.04554615074566707
height: 0.02879954376960365
Area: 0.0005362683971608806
CentroidX: 0.3900
CentroidY: 0.4478
