Location: internet_11.png_Otsu.png
Component: component_1755091163708_1552.png
centerX: 0.166062071745264
centerY: 0.8423153692614771
width: 0.0471584038694075
height: 0.02623324779013402
Area: 0.0004867331037240312
CentroidX: 0.1901
CentroidY: 0.8539
