Location: Dedata_6.png_Gaussian-Median.png
Component: component_1755522877801_100.png
centerX: 0.9116935483870968
centerY: 0.23168994015389
width: 0.008870967741935484
height: 0.013679110857794243
Area: 8.158743875196499e-05
CentroidX: 0.9159
CentroidY: 0.2386
