Location: internet_11.png_Mean-Closing.png
Component: component_1755091163772_42.png
centerX: 0.17210802095929062
centerY: 0.15711434274308525
width: 0.0475614671503426
height: 0.030795551753635585
Area: 0.0006413153999480742
CentroidX: 0.1967
CentroidY: 0.1721
