Location: Dedata_6.png_Gaussian-Median.png
Component: component_1755522877819_147.png
centerX: 0.07782258064516129
centerY: 0.3468224565403249
width: 0.04435483870967742
height: 0.022798518096323737
Area: 0.00057662784177093
CentroidX: 0.0997
CentroidY: 0.3571
