Location: Dedata_6.png_Gaussian-Median.png
Component: component_1755522877805_116.png
centerX: 0.944758064516129
centerY: 0.2693074950128242
width: 0.044758064516129036
height: 0.0219435736677116
Area: 0.0005418095404443872
CentroidX: 0.9674
CentroidY: 0.2785
