Location: internet_11.png_Otsu.png
Component: component_1755091163691_1172.png
centerX: 0.08786779524385328
centerY: 0.540347875677217
width: 0.05401047964530431
height: 0.03022526375819789
Area: 0.000579482481458457
CentroidX: 0.1154
CentroidY: 0.5543
