Location: internet_11.png_Gaussian-Closing.png
Component: component_1755091164220_253.png
centerX: 0.17452640064490124
centerY: 0.9443969204448246
width: 0.04917372027408303
height: 0.02566295979469632
Area: 0.0005420149509238562
CentroidX: 0.1997
CentroidY: 0.9556
