Location: internet_11.png_Otsu.png
Component: component_1755091163675_502.png
centerX: 0.015719467956469165
centerY: 0.34901625320787
width: 0.051189036678758564
height: 0.0290846877673225
Area: 0.0004619079914679767
CentroidX: 0.0411
CentroidY: 0.3616
