Location: Dedata_6.png_Mean-Closing.png
Component: component_1755522877718_221.png
centerX: 0.5604838709677419
centerY: 0.5879167854089484
width: 0.04596774193548387
height: 0.025078369905956112
Area: 0.0006553424833837413
CentroidX: 0.5846
CentroidY: 0.5997
