Location: Dedata_6.png_Gaussian-Median.png
Component: component_1755522877817_143.png
centerX: 0.330241935483871
centerY: 0.33998290111142776
width: 0.04395161290322581
height: 0.02336848104873183
Area: 0.0005961628623171751
CentroidX: 0.3530
CentroidY: 0.3507
