Location: internet_11.png_Gaussian-Median.png
Component: component_1755091164078_246.png
centerX: 0.600161225312374
centerY: 0.6387225548902196
width: 0.049979846835953246
height: 0.029654975762760195
Area: 0.000570058133287177
CentroidX: 0.6253
CentroidY: 0.6519
