Location: internet_11.png_Mean-Closing.png
Component: component_1755091163795_160.png
centerX: 0.8480451430874647
centerY: 0.579697747362418
width: 0.04353083434099154
height: 0.028229255774165955
Area: 0.000489606380605519
CentroidX: 0.8704
CentroidY: 0.5918
