Location: Dedata_6.png_Otsu.png
Component: component_1755522877198_75.png
centerX: 0.5419354838709678
centerY: 0.12453690510116842
width: 0.0375
height: 0.017953833000854943
Area: 0.000313939271366716
CentroidX: 0.5610
CentroidY: 0.1324
