Location: Dedata_6.png_Mean-Medain.png
Component: component_1755522877615_255.png
centerX: 0.7024193548387097
centerY: 0.6756910800797948
width: 0.052016129032258066
height: 0.02821316614420063
Area: 0.0007507193484036441
CentroidX: 0.7303
CentroidY: 0.6889
