Location: internet_11.png_Mean-Closing.png
Component: component_1755091163812_235.png
centerX: 0.01894397420395002
centerY: 0.8919304248645566
width: 0.04312777106005643
height: 0.02566295979469632
Area: 0.000549830264041503
CentroidX: 0.0407
CentroidY: 0.9039
