Location: Dedata_6.png_Mean-Closing.png
Component: component_1755522877681_57.png
centerX: 0.21411290322580645
centerY: 0.13337133086349387
width: 0.04233870967741935
height: 0.025648332858364205
Area: 0.00045160371027496115
CentroidX: 0.2346
CentroidY: 0.1441
