Location: Dedata_6.png_Mean-Closing.png
Component: component_1755522877722_236.png
centerX: 0.5108870967741935
centerY: 0.640638358506697
width: 0.05
height: 0.02792818466799658
Area: 0.0007219913770121071
CentroidX: 0.5372
CentroidY: 0.6536
