Location: Dedata_6.png_Mean-Medain.png
Component: component_1755522877565_159.png
centerX: 0.14475806451612902
centerY: 0.39013964092333997
width: 0.03790322580645161
height: 0.022513536620119692
Area: 0.0005760532823430993
CentroidX: 0.1638
CentroidY: 0.4002
