Location: internet_11.png_Mean-Closing.png
Component: component_1755091163780_82.png
centerX: 0.7037484885126964
centerY: 0.3022526375819789
width: 0.04836759371221282
height: 0.033361847733105215
Area: 0.000684414553170391
CentroidX: 0.7289
CentroidY: 0.3178
