Location: Dedata_6.png_Mean-Medain.png
Component: component_1755522877561_152.png
centerX: 0.5870967741935483
centerY: 0.3730407523510972
width: 0.03951612903225806
height: 0.023938444001139925
Area: 0.0006602836944630857
CentroidX: 0.6066
CentroidY: 0.3842
