Location: internet_11.png_Gaussian-Closing.png
Component: component_1755091164191_128.png
centerX: 0.6195082627972591
centerY: 0.4311377245508982
width: 0.04917372027408303
height: 0.033361847733105215
Area: 0.0005271888422153792
CentroidX: 0.6478
CentroidY: 0.4453
