Location: Dedata_6.png_Otsu.png
Component: component_1755522877215_185.png
centerX: 0.5278225806451613
centerY: 0.3317184383015104
width: 0.04153225806451613
height: 0.0219435736677116
Area: 0.000539281478961932
CentroidX: 0.5482
CentroidY: 0.3414
