Location: internet_11.png_Otsu.png
Component: component_1755091163679_774.png
centerX: 0.19185812172511085
centerY: 0.3943541488451668
width: 0.04796453043127771
height: 0.02566295979469632
Area: 0.00017561468299653356
CentroidX: 0.2208
CentroidY: 0.4055
