Location: internet_11.png_Mean-Closing.png
Component: component_1755091163792_148.png
centerX: 0.8468359532446594
centerY: 0.5317935557456516
width: 0.03788794840790004
height: 0.028514399771884802
Area: 0.000560633785115897
CentroidX: 0.8667
CentroidY: 0.5449
