Location: internet_11.png_Gaussian-Closing.png
Component: component_1755091164206_190.png
centerX: 0.4163643692059653
centerY: 0.6903336184773311
width: 0.05401047964530431
height: 0.027088679783290562
Area: 0.0005730463412439243
CentroidX: 0.4427
CentroidY: 0.7018
