Location: Dedata_6.png_Mean-Closing.png
Component: component_1755522877718_219.png
centerX: 0.7641129032258065
centerY: 0.5830721003134797
width: 0.04596774193548387
height: 0.022798518096323737
Area: 0.0006316706349571149
CentroidX: 0.7883
CentroidY: 0.5933
