Location: Dedata_6.png_Mean-Medain.png
Component: component_1755522877556_141.png
centerX: 0.26895161290322583
centerY: 0.34340267882587633
width: 0.04112903225806452
height: 0.02336848104873183
Area: 0.0006188005037737063
CentroidX: 0.2895
CentroidY: 0.3537
