Location: internet_11.png_Gaussian-Closing.png
Component: component_1755091164192_136.png
centerX: 0.01652559451833938
centerY: 0.43912175648702595
width: 0.04433696090286175
height: 0.03136583974907328
Area: 0.0005340847067309499
CentroidX: 0.0394
CentroidY: 0.4536
