Location: internet_11.png_Mean-Closing.png
Component: component_1755091163803_200.png
centerX: 0.5816203143893591
centerY: 0.7462218420302252
width: 0.04877065699314793
height: 0.02594810379241517
Area: 0.0005659206145778346
CentroidX: 0.6063
CentroidY: 0.7576
