Location: Dedata_6.png_Gaussian-Median.png
Component: component_1755522877798_86.png
centerX: 0.7342741935483871
centerY: 0.19122257053291536
width: 0.037096774193548385
height: 0.020233684810487318
Area: 0.0004340221917833405
CentroidX: 0.7543
CentroidY: 0.2006
