Location: internet_11.png_Gaussian-Closing.png
Component: component_1755091164212_217.png
centerX: 0.49294639258363565
centerY: 0.7941260336469917
width: 0.046352277307537285
height: 0.028514399771884802
Area: 0.0005687938914593224
CentroidX: 0.5159
CentroidY: 0.8073
