Location: Dedata_6.png_Gaussian-Median.png
Component: component_1755522877793_62.png
centerX: 0.01975806451612903
centerY: 0.1365061271017384
width: 0.038306451612903226
height: 0.02080364776289541
Area: 0.0004029959826804806
CentroidX: 0.0398
CentroidY: 0.1460
