Location: Dedata_6.png_Mean-Medain.png
Component: component_1755522877582_194.png
centerX: 0.8153225806451613
centerY: 0.5009974351667141
width: 0.039919354838709675
height: 0.025648332858364205
Area: 0.0006331644894694748
CentroidX: 0.8361
CentroidY: 0.5127
