Location: internet_11.png_Gaussian-Closing.png
Component: component_1755091164168_44.png
centerX: 0.7049576783555018
centerY: 0.15739948674080412
width: 0.04836759371221282
height: 0.027944111776447105
Area: 0.0006268340844653757
CentroidX: 0.7294
CentroidY: 0.1707
