Location: Dedata_6.png_Otsu.png
Component: component_1755522877213_177.png
centerX: 0.9451612903225807
centerY: 0.3166144200626959
width: 0.04233870967741935
height: 0.02336848104873183
Area: 0.0005662857720699768
CentroidX: 0.9667
CentroidY: 0.3276
