Location: Dedata_6.png_Gaussian-Median.png
Component: component_1755522877799_91.png
centerX: 0.41008064516129034
centerY: 0.2049016813907096
width: 0.042741935483870966
height: 0.019948703334283273
Area: 0.0004625203394037452
CentroidX: 0.4320
CentroidY: 0.2138
