Location: internet_11.png_Otsu.png
Component: component_1755091163655_115.png
centerX: 0.35227730753728337
centerY: 0.05588822355289421
width: 0.04836759371221282
height: 0.028229255774165955
Area: 0.0005762644113511907
CentroidX: 0.3783
CentroidY: 0.0699
