Location: Kurtxevani_1794_page_10.png_Mean-Medain.png
Component: component_1755610055036_1935.png
centerX: 0.41437755698421974
centerY: 0.5940943146760688
width: 0.02863822326125073
height: 0.014103129131776113
Area: 0.00022744489741668446
CentroidX: 0.4297
CentroidY: 0.6010
