Location: Dedata_6.png_Mean-Closing.png
Component: component_1755522877729_265.png
centerX: 0.5588709677419355
centerY: 0.7281276717013394
width: 0.046370967741935484
height: 0.020518666286691366
Area: 0.0005636427987019553
CentroidX: 0.5830
CentroidY: 0.7374
