Location: internet_11.png_Otsu.png
Component: component_1755091163661_160.png
centerX: 0.34945586457073763
centerY: 0.11377245508982035
width: 0.05078597339782346
height: 0.02423723980610208
Area: 0.0005821258961894257
CentroidX: 0.3770
CentroidY: 0.1252
