Location: internet_11.png_Mean-Closing.png
Component: component_1755091163793_149.png
centerX: 0.7694478033051189
centerY: 0.5320786997433704
width: 0.04554615074566707
height: 0.028229255774165955
Area: 0.0005923547618875223
CentroidX: 0.7928
CentroidY: 0.5445
