Location: Dedata_6.png_Mean-Medain.png
Component: component_1755522877619_273.png
centerX: 0.4875
centerY: 0.7306925049871759
width: 0.049193548387096775
height: 0.022798518096323737
Area: 0.0006086882578438853
CentroidX: 0.5131
CentroidY: 0.7411
