Location: Dedata_6.png_Otsu.png
Component: component_1755522877238_284.png
centerX: 0.15645161290322582
centerY: 0.6175548589341693
width: 0.04395161290322581
height: 0.02792818466799658
Area: 0.0006400592026034437
CentroidX: 0.1789
CentroidY: 0.6302
