Location: internet_11.png_Otsu.png
Component: component_1755091163702_1413.png
centerX: 0.5816203143893591
centerY: 0.7465069860279441
width: 0.04836759371221282
height: 0.02566295979469632
Area: 0.0004135220087837224
CentroidX: 0.6058
CentroidY: 0.7568
