Location: internet_11.png_Gaussian-Median.png
Component: component_1755091163981_92.png
centerX: 0.6122531237404273
centerY: 0.2540633019674936
width: 0.045949214026602174
height: 0.029940119760479042
Area: 0.000549830264041503
CentroidX: 0.6360
CentroidY: 0.2667
