Location: internet_11.png_Mean-Closing.png
Component: component_1755091163773_48.png
centerX: 0.2571543732365981
centerY: 0.16053607071571144
width: 0.049576783555018135
height: 0.033932135728542916
Area: 0.0007285480860700433
CentroidX: 0.2820
CentroidY: 0.1761
