Location: Dedata_6.png_Mean-Closing.png
Component: component_1755522877712_193.png
centerX: 0.49112903225806454
centerY: 0.5118267312624679
width: 0.041935483870967745
height: 0.025648332858364205
Area: 0.0006870581637999981
CentroidX: 0.5124
CentroidY: 0.5234
