Location: Dedata_6.png_Gaussian-Median.png
Component: component_1755522877806_120.png
centerX: 0.7028225806451613
centerY: 0.27956682815616984
width: 0.039112903225806454
height: 0.0219435736677116
Area: 0.0005134263047095487
CentroidX: 0.7229
CentroidY: 0.2897
