Location: internet_11.png_Gaussian-Median.png
Component: component_1755091163977_84.png
centerX: 0.6122531237404273
centerY: 0.21186199030510408
width: 0.05562273276904474
height: 0.03022526375819789
Area: 0.0006883222097292144
CentroidX: 0.6399
CentroidY: 0.2247
