Location: Dedata_6.png_Otsu.png
Component: component_1755522877205_120.png
centerX: 0.34274193548387094
centerY: 0.21117127386719864
width: 0.039112903225806454
height: 0.01909375890567113
Area: 0.00041919855854530747
CentroidX: 0.3626
CentroidY: 0.2198
