Location: internet_11.png_Mean-Closing.png
Component: component_1755091163771_34.png
centerX: 0.09673518742442563
centerY: 0.10949529512403763
width: 0.05401047964530431
height: 0.03307670373538637
Area: 0.0007726816189696958
CentroidX: 0.1253
CentroidY: 0.1262
