Location: internet_11.png_Otsu.png
Component: component_1755091163674_493.png
centerX: 0.615074566706973
centerY: 0.3473053892215569
width: 0.0475614671503426
height: 0.029654975762760195
Area: 0.0004530582986729943
CentroidX: 0.6397
CentroidY: 0.3603
