Location: Dedata_6.png_Mean-Medain.png
Component: component_1755522877615_256.png
centerX: 0.6387096774193548
centerY: 0.6776859504132231
width: 0.049193548387096775
height: 0.02963807352522086
Area: 0.0007432500758418445
CentroidX: 0.6637
CentroidY: 0.6910
