Location: Dedata_6.png_Mean-Closing.png
Component: component_1755522877731_273.png
centerX: 0.034274193548387094
centerY: 0.7586206896551724
width: 0.045564516129032256
height: 0.021658592191507554
Area: 0.0005798453745667822
CentroidX: 0.0587
CentroidY: 0.7691
