Location: Dedata_6.png_Mean-Closing.png
Component: component_1755522877683_67.png
centerX: 0.5983870967741935
centerY: 0.1555998860074095
width: 0.036290322580645164
height: 0.022798518096323737
Area: 0.000536983241250609
CentroidX: 0.6167
CentroidY: 0.1665
