Location: Dedata_6.png_Otsu.png
Component: component_1755522877189_25.png
centerX: 0.6330645161290323
centerY: 0.05329153605015674
width: 0.03508064516129032
height: 0.021373610715303505
Area: 0.0003494470440066557
CentroidX: 0.6521
CentroidY: 0.0630
