Location: Dedata_6.png_Mean-Medain.png
Component: component_1755522877571_167.png
centerX: 0.6016129032258064
centerY: 0.4169278996865204
width: 0.04233870967741935
height: 0.02365346252493588
Area: 0.0006414381452302375
CentroidX: 0.6239
CentroidY: 0.4283
