Location: internet_11.png_Mean-Closing.png
Component: component_1755091163794_155.png
centerX: 0.35953244659411526
centerY: 0.5380667236954663
width: 0.051189036678758564
height: 0.030795551753635585
Area: 0.0006541876803771395
CentroidX: 0.3850
CentroidY: 0.5518
