Location: internet_11.png_Gaussian-Median.png
Component: component_1755091164047_181.png
centerX: 0.18097541313986296
centerY: 0.4345594525235244
width: 0.053607416364369206
height: 0.03364699173082407
Area: 0.0006352240529593201
CentroidX: 0.2094
CentroidY: 0.4496
