Location: Dedata_6.png_Mean-Closing.png
Component: component_1755522877669_4.png
centerX: 0.8032258064516129
centerY: 0.011114277571957822
width: 0.04153225806451613
height: 0.022513536620119692
Area: 0.0005414648047876888
CentroidX: 0.8240
CentroidY: 0.0209
