Location: internet_11.png_Gaussian-Median.png
Component: component_1755091164107_350.png
centerX: 0.585247883917775
centerY: 0.9498146564014828
width: 0.04070939137444579
height: 0.026803535785571715
Area: 0.0005325906027525763
CentroidX: 0.6055
CentroidY: 0.9625
