Location: Dedata_6.png_Gaussian-Median.png
Component: component_1755522877800_96.png
centerX: 0.13991935483870968
centerY: 0.21687090339127957
width: 0.039112903225806454
height: 0.019948703334283273
Area: 0.00046332472260270823
CentroidX: 0.1600
CentroidY: 0.2260
