Location: internet_11.png_Mean-Closing.png
Component: component_1755091163779_79.png
centerX: 0.2740830310358726
centerY: 0.2999714856002281
width: 0.04836759371221282
height: 0.03279155973766752
Area: 0.0006317761207015347
CentroidX: 0.2986
CentroidY: 0.3157
