Location: Dedata_6.png_Gaussian-Median.png
Component: component_1755522877831_182.png
centerX: 0.8572580645161291
centerY: 0.4488458250213736
width: 0.044758064516129036
height: 0.02365346252493588
Area: 0.000604551429963504
CentroidX: 0.8793
CentroidY: 0.4598
