Location: Dedata_6.png_Mean-Closing.png
Component: component_1755522877701_149.png
centerX: 0.32903225806451614
centerY: 0.3833000854944429
width: 0.043548387096774194
height: 0.02080364776289541
Area: 0.0006158127947489864
CentroidX: 0.3509
CentroidY: 0.3930
