Location: Dedata_6.png_Mean-Medain.png
Component: component_1755522877596_229.png
centerX: 0.4939516129032258
centerY: 0.5924764890282131
width: 0.04838709677419355
height: 0.0262182958107723
Area: 0.0006749924158155526
CentroidX: 0.5191
CentroidY: 0.6045
