Location: internet_11.png_Mean-Closing.png
Component: component_1755091163775_57.png
centerX: 0.2660217654171705
centerY: 0.210151126318791
width: 0.05078597339782346
height: 0.032506415739948676
Area: 0.0007113084247811167
CentroidX: 0.2910
CentroidY: 0.2245
