Location: internet_11.png_Gaussian-Closing.png
Component: component_1755091164159_9.png
centerX: 0.6307940346634422
centerY: 0.013972055888223553
width: 0.04796453043127771
height: 0.02765896777872826
Area: 0.0005384520875908114
CentroidX: 0.6565
CentroidY: 0.0260
