Location: internet_11.png_Otsu.png
Component: component_1755091163656_120.png
centerX: 0.8814993954050786
centerY: 0.0575990875392073
width: 0.05441354292623942
height: 0.03136583974907328
Area: 0.0007222268769307703
CentroidX: 0.9086
CentroidY: 0.0723
