Location: internet_11.png_Mean-Closing.png
Component: component_1755091163775_56.png
centerX: 0.35268037081821846
centerY: 0.20929569432563444
width: 0.055219669488109635
height: 0.032506415739948676
Area: 0.0007146414259636425
CentroidX: 0.3805
CentroidY: 0.2242
