Location: internet_11.png_Otsu.png
Component: component_1755091163698_1302.png
centerX: 0.4163643692059653
centerY: 0.6903336184773311
width: 0.05401047964530431
height: 0.027088679783290562
Area: 0.0004827105160899483
CentroidX: 0.4420
CentroidY: 0.7013
