Location: Dedata_6.png_Mean-Medain.png
Component: component_1755522877595_225.png
centerX: 0.6286290322580645
centerY: 0.5825021373610715
width: 0.04717741935483871
height: 0.02707324023938444
Area: 0.000702456356465862
CentroidX: 0.6543
CentroidY: 0.5955
