Location: internet_11.png_Gaussian-Median.png
Component: component_1755091164103_331.png
centerX: 0.41676743248690046
centerY: 0.8942115768463074
width: 0.044740024183796856
height: 0.026518391787852865
Area: 0.0005410955023217801
CentroidX: 0.4385
CentroidY: 0.9055
