Location: Kurtxevani_1794_page_10.png_Mean-Medain.png
Component: component_1755610054927_1362.png
centerX: 0.7428404441846873
centerY: 0.3856324371970031
width: 0.023378141437755698
height: 0.011018069634200088
Area: 0.00015712501407041623
CentroidX: 0.7550
CentroidY: 0.3906
