Location: internet_11.png_Otsu.png
Component: component_1755091163667_193.png
centerX: 0.5259975816203144
centerY: 0.21414314228685485
width: 0.04917372027408303
height: 0.027944111776447105
Area: 0.0005536229895250668
CentroidX: 0.5503
CentroidY: 0.2262
