Location: Dedata_6.png_Gaussian-Median.png
Component: component_1755522877820_152.png
centerX: 0.7685483870967742
centerY: 0.36563123396979197
width: 0.04395161290322581
height: 0.024793388429752067
Area: 0.0005927155057501907
CentroidX: 0.7913
CentroidY: 0.3768
