Location: Dedata_6.png_Mean-Closing.png
Component: component_1755522877702_154.png
centerX: 0.018951612903225806
centerY: 0.39726417782844115
width: 0.03870967741935484
height: 0.025078369905956112
Area: 0.0006715450592485682
CentroidX: 0.0388
CentroidY: 0.4088
