Location: internet_11.png_Gaussian-Median.png
Component: component_1755091163980_91.png
centerX: 0.5251914550584442
centerY: 0.2537781579697747
width: 0.051592099959693674
height: 0.029940119760479042
Area: 0.0006176395984446147
CentroidX: 0.5526
CentroidY: 0.2667
