Location: internet_11.png_Otsu.png
Component: component_1755091163653_5.png
centerX: 0.3667875856509472
centerY: 0.01311662389506701
width: 0.05441354292623942
height: 0.02566295979469632
Area: 0.000479492445982682
CentroidX: 0.3974
CentroidY: 0.0246
