Location: Dedata_6.png_Mean-Closing.png
Component: component_1755522877675_30.png
centerX: 0.4959677419354839
centerY: 0.056141350812197205
width: 0.0407258064516129
height: 0.023083499572527786
Area: 0.0005138859522518133
CentroidX: 0.5173
CentroidY: 0.0668
