Location: Dedata_6.png_Otsu.png
Component: component_1755522877216_189.png
centerX: 0.2693548387096774
centerY: 0.34368766030208037
width: 0.04032258064516129
height: 0.022798518096323737
Area: 0.0005611147372195001
CentroidX: 0.2895
CentroidY: 0.3536
