Location: Dedata_6.png_Mean-Medain.png
Component: component_1755522877490_60.png
centerX: 0.2786290322580645
centerY: 0.13194642348247365
width: 0.03951612903225806
height: 0.022513536620119692
Area: 0.00047780362018404285
CentroidX: 0.2996
CentroidY: 0.1423
