Location: Dedata_6.png_Otsu.png
Component: component_1755522877207_132.png
centerX: 0.6600806451612903
centerY: 0.24052436591621545
width: 0.03669354838709677
height: 0.020518666286691366
Area: 0.000379209222368288
CentroidX: 0.6800
CentroidY: 0.2506
