Location: Dedata_6.png_Mean-Closing.png
Component: component_1755522877676_34.png
centerX: 0.739516129032258
centerY: 0.0829296095753776
width: 0.04032258064516129
height: 0.022798518096323737
Area: 0.0004325283372709806
CentroidX: 0.7603
CentroidY: 0.0932
