Location: Dedata_6.png_Otsu.png
Component: component_1755522877245_313.png
centerX: 0.2879032258064516
centerY: 0.7036192647477914
width: 0.05040322580645161
height: 0.028498147620404674
Area: 0.0006764862703279125
CentroidX: 0.3132
CentroidY: 0.7165
