Location: Dedata_6.png_Gaussian-Median.png
Component: component_1755522877791_52.png
centerX: 0.7366935483870968
centerY: 0.11541749786263893
width: 0.03669354838709677
height: 0.01937874038187518
Area: 0.00037817501539819267
CentroidX: 0.7553
CentroidY: 0.1243
