Location: internet_11.png_Gaussian-Closing.png
Component: component_1755091164209_201.png
centerX: 0.6682789197904071
centerY: 0.7453664100370687
width: 0.05562273276904474
height: 0.028514399771884802
Area: 0.0004962723829705706
CentroidX: 0.6954
CentroidY: 0.7569
