Location: Dedata_6.png_Gaussian-Median.png
Component: component_1755522877850_249.png
centerX: 0.28508064516129034
centerY: 0.658307210031348
width: 0.055645161290322584
height: 0.026788258763180393
Area: 0.0007224510245543717
CentroidX: 0.3127
CentroidY: 0.6703
