Location: Dedata_6.png_Mean-Closing.png
Component: component_1755522877695_123.png
centerX: 0.9451612903225807
centerY: 0.3163294385864919
width: 0.04314516129032258
height: 0.02365346252493588
Area: 0.000620868917713897
CentroidX: 0.9668
CentroidY: 0.3275
