Location: Dedata_6.png_Gaussian-Median.png
Component: component_1755522877831_184.png
centerX: 0.7258064516129032
centerY: 0.457110287831291
width: 0.046370967741935484
height: 0.022798518096323737
Area: 0.0006058154607047316
CentroidX: 0.7497
CentroidY: 0.4677
