Location: Dedata_6.png_Otsu.png
Component: component_1755522877236_273.png
centerX: 0.6290322580645161
centerY: 0.5827871188372756
width: 0.0467741935483871
height: 0.026503277286976348
Area: 0.0006275338070767336
CentroidX: 0.6543
CentroidY: 0.5953
