Location: Dedata_6.png_Gaussian-Median.png
Component: component_1755522877795_74.png
centerX: 0.5350806451612903
centerY: 0.15930464519806212
width: 0.034274193548387094
height: 0.021373610715303505
Area: 0.0003611680563344028
CentroidX: 0.5536
CentroidY: 0.1695
