Location: Dedata_6.png_Mean-Medain.png
Component: component_1755522877570_165.png
centerX: 0.7891129032258064
centerY: 0.4115132516386435
width: 0.038306451612903226
height: 0.022228555143915644
Area: 0.0005430735711856149
CentroidX: 0.8090
CentroidY: 0.4215
