Location: Dedata_6.png_Otsu.png
Component: component_1755522877243_304.png
centerX: 0.025
centerY: 0.6702764320319179
width: 0.039112903225806454
height: 0.024508406953548018
Area: 0.0005572077331102511
CentroidX: 0.0436
CentroidY: 0.6818
