Location: Dedata_6.png_Mean-Closing.png
Component: component_1755522877705_164.png
centerX: 0.4032258064516129
centerY: 0.42348247363921343
width: 0.044758064516129036
height: 0.024508406953548018
Area: 0.000673728385074325
CentroidX: 0.4264
CentroidY: 0.4352
