Location: Dedata_6.png_Mean-Medain.png
Component: component_1755522877541_119.png
centerX: 0.6411290322580645
centerY: 0.28127671701339413
width: 0.04314516129032258
height: 0.0219435736677116
Area: 0.0005824883479348036
CentroidX: 0.6627
CentroidY: 0.2919
