Location: Dedata_6.png_Gaussian-Median.png
Component: component_1755522877853_263.png
centerX: 0.3548387096774194
centerY: 0.6982046166999145
width: 0.0467741935483871
height: 0.025933314334568254
Area: 0.0006431618235137297
CentroidX: 0.3788
CentroidY: 0.7105
