Location: Dedata_6.png_Mean-Closing.png
Component: component_1755522877704_163.png
centerX: 0.4693548387096774
centerY: 0.42091764035337703
width: 0.04516129032258064
height: 0.023083499572527786
Area: 0.0006614328133187472
CentroidX: 0.4920
CentroidY: 0.4319
