Location: internet_11.png_Mean-Closing.png
Component: component_1755091163803_198.png
centerX: 0.6682789197904071
centerY: 0.7453664100370687
width: 0.05562273276904474
height: 0.028229255774165955
Area: 0.0005593695432880425
CentroidX: 0.6961
CentroidY: 0.7566
