Location: Dedata_6.png_Mean-Medain.png
Component: component_1755522877569_163.png
centerX: 0.9580645161290322
centerY: 0.40552864063835853
width: 0.0375
height: 0.022513536620119692
Area: 0.0005492788130061868
CentroidX: 0.9773
CentroidY: 0.4155
