Location: internet_11.png_Otsu.png
Component: component_1755091163671_259.png
centerX: 0.2740830310358726
centerY: 0.2999714856002281
width: 0.04796453043127771
height: 0.032506415739948676
Area: 0.0004738608232949659
CentroidX: 0.2983
CentroidY: 0.3149
