Location: Dedata_6.png_Gaussian-Median.png
Component: component_1755522877792_57.png
centerX: 0.4044354838709677
centerY: 0.12966657167284126
width: 0.03508064516129032
height: 0.018523795953263037
Area: 0.00034531021612627436
CentroidX: 0.4229
CentroidY: 0.1388
