Location: Dedata_6.png_Otsu.png
Component: component_1755522877237_277.png
centerX: 0.49435483870967745
centerY: 0.5924764890282131
width: 0.04758064516129032
height: 0.025648332858364205
Area: 0.0006114461430974729
CentroidX: 0.5191
CentroidY: 0.6044
