Location: Dedata_6.png_Otsu.png
Component: component_1755522877192_35.png
centerX: 0.42862903225806454
centerY: 0.05642633228840126
width: 0.04153225806451613
height: 0.02336848104873183
Area: 0.00037357853997554676
CentroidX: 0.4505
CentroidY: 0.0667
