Location: Dedata_1.png_Otsu.png
Component: component_1755524255202_53.png
centerX: 0.11330645161290323
centerY: 0.1744086634368766
width: 0.04395161290322581
height: 0.0347677400968937
Area: 0.0006617775489754456
CentroidX: 0.1392
CentroidY: 0.1920
