Location: Dedata_1.png_Gaussian-Closing.png
Component: component_1755524254647_15.png
centerX: 0.42258064516129035
centerY: 0.03619264747791394
width: 0.028225806451612902
height: 0.0347677400968937
Area: 0.0005574375568813834
CentroidX: 0.4364
CentroidY: 0.0524
