Location: Dedata_1.png_Mean-Medain.png
Component: component_1755524255100_143.png
centerX: 0.9008064516129032
centerY: 0.4072385294955828
width: 0.036290322580645164
height: 0.03562268452550584
Area: 0.0006523547743590215
CentroidX: 0.9169
CentroidY: 0.4261
