Location: Dedata_1.png_Gaussian-Median.png
Component: component_1755524254810_222.png
centerX: 0.16008064516129034
centerY: 0.591336563123397
width: 0.02379032258064516
height: 0.0347677400968937
Area: 0.0004455133803399553
CentroidX: 0.1726
CentroidY: 0.6086
