Location: Dedata_1.png_Gaussian-Closing.png
Component: component_1755524254647_17.png
centerX: 0.21129032258064517
centerY: 0.03875748076375036
width: 0.0467741935483871
height: 0.048446850954687946
Area: 0.0007917428915507589
CentroidX: 0.2368
CentroidY: 0.0628
