Location: Dedata_1.png_Gaussian-Median.png
Component: component_1755524254787_114.png
centerX: 0.7935483870967742
centerY: 0.3066400683955543
width: 0.03185483870967742
height: 0.03761755485893417
Area: 0.0005898427086110371
CentroidX: 0.8086
CentroidY: 0.3267
