Location: Dedata_1.png_Mean-Medain.png
Component: component_1755524255105_170.png
centerX: 0.3616935483870968
centerY: 0.4804787688800228
width: 0.036290322580645164
height: 0.033912795668281565
Area: 0.0006475284751652433
CentroidX: 0.3790
CentroidY: 0.4992
