Location: Dedata_1.png_Otsu.png
Component: component_1755524255209_87.png
centerX: 0.3580645161290323
centerY: 0.2727272727272727
width: 0.028629032258064516
height: 0.034482758620689655
Area: 0.0005538752884288328
CentroidX: 0.3711
CentroidY: 0.2895
