Location: Dedata_1.png_Gaussian-Closing.png
Component: component_1755524254680_172.png
centerX: 0.8540322580645161
centerY: 0.5112567683100598
width: 0.025403225806451612
height: 0.037047591906526074
Area: 0.000434366927440039
CentroidX: 0.8663
CentroidY: 0.5301
