Location: Dedata_1.png_Gaussian-Closing.png
Component: component_1755524254692_228.png
centerX: 0.9520161290322581
centerY: 0.6677115987460815
width: 0.03306451612903226
height: 0.037047591906526074
Area: 0.00043620551760909735
CentroidX: 0.9677
CentroidY: 0.6868
