Location: Dedata_1.png_Mean-Medain.png
Component: component_1755524255085_77.png
centerX: 0.38870967741935486
centerY: 0.2171558848674836
width: 0.039919354838709675
height: 0.03619264747791394
Area: 0.0006885520183123581
CentroidX: 0.4118
CentroidY: 0.2358
