Location: Dedata_1.png_Otsu.png
Component: component_1755524255213_107.png
centerX: 0.317741935483871
centerY: 0.3339982901111428
width: 0.025806451612903226
height: 0.0353377030493018
Area: 0.0004997517903271771
CentroidX: 0.3308
CentroidY: 0.3501
