Location: Dedata_1.png_Gaussian-Closing.png
Component: component_1755524254654_51.png
centerX: 0.5036290322580645
centerY: 0.1573097748646338
width: 0.027419354838709678
height: 0.033912795668281565
Area: 0.0005372130650217413
CentroidX: 0.5171
CentroidY: 0.1734
