Location: Dedata_1.png_Mean-Medain.png
Component: component_1755524255101_151.png
centerX: 0.3987903225806452
centerY: 0.42832715873468225
width: 0.03024193548387097
height: 0.03761755485893417
Area: 0.0006520100387023231
CentroidX: 0.4132
CentroidY: 0.4478
