Location: Dedata_1.png_Otsu.png
Component: component_1755524255244_349.png
centerX: 0.9467741935483871
centerY: 0.6249643773154745
width: 0.03346774193548387
height: 0.027643203191792535
Area: 0.0003501365153200526
CentroidX: 0.9642
CentroidY: 0.6410
