Location: Dedata_1.png_Gaussian-Closing.png
Component: component_1755524254650_30.png
centerX: 0.5096774193548387
centerY: 0.09204901681390709
width: 0.029838709677419355
height: 0.038472499287546306
Area: 0.0006386802599766499
CentroidX: 0.5254
CentroidY: 0.1109
