Location: Dedata_1.png_Mean-Medain.png
Component: component_1755524255047_10.png
centerX: 0.6814516129032258
centerY: 0.028783129096608722
width: 0.03387096774193549
height: 0.03505272157309775
Area: 0.0006205241820571985
CentroidX: 0.6970
CentroidY: 0.0459
