Location: Dedata_1.png_Otsu.png
Component: component_1755524255291_868.png
centerX: 0.8354838709677419
centerY: 0.9603875748076375
width: 0.02338709677419355
height: 0.030777999430037048
Area: 0.00022764044530653894
CentroidX: 0.8487
CentroidY: 0.9767
