Location: Dedata_1.png_Otsu.png
Component: component_1755524255247_369.png
centerX: 0.24516129032258063
centerY: 0.6420632658877173
width: 0.027016129032258064
height: 0.03733257338273012
Area: 0.0002337307752415448
CentroidX: 0.2585
CentroidY: 0.6641
