Location: Dedata_1.png_Mean-Medain.png
Component: component_1755524255092_106.png
centerX: 0.8524193548387097
centerY: 0.30521516101453405
width: 0.031451612903225803
height: 0.03562268452550584
Area: 0.0005612296491050662
CentroidX: 0.8665
CentroidY: 0.3231
