Location: Dedata_1.png_Gaussian-Closing.png
Component: component_1755524254684_193.png
centerX: 0.8995967741935483
centerY: 0.5679680820746651
width: 0.029838709677419355
height: 0.03277286976346538
Area: 0.00041218893352577244
CentroidX: 0.9156
CentroidY: 0.5853
