Location: Dedata_1.png_Gaussian-Median.png
Component: component_1755524254899_327.png
centerX: 0.6806451612903226
centerY: 0.9122257053291536
width: 0.027016129032258064
height: 0.03134796238244514
Area: 0.00036783294569723933
CentroidX: 0.6921
CentroidY: 0.9276
