Location: Dedata_1.png_Gaussian-Median.png
Component: component_1755524254791_131.png
centerX: 0.8439516129032258
centerY: 0.3610715303505272
width: 0.03508064516129032
height: 0.029353092049016812
Area: 0.0004922825177653775
CentroidX: 0.8579
CentroidY: 0.3767
