Location: Dedata_1.png_Mean-Medain.png
Component: component_1755524255120_234.png
centerX: 0.029838709677419355
centerY: 0.6506127101738387
width: 0.029838709677419355
height: 0.034482758620689655
Area: 0.0004533273885584534
CentroidX: 0.0461
CentroidY: 0.6700
