Location: Dedata_1.png_Otsu.png
Component: component_1755524255245_350.png
centerX: 0.6399193548387097
centerY: 0.6252493587916785
width: 0.032661290322580645
height: 0.03875748076375036
Area: 0.0003369216484799456
CentroidX: 0.6578
CentroidY: 0.6482
