Location: Dedata_1.png_Mean-Medain.png
Component: component_1755524255142_338.png
centerX: 0.46088709677419354
centerY: 0.963237389569678
width: 0.02338709677419355
height: 0.03562268452550584
Area: 0.0003468040706386343
CentroidX: 0.4707
CentroidY: 0.9807
