Location: Dedata_1.png_Gaussian-Closing.png
Component: component_1755524254682_180.png
centerX: 0.5318548387096774
centerY: 0.5192362496437731
width: 0.03467741935483871
height: 0.03676261043032203
Area: 0.00047780362018404285
CentroidX: 0.5471
CentroidY: 0.5389
