Location: Dedata_1.png_Otsu.png
Component: component_1755524255217_129.png
centerX: 0.10887096774193548
centerY: 0.3952693074950128
width: 0.034274193548387094
height: 0.03562268452550584
Area: 0.0005909918274666986
CentroidX: 0.1253
CentroidY: 0.4127
