Location: Dedata_1.png_Gaussian-Closing.png
Component: component_1755524254703_276.png
centerX: 0.11814516129032258
centerY: 0.8002279851809633
width: 0.024596774193548387
height: 0.04160729552579082
Area: 0.00039679074085990863
CentroidX: 0.1295
CentroidY: 0.8212
