Location: Dedata_1.png_Otsu.png
Component: component_1755524255211_97.png
centerX: 0.8524193548387097
centerY: 0.3055001424907381
width: 0.031451612903225803
height: 0.0353377030493018
Area: 0.0004948105792478328
CentroidX: 0.8665
CentroidY: 0.3232
