Location: Dedata_1.png_Gaussian-Closing.png
Component: component_1755524254648_19.png
centerX: 0.13830645161290323
centerY: 0.04217725847819892
width: 0.046370967741935484
height: 0.047591906526075804
Area: 0.000810473528898041
CentroidX: 0.1641
CentroidY: 0.0670
