Location: Dedata_1.png_Gaussian-Closing.png
Component: component_1755524254656_58.png
centerX: 0.11290322580645161
centerY: 0.1744086634368766
width: 0.04435483870967742
height: 0.03505272157309775
Area: 0.0006877476351133951
CentroidX: 0.1392
CentroidY: 0.1921
