Location: Dedata_1.png_Gaussian-Median.png
Component: component_1755524254886_310.png
centerX: 0.45645161290322583
centerY: 0.853804502707324
width: 0.022983870967741935
height: 0.03733257338273012
Area: 0.00037909431048272185
CentroidX: 0.4667
CentroidY: 0.8725
