Location: Dedata_1.png_Gaussian-Median.png
Component: component_1755524254839_271.png
centerX: 0.6528225806451613
centerY: 0.7309774864633799
width: 0.02620967741935484
height: 0.03761755485893417
Area: 0.00045033967953373355
CentroidX: 0.6677
CentroidY: 0.7509
