Location: Dedata_1.png_Gaussian-Closing.png
Component: component_1755524254689_215.png
centerX: 0.6395161290322581
centerY: 0.6246793958392705
width: 0.03346774193548387
height: 0.039612425192362494
Area: 0.00047895273903970437
CentroidX: 0.6577
CentroidY: 0.6471
