Location: Dedata_1.png_Gaussian-Closing.png
Component: component_1755524254653_44.png
centerX: 0.8008064516129032
centerY: 0.14220575662581933
width: 0.02903225806451613
height: 0.04075235109717868
Area: 0.0005942093602625506
CentroidX: 0.8152
CentroidY: 0.1623
