Location: Dedata_1.png_Mean-Medain.png
Component: component_1755524255088_90.png
centerX: 0.6508064516129032
centerY: 0.2593331433456825
width: 0.031048387096774193
height: 0.037047591906526074
Area: 0.0006222478603406908
CentroidX: 0.6662
CentroidY: 0.2774
