Location: Dedata_1.png_Mean-Medain.png
Component: component_1755524255137_315.png
centerX: 0.24879032258064515
centerY: 0.9105158164719294
width: 0.027016129032258064
height: 0.036477628954117984
Area: 0.000398629331028967
CentroidX: 0.2615
CentroidY: 0.9300
