Location: Dedata_1.png_Mean-Medain.png
Component: component_1755524255098_137.png
centerX: 0.21693548387096775
centerY: 0.390424622399544
width: 0.03508064516129032
height: 0.030208036477628954
Area: 0.0005295139686888094
CentroidX: 0.2313
CentroidY: 0.4059
