Location: Dedata_1.png_Otsu.png
Component: component_1755524255198_32.png
centerX: 0.22862903225806452
centerY: 0.10230834995725278
width: 0.036290322580645164
height: 0.047591906526075804
Area: 0.0007046396822916188
CentroidX: 0.2480
CentroidY: 0.1276
