Location: Dedata_1.png_Otsu.png
Component: component_1755524255280_731.png
centerX: 0.09838709677419355
centerY: 0.8646337988030778
width: 0.016935483870967744
height: 0.02080364776289541
Area: 0.00010261631381057005
CentroidX: 0.1077
CentroidY: 0.8717
