Location: Dedata_1.png_Otsu.png
Component: component_1755524255243_342.png
centerX: 0.8870967741935484
centerY: 0.6181248218865774
width: 0.034274193548387094
height: 0.037047591906526074
Area: 0.0003789793985971557
CentroidX: 0.9021
CentroidY: 0.6399
