Location: Dedata_1.png_Gaussian-Closing.png
Component: component_1755524254688_212.png
centerX: 0.8866935483870968
centerY: 0.6169848959817612
width: 0.03467741935483871
height: 0.038472499287546306
Area: 0.0004875711304571654
CentroidX: 0.9016
CentroidY: 0.6384
