Location: Dedata_1.png_Otsu.png
Component: component_1755524255225_163.png
centerX: 0.19274193548387097
centerY: 0.4884582502137361
width: 0.03508064516129032
height: 0.0347677400968937
Area: 0.0005730655733183794
CentroidX: 0.2084
CentroidY: 0.5067
