Location: Dedata_1.png_Gaussian-Closing.png
Component: component_1755524254679_166.png
centerX: 0.3064516129032258
centerY: 0.4836135651182673
width: 0.03306451612903226
height: 0.033912795668281565
Area: 0.000571226983149321
CentroidX: 0.3208
CentroidY: 0.5014
