Location: Dedata_1.png_Gaussian-Closing.png
Component: component_1755524254686_201.png
centerX: 0.42016129032258065
centerY: 0.579082359646623
width: 0.024596774193548387
height: 0.038472499287546306
Area: 0.0004445940852554261
CentroidX: 0.4328
CentroidY: 0.5994
