Location: Dedata_1.png_Gaussian-Median.png
Component: component_1755524254807_210.png
centerX: 0.739516129032258
centerY: 0.5699629524080935
width: 0.02620967741935484
height: 0.037047591906526074
Area: 0.00042597835979371016
CentroidX: 0.7521
CentroidY: 0.5893
