Location: Dedata_1.png_Gaussian-Median.png
Component: component_1755524254786_109.png
centerX: 0.018951612903225806
centerY: 0.2980906241094329
width: 0.034274193548387094
height: 0.03277286976346538
Area: 0.0005456016326680701
CentroidX: 0.0341
CentroidY: 0.3142
