Location: Dedata_1.png_Otsu.png
Component: component_1755524255203_59.png
centerX: 0.8092741935483871
centerY: 0.1989170703904246
width: 0.03185483870967742
height: 0.03676261043032203
Area: 0.0005200911940723853
CentroidX: 0.8243
CentroidY: 0.2170
