Location: Dedata_1.png_Gaussian-Closing.png
Component: component_1755524254675_146.png
centerX: 0.3987903225806452
centerY: 0.4286121402108863
width: 0.03024193548387097
height: 0.03733257338273012
Area: 0.0006262697763355059
CentroidX: 0.4131
CentroidY: 0.4479
