Location: Dedata_1.png_Otsu.png
Component: component_1755524255226_166.png
centerX: 0.02903225806451613
centerY: 0.49843260188087773
width: 0.03225806451612903
height: 0.03419777714448561
Area: 0.0005619191204184631
CentroidX: 0.0432
CentroidY: 0.5163
