Location: Dedata_1.png_Gaussian-Median.png
Component: component_1755524254785_101.png
centerX: 0.5564516129032258
centerY: 0.26873753206041606
width: 0.03064516129032258
height: 0.030777999430037048
Area: 0.0004971088169591557
CentroidX: 0.5708
CentroidY: 0.2835
