Location: Dedata_1.png_Mean-Medain.png
Component: component_1755524255072_39.png
centerX: 0.28669354838709676
centerY: 0.0994585351952123
width: 0.03467741935483871
height: 0.045597036192647475
Area: 0.0008007060186249184
CentroidX: 0.3041
CentroidY: 0.1227
