Location: Dedata_1.png_Otsu.png
Component: component_1755524255207_78.png
centerX: 0.7983870967741935
centerY: 0.25135366201196924
width: 0.03669354838709677
height: 0.03875748076375036
Area: 0.000608458434072753
CentroidX: 0.8161
CentroidY: 0.2713
