Location: Dedata_1.png_Mean-Medain.png
Component: component_1755524255089_93.png
centerX: 0.5116935483870968
centerY: 0.2670276432031918
width: 0.028629032258064516
height: 0.0347677400968937
Area: 0.0005467507515237316
CentroidX: 0.5253
CentroidY: 0.2838
