Location: Dedata_1.png_Mean-Medain.png
Component: component_1755524255085_76.png
centerX: 0.3379032258064516
centerY: 0.21630094043887146
width: 0.03306451612903226
height: 0.038472499287546306
Area: 0.0006670634957114884
CentroidX: 0.3543
CentroidY: 0.2355
