Location: Dedata_1.png_Gaussian-Median.png
Component: component_1755524254799_169.png
centerX: 0.8540322580645161
centerY: 0.4599601025933314
width: 0.031048387096774193
height: 0.036477628954117984
Area: 0.0006034023111078425
CentroidX: 0.8685
CentroidY: 0.4793
