Location: Dedata_1.png_Gaussian-Closing.png
Component: component_1755524254663_93.png
centerX: 0.3092741935483871
centerY: 0.2738671986320889
width: 0.027822580645161292
height: 0.036477628954117984
Area: 0.0005404305978175934
CentroidX: 0.3217
CentroidY: 0.2918
