Location: Dedata_1.png_Otsu.png
Component: component_1755524255213_108.png
centerX: 0.26895161290322583
centerY: 0.3377030493017954
width: 0.02258064516129032
height: 0.0347677400968937
Area: 0.0004759650300149845
CentroidX: 0.2807
CentroidY: 0.3544
