Location: Dedata_1.png_Otsu.png
Component: component_1755524255224_155.png
centerX: 0.6286290322580645
centerY: 0.4699344542604731
width: 0.027822580645161292
height: 0.03562268452550584
Area: 0.0005786962557111208
CentroidX: 0.6417
CentroidY: 0.4890
