Location: Dedata_1.png_Mean-Medain.png
Component: component_1755524255142_342.png
centerX: 0.646774193548387
centerY: 0.9683670561413508
width: 0.028629032258064516
height: 0.02536335138216016
Area: 0.0003057805274915195
CentroidX: 0.6601
CentroidY: 0.9812
