Location: Dedata_1.png_Gaussian-Median.png
Component: component_1755524254889_313.png
centerX: 0.1528225806451613
centerY: 0.8592191507552009
width: 0.04314516129032258
height: 0.03676261043032203
Area: 0.0005023947636951985
CentroidX: 0.1748
CentroidY: 0.8801
