Location: Dedata_1.png_Gaussian-Closing.png
Component: component_1755524254685_196.png
centerX: 0.6338709677419355
centerY: 0.5705329153605015
width: 0.025806451612903226
height: 0.039042462239954404
Area: 0.0004166704970628522
CentroidX: 0.6449
CentroidY: 0.5909
