Location: Dedata_1.png_Mean-Medain.png
Component: component_1755524255093_114.png
centerX: 0.4149193548387097
centerY: 0.32516386434881733
width: 0.02661290322580645
height: 0.037047591906526074
Area: 0.0006046663418490701
CentroidX: 0.4279
CentroidY: 0.3434
