Location: Dedata_1.png_Mean-Medain.png
Component: component_1755524255093_113.png
centerX: 0.4685483870967742
centerY: 0.32430891992020516
width: 0.028225806451612902
height: 0.038472499287546306
Area: 0.0006459197087673172
CentroidX: 0.4823
CentroidY: 0.3443
