Location: Dedata_1.png_Mean-Medain.png
Component: component_1755524255044_9.png
centerX: 0.7419354838709677
centerY: 0.027643203191792535
width: 0.027822580645161292
height: 0.03505272157309775
Area: 0.0006220180365695585
CentroidX: 0.7554
CentroidY: 0.0443
