Location: Dedata_1.png_Mean-Medain.png
Component: component_1755524255124_252.png
centerX: 0.9133064516129032
centerY: 0.7244229125106868
width: 0.02258064516129032
height: 0.03733257338273012
Area: 0.0003970205646310409
CentroidX: 0.9235
CentroidY: 0.7434
