Location: Dedata_1.png_Gaussian-Median.png
Component: component_1755524254815_245.png
centerX: 0.029838709677419355
centerY: 0.6506127101738387
width: 0.029838709677419355
height: 0.034482758620689655
Area: 0.00042046258928653507
CentroidX: 0.0462
CentroidY: 0.6701
