Location: Dedata_1.png_Gaussian-Closing.png
Component: component_1755524254661_84.png
centerX: 0.7516129032258064
centerY: 0.2544884582502137
width: 0.027822580645161292
height: 0.03676261043032203
Area: 0.000561804208532897
CentroidX: 0.7663
CentroidY: 0.2725
