Location: Dedata_1.png_Otsu.png
Component: component_1755524255214_115.png
centerX: 0.7919354838709678
centerY: 0.3593616414933029
width: 0.03346774193548387
height: 0.03334283271587347
Area: 0.0005562884380257219
CentroidX: 0.8057
CentroidY: 0.3767
