Location: Dedata_1.png_Mean-Medain.png
Component: component_1755524255091_102.png
centerX: 0.07137096774193548
centerY: 0.29495582787118835
width: 0.03024193548387097
height: 0.032487888287261325
Area: 0.0005677796265823367
CentroidX: 0.0859
CentroidY: 0.3109
