Location: Dedata_1.png_Gaussian-Median.png
Component: component_1755524254838_269.png
centerX: 0.5483870967741935
centerY: 0.7298375605585637
width: 0.03185483870967742
height: 0.039897406668566546
Area: 0.0004598773660357238
CentroidX: 0.5656
CentroidY: 0.7527
