Location: Dedata_1.png_Gaussian-Closing.png
Component: component_1755524254698_254.png
centerX: 0.8685483870967742
centerY: 0.731547449415788
width: 0.021370967741935483
height: 0.032487888287261325
Area: 0.00033807076733560705
CentroidX: 0.8781
CentroidY: 0.7477
