Location: Dedata_1.png_Otsu.png
Component: component_1755524255283_796.png
centerX: 0.7387096774193549
centerY: 0.9068110572812768
width: 0.016935483870967744
height: 0.023083499572527786
Area: 0.00013835391022164203
CentroidX: 0.7483
CentroidY: 0.9150
