Location: Dedata_1.png_Mean-Medain.png
Component: component_1755524255125_257.png
centerX: 0.8165322580645161
centerY: 0.7289826161299515
width: 0.024193548387096774
height: 0.037047591906526074
Area: 0.0004462028516533522
CentroidX: 0.8288
CentroidY: 0.7477
