Location: Dedata_1.png_Otsu.png
Component: component_1755524255221_143.png
centerX: 0.2435483870967742
centerY: 0.4340267882587632
width: 0.031048387096774193
height: 0.037902536335138216
Area: 0.000599150571341895
CentroidX: 0.2574
CentroidY: 0.4536
