Location: Dedata_1.png_Gaussian-Closing.png
Component: component_1755524254707_299.png
centerX: 0.8491935483870968
centerY: 0.9033912795668282
width: 0.03185483870967742
height: 0.034482758620689655
Area: 0.00035243475303137553
CentroidX: 0.8631
CentroidY: 0.9230
