Location: Dedata_1.png_Otsu.png
Component: component_1755524255268_580.png
centerX: 0.6310483870967742
centerY: 0.7916785408948418
width: 0.018951612903225806
height: 0.018238814477058992
Area: 0.00010204175438273932
CentroidX: 0.6414
CentroidY: 0.7976
