Location: Dedata_1.png_Mean-Medain.png
Component: component_1755524255050_14.png
centerX: 0.5741935483870968
centerY: 0.03419777714448561
width: 0.0375
height: 0.03419777714448561
Area: 0.0006475284751652433
CentroidX: 0.5909
CentroidY: 0.0506
