Location: Dedata_1.png_Gaussian-Median.png
Component: component_1755524254799_168.png
centerX: 0.957258064516129
centerY: 0.4562553434026788
width: 0.028225806451612902
height: 0.03676261043032203
Area: 0.000616157530405685
CentroidX: 0.9715
CentroidY: 0.4755
