Location: Dedata_1.png_Otsu.png
Component: component_1755524255286_807.png
centerX: 0.08709677419354839
centerY: 0.9139355941863779
width: 0.01653225806451613
height: 0.024223425477343973
Area: 0.00011261364785482492
CentroidX: 0.0957
CentroidY: 0.9228
