Location: Dedata_1.png_Mean-Medain.png
Component: component_1755524255102_157.png
centerX: 0.07137096774193548
centerY: 0.45397549159304645
width: 0.025
height: 0.029923055001424906
Area: 0.0005064166796900137
CentroidX: 0.0840
CentroidY: 0.4682
