Location: Dedata_1.png_Gaussian-Median.png
Component: component_1755524254795_153.png
centerX: 0.7358870967741935
centerY: 0.4095183813052152
width: 0.034274193548387094
height: 0.03875748076375036
Area: 0.0006282232783901304
CentroidX: 0.7516
CentroidY: 0.4306
