Location: Dedata_1.png_Otsu.png
Component: component_1755524255277_702.png
centerX: 0.5108870967741935
centerY: 0.8492447990880593
width: 0.027419354838709678
height: 0.039042462239954404
Area: 0.00017397659474714788
CentroidX: 0.5243
CentroidY: 0.8730
