Location: Dedata_1.png_Mean-Medain.png
Component: component_1755524255072_41.png
centerX: 0.17903225806451614
centerY: 0.11285266457680251
width: 0.03387096774193549
height: 0.03875748076375036
Area: 0.0007275071475192822
CentroidX: 0.1962
CentroidY: 0.1325
