Location: Dedata_1.png_Mean-Medain.png
Component: component_1755524255097_130.png
centerX: 0.5149193548387097
centerY: 0.3730407523510972
width: 0.03387096774193549
height: 0.03419777714448561
Area: 0.0005816839647358405
CentroidX: 0.5291
CentroidY: 0.3912
