Location: Dedata_1.png_Mean-Medain.png
Component: component_1755524255060_30.png
centerX: 0.7524193548387097
centerY: 0.08406953548019379
width: 0.031048387096774193
height: 0.03619264747791394
Area: 0.0006678678789104515
CentroidX: 0.7677
CentroidY: 0.1012
