Location: Dedata_1.png_Mean-Medain.png
Component: component_1755524255141_334.png
centerX: 0.22419354838709676
centerY: 0.9620974636648618
width: 0.02661290322580645
height: 0.03505272157309775
Area: 0.0003982845953722685
CentroidX: 0.2365
CentroidY: 0.9800
