Location: Dedata_1.png_Gaussian-Median.png
Component: component_1755524254783_95.png
centerX: 0.6995967741935484
centerY: 0.2573382730122542
width: 0.027419354838709678
height: 0.03562268452550584
Area: 0.0005498533724340176
CentroidX: 0.7139
CentroidY: 0.2750
