Location: Dedata_1.png_Gaussian-Median.png
Component: component_1755524254794_147.png
centerX: 0.10846774193548388
centerY: 0.3949843260188088
width: 0.03508064516129032
height: 0.03619264747791394
Area: 0.0006136294689232296
CentroidX: 0.1254
CentroidY: 0.4128
