Location: Dedata_1.png_Otsu.png
Component: component_1755524255196_23.png
centerX: 0.6512096774193549
centerY: 0.08520946138500997
width: 0.03669354838709677
height: 0.03932744371615845
Area: 0.0006001847783119904
CentroidX: 0.6704
CentroidY: 0.1044
