Location: Dedata_1.png_Otsu.png
Component: component_1755524255231_205.png
centerX: 0.31048387096774194
centerY: 0.5292106013109148
width: 0.03669354838709677
height: 0.03277286976346538
Area: 0.0005162991018487024
CentroidX: 0.3263
CentroidY: 0.5475
