Location: Dedata_1.png_Gaussian-Median.png
Component: component_1755524254781_84.png
centerX: 0.2318548387096774
centerY: 0.2231404958677686
width: 0.031048387096774193
height: 0.039612425192362494
Area: 0.0006066198439036946
CentroidX: 0.2485
CentroidY: 0.2427
