Location: Dedata_1.png_Gaussian-Closing.png
Component: component_1755524254658_69.png
centerX: 0.5451612903225806
centerY: 0.21060131091479053
width: 0.038306451612903226
height: 0.037902536335138216
Area: 0.0005947839196903815
CentroidX: 0.5655
CentroidY: 0.2307
