Location: Dedata_1.png_Otsu.png
Component: component_1755524255277_704.png
centerX: 0.3379032258064516
centerY: 0.8503847249928754
width: 0.025403225806451612
height: 0.03875748076375036
Area: 0.0002337307752415448
CentroidX: 0.3528
CentroidY: 0.8719
