Location: Dedata_1.png_Gaussian-Closing.png
Component: component_1755524254647_14.png
centerX: 0.5741935483870968
centerY: 0.034482758620689655
width: 0.0375
height: 0.03362781419207751
Area: 0.0006120207025253036
CentroidX: 0.5910
CentroidY: 0.0507
