Location: Dedata_1.png_Gaussian-Median.png
Component: component_1755524254782_85.png
centerX: 0.18588709677419354
centerY: 0.22656027358221714
width: 0.027822580645161292
height: 0.03676261043032203
Area: 0.0005822585241636713
CentroidX: 0.2006
CentroidY: 0.2444
