Location: Dedata_1.png_Gaussian-Median.png
Component: component_1755524254788_120.png
centerX: 0.4149193548387097
centerY: 0.32516386434881733
width: 0.02620967741935484
height: 0.037047591906526074
Area: 0.0005704225999503581
CentroidX: 0.4279
CentroidY: 0.3435
