Location: Dedata_1.png_Gaussian-Median.png
Component: component_1755524254842_275.png
centerX: 0.3334677419354839
centerY: 0.7446565973211742
width: 0.03387096774193549
height: 0.03419777714448561
Area: 0.0003710504784930915
CentroidX: 0.3466
CentroidY: 0.7636
