Location: Dedata_1.png_Mean-Medain.png
Component: component_1755524255126_262.png
centerX: 0.39153225806451614
centerY: 0.7400968937019093
width: 0.02903225806451613
height: 0.038472499287546306
Area: 0.0004041451015361421
CentroidX: 0.4042
CentroidY: 0.7610
