Location: Dedata_1.png_Mean-Medain.png
Component: component_1755524255129_276.png
centerX: 0.5008064516129033
centerY: 0.7922485038472499
width: 0.03387096774193549
height: 0.03733257338273012
Area: 0.00045252300535949033
CentroidX: 0.5135
CentroidY: 0.8130
