Location: Dedata_1.png_Gaussian-Closing.png
Component: component_1755524254710_314.png
centerX: 0.5137096774193548
centerY: 0.9136506127101739
width: 0.025403225806451612
height: 0.031062980906241093
Area: 0.00032623484312229383
CentroidX: 0.5259
CentroidY: 0.9297
