Location: Dedata_1.png_Mean-Medain.png
Component: component_1755524255074_48.png
centerX: 0.8008064516129032
centerY: 0.14192077514961526
width: 0.02903225806451613
height: 0.04103733257338273
Area: 0.0006259250406788075
CentroidX: 0.8152
CentroidY: 0.1623
