Location: Dedata_1.png_Otsu.png
Component: component_1755524255226_168.png
centerX: 0.9528225806451613
centerY: 0.512396694214876
width: 0.025
height: 0.03334283271587347
Area: 0.0002722262569062043
CentroidX: 0.9629
CentroidY: 0.5302
