Location: Dedata_1.png_Mean-Medain.png
Component: component_1755524255110_193.png
centerX: 0.11330645161290323
centerY: 0.5417497862638928
width: 0.027822580645161292
height: 0.0347677400968937
Area: 0.0005424990117577841
CentroidX: 0.1277
CentroidY: 0.5604
