Location: Dedata_1.png_Gaussian-Median.png
Component: component_1755524254900_329.png
centerX: 0.6221774193548387
centerY: 0.9125106868053576
width: 0.021774193548387097
height: 0.031062980906241093
Area: 0.00030830858897397476
CentroidX: 0.6312
CentroidY: 0.9285
