Location: Dedata_1.png_Otsu.png
Component: component_1755524255227_169.png
centerX: 0.9
centerY: 0.5138216015958963
width: 0.028629032258064516
height: 0.03134796238244514
Area: 0.0002601605089217588
CentroidX: 0.9121
CentroidY: 0.5317
