Location: Dedata_1.png_Gaussian-Median.png
Component: component_1755524254803_189.png
centerX: 0.9524193548387097
centerY: 0.512111712738672
width: 0.02620967741935484
height: 0.03419777714448561
Area: 0.00039414776749188723
CentroidX: 0.9627
CentroidY: 0.5300
