Location: Dedata_1.png_Mean-Medain.png
Component: component_1755524255037_7.png
centerX: 0.7935483870967742
centerY: 0.020518666286691366
width: 0.03508064516129032
height: 0.03875748076375036
Area: 0.000722680848325504
CentroidX: 0.8110
CentroidY: 0.0398
