Location: Dedata_1.png_Gaussian-Closing.png
Component: component_1755524254708_303.png
centerX: 0.9056451612903226
centerY: 0.9065260758050727
width: 0.038306451612903226
height: 0.029923055001424906
Area: 0.0003720846854631868
CentroidX: 0.9201
CentroidY: 0.9232
