Location: Dedata_1.png_Otsu.png
Component: component_1755524255221_146.png
centerX: 0.12137096774193548
centerY: 0.45198062125961813
width: 0.034274193548387094
height: 0.02963807352522086
Area: 0.0005697331286369612
CentroidX: 0.1360
CentroidY: 0.4677
