Location: Dedata_1.png_Gaussian-Closing.png
Component: component_1755524254696_247.png
centerX: 0.7068548387096775
centerY: 0.7275577087489313
width: 0.025
height: 0.04132231404958678
Area: 0.00040793719375982495
CentroidX: 0.7212
CentroidY: 0.7484
