Location: Dedata_1.png_Mean-Medain.png
Component: component_1755524255048_12.png
centerX: 0.5241935483870968
centerY: 0.03163294385864919
width: 0.02943548387096774
height: 0.03761755485893417
Area: 0.0006274188951911674
CentroidX: 0.5387
CentroidY: 0.0494
