Location: Dedata_1.png_Gaussian-Median.png
Component: component_1755524254778_70.png
centerX: 0.9604838709677419
centerY: 0.1963522371045882
width: 0.02379032258064516
height: 0.03505272157309775
Area: 0.0004636694582594067
CentroidX: 0.9719
CentroidY: 0.2131
