Location: Dedata_1.png_Gaussian-Closing.png
Component: component_1755524254696_246.png
centerX: 0.9604838709677419
centerY: 0.7261328013679111
width: 0.027016129032258064
height: 0.03733257338273012
Area: 0.00036346629404572576
CentroidX: 0.9717
CentroidY: 0.7451
