Location: Dedata_1.png_Mean-Medain.png
Component: component_1755524255111_200.png
centerX: 0.6334677419354838
centerY: 0.5705329153605015
width: 0.02661290322580645
height: 0.039042462239954404
Area: 0.0004464326754244845
CentroidX: 0.6449
CentroidY: 0.5907
