Location: Dedata_1.png_Gaussian-Median.png
Component: component_1755524254784_97.png
centerX: 0.6024193548387097
centerY: 0.2638928469649473
width: 0.02620967741935484
height: 0.03362781419207751
Area: 0.0005406604215887257
CentroidX: 0.6155
CentroidY: 0.2802
