Location: Dedata_1.png_Gaussian-Median.png
Component: component_1755524254768_23.png
centerX: 0.21088709677419354
centerY: 0.038472499287546306
width: 0.04717741935483871
height: 0.04873183243089199
Area: 0.0007922025390930235
CentroidX: 0.2368
CentroidY: 0.0628
