Location: Dedata_1.png_Gaussian-Closing.png
Component: component_1755524254662_88.png
centerX: 0.4088709677419355
centerY: 0.26503277286976346
width: 0.031451612903225803
height: 0.038472499287546306
Area: 0.0005942093602625506
CentroidX: 0.4226
CentroidY: 0.2846
