Location: Dedata_1.png_Gaussian-Median.png
Component: component_1755524254801_178.png
centerX: 0.4181451612903226
centerY: 0.4787688800227985
width: 0.03024193548387097
height: 0.03505272157309775
Area: 0.0005374428887928737
CentroidX: 0.4319
CentroidY: 0.4972
