Location: Dedata_1.png_Gaussian-Median.png
Component: component_1755524254801_177.png
centerX: 0.4717741935483871
centerY: 0.47392419492732973
width: 0.031451612903225803
height: 0.037047591906526074
Area: 0.0005781216962832899
CentroidX: 0.4855
CentroidY: 0.4937
