Location: Dedata_1.png_Gaussian-Median.png
Component: component_1755524254821_259.png
centerX: 0.18629032258064515
centerY: 0.6993445426047307
width: 0.03508064516129032
height: 0.03277286976346538
Area: 0.00043091957087305454
CentroidX: 0.1995
CentroidY: 0.7178
