Location: Dedata_1.png_Mean-Medain.png
Component: component_1755524255142_339.png
centerX: 0.6943548387096774
centerY: 0.9643773154744941
width: 0.025403225806451612
height: 0.02821316614420063
Area: 0.00030692964634718097
CentroidX: 0.7071
CentroidY: 0.9777
