Location: Dedata_1.png_Mean-Medain.png
Component: component_1755524255107_177.png
centerX: 0.8540322580645161
centerY: 0.5112567683100598
width: 0.025403225806451612
height: 0.03733257338273012
Area: 0.000451488798389395
CentroidX: 0.8663
CentroidY: 0.5303
