Location: Dedata_1.png_Otsu.png
Component: component_1755524255251_430.png
centerX: 0.24717741935483872
centerY: 0.6956397834140781
width: 0.025
height: 0.03619264747791394
Area: 0.0003551926382849631
CentroidX: 0.2582
CentroidY: 0.7150
