Location: Dedata_1.png_Otsu.png
Component: component_1755524255206_71.png
centerX: 0.18629032258064515
centerY: 0.2268452550584212
width: 0.027419354838709678
height: 0.03619264747791394
Area: 0.0005585866757370448
CentroidX: 0.2006
CentroidY: 0.2443
