Location: Dedata_1.png_Gaussian-Closing.png
Component: component_1755524254712_323.png
centerX: 0.046370967741935484
centerY: 0.9623824451410659
width: 0.028225806451612902
height: 0.0347677400968937
Area: 0.00034668915875306816
CentroidX: 0.0581
CentroidY: 0.9802
