Location: Dedata_1.png_Otsu.png
Component: component_1755524255239_269.png
centerX: 0.4205645161290323
centerY: 0.5802222855514392
width: 0.02379032258064516
height: 0.037047591906526074
Area: 0.0002834876216916868
CentroidX: 0.4330
CentroidY: 0.6004
