Location: Dedata_1.png_Mean-Medain.png
Component: component_1755524255106_175.png
centerX: 0.08266129032258064
centerY: 0.4952978056426332
width: 0.034274193548387094
height: 0.03590766600170989
Area: 0.000666029288741393
CentroidX: 0.0987
CentroidY: 0.5131
