Location: Dedata_1.png_Otsu.png
Component: component_1755524255240_274.png
centerX: 0.36129032258064514
centerY: 0.5836420632658877
width: 0.027016129032258064
height: 0.0347677400968937
Area: 0.00026602101508563236
CentroidX: 0.3738
CentroidY: 0.6021
