Location: Dedata_1.png_Gaussian-Median.png
Component: component_1755524254897_325.png
centerX: 0.3596774193548387
centerY: 0.9108007979481334
width: 0.022983870967741935
height: 0.036477628954117984
Area: 0.000359789113707609
CentroidX: 0.3707
CentroidY: 0.9296
