Location: Dedata_1.png_Otsu.png
Component: component_1755524255211_98.png
centerX: 0.7939516129032258
centerY: 0.30692504987175834
width: 0.031451612903225803
height: 0.037047591906526074
Area: 0.0005652515650998814
CentroidX: 0.8086
CentroidY: 0.3267
