Location: Dedata_1.png_Otsu.png
Component: component_1755524255279_712.png
centerX: 0.6286290322580645
centerY: 0.8549444286121403
width: 0.018145161290322582
height: 0.03134796238244514
Area: 0.00015007492254938914
CentroidX: 0.6382
CentroidY: 0.8679
