Location: Dedata_1.png_Gaussian-Closing.png
Component: component_1755524254650_29.png
centerX: 0.6044354838709678
centerY: 0.09090909090909091
width: 0.03064516129032258
height: 0.03562268452550584
Area: 0.0006162724422912511
CentroidX: 0.6202
CentroidY: 0.1083
