Location: Dedata_1.png_Gaussian-Median.png
Component: component_1755524254782_87.png
centerX: 0.08830645161290322
centerY: 0.2348247363921345
width: 0.034274193548387094
height: 0.0347677400968937
Area: 0.000693148493735004
CentroidX: 0.1046
CentroidY: 0.2514
