Location: Dedata_1.png_Gaussian-Closing.png
Component: component_1755524254653_45.png
centerX: 0.8491935483870968
centerY: 0.1439156454830436
width: 0.03508064516129032
height: 0.0353377030493018
Area: 0.0006094926410428484
CentroidX: 0.8649
CentroidY: 0.1609
