Location: Dedata_1.png_Gaussian-Closing.png
Component: component_1755524254708_305.png
centerX: 0.24879032258064515
centerY: 0.9105158164719294
width: 0.027016129032258064
height: 0.036477628954117984
Area: 0.0003719697735776207
CentroidX: 0.2615
CentroidY: 0.9301
