Location: Dedata_1.png_Mean-Medain.png
Component: component_1755524255052_19.png
centerX: 0.13790322580645162
centerY: 0.04189227700199487
width: 0.0467741935483871
height: 0.0481618694784839
Area: 0.0008642522913429982
CentroidX: 0.1643
CentroidY: 0.0668
