Location: Dedata_1.png_Otsu.png
Component: component_1755524255203_54.png
centerX: 0.06169354838709677
centerY: 0.17839840410373325
width: 0.03508064516129032
height: 0.03305785123966942
Area: 0.0005328464133702277
CentroidX: 0.0808
CentroidY: 0.1939
