Location: Dedata_1.png_Mean-Medain.png
Component: component_1755524255074_46.png
centerX: 0.9044354838709677
centerY: 0.1396409233399829
width: 0.02903225806451613
height: 0.03761755485893417
Area: 0.0006344285202107025
CentroidX: 0.9182
CentroidY: 0.1579
