Location: Dedata_1.png_Otsu.png
Component: component_1755524255246_365.png
centerX: 0.29758064516129035
centerY: 0.6383585066970647
width: 0.02903225806451613
height: 0.0353377030493018
Area: 0.0002503929986486362
CentroidX: 0.3119
CentroidY: 0.6592
