Location: Dedata_1.png_Mean-Medain.png
Component: component_1755524255133_292.png
centerX: 0.5100806451612904
centerY: 0.847534910230835
width: 0.02903225806451613
height: 0.04132231404958678
Area: 0.0004340221917833405
CentroidX: 0.5223
CentroidY: 0.8703
