Location: Dedata_1.png_Otsu.png
Component: component_1755524255246_357.png
centerX: 0.521774193548387
centerY: 0.6292390994585352
width: 0.02903225806451613
height: 0.03676261043032203
Area: 0.0003749574826023405
CentroidX: 0.5349
CentroidY: 0.6499
