Location: Dedata_1.png_Mean-Medain.png
Component: component_1755524255123_248.png
centerX: 0.18588709677419354
centerY: 0.6993445426047307
width: 0.035483870967741936
height: 0.03277286976346538
Area: 0.0004570045688965701
CentroidX: 0.1994
CentroidY: 0.7177
