Location: Dedata_1.png_Mean-Medain.png
Component: component_1755524255100_144.png
centerX: 0.7895161290322581
centerY: 0.40837845540039897
width: 0.03669354838709677
height: 0.036477628954117984
Area: 0.0006786695961536694
CentroidX: 0.8095
CentroidY: 0.4286
