Location: Dedata_1.png_Mean-Medain.png
Component: component_1755524255096_126.png
centerX: 0.6741935483870968
centerY: 0.3622114562553434
width: 0.032661290322580645
height: 0.03562268452550584
Area: 0.000642702175971465
CentroidX: 0.6882
CentroidY: 0.3803
