Location: Dedata_1.png_Gaussian-Closing.png
Component: component_1755524254656_61.png
centerX: 0.9604838709677419
centerY: 0.1963522371045882
width: 0.02379032258064516
height: 0.0347677400968937
Area: 0.00046309489883157595
CentroidX: 0.9719
CentroidY: 0.2130
