Location: Dedata_1.png_Gaussian-Median.png
Component: component_1755524254891_315.png
centerX: 0.09314516129032258
centerY: 0.8640638358506697
width: 0.028225806451612902
height: 0.03505272157309775
Area: 0.0003835758740198016
CentroidX: 0.1071
CentroidY: 0.8821
