Location: Dedata_1.png_Otsu.png
Component: component_1755524255276_696.png
centerX: 0.8689516129032258
centerY: 0.8418352807067541
width: 0.02217741935483871
height: 0.038472499287546306
Area: 0.0002718815212495059
CentroidX: 0.8777
CentroidY: 0.8617
