Location: Dedata_1.png_Mean-Medain.png
Component: component_1755524255136_309.png
centerX: 0.7935483870967742
centerY: 0.9045312054716443
width: 0.03185483870967742
height: 0.03505272157309775
Area: 0.0003894363801836752
CentroidX: 0.8056
CentroidY: 0.9238
