Location: Dedata_1.png_Mean-Medain.png
Component: component_1755524255098_135.png
centerX: 0.3116935483870968
centerY: 0.3835850669706469
width: 0.028629032258064516
height: 0.03134796238244514
Area: 0.0005057272083766168
CentroidX: 0.3256
CentroidY: 0.3984
