Location: Dedata_1.png_Gaussian-Median.png
Component: component_1755524254849_287.png
centerX: 0.5008064516129033
centerY: 0.792533485323454
width: 0.03387096774193549
height: 0.037047591906526074
Area: 0.0004183941753463444
CentroidX: 0.5136
CentroidY: 0.8131
