Location: Dedata_1.png_Otsu.png
Component: component_1755524255197_28.png
centerX: 0.4
centerY: 0.09375890567113138
width: 0.03387096774193549
height: 0.04075235109717868
Area: 0.0006728090899897958
CentroidX: 0.4198
CentroidY: 0.1134
