Location: Dedata_1.png_Otsu.png
Component: component_1755524255292_870.png
centerX: 0.0467741935483871
centerY: 0.9626674266172699
width: 0.027419354838709678
height: 0.03419777714448561
Area: 0.0002500482629919378
CentroidX: 0.0580
CentroidY: 0.9800
