Location: Dedata_1.png_Otsu.png
Component: component_1755524255214_111.png
centerX: 0.11814516129032258
centerY: 0.35024223425477347
width: 0.02903225806451613
height: 0.03419777714448561
Area: 0.0005428437474144826
CentroidX: 0.1325
CentroidY: 0.3660
