Location: Dedata_1.png_Mean-Medain.png
Component: component_1755524255115_210.png
centerX: 0.20241935483870968
centerY: 0.5893416927899686
width: 0.02903225806451613
height: 0.03733257338273012
Area: 0.00047630976567168297
CentroidX: 0.2183
CentroidY: 0.6088
