Location: Dedata_1.png_Otsu.png
Component: component_1755524255252_450.png
centerX: 0.9616935483870968
centerY: 0.7267027643203192
width: 0.021774193548387097
height: 0.03562268452550584
Area: 0.00017409150663271402
CentroidX: 0.9703
CentroidY: 0.7423
