Location: Dedata_1.png_Mean-Medain.png
Component: component_1755524255081_63.png
centerX: 0.06129032258064516
centerY: 0.17811342262752922
width: 0.03588709677419355
height: 0.03362781419207751
Area: 0.000586740087700751
CentroidX: 0.0809
CentroidY: 0.1939
