Location: Dedata_1.png_Gaussian-Closing.png
Component: component_1755524254646_12.png
centerX: 0.6266129032258064
centerY: 0.03134796238244514
width: 0.034274193548387094
height: 0.0347677400968937
Area: 0.0005977716287151012
CentroidX: 0.6430
CentroidY: 0.0478
