Location: Dedata_1.png_Mean-Medain.png
Component: component_1755524255105_171.png
centerX: 0.3064516129032258
centerY: 0.4836135651182673
width: 0.03306451612903226
height: 0.03419777714448561
Area: 0.0005977716287151012
CentroidX: 0.3208
CentroidY: 0.5014
