Location: Dedata_1.png_Gaussian-Median.png
Component: component_1755524254793_145.png
centerX: 0.21693548387096775
centerY: 0.3907096038757481
width: 0.03508064516129032
height: 0.029923055001424906
Area: 0.0005054973846054845
CentroidX: 0.2314
CentroidY: 0.4060
