Location: Dedata_1.png_Gaussian-Median.png
Component: component_1755524254872_301.png
centerX: 0.510483870967742
centerY: 0.847534910230835
width: 0.028629032258064516
height: 0.04132231404958678
Area: 0.00039610126954651173
CentroidX: 0.5223
CentroidY: 0.8705
