Location: Dedata_1.png_Gaussian-Closing.png
Component: component_1755524254646_13.png
centerX: 0.475
centerY: 0.03277286976346538
width: 0.03024193548387097
height: 0.0353377030493018
Area: 0.0005805348458801791
CentroidX: 0.4904
CentroidY: 0.0492
