Location: Dedata_1.png_Mean-Medain.png
Component: component_1755524255110_195.png
centerX: 0.017741935483870968
centerY: 0.5471644343117698
width: 0.031451612903225803
height: 0.03419777714448561
Area: 0.000618570680002574
CentroidX: 0.0333
CentroidY: 0.5653
