Location: Dedata_1.png_Gaussian-Closing.png
Component: component_1755524254690_219.png
centerX: 0.46653225806451615
centerY: 0.6303790253633513
width: 0.027016129032258064
height: 0.037047591906526074
Area: 0.00044999494387703507
CentroidX: 0.4802
CentroidY: 0.6503
