Location: Dedata_1.png_Mean-Medain.png
Component: component_1755524255051_16.png
centerX: 0.3548387096774194
centerY: 0.037902536335138216
width: 0.0467741935483871
height: 0.03932744371615845
Area: 0.0007922025390930235
CentroidX: 0.3786
CentroidY: 0.0587
