Location: Dedata_1.png_Gaussian-Closing.png
Component: component_1755524254700_264.png
centerX: 0.9508064516129032
centerY: 0.7839840410373325
width: 0.03588709677419355
height: 0.040467369620974636
Area: 0.00045884315906562846
CentroidX: 0.9691
CentroidY: 0.8072
