Location: Dedata_1.png_Mean-Medain.png
Component: component_1755524255128_270.png
centerX: 0.8903225806451613
centerY: 0.7836990595611285
width: 0.029838709677419355
height: 0.03676261043032203
Area: 0.00046504840088620045
CentroidX: 0.9032
CentroidY: 0.8032
