Location: Dedata_1.png_Mean-Medain.png
Component: component_1755524255112_203.png
centerX: 0.5774193548387097
centerY: 0.5750926189797663
width: 0.031048387096774193
height: 0.03676261043032203
Area: 0.0004822851837211226
CentroidX: 0.5923
CentroidY: 0.5947
