Location: Dedata_1.png_Gaussian-Median.png
Component: component_1755524254791_130.png
centerX: 0.7919354838709678
centerY: 0.3593616414933029
width: 0.03387096774193549
height: 0.03362781419207751
Area: 0.0005815690528502744
CentroidX: 0.8058
CentroidY: 0.3769
