Location: Dedata_1.png_Mean-Medain.png
Component: component_1755524255084_74.png
centerX: 0.494758064516129
centerY: 0.21288116272442292
width: 0.032661290322580645
height: 0.03818751781134226
Area: 0.000675222239586685
CentroidX: 0.5109
CentroidY: 0.2317
