Location: Dedata_1.png_Otsu.png
Component: component_1755524255212_105.png
centerX: 0.4153225806451613
centerY: 0.32544884582502137
width: 0.025806451612903226
height: 0.036477628954117984
Area: 0.0005474402228371285
CentroidX: 0.4279
CentroidY: 0.3435
