Location: Dedata_1.png_Gaussian-Closing.png
Component: component_1755524254704_282.png
centerX: 0.9661290322580646
centerY: 0.8458250213736107
width: 0.021370967741935483
height: 0.03676261043032203
Area: 0.00035841017108081524
CentroidX: 0.9756
CentroidY: 0.8642
