Location: Dedata_1.png_Gaussian-Closing.png
Component: component_1755524254702_273.png
centerX: 0.17137096774193547
centerY: 0.7985180963237389
width: 0.021370967741935483
height: 0.04132231404958678
Area: 0.0003785197510548911
CentroidX: 0.1818
CentroidY: 0.8192
