Location: Dedata_1.png_Gaussian-Closing.png
Component: component_1755524254660_79.png
centerX: 0.03467741935483871
centerY: 0.2390994585351952
width: 0.027016129032258064
height: 0.031917925334853235
Area: 0.0005557138785978912
CentroidX: 0.0479
CentroidY: 0.2543
