Location: Dedata_1.png_Gaussian-Closing.png
Component: component_1755524254678_164.png
centerX: 0.4181451612903226
centerY: 0.4787688800227985
width: 0.03024193548387097
height: 0.03505272157309775
Area: 0.0005377876244495721
CentroidX: 0.4319
CentroidY: 0.4972
