Location: Dedata_1.png_Gaussian-Closing.png
Component: component_1755524254678_161.png
centerX: 0.5737903225806451
centerY: 0.4713593616414933
width: 0.035483870967741936
height: 0.03505272157309775
Area: 0.0005831778192482005
CentroidX: 0.5889
CentroidY: 0.4907
