Location: Dedata_1.png_Otsu.png
Component: component_1755524255272_626.png
centerX: 0.06975806451612904
centerY: 0.8090624109432887
width: 0.017741935483870968
height: 0.033912795668281565
Area: 0.00014605300655457396
CentroidX: 0.0778
CentroidY: 0.8223
