Location: Dedata_1.png_Gaussian-Closing.png
Component: component_1755524254695_243.png
centerX: 0.01653225806451613
centerY: 0.7050441721288117
width: 0.027822580645161292
height: 0.03277286976346538
Area: 0.00040701789867529577
CentroidX: 0.0312
CentroidY: 0.7231
