Location: Dedata_1.png_Otsu.png
Component: component_1755524255209_89.png
centerX: 0.25806451612903225
centerY: 0.27785693929894556
width: 0.029838709677419355
height: 0.0347677400968937
Area: 0.0005154947186497393
CentroidX: 0.2716
CentroidY: 0.2945
