Location: Dedata_1.png_Gaussian-Median.png
Component: component_1755524254907_340.png
centerX: 0.7403225806451613
centerY: 0.9615275007124537
width: 0.021370967741935483
height: 0.029923055001424906
Area: 0.0003181910111326635
CentroidX: 0.7513
CentroidY: 0.9765
