Location: Dedata_1.png_Otsu.png
Component: component_1755524255204_61.png
centerX: 0.6592741935483871
centerY: 0.20832145910515817
width: 0.028629032258064516
height: 0.03419777714448561
Area: 0.0005236534625249359
CentroidX: 0.6731
CentroidY: 0.2245
