Location: Dedata_1.png_Gaussian-Median.png
Component: component_1755524254928_348.png
centerX: 0.6943548387096774
centerY: 0.9643773154744941
width: 0.025403225806451612
height: 0.02821316614420063
Area: 0.0002848665643184806
CentroidX: 0.7071
CentroidY: 0.9778
