Location: Dedata_1.png_Mean-Medain.png
Component: component_1755524255100_147.png
centerX: 0.6173387096774193
centerY: 0.4157879737817042
width: 0.03870967741935484
height: 0.03818751781134226
Area: 0.0007126835142812492
CentroidX: 0.6359
CentroidY: 0.4369
