Location: Dedata_1.png_Mean-Medain.png
Component: component_1755524255134_296.png
centerX: 0.3370967741935484
centerY: 0.8495297805642633
width: 0.027016129032258064
height: 0.04018238814477059
Area: 0.0004806764173231966
CentroidX: 0.3525
CentroidY: 0.8703
