Location: Dedata_1.png_Mean-Medain.png
Component: component_1755524255099_139.png
centerX: 0.10846774193548388
centerY: 0.3949843260188088
width: 0.03508064516129032
height: 0.03619264747791394
Area: 0.0006460346206528833
CentroidX: 0.1253
CentroidY: 0.4128
