Location: Dedata_1.png_Otsu.png
Component: component_1755524255197_24.png
centerX: 0.7004032258064516
centerY: 0.08520946138500997
width: 0.036290322580645164
height: 0.037902536335138216
Area: 0.0006524696862445877
CentroidX: 0.7195
CentroidY: 0.1032
