Location: Dedata_1.png_Otsu.png
Component: component_1755524255204_63.png
centerX: 0.6012096774193548
centerY: 0.2097463664861784
width: 0.03790322580645161
height: 0.03562268452550584
Area: 0.0005567480855679864
CentroidX: 0.6209
CentroidY: 0.2291
