Location: Dedata_1.png_Otsu.png
Component: component_1755524255262_490.png
centerX: 0.22338709677419355
centerY: 0.7512111712738672
width: 0.025806451612903226
height: 0.03305785123966942
Area: 0.00019086864192537163
CentroidX: 0.2331
CentroidY: 0.7667
