Location: 2025-04-16_191433-1.png_Mean-Medain.png
Component: component_1744836090272_659.png
centerX: 0.8828032979976443
centerY: 0.9452289259734703
width: 0.026501766784452298
height: 0.022250748823277707
Area: 0.0002925740620619894
CentroidX: 0.8946
CentroidY: 0.9572
