Location: 2025-04-16_191458-1.png_Gaussian-Closing.png
Component: component_1744836089220_79.png
centerX: 0.30153121319199055
centerY: 0.10997004706889174
width: 0.02767962308598351
height: 0.025246041934103552
Area: 0.00030391414198687274
CentroidX: 0.3143
CentroidY: 0.1227
