Location: 2025-04-16_191458-1.png_Gaussian-Closing.png
Component: component_1744836089452_415.png
centerX: 0.85924617196702
centerY: 0.55198973042362
width: 0.039458186101295645
height: 0.024818142918271287
Area: 0.000385310715669924
CentroidX: 0.8776
CentroidY: 0.5644
