Location: 2025-04-16_191458-1.png_Mean-Closing.png
Component: component_1744836089920_416.png
centerX: 0.12249705535924617
centerY: 0.519469405220368
width: 0.028857479387514724
height: 0.019683354728284124
Area: 0.0002366296677658984
CentroidX: 0.1350
CentroidY: 0.5300
