Location: 2025-04-16_191433-1.png_Gaussian-Median.png
Component: component_1744836089163_637.png
centerX: 0.04299175500588928
centerY: 0.9020111253744116
width: 0.032391048292108364
height: 0.022250748823277707
Area: 0.00030693816330017496
CentroidX: 0.0575
CentroidY: 0.9145
