Location: 2025-04-16_191433-1.png_Gaussian-Median.png
Component: component_1744836089073_76.png
centerX: 0.5424028268551236
centerY: 0.09884467265725289
width: 0.02767962308598351
height: 0.019683354728284124
Area: 0.00023536965888535584
CentroidX: 0.5553
CentroidY: 0.1090
