Location: 2025-04-16_191433-1.png_Gaussian-Median.png
Component: component_1744836089069_55.png
centerX: 0.9028268551236749
centerY: 0.06632434745400086
width: 0.03356890459363958
height: 0.020967051775780916
Area: 0.000294338074494749
CentroidX: 0.9179
CentroidY: 0.0770
