Location: 2025-04-16_191458-1.png_Mean-Closing.png
Component: component_1744836089918_411.png
centerX: 0.5058892815076561
centerY: 0.5169020111253744
width: 0.02591283863368669
height: 0.02011125374411639
Area: 0.0002630898542572928
CentroidX: 0.5178
CentroidY: 0.5279
