Location: 2025-04-16_191458-1.png_Gaussian-Closing.png
Component: component_1744836089345_279.png
centerX: 0.9611307420494699
centerY: 0.376551133932392
width: 0.027090694935217905
height: 0.021822849807445442
Area: 0.00024494572637747953
CentroidX: 0.9746
CentroidY: 0.3870
