Location: 2025-04-16_191433-1.png_Gaussian-Median.png
Component: component_1744836089109_295.png
centerX: 0.07656065959952886
centerY: 0.42148053059477963
width: 0.026501766784452298
height: 0.020967051775780916
Area: 0.0001862293125441948
CentroidX: 0.0885
CentroidY: 0.4328
