Location: 2025-04-16_191433-1.png_Gaussian-Median.png
Component: component_1744836089150_550.png
centerX: 0.6925795053003534
centerY: 0.7543859649122807
width: 0.030035335689045935
height: 0.021822849807445442
Area: 0.0003238222822994456
CentroidX: 0.7059
CentroidY: 0.7657
