Location: 2025-04-16_191433-1.png_Gaussian-Median.png
Component: component_1744836089119_360.png
centerX: 0.4040047114252061
centerY: 0.49978605049208386
width: 0.028857479387514724
height: 0.02011125374411639
Area: 0.00021294150081169772
CentroidX: 0.4174
CentroidY: 0.5108
