Location: 2025-04-16_191458-1.png_Mean-Closing.png
Component: component_1744836089645_118.png
centerX: 0.5759717314487632
centerY: 0.14762516046213095
width: 0.02767962308598351
height: 0.0235344458707745
Area: 0.0003018981277780046
CentroidX: 0.5893
CentroidY: 0.1588
