Location: 2025-04-16_191458-1.png_Mean-Closing.png
Component: component_1744836089789_276.png
centerX: 0.8392226148409894
centerY: 0.33975181857081727
width: 0.02237926972909305
height: 0.02139495079161318
Area: 0.00021445351146834882
CentroidX: 0.8500
CentroidY: 0.3501
