Location: 2025-04-16_191433-1.png_Mean-Medain.png
Component: component_1744836090208_447.png
centerX: 0.9093050647820966
centerY: 0.5840821566110398
width: 0.02944640753828033
height: 0.02011125374411639
Area: 0.00023032962336318546
CentroidX: 0.9229
CentroidY: 0.5941
