Location: 2025-04-16_191433-1.png_Gaussian-Median.png
Component: component_1744836089059_11.png
centerX: 0.20082449941107186
centerY: 0.026529738981600343
width: 0.032391048292108364
height: 0.02053915275994865
Area: 0.00026384585958561836
CentroidX: 0.2158
CentroidY: 0.0366
