Location: 2025-04-16_191458-1.png_Mean-Closing.png
Component: component_1744836089635_73.png
centerX: 0.3621908127208481
centerY: 0.07103123662815576
width: 0.02591283863368669
height: 0.024390243902439025
Area: 0.0003049221490913068
CentroidX: 0.3747
CentroidY: 0.0831
