Location: 2025-04-16_191458-1.png_Gaussian-Closing.png
Component: component_1744836089248_220.png
centerX: 0.05712603062426384
centerY: 0.2819854514334617
width: 0.024146054181389872
height: 0.01540436456996149
Area: 0.00018244928590256703
CentroidX: 0.0684
CentroidY: 0.2902
