Location: 2025-04-16_191433-1.png_Gaussian-Median.png
Component: component_1744836089079_117.png
centerX: 0.7497055359246172
centerY: 0.1690201112537441
width: 0.027090694935217905
height: 0.02139495079161318
Area: 0.00021495751502056588
CentroidX: 0.7619
CentroidY: 0.1794
