Location: 2025-04-16_191458-1.png_Mean-Closing.png
Component: component_1744836089983_550.png
centerX: 0.16431095406360424
centerY: 0.7458279845956355
width: 0.032391048292108364
height: 0.023106546854942234
Area: 0.000321554266314469
CentroidX: 0.1804
CentroidY: 0.7576
