Location: 2025-04-16_191433-1.png_Gaussian-Median.png
Component: component_1744836089141_507.png
centerX: 0.8510011778563016
centerY: 0.7107402652973898
width: 0.03180212014134275
height: 0.0235344458707745
Area: 0.00035708651674577004
CentroidX: 0.8662
CentroidY: 0.7226
