Location: 2025-04-16_191458-1.png_Mean-Closing.png
Component: component_1744836089913_398.png
centerX: 0.7555948174322733
centerY: 0.513050919982884
width: 0.02767962308598351
height: 0.0235344458707745
Area: 0.00030391414198687274
CentroidX: 0.7687
CentroidY: 0.5250
