Location: 2025-04-16_191433-1.png_Mean-Medain.png
Component: component_1744836090121_75.png
centerX: 0.8197879858657244
centerY: 0.0658964484381686
width: 0.03121319199057715
height: 0.02053915275994865
Area: 0.0002701459039883313
CentroidX: 0.8339
CentroidY: 0.0766
