Location: 2025-04-16_191458-1.png_Mean-Closing.png
Component: component_1744836089792_288.png
centerX: 0.46113074204946997
centerY: 0.3427471116816431
width: 0.024146054181389872
height: 0.018399657680787333
Area: 0.00020336543331957404
CentroidX: 0.4724
CentroidY: 0.3519
