Location: 2025-04-16_191458-1.png_Gaussian-Closing.png
Component: component_1744836089446_391.png
centerX: 0.6678445229681979
centerY: 0.5151904150620453
width: 0.030035335689045935
height: 0.021822849807445442
Area: 0.00031122219349401974
CentroidX: 0.6815
CentroidY: 0.5269
