Location: 2025-04-16_191458-1.png_Mean-Closing.png
Component: component_1744836089991_575.png
centerX: 0.5706713780918727
centerY: 0.7847667950363714
width: 0.03297997644287397
height: 0.023106546854942234
Area: 0.0003187822467772753
CentroidX: 0.5857
CentroidY: 0.7969
