Location: 2025-04-16_191458-1.png_Mean-Closing.png
Component: component_1744836089990_566.png
centerX: 0.16666666666666666
centerY: 0.7830551989730423
width: 0.030624263839811542
height: 0.021822849807445442
Area: 0.0002885420336442531
CentroidX: 0.1808
CentroidY: 0.7945
