Location: 2025-04-16_191433-1.png_Gaussian-Median.png
Component: component_1744836089139_490.png
centerX: 0.508833922261484
centerY: 0.6679503637141635
width: 0.030624263839811542
height: 0.021822849807445442
Area: 0.0003318863391349182
CentroidX: 0.5227
CentroidY: 0.6798
