Location: 2025-04-16_191433-1.png_Gaussian-Median.png
Component: component_1744836089123_387.png
centerX: 0.41519434628975266
centerY: 0.5395806589644844
width: 0.02767962308598351
height: 0.022250748823277707
Area: 0.00024141770151196027
CentroidX: 0.4291
CentroidY: 0.5500
