Location: 2025-04-16_191433-1.png_Gaussian-Median.png
Component: component_1744836089066_43.png
centerX: 0.40694935217903416
centerY: 0.06332905434317501
width: 0.02767962308598351
height: 0.020967051775780916
Area: 0.0002603178347200991
CentroidX: 0.4207
CentroidY: 0.0738
