Location: 2025-04-16_191433-1.png_Gaussian-Median.png
Component: component_1744836089061_20.png
centerX: 0.5588928150765606
centerY: 0.03123662815575524
width: 0.02944640753828033
height: 0.02139495079161318
Area: 0.00024696174058634764
CentroidX: 0.5726
CentroidY: 0.0418
