Location: 2025-04-16_191433-1.png_Mean-Medain.png
Component: component_1744836090275_673.png
centerX: 0.5223792697290931
centerY: 0.9721865639709029
width: 0.04004711425206125
height: 0.021822849807445442
Area: 0.0004359630726677362
CentroidX: 0.5412
CentroidY: 0.9837
