Location: 2025-04-16_191458-1.png_Mean-Closing.png
Component: component_1744836089790_278.png
centerX: 0.9305064782096584
centerY: 0.33975181857081727
width: 0.02237926972909305
height: 0.02139495079161318
Area: 0.00021016948127450401
CentroidX: 0.9409
CentroidY: 0.3496
