Location: 2025-04-16_191433-1.png_Mean-Medain.png
Component: component_1744836090263_617.png
centerX: 0.16548881036513546
centerY: 0.9015832263585793
width: 0.02767962308598351
height: 0.02396234488660676
Area: 0.00032810631249329046
CentroidX: 0.1792
CentroidY: 0.9131
