Location: 2025-04-16_191458-1.png_Gaussian-Closing.png
Component: component_1744836089418_354.png
centerX: 0.7455830388692579
centerY: 0.47881899871630296
width: 0.024146054181389872
height: 0.02053915275994865
Area: 0.0001862293125441948
CentroidX: 0.7559
CentroidY: 0.4896
