Location: 2025-04-16_191458-1.png_Mean-Closing.png
Component: component_1744836089883_341.png
centerX: 0.1336866902237927
centerY: 0.4150620453572957
width: 0.02767962308598351
height: 0.017115960633290545
Area: 0.00019706538891686108
CentroidX: 0.1463
CentroidY: 0.4234
