Location: 2025-04-16_191458-1.png_Gaussian-Closing.png
Component: component_1744836089581_673.png
centerX: 0.4010600706713781
centerY: 0.9700470688917415
width: 0.030035335689045935
height: 0.023106546854942234
Area: 0.00032483028940387973
CentroidX: 0.4162
CentroidY: 0.9807
