Location: 2025-04-16_191458-1.png_Mean-Closing.png
Component: component_1744836089900_372.png
centerX: 0.7773851590106007
centerY: 0.47881899871630296
width: 0.021790341578327443
height: 0.02053915275994865
Area: 0.0001779132539326137
CentroidX: 0.7868
CentroidY: 0.4896
