Location: 2025-04-16_191458-1.png_Gaussian-Closing.png
Component: component_1744836089398_302.png
centerX: 0.7232037691401649
centerY: 0.40907145913564397
width: 0.023557126030624265
height: 0.02139495079161318
Area: 0.00020638945463287626
CentroidX: 0.7340
CentroidY: 0.4191
