Location: 2025-04-16_191433-1.png_Gaussian-Median.png
Component: component_1744836089108_286.png
centerX: 0.7614840989399293
centerY: 0.3893881044073599
width: 0.02120141342756184
height: 0.019683354728284124
Area: 0.0001791732628131563
CentroidX: 0.7710
CentroidY: 0.3998
