Location: 2025-04-16_191458-1.png_Mean-Closing.png
Component: component_1744836089995_590.png
centerX: 0.048292108362779744
centerY: 0.8224219084296106
width: 0.02767962308598351
height: 0.02139495079161318
Area: 0.0002421737068402858
CentroidX: 0.0600
CentroidY: 0.8340
