Location: 2025-04-16_191433-1.png_Gaussian-Median.png
Component: component_1744836089093_199.png
centerX: 0.5942285041224971
centerY: 0.2798459563543004
width: 0.023557126030624265
height: 0.02011125374411639
Area: 0.00018018126991759038
CentroidX: 0.6048
CentroidY: 0.2894
