Location: 2025-04-16_191458-1.png_Mean-Closing.png
Component: component_1744836090081_698.png
centerX: 0.045936395759717315
centerY: 0.9734702610183996
width: 0.0353356890459364
height: 0.024818142918271287
Area: 0.0003218062680905775
CentroidX: 0.0629
CentroidY: 0.9855
