Location: 2025-04-16_191458-1.png_Mean-Closing.png
Component: component_1744836089634_67.png
centerX: 0.7202591283863369
centerY: 0.06803594351732992
width: 0.026501766784452298
height: 0.021822849807445442
Area: 0.00030290613488243864
CentroidX: 0.7332
CentroidY: 0.0783
