Location: 2025-04-16_191433-1.png_Gaussian-Median.png
Component: component_1744836089147_533.png
centerX: 0.35217903415783275
centerY: 0.7518185708172871
width: 0.030035335689045935
height: 0.022250748823277707
Area: 0.0003374303782093056
CentroidX: 0.3662
CentroidY: 0.7637
