Location: 2025-04-16_191433-1.png_Gaussian-Median.png
Component: component_1744836089075_93.png
centerX: 0.5394581861012956
centerY: 0.13136499786050493
width: 0.024734982332155476
height: 0.02053915275994865
Area: 0.00020890947239396142
CentroidX: 0.5504
CentroidY: 0.1418
