Location: 2025-04-16_191458-1.png_Mean-Closing.png
Component: component_1744836089653_129.png
centerX: 0.8510011778563016
centerY: 0.14890885750962773
width: 0.024146054181389872
height: 0.023106546854942234
Area: 0.0002731699253016335
CentroidX: 0.8630
CentroidY: 0.1600
