Location: 2025-04-16_191433-1.png_Mean-Medain.png
Component: component_1744836090130_132.png
centerX: 0.8698468786808009
centerY: 0.1317928968763372
width: 0.02767962308598351
height: 0.020967051775780916
Area: 0.00022176156297549585
CentroidX: 0.8820
CentroidY: 0.1428
