Location: 2025-04-16_191433-1.png_Mean-Medain.png
Component: component_1744836090223_512.png
centerX: 0.8056537102473498
centerY: 0.7103123662815576
width: 0.03356890459363958
height: 0.024390243902439025
Area: 0.00038934274408766034
CentroidX: 0.8221
CentroidY: 0.7224
