Location: 2025-04-16_191458-1.png_Mean-Closing.png
Component: component_1744836089882_339.png
centerX: 0.05535924617196702
centerY: 0.4154899443731279
width: 0.028857479387514724
height: 0.016260162601626018
Area: 0.0002142015096922403
CentroidX: 0.0684
CentroidY: 0.4244
