Location: 2025-04-16_191433-1.png_Gaussian-Median.png
Component: component_1744836089153_573.png
centerX: 0.6631330977620731
centerY: 0.79204107830552
width: 0.028857479387514724
height: 0.021822849807445442
Area: 0.0003235702805233371
CentroidX: 0.6764
CentroidY: 0.8039
