Location: 2025-04-16_191458-1.png_Gaussian-Closing.png
Component: component_1744836089535_564.png
centerX: 0.8457008244994111
centerY: 0.7851946940522037
width: 0.028857479387514724
height: 0.022250748823277707
Area: 0.00029887410646470237
CentroidX: 0.8596
CentroidY: 0.7963
