Location: 2025-04-16_191433-1.png_Mean-Medain.png
Component: component_1744836090125_101.png
centerX: 0.9051825677267373
centerY: 0.0975609756097561
width: 0.027090694935217905
height: 0.02053915275994865
Area: 0.00023990569085530916
CentroidX: 0.9179
CentroidY: 0.1074
