Location: 2025-04-16_191458-1.png_Mean-Closing.png
Component: component_1744836089880_332.png
centerX: 0.31802120141342755
centerY: 0.4116388532306376
width: 0.023557126030624265
height: 0.02053915275994865
Area: 0.00020638945463287626
CentroidX: 0.3285
CentroidY: 0.4214
