Location: 2025-04-16_191433-1.png_Mean-Medain.png
Component: component_1744836090197_410.png
centerX: 0.3133097762073027
centerY: 0.5378690629011553
width: 0.02237926972909305
height: 0.023106546854942234
Area: 0.000202861429767357
CentroidX: 0.3235
CentroidY: 0.5490
