Location: 2025-04-16_191433-1.png_Gaussian-Median.png
Component: component_1744836089127_411.png
centerX: 0.2856301531213192
centerY: 0.5806589644843817
width: 0.026501766784452298
height: 0.02139495079161318
Area: 0.0002073974617373103
CentroidX: 0.2979
CentroidY: 0.5914
