Location: 2025-04-16_191458-1.png_Mean-Closing.png
Component: component_1744836089652_126.png
centerX: 0.6796230859835101
centerY: 0.14890885750962773
width: 0.024734982332155476
height: 0.02139495079161318
Area: 0.0002731699253016335
CentroidX: 0.6913
CentroidY: 0.1594
