Location: 2025-04-16_191458-1.png_Gaussian-Closing.png
Component: component_1744836089231_139.png
centerX: 0.5453474676089517
centerY: 0.18057338468121523
width: 0.028857479387514724
height: 0.02011125374411639
Area: 0.00030139412422578756
CentroidX: 0.5588
CentroidY: 0.1911
