Location: 2025-04-16_191458-1.png_Mean-Closing.png
Component: component_1744836089688_203.png
centerX: 0.5223792697290931
centerY: 0.24518613607188702
width: 0.02591283863368669
height: 0.02053915275994865
Area: 0.00024519772815358805
CentroidX: 0.5340
CentroidY: 0.2560
