Location: 2025-04-16_191433-1.png_Mean-Medain.png
Component: component_1744836090203_435.png
centerX: 0.10836277974087162
centerY: 0.5806589644843817
width: 0.025323910482921083
height: 0.02011125374411639
Area: 0.00019782139424518664
CentroidX: 0.1206
CentroidY: 0.5899
