Location: 2025-04-16_191458-1.png_Mean-Closing.png
Component: component_1744836089959_496.png
centerX: 0.8951707891637221
centerY: 0.6675224646983312
width: 0.027090694935217905
height: 0.02267864783910997
Area: 0.0002978660993602683
CentroidX: 0.9081
CentroidY: 0.6783
