Location: 2025-04-16_191458-1.png_Gaussian-Closing.png
Component: component_1744836089510_532.png
centerX: 0.8351001177856302
centerY: 0.7445442875481386
width: 0.030624263839811542
height: 0.024390243902439025
Area: 0.0003127342041506709
CentroidX: 0.8492
CentroidY: 0.7567
