Location: 2025-04-16_191458-1.png_Gaussian-Closing.png
Component: component_1744836089225_103.png
centerX: 0.6419316843345112
centerY: 0.14762516046213095
width: 0.02591283863368669
height: 0.019683354728284124
Area: 0.00028224198924154016
CentroidX: 0.6541
CentroidY: 0.1576
