Location: 2025-04-16_191433-1.png_Gaussian-Median.png
Component: component_1744836089181_688.png
centerX: 0.856301531213192
centerY: 0.9717586649550706
width: 0.028857479387514724
height: 0.023106546854942234
Area: 0.0003386903870898482
CentroidX: 0.8703
CentroidY: 0.9825
