Location: 2025-04-16_191458-1.png_Mean-Closing.png
Component: component_1744836089694_211.png
centerX: 0.15783274440518258
centerY: 0.25203252032520324
width: 0.02767962308598351
height: 0.02011125374411639
Area: 0.00022150956119938733
CentroidX: 0.1705
CentroidY: 0.2624
