Location: 2025-04-16_191458-1.png_Mean-Closing.png
Component: component_1744836089628_39.png
centerX: 0.31625441696113077
centerY: 0.037227214377406934
width: 0.028857479387514724
height: 0.02738553701326487
Area: 0.00032231027164279454
CentroidX: 0.3293
CentroidY: 0.0515
