Location: 2025-04-16_191458-1.png_Mean-Closing.png
Component: component_1744836089642_109.png
centerX: 0.19434628975265017
centerY: 0.14634146341463414
width: 0.024146054181389872
height: 0.023106546854942234
Area: 0.0002880380300920361
CentroidX: 0.2062
CentroidY: 0.1572
