Location: 2025-04-16_191433-1.png_Gaussian-Median.png
Component: component_1744836089139_495.png
centerX: 0.4658421672555948
centerY: 0.6700898587933247
width: 0.02767962308598351
height: 0.02053915275994865
Area: 0.00030845017395682604
CentroidX: 0.4791
CentroidY: 0.6809
