Location: 2025-04-16_191433-1.png_Gaussian-Median.png
Component: component_1744836089074_83.png
centerX: 0.09540636042402827
centerY: 0.13008130081300814
width: 0.02591283863368669
height: 0.02053915275994865
Area: 0.00022050155409495325
CentroidX: 0.1076
CentroidY: 0.1407
