Location: 2025-04-16_191458-1.png_Mean-Closing.png
Component: component_1744836089695_217.png
centerX: 0.8551236749116607
centerY: 0.27086007702182285
width: 0.02591283863368669
height: 0.020967051775780916
Area: 0.00023108562869151103
CentroidX: 0.8670
CentroidY: 0.2822
