Location: 2025-04-16_191458-1.png_Mean-Closing.png
Component: component_1744836090080_697.png
centerX: 0.9522968197879859
centerY: 0.9726144629867352
width: 0.028857479387514724
height: 0.024390243902439025
Area: 0.0003102141863895857
CentroidX: 0.9665
CentroidY: 0.9833
