Location: 2025-04-16_191433-1.png_Mean-Medain.png
Component: component_1744836090216_480.png
centerX: 0.8109540636042403
centerY: 0.6277278562259306
width: 0.030624263839811542
height: 0.022250748823277707
Area: 0.00034171440840315045
CentroidX: 0.8249
CentroidY: 0.6391
