Location: 2025-04-16_191433-1.png_Gaussian-Median.png
Component: component_1744836089148_543.png
centerX: 0.1772673733804476
centerY: 0.753102267864784
width: 0.03121319199057715
height: 0.019683354728284124
Area: 0.00031122219349401974
CentroidX: 0.1914
CentroidY: 0.7635
