Location: 2025-04-16_191433-1.png_Gaussian-Median.png
Component: component_1744836089067_45.png
centerX: 0.48586572438162545
centerY: 0.06332905434317501
width: 0.028857479387514724
height: 0.02139495079161318
Area: 0.0002590578258395565
CentroidX: 0.4989
CentroidY: 0.0745
