Location: 2025-04-16_191433-1.png_Gaussian-Median.png
Component: component_1744836089105_273.png
centerX: 0.20789163722025913
centerY: 0.386392811296534
width: 0.024146054181389872
height: 0.019255455712451863
Area: 0.0002016014208868144
CentroidX: 0.2189
CentroidY: 0.3964
