Location: 2025-04-16_191458-1.png_Mean-Closing.png
Component: component_1744836089968_534.png
centerX: 0.048292108362779744
centerY: 0.7124518613607189
width: 0.03297997644287397
height: 0.023106546854942234
Area: 0.0002898020425247957
CentroidX: 0.0636
CentroidY: 0.7250
