Location: 2025-04-16_191458-1.png_Mean-Closing.png
Component: component_1744836090029_654.png
centerX: 0.12661955241460543
centerY: 0.9370988446726572
width: 0.028268551236749116
height: 0.022250748823277707
Area: 0.0002857700141070594
CentroidX: 0.1394
CentroidY: 0.9487
