Location: 2025-04-16_191433-1.png_Gaussian-Median.png
Component: component_1744836089062_28.png
centerX: 0.8916372202591284
centerY: 0.032520325203252036
width: 0.02591283863368669
height: 0.02011125374411639
Area: 0.0002419217050641773
CentroidX: 0.9036
CentroidY: 0.0427
