Location: 2025-04-16_191433-1.png_Gaussian-Median.png
Component: component_1744836089091_186.png
centerX: 0.07773851590106007
centerY: 0.27471116816431324
width: 0.025323910482921083
height: 0.019683354728284124
Area: 0.00016707717755994744
CentroidX: 0.0891
CentroidY: 0.2848
