Location: 2025-04-16_191458-1.png_Mean-Closing.png
Component: component_1744836089860_310.png
centerX: 0.5771495877502945
centerY: 0.37911852802738555
width: 0.02591283863368669
height: 0.019255455712451863
Area: 0.00019958540667794626
CentroidX: 0.5889
CentroidY: 0.3895
