Location: 2025-04-16_191458-1.png_Mean-Closing.png
Component: component_1744836089792_284.png
centerX: 0.3050647820965842
centerY: 0.3418913136499786
width: 0.02767962308598351
height: 0.019255455712451863
Area: 0.0002381416784225495
CentroidX: 0.3171
CentroidY: 0.3519
