Location: 2025-04-16_191433-1.png_Gaussian-Median.png
Component: component_1744836089107_284.png
centerX: 0.7232037691401649
centerY: 0.3889602053915276
width: 0.02061248527679623
height: 0.019683354728284124
Area: 0.0001832052912308926
CentroidX: 0.7328
CentroidY: 0.3987
