Location: 2025-04-16_191433-1.png_Mean-Medain.png
Component: component_1744836090125_104.png
centerX: 0.4093050647820966
centerY: 0.09841677364142062
width: 0.028268551236749116
height: 0.019255455712451863
Area: 0.0002436857174969369
CentroidX: 0.4234
CentroidY: 0.1079
