Location: 2025-04-16_191458-1.png_Mean-Closing.png
Component: component_1744836089961_507.png
centerX: 0.1519434628975265
centerY: 0.6718014548566539
width: 0.02944640753828033
height: 0.023106546854942234
Area: 0.0002998821135691364
CentroidX: 0.1655
CentroidY: 0.6835
