Location: 2025-04-16_191458-1.png_Gaussian-Closing.png
Component: component_1744836089422_364.png
centerX: 0.444640753828033
centerY: 0.4813863928112965
width: 0.023557126030624265
height: 0.02139495079161318
Area: 0.00021848553988608512
CentroidX: 0.4556
CentroidY: 0.4926
