Location: 2025-04-16_191458-1.png_Mean-Closing.png
Component: component_1744836089630_46.png
centerX: 0.5223792697290931
centerY: 0.03893881044073599
width: 0.02944640753828033
height: 0.028241335044929396
Area: 0.00036288255759626595
CentroidX: 0.5367
CentroidY: 0.0521
