Location: 2025-04-16_191458-1.png_Gaussian-Closing.png
Component: component_1744836089516_535.png
centerX: 0.20906949352179033
centerY: 0.7454000855798032
width: 0.028268551236749116
height: 0.0235344458707745
Area: 0.0002895500407486872
CentroidX: 0.2228
CentroidY: 0.7571
