Location: 2025-04-16_191433-1.png_Gaussian-Median.png
Component: component_1744836089126_402.png
centerX: 0.7479387514723204
centerY: 0.5442875481386393
width: 0.026501766784452298
height: 0.018827556696619598
Area: 0.00021495751502056588
CentroidX: 0.7604
CentroidY: 0.5537
