Location: 2025-04-16_191458-1.png_Gaussian-Closing.png
Component: component_1744836089581_672.png
centerX: 0.6442873969375736
centerY: 0.9691912708600771
width: 0.03769140164899882
height: 0.018399657680787333
Area: 0.0003286103160455075
CentroidX: 0.6615
CentroidY: 0.9783
