Location: 2025-04-16_191433-1.png_Gaussian-Median.png
Component: component_1744836089082_137.png
centerX: 0.3303886925795053
centerY: 0.2011125374411639
width: 0.024146054181389872
height: 0.020967051775780916
Area: 0.00020134941911070588
CentroidX: 0.3416
CentroidY: 0.2118
