Location: 2025-04-16_191433-1.png_Mean-Medain.png
Component: component_1744836090250_549.png
centerX: 0.09246171967020024
centerY: 0.7886178861788617
width: 0.028857479387514724
height: 0.018827556696619598
Area: 0.0002643498631378354
CentroidX: 0.1054
CentroidY: 0.7990
