Location: 2025-04-16_191458-1.png_Gaussian-Closing.png
Component: component_1744836089517_536.png
centerX: 0.9157832744405182
centerY: 0.7458279845956355
width: 0.026501766784452298
height: 0.023106546854942234
Area: 0.00028224198924154016
CentroidX: 0.9290
CentroidY: 0.7563
