Location: 2025-04-16_191458-1.png_Mean-Closing.png
Component: component_1744836089867_311.png
centerX: 0.3468786808009423
centerY: 0.3804022250748823
width: 0.02237926972909305
height: 0.018399657680787333
Area: 0.0001554850958589556
CentroidX: 0.3569
CentroidY: 0.3905
