Location: 2025-04-16_191433-1.png_Gaussian-Median.png
Component: component_1744836089157_593.png
centerX: 0.6690223792697291
centerY: 0.8288403936670946
width: 0.030624263839811542
height: 0.025246041934103552
Area: 0.0003880827352071177
CentroidX: 0.6838
CentroidY: 0.8417
