Location: 2025-04-16_191433-1.png_Gaussian-Median.png
Component: component_1744836089178_671.png
centerX: 0.6307420494699647
centerY: 0.9396662387676509
width: 0.028857479387514724
height: 0.024390243902439025
Area: 0.000329366321373833
CentroidX: 0.6437
CentroidY: 0.9532
