Location: easy64_Gaussian-Closing.png
Component: component_1744297381202_137.png
centerX: 0.3887545344619105
centerY: 0.17571611799914494
width: 0.013905683192261185
height: 0.012398460880718255
Area: 7.496046481691811e-05
CentroidX: 0.3955
CentroidY: 0.1815
