Location: 2025-04-16_191458-1.png_Mean-Closing.png
Component: component_1744836089922_424.png
centerX: 0.941696113074205
centerY: 0.5507060333761232
width: 0.0353356890459364
height: 0.024390243902439025
Area: 0.000391610760072637
CentroidX: 0.9583
CentroidY: 0.5631
