Location: 2025-04-16_191458-1.png_Mean-Closing.png
Component: component_1744836089958_494.png
centerX: 0.9246171967020024
centerY: 0.6666666666666666
width: 0.030624263839811542
height: 0.02396234488660676
Area: 0.0003480144528058634
CentroidX: 0.9392
CentroidY: 0.6787
