Location: 2025-04-16_191458-1.png_Mean-Closing.png
Component: component_1744836090006_633.png
centerX: 0.5111896348645465
centerY: 0.8973042362002568
width: 0.02944640753828033
height: 0.021822849807445442
Area: 0.0003046701473151983
CentroidX: 0.5252
CentroidY: 0.9081
