Location: 2025-04-16_191433-1.png_Gaussian-Median.png
Component: component_1744836089117_351.png
centerX: 0.07538280329799764
centerY: 0.4985023534445871
width: 0.024734982332155476
height: 0.02053915275994865
Area: 0.00019782139424518664
CentroidX: 0.0867
CentroidY: 0.5093
