Location: 2025-04-16_191458-1.png_Gaussian-Closing.png
Component: component_1744836089482_456.png
centerX: 0.660188457008245
centerY: 0.6281557552417629
width: 0.035924617196702
height: 0.024390243902439025
Area: 0.00036439456825291703
CentroidX: 0.6765
CentroidY: 0.6411
