Location: 2025-04-16_191458-1.png_Mean-Closing.png
Component: component_1744836089631_51.png
centerX: 0.3574793875147232
centerY: 0.04022250748823278
width: 0.03297997644287397
height: 0.028241335044929396
Area: 0.00036263055582015744
CentroidX: 0.3730
CentroidY: 0.0537
