Location: 2025-04-16_191433-1.png_Mean-Medain.png
Component: component_1744836090254_569.png
centerX: 0.8345111896348646
centerY: 0.793752674368849
width: 0.030035335689045935
height: 0.021822849807445442
Area: 0.0003157582254639731
CentroidX: 0.8482
CentroidY: 0.8053
