Location: 2025-04-16_191458-1.png_Mean-Closing.png
Component: component_1744836089673_178.png
centerX: 0.35159010600706714
centerY: 0.21523320496362858
width: 0.02591283863368669
height: 0.0235344458707745
Area: 0.0002782099608238039
CentroidX: 0.3641
CentroidY: 0.2264
