Location: 2025-04-16_191433-1.png_Mean-Medain.png
Component: component_1744836090128_122.png
centerX: 0.3669022379269729
centerY: 0.13136499786050493
width: 0.026501766784452298
height: 0.019683354728284124
Area: 0.00022050155409495325
CentroidX: 0.3799
CentroidY: 0.1414
