Location: 2025-04-16_191433-1.png_Gaussian-Median.png
Component: component_1744836089063_30.png
centerX: 0.9275618374558304
centerY: 0.03337612323491656
width: 0.02767962308598351
height: 0.018399657680787333
Area: 0.00024116569973585173
CentroidX: 0.9409
CentroidY: 0.0428
