Location: 2025-04-16_191433-1.png_Mean-Medain.png
Component: component_1744836090263_618.png
centerX: 0.04299175500588928
centerY: 0.9020111253744116
width: 0.032391048292108364
height: 0.022250748823277707
Area: 0.0003092061792851516
CentroidX: 0.0576
CentroidY: 0.9145
