Location: easy16_Gaussian-Median.png
Component: component_1744297381847_842.png
centerX: 0.8612903225806452
centerY: 0.6192528735632183
width: 0.021774193548387097
height: 0.017241379310344827
Area: 0.00011934556915090841
CentroidX: 0.8713
CentroidY: 0.6272
