Location: 2025-04-16_191433-1.png_Gaussian-Median.png
Component: component_1744836089071_67.png
centerX: 0.24381625441696114
centerY: 0.0975609756097561
width: 0.02591283863368669
height: 0.019683354728284124
Area: 0.00020412143864789958
CentroidX: 0.2557
CentroidY: 0.1078
