Location: 2025-04-16_191458-1.png_Mean-Closing.png
Component: component_1744836089672_176.png
centerX: 0.5512367491166078
centerY: 0.2139495079161318
width: 0.024734982332155476
height: 0.01668806161745828
Area: 0.00014515302303850638
CentroidX: 0.5628
CentroidY: 0.2219
