Location: 2025-04-16_191458-1.png_Gaussian-Closing.png
Component: component_1744836089546_613.png
centerX: 0.8333333333333334
centerY: 0.8609328198545143
width: 0.03121319199057715
height: 0.0235344458707745
Area: 0.00033919439064206526
CentroidX: 0.8489
CentroidY: 0.8722
