Location: 2025-04-16_191458-1.png_Mean-Closing.png
Component: component_1744836089777_256.png
centerX: 0.46937573616018846
centerY: 0.3102267864783911
width: 0.02591283863368669
height: 0.02139495079161318
Area: 0.00024015769263141767
CentroidX: 0.4814
CentroidY: 0.3210
