Location: 2025-04-16_191433-1.png_Mean-Medain.png
Component: component_1744836090182_342.png
centerX: 0.8421672555948174
centerY: 0.4249037227214377
width: 0.024734982332155476
height: 0.02011125374411639
Area: 0.00019504937470799294
CentroidX: 0.8539
CentroidY: 0.4351
