Location: 2025-04-16_191458-1.png_Gaussian-Closing.png
Component: component_1744836089494_489.png
centerX: 0.3663133097762073
centerY: 0.6713735558408216
width: 0.028268551236749116
height: 0.022250748823277707
Area: 0.000307946170404609
CentroidX: 0.3795
CentroidY: 0.6823
