Location: 2025-04-16_191458-1.png_Gaussian-Closing.png
Component: component_1744836089218_69.png
centerX: 0.5889281507656066
centerY: 0.1069747539580659
width: 0.027090694935217905
height: 0.022250748823277707
Area: 0.0002998821135691364
CentroidX: 0.6019
CentroidY: 0.1179
