Location: 2025-04-16_191458-1.png_Gaussian-Closing.png
Component: component_1744836089413_342.png
centerX: 0.5053003533568905
centerY: 0.4462986735130509
width: 0.02591283863368669
height: 0.022250748823277707
Area: 0.00022125755942327882
CentroidX: 0.5166
CentroidY: 0.4584
