Location: 2025-04-16_191458-1.png_Gaussian-Closing.png
Component: component_1744836089214_45.png
centerX: 0.833922261484099
centerY: 0.06632434745400086
width: 0.02767962308598351
height: 0.022250748823277707
Area: 0.00029610208692750867
CentroidX: 0.8464
CentroidY: 0.0777
