Location: 2025-04-16_191458-1.png_Gaussian-Closing.png
Component: component_1744836089421_362.png
centerX: 0.7120141342756183
centerY: 0.48010269576379977
width: 0.023557126030624265
height: 0.019683354728284124
Area: 0.0001761492414998541
CentroidX: 0.7220
CentroidY: 0.4908
