Location: 2025-04-16_191458-1.png_Gaussian-Closing.png
Component: component_1744836089224_97.png
centerX: 0.2591283863368669
centerY: 0.14719726144629866
width: 0.027090694935217905
height: 0.02139495079161318
Area: 0.00030341013843465566
CentroidX: 0.2723
CentroidY: 0.1578
