Location: 2025-04-16_191458-1.png_Mean-Closing.png
Component: component_1744836089960_501.png
centerX: 0.2926972909305065
centerY: 0.6700898587933247
width: 0.027090694935217905
height: 0.0235344458707745
Area: 0.0003024021313302216
CentroidX: 0.3051
CentroidY: 0.6823
