Location: 2025-04-16_191458-1.png_Mean-Closing.png
Component: component_1744836089777_255.png
centerX: 0.43404004711425204
centerY: 0.30979888746255885
width: 0.027090694935217905
height: 0.02011125374411639
Area: 0.00024267771039250283
CentroidX: 0.4459
CentroidY: 0.3201
