Location: 2025-04-16_191458-1.png_Mean-Closing.png
Component: component_1744836089998_605.png
centerX: 0.7449941107184923
centerY: 0.8245614035087719
width: 0.03297997644287397
height: 0.020967051775780916
Area: 0.0003081981721807175
CentroidX: 0.7602
CentroidY: 0.8353
