Location: 2025-04-16_191433-1.png_Gaussian-Median.png
Component: component_1744836089130_434.png
centerX: 0.5995288574793876
centerY: 0.5870774497218656
width: 0.028268551236749116
height: 0.01797175866495507
Area: 0.00021294150081169772
CentroidX: 0.6122
CentroidY: 0.5962
