Location: 2025-04-16_191433-1.png_Mean-Medain.png
Component: component_1744836090205_437.png
centerX: 0.17785630153121318
centerY: 0.5806589644843817
width: 0.025323910482921083
height: 0.02011125374411639
Area: 0.0001958053800363185
CentroidX: 0.1898
CentroidY: 0.5903
