Location: 2025-04-16_191458-1.png_Mean-Closing.png
Component: component_1744836090082_699.png
centerX: 0.8916372202591284
centerY: 0.9730423620025674
width: 0.024734982332155476
height: 0.02011125374411639
Area: 0.00025552980097403726
CentroidX: 0.9035
CentroidY: 0.9823
