Location: 2025-04-16_191458-1.png_Mean-Closing.png
Component: component_1744836089634_68.png
centerX: 0.6383981154299175
centerY: 0.06846384253316218
width: 0.02944640753828033
height: 0.022250748823277707
Area: 0.0003127342041506709
CentroidX: 0.6523
CentroidY: 0.0799
