Location: 2025-04-16_191433-1.png_Mean-Medain.png
Component: component_1744836090169_294.png
centerX: 0.9499411071849234
centerY: 0.35301668806161746
width: 0.02591283863368669
height: 0.02011125374411639
Area: 0.00022024955231884474
CentroidX: 0.9620
CentroidY: 0.3634
