Location: 2025-04-16_191433-1.png_Mean-Medain.png
Component: component_1744836090126_107.png
centerX: 0.05418138987043581
centerY: 0.09927257167308515
width: 0.026501766784452298
height: 0.01797175866495507
Area: 0.00014112099462077008
CentroidX: 0.0662
CentroidY: 0.1096
