Location: 2025-04-16_191433-1.png_Gaussian-Median.png
Component: component_1744836089075_92.png
centerX: 0.4581861012956419
centerY: 0.13093709884467267
width: 0.023557126030624265
height: 0.02011125374411639
Area: 0.00020386943687179107
CentroidX: 0.4690
CentroidY: 0.1406
