Location: 2025-04-16_191458-1.png_Mean-Closing.png
Component: component_1744836090050_664.png
centerX: 0.39811542991755006
centerY: 0.9396662387676509
width: 0.02944640753828033
height: 0.021822849807445442
Area: 0.00030038611712135345
CentroidX: 0.4122
CentroidY: 0.9509
