Location: 2025-04-16_191458-1.png_Gaussian-Closing.png
Component: component_1744836089236_165.png
centerX: 0.24852767962308597
centerY: 0.2186563970902867
width: 0.02591283863368669
height: 0.021822849807445442
Area: 0.00028173798568932313
CentroidX: 0.2610
CentroidY: 0.2283
