Location: easy16_Gaussian-Median.png
Component: component_1744297381751_353.png
centerX: 0.6669354838709678
centerY: 0.24568965517241378
width: 0.020967741935483872
height: 0.016762452107279693
Area: 0.00011316586330490669
CentroidX: 0.6762
CentroidY: 0.2532
