Location: 2025-04-16_191433-1.png_Mean-Medain.png
Component: component_1744836090210_455.png
centerX: 0.7915194346289752
centerY: 0.5862216516902011
width: 0.026501766784452298
height: 0.019683354728284124
Area: 0.00021470551324445734
CentroidX: 0.8041
CentroidY: 0.5962
