Location: 2025-04-16_191433-1.png_Mean-Medain.png
Component: component_1744836090117_64.png
centerX: 0.5671378091872792
centerY: 0.06290115532734275
width: 0.026501766784452298
height: 0.021822849807445442
Area: 0.00025578180275014577
CentroidX: 0.5795
CentroidY: 0.0741
