Location: 2025-04-16_191433-1.png_Mean-Medain.png
Component: component_1744836090144_202.png
centerX: 0.5041224970553593
centerY: 0.2396234488660676
width: 0.025323910482921083
height: 0.02139495079161318
Area: 0.00019479737293188443
CentroidX: 0.5152
CentroidY: 0.2497
