Location: 2025-04-16_191433-1.png_Mean-Medain.png
Component: component_1744836090253_563.png
centerX: 0.7067137809187279
centerY: 0.7928968763371844
width: 0.028857479387514724
height: 0.02139495079161318
Area: 0.0003134902094789964
CentroidX: 0.7197
CentroidY: 0.8046
