Location: 2025-04-16_191458-1.png_Mean-Closing.png
Component: component_1744836089878_322.png
centerX: 0.8657243816254417
centerY: 0.40907145913564397
width: 0.02591283863368669
height: 0.02139495079161318
Area: 0.0002194935469905192
CentroidX: 0.8769
CentroidY: 0.4203
