Location: 2025-04-16_191458-1.png_Gaussian-Closing.png
Component: component_1744836089218_68.png
centerX: 0.541813898704358
centerY: 0.10740265297389816
width: 0.03297997644287397
height: 0.023106546854942234
Area: 0.0003691826019989789
CentroidX: 0.5582
CentroidY: 0.1192
