Location: 2025-04-16_191458-1.png_Gaussian-Closing.png
Component: component_1744836089545_607.png
centerX: 0.29799764428739695
centerY: 0.8609328198545143
width: 0.02767962308598351
height: 0.023106546854942234
Area: 0.00031172619704623677
CentroidX: 0.3109
CentroidY: 0.8727
