Location: 2025-04-16_191433-1.png_Mean-Medain.png
Component: component_1744836090255_576.png
centerX: 0.2756183745583039
centerY: 0.826272999572101
width: 0.027090694935217905
height: 0.024818142918271287
Area: 0.00031248220237456236
CentroidX: 0.2880
CentroidY: 0.8383
