Location: 2025-04-16_191433-1.png_Mean-Medain.png
Component: component_1744836090191_383.png
centerX: 0.11248527679623085
centerY: 0.4993581514762516
width: 0.027090694935217905
height: 0.019683354728284124
Area: 0.0002126894990355892
CentroidX: 0.1257
CentroidY: 0.5091
