Location: 2025-04-16_191458-1.png_Gaussian-Closing.png
Component: component_1744836089448_397.png
centerX: 0.16313309776207302
centerY: 0.5186136071887034
width: 0.02237926972909305
height: 0.02053915275994865
Area: 0.00022276957007992993
CentroidX: 0.1737
CentroidY: 0.5291
