Location: 2025-04-16_191458-1.png_Gaussian-Closing.png
Component: component_1744836089484_459.png
centerX: 0.5382803297997645
centerY: 0.629867351305092
width: 0.02591283863368669
height: 0.025673940949935817
Area: 0.00028602201588316797
CentroidX: 0.5502
CentroidY: 0.6429
