Location: 2025-04-16_191458-1.png_Mean-Closing.png
Component: component_1744836089636_76.png
centerX: 0.40223792697290933
centerY: 0.0740265297389816
width: 0.026501766784452298
height: 0.022250748823277707
Area: 0.00028778602831592756
CentroidX: 0.4155
CentroidY: 0.0842
