Location: 2025-04-16_191458-1.png_Gaussian-Closing.png
Component: component_1744836089290_255.png
centerX: 0.49705535924617195
centerY: 0.33975181857081727
width: 0.024734982332155476
height: 0.02139495079161318
Area: 0.00023158963224372806
CentroidX: 0.5084
CentroidY: 0.3501
