Location: 2025-04-16_191433-1.png_Gaussian-Median.png
Component: component_1744836089158_598.png
centerX: 0.9157832744405182
centerY: 0.8292682926829268
width: 0.03415783274440518
height: 0.024818142918271287
Area: 0.0003749786428494748
CentroidX: 0.9312
CentroidY: 0.8420
