Location: 2025-04-16_191433-1.png_Gaussian-Median.png
Component: component_1744836089182_694.png
centerX: 0.6696113074204947
centerY: 0.9721865639709029
width: 0.034746760895170786
height: 0.020967051775780916
Area: 0.00035708651674577004
CentroidX: 0.6849
CentroidY: 0.9835
