Location: 2025-04-16_191458-1.png_Mean-Closing.png
Component: component_1744836089798_300.png
centerX: 0.7367491166077739
centerY: 0.3774069319640565
width: 0.02767962308598351
height: 0.02053915275994865
Area: 0.00023032962336318546
CentroidX: 0.7498
CentroidY: 0.3879
