Location: 2025-04-16_191458-1.png_Gaussian-Closing.png
Component: component_1744836089415_349.png
centerX: 0.8998822143698468
centerY: 0.44715447154471544
width: 0.028857479387514724
height: 0.02053915275994865
Area: 0.00021218549548337217
CentroidX: 0.9112
CentroidY: 0.4587
