Location: 2025-04-16_191433-1.png_Mean-Medain.png
Component: component_1744836090199_422.png
centerX: 0.7856301531213192
centerY: 0.5417201540436457
width: 0.024734982332155476
height: 0.021822849807445442
Area: 0.0002182335381099766
CentroidX: 0.7967
CentroidY: 0.5531
