Location: 2025-04-16_191433-1.png_Gaussian-Median.png
Component: component_1744836089180_683.png
centerX: 0.9352179034157833
centerY: 0.9691912708600771
width: 0.030035335689045935
height: 0.02396234488660676
Area: 0.0003399503959703908
CentroidX: 0.9496
CentroidY: 0.9808
