Location: 2025-04-16_191458-1.png_Mean-Closing.png
Component: component_1744836089635_72.png
centerX: 0.3197879858657244
centerY: 0.07145913564398802
width: 0.030035335689045935
height: 0.02267864783910997
Area: 0.00032684630361274784
CentroidX: 0.3342
CentroidY: 0.0827
