Location: 2025-04-16_191433-1.png_Mean-Medain.png
Component: component_1744836090261_610.png
centerX: 0.3674911660777385
centerY: 0.866923406076166
width: 0.02591283863368669
height: 0.02053915275994865
Area: 0.00029585008515140015
CentroidX: 0.3796
CentroidY: 0.8769
