Location: 2025-04-16_191433-1.png_Gaussian-Median.png
Component: component_1744836089114_331.png
centerX: 0.6819787985865724
centerY: 0.46127513906718015
width: 0.023557126030624265
height: 0.021822849807445442
Area: 0.00021596552212499993
CentroidX: 0.6927
CentroidY: 0.4725
