Location: 2025-04-16_191458-1.png_Gaussian-Closing.png
Component: component_1744836089461_443.png
centerX: 0.48527679623085984
centerY: 0.5892169448010269
width: 0.0353356890459364
height: 0.024818142918271287
Area: 0.0003717026197600641
CentroidX: 0.5023
CentroidY: 0.6019
