Location: 2025-04-16_191433-1.png_Mean-Medain.png
Component: component_1744836090259_594.png
centerX: 0.08598351001177856
centerY: 0.8630723149336756
width: 0.030035335689045935
height: 0.022250748823277707
Area: 0.0003202942574339264
CentroidX: 0.1002
CentroidY: 0.8748
