Location: 2025-04-16_191458-1.png_Gaussian-Closing.png
Component: component_1744836089248_217.png
centerX: 0.19140164899882214
centerY: 0.27899015832263585
width: 0.02237926972909305
height: 0.017543859649122806
Area: 0.0002000894102301633
CentroidX: 0.2015
CentroidY: 0.2883
