Location: 2025-04-16_191433-1.png_Gaussian-Median.png
Component: component_1744836089103_260.png
centerX: 0.950530035335689
centerY: 0.35301668806161746
width: 0.025323910482921083
height: 0.02011125374411639
Area: 0.00021470551324445734
CentroidX: 0.9621
CentroidY: 0.3634
