Location: 2025-04-16_191433-1.png_Gaussian-Median.png
Component: component_1744836089114_329.png
centerX: 0.5200235571260307
centerY: 0.46127513906718015
width: 0.025323910482921083
height: 0.021822849807445442
Area: 0.00024116569973585173
CentroidX: 0.5315
CentroidY: 0.4733
