Location: 2025-04-16_191433-1.png_Gaussian-Median.png
Component: component_1744836089093_198.png
centerX: 0.8109540636042403
centerY: 0.27941805733846814
width: 0.02767962308598351
height: 0.022250748823277707
Area: 0.0002043734404240081
CentroidX: 0.8241
CentroidY: 0.2901
