Location: 2025-04-16_191433-1.png_Mean-Medain.png
Component: component_1744836090217_485.png
centerX: 0.7290930506478209
centerY: 0.6662387676508345
width: 0.02944640753828033
height: 0.0235344458707745
Area: 0.0003396983941942823
CentroidX: 0.7428
CentroidY: 0.6781
