Location: 2025-04-16_191433-1.png_Gaussian-Median.png
Component: component_1744836089176_659.png
centerX: 0.12661955241460543
centerY: 0.936670945656825
width: 0.02767962308598351
height: 0.0235344458707745
Area: 0.00030038611712135345
CentroidX: 0.1394
CentroidY: 0.9486
