Location: 2025-04-16_191458-1.png_Mean-Closing.png
Component: component_1744836089774_252.png
centerX: 0.7314487632508834
centerY: 0.30937098844672656
width: 0.026501766784452298
height: 0.02053915275994865
Area: 0.000258805824063448
CentroidX: 0.7436
CentroidY: 0.3202
