Location: 2025-04-16_191458-1.png_Mean-Closing.png
Component: component_1744836089638_87.png
centerX: 0.627208480565371
centerY: 0.1069747539580659
width: 0.027090694935217905
height: 0.02267864783910997
Area: 0.0003132382077028879
CentroidX: 0.6406
CentroidY: 0.1174
