Location: 2025-04-16_191433-1.png_Gaussian-Median.png
Component: component_1744836089130_442.png
centerX: 0.043580683156654886
centerY: 0.621737270004279
width: 0.028857479387514724
height: 0.0235344458707745
Area: 0.0002998821135691364
CentroidX: 0.0570
CentroidY: 0.6337
