Location: 2025-04-16_191433-1.png_Mean-Medain.png
Component: component_1744836090151_235.png
centerX: 0.6277974087161367
centerY: 0.28027385537013266
width: 0.02591283863368669
height: 0.019683354728284124
Area: 0.00018950533563360554
CentroidX: 0.6397
CentroidY: 0.2897
