Location: 2025-04-16_191433-1.png_Gaussian-Median.png
Component: component_1744836089073_80.png
centerX: 0.6230859835100118
centerY: 0.09927257167308515
width: 0.028268551236749116
height: 0.018827556696619598
Area: 0.0002406616961836347
CentroidX: 0.6369
CentroidY: 0.1081
