Location: 2025-04-16_191458-1.png_Mean-Closing.png
Component: component_1744836089932_457.png
centerX: 0.2067137809187279
centerY: 0.5892169448010269
width: 0.02767962308598351
height: 0.025673940949935817
Area: 0.00030164612600189607
CentroidX: 0.2204
CentroidY: 0.6020
