Location: 2025-04-16_191433-1.png_Mean-Medain.png
Component: component_1744836090223_514.png
centerX: 0.8857479387514723
centerY: 0.7103123662815576
width: 0.03356890459363958
height: 0.0235344458707745
Area: 0.0003807746836999707
CentroidX: 0.9012
CentroidY: 0.7227
