Location: 2025-04-16_191458-1.png_Mean-Closing.png
Component: component_1744836089684_198.png
centerX: 0.7179034157832744
centerY: 0.23876765083440307
width: 0.025323910482921083
height: 0.022250748823277707
Area: 0.00024696174058634764
CentroidX: 0.7296
CentroidY: 0.2493
