Location: 2025-04-16_191458-1.png_Gaussian-Closing.png
Component: component_1744836089223_95.png
centerX: 0.16372202591283863
centerY: 0.14719726144629866
width: 0.025323910482921083
height: 0.0235344458707745
Area: 0.00029736209580805123
CentroidX: 0.1765
CentroidY: 0.1580
