Location: 2025-04-16_191458-1.png_Gaussian-Closing.png
Component: component_1744836089509_530.png
centerX: 0.699057714958775
centerY: 0.7449721865639709
width: 0.03297997644287397
height: 0.02396234488660676
Area: 0.000342470413731476
CentroidX: 0.7151
CentroidY: 0.7564
