Location: 2025-04-16_191458-1.png_Gaussian-Closing.png
Component: component_1744836089217_63.png
centerX: 0.23851590106007067
centerY: 0.07659392383397519
width: 0.02767962308598351
height: 0.023106546854942234
Area: 0.000293834070942532
CentroidX: 0.2517
CentroidY: 0.0873
