Location: 2025-04-16_191458-1.png_Gaussian-Closing.png
Component: component_1744836089493_488.png
centerX: 0.21908127208480566
centerY: 0.6713735558408216
width: 0.02944640753828033
height: 0.0235344458707745
Area: 0.0003210502627622519
CentroidX: 0.2329
CentroidY: 0.6835
