Location: 2025-04-16_191458-1.png_Gaussian-Closing.png
Component: component_1744836089530_554.png
centerX: 0.4045936395759717
centerY: 0.7830551989730423
width: 0.030624263839811542
height: 0.0235344458707745
Area: 0.00032684630361274784
CentroidX: 0.4190
CentroidY: 0.7951
