Location: 2025-04-16_191458-1.png_Mean-Closing.png
Component: component_1744836090037_663.png
centerX: 0.2667844522968198
centerY: 0.9396662387676509
width: 0.024734982332155476
height: 0.020967051775780916
Area: 0.00024948175834743283
CentroidX: 0.2781
CentroidY: 0.9505
