Location: 2025-04-16_191458-1.png_Gaussian-Closing.png
Component: component_1744836089573_640.png
centerX: 0.16666666666666666
centerY: 0.9020111253744116
width: 0.03180212014134275
height: 0.023106546854942234
Area: 0.00032508229117998825
CentroidX: 0.1817
CentroidY: 0.9135
