Location: 2025-04-16_191458-1.png_Gaussian-Closing.png
Component: component_1744836089572_636.png
centerX: 0.3486454652532391
centerY: 0.9011553273427471
width: 0.0353356890459364
height: 0.02267864783910997
Area: 0.000356582513193553
CentroidX: 0.3650
CentroidY: 0.9127
