Location: 2025-04-16_191433-1.png_Gaussian-Median.png
Component: component_1744836089149_548.png
centerX: 0.8586572438162544
centerY: 0.753102267864784
width: 0.03415783274440518
height: 0.024390243902439025
Area: 0.0003958947902664818
CentroidX: 0.8751
CentroidY: 0.7647
