Location: 2025-04-16_191458-1.png_Mean-Closing.png
Component: component_1744836089852_306.png
centerX: 0.23439340400471143
centerY: 0.3795464270432178
width: 0.024146054181389872
height: 0.019683354728284124
Area: 0.00018824532675306295
CentroidX: 0.2451
CentroidY: 0.3896
