Location: 2025-04-16_191458-1.png_Mean-Closing.png
Component: component_1744836089676_187.png
centerX: 0.11307420494699646
centerY: 0.21994009413778348
width: 0.028268551236749116
height: 0.02053915275994865
Area: 0.0003175222378967327
CentroidX: 0.1265
CentroidY: 0.2304
