Location: 2025-04-16_191458-1.png_Gaussian-Closing.png
Component: component_1744836089452_417.png
centerX: 0.6018845700824499
centerY: 0.5532734274711169
width: 0.035924617196702
height: 0.0235344458707745
Area: 0.00036439456825291703
CentroidX: 0.6181
CentroidY: 0.5657
