Location: 2025-04-16_191458-1.png_Mean-Closing.png
Component: component_1744836090074_692.png
centerX: 0.7720848056537103
centerY: 0.9713307659392384
width: 0.030035335689045935
height: 0.020967051775780916
Area: 0.0003104661881656942
CentroidX: 0.7867
CentroidY: 0.9811
