Location: 2025-04-16_191433-1.png_Gaussian-Median.png
Component: component_1744836089082_132.png
centerX: 0.12308598351001178
centerY: 0.20068463842533163
width: 0.028857479387514724
height: 0.01797175866495507
Area: 0.00022730560204988325
CentroidX: 0.1370
CentroidY: 0.2096
