Location: 2025-04-16_191433-1.png_Mean-Medain.png
Component: component_1744836090209_453.png
centerX: 0.7579505300353356
centerY: 0.5857937526743688
width: 0.026501766784452298
height: 0.019255455712451863
Area: 0.0002086574706178529
CentroidX: 0.7698
CentroidY: 0.5957
