Location: 2025-04-16_191458-1.png_Gaussian-Closing.png
Component: component_1744836089233_151.png
centerX: 0.765017667844523
centerY: 0.20667522464698332
width: 0.027090694935217905
height: 0.02053915275994865
Area: 0.00025225377788462653
CentroidX: 0.7779
CentroidY: 0.2166
