Location: 2025-04-16_191433-1.png_Gaussian-Median.png
Component: component_1744836089162_626.png
centerX: 0.6802120141342756
centerY: 0.866923406076166
width: 0.02767962308598351
height: 0.02267864783910997
Area: 0.00034398242438812707
CentroidX: 0.6933
CentroidY: 0.8782
