Location: 2025-04-16_191433-1.png_Mean-Medain.png
Component: component_1744836090214_470.png
centerX: 0.4363957597173145
centerY: 0.6260162601626016
width: 0.027090694935217905
height: 0.021822849807445442
Area: 0.0003230662769711201
CentroidX: 0.4494
CentroidY: 0.6371
