Location: 2025-04-16_191433-1.png_Gaussian-Median.png
Component: component_1744836089103_259.png
centerX: 0.9140164899882215
centerY: 0.35301668806161746
width: 0.028268551236749116
height: 0.02011125374411639
Area: 0.00021772953455775955
CentroidX: 0.9267
CentroidY: 0.3633
