Location: 2025-04-16_191458-1.png_Gaussian-Closing.png
Component: component_1744836089533_558.png
centerX: 0.48939929328621906
centerY: 0.7851946940522037
width: 0.02767962308598351
height: 0.022250748823277707
Area: 0.0002827459927937572
CentroidX: 0.5023
CentroidY: 0.7965
