Location: 2025-04-16_191433-1.png_Gaussian-Median.png
Component: component_1744836089091_184.png
centerX: 0.2773851590106007
centerY: 0.2738553701326487
width: 0.03180212014134275
height: 0.021822849807445442
Area: 0.00021495751502056588
CentroidX: 0.2917
CentroidY: 0.2848
