Location: 2025-04-16_191433-1.png_Gaussian-Median.png
Component: component_1744836089097_225.png
centerX: 0.6442873969375736
centerY: 0.3153615746683783
width: 0.028857479387514724
height: 0.020967051775780916
Area: 0.00020311343154346553
CentroidX: 0.6574
CentroidY: 0.3263
