Location: 2025-04-16_191458-1.png_Mean-Closing.png
Component: component_1744836089670_170.png
centerX: 0.6919905771495878
centerY: 0.20881471972614463
width: 0.02591283863368669
height: 0.02053915275994865
Area: 0.00023713367131811546
CentroidX: 0.7040
CentroidY: 0.2198
