Location: 2025-04-16_191433-1.png_Mean-Medain.png
Component: component_1744836090183_347.png
centerX: 0.6201413427561837
centerY: 0.42575952075310225
width: 0.025323910482921083
height: 0.02011125374411639
Area: 0.0002073974617373103
CentroidX: 0.6318
CentroidY: 0.4358
