Location: 2025-04-16_191433-1.png_Gaussian-Median.png
Component: component_1744836089138_487.png
centerX: 0.21024734982332155
centerY: 0.6675224646983312
width: 0.030624263839811542
height: 0.0235344458707745
Area: 0.0003485184563580804
CentroidX: 0.2234
CentroidY: 0.6802
