Location: 2025-04-16_191433-1.png_Gaussian-Median.png
Component: component_1744836089109_296.png
centerX: 0.11189634864546526
centerY: 0.42105263157894735
width: 0.02237926972909305
height: 0.02139495079161318
Area: 0.00018925333385749703
CentroidX: 0.1222
CentroidY: 0.4316
