Location: 2025-04-16_191433-1.png_Gaussian-Median.png
Component: component_1744836089091_188.png
centerX: 0.21142520612485277
centerY: 0.27471116816431324
width: 0.030035335689045935
height: 0.020967051775780916
Area: 0.00020386943687179107
CentroidX: 0.2249
CentroidY: 0.2855
