Location: 2025-04-16_191458-1.png_Gaussian-Closing.png
Component: component_1744836089449_402.png
centerX: 0.20023557126030625
centerY: 0.5203252032520326
width: 0.02591283863368669
height: 0.01797175866495507
Area: 0.0002406616961836347
CentroidX: 0.2129
CentroidY: 0.5298
