Location: 2025-04-16_191433-1.png_Mean-Medain.png
Component: component_1744836090251_556.png
centerX: 0.3621908127208481
centerY: 0.7903294822421908
width: 0.032391048292108364
height: 0.02011125374411639
Area: 0.00033087833203048416
CentroidX: 0.3771
CentroidY: 0.8008
