Location: 2025-04-16_191433-1.png_Gaussian-Median.png
Component: component_1744836089154_576.png
centerX: 0.9151943462897526
centerY: 0.7928968763371844
width: 0.030624263839811542
height: 0.02267864783910997
Area: 0.00032961832314994154
CentroidX: 0.9297
CentroidY: 0.8044
