Location: 2025-04-16_191433-1.png_Gaussian-Median.png
Component: component_1744836089178_669.png
centerX: 0.5106007067137809
centerY: 0.9388104407359863
width: 0.02767962308598351
height: 0.024390243902439025
Area: 0.00032281427519501157
CentroidX: 0.5229
CentroidY: 0.9515
