Location: 2025-04-16_191433-1.png_Mean-Medain.png
Component: component_1744836090277_682.png
centerX: 0.765017667844523
centerY: 0.9743260590500642
width: 0.03356890459363958
height: 0.020967051775780916
Area: 0.0003613705469396148
CentroidX: 0.7805
CentroidY: 0.9851
