Location: 2025-04-16_191458-1.png_Gaussian-Closing.png
Component: component_1744836089214_47.png
centerX: 0.7620730270906949
centerY: 0.06718014548566538
width: 0.024734982332155476
height: 0.020967051775780916
Area: 0.00026661787912281206
CentroidX: 0.7740
CentroidY: 0.0773
