Location: 2025-04-16_191458-1.png_Mean-Closing.png
Component: component_1744836089930_447.png
centerX: 0.9016489988221437
centerY: 0.5862216516902011
width: 0.030035335689045935
height: 0.026957637997432605
Area: 0.0003596065345068552
CentroidX: 0.9170
CentroidY: 0.5985
