Location: 2025-04-16_191433-1.png_Gaussian-Median.png
Component: component_1744836089142_510.png
centerX: 0.21554770318021202
centerY: 0.7115960633290543
width: 0.027090694935217905
height: 0.022250748823277707
Area: 0.0003107181899418027
CentroidX: 0.2279
CentroidY: 0.7235
