Location: 2025-04-16_191433-1.png_Gaussian-Median.png
Component: component_1744836089112_315.png
centerX: 0.8421672555948174
centerY: 0.42533162173727
width: 0.024734982332155476
height: 0.019683354728284124
Area: 0.00019454537115577591
CentroidX: 0.8539
CentroidY: 0.4351
