Location: 2025-04-16_191433-1.png_Mean-Medain.png
Component: component_1744836090153_246.png
centerX: 0.04063604240282685
centerY: 0.31065468549422337
width: 0.027090694935217905
height: 0.02011125374411639
Area: 0.0001872373196486289
CentroidX: 0.0531
CentroidY: 0.3218
