Location: 2025-04-16_191458-1.png_Mean-Closing.png
Component: component_1744836089877_321.png
centerX: 0.7932862190812721
centerY: 0.40907145913564397
width: 0.023557126030624265
height: 0.02139495079161318
Area: 0.0002152095167966744
CentroidX: 0.8047
CentroidY: 0.4191
