Location: 2025-04-16_191458-1.png_Gaussian-Closing.png
Component: component_1744836089580_668.png
centerX: 0.6083627797408716
centerY: 0.9683354728284125
width: 0.030624263839811542
height: 0.019683354728284124
Area: 0.00031172619704623677
CentroidX: 0.6233
CentroidY: 0.9785
