Location: 2025-04-16_191433-1.png_Gaussian-Median.png
Component: component_1744836089073_79.png
centerX: 0.5795053003533569
centerY: 0.09927257167308515
width: 0.03180212014134275
height: 0.018827556696619598
Area: 0.0002640978613617269
CentroidX: 0.5944
CentroidY: 0.1091
