Location: 2025-04-16_191458-1.png_Gaussian-Closing.png
Component: component_1744836089241_185.png
centerX: 0.48881036513545345
centerY: 0.24518613607188702
width: 0.022968197879858657
height: 0.020967051775780916
Area: 0.00023965368907920062
CentroidX: 0.5002
CentroidY: 0.2552
