Location: 2025-04-16_191458-1.png_Gaussian-Closing.png
Component: component_1744836089245_206.png
centerX: 0.7031802120141343
centerY: 0.2734274711168164
width: 0.02237926972909305
height: 0.02139495079161318
Area: 0.00022201356475160436
CentroidX: 0.7133
CentroidY: 0.2849
