Location: 2025-04-16_191458-1.png_Mean-Closing.png
Component: component_1744836089654_132.png
centerX: 0.09422850412249706
centerY: 0.14976465554129226
width: 0.02767962308598351
height: 0.023106546854942234
Area: 0.00030593015619574085
CentroidX: 0.1075
CentroidY: 0.1607
