Location: 2025-04-16_191433-1.png_Mean-Medain.png
Component: component_1744836090148_217.png
centerX: 0.9587750294464076
centerY: 0.24646983311938384
width: 0.02767962308598351
height: 0.020967051775780916
Area: 0.00021294150081169772
CentroidX: 0.9718
CentroidY: 0.2564
