Location: 2025-04-16_191433-1.png_Mean-Medain.png
Component: component_1744836090263_619.png
centerX: 0.08598351001177856
centerY: 0.9024390243902439
width: 0.02944640753828033
height: 0.02267864783910997
Area: 0.00030895417750904307
CentroidX: 0.0999
CentroidY: 0.9136
