Location: 2025-04-16_191458-1.png_Mean-Closing.png
Component: component_1744836089931_454.png
centerX: 0.5265017667844523
centerY: 0.5883611467693625
width: 0.03356890459363958
height: 0.025673940949935817
Area: 0.0003737186339689322
CentroidX: 0.5423
CentroidY: 0.6013
