Location: 2025-04-16_191458-1.png_Gaussian-Closing.png
Component: component_1744836089499_513.png
centerX: 0.35217903415783275
centerY: 0.7086007702182285
width: 0.037102473498233215
height: 0.025246041934103552
Area: 0.00036993860732730444
CentroidX: 0.3696
CentroidY: 0.7210
