Location: 2025-04-16_191458-1.png_Mean-Closing.png
Component: component_1744836089668_163.png
centerX: 0.9375736160188457
centerY: 0.20239623448866068
width: 0.025323910482921083
height: 0.021822849807445442
Area: 0.00024948175834743283
CentroidX: 0.9487
CentroidY: 0.2139
