Location: 2025-04-16_191458-1.png_Mean-Closing.png
Component: component_1744836089642_106.png
centerX: 0.22438162544169613
centerY: 0.11253744116388532
width: 0.028857479387514724
height: 0.02610183996576808
Area: 0.00030567815441963234
CentroidX: 0.2377
CentroidY: 0.1247
