Location: 2025-04-16_191433-1.png_Gaussian-Median.png
Component: component_1744836089094_204.png
centerX: 0.7385159010600707
centerY: 0.2807017543859649
width: 0.02591283863368669
height: 0.02011125374411639
Area: 0.0001862293125441948
CentroidX: 0.7510
CentroidY: 0.2904
