Location: 2025-04-16_191433-1.png_Gaussian-Median.png
Component: component_1744836089147_537.png
centerX: 0.6101295641931684
centerY: 0.7518185708172871
width: 0.03180212014134275
height: 0.0235344458707745
Area: 0.0003747266410733663
CentroidX: 0.6238
CentroidY: 0.7650
