Location: 2025-04-16_191433-1.png_Gaussian-Median.png
Component: component_1744836089144_515.png
centerX: 0.47820965842167257
centerY: 0.7124518613607189
width: 0.02944640753828033
height: 0.02396234488660676
Area: 0.00035179447944749115
CentroidX: 0.4922
CentroidY: 0.7246
