Location: 2025-04-16_191433-1.png_Mean-Medain.png
Component: component_1744836090161_260.png
centerX: 0.6442873969375736
centerY: 0.3153615746683783
width: 0.028857479387514724
height: 0.020967051775780916
Area: 0.00020134941911070588
CentroidX: 0.6573
CentroidY: 0.3263
