Location: 2025-04-16_191458-1.png_Mean-Closing.png
Component: component_1744836089924_430.png
centerX: 0.2797408716136631
centerY: 0.5524176294394523
width: 0.030624263839811542
height: 0.024818142918271287
Area: 0.00031953825210560084
CentroidX: 0.2945
CentroidY: 0.5644
