Location: 2025-04-16_191458-1.png_Gaussian-Closing.png
Component: component_1744836089215_48.png
centerX: 0.7991755005889282
centerY: 0.06675224646983312
width: 0.028268551236749116
height: 0.022250748823277707
Area: 0.0002882900318681446
CentroidX: 0.8121
CentroidY: 0.0779
