Location: 2025-04-16_191458-1.png_Gaussian-Closing.png
Component: component_1744836089585_689.png
centerX: 0.9246171967020024
centerY: 0.9730423620025674
width: 0.023557126030624265
height: 0.021822849807445442
Area: 0.00024418972104915394
CentroidX: 0.9358
CentroidY: 0.9830
