Location: 2025-04-16_191458-1.png_Mean-Closing.png
Component: component_1744836090056_669.png
centerX: 0.6819787985865724
centerY: 0.9405220367993153
width: 0.028857479387514724
height: 0.0235344458707745
Area: 0.0002953460815991831
CentroidX: 0.6951
CentroidY: 0.9524
