Location: 2025-04-16_191433-1.png_Gaussian-Median.png
Component: component_1744836089179_673.png
centerX: 0.7131919905771495
centerY: 0.9405220367993153
width: 0.03180212014134275
height: 0.024818142918271287
Area: 0.00036187455049183185
CentroidX: 0.7278
CentroidY: 0.9535
