Location: 2025-04-16_191433-1.png_Gaussian-Median.png
Component: component_1744836089122_381.png
centerX: 0.2055359246171967
centerY: 0.5378690629011553
width: 0.025323910482921083
height: 0.02011125374411639
Area: 0.0002099174794983955
CentroidX: 0.2183
CentroidY: 0.5477
