Location: 2025-04-16_191458-1.png_Mean-Closing.png
Component: component_1744836089892_358.png
centerX: 0.4299175500588928
centerY: 0.4462986735130509
width: 0.024734982332155476
height: 0.022250748823277707
Area: 0.00022125755942327882
CentroidX: 0.4409
CentroidY: 0.4581
