Location: 2025-04-16_191458-1.png_Mean-Closing.png
Component: component_1744836089641_105.png
centerX: 0.13780918727915195
centerY: 0.11210954214805306
width: 0.030624263839811542
height: 0.022250748823277707
Area: 0.00031651423079229863
CentroidX: 0.1522
CentroidY: 0.1237
