Location: 2025-04-16_191458-1.png_Mean-Closing.png
Component: component_1744836089895_369.png
centerX: 0.05712603062426384
centerY: 0.449721865639709
width: 0.022968197879858657
height: 0.018399657680787333
Area: 0.00014666503369515748
CentroidX: 0.0676
CentroidY: 0.4598
