Location: 2025-04-16_191433-1.png_Mean-Medain.png
Component: component_1744836090236_528.png
centerX: 0.26089517078916374
centerY: 0.750106974753958
width: 0.02944640753828033
height: 0.023106546854942234
Area: 0.0003258382965083138
CentroidX: 0.2743
CentroidY: 0.7622
