Location: 2025-04-16_191458-1.png_Mean-Closing.png
Component: component_1744836089636_77.png
centerX: 0.4416961130742049
centerY: 0.07359863072314933
width: 0.03415783274440518
height: 0.02396234488660676
Area: 0.0003402023977464993
CentroidX: 0.4572
CentroidY: 0.0841
