Location: 2025-04-16_191433-1.png_Gaussian-Median.png
Component: component_1744836089111_306.png
centerX: 0.5070671378091873
centerY: 0.4249037227214377
width: 0.030035335689045935
height: 0.02011125374411639
Area: 0.00023007762158707695
CentroidX: 0.5203
CentroidY: 0.4361
