Location: 2025-04-16_191458-1.png_Mean-Closing.png
Component: component_1744836089999_607.png
centerX: 0.12661955241460543
centerY: 0.8249893025246042
width: 0.025323910482921083
height: 0.019255455712451863
Area: 0.00022201356475160436
CentroidX: 0.1377
CentroidY: 0.8349
