Location: 2025-04-16_191433-1.png_Gaussian-Median.png
Component: component_1744836089158_600.png
centerX: 0.7102473498233216
centerY: 0.8301240907145914
width: 0.03180212014134275
height: 0.024390243902439025
Area: 0.0003928707689531796
CentroidX: 0.7247
CentroidY: 0.8434
