Location: 2025-04-16_191433-1.png_Mean-Medain.png
Component: component_1744836090271_655.png
centerX: 0.6707891637220259
centerY: 0.9418057338468121
width: 0.032391048292108364
height: 0.023106546854942234
Area: 0.0003558265078652274
CentroidX: 0.6857
CentroidY: 0.9541
