Location: 2025-04-16_191433-1.png_Mean-Medain.png
Component: component_1744836090128_118.png
centerX: 0.7885747938751473
centerY: 0.13008130081300814
width: 0.030035335689045935
height: 0.022250748823277707
Area: 0.00024469372460137097
CentroidX: 0.8027
CentroidY: 0.1416
