Location: 2025-04-16_191458-1.png_Gaussian-Closing.png
Component: component_1744836089495_493.png
centerX: 0.3309776207302709
centerY: 0.6718014548566539
width: 0.026501766784452298
height: 0.021822849807445442
Area: 0.0002814859839132146
CentroidX: 0.3431
CentroidY: 0.6824
