Location: 2025-04-16_191458-1.png_Mean-Closing.png
Component: component_1744836089918_409.png
centerX: 0.4275618374558304
centerY: 0.5160462130937099
width: 0.030624263839811542
height: 0.02139495079161318
Area: 0.0002935820691664235
CentroidX: 0.4416
CentroidY: 0.5275
