Location: 2025-04-16_191458-1.png_Mean-Closing.png
Component: component_1744836090031_655.png
centerX: 0.4752650176678445
centerY: 0.9375267436884895
width: 0.03121319199057715
height: 0.024390243902439025
Area: 0.00033365035156767786
CentroidX: 0.4903
CentroidY: 0.9497
