Location: 2025-04-16_191458-1.png_Gaussian-Closing.png
Component: component_1744836089449_404.png
centerX: 0.508833922261484
centerY: 0.5498502353444588
width: 0.03769140164899882
height: 0.026529738981600343
Area: 0.0003858147192221411
CentroidX: 0.5259
CentroidY: 0.5634
