Location: 2025-04-16_191433-1.png_Gaussian-Median.png
Component: component_1744836089136_473.png
centerX: 0.16489988221436985
centerY: 0.6662387676508345
width: 0.03180212014134275
height: 0.024818142918271287
Area: 0.00036263055582015744
CentroidX: 0.1798
CentroidY: 0.6798
