Location: 2025-04-16_191433-1.png_Gaussian-Median.png
Component: component_1744836089077_107.png
centerX: 0.09128386336866902
centerY: 0.16730851519041506
width: 0.028857479387514724
height: 0.02011125374411639
Area: 0.0002114294901550466
CentroidX: 0.1048
CentroidY: 0.1780
