Location: 2025-04-16_191458-1.png_Mean-Closing.png
Component: component_1744836089904_382.png
centerX: 0.5759717314487632
centerY: 0.4809584937954643
width: 0.024146054181389872
height: 0.02011125374411639
Area: 0.00020134941911070588
CentroidX: 0.5874
CentroidY: 0.4914
