Location: 2025-04-16_191433-1.png_Gaussian-Median.png
Component: component_1744836089160_614.png
centerX: 0.9546525323910483
centerY: 0.8647839109970047
width: 0.028857479387514724
height: 0.026529738981600343
Area: 0.00036212655226794036
CentroidX: 0.9692
CentroidY: 0.8772
