Location: 2025-04-16_191458-1.png_Gaussian-Closing.png
Component: component_1744836089285_251.png
centerX: 0.571849234393404
centerY: 0.33932391955498503
width: 0.027090694935217905
height: 0.02139495079161318
Area: 0.00025275778143684356
CentroidX: 0.5849
CentroidY: 0.3495
