Location: 2025-04-16_191458-1.png_Gaussian-Closing.png
Component: component_1744836089497_502.png
centerX: 0.6525323910482921
centerY: 0.7056054771074026
width: 0.04534746760895171
height: 0.02396234488660676
Area: 0.0004223549767578762
CentroidX: 0.6732
CentroidY: 0.7184
