Location: 2025-04-16_191458-1.png_Mean-Closing.png
Component: component_1744836089656_144.png
centerX: 0.6878680800942285
centerY: 0.17843388960205392
width: 0.027090694935217905
height: 0.0235344458707745
Area: 0.0002993781100169194
CentroidX: 0.7010
CentroidY: 0.1896
