Location: 2025-04-16_191458-1.png_Mean-Closing.png
Component: component_1744836090002_619.png
centerX: 0.4204946996466431
centerY: 0.8609328198545143
width: 0.027090694935217905
height: 0.023106546854942234
Area: 0.0002857700141070594
CentroidX: 0.4334
CentroidY: 0.8723
