Location: 2025-04-16_191458-1.png_Gaussian-Closing.png
Component: component_1744836089218_64.png
centerX: 0.05830388692579505
centerY: 0.07916131792896876
width: 0.030035335689045935
height: 0.0235344458707745
Area: 0.0003449904314925612
CentroidX: 0.0727
CentroidY: 0.0912
