Location: 2025-04-16_191458-1.png_Gaussian-Closing.png
Component: component_1744836089409_325.png
centerX: 0.17137809187279152
centerY: 0.4150620453572957
width: 0.024734982332155476
height: 0.017115960633290545
Area: 0.00018496930366365222
CentroidX: 0.1827
CentroidY: 0.4235
