Location: 2025-04-16_191458-1.png_Gaussian-Closing.png
Component: component_1744836089378_296.png
centerX: 0.2714958775029446
centerY: 0.3808301240907146
width: 0.024146054181389872
height: 0.01797175866495507
Area: 0.00017841725748483076
CentroidX: 0.2825
CentroidY: 0.3899
