Location: 2025-04-16_191433-1.png_Gaussian-Median.png
Component: component_1744836089110_305.png
centerX: 0.46760895170789163
centerY: 0.4249037227214377
width: 0.028268551236749116
height: 0.019683354728284124
Area: 0.00022780960560210027
CentroidX: 0.4812
CentroidY: 0.4356
