Location: 2025-04-16_191458-1.png_Mean-Closing.png
Component: component_1744836089696_218.png
centerX: 0.9240282685512368
centerY: 0.27086007702182285
width: 0.024734982332155476
height: 0.02011125374411639
Area: 0.00023536965888535584
CentroidX: 0.9357
CentroidY: 0.2814
