Location: 2025-04-16_191433-1.png_Mean-Medain.png
Component: component_1744836090266_632.png
centerX: 0.6743227326266196
centerY: 0.9054343175010697
width: 0.03297997644287397
height: 0.02396234488660676
Area: 0.0003747266410733663
CentroidX: 0.6886
CentroidY: 0.9190
