Location: 2025-04-16_191458-1.png_Gaussian-Closing.png
Component: component_1744836089579_664.png
centerX: 0.8127208480565371
centerY: 0.9435173299101413
width: 0.02767962308598351
height: 0.02139495079161318
Area: 0.0002880380300920361
CentroidX: 0.8251
CentroidY: 0.9547
