Location: 2025-04-16_191458-1.png_Gaussian-Closing.png
Component: component_1744836089415_347.png
centerX: 0.12956419316843346
centerY: 0.44715447154471544
width: 0.025323910482921083
height: 0.021822849807445442
Area: 0.000216973529229434
CentroidX: 0.1412
CentroidY: 0.4578
