Location: 2025-04-16_191458-1.png_Gaussian-Closing.png
Component: component_1744836089582_677.png
centerX: 0.35630153121319197
centerY: 0.9709028669234061
width: 0.028857479387514724
height: 0.025673940949935817
Area: 0.0003026541331063301
CentroidX: 0.3705
CentroidY: 0.9821
