Location: 2025-04-16_191458-1.png_Gaussian-Closing.png
Component: component_1744836089566_626.png
centerX: 0.47290930506478207
centerY: 0.8981600342319213
width: 0.030035335689045935
height: 0.022250748823277707
Area: 0.00030341013843465566
CentroidX: 0.4871
CentroidY: 0.9091
