Location: 2025-04-16_191458-1.png_Mean-Closing.png
Component: component_1744836089639_91.png
centerX: 0.6684334511189635
centerY: 0.10868635002139496
width: 0.030624263839811542
height: 0.025673940949935817
Area: 0.00032281427519501157
CentroidX: 0.6828
CentroidY: 0.1221
