Location: 2025-04-16_191458-1.png_Mean-Closing.png
Component: component_1744836089655_138.png
centerX: 0.3657243816254417
centerY: 0.17672229353872487
width: 0.026501766784452298
height: 0.02267864783910997
Area: 0.0002835019981220828
CentroidX: 0.3779
CentroidY: 0.1880
