Location: 2025-04-16_191458-1.png_Gaussian-Closing.png
Component: component_1744836089549_621.png
centerX: 0.9558303886925795
centerY: 0.8635002139495079
width: 0.02767962308598351
height: 0.021822849807445442
Area: 0.0003051741508674153
CentroidX: 0.9695
CentroidY: 0.8737
