Location: 2025-04-16_191458-1.png_Gaussian-Closing.png
Component: component_1744836089231_135.png
centerX: 0.26089517078916374
centerY: 0.18014548566538297
width: 0.028857479387514724
height: 0.020967051775780916
Area: 0.00030416614376298126
CentroidX: 0.2748
CentroidY: 0.1905
