Location: 2025-04-16_191458-1.png_Mean-Closing.png
Component: component_1744836089639_90.png
centerX: 0.36984687868080096
centerY: 0.10868635002139496
width: 0.024734982332155476
height: 0.02610183996576808
Area: 0.0002920700585097724
CentroidX: 0.3811
CentroidY: 0.1210
