Location: 2025-04-16_191433-1.png_Mean-Medain.png
Component: component_1744836090142_188.png
centerX: 0.9305064782096584
centerY: 0.21138211382113822
width: 0.024734982332155476
height: 0.019255455712451863
Area: 0.00019076534451414813
CentroidX: 0.9418
CentroidY: 0.2205
