Location: 2025-04-16_191458-1.png_Mean-Closing.png
Component: component_1744836089667_158.png
centerX: 0.16195524146054183
centerY: 0.18142918271287975
width: 0.024146054181389872
height: 0.023106546854942234
Area: 0.0002787139643760209
CentroidX: 0.1734
CentroidY: 0.1929
