Location: 2025-04-16_191458-1.png_Mean-Closing.png
Component: component_1744836090070_688.png
centerX: 0.6908127208480566
centerY: 0.9709028669234061
width: 0.03297997644287397
height: 0.023106546854942234
Area: 0.0003273503071649649
CentroidX: 0.7058
CentroidY: 0.9824
