Location: 2025-04-16_191433-1.png_Mean-Medain.png
Component: component_1744836090116_57.png
centerX: 0.12897526501766785
centerY: 0.06204535729567822
width: 0.026501766784452298
height: 0.019255455712451863
Area: 0.00022780960560210027
CentroidX: 0.1417
CentroidY: 0.0719
