Location: 2025-04-16_191433-1.png_Gaussian-Median.png
Component: component_1744836089064_37.png
centerX: 0.16607773851590105
centerY: 0.06247325631151048
width: 0.025323910482921083
height: 0.02011125374411639
Area: 0.00022806160737820881
CentroidX: 0.1777
CentroidY: 0.0733
