Location: 2025-04-16_191433-1.png_Mean-Medain.png
Component: component_1744836090161_262.png
centerX: 0.690223792697291
centerY: 0.3162173727000428
width: 0.028857479387514724
height: 0.019683354728284124
Area: 0.00019756939246907813
CentroidX: 0.7035
CentroidY: 0.3263
