Location: 2025-04-16_191433-1.png_Gaussian-Median.png
Component: component_1744836089183_700.png
centerX: 0.127208480565371
centerY: 0.9743260590500642
width: 0.03121319199057715
height: 0.024390243902439025
Area: 0.0003477624510297549
CentroidX: 0.1427
CentroidY: 0.9854
