Location: 2025-04-16_191458-1.png_Gaussian-Closing.png
Component: component_1744836089542_596.png
centerX: 0.7956419316843345
centerY: 0.8249893025246042
width: 0.02591283863368669
height: 0.020967051775780916
Area: 0.0002895500407486872
CentroidX: 0.8079
CentroidY: 0.8346
