Location: 2025-04-16_191433-1.png_Mean-Medain.png
Component: component_1744836090122_88.png
centerX: 0.12897526501766785
centerY: 0.09713307659392384
width: 0.026501766784452298
height: 0.02011125374411639
Area: 0.00018572530899197778
CentroidX: 0.1420
CentroidY: 0.1070
