Location: 2025-04-16_191458-1.png_Gaussian-Closing.png
Component: component_1744836089233_149.png
centerX: 0.7985865724381626
centerY: 0.20539152759948653
width: 0.024734982332155476
height: 0.019255455712451863
Area: 0.00021344550436391477
CentroidX: 0.8097
CentroidY: 0.2153
