Location: 2025-04-16_191458-1.png_Mean-Closing.png
Component: component_1744836089927_443.png
centerX: 0.04652532391048292
centerY: 0.5575524176294394
width: 0.03297997644287397
height: 0.02011125374411639
Area: 0.0002615778436006417
CentroidX: 0.0617
CentroidY: 0.5682
