Location: 2025-04-16_191458-1.png_Gaussian-Closing.png
Component: component_1744836089237_167.png
centerX: 0.048292108362779744
centerY: 0.22036799315361574
width: 0.02767962308598351
height: 0.024390243902439025
Area: 0.00030089012067357053
CentroidX: 0.0619
CentroidY: 0.2318
