Location: 2025-04-16_191458-1.png_Mean-Closing.png
Component: component_1744836089696_219.png
centerX: 0.660188457008245
centerY: 0.2717158750534874
width: 0.026501766784452298
height: 0.023106546854942234
Area: 0.00025527779919792874
CentroidX: 0.6724
CentroidY: 0.2838
