Location: 2025-04-16_191433-1.png_Mean-Medain.png
Component: component_1744836090212_464.png
centerX: 0.31566548881036516
centerY: 0.6238767650834403
width: 0.026501766784452298
height: 0.0235344458707745
Area: 0.0003119781988223453
CentroidX: 0.3284
CentroidY: 0.6357
