Location: 2025-04-16_191458-1.png_Mean-Closing.png
Component: component_1744836089671_171.png
centerX: 0.6230859835100118
centerY: 0.21052631578947367
width: 0.027090694935217905
height: 0.02011125374411639
Area: 0.0002391496855269836
CentroidX: 0.6354
CentroidY: 0.2216
