Location: 2025-04-16_191458-1.png_Gaussian-Closing.png
Component: component_1744836089262_239.png
centerX: 0.46937573616018846
centerY: 0.3102267864783911
width: 0.025323910482921083
height: 0.02139495079161318
Area: 0.00023738567309422397
CentroidX: 0.4814
CentroidY: 0.3210
