Location: 2025-04-16_191433-1.png_Mean-Medain.png
Component: component_1744836090216_478.png
centerX: 0.6413427561837456
centerY: 0.6277278562259306
width: 0.028857479387514724
height: 0.02139495079161318
Area: 0.0003213022645383605
CentroidX: 0.6552
CentroidY: 0.6387
