Location: 2025-04-16_191458-1.png_Gaussian-Closing.png
Component: component_1744836089497_501.png
centerX: 0.7414605418138988
centerY: 0.7047496790757382
width: 0.03415783274440518
height: 0.023106546854942234
Area: 0.00035885052917852963
CentroidX: 0.7573
CentroidY: 0.7171
