Location: 2025-04-16_191433-1.png_Gaussian-Median.png
Component: component_1744836089111_311.png
centerX: 0.5830388692579506
centerY: 0.42533162173727
width: 0.027090694935217905
height: 0.02011125374411639
Area: 0.00022302157185603844
CentroidX: 0.5961
CentroidY: 0.4355
