Location: 2025-04-16_191433-1.png_Mean-Medain.png
Component: component_1744836090191_384.png
centerX: 0.14958775029446408
centerY: 0.4993581514762516
width: 0.02767962308598351
height: 0.019683354728284124
Area: 0.00020689345818509329
CentroidX: 0.1627
CentroidY: 0.5094
