Location: 2025-04-16_191458-1.png_Mean-Closing.png
Component: component_1744836089671_172.png
centerX: 0.585394581861013
centerY: 0.21138211382113822
width: 0.02591283863368669
height: 0.01668806161745828
Area: 0.00014893304968013416
CentroidX: 0.5974
CentroidY: 0.2205
