Location: 2025-04-16_191433-1.png_Mean-Medain.png
Component: component_1744836090176_316.png
centerX: 0.7956419316843345
centerY: 0.38810440735986307
width: 0.023557126030624265
height: 0.02139495079161318
Area: 0.00020260942799124848
CentroidX: 0.8066
CentroidY: 0.3994
