Location: 2025-04-16_191433-1.png_Gaussian-Median.png
Component: component_1744836089130_444.png
centerX: 0.08480565371024736
centerY: 0.6230209670517758
width: 0.026501766784452298
height: 0.022250748823277707
Area: 0.00023410965000481324
CentroidX: 0.0967
CentroidY: 0.6350
