Location: 2025-04-16_191458-1.png_Gaussian-Closing.png
Component: component_1744836089233_148.png
centerX: 0.9051825677267373
centerY: 0.20282413350449294
width: 0.023557126030624265
height: 0.019683354728284124
Area: 0.0002366296677658984
CentroidX: 0.9163
CentroidY: 0.2125
