Location: easy43_Mean-Closing.png
Component: component_1744297380665_956.png
centerX: 0.7496977025392987
centerY: 0.5878580589995724
width: 0.013905683192261185
height: 0.011970927746900385
Area: 7.160016811822868e-05
CentroidX: 0.7563
CentroidY: 0.5934
