Location: 2025-04-16_191458-1.png_Gaussian-Closing.png
Component: component_1744836089547_617.png
centerX: 0.16489988221436985
centerY: 0.8617886178861789
width: 0.030624263839811542
height: 0.02139495079161318
Area: 0.0003064341597479579
CentroidX: 0.1790
CentroidY: 0.8729
