Location: 2025-04-16_191458-1.png_Mean-Closing.png
Component: component_1744836089921_419.png
centerX: 0.20082449941107186
centerY: 0.5203252032520326
width: 0.025323910482921083
height: 0.01797175866495507
Area: 0.00023990569085530916
CentroidX: 0.2130
CentroidY: 0.5298
