Location: 2025-04-16_191458-1.png_Mean-Closing.png
Component: component_1744836089683_196.png
centerX: 0.6743227326266196
centerY: 0.23791185280273855
width: 0.028268551236749116
height: 0.02267864783910997
Area: 0.0002698939022122228
CentroidX: 0.6872
CentroidY: 0.2499
