Location: 2025-04-16_191433-1.png_Gaussian-Median.png
Component: component_1744836089099_236.png
centerX: 0.3032979976442874
centerY: 0.34745400085579803
width: 0.02591283863368669
height: 0.02139495079161318
Area: 0.00019933340490183775
CentroidX: 0.3144
CentroidY: 0.3592
