Location: 2025-04-16_191458-1.png_Gaussian-Closing.png
Component: component_1744836089410_331.png
centerX: 0.958186101295642
centerY: 0.44458707744972187
width: 0.028857479387514724
height: 0.023106546854942234
Area: 0.0002603178347200991
CentroidX: 0.9713
CentroidY: 0.4556
