Location: 2025-04-16_191458-1.png_Gaussian-Closing.png
Component: component_1744836089455_419.png
centerX: 0.823321554770318
centerY: 0.5532734274711169
width: 0.03297997644287397
height: 0.0235344458707745
Area: 0.00032961832314994154
CentroidX: 0.8384
CentroidY: 0.5648
