Location: easy21_Mean-Medain.png
Component: component_1744297380858_454.png
centerX: 0.8491935483870968
centerY: 0.40229885057471265
width: 0.021774193548387097
height: 0.017720306513409962
Area: 0.0001185731059201582
CentroidX: 0.8588
CentroidY: 0.4107
