Location: 2025-04-16_191433-1.png_Gaussian-Median.png
Component: component_1744836089092_192.png
centerX: 0.4381625441696113
centerY: 0.2764227642276423
width: 0.02591283863368669
height: 0.020967051775780916
Area: 0.0002016014208868144
CentroidX: 0.4504
CentroidY: 0.2867
