Location: 2025-04-16_191458-1.png_Gaussian-Closing.png
Component: component_1744836089408_320.png
centerX: 0.2067137809187279
centerY: 0.4146341463414634
width: 0.027090694935217905
height: 0.017543859649122806
Area: 0.00020210542443903145
CentroidX: 0.2188
CentroidY: 0.4236
