Location: 2025-04-16_191433-1.png_Mean-Medain.png
Component: component_1744836090184_354.png
centerX: 0.914605418138987
centerY: 0.42618741976893454
width: 0.03121319199057715
height: 0.018399657680787333
Area: 0.00022982561981096844
CentroidX: 0.9283
CentroidY: 0.4359
