Location: easy21_Mean-Medain.png
Component: component_1744297381068_1057.png
centerX: 0.4306451612903226
centerY: 0.7907088122605364
width: 0.021774193548387097
height: 0.017720306513409962
Area: 0.00012282165368928438
CentroidX: 0.4399
CentroidY: 0.7987
