Location: easy16_Gaussian-Median.png
Component: component_1744297381660_94.png
centerX: 0.2903225806451613
centerY: 0.06800766283524905
width: 0.020161290322580645
height: 0.017241379310344827
Area: 0.00010582746261277963
CentroidX: 0.2992
CentroidY: 0.0760
