Location: 2025-04-16_191433-1.png_Gaussian-Median.png
Component: component_1744836089116_340.png
centerX: 0.8050647820965842
centerY: 0.4634146341463415
width: 0.022968197879858657
height: 0.019683354728284124
Area: 0.00020084541555848886
CentroidX: 0.8152
CentroidY: 0.4739
