Location: 2025-04-16_191458-1.png_Gaussian-Closing.png
Component: component_1744836089289_253.png
centerX: 0.19257950530035337
centerY: 0.34017971758664955
width: 0.025323910482921083
height: 0.019683354728284124
Area: 0.00022024955231884474
CentroidX: 0.2040
CentroidY: 0.3506
