Location: 2025-04-16_191458-1.png_Mean-Closing.png
Component: component_1744836089876_317.png
centerX: 0.1972909305064782
centerY: 0.3821138211382114
width: 0.023557126030624265
height: 0.017115960633290545
Area: 0.00017438522906709447
CentroidX: 0.2067
CentroidY: 0.3916
