Location: 2025-04-16_191433-1.png_Gaussian-Median.png
Component: component_1744836089076_96.png
centerX: 0.17196702002355713
centerY: 0.1317928968763372
width: 0.02591283863368669
height: 0.018399657680787333
Area: 0.0002179815363338681
CentroidX: 0.1839
CentroidY: 0.1410
