Location: 2025-04-16_191433-1.png_Mean-Medain.png
Component: component_1744836090178_321.png
centerX: 0.9316843345111896
centerY: 0.3898160034231921
width: 0.024146054181389872
height: 0.02053915275994865
Area: 0.00020638945463287626
CentroidX: 0.9425
CentroidY: 0.4007
