Location: 2025-04-16_191433-1.png_Gaussian-Median.png
Component: component_1744836089060_13.png
centerX: 0.2785630153121319
centerY: 0.026957637997432605
width: 0.028268551236749116
height: 0.023106546854942234
Area: 0.00027619394661493573
CentroidX: 0.2925
CentroidY: 0.0376
