Location: 2025-04-16_191458-1.png_Mean-Closing.png
Component: component_1744836089792_286.png
centerX: 0.3474676089517079
centerY: 0.3427471116816431
width: 0.02767962308598351
height: 0.018399657680787333
Area: 0.00021772953455775955
CentroidX: 0.3595
CentroidY: 0.3521
