Location: 2025-04-16_191458-1.png_Mean-Closing.png
Component: component_1744836089986_558.png
centerX: 0.24499411071849234
centerY: 0.7471116816431322
width: 0.028268551236749116
height: 0.021822849807445442
Area: 0.0002807299785848891
CentroidX: 0.2591
CentroidY: 0.7581
