Location: 2025-04-16_191433-1.png_Mean-Medain.png
Component: component_1744836090197_412.png
centerX: 0.037102473498233215
centerY: 0.5382969619169876
width: 0.02237926972909305
height: 0.02267864783910997
Area: 0.0002885420336442531
CentroidX: 0.0480
CentroidY: 0.5494
