Location: 2025-04-16_191433-1.png_Mean-Medain.png
Component: component_1744836090252_561.png
centerX: 0.6207302709069493
centerY: 0.79204107830552
width: 0.030624263839811542
height: 0.02139495079161318
Area: 0.0003213022645383605
CentroidX: 0.6339
CentroidY: 0.8034
