Location: 2025-04-16_191458-1.png_Gaussian-Closing.png
Component: component_1744836089243_195.png
centerX: 0.08775029446407538
centerY: 0.2537441163885323
width: 0.026501766784452298
height: 0.02053915275994865
Area: 0.00020386943687179107
CentroidX: 0.1001
CentroidY: 0.2648
