Location: 2025-04-16_191433-1.png_Mean-Medain.png
Component: component_1744836090216_479.png
centerX: 0.6849234393404005
centerY: 0.6272999572100985
width: 0.027090694935217905
height: 0.022250748823277707
Area: 0.00031374221125510493
CentroidX: 0.6975
CentroidY: 0.6386
