Location: 2025-04-16_191458-1.png_Gaussian-Closing.png
Component: component_1744836089447_395.png
centerX: 0.2773851590106007
centerY: 0.517757809157039
width: 0.024734982332155476
height: 0.02053915275994865
Area: 0.0002540177903173862
CentroidX: 0.2890
CentroidY: 0.5284
