Location: 2025-04-16_191433-1.png_Mean-Medain.png
Component: component_1744836090196_405.png
centerX: 0.2408716136631331
centerY: 0.5365853658536586
width: 0.027090694935217905
height: 0.023106546854942234
Area: 0.0002381416784225495
CentroidX: 0.2544
CentroidY: 0.5480
