Location: 2025-04-16_191433-1.png_Mean-Medain.png
Component: component_1744836090116_58.png
centerX: 0.27385159010600707
centerY: 0.06161745827984596
width: 0.03121319199057715
height: 0.02139495079161318
Area: 0.00026812988977946314
CentroidX: 0.2889
CentroidY: 0.0720
