Location: 2025-04-16_191458-1.png_Mean-Closing.png
Component: component_1744836089697_224.png
centerX: 0.7444051825677267
centerY: 0.2734274711168164
width: 0.024146054181389872
height: 0.02139495079161318
Area: 0.00023335364467648768
CentroidX: 0.7558
CentroidY: 0.2843
