Location: 2025-04-16_191433-1.png_Mean-Medain.png
Component: component_1744836090163_271.png
centerX: 0.04122497055359246
centerY: 0.34873769790329484
width: 0.027090694935217905
height: 0.01797175866495507
Area: 0.0001592651225005834
CentroidX: 0.0533
CentroidY: 0.3588
