Location: 2025-04-16_191458-1.png_Mean-Closing.png
Component: component_1744836090019_647.png
centerX: 0.8663133097762074
centerY: 0.9015832263585793
width: 0.03297997644287397
height: 0.02267864783910997
Area: 0.0003160102272400816
CentroidX: 0.8810
CentroidY: 0.9131
