Location: 2025-04-16_191433-1.png_Gaussian-Median.png
Component: component_1744836089081_131.png
centerX: 0.08598351001177856
centerY: 0.1998288403936671
width: 0.024146054181389872
height: 0.018827556696619598
Area: 0.0002058854510806592
CentroidX: 0.0977
CentroidY: 0.2092
