Location: 2025-04-16_191433-1.png_Gaussian-Median.png
Component: component_1744836089085_154.png
centerX: 0.9623085983510011
centerY: 0.21095421480530593
width: 0.027090694935217905
height: 0.019255455712451863
Area: 0.00021445351146834882
CentroidX: 0.9756
CentroidY: 0.2195
