Location: 2025-04-16_191433-1.png_Gaussian-Median.png
Component: component_1744836089154_575.png
centerX: 0.8745583038869258
centerY: 0.7928968763371844
width: 0.03121319199057715
height: 0.023106546854942234
Area: 0.00033314634801546084
CentroidX: 0.8892
CentroidY: 0.8050
