Location: 2025-04-16_191458-1.png_Mean-Closing.png
Component: component_1744836089961_508.png
centerX: 0.2591283863368669
centerY: 0.6718014548566539
width: 0.027090694935217905
height: 0.021822849807445442
Area: 0.00029811810113637683
CentroidX: 0.2717
CentroidY: 0.6829
