Location: 2025-04-16_191458-1.png_Gaussian-Closing.png
Component: component_1744836089570_633.png
centerX: 0.9098939929328622
centerY: 0.8998716302952503
width: 0.032391048292108364
height: 0.023106546854942234
Area: 0.0003311303338065927
CentroidX: 0.9252
CentroidY: 0.9111
