Location: 2025-04-16_191458-1.png_Mean-Closing.png
Component: component_1744836090008_635.png
centerX: 0.7391048292108363
centerY: 0.8968763371844245
width: 0.032391048292108364
height: 0.025246041934103552
Area: 0.0003689306002228704
CentroidX: 0.7553
CentroidY: 0.9092
