Location: 2025-04-16_191433-1.png_Mean-Medain.png
Component: component_1744836090200_424.png
centerX: 0.673733804475854
centerY: 0.5425759520753102
width: 0.027090694935217905
height: 0.019683354728284124
Area: 0.00022402957896047252
CentroidX: 0.6867
CentroidY: 0.5520
