Location: 2025-04-16_191433-1.png_Mean-Medain.png
Component: component_1744836090184_352.png
centerX: 0.6554770318021201
centerY: 0.42618741976893454
width: 0.023557126030624265
height: 0.019683354728284124
Area: 0.00018874933030528
CentroidX: 0.6664
CentroidY: 0.4364
