Location: 2025-04-16_191433-1.png_Gaussian-Median.png
Component: component_1744836089097_226.png
centerX: 0.5223792697290931
centerY: 0.3157894736842105
width: 0.030035335689045935
height: 0.01797175866495507
Area: 0.00019479737293188443
CentroidX: 0.5371
CentroidY: 0.3247
