Location: easy43_Mean-Closing.png
Component: component_1744297380625_607.png
centerX: 0.19709794437726724
centerY: 0.41342454040188115
width: 0.013905683192261185
height: 0.011543394613082514
Area: 5.376474717903092e-05
CentroidX: 0.2028
CentroidY: 0.4197
