Location: 2025-04-16_191433-1.png_Mean-Medain.png
Component: component_1744836090138_168.png
centerX: 0.20789163722025913
centerY: 0.2011125374411639
width: 0.028268551236749116
height: 0.018399657680787333
Area: 0.0002222655665277129
CentroidX: 0.2219
CentroidY: 0.2102
