Location: 2025-04-16_191433-1.png_Mean-Medain.png
Component: component_1744836090265_627.png
centerX: 0.5429917550058893
centerY: 0.9028669234060762
width: 0.028268551236749116
height: 0.025673940949935817
Area: 0.0003585985274024211
CentroidX: 0.5561
CentroidY: 0.9166
