Location: 2025-04-16_191458-1.png_Mean-Closing.png
Component: component_1744836090005_627.png
centerX: 0.16489988221436985
centerY: 0.8617886178861789
width: 0.030624263839811542
height: 0.02139495079161318
Area: 0.000307946170404609
CentroidX: 0.1790
CentroidY: 0.8729
