Location: 2025-04-16_191458-1.png_Mean-Closing.png
Component: component_1744836089983_552.png
centerX: 0.9157832744405182
centerY: 0.7458279845956355
width: 0.026501766784452298
height: 0.02267864783910997
Area: 0.00028198998746543165
CentroidX: 0.9289
CentroidY: 0.7562
