Location: 2025-04-16_191433-1.png_Mean-Medain.png
Component: component_1744836090192_388.png
centerX: 0.038869257950530034
centerY: 0.5002139495079161
width: 0.026501766784452298
height: 0.01797175866495507
Area: 0.00019202535339469073
CentroidX: 0.0505
CentroidY: 0.5103
