Location: 2025-04-16_191433-1.png_Mean-Medain.png
Component: component_1744836090264_625.png
centerX: 0.4587750294464075
centerY: 0.9032948224219084
width: 0.03121319199057715
height: 0.024390243902439025
Area: 0.00036439456825291703
CentroidX: 0.4738
CentroidY: 0.9158
