Location: 2025-04-16_191458-1.png_Gaussian-Closing.png
Component: component_1744836089377_295.png
centerX: 0.05830388692579505
centerY: 0.38125802310654683
width: 0.024146054181389872
height: 0.018827556696619598
Area: 0.00017060520242546669
CentroidX: 0.0683
CentroidY: 0.3920
