Location: 2025-04-16_191433-1.png_Gaussian-Median.png
Component: component_1744836089109_297.png
centerX: 0.32685512367491165
centerY: 0.42148053059477963
width: 0.024146054181389872
height: 0.022250748823277707
Area: 0.00021445351146834882
CentroidX: 0.3380
CentroidY: 0.4332
