Location: 2025-04-16_191433-1.png_Gaussian-Median.png
Component: component_1744836089081_127.png
centerX: 0.9487632508833922
centerY: 0.16987590928540863
width: 0.02767962308598351
height: 0.022250748823277707
Area: 0.00024141770151196027
CentroidX: 0.9626
CentroidY: 0.1804
