Location: 2025-04-16_191433-1.png_Gaussian-Median.png
Component: component_1744836089118_357.png
centerX: 0.44287396937573614
centerY: 0.4993581514762516
width: 0.02944640753828033
height: 0.020967051775780916
Area: 0.00021898954343830214
CentroidX: 0.4562
CentroidY: 0.5108
