Location: 2025-04-16_191458-1.png_Mean-Closing.png
Component: component_1744836090000_610.png
centerX: 0.4958775029446408
centerY: 0.8596491228070176
width: 0.03297997644287397
height: 0.024818142918271287
Area: 0.0003427224155075845
CentroidX: 0.5123
CentroidY: 0.8712
