Location: 2025-04-16_191458-1.png_Gaussian-Closing.png
Component: component_1744836089351_284.png
centerX: 0.8156654888103652
centerY: 0.37783483097988874
width: 0.028268551236749116
height: 0.019683354728284124
Area: 0.00022780960560210027
CentroidX: 0.8284
CentroidY: 0.3879
