Location: 2025-04-16_191433-1.png_Gaussian-Median.png
Component: component_1744836089101_252.png
centerX: 0.5759717314487632
centerY: 0.35173299101412064
width: 0.024734982332155476
height: 0.019683354728284124
Area: 0.0001779132539326137
CentroidX: 0.5872
CentroidY: 0.3624
