Location: 2025-04-16_191458-1.png_Mean-Closing.png
Component: component_1744836089901_373.png
centerX: 0.8080094228504122
centerY: 0.47839109970047067
width: 0.025323910482921083
height: 0.02053915275994865
Area: 0.00019983740845405478
CentroidX: 0.8186
CentroidY: 0.4898
