Location: 2025-04-16_191458-1.png_Gaussian-Closing.png
Component: component_1744836089268_243.png
centerX: 0.2962308598351001
centerY: 0.31065468549422337
width: 0.02591283863368669
height: 0.019683354728284124
Area: 0.00022125755942327882
CentroidX: 0.3070
CentroidY: 0.3211
