Location: 2025-04-16_191458-1.png_Mean-Closing.png
Component: component_1744836090013_645.png
centerX: 0.21319199057714958
centerY: 0.9015832263585793
width: 0.028268551236749116
height: 0.022250748823277707
Area: 0.0002913140531814468
CentroidX: 0.2264
CentroidY: 0.9131
