Location: 2025-04-16_191433-1.png_Gaussian-Median.png
Component: component_1744836089105_271.png
centerX: 0.17373380447585396
centerY: 0.3855370132648695
width: 0.025323910482921083
height: 0.019683354728284124
Area: 0.00021722553100554252
CentroidX: 0.1864
CentroidY: 0.3955
