Location: 2025-04-16_191433-1.png_Mean-Medain.png
Component: component_1744836090176_315.png
centerX: 0.5812720848056537
centerY: 0.38767650834403083
width: 0.021790341578327443
height: 0.02053915275994865
Area: 0.00018824532675306295
CentroidX: 0.5914
CentroidY: 0.3984
