Location: 2025-04-16_191433-1.png_Gaussian-Median.png
Component: component_1744836089110_301.png
centerX: 0.35924617196702
centerY: 0.42362002567394097
width: 0.026501766784452298
height: 0.02053915275994865
Area: 0.0002142015096922403
CentroidX: 0.3716
CentroidY: 0.4344
