Location: 2025-04-16_191433-1.png_Gaussian-Median.png
Component: component_1744836089118_353.png
centerX: 0.11248527679623085
centerY: 0.4993581514762516
width: 0.027090694935217905
height: 0.019683354728284124
Area: 0.00021470551324445734
CentroidX: 0.1257
CentroidY: 0.5092
