Location: 2025-04-16_191458-1.png_Gaussian-Closing.png
Component: component_1744836089488_467.png
centerX: 0.24381625441696114
centerY: 0.6332905434317501
width: 0.030624263839811542
height: 0.023106546854942234
Area: 0.00030593015619574085
CentroidX: 0.2583
CentroidY: 0.6453
