Location: 2025-04-16_191433-1.png_Gaussian-Median.png
Component: component_1744836089136_476.png
centerX: 0.7697290930506479
centerY: 0.6662387676508345
width: 0.027090694935217905
height: 0.023106546854942234
Area: 0.00032684630361274784
CentroidX: 0.7830
CentroidY: 0.6779
