Location: 2025-04-16_191458-1.png_Gaussian-Closing.png
Component: component_1744836089524_548.png
centerX: 0.1254416961130742
centerY: 0.7821994009413779
width: 0.02944640753828033
height: 0.023106546854942234
Area: 0.00029005404430090424
CentroidX: 0.1393
CentroidY: 0.7940
