Location: 2025-04-16_191433-1.png_Mean-Medain.png
Component: component_1744836090209_451.png
centerX: 0.6831566548881036
centerY: 0.5853658536585366
width: 0.02767962308598351
height: 0.019255455712451863
Area: 0.00021924154521441068
CentroidX: 0.6964
CentroidY: 0.5947
