Location: 2025-04-16_191433-1.png_Mean-Medain.png
Component: component_1744836090126_106.png
centerX: 0.6707891637220259
centerY: 0.09884467265725289
width: 0.030035335689045935
height: 0.018827556696619598
Area: 0.00022957361803485992
CentroidX: 0.6843
CentroidY: 0.1091
