Location: 2025-04-16_191458-1.png_Gaussian-Closing.png
Component: component_1744836089492_482.png
centerX: 0.6914016489988222
centerY: 0.6683782627299957
width: 0.030035335689045935
height: 0.023106546854942234
Area: 0.00031147419527012825
CentroidX: 0.7054
CentroidY: 0.6799
