Location: 2025-04-16_191433-1.png_Mean-Medain.png
Component: component_1744836090147_213.png
centerX: 0.7691401648998822
centerY: 0.24475823705605476
width: 0.03121319199057715
height: 0.019683354728284124
Area: 0.00021621752390110844
CentroidX: 0.7832
CentroidY: 0.2547
