Location: 2025-04-16_191458-1.png_Gaussian-Closing.png
Component: component_1744836089225_106.png
centerX: 0.2944640753828033
centerY: 0.1480530594779632
width: 0.027090694935217905
height: 0.024818142918271287
Area: 0.0003049221490913068
CentroidX: 0.3078
CentroidY: 0.1591
