Location: 2025-04-16_191458-1.png_Gaussian-Closing.png
Component: component_1744836089584_686.png
centerX: 0.9528857479387515
centerY: 0.9726144629867352
width: 0.028268551236749116
height: 0.024390243902439025
Area: 0.00030038611712135345
CentroidX: 0.9666
CentroidY: 0.9833
