Location: 2025-04-16_191433-1.png_Mean-Medain.png
Component: component_1744836090140_181.png
centerX: 0.6484098939929329
centerY: 0.20539152759948653
width: 0.02591283863368669
height: 0.020967051775780916
Area: 0.00021621752390110844
CentroidX: 0.6603
CentroidY: 0.2159
