Location: easy26_Mean-Closing.png
Component: component_1744297382015_348.png
centerX: 0.1338709677419355
centerY: 0.2567049808429119
width: 0.020967741935483872
height: 0.017241379310344827
Area: 0.00010775862068965517
CentroidX: 0.1432
CentroidY: 0.2652
