Location: 2025-04-16_191433-1.png_Gaussian-Median.png
Component: component_1744836089093_197.png
centerX: 0.5571260306242638
centerY: 0.27941805733846814
width: 0.023557126030624265
height: 0.02011125374411639
Area: 0.00018975733740971405
CentroidX: 0.5679
CentroidY: 0.2891
