Location: 2025-04-16_191433-1.png_Gaussian-Median.png
Component: component_1744836089182_695.png
centerX: 0.8109540636042403
centerY: 0.9721865639709029
width: 0.0353356890459364
height: 0.0235344458707745
Area: 0.00038858673875933475
CentroidX: 0.8273
CentroidY: 0.9838
