Location: 2025-04-16_191433-1.png_Gaussian-Median.png
Component: component_1744836089106_276.png
centerX: 0.40518256772673733
centerY: 0.38724860932819855
width: 0.024146054181389872
height: 0.019683354728284124
Area: 0.00019328536227523332
CentroidX: 0.4168
CentroidY: 0.3972
