Location: 2025-04-16_191458-1.png_Gaussian-Closing.png
Component: component_1744836089541_593.png
centerX: 0.7449941107184923
centerY: 0.8241335044929397
width: 0.03297997644287397
height: 0.02139495079161318
Area: 0.0003102141863895857
CentroidX: 0.7602
CentroidY: 0.8353
