Location: 2025-04-16_191458-1.png_Gaussian-Closing.png
Component: component_1744836089238_174.png
centerX: 0.8215547703180212
centerY: 0.23577235772357724
width: 0.024146054181389872
height: 0.022250748823277707
Area: 0.0002409136979597432
CentroidX: 0.8324
CentroidY: 0.2468
