Location: 2025-04-16_191433-1.png_Gaussian-Median.png
Component: component_1744836089180_679.png
centerX: 0.9181389870435807
centerY: 0.944801026957638
width: 0.024734982332155476
height: 0.02267864783910997
Area: 0.0002882900318681446
CentroidX: 0.9301
CentroidY: 0.9562
