Location: 2025-04-16_191433-1.png_Gaussian-Median.png
Component: component_1744836089177_664.png
centerX: 0.04122497055359246
centerY: 0.9375267436884895
width: 0.03415783274440518
height: 0.02139495079161318
Area: 0.0003119781988223453
CentroidX: 0.0570
CentroidY: 0.9497
