Location: 2025-04-16_191433-1.png_Mean-Medain.png
Component: component_1744836090193_393.png
centerX: 0.22379269729093051
centerY: 0.501497646555413
width: 0.02767962308598351
height: 0.017543859649122806
Area: 0.00021294150081169772
CentroidX: 0.2370
CentroidY: 0.5106
