Location: 2025-04-16_191458-1.png_Gaussian-Closing.png
Component: component_1744836089235_160.png
centerX: 0.31566548881036516
centerY: 0.21523320496362858
width: 0.024146054181389872
height: 0.021822849807445442
Area: 0.0002673738844511376
CentroidX: 0.3277
CentroidY: 0.2255
