Location: 2025-04-16_191433-1.png_Gaussian-Median.png
Component: component_1744836089112_313.png
centerX: 0.7338044758539458
centerY: 0.42533162173727
width: 0.024146054181389872
height: 0.020967051775780916
Area: 0.00020790146528952737
CentroidX: 0.7445
CentroidY: 0.4361
