Location: 2025-04-16_191433-1.png_Gaussian-Median.png
Component: component_1744836089160_613.png
centerX: 0.4122497055359246
centerY: 0.8647839109970047
width: 0.02767962308598351
height: 0.023106546854942234
Area: 0.0003122302005984538
CentroidX: 0.4254
CentroidY: 0.8772
