Location: 2025-04-16_191433-1.png_Mean-Medain.png
Component: component_1744836090206_441.png
centerX: 0.212603062426384
centerY: 0.581086863500214
width: 0.023557126030624265
height: 0.02053915275994865
Area: 0.0001862293125441948
CentroidX: 0.2236
CentroidY: 0.5908
