Location: 2025-04-16_191433-1.png_Mean-Medain.png
Component: component_1744836090109_14.png
centerX: 0.817432273262662
centerY: 0.008985879332477536
width: 0.1790341578327444
height: 0.02011125374411639
Area: 0.0002671218826750291
CentroidX: 0.9339
CentroidY: 0.0116
