Location: 2025-04-16_191458-1.png_Gaussian-Closing.png
Component: component_1744836089548_620.png
centerX: 0.5830388692579506
centerY: 0.8622165169020112
width: 0.03121319199057715
height: 0.021822849807445442
Area: 0.0003081981721807175
CentroidX: 0.5981
CentroidY: 0.8726
