Location: 2025-04-16_191458-1.png_Gaussian-Closing.png
Component: component_1744836089420_358.png
centerX: 0.9110718492343934
centerY: 0.47881899871630296
width: 0.021790341578327443
height: 0.019683354728284124
Area: 0.00017816525570872222
CentroidX: 0.9206
CentroidY: 0.4886
