Location: 2025-04-16_191458-1.png_Gaussian-Closing.png
Component: component_1744836089211_31.png
centerX: 0.5971731448763251
centerY: 0.038510911424903725
width: 0.027090694935217905
height: 0.02738553701326487
Area: 0.00031676623256840714
CentroidX: 0.6096
CentroidY: 0.0511
