Location: 2025-04-16_191458-1.png_Mean-Closing.png
Component: component_1744836089684_199.png
centerX: 0.5577149587750294
centerY: 0.24261874197689345
width: 0.026501766784452298
height: 0.022250748823277707
Area: 0.00025300978321295207
CentroidX: 0.5704
CentroidY: 0.2534
