Location: 2025-04-16_191433-1.png_Mean-Medain.png
Component: component_1744836090267_637.png
centerX: 0.8032979976442874
centerY: 0.9071459135643988
width: 0.03415783274440518
height: 0.0235344458707745
Area: 0.0003928707689531796
CentroidX: 0.8193
CentroidY: 0.9197
