Location: 2025-04-16_191458-1.png_Gaussian-Closing.png
Component: component_1744836089535_567.png
centerX: 0.9528857479387515
centerY: 0.7860504920838682
width: 0.025323910482921083
height: 0.02267864783910997
Area: 0.0002880380300920361
CentroidX: 0.9653
CentroidY: 0.7963
