Location: 2025-04-16_191433-1.png_Mean-Medain.png
Component: component_1744836090190_379.png
centerX: 0.9534746760895171
centerY: 0.46512623020967053
width: 0.026501766784452298
height: 0.018399657680787333
Area: 0.00020235742621513996
CentroidX: 0.9652
CentroidY: 0.4753
