Location: 2025-04-16_191433-1.png_Mean-Medain.png
Component: component_1744836090139_176.png
centerX: 0.48056537102473496
centerY: 0.20410783055198972
width: 0.024734982332155476
height: 0.02053915275994865
Area: 0.00019731739069296962
CentroidX: 0.4914
CentroidY: 0.2145
