Location: easy16_Gaussian-Median.png
Component: component_1744297381856_887.png
centerX: 0.8661290322580645
centerY: 0.6422413793103449
width: 0.021774193548387097
height: 0.017241379310344827
Area: 0.00011934556915090841
CentroidX: 0.8757
CentroidY: 0.6500
