Location: 2025-04-16_191433-1.png_Mean-Medain.png
Component: component_1744836090119_71.png
centerX: 0.5276796230859835
centerY: 0.06418485237483953
width: 0.027090694935217905
height: 0.02053915275994865
Area: 0.00024746574413856467
CentroidX: 0.5400
CentroidY: 0.0749
