Location: 2025-04-16_191458-1.png_Gaussian-Closing.png
Component: component_1744836089440_376.png
centerX: 0.09187279151943463
centerY: 0.4852374839537869
width: 0.021790341578327443
height: 0.02053915275994865
Area: 0.00019328536227523332
CentroidX: 0.1012
CentroidY: 0.4959
