Location: 2025-04-16_191458-1.png_Mean-Closing.png
Component: component_1744836089877_318.png
centerX: 0.8292108362779741
centerY: 0.40821566110397944
width: 0.024734982332155476
height: 0.021822849807445442
Area: 0.0002182335381099766
CentroidX: 0.8400
CentroidY: 0.4192
