Location: 2025-04-16_191458-1.png_Mean-Closing.png
Component: component_1744836089797_296.png
centerX: 0.9611307420494699
centerY: 0.376551133932392
width: 0.027090694935217905
height: 0.021822849807445442
Area: 0.000251497772556301
CentroidX: 0.9745
CentroidY: 0.3870
