Location: 2025-04-16_191458-1.png_Mean-Closing.png
Component: component_1744836089783_265.png
centerX: 0.08833922261484099
centerY: 0.3115104835258879
width: 0.024146054181389872
height: 0.019255455712451863
Area: 0.0002016014208868144
CentroidX: 0.1004
CentroidY: 0.3209
