Location: 2025-04-16_191458-1.png_Mean-Closing.png
Component: component_1744836089656_141.png
centerX: 0.8780918727915195
centerY: 0.1775780915703894
width: 0.026501766784452298
height: 0.02011125374411639
Area: 0.0002787139643760209
CentroidX: 0.8909
CentroidY: 0.1868
