Location: 2025-04-16_191433-1.png_Mean-Medain.png
Component: component_1744836090192_387.png
centerX: 0.44287396937573614
centerY: 0.4993581514762516
width: 0.02944640753828033
height: 0.02053915275994865
Area: 0.0002152095167966744
CentroidX: 0.4561
CentroidY: 0.5107
