Location: 2025-04-16_191458-1.png_Gaussian-Closing.png
Component: component_1744836089572_639.png
centerX: 0.12073027090694935
centerY: 0.9020111253744116
width: 0.03356890459363958
height: 0.021822849807445442
Area: 0.0003240742840755542
CentroidX: 0.1357
CentroidY: 0.9136
