Location: 2025-04-16_191458-1.png_Mean-Closing.png
Component: component_1744836089934_462.png
centerX: 0.04770318021201413
centerY: 0.590928540864356
width: 0.03180212014134275
height: 0.024390243902439025
Area: 0.0002835019981220828
CentroidX: 0.0628
CentroidY: 0.6039
