Location: 2025-04-16_191433-1.png_Gaussian-Median.png
Component: component_1744836089105_268.png
centerX: 0.07656065959952886
centerY: 0.3851091142490372
width: 0.024734982332155476
height: 0.019683354728284124
Area: 0.00020462544220011664
CentroidX: 0.0886
CentroidY: 0.3951
