Location: 2025-04-16_191433-1.png_Gaussian-Median.png
Component: component_1744836089147_534.png
centerX: 0.4817432273262662
centerY: 0.7513906718014548
width: 0.03180212014134275
height: 0.02396234488660676
Area: 0.00034171440840315045
CentroidX: 0.4961
CentroidY: 0.7644
