Location: 2025-04-16_191433-1.png_Gaussian-Median.png
Component: component_1744836089107_283.png
centerX: 0.6183745583038869
centerY: 0.38853230637569536
width: 0.02120141342756184
height: 0.019683354728284124
Area: 0.0001834572930070011
CentroidX: 0.6283
CentroidY: 0.3989
