Location: 2025-04-16_191458-1.png_Mean-Closing.png
Component: component_1744836089880_329.png
centerX: 0.5759717314487632
centerY: 0.4112109542148053
width: 0.024146054181389872
height: 0.019683354728284124
Area: 0.00020613745285676775
CentroidX: 0.5866
CentroidY: 0.4213
