Location: 2025-04-16_191433-1.png_Gaussian-Median.png
Component: component_1744836089155_584.png
centerX: 0.045936395759717315
centerY: 0.8232777064612752
width: 0.03180212014134275
height: 0.024818142918271287
Area: 0.0004029508399975203
CentroidX: 0.0619
CentroidY: 0.8367
