Location: 2025-04-16_191458-1.png_Gaussian-Closing.png
Component: component_1744836089442_380.png
centerX: 0.9440518256772674
centerY: 0.5117672229353872
width: 0.02237926972909305
height: 0.024390243902439025
Area: 0.00028198998746543165
CentroidX: 0.9549
CentroidY: 0.5244
