Location: 2025-04-16_191433-1.png_Mean-Medain.png
Component: component_1744836090127_117.png
centerX: 0.748527679623086
centerY: 0.1305091998288404
width: 0.026501766784452298
height: 0.02139495079161318
Area: 0.0002338576482287047
CentroidX: 0.7612
CentroidY: 0.1406
