Location: 2025-04-16_191458-1.png_Mean-Closing.png
Component: component_1744836090005_630.png
centerX: 0.5830388692579506
centerY: 0.8622165169020112
width: 0.03121319199057715
height: 0.021822849807445442
Area: 0.0003076941686285005
CentroidX: 0.5981
CentroidY: 0.8726
