Location: 2025-04-16_191458-1.png_Gaussian-Closing.png
Component: component_1744836089500_515.png
centerX: 0.4369846878680801
centerY: 0.7090286692340607
width: 0.04181389870435807
height: 0.02396234488660676
Area: 0.0003850587138938155
CentroidX: 0.4564
CentroidY: 0.7213
