Location: 2025-04-16_191458-1.png_Gaussian-Closing.png
Component: component_1744836089500_514.png
centerX: 0.39870435806831567
centerY: 0.7086007702182285
width: 0.030035335689045935
height: 0.025246041934103552
Area: 0.00033617036932876305
CentroidX: 0.4140
CentroidY: 0.7206
