Location: 2025-04-16_191458-1.png_Gaussian-Closing.png
Component: component_1744836089220_77.png
centerX: 0.7773851590106007
centerY: 0.10868635002139496
width: 0.03415783274440518
height: 0.024390243902439025
Area: 0.0003313823355827012
CentroidX: 0.7927
CentroidY: 0.1213
