Location: 2025-04-16_191458-1.png_Mean-Closing.png
Component: component_1744836089912_394.png
centerX: 0.20259128386336867
centerY: 0.4852374839537869
width: 0.022968197879858657
height: 0.019683354728284124
Area: 0.00019404136760355886
CentroidX: 0.2131
CentroidY: 0.4954
