Location: 2025-04-16_191458-1.png_Mean-Closing.png
Component: component_1744836089774_251.png
centerX: 0.6937573616018846
centerY: 0.30937098844672656
width: 0.028857479387514724
height: 0.020967051775780916
Area: 0.0002676258862272461
CentroidX: 0.7064
CentroidY: 0.3205
