Location: 2025-04-16_191458-1.png_Mean-Closing.png
Component: component_1744836089653_127.png
centerX: 0.7467608951707891
centerY: 0.14890885750962773
width: 0.028857479387514724
height: 0.02396234488660676
Area: 0.0002918180567336639
CentroidX: 0.7595
CentroidY: 0.1610
