Location: 2025-04-16_191458-1.png_Mean-Closing.png
Component: component_1744836089631_54.png
centerX: 0.4387514723203769
centerY: 0.0410783055198973
width: 0.02944640753828033
height: 0.02738553701326487
Area: 0.00034045439952260783
CentroidX: 0.4531
CentroidY: 0.0545
