Location: 2025-04-16_191433-1.png_Gaussian-Median.png
Component: component_1744836089112_318.png
centerX: 0.6554770318021201
centerY: 0.42618741976893454
width: 0.023557126030624265
height: 0.019683354728284124
Area: 0.00018698531787252038
CentroidX: 0.6664
CentroidY: 0.4364
