Location: 2025-04-16_191433-1.png_Mean-Medain.png
Component: component_1744836090254_570.png
centerX: 0.08775029446407538
centerY: 0.8211382113821138
width: 0.030624263839811542
height: 0.028241335044929396
Area: 0.0003530544883280337
CentroidX: 0.1024
CentroidY: 0.8349
