Location: 2025-04-16_191458-1.png_Mean-Closing.png
Component: component_1744836089947_470.png
centerX: 0.8292108362779741
centerY: 0.6272999572100985
width: 0.03297997644287397
height: 0.02610183996576808
Area: 0.0003636385629245915
CentroidX: 0.8449
CentroidY: 0.6403
