Location: 2025-04-16_191433-1.png_Mean-Medain.png
Component: component_1744836090259_592.png
centerX: 0.7926972909305064
centerY: 0.8318356867779204
width: 0.02944640753828033
height: 0.023106546854942234
Area: 0.00033239034268713524
CentroidX: 0.8057
CentroidY: 0.8441
