Location: 2025-04-16_191458-1.png_Mean-Closing.png
Component: component_1744836089782_264.png
centerX: 0.054770318021201414
centerY: 0.3115104835258879
width: 0.02591283863368669
height: 0.02011125374411639
Area: 0.0001958053800363185
CentroidX: 0.0669
CentroidY: 0.3225
