Location: 2025-04-16_191458-1.png_Mean-Closing.png
Component: component_1744836089880_331.png
centerX: 0.6525323910482921
centerY: 0.4112109542148053
width: 0.025323910482921083
height: 0.018827556696619598
Area: 0.0001958053800363185
CentroidX: 0.6632
CentroidY: 0.4215
