Location: 2025-04-16_191458-1.png_Mean-Closing.png
Component: component_1744836089682_192.png
centerX: 0.8869257950530035
centerY: 0.23577235772357724
width: 0.03121319199057715
height: 0.019255455712451863
Area: 0.00027694995194326127
CentroidX: 0.9011
CentroidY: 0.2460
