Location: 2025-04-16_191458-1.png_Gaussian-Closing.png
Component: component_1744836089223_92.png
centerX: 0.19434628975265017
centerY: 0.14634146341463414
width: 0.024146054181389872
height: 0.023106546854942234
Area: 0.0002857700141070594
CentroidX: 0.2063
CentroidY: 0.1572
