Location: 2025-04-16_191433-1.png_Gaussian-Median.png
Component: component_1744836089181_687.png
centerX: 0.3003533568904594
centerY: 0.9709028669234061
width: 0.03121319199057715
height: 0.02738553701326487
Area: 0.0003666625842378937
CentroidX: 0.3146
CentroidY: 0.9839
