Location: 2025-04-16_191458-1.png_Mean-Closing.png
Component: component_1744836089909_385.png
centerX: 0.6136631330977621
centerY: 0.48224219084296105
width: 0.021790341578327443
height: 0.018827556696619598
Area: 0.0001764012432759626
CentroidX: 0.6233
CentroidY: 0.4923
