Location: 2025-04-16_191433-1.png_Mean-Medain.png
Component: component_1744836090273_666.png
centerX: 0.3409893992932862
centerY: 0.9696191698759092
width: 0.0353356890459364
height: 0.025246041934103552
Area: 0.0003906027529682029
CentroidX: 0.3570
CentroidY: 0.9825
