Location: 2025-04-16_191433-1.png_Gaussian-Median.png
Component: component_1744836089126_401.png
centerX: 0.8610129564193169
centerY: 0.5434317501069748
width: 0.027090694935217905
height: 0.02011125374411639
Area: 0.0002308336269154025
CentroidX: 0.8737
CentroidY: 0.5534
