Location: 2025-04-16_191433-1.png_Gaussian-Median.png
Component: component_1744836089129_425.png
centerX: 0.6389870435806831
centerY: 0.5857937526743688
width: 0.032391048292108364
height: 0.018827556696619598
Area: 0.00022730560204988325
CentroidX: 0.6540
CentroidY: 0.5956
