Location: 2025-04-16_191433-1.png_Gaussian-Median.png
Component: component_1744836089118_356.png
centerX: 0.3651354534746761
centerY: 0.4993581514762516
width: 0.030035335689045935
height: 0.02053915275994865
Area: 0.00023209363579594508
CentroidX: 0.3788
CentroidY: 0.5104
