Location: 2025-04-16_191458-1.png_Gaussian-Closing.png
Component: component_1744836089534_560.png
centerX: 0.6177856301531213
centerY: 0.7847667950363714
width: 0.030035335689045935
height: 0.023106546854942234
Area: 0.0002892980389725787
CentroidX: 0.6312
CentroidY: 0.7961
