Location: 2025-04-16_191458-1.png_Mean-Closing.png
Component: component_1744836089706_232.png
centerX: 0.36808009422850413
centerY: 0.2772785622593068
width: 0.028268551236749116
height: 0.019255455712451863
Area: 0.00023587366243757286
CentroidX: 0.3811
CentroidY: 0.2876
