Location: 2025-04-16_191433-1.png_Gaussian-Median.png
Component: component_1744836089119_362.png
centerX: 0.5265017667844523
centerY: 0.49978605049208386
width: 0.03180212014134275
height: 0.02053915275994865
Area: 0.00023839368019865805
CentroidX: 0.5409
CentroidY: 0.5111
