Location: 2025-04-16_191433-1.png_Gaussian-Median.png
Component: component_1744836089157_590.png
centerX: 0.411660777385159
centerY: 0.8258451005562687
width: 0.030035335689045935
height: 0.026529738981600343
Area: 0.00036288255759626595
CentroidX: 0.4267
CentroidY: 0.8396
