Location: 2025-04-16_191458-1.png_Gaussian-Closing.png
Component: component_1744836089543_600.png
centerX: 0.4958775029446408
centerY: 0.8596491228070176
width: 0.03297997644287397
height: 0.024818142918271287
Area: 0.000342974417283693
CentroidX: 0.5124
CentroidY: 0.8712
