Location: 2025-04-16_191458-1.png_Mean-Closing.png
Component: component_1744836090009_639.png
centerX: 0.8203769140164899
centerY: 0.8990158322635858
width: 0.030624263839811542
height: 0.021822849807445442
Area: 0.0003301223267021586
CentroidX: 0.8351
CentroidY: 0.9100
