Location: 2025-04-16_191433-1.png_Mean-Medain.png
Component: component_1744836090185_359.png
centerX: 0.043580683156654886
centerY: 0.46127513906718015
width: 0.022968197879858657
height: 0.02053915275994865
Area: 0.00018925333385749703
CentroidX: 0.0540
CentroidY: 0.4725
