Location: 2025-04-16_191433-1.png_Mean-Medain.png
Component: component_1744836090179_326.png
centerX: 0.9634864546525324
centerY: 0.3902439024390244
width: 0.02237926972909305
height: 0.02053915275994865
Area: 0.00021016948127450401
CentroidX: 0.9738
CentroidY: 0.4007
