Location: 2025-04-16_191433-1.png_Mean-Medain.png
Component: component_1744836090180_334.png
centerX: 0.17667844522968199
centerY: 0.4231921266581087
width: 0.027090694935217905
height: 0.019683354728284124
Area: 0.00020638945463287626
CentroidX: 0.1889
CentroidY: 0.4330
