Location: 2025-04-16_191458-1.png_Mean-Closing.png
Component: component_1744836089983_551.png
centerX: 0.20906949352179033
centerY: 0.7454000855798032
width: 0.028268551236749116
height: 0.0235344458707745
Area: 0.0002890460371964702
CentroidX: 0.2228
CentroidY: 0.7571
