Location: 2025-04-16_191433-1.png_Mean-Medain.png
Component: component_1744836090172_303.png
centerX: 0.10836277974087162
centerY: 0.3855370132648695
width: 0.02591283863368669
height: 0.019255455712451863
Area: 0.00021319350258780623
CentroidX: 0.1207
CentroidY: 0.3951
