Location: 2025-04-16_191433-1.png_Mean-Medain.png
Component: component_1744836090186_362.png
centerX: 0.48056537102473496
centerY: 0.4617030380830124
width: 0.028268551236749116
height: 0.020967051775780916
Area: 0.00022176156297549585
CentroidX: 0.4929
CentroidY: 0.4731
