Location: 2025-04-16_191458-1.png_Mean-Closing.png
Component: component_1744836089636_74.png
centerX: 0.5282685512367491
centerY: 0.07231493367565255
width: 0.030624263839811542
height: 0.023106546854942234
Area: 0.00032205826986668603
CentroidX: 0.5430
CentroidY: 0.0838
