Location: 2025-04-16_191433-1.png_Gaussian-Median.png
Component: component_1744836089099_239.png
centerX: 0.23439340400471143
centerY: 0.34873769790329484
width: 0.022968197879858657
height: 0.019683354728284124
Area: 0.00017967726636537336
CentroidX: 0.2460
CentroidY: 0.3577
