Location: 2025-04-16_191458-1.png_Mean-Closing.png
Component: component_1744836090031_656.png
centerX: 0.1702002355712603
centerY: 0.938382541720154
width: 0.030035335689045935
height: 0.02139495079161318
Area: 0.00027367392885385054
CentroidX: 0.1844
CentroidY: 0.9493
