Location: 2025-04-16_191458-1.png_Mean-Closing.png
Component: component_1744836089942_464.png
centerX: 0.1254416961130742
centerY: 0.5905006418485238
width: 0.028268551236749116
height: 0.024390243902439025
Area: 0.00030341013843465566
CentroidX: 0.1391
CentroidY: 0.6029
