Location: 2025-04-16_191458-1.png_Gaussian-Closing.png
Component: component_1744836089217_61.png
centerX: 0.19257950530035337
centerY: 0.07531022678647839
width: 0.028857479387514724
height: 0.02396234488660676
Area: 0.00032810631249329046
CentroidX: 0.2068
CentroidY: 0.0865
