Location: 2025-04-16_191433-1.png_Gaussian-Median.png
Component: component_1744836089110_302.png
centerX: 0.39399293286219084
centerY: 0.42362002567394097
width: 0.02767962308598351
height: 0.02053915275994865
Area: 0.00021042148305061253
CentroidX: 0.4067
CentroidY: 0.4337
