Location: 2025-04-16_191458-1.png_Gaussian-Closing.png
Component: component_1744836089224_100.png
centerX: 0.5394581861012956
centerY: 0.14719726144629866
width: 0.028857479387514724
height: 0.025673940949935817
Area: 0.0003162622290161901
CentroidX: 0.5534
CentroidY: 0.1590
