Location: 2025-04-16_191458-1.png_Gaussian-Closing.png
Component: component_1744836089378_297.png
centerX: 0.09305064782096584
centerY: 0.3816859221223791
width: 0.024734982332155476
height: 0.018399657680787333
Area: 0.0001958053800363185
CentroidX: 0.1044
CentroidY: 0.3911
