Location: 2025-04-16_191458-1.png_Mean-Closing.png
Component: component_1744836089629_41.png
centerX: 0.23733804475853945
centerY: 0.03808301240907146
width: 0.02591283863368669
height: 0.02866923406076166
Area: 0.0003046701473151983
CentroidX: 0.2496
CentroidY: 0.0514
