Location: 2025-04-16_191458-1.png_Mean-Closing.png
Component: component_1744836089688_204.png
centerX: 0.4098939929328622
centerY: 0.2468977321352161
width: 0.028268551236749116
height: 0.019683354728284124
Area: 0.0002431817139447199
CentroidX: 0.4233
CentroidY: 0.2563
