Location: 2025-04-16_191458-1.png_Mean-Closing.png
Component: component_1744836089653_130.png
centerX: 0.8833922261484098
centerY: 0.14890885750962773
width: 0.023557126030624265
height: 0.0235344458707745
Area: 0.0002658618737944865
CentroidX: 0.8942
CentroidY: 0.1606
