Location: 2025-04-16_191458-1.png_Mean-Closing.png
Component: component_1744836090004_625.png
centerX: 0.04299175500588928
centerY: 0.8622165169020112
width: 0.03121319199057715
height: 0.02139495079161318
Area: 0.00030391414198687274
CentroidX: 0.0567
CentroidY: 0.8740
