Location: 2025-04-16_191433-1.png_Gaussian-Median.png
Component: component_1744836089115_333.png
centerX: 0.36925795053003535
centerY: 0.4621309370988447
width: 0.025323910482921083
height: 0.02011125374411639
Area: 0.0002058854510806592
CentroidX: 0.3810
CentroidY: 0.4725
