Location: 2025-04-16_191458-1.png_Gaussian-Closing.png
Component: component_1744836089231_138.png
centerX: 0.4752650176678445
centerY: 0.18057338468121523
width: 0.02944640753828033
height: 0.02396234488660676
Area: 0.0003160102272400816
CentroidX: 0.4887
CentroidY: 0.1923
