Location: 2025-04-16_191458-1.png_Mean-Closing.png
Component: component_1744836090080_696.png
centerX: 0.9246171967020024
centerY: 0.9726144629867352
width: 0.023557126030624265
height: 0.022250748823277707
Area: 0.0002489777547952158
CentroidX: 0.9358
CentroidY: 0.9829
