Location: 2025-04-16_191458-1.png_Gaussian-Closing.png
Component: component_1744836089213_38.png
centerX: 0.8356890459363958
centerY: 0.04193410355156183
width: 0.024734982332155476
height: 0.02139495079161318
Area: 0.0002658618737944865
CentroidX: 0.8478
CentroidY: 0.0523
