Location: 2025-04-16_191458-1.png_Gaussian-Closing.png
Component: component_1744836089545_609.png
centerX: 0.4204946996466431
centerY: 0.8609328198545143
width: 0.027090694935217905
height: 0.023106546854942234
Area: 0.0002855180123309509
CentroidX: 0.4334
CentroidY: 0.8723
