Location: 2025-04-16_191433-1.png_Mean-Medain.png
Component: component_1744836090188_372.png
centerX: 0.40694935217903416
centerY: 0.4634146341463415
width: 0.022968197879858657
height: 0.018399657680787333
Area: 0.00019756939246907813
CentroidX: 0.4180
CentroidY: 0.4728
