Location: 2025-04-16_191433-1.png_Gaussian-Median.png
Component: component_1744836089117_352.png
centerX: 0.29328621908127206
centerY: 0.4980744544287548
width: 0.024734982332155476
height: 0.020967051775780916
Area: 0.00020412143864789958
CentroidX: 0.3049
CentroidY: 0.5089
