Location: 2025-04-16_191433-1.png_Gaussian-Median.png
Component: component_1744836089142_509.png
centerX: 0.1707891637220259
centerY: 0.711168164313222
width: 0.02944640753828033
height: 0.021822849807445442
Area: 0.0003157582254639731
CentroidX: 0.1838
CentroidY: 0.7235
