Location: 2025-04-16_191433-1.png_Gaussian-Median.png
Component: component_1744836089152_569.png
centerX: 0.45288574793875147
centerY: 0.7907573812580231
width: 0.026501766784452298
height: 0.02139495079161318
Area: 0.00030618215797184936
CentroidX: 0.4653
CentroidY: 0.8023
