Location: 2025-04-16_191433-1.png_Gaussian-Median.png
Component: component_1744836089101_253.png
centerX: 0.6101295641931684
centerY: 0.35216089002995293
width: 0.023557126030624265
height: 0.019255455712451863
Area: 0.00018824532675306295
CentroidX: 0.6212
CentroidY: 0.3620
