Location: 2025-04-16_191433-1.png_Gaussian-Median.png
Component: component_1744836089121_375.png
centerX: 0.9558303886925795
centerY: 0.5040650406504065
width: 0.028268551236749116
height: 0.02011125374411639
Area: 0.0002207535558710618
CentroidX: 0.9687
CentroidY: 0.5143
