Location: 2025-04-16_191458-1.png_Mean-Closing.png
Component: component_1744836089695_213.png
centerX: 0.12190812720848057
centerY: 0.25331621737270005
width: 0.027090694935217905
height: 0.02053915275994865
Area: 0.00020916147417006996
CentroidX: 0.1342
CentroidY: 0.2638
