Location: 2025-04-16_191433-1.png_Mean-Medain.png
Component: component_1744836090220_499.png
centerX: 0.3833922261484099
centerY: 0.6679503637141635
width: 0.02767962308598351
height: 0.02267864783910997
Area: 0.0003190342485533838
CentroidX: 0.3968
CentroidY: 0.6796
