Location: 2025-04-16_191433-1.png_Gaussian-Median.png
Component: component_1744836089129_428.png
centerX: 0.7579505300353356
centerY: 0.5857937526743688
width: 0.026501766784452298
height: 0.019683354728284124
Area: 0.00020916147417006996
CentroidX: 0.7698
CentroidY: 0.5957
