Location: 2025-04-16_191433-1.png_Mean-Medain.png
Component: component_1744836090199_421.png
centerX: 0.5954063604240283
centerY: 0.5412922550278134
width: 0.030624263839811542
height: 0.02053915275994865
Area: 0.00025578180275014577
CentroidX: 0.6097
CentroidY: 0.5521
