Location: 2025-04-16_191458-1.png_Mean-Closing.png
Component: component_1744836089790_277.png
centerX: 0.8992932862190812
centerY: 0.33975181857081727
width: 0.024146054181389872
height: 0.020967051775780916
Area: 0.0002308336269154025
CentroidX: 0.9107
CentroidY: 0.3500
