Location: 2025-04-16_191433-1.png_Mean-Medain.png
Component: component_1744836090141_186.png
centerX: 0.8904593639575972
centerY: 0.21095421480530593
width: 0.02767962308598351
height: 0.019683354728284124
Area: 0.0002179815363338681
CentroidX: 0.9038
CentroidY: 0.2202
