Location: 2025-04-16_191433-1.png_Mean-Medain.png
Component: component_1744836090200_425.png
centerX: 0.8975265017667845
centerY: 0.5425759520753102
width: 0.027090694935217905
height: 0.02139495079161318
Area: 0.0002167215274533255
CentroidX: 0.9096
CentroidY: 0.5534
