Location: 2025-04-16_191433-1.png_Gaussian-Median.png
Component: component_1744836089136_474.png
centerX: 0.6866902237926973
centerY: 0.6658108686350022
width: 0.02944640753828033
height: 0.02396234488660676
Area: 0.0003454944350447782
CentroidX: 0.6993
CentroidY: 0.6789
