Location: 2025-04-16_191433-1.png_Gaussian-Median.png
Component: component_1744836089068_54.png
centerX: 0.8639575971731449
centerY: 0.06632434745400086
width: 0.030035335689045935
height: 0.020967051775780916
Area: 0.0002824939910176487
CentroidX: 0.8775
CentroidY: 0.0771
