Location: 2025-04-16_191433-1.png_Gaussian-Median.png
Component: component_1744836089156_585.png
centerX: 0.2308598351001178
centerY: 0.8249893025246042
width: 0.02944640753828033
height: 0.025673940949935817
Area: 0.0003318863391349182
CentroidX: 0.2443
CentroidY: 0.8379
