Location: 2025-04-16_191458-1.png_Gaussian-Closing.png
Component: component_1744836089408_319.png
centerX: 0.3539458186101296
centerY: 0.41335044929396664
width: 0.025323910482921083
height: 0.018399657680787333
Area: 0.00021369750614002328
CentroidX: 0.3656
CentroidY: 0.4229
