Location: 2025-04-16_191433-1.png_Gaussian-Median.png
Component: component_1744836089087_164.png
centerX: 0.3197879858657244
centerY: 0.23876765083440307
width: 0.026501766784452298
height: 0.02011125374411639
Area: 0.0002016014208868144
CentroidX: 0.3326
CentroidY: 0.2492
