Location: 2025-04-16_191458-1.png_Mean-Closing.png
Component: component_1744836089692_208.png
centerX: 0.22968197879858657
centerY: 0.24818142918271288
width: 0.027090694935217905
height: 0.022250748823277707
Area: 0.00023158963224372806
CentroidX: 0.2425
CentroidY: 0.2592
