Location: 2025-04-16_191458-1.png_Mean-Closing.png
Component: component_1744836090035_661.png
centerX: 0.04946996466431095
centerY: 0.9396662387676509
width: 0.028268551236749116
height: 0.019255455712451863
Area: 0.00021571352034889142
CentroidX: 0.0617
CentroidY: 0.9503
