Location: 2025-04-16_191433-1.png_Gaussian-Median.png
Component: component_1744836089078_108.png
centerX: 0.13074204946996468
centerY: 0.16730851519041506
width: 0.026501766784452298
height: 0.02011125374411639
Area: 0.00020361743509568256
CentroidX: 0.1432
CentroidY: 0.1774
