Location: 2025-04-16_191458-1.png_Mean-Closing.png
Component: component_1744836089911_391.png
centerX: 0.2744405182567727
centerY: 0.4848095849379546
width: 0.027090694935217905
height: 0.019255455712451863
Area: 0.00020412143864789958
CentroidX: 0.2854
CentroidY: 0.4957
