Location: 2025-04-16_191458-1.png_Mean-Closing.png
Component: component_1744836089930_449.png
centerX: 0.5694935217903416
centerY: 0.5875053487376979
width: 0.0353356890459364
height: 0.026957637997432605
Area: 0.000356582513193553
CentroidX: 0.5851
CentroidY: 0.6015
