Location: 2025-04-16_191433-1.png_Mean-Medain.png
Component: component_1744836090111_32.png
centerX: 0.1330977620730271
centerY: 0.02610183996576808
width: 0.025323910482921083
height: 0.021822849807445442
Area: 0.00022579359139323214
CentroidX: 0.1454
CentroidY: 0.0367
