Location: 2025-04-16_191458-1.png_Gaussian-Closing.png
Component: component_1744836089225_105.png
centerX: 0.12603062426383982
centerY: 0.1480530594779632
width: 0.02944640753828033
height: 0.023106546854942234
Area: 0.00030996218461347717
CentroidX: 0.1399
CentroidY: 0.1595
