Location: 2025-04-16_191458-1.png_Mean-Closing.png
Component: component_1744836089989_562.png
centerX: 0.05005889281507656
centerY: 0.7817715019255456
width: 0.028857479387514724
height: 0.023106546854942234
Area: 0.00026107384004842466
CentroidX: 0.0627
CentroidY: 0.7943
