Location: 2025-04-16_191433-1.png_Gaussian-Median.png
Component: component_1744836089083_143.png
centerX: 0.519434628975265
centerY: 0.20496362858365424
width: 0.026501766784452298
height: 0.02011125374411639
Area: 0.00020890947239396142
CentroidX: 0.5318
CentroidY: 0.2154
