Location: 2025-04-16_191433-1.png_Mean-Medain.png
Component: component_1744836090276_680.png
centerX: 0.7196702002355713
centerY: 0.9730423620025674
width: 0.02944640753828033
height: 0.02267864783910997
Area: 0.0003442344261642356
CentroidX: 0.7335
CentroidY: 0.9842
