Location: 2025-04-16_191458-1.png_Gaussian-Closing.png
Component: component_1744836089417_353.png
centerX: 0.8409893992932862
centerY: 0.47796320068463843
width: 0.026501766784452298
height: 0.020967051775780916
Area: 0.00020790146528952737
CentroidX: 0.8519
CentroidY: 0.4896
