Location: 2025-04-16_191433-1.png_Mean-Medain.png
Component: component_1744836090255_575.png
centerX: 0.18021201413427562
centerY: 0.8258451005562687
width: 0.03121319199057715
height: 0.024390243902439025
Area: 0.00034650244214921226
CentroidX: 0.1954
CentroidY: 0.8381
