Location: 2025-04-16_191458-1.png_Mean-Closing.png
Component: component_1744836089923_429.png
centerX: 0.8998822143698468
centerY: 0.5511339323919555
width: 0.03828032979976443
height: 0.023106546854942234
Area: 0.0003669145860140022
CentroidX: 0.9181
CentroidY: 0.5630
