Location: 2025-04-16_191458-1.png_Gaussian-Closing.png
Component: component_1744836089462_444.png
centerX: 0.24617196702002356
centerY: 0.5900727428326915
width: 0.032391048292108364
height: 0.024390243902439025
Area: 0.0003263423000605308
CentroidX: 0.2607
CentroidY: 0.6035
