Location: 2025-04-16_191433-1.png_Gaussian-Median.png
Component: component_1744836089146_529.png
centerX: 0.26089517078916374
centerY: 0.750106974753958
width: 0.02944640753828033
height: 0.023106546854942234
Area: 0.0003260902982844223
CentroidX: 0.2743
CentroidY: 0.7622
