Location: 2025-04-16_191458-1.png_Gaussian-Closing.png
Component: component_1744836089451_409.png
centerX: 0.35924617196702
centerY: 0.5515618314077878
width: 0.03121319199057715
height: 0.025673940949935817
Area: 0.00033314634801546084
CentroidX: 0.3733
CentroidY: 0.5652
