Location: 2025-04-16_191458-1.png_Gaussian-Closing.png
Component: component_1744836089412_336.png
centerX: 0.8692579505300353
centerY: 0.4454428754813864
width: 0.023557126030624265
height: 0.022250748823277707
Area: 0.0002139495079161318
CentroidX: 0.8792
CentroidY: 0.4568
