Location: 2025-04-16_191433-1.png_Gaussian-Median.png
Component: component_1744836089160_617.png
centerX: 0.5
centerY: 0.8656397090286693
width: 0.027090694935217905
height: 0.023106546854942234
Area: 0.000321554266314469
CentroidX: 0.5135
CentroidY: 0.8774
