Location: 2025-04-16_191433-1.png_Mean-Medain.png
Component: component_1744836090173_306.png
centerX: 0.3380447585394582
centerY: 0.3855370132648695
width: 0.022968197879858657
height: 0.02053915275994865
Area: 0.0002114294901550466
CentroidX: 0.3490
CentroidY: 0.3959
