Location: 2025-04-16_191458-1.png_Mean-Closing.png
Component: component_1744836089976_540.png
centerX: 0.4040047114252061
centerY: 0.7436884895164741
width: 0.0353356890459364
height: 0.025246041934103552
Area: 0.0003102141863895857
CentroidX: 0.4196
CentroidY: 0.7571
