Location: 2025-04-16_191458-1.png_Mean-Closing.png
Component: component_1744836089917_407.png
centerX: 0.624263839811543
centerY: 0.5156183140778776
width: 0.03180212014134275
height: 0.021822849807445442
Area: 0.0002908100496292298
CentroidX: 0.6382
CentroidY: 0.5275
