Location: 2025-04-16_191458-1.png_Mean-Closing.png
Component: component_1744836089636_75.png
centerX: 0.2773851590106007
centerY: 0.0740265297389816
width: 0.030624263839811542
height: 0.023106546854942234
Area: 0.00033843838531373967
CentroidX: 0.2923
CentroidY: 0.0851
