Location: 2025-04-16_191433-1.png_Mean-Medain.png
Component: component_1744836090207_445.png
centerX: 0.4752650176678445
centerY: 0.582798459563543
width: 0.02944640753828033
height: 0.02053915275994865
Area: 0.00022604559316934065
CentroidX: 0.4884
CentroidY: 0.5938
