Location: easy16_Gaussian-Median.png
Component: component_1744297381811_637.png
centerX: 0.4782258064516129
centerY: 0.4257662835249042
width: 0.020161290322580645
height: 0.016762452107279693
Area: 0.00011084847361265603
CentroidX: 0.4872
CentroidY: 0.4334
