Location: 2025-04-16_191458-1.png_Gaussian-Closing.png
Component: component_1744836089537_575.png
centerX: 0.4045936395759717
centerY: 0.8215661103979461
width: 0.030035335689045935
height: 0.023106546854942234
Area: 0.00030996218461347717
CentroidX: 0.4185
CentroidY: 0.8338
