Location: 2025-04-16_191458-1.png_Mean-Closing.png
Component: component_1744836089645_117.png
centerX: 0.5394581861012956
centerY: 0.14719726144629866
width: 0.028857479387514724
height: 0.025673940949935817
Area: 0.0003157582254639731
CentroidX: 0.5534
CentroidY: 0.1591
