Location: 2025-04-16_191433-1.png_Mean-Medain.png
Component: component_1744836090260_599.png
centerX: 0.9546525323910483
centerY: 0.8647839109970047
width: 0.028857479387514724
height: 0.026529738981600343
Area: 0.00036867859844676187
CentroidX: 0.9691
CentroidY: 0.8772
