Location: 2025-04-16_191458-1.png_Gaussian-Closing.png
Component: component_1744836089232_140.png
centerX: 0.1248527679623086
centerY: 0.18142918271287975
width: 0.02944640753828033
height: 0.024390243902439025
Area: 0.0003129862059267794
CentroidX: 0.1388
CentroidY: 0.1933
