Location: 2025-04-16_191433-1.png_Mean-Medain.png
Component: component_1744836090134_151.png
centerX: 0.4988221436984688
centerY: 0.16987590928540863
width: 0.023557126030624265
height: 0.019683354728284124
Area: 0.00019404136760355886
CentroidX: 0.5098
CentroidY: 0.1792
