Location: 2025-04-16_191433-1.png_Gaussian-Median.png
Component: component_1744836089138_486.png
centerX: 0.12779740871613662
centerY: 0.6675224646983312
width: 0.028857479387514724
height: 0.0235344458707745
Area: 0.0003180262414489497
CentroidX: 0.1409
CentroidY: 0.6799
