Location: 2025-04-16_191458-1.png_Gaussian-Closing.png
Component: component_1744836089495_494.png
centerX: 0.408716136631331
centerY: 0.6722293538724861
width: 0.028268551236749116
height: 0.020967051775780916
Area: 0.0002812339821371061
CentroidX: 0.4226
CentroidY: 0.6825
