Location: 2025-04-16_191433-1.png_Gaussian-Median.png
Component: component_1744836089113_323.png
centerX: 0.1855123674911661
centerY: 0.46084724005134786
width: 0.024734982332155476
height: 0.02139495079161318
Area: 0.00020512944575233367
CentroidX: 0.1964
CentroidY: 0.4724
