Location: 2025-04-16_191458-1.png_Mean-Closing.png
Component: component_1744836090034_659.png
centerX: 0.6383981154299175
centerY: 0.938382541720154
width: 0.02944640753828033
height: 0.024818142918271287
Area: 0.00033213834091102673
CentroidX: 0.6517
CentroidY: 0.9508
