Location: 2025-04-16_191433-1.png_Mean-Medain.png
Component: component_1744836090218_493.png
centerX: 0.9275618374558304
centerY: 0.6666666666666666
width: 0.030624263839811542
height: 0.022250748823277707
Area: 0.00036716658779011073
CentroidX: 0.9424
CentroidY: 0.6779
