Location: 2025-04-16_191458-1.png_Gaussian-Closing.png
Component: component_1744836089535_565.png
centerX: 0.6978798586572438
centerY: 0.785622593068036
width: 0.024734982332155476
height: 0.022250748823277707
Area: 0.00027090190931665684
CentroidX: 0.7093
CentroidY: 0.7969
