Location: 2025-04-16_191433-1.png_Gaussian-Median.png
Component: component_1744836089060_16.png
centerX: 0.4416961130742049
centerY: 0.030380830124090714
width: 0.026501766784452298
height: 0.021822849807445442
Area: 0.0002434337157208284
CentroidX: 0.4545
CentroidY: 0.0412
