Location: 2025-04-16_191433-1.png_Mean-Medain.png
Component: component_1744836090232_522.png
centerX: 0.5176678445229682
centerY: 0.7120239623448866
width: 0.03769140164899882
height: 0.025246041934103552
Area: 0.00040269883822141177
CentroidX: 0.5353
CentroidY: 0.7253
