Location: 2025-04-16_191458-1.png_Gaussian-Closing.png
Component: component_1744836089460_440.png
centerX: 0.2067137809187279
centerY: 0.5892169448010269
width: 0.02767962308598351
height: 0.025673940949935817
Area: 0.0003018981277780046
CentroidX: 0.2204
CentroidY: 0.6020
