Location: 2025-04-16_191458-1.png_Gaussian-Closing.png
Component: component_1744836089456_421.png
centerX: 0.16666666666666666
centerY: 0.5545571245186136
width: 0.028857479387514724
height: 0.02267864783910997
Area: 0.0002814859839132146
CentroidX: 0.1800
CentroidY: 0.5659
