Location: 2025-04-16_191433-1.png_Gaussian-Median.png
Component: component_1744836089153_572.png
centerX: 0.6207302709069493
centerY: 0.79204107830552
width: 0.030624263839811542
height: 0.02139495079161318
Area: 0.00032231027164279454
CentroidX: 0.6338
CentroidY: 0.8033
