Location: 2025-04-16_191433-1.png_Gaussian-Median.png
Component: component_1744836089120_369.png
centerX: 0.7338044758539458
centerY: 0.5027813436029097
width: 0.027090694935217905
height: 0.019683354728284124
Area: 0.00021092548660282958
CentroidX: 0.7464
CentroidY: 0.5131
