Location: 2025-04-16_191433-1.png_Mean-Medain.png
Component: component_1744836090268_643.png
centerX: 0.33627797408716137
centerY: 0.936670945656825
width: 0.027090694935217905
height: 0.024818142918271287
Area: 0.0003127342041506709
CentroidX: 0.3486
CentroidY: 0.9501
