Location: 2025-04-16_191433-1.png_Gaussian-Median.png
Component: component_1744836089158_599.png
centerX: 0.6248527679623086
centerY: 0.8301240907145914
width: 0.03121319199057715
height: 0.02396234488660676
Area: 0.0003749786428494748
CentroidX: 0.6408
CentroidY: 0.8422
