Location: 2025-04-16_191433-1.png_Gaussian-Median.png
Component: component_1744836089115_334.png
centerX: 0.44228504122497053
centerY: 0.4621309370988447
width: 0.02591283863368669
height: 0.02011125374411639
Area: 0.0002152095167966744
CentroidX: 0.4544
CentroidY: 0.4727
