Location: 2025-04-16_191458-1.png_Gaussian-Closing.png
Component: component_1744836089252_228.png
centerX: 0.806831566548881
centerY: 0.3080872913992298
width: 0.028268551236749116
height: 0.02139495079161318
Area: 0.0002603178347200991
CentroidX: 0.8191
CentroidY: 0.3195
