Location: 2025-04-16_191458-1.png_Mean-Closing.png
Component: component_1744836089640_95.png
centerX: 0.8510011778563016
centerY: 0.10911424903722722
width: 0.03121319199057715
height: 0.023106546854942234
Area: 0.00033768237998541413
CentroidX: 0.8657
CentroidY: 0.1213
