Location: 2025-04-16_191458-1.png_Mean-Closing.png
Component: component_1744836089998_602.png
centerX: 0.9069493521790342
centerY: 0.8237056054771074
width: 0.026501766784452298
height: 0.02267864783910997
Area: 0.0002908100496292298
CentroidX: 0.9196
CentroidY: 0.8350
