Location: 2025-04-16_191458-1.png_Mean-Closing.png
Component: component_1744836089716_241.png
centerX: 0.5759717314487632
centerY: 0.306803594351733
width: 0.032391048292108364
height: 0.021822849807445442
Area: 0.0002857700141070594
CentroidX: 0.5909
CentroidY: 0.3177
