Location: 2025-04-16_191458-1.png_Gaussian-Closing.png
Component: component_1744836089309_265.png
centerX: 0.8704358068315665
centerY: 0.3410355156183141
width: 0.02237926972909305
height: 0.019683354728284124
Area: 0.00020689345818509329
CentroidX: 0.8805
CentroidY: 0.3511
