Location: 2025-04-16_191458-1.png_Mean-Closing.png
Component: component_1744836089991_573.png
centerX: 0.44817432273262664
centerY: 0.7847667950363714
width: 0.030035335689045935
height: 0.021822849807445442
Area: 0.00030719016507628347
CentroidX: 0.4623
CentroidY: 0.7962
