Location: 2025-04-16_191433-1.png_Mean-Medain.png
Component: component_1744836090138_167.png
centerX: 0.16489988221436985
centerY: 0.20068463842533163
width: 0.028268551236749116
height: 0.018827556696619598
Area: 0.00022276957007992993
CentroidX: 0.1786
CentroidY: 0.2106
