Location: 2025-04-16_191433-1.png_Mean-Medain.png
Component: component_1744836090164_274.png
centerX: 0.3674911660777385
centerY: 0.34873769790329484
width: 0.02237926972909305
height: 0.019683354728284124
Area: 0.0001862293125441948
CentroidX: 0.3790
CentroidY: 0.3580
