Location: 2025-04-16_191458-1.png_Mean-Closing.png
Component: component_1744836089852_303.png
centerX: 0.49705535924617195
centerY: 0.37869062901155326
width: 0.030035335689045935
height: 0.02053915275994865
Area: 0.00023436165178092176
CentroidX: 0.5108
CentroidY: 0.3889
