Location: 2025-04-16_191458-1.png_Mean-Closing.png
Component: component_1744836089895_367.png
centerX: 0.24734982332155478
centerY: 0.44801026957637996
width: 0.027090694935217905
height: 0.02011125374411639
Area: 0.00023108562869151103
CentroidX: 0.2602
CentroidY: 0.4583
