Location: 2025-04-16_191458-1.png_Gaussian-Closing.png
Component: component_1744836089348_281.png
centerX: 0.657243816254417
centerY: 0.37783483097988874
width: 0.026501766784452298
height: 0.02011125374411639
Area: 0.0002194935469905192
CentroidX: 0.6694
CentroidY: 0.3883
