Location: 2025-04-16_191458-1.png_Gaussian-Closing.png
Component: component_1744836089258_235.png
centerX: 0.7314487632508834
centerY: 0.30937098844672656
width: 0.026501766784452298
height: 0.02053915275994865
Area: 0.0002545217938696032
CentroidX: 0.7436
CentroidY: 0.3201
