Location: 2025-04-16_191433-1.png_Gaussian-Median.png
Component: component_1744836089077_104.png
centerX: 0.2826855123674912
centerY: 0.13307659392383397
width: 0.02767962308598351
height: 0.017543859649122806
Area: 0.000216973529229434
CentroidX: 0.2954
CentroidY: 0.1421
