Location: 2025-04-16_191458-1.png_Mean-Closing.png
Component: component_1744836089852_302.png
centerX: 0.38515901060070673
centerY: 0.378262729995721
width: 0.02237926972909305
height: 0.02011125374411639
Area: 0.00016884118999270706
CentroidX: 0.3960
CentroidY: 0.3884
