Location: 2025-04-16_191433-1.png_Gaussian-Median.png
Component: component_1744836089096_219.png
centerX: 0.32332155477031804
centerY: 0.31322207958921694
width: 0.026501766784452298
height: 0.02011125374411639
Area: 0.00019353736405134183
CentroidX: 0.3362
CentroidY: 0.3232
