Location: easy21_Mean-Medain.png
Component: component_1744297381125_1111.png
centerX: 0.9411290322580645
centerY: 0.8170498084291188
width: 0.021774193548387097
height: 0.017720306513409962
Area: 0.00012977382276603634
CentroidX: 0.9508
CentroidY: 0.8251
