Location: 2025-04-16_191433-1.png_Mean-Medain.png
Component: component_1744836090179_330.png
centerX: 0.11189634864546526
centerY: 0.42105263157894735
width: 0.02237926972909305
height: 0.02139495079161318
Area: 0.00018849732852917149
CentroidX: 0.1222
CentroidY: 0.4315
