Location: 2025-04-16_191458-1.png_Mean-Closing.png
Component: component_1744836089796_293.png
centerX: 0.934040047114252
centerY: 0.3748395378690629
width: 0.025323910482921083
height: 0.023106546854942234
Area: 0.00021571352034889142
CentroidX: 0.9450
CentroidY: 0.3854
