Location: 2025-04-16_191458-1.png_Gaussian-Closing.png
Component: component_1744836089484_462.png
centerX: 0.20318021201413428
centerY: 0.6320068463842533
width: 0.030624263839811542
height: 0.025246041934103552
Area: 0.00030366214021076423
CentroidX: 0.2169
CentroidY: 0.6452
