Location: 2025-04-16_191458-1.png_Gaussian-Closing.png
Component: component_1744836089216_56.png
centerX: 0.3621908127208481
centerY: 0.07145913564398802
width: 0.02591283863368669
height: 0.02396234488660676
Area: 0.0003054261526435238
CentroidX: 0.3747
CentroidY: 0.0832
