Location: 2025-04-16_191458-1.png_Gaussian-Closing.png
Component: component_1744836089216_53.png
centerX: 0.4840989399293286
centerY: 0.07060333761232349
width: 0.02944640753828033
height: 0.02267864783910997
Area: 0.00030895417750904307
CentroidX: 0.4979
CentroidY: 0.0812
