Location: 2025-04-16_191458-1.png_Mean-Closing.png
Component: component_1744836089649_124.png
centerX: 0.32744405182567726
centerY: 0.1480530594779632
width: 0.027090694935217905
height: 0.0235344458707745
Area: 0.00029811810113637683
CentroidX: 0.3408
CentroidY: 0.1589
