Location: 2025-04-16_191433-1.png_Mean-Medain.png
Component: component_1744836090134_153.png
centerX: 0.5806831566548881
centerY: 0.16987590928540863
width: 0.02767962308598351
height: 0.02053915275994865
Area: 0.0002207535558710618
CentroidX: 0.5937
CentroidY: 0.1797
