Location: 2025-04-16_191433-1.png_Mean-Medain.png
Component: component_1744836090256_579.png
centerX: 0.411660777385159
centerY: 0.8258451005562687
width: 0.030035335689045935
height: 0.026529738981600343
Area: 0.00036162254871572333
CentroidX: 0.4267
CentroidY: 0.8396
