Location: 2025-04-16_191433-1.png_Mean-Medain.png
Component: component_1744836090159_257.png
centerX: 0.6018845700824499
centerY: 0.31407787762088146
width: 0.028268551236749116
height: 0.022250748823277707
Area: 0.00021294150081169772
CentroidX: 0.6157
CentroidY: 0.3249
