Location: 2025-04-16_191458-1.png_Mean-Closing.png
Component: component_1744836089666_157.png
centerX: 0.1248527679623086
centerY: 0.18142918271287975
width: 0.02944640753828033
height: 0.024390243902439025
Area: 0.00031248220237456236
CentroidX: 0.1389
CentroidY: 0.1933
