Location: 2025-04-16_191458-1.png_Gaussian-Closing.png
Component: component_1744836089578_659.png
centerX: 0.6819787985865724
centerY: 0.9405220367993153
width: 0.028268551236749116
height: 0.0235344458707745
Area: 0.00029459007627085753
CentroidX: 0.6951
CentroidY: 0.9523
