Location: 2025-04-16_191433-1.png_Mean-Medain.png
Component: component_1744836090144_201.png
centerX: 0.3916372202591284
centerY: 0.24005134788189988
width: 0.02944640753828033
height: 0.019683354728284124
Area: 0.00021621752390110844
CentroidX: 0.4054
CentroidY: 0.2503
