Location: 2025-04-16_191458-1.png_Mean-Closing.png
Component: component_1744836089965_525.png
centerX: 0.571849234393404
centerY: 0.7068891741548995
width: 0.03297997644287397
height: 0.024818142918271287
Area: 0.0003495264634625145
CentroidX: 0.5876
CentroidY: 0.7185
