Location: 2025-04-16_191433-1.png_Mean-Medain.png
Component: component_1744836090188_368.png
centerX: 0.44228504122497053
centerY: 0.4621309370988447
width: 0.02591283863368669
height: 0.02011125374411639
Area: 0.00021621752390110844
CentroidX: 0.4544
CentroidY: 0.4727
