Location: 2025-04-16_191458-1.png_Gaussian-Closing.png
Component: component_1744836089213_40.png
centerX: 0.7202591283863369
centerY: 0.04321780059905862
width: 0.02944640753828033
height: 0.02738553701326487
Area: 0.000307946170404609
CentroidX: 0.7337
CentroidY: 0.0564
