Location: 2025-04-16_191458-1.png_Gaussian-Closing.png
Component: component_1744836089459_435.png
centerX: 0.33156654888103654
centerY: 0.5883611467693625
width: 0.03297997644287397
height: 0.02610183996576808
Area: 0.0003394463924181738
CentroidX: 0.3465
CentroidY: 0.6022
