Location: 2025-04-16_191458-1.png_Mean-Closing.png
Component: component_1744836090000_609.png
centerX: 0.7479387514723204
centerY: 0.858793324775353
width: 0.03415783274440518
height: 0.02610183996576808
Area: 0.0003495264634625145
CentroidX: 0.7637
CentroidY: 0.8713
