Location: 2025-04-16_191433-1.png_Gaussian-Median.png
Component: component_1744836089149_549.png
centerX: 0.8969375736160189
centerY: 0.7535301668806161
width: 0.03121319199057715
height: 0.024390243902439025
Area: 0.0003661585806856767
CentroidX: 0.9124
CentroidY: 0.7653
