Location: 2025-04-16_191458-1.png_Mean-Closing.png
Component: component_1744836089997_599.png
centerX: 0.7049469964664311
centerY: 0.8237056054771074
width: 0.02767962308598351
height: 0.022250748823277707
Area: 0.00027644594839104425
CentroidX: 0.7168
CentroidY: 0.8349
