Location: 2025-04-16_191433-1.png_Gaussian-Median.png
Component: component_1744836089152_568.png
centerX: 0.4923439340400471
centerY: 0.7903294822421908
width: 0.03180212014134275
height: 0.022250748823277707
Area: 0.0003608665433873978
CentroidX: 0.5068
CentroidY: 0.8022
