Location: 2025-04-16_191458-1.png_Mean-Closing.png
Component: component_1744836089986_557.png
centerX: 0.08657243816254417
centerY: 0.7471116816431322
width: 0.02944640753828033
height: 0.021822849807445442
Area: 0.00025275778143684356
CentroidX: 0.1002
CentroidY: 0.7585
