Location: 2025-04-16_191433-1.png_Mean-Medain.png
Component: component_1744836090187_366.png
centerX: 0.2573616018845701
centerY: 0.46255883611467696
width: 0.02767962308598351
height: 0.019255455712451863
Area: 0.00023612566421368138
CentroidX: 0.2705
CentroidY: 0.4731
