Location: 2025-04-16_191458-1.png_Mean-Closing.png
Component: component_1744836089630_49.png
centerX: 0.4799764428739694
centerY: 0.03979460847240052
width: 0.03180212014134275
height: 0.025246041934103552
Area: 0.0003666625842378937
CentroidX: 0.4954
CentroidY: 0.0525
