Location: 2025-04-16_191458-1.png_Mean-Closing.png
Component: component_1744836089722_243.png
centerX: 0.2226148409893993
centerY: 0.30851519041506204
width: 0.028268551236749116
height: 0.018827556696619598
Area: 0.0002507417672279754
CentroidX: 0.2356
CentroidY: 0.3185
