Location: 2025-04-16_191458-1.png_Mean-Closing.png
Component: component_1744836089921_421.png
centerX: 0.508833922261484
centerY: 0.5498502353444588
width: 0.03769140164899882
height: 0.026529738981600343
Area: 0.0003875787316549007
CentroidX: 0.5258
CentroidY: 0.5633
