Location: 2025-04-16_191433-1.png_Mean-Medain.png
Component: component_1744836090193_395.png
centerX: 0.6984687868080094
centerY: 0.501497646555413
width: 0.024734982332155476
height: 0.02011125374411639
Area: 0.00020109741733459737
CentroidX: 0.7099
CentroidY: 0.5121
