Location: 2025-04-16_191433-1.png_Gaussian-Median.png
Component: component_1744836089124_390.png
centerX: 0.44876325088339225
centerY: 0.540436456996149
width: 0.028268551236749116
height: 0.02139495079161318
Area: 0.00025300978321295207
CentroidX: 0.4630
CentroidY: 0.5513
