Location: 2025-04-16_191458-1.png_Gaussian-Closing.png
Component: component_1744836089221_83.png
centerX: 0.18610129564193167
centerY: 0.110397946084724
width: 0.028857479387514724
height: 0.023106546854942234
Area: 0.00031953825210560084
CentroidX: 0.1999
CentroidY: 0.1223
