Location: 2025-04-16_191433-1.png_Gaussian-Median.png
Component: component_1744836089104_266.png
centerX: 0.27326266195524146
centerY: 0.38339751818570816
width: 0.023557126030624265
height: 0.02267864783910997
Area: 0.00022176156297549585
CentroidX: 0.2847
CentroidY: 0.3949
