Location: 2025-04-16_191458-1.png_Mean-Closing.png
Component: component_1744836090000_612.png
centerX: 0.20789163722025913
centerY: 0.8600770218228498
width: 0.030035335689045935
height: 0.02396234488660676
Area: 0.000294338074494749
CentroidX: 0.2217
CentroidY: 0.8728
