Location: 2025-04-16_191433-1.png_Mean-Medain.png
Component: component_1744836090129_129.png
centerX: 0.3250883392226148
centerY: 0.13222079589216945
width: 0.024734982332155476
height: 0.018399657680787333
Area: 0.0001890013320813885
CentroidX: 0.3361
CentroidY: 0.1420
