Location: 2025-04-16_191458-1.png_Mean-Closing.png
Component: component_1744836089632_58.png
centerX: 0.7202591283863369
centerY: 0.043645699614890884
width: 0.030035335689045935
height: 0.026957637997432605
Area: 0.0003160102272400816
CentroidX: 0.7338
CentroidY: 0.0566
