Location: 2025-04-16_191458-1.png_Gaussian-Closing.png
Component: component_1744836089491_479.png
centerX: 0.85924617196702
centerY: 0.6675224646983312
width: 0.02591283863368669
height: 0.023106546854942234
Area: 0.0002993781100169194
CentroidX: 0.8713
CentroidY: 0.6791
