Location: 2025-04-16_191458-1.png_Mean-Closing.png
Component: component_1744836089913_401.png
centerX: 0.7120141342756183
centerY: 0.5139067180145486
width: 0.03121319199057715
height: 0.02267864783910997
Area: 0.00030996218461347717
CentroidX: 0.7257
CentroidY: 0.5262
