Location: 2025-04-16_191458-1.png_Gaussian-Closing.png
Component: component_1744836089283_248.png
centerX: 0.08833922261484099
centerY: 0.3115104835258879
width: 0.024146054181389872
height: 0.019255455712451863
Area: 0.00020059341378238034
CentroidX: 0.1004
CentroidY: 0.3209
