Location: 2025-04-16_191433-1.png_Gaussian-Median.png
Component: component_1744836089123_389.png
centerX: 0.2773851590106007
centerY: 0.540436456996149
width: 0.02767962308598351
height: 0.02011125374411639
Area: 0.00022780960560210027
CentroidX: 0.2905
CentroidY: 0.5503
