Location: 2025-04-16_191433-1.png_Gaussian-Median.png
Component: component_1744836089163_639.png
centerX: 0.12603062426383982
centerY: 0.9024390243902439
width: 0.027090694935217905
height: 0.02267864783910997
Area: 0.0003182782432250583
CentroidX: 0.1390
CentroidY: 0.9139
