Location: easy16_Gaussian-Median.png
Component: component_1744297381764_415.png
centerX: 0.8193548387096774
centerY: 0.2883141762452107
width: 0.020967741935483872
height: 0.017241379310344827
Area: 0.00011664194784328266
CentroidX: 0.8286
CentroidY: 0.2964
