Location: 2025-04-16_191458-1.png_Gaussian-Closing.png
Component: component_1744836089498_506.png
centerX: 0.6101295641931684
centerY: 0.7064612751390672
width: 0.03356890459363958
height: 0.0235344458707745
Area: 0.00034322641905980153
CentroidX: 0.6263
CentroidY: 0.7175
