Location: 2025-04-16_191458-1.png_Gaussian-Closing.png
Component: component_1744836089583_678.png
centerX: 0.6908127208480566
centerY: 0.9709028669234061
width: 0.03297997644287397
height: 0.023106546854942234
Area: 0.0003207982609861434
CentroidX: 0.7057
CentroidY: 0.9825
