Location: 2025-04-16_191458-1.png_Gaussian-Closing.png
Component: component_1744836089357_292.png
centerX: 0.4558303886925795
centerY: 0.3795464270432178
width: 0.025323910482921083
height: 0.019683354728284124
Area: 0.00021596552212499993
CentroidX: 0.4687
CentroidY: 0.3886
