Location: 2025-04-16_191433-1.png_Mean-Medain.png
Component: component_1744836090262_613.png
centerX: 0.9228504122497055
centerY: 0.8673513050919983
width: 0.02767962308598351
height: 0.02396234488660676
Area: 0.0003316343373588097
CentroidX: 0.9361
CentroidY: 0.8793
