Location: 2025-04-16_191458-1.png_Gaussian-Closing.png
Component: component_1744836089291_259.png
centerX: 0.8392226148409894
centerY: 0.33975181857081727
width: 0.02237926972909305
height: 0.02139495079161318
Area: 0.00021294150081169772
CentroidX: 0.8500
CentroidY: 0.3501
