Location: 2025-04-16_191458-1.png_Mean-Closing.png
Component: component_1744836089962_514.png
centerX: 0.08244994110718493
centerY: 0.675224646983312
width: 0.028268551236749116
height: 0.02011125374411639
Area: 0.0002540177903173862
CentroidX: 0.0954
CentroidY: 0.6853
