Location: 2025-04-16_191433-1.png_Mean-Medain.png
Component: component_1744836090154_247.png
centerX: 0.07597173144876325
centerY: 0.3110825845100556
width: 0.02591283863368669
height: 0.019255455712451863
Area: 0.00019101734629025665
CentroidX: 0.0885
CentroidY: 0.3205
