Location: 2025-04-16_191458-1.png_Gaussian-Closing.png
Component: component_1744836089226_110.png
centerX: 0.6796230859835101
centerY: 0.14890885750962773
width: 0.024734982332155476
height: 0.020967051775780916
Area: 0.0002731699253016335
CentroidX: 0.6912
CentroidY: 0.1593
