Location: 2025-04-16_191433-1.png_Mean-Medain.png
Component: component_1744836090145_206.png
centerX: 0.43227326266195526
centerY: 0.24047924689773215
width: 0.022968197879858657
height: 0.019683354728284124
Area: 0.00019126934806636516
CentroidX: 0.4434
CentroidY: 0.2502
