Location: 2025-04-16_191458-1.png_Gaussian-Closing.png
Component: component_1744836089225_102.png
centerX: 0.6083627797408716
centerY: 0.14719726144629866
width: 0.023557126030624265
height: 0.0235344458707745
Area: 0.00028224198924154016
CentroidX: 0.6199
CentroidY: 0.1580
