Location: 2025-04-16_191433-1.png_Mean-Medain.png
Component: component_1744836090250_548.png
centerX: 0.048292108362779744
centerY: 0.7877620881471973
width: 0.030624263839811542
height: 0.019255455712451863
Area: 0.0002862740176592765
CentroidX: 0.0629
CentroidY: 0.7980
