Location: 2025-04-16_191433-1.png_Gaussian-Median.png
Component: component_1744836089098_232.png
centerX: 0.5677267373380448
centerY: 0.3170731707317073
width: 0.024146054181389872
height: 0.017115960633290545
Area: 0.00017564523794763706
CentroidX: 0.5794
CentroidY: 0.3258
