Location: 2025-04-16_191458-1.png_Mean-Closing.png
Component: component_1744836089893_363.png
centerX: 0.8362779740871613
centerY: 0.4462986735130509
width: 0.030035335689045935
height: 0.02139495079161318
Area: 0.0002179815363338681
CentroidX: 0.8484
CentroidY: 0.4583
