Location: 2025-04-16_191458-1.png_Mean-Closing.png
Component: component_1744836090063_680.png
centerX: 0.4870435806831567
centerY: 0.9691912708600771
width: 0.030035335689045935
height: 0.02610183996576808
Area: 0.000321554266314469
CentroidX: 0.5022
CentroidY: 0.9804
