Location: 2025-04-16_191433-1.png_Mean-Medain.png
Component: component_1744836090232_520.png
centerX: 0.38869257950530034
centerY: 0.7120239623448866
width: 0.02944640753828033
height: 0.023106546854942234
Area: 0.00033516236222432894
CentroidX: 0.4021
CentroidY: 0.7248
