Location: 2025-04-16_191433-1.png_Mean-Medain.png
Component: component_1744836090146_209.png
centerX: 0.6118963486454653
centerY: 0.24304664099272572
width: 0.02767962308598351
height: 0.019683354728284124
Area: 0.00019051334273803962
CentroidX: 0.6238
CentroidY: 0.2536
