Location: 2025-04-16_191433-1.png_Mean-Medain.png
Component: component_1744836090119_70.png
centerX: 0.7308598351001178
centerY: 0.06332905434317501
width: 0.03297997644287397
height: 0.022250748823277707
Area: 0.00028602201588316797
CentroidX: 0.7460
CentroidY: 0.0744
