Location: 2025-04-16_191433-1.png_Gaussian-Median.png
Component: component_1744836089151_565.png
centerX: 0.270906949352179
centerY: 0.7894736842105263
width: 0.03180212014134275
height: 0.02011125374411639
Area: 0.0003260902982844223
CentroidX: 0.2855
CentroidY: 0.8008
