Location: 2025-04-16_191458-1.png_Gaussian-Closing.png
Component: component_1744836089217_59.png
centerX: 0.40223792697290933
centerY: 0.0740265297389816
width: 0.026501766784452298
height: 0.022250748823277707
Area: 0.0002887940354203616
CentroidX: 0.4155
CentroidY: 0.0843
