Location: 2025-04-16_191458-1.png_Gaussian-Closing.png
Component: component_1744836089246_208.png
centerX: 0.45111896348645464
centerY: 0.27556696619597776
width: 0.030624263839811542
height: 0.02053915275994865
Area: 0.00026611387557059504
CentroidX: 0.4651
CentroidY: 0.2865
