Location: 2025-04-16_191433-1.png_Gaussian-Median.png
Component: component_1744836089137_480.png
centerX: 0.34275618374558303
centerY: 0.6666666666666666
width: 0.027090694935217905
height: 0.024390243902439025
Area: 0.0003263423000605308
CentroidX: 0.3558
CentroidY: 0.6792
