Location: 2025-04-16_191433-1.png_Gaussian-Median.png
Component: component_1744836089150_562.png
centerX: 0.18080094228504123
centerY: 0.7886178861788617
width: 0.03121319199057715
height: 0.02011125374411639
Area: 0.00032760230894107343
CentroidX: 0.1957
CentroidY: 0.7995
