Location: 2025-04-16_191433-1.png_Gaussian-Median.png
Component: component_1744836089079_118.png
centerX: 0.2856301531213192
centerY: 0.16944801026957637
width: 0.02591283863368669
height: 0.018827556696619598
Area: 0.0002043734404240081
CentroidX: 0.2980
CentroidY: 0.1788
