Location: 2025-04-16_191458-1.png_Mean-Closing.png
Component: component_1744836089782_263.png
centerX: 0.9411071849234394
centerY: 0.31065468549422337
width: 0.024146054181389872
height: 0.02011125374411639
Area: 0.00022957361803485992
CentroidX: 0.9524
CentroidY: 0.3205
