Location: 2025-04-16_191458-1.png_Mean-Closing.png
Component: component_1744836089913_400.png
centerX: 0.9040047114252061
centerY: 0.513050919982884
width: 0.027090694935217905
height: 0.02267864783910997
Area: 0.0003102141863895857
CentroidX: 0.9160
CentroidY: 0.5255
