Location: 2025-04-16_191433-1.png_Gaussian-Median.png
Component: component_1744836089109_291.png
centerX: 0.9016489988221437
centerY: 0.3902439024390244
width: 0.020023557126030624
height: 0.02011125374411639
Area: 0.00017438522906709447
CentroidX: 0.9109
CentroidY: 0.4003
