Location: 2025-04-16_191458-1.png_Mean-Closing.png
Component: component_1744836089795_292.png
centerX: 0.05594817432273263
centerY: 0.34403080872913994
width: 0.02591283863368669
height: 0.017115960633290545
Area: 0.00020815346706563588
CentroidX: 0.0679
CentroidY: 0.3533
