Location: 2025-04-16_191433-1.png_Mean-Medain.png
Component: component_1744836090254_568.png
centerX: 0.7897526501766784
centerY: 0.7933247753530167
width: 0.03297997644287397
height: 0.021822849807445442
Area: 0.00034902245991029745
CentroidX: 0.8050
CentroidY: 0.8051
