Location: 2025-04-16_191458-1.png_Mean-Closing.png
Component: component_1744836089639_93.png
centerX: 0.7426383981154299
centerY: 0.10868635002139496
width: 0.02767962308598351
height: 0.0235344458707745
Area: 0.0003104661881656942
CentroidX: 0.7558
CentroidY: 0.1207
