Location: 2025-04-16_191458-1.png_Gaussian-Closing.png
Component: component_1744836089236_164.png
centerX: 0.28150765606595995
centerY: 0.2173727000427899
width: 0.027090694935217905
height: 0.022250748823277707
Area: 0.000294338074494749
CentroidX: 0.2947
CentroidY: 0.2277
