Location: 2025-04-16_191458-1.png_Mean-Closing.png
Component: component_1744836090056_668.png
centerX: 0.5954063604240283
centerY: 0.9405220367993153
width: 0.032391048292108364
height: 0.02267864783910997
Area: 0.00033062633025437565
CentroidX: 0.6111
CentroidY: 0.9516
