Location: 2025-04-16_191433-1.png_Gaussian-Median.png
Component: component_1744836089129_427.png
centerX: 0.7202591283863369
centerY: 0.5853658536585366
width: 0.026501766784452298
height: 0.019683354728284124
Area: 0.00020084541555848886
CentroidX: 0.7330
CentroidY: 0.5946
