Location: 2025-04-16_191458-1.png_Mean-Closing.png
Component: component_1744836089988_559.png
centerX: 0.2832744405182568
centerY: 0.7471116816431322
width: 0.032391048292108364
height: 0.021822849807445442
Area: 0.0003157582254639731
CentroidX: 0.2981
CentroidY: 0.7585
