Location: 2025-04-16_191433-1.png_Gaussian-Median.png
Component: component_1744836089132_456.png
centerX: 0.5612485276796231
centerY: 0.6264441591784339
width: 0.026501766784452298
height: 0.022250748823277707
Area: 0.0002978660993602683
CentroidX: 0.5735
CentroidY: 0.6376
