Location: 2025-04-16_191433-1.png_Gaussian-Median.png
Component: component_1744836089087_163.png
centerX: 0.24852767962308597
centerY: 0.23876765083440307
width: 0.024146054181389872
height: 0.019255455712451863
Area: 0.0001890013320813885
CentroidX: 0.2595
CentroidY: 0.2483
