Location: 2025-04-16_191433-1.png_Gaussian-Median.png
Component: component_1744836089175_655.png
centerX: 0.9381625441696113
centerY: 0.9067180145485665
width: 0.03415783274440518
height: 0.024818142918271287
Area: 0.00040496685420638844
CentroidX: 0.9539
CentroidY: 0.9194
