Location: 2025-04-16_191458-1.png_Gaussian-Closing.png
Component: component_1744836089223_96.png
centerX: 0.22968197879858657
centerY: 0.14762516046213095
width: 0.02237926972909305
height: 0.02396234488660676
Area: 0.00027720195371936984
CentroidX: 0.2408
CentroidY: 0.1582
