Location: 2025-04-16_191458-1.png_Gaussian-Closing.png
Component: component_1744836089539_581.png
centerX: 0.5282685512367491
centerY: 0.8228498074454429
width: 0.032391048292108364
height: 0.022250748823277707
Area: 0.0003291143195977245
CentroidX: 0.5439
CentroidY: 0.8338
