Location: 2025-04-16_191458-1.png_Gaussian-Closing.png
Component: component_1744836089536_574.png
centerX: 0.32391048292108365
centerY: 0.8215661103979461
width: 0.0353356890459364
height: 0.023106546854942234
Area: 0.00032558629473220527
CentroidX: 0.3399
CentroidY: 0.8338
