Location: 2025-04-16_191458-1.png_Gaussian-Closing.png
Component: component_1744836089250_222.png
centerX: 0.12249705535924617
centerY: 0.28241335044929394
width: 0.024734982332155476
height: 0.014548566538296961
Area: 0.0001902613409619311
CentroidX: 0.1344
CentroidY: 0.2899
