Location: 2025-04-16_191433-1.png_Mean-Medain.png
Component: component_1744836090138_170.png
centerX: 0.2915194346289753
centerY: 0.20154043645699615
width: 0.024146054181389872
height: 0.019683354728284124
Area: 0.00019731739069296962
CentroidX: 0.3032
CentroidY: 0.2116
