Location: 2025-04-16_191458-1.png_Gaussian-Closing.png
Component: component_1744836089449_405.png
centerX: 0.552414605418139
centerY: 0.5498502353444588
width: 0.038869257950530034
height: 0.026529738981600343
Area: 0.00040773887374358214
CentroidX: 0.5709
CentroidY: 0.5632
