Location: 2025-04-16_191458-1.png_Mean-Closing.png
Component: component_1744836090067_685.png
centerX: 0.12838633686690223
centerY: 0.9704749679075738
width: 0.02944640753828033
height: 0.025673940949935817
Area: 0.00030290613488243864
CentroidX: 0.1429
CentroidY: 0.9820
