Location: 2025-04-16_191458-1.png_Gaussian-Closing.png
Component: component_1744836089547_618.png
centerX: 0.24617196702002356
centerY: 0.8617886178861789
width: 0.0353356890459364
height: 0.022250748823277707
Area: 0.00032987032492605005
CentroidX: 0.2628
CentroidY: 0.8730
