Location: 2025-04-16_191458-1.png_Gaussian-Closing.png
Component: component_1744836089421_361.png
centerX: 0.4122497055359246
centerY: 0.480530594779632
width: 0.025323910482921083
height: 0.02267864783910997
Area: 0.00023688166954200694
CentroidX: 0.4236
CentroidY: 0.4922
