Location: 2025-04-16_191458-1.png_Mean-Closing.png
Component: component_1744836089632_57.png
centerX: 0.7561837455830389
centerY: 0.04321780059905862
width: 0.03297997644287397
height: 0.021822849807445442
Area: 0.0003129862059267794
CentroidX: 0.7713
CentroidY: 0.0551
