Location: 2025-04-16_191433-1.png_Mean-Medain.png
Component: component_1744836090222_510.png
centerX: 0.30153121319199055
centerY: 0.7103123662815576
width: 0.030624263839811542
height: 0.024390243902439025
Area: 0.0003442344261642356
CentroidX: 0.3158
CentroidY: 0.7232
