Location: 2025-04-16_191458-1.png_Mean-Closing.png
Component: component_1744836089660_150.png
centerX: 0.6171967020023557
centerY: 0.17928968763371844
width: 0.030035335689045935
height: 0.020967051775780916
Area: 0.0003127342041506709
CentroidX: 0.6317
CentroidY: 0.1898
