Location: 2025-04-16_191433-1.png_Gaussian-Median.png
Component: component_1744836089146_531.png
centerX: 0.09246171967020024
centerY: 0.7513906718014548
width: 0.030624263839811542
height: 0.02053915275994865
Area: 0.00030341013843465566
CentroidX: 0.1059
CentroidY: 0.7628
