Location: 2025-04-16_191458-1.png_Mean-Closing.png
Component: component_1744836089984_555.png
centerX: 0.3627797408716137
centerY: 0.7462558836114677
width: 0.027090694935217905
height: 0.022250748823277707
Area: 0.0002935820691664235
CentroidX: 0.3754
CentroidY: 0.7573
