Location: 2025-04-16_191458-1.png_Gaussian-Closing.png
Component: component_1744836089223_91.png
centerX: 0.36042402826855124
centerY: 0.14591356439880188
width: 0.026501766784452298
height: 0.022250748823277707
Area: 0.0003018981277780046
CentroidX: 0.3735
CentroidY: 0.1563
