Location: 2025-04-16_191433-1.png_Gaussian-Median.png
Component: component_1744836089092_191.png
centerX: 0.17962308598351
centerY: 0.2764227642276423
width: 0.024734982332155476
height: 0.018827556696619598
Area: 0.00017110920597768374
CentroidX: 0.1915
CentroidY: 0.2849
