Location: 2025-04-16_191433-1.png_Mean-Medain.png
Component: component_1744836090130_130.png
centerX: 0.6625441696113075
centerY: 0.1317928968763372
width: 0.02591283863368669
height: 0.019683354728284124
Area: 0.0002197455487666277
CentroidX: 0.6752
CentroidY: 0.1420
