Location: 2025-04-16_191433-1.png_Gaussian-Median.png
Component: component_1744836089083_140.png
centerX: 0.40636042402826855
centerY: 0.20196833547282841
width: 0.024734982332155476
height: 0.02139495079161318
Area: 0.0002058854510806592
CentroidX: 0.4175
CentroidY: 0.2130
