Location: 2025-04-16_191458-1.png_Mean-Closing.png
Component: component_1744836089909_387.png
centerX: 0.34275618374558303
centerY: 0.4830979888746256
width: 0.027090694935217905
height: 0.02053915275994865
Area: 0.0002194935469905192
CentroidX: 0.3549
CentroidY: 0.4937
