Location: easy16_Gaussian-Median.png
Component: component_1744297381813_648.png
centerX: 0.3443548387096774
centerY: 0.42624521072796934
width: 0.020161290322580645
height: 0.017241379310344827
Area: 0.00010814485230503028
CentroidX: 0.3535
CentroidY: 0.4340
