Location: 2025-04-16_191254-1.png_Otsu.png
Component: component_1744835898136_389.png
centerX: 0.43580683156654887
centerY: 0.7040909090909091
width: 0.032391048292108364
height: 0.03090909090909091
Area: 0.00023798051183210195
CentroidX: 0.4509
CentroidY: 0.7191
