Location: 2025-04-16_191254-1.png_Mean-Medain.png
Component: component_1744835897849_335.png
centerX: 0.8439340400471143
centerY: 0.6513636363636364
width: 0.03356890459363958
height: 0.034545454545454546
Area: 0.00035335689045936394
CentroidX: 0.8618
CentroidY: 0.6669
