Location: 2025-04-16_191254-1.png_Otsu.png
Component: component_1744835898101_212.png
centerX: 0.817432273262662
centerY: 0.3427272727272727
width: 0.034746760895170786
height: 0.02772727272727273
Area: 0.00021040796659171218
CentroidX: 0.8354
CentroidY: 0.3560
