Location: 2025-04-16_191254-1.png_Otsu.png
Component: component_1744835898152_487.png
centerX: 0.6855123674911661
centerY: 0.8113636363636364
width: 0.03769140164899882
height: 0.03
Area: 0.00029821179997858446
CentroidX: 0.7045
CentroidY: 0.8261
