Location: 2025-04-16_191356-1.png_Gaussian-Closing.png
Component: component_1744835898282_469.png
centerX: 0.931095406360424
centerY: 0.8309798887462558
width: 0.03769140164899882
height: 0.031664527171587506
Area: 0.0003205462592100349
CentroidX: 0.9486
CentroidY: 0.8481
