Location: 2025-04-16_191254-1.png_Mean-Medain.png
Component: component_1744835897935_426.png
centerX: 0.6048292108362779
centerY: 0.8086363636363636
width: 0.04063604240282685
height: 0.03363636363636364
Area: 0.0003573723096691295
CentroidX: 0.6262
CentroidY: 0.8253
