Location: 2025-04-16_191356-1.png_Gaussian-Closing.png
Component: component_1744835898221_166.png
centerX: 0.6207302709069493
centerY: 0.2691484809584938
width: 0.03121319199057715
height: 0.03080872913992298
Area: 0.00031399421303121344
CentroidX: 0.6362
CentroidY: 0.2842
