Location: 2025-04-16_191254-1.png_Mean-Medain.png
Component: component_1744835897701_149.png
centerX: 0.7703180212014135
centerY: 0.2859090909090909
width: 0.034746760895170786
height: 0.03318181818181818
Area: 0.0003148088660456152
CentroidX: 0.7881
CentroidY: 0.3019
