Location: 2025-04-16_191356-1.png_Otsu.png
Component: component_1744835897625_412.png
centerX: 0.6466431095406361
centerY: 0.7184424475823705
width: 0.026501766784452298
height: 0.03380402225074882
Area: 0.0002600658329439906
CentroidX: 0.6584
CentroidY: 0.7338
