Location: 2025-04-16_191254-1.png_Mean-Medain.png
Component: component_1744835897745_223.png
centerX: 0.3998822143698469
centerY: 0.3922727272727273
width: 0.03180212014134275
height: 0.02909090909090909
Area: 0.0002781347039297569
CentroidX: 0.4155
CentroidY: 0.4065
