Location: 2025-04-16_191254-1.png_Mean-Medain.png
Component: component_1744835897894_385.png
centerX: 0.04063604240282685
centerY: 0.7081818181818181
width: 0.03651354534746761
height: 0.030454545454545453
Area: 0.00029955027304850627
CentroidX: 0.0589
CentroidY: 0.7234
