Location: 2025-04-16_191356-1.png_Otsu.png
Component: component_1744835897588_192.png
centerX: 0.5288574793875147
centerY: 0.3581514762516046
width: 0.03415783274440518
height: 0.029097133076593923
Area: 0.0002782099608238039
CentroidX: 0.5449
CentroidY: 0.3735
