Location: 2025-04-16_191254-1.png_Mean-Medain.png
Component: component_1744835897749_229.png
centerX: 0.7550058892815077
centerY: 0.4395454545454546
width: 0.0353356890459364
height: 0.03227272727272727
Area: 0.0003019595245743656
CentroidX: 0.7724
CentroidY: 0.4554
