Location: 2025-04-16_191254-1.png_Otsu.png
Component: component_1744835898103_221.png
centerX: 0.2408716136631331
centerY: 0.3890909090909091
width: 0.03180212014134275
height: 0.03318181818181818
Area: 0.000219777278081165
CentroidX: 0.2584
CentroidY: 0.4052
