Location: 2025-04-16_191356-1.png_Gaussian-Closing.png
Component: component_1744835898290_525.png
centerX: 0.12661955241460543
centerY: 0.9597774925117672
width: 0.02591283863368669
height: 0.030380830124090714
Area: 0.00027946996970434646
CentroidX: 0.1396
CentroidY: 0.9744
