Location: 2025-04-16_191356-1.png_Otsu.png
Component: component_1744835897623_405.png
centerX: 0.5053003533568905
centerY: 0.7175866495507061
width: 0.027090694935217905
height: 0.03508771929824561
Area: 0.00029055804785312126
CentroidX: 0.5174
CentroidY: 0.7336
