Location: 2025-04-16_191254-1.png_Mean-Medain.png
Component: component_1744835897750_234.png
centerX: 0.19199057714958775
centerY: 0.4409090909090909
width: 0.03415783274440518
height: 0.03318181818181818
Area: 0.00030677802762608416
CentroidX: 0.2109
CentroidY: 0.4565
