Location: 2025-04-16_191356-1.png_Otsu.png
Component: component_1744835897622_399.png
centerX: 0.07538280329799764
centerY: 0.7145913564398801
width: 0.022968197879858657
height: 0.03808301240907146
Area: 0.00030945818106126015
CentroidX: 0.0856
CentroidY: 0.7354
