Location: 2025-04-16_191356-1.png_Otsu.png
Component: component_1744835897622_400.png
centerX: 0.3321554770318021
centerY: 0.715875053487377
width: 0.02767962308598351
height: 0.037227214377406934
Area: 0.00025830182051123096
CentroidX: 0.3444
CentroidY: 0.7344
