Location: 2025-04-16_191356-1.png_Otsu.png
Component: component_1744835897643_509.png
centerX: 0.23674911660777384
centerY: 0.9208386820710313
width: 0.02767962308598351
height: 0.02995293110825845
Area: 0.00027468193595828465
CentroidX: 0.2508
CentroidY: 0.9353
