Location: 2025-04-16_191254-1.png_Mean-Medain.png
Component: component_1744835897716_213.png
centerX: 0.47703180212014135
centerY: 0.39
width: 0.03180212014134275
height: 0.030454545454545453
Area: 0.00025645144019702324
CentroidX: 0.4936
CentroidY: 0.4050
