Location: 2025-04-16_191356-1.png_Otsu.png
Component: component_1744835897556_19.png
centerX: 0.8138987043580683
centerY: 0.02610183996576808
width: 0.03297997644287397
height: 0.02866923406076166
Area: 0.0002703979057644398
CentroidX: 0.8289
CentroidY: 0.0407
