Location: 2025-04-16_191356-1.png_Gaussian-Closing.png
Component: component_1744835898198_35.png
centerX: 0.6631330977620731
centerY: 0.024390243902439025
width: 0.04240282685512368
height: 0.02781343602909713
Area: 0.00035204648122359966
CentroidX: 0.6819
CentroidY: 0.0392
