Location: 2025-04-16_191254-1.png_Mean-Medain.png
Component: component_1744835897883_366.png
centerX: 0.7296819787985865
centerY: 0.7040909090909091
width: 0.037102473498233215
height: 0.030454545454545453
Area: 0.0003303351536567084
CentroidX: 0.7471
CentroidY: 0.7191
