Location: 2025-04-16_191254-1.png_Mean-Medain.png
Component: component_1744835897688_80.png
centerX: 0.696113074204947
centerY: 0.13090909090909092
width: 0.03297997644287397
height: 0.031363636363636364
Area: 0.00032043045293928685
CentroidX: 0.7108
CentroidY: 0.1470
