Location: 2025-04-16_191254-1.png_Mean-Medain.png
Component: component_1744835897945_439.png
centerX: 0.8457008244994111
centerY: 0.8113636363636364
width: 0.03356890459363958
height: 0.029545454545454545
Area: 0.0002901809615590534
CentroidX: 0.8624
CentroidY: 0.8253
