Location: 2025-04-16_191356-1.png_Gaussian-Closing.png
Component: component_1744835898260_344.png
centerX: 0.5742049469964664
centerY: 0.6213093709884467
width: 0.02767962308598351
height: 0.03594351732991014
Area: 0.0003162622290161901
CentroidX: 0.5883
CentroidY: 0.6390
