Location: 2025-04-16_191254-1.png_Mean-Medain.png
Component: component_1744835897983_484.png
centerX: 0.15606595995288575
centerY: 0.9113636363636364
width: 0.03415783274440518
height: 0.031818181818181815
Area: 0.0003696862619124103
CentroidX: 0.1740
CentroidY: 0.9269
