Location: 2025-04-16_191254-1.png_Otsu.png
Component: component_1744835898119_294.png
centerX: 0.8627797408716137
centerY: 0.49863636363636366
width: 0.03180212014134275
height: 0.02909090909090909
Area: 0.00023075275725452404
CentroidX: 0.8800
CentroidY: 0.5124
