Location: 2025-04-16_191254-1.png_Otsu.png
Component: component_1744835898092_169.png
centerX: 0.30918727915194344
centerY: 0.2859090909090909
width: 0.035924617196702
height: 0.03636363636363636
Area: 0.0002896455723310847
CentroidX: 0.3259
CentroidY: 0.3041
