Location: 2025-04-16_191356-1.png_Otsu.png
Component: component_1744835897577_124.png
centerX: 0.29799764428739695
centerY: 0.2233632862644416
width: 0.03121319199057715
height: 0.02781343602909713
Area: 0.0002824939910176487
CentroidX: 0.3120
CentroidY: 0.2379
