Location: 2025-04-16_191254-1.png_Otsu.png
Component: component_1744835898092_148.png
centerX: 0.20259128386336867
centerY: 0.24363636363636362
width: 0.03828032979976443
height: 0.028636363636363637
Area: 0.00024922368561944535
CentroidX: 0.2225
CentroidY: 0.2569
