Location: 2025-04-16_191254-1.png_Otsu.png
Component: component_1744835898094_178.png
centerX: 0.6937573616018846
centerY: 0.2877272727272727
width: 0.03415783274440518
height: 0.031818181818181815
Area: 0.0002551129671271014
CentroidX: 0.7131
CentroidY: 0.3022
