Location: 2025-04-16_191356-1.png_Gaussian-Closing.png
Component: component_1744835898292_537.png
centerX: 0.6554770318021201
centerY: 0.965768078733419
width: 0.03121319199057715
height: 0.026957637997432605
Area: 0.0002560338045262543
CentroidX: 0.6697
CentroidY: 0.9796
