Location: 2025-04-16_191254-1.png_Mean-Medain.png
Component: component_1744835897687_74.png
centerX: 0.8957597173144877
centerY: 0.12954545454545455
width: 0.03651354534746761
height: 0.03090909090909091
Area: 0.0002976764107506157
CentroidX: 0.9147
CentroidY: 0.1445
