Location: 2025-04-16_191356-1.png_Gaussian-Closing.png
Component: component_1744835898244_262.png
centerX: 0.6542991755005889
centerY: 0.4839537869062901
width: 0.028857479387514724
height: 0.032520325203252036
Area: 0.00027417793240606757
CentroidX: 0.6674
CentroidY: 0.5003
