Location: 2025-04-16_191356-1.png_Gaussian-Closing.png
Component: component_1744835898261_348.png
centerX: 0.4917550058892815
centerY: 0.6234488660676081
width: 0.034746760895170786
height: 0.03380402225074882
Area: 0.0003606145416112893
CentroidX: 0.5077
CentroidY: 0.6400
