Location: 2025-04-16_191356-1.png_Otsu.png
Component: component_1744835897589_200.png
centerX: 0.8945818610129564
centerY: 0.362002567394095
width: 0.035924617196702
height: 0.02866923406076166
Area: 0.0003129862059267794
CentroidX: 0.9130
CentroidY: 0.3764
