Location: 2025-04-16_191254-1.png_Otsu.png
Component: component_1744835898111_250.png
centerX: 0.19199057714958775
centerY: 0.4409090909090909
width: 0.03415783274440518
height: 0.03318181818181818
Area: 0.00025725452403897633
CentroidX: 0.2106
CentroidY: 0.4564
