Location: 2025-04-16_191254-1.png_Otsu.png
Component: component_1744835898140_401.png
centerX: 0.3963486454652532
centerY: 0.7054545454545454
width: 0.034746760895170786
height: 0.03
Area: 0.0002478852125495235
CentroidX: 0.4146
CentroidY: 0.7189
