Location: 2025-04-16_191254-1.png_Mean-Medain.png
Component: component_1744835897977_469.png
centerX: 0.8686690223792697
centerY: 0.8636363636363636
width: 0.04181389870435807
height: 0.028181818181818183
Area: 0.00035496305814327017
CentroidX: 0.8882
CentroidY: 0.8776
