Location: 2025-04-16_191254-1.png_Mean-Medain.png
Component: component_1744835897869_349.png
centerX: 0.15959952885747938
centerY: 0.6577272727272727
width: 0.03297997644287397
height: 0.03318181818181818
Area: 0.0003265874290609273
CentroidX: 0.1768
CentroidY: 0.6735
