Location: 2025-04-16_191254-1.png_Otsu.png
Component: component_1744835898137_396.png
centerX: 0.8545347467608951
centerY: 0.705
width: 0.03651354534746761
height: 0.028636363636363637
Area: 0.0002446728771817111
CentroidX: 0.8723
CentroidY: 0.7193
