Location: 2025-04-16_191254-1.png_Otsu.png
Component: component_1744835898097_191.png
centerX: 0.15724381625441697
centerY: 0.29045454545454547
width: 0.03180212014134275
height: 0.03272727272727273
Area: 0.00027304850626405397
CentroidX: 0.1739
CentroidY: 0.3066
