Location: 2025-04-16_191356-1.png_Gaussian-Closing.png
Component: component_1744835898205_75.png
centerX: 0.2826855123674912
centerY: 0.0975609756097561
width: 0.034746760895170786
height: 0.025246041934103552
Area: 0.00028602201588316797
CentroidX: 0.2986
CentroidY: 0.1108
