Location: 2025-04-16_191356-1.png_Gaussian-Closing.png
Component: component_1744835898290_526.png
centerX: 0.04711425206124853
centerY: 0.9606332905434317
width: 0.03180212014134275
height: 0.029097133076593923
Area: 0.0003064341597479579
CentroidX: 0.0614
CentroidY: 0.9764
