Location: 2025-04-16_191356-1.png_Otsu.png
Component: component_1744835897632_445.png
centerX: 0.817432273262662
centerY: 0.7749251176722294
width: 0.0353356890459364
height: 0.03209242618741977
Area: 0.0002784619625999124
CentroidX: 0.8317
CentroidY: 0.7916
