Location: 2025-04-16_191356-1.png_Otsu.png
Component: component_1744835897621_393.png
centerX: 0.8792697290930507
centerY: 0.6722293538724861
width: 0.03180212014134275
height: 0.02995293110825845
Area: 0.00024670973881023913
CentroidX: 0.8931
CentroidY: 0.6879
