Location: 2025-04-16_191254-1.png_Otsu.png
Component: component_1744835898159_528.png
centerX: 0.5265017667844523
centerY: 0.9081818181818182
width: 0.03297997644287397
height: 0.031363636363636364
Area: 0.0003233750936931149
CentroidX: 0.5421
CentroidY: 0.9236
