Location: 2025-04-16_191254-1.png_Otsu.png
Component: component_1744835898063_37.png
centerX: 0.8050647820965842
centerY: 0.03363636363636364
width: 0.037102473498233215
height: 0.03090909090909091
Area: 0.00030624263839811543
CentroidX: 0.8221
CentroidY: 0.0494
