Location: 2025-04-16_191356-1.png_Otsu.png
Component: component_1744835897579_140.png
centerX: 0.2061248527679623
centerY: 0.2635857937526744
width: 0.02591283863368669
height: 0.03209242618741977
Area: 0.00027165791464498244
CentroidX: 0.2180
CentroidY: 0.2799
