Location: 2025-04-16_191254-1.png_Otsu.png
Component: component_1744835898123_314.png
centerX: 0.5047114252061249
centerY: 0.5513636363636364
width: 0.03297997644287397
height: 0.031818181818181815
Area: 0.0002575222186529607
CentroidX: 0.5212
CentroidY: 0.5657
