Location: 2025-04-16_191254-1.png_Otsu.png
Component: component_1744835898087_143.png
centerX: 0.3321554770318021
centerY: 0.2409090909090909
width: 0.03415783274440518
height: 0.030454545454545453
Area: 0.00024253132026983616
CentroidX: 0.3508
CentroidY: 0.2544
