Location: 2025-04-16_191254-1.png_Mean-Medain.png
Component: component_1744835897691_103.png
centerX: 0.4075382803297998
centerY: 0.1831818181818182
width: 0.03828032979976443
height: 0.03681818181818182
Area: 0.0003346182674804583
CentroidX: 0.4277
CentroidY: 0.2002
