Location: 2025-04-16_191254-1.png_Otsu.png
Component: component_1744835898111_252.png
centerX: 0.6113074204946997
centerY: 0.44136363636363635
width: 0.034746760895170786
height: 0.03
Area: 0.0002695684762822572
CentroidX: 0.6277
CentroidY: 0.4565
