Location: 2025-04-16_191254-1.png_Mean-Medain.png
Component: component_1744835897941_435.png
centerX: 0.5600706713780919
centerY: 0.8109090909090909
width: 0.04711425206124853
height: 0.031363636363636364
Area: 0.0003522861120034265
CentroidX: 0.5848
CentroidY: 0.8256
