Location: 2025-04-16_191254-1.png_Mean-Medain.png
Component: component_1744835897945_441.png
centerX: 0.958186101295642
centerY: 0.8109090909090909
width: 0.030035335689045935
height: 0.03
Area: 0.0002786700931577257
CentroidX: 0.9739
CentroidY: 0.8249
