Location: 2025-04-16_191356-1.png_Gaussian-Closing.png
Component: component_1744835898210_100.png
centerX: 0.2573616018845701
centerY: 0.14120667522464697
width: 0.025323910482921083
height: 0.029097133076593923
Area: 0.0002643498631378354
CentroidX: 0.2699
CentroidY: 0.1550
