Location: 2025-04-16_191254-1.png_Otsu.png
Component: component_1744835898110_247.png
centerX: 0.6460541813898705
centerY: 0.44
width: 0.03180212014134275
height: 0.031818181818181815
Area: 0.00025002676946139844
CentroidX: 0.6632
CentroidY: 0.4552
