Location: 2025-04-16_191356-1.png_Otsu.png
Component: component_1744835897602_271.png
centerX: 0.9228504122497055
centerY: 0.48823277706461277
width: 0.02944640753828033
height: 0.028241335044929396
Area: 0.0002366296677658984
CentroidX: 0.9365
CentroidY: 0.5026
