Location: 2025-04-16_191356-1.png_Otsu.png
Component: component_1744835897589_201.png
centerX: 0.9434628975265018
centerY: 0.36243046640992727
width: 0.04122497055359246
height: 0.028241335044929396
Area: 0.00030693816330017496
CentroidX: 0.9635
CentroidY: 0.3762
