Location: 2025-04-16_191356-1.png_Gaussian-Closing.png
Component: component_1744835898224_184.png
centerX: 0.41578327444051827
centerY: 0.31065468549422337
width: 0.035924617196702
height: 0.03080872913992298
Area: 0.00033793438176152264
CentroidX: 0.4327
CentroidY: 0.3256
