Location: 2025-04-16_191356-1.png_Otsu.png
Component: component_1744835897634_459.png
centerX: 0.22968197879858657
centerY: 0.8258451005562687
width: 0.028268551236749116
height: 0.0329482242190843
Area: 0.000286526019435385
CentroidX: 0.2436
CentroidY: 0.8409
