Location: 2025-04-16_191254-1.png_Mean-Medain.png
Component: component_1744835897873_351.png
centerX: 0.07656065959952886
centerY: 0.6581818181818182
width: 0.0353356890459364
height: 0.03318181818181818
Area: 0.0003407752436020987
CentroidX: 0.0964
CentroidY: 0.6731
