Location: 2025-04-16_191254-1.png_Otsu.png
Component: component_1744835898130_363.png
centerX: 0.04122497055359246
centerY: 0.6554545454545454
width: 0.02944640753828033
height: 0.035454545454545454
Area: 0.0002850947638933505
CentroidX: 0.0565
CentroidY: 0.6732
