Location: 2025-04-16_191356-1.png_Gaussian-Closing.png
Component: component_1744835898281_465.png
centerX: 0.3498233215547703
centerY: 0.8305519897304237
width: 0.034746760895170786
height: 0.029525032092426188
Area: 0.00030971018283736866
CentroidX: 0.3660
CentroidY: 0.8444
