Location: 2025-04-16_191254-1.png_Otsu.png
Component: component_1744835898081_119.png
centerX: 0.25206124852767964
centerY: 0.18863636363636363
width: 0.03297997644287397
height: 0.03272727272727273
Area: 0.0002775993147017882
CentroidX: 0.2687
CentroidY: 0.2037
