Location: 2025-04-16_191356-1.png_Otsu.png
Component: component_1744835897622_398.png
centerX: 0.11012956419316844
centerY: 0.7133076593923834
width: 0.02237926972909305
height: 0.03936670945656825
Area: 0.0002978660993602683
CentroidX: 0.1200
CentroidY: 0.7342
