Location: 2025-04-16_191254-1.png_Otsu.png
Component: component_1744835898120_296.png
centerX: 0.9004711425206124
centerY: 0.5009090909090909
width: 0.03651354534746761
height: 0.026818181818181817
Area: 0.00023530356569225827
CentroidX: 0.9184
CentroidY: 0.5135
