Location: 2025-04-16_191356-1.png_Otsu.png
Component: component_1744835897563_49.png
centerX: 0.08480565371024736
centerY: 0.0962772785622593
width: 0.027090694935217905
height: 0.025673940949935817
Area: 0.0002575458151829054
CentroidX: 0.0965
CentroidY: 0.1096
