Location: 2025-04-16_191254-1.png_Otsu.png
Component: component_1744835898127_340.png
centerX: 0.4734982332155477
centerY: 0.6018181818181818
width: 0.03651354534746761
height: 0.03318181818181818
Area: 0.0002955348538387408
CentroidX: 0.4921
CentroidY: 0.6179
