Location: 2025-04-16_191254-1.png_Otsu.png
Component: component_1744835898142_409.png
centerX: 0.14605418138987045
centerY: 0.7077272727272728
width: 0.03297997644287397
height: 0.030454545454545453
Area: 0.00026689153014241353
CentroidX: 0.1636
CentroidY: 0.7226
