Location: 2025-04-16_191356-1.png_Otsu.png
Component: component_1744835897613_342.png
centerX: 0.4175500588928151
centerY: 0.6208814719726145
width: 0.028268551236749116
height: 0.036799315361574665
Area: 0.0002623338489289672
CentroidX: 0.4297
CentroidY: 0.6382
