Location: 2025-04-16_191254-1.png_Otsu.png
Component: component_1744835898107_231.png
centerX: 0.6672555948174322
centerY: 0.39045454545454544
width: 0.03651354534746761
height: 0.02909090909090909
Area: 0.00022727272727272727
CentroidX: 0.6855
CentroidY: 0.4041
