Location: 2025-04-16_191356-1.png_Otsu.png
Component: component_1744835897562_45.png
centerX: 0.9269729093050648
centerY: 0.06760804450149764
width: 0.03415783274440518
height: 0.022250748823277707
Area: 0.0002436857174969369
CentroidX: 0.9443
CentroidY: 0.0786
