Location: 2025-04-16_191254-1.png_Otsu.png
Component: component_1744835898121_307.png
centerX: 0.6195524146054181
centerY: 0.5504545454545454
width: 0.0353356890459364
height: 0.031818181818181815
Area: 0.00026019916479280437
CentroidX: 0.6372
CentroidY: 0.5656
