Location: 2025-04-16_191356-1.png_Gaussian-Closing.png
Component: component_1744835898206_77.png
centerX: 0.6378091872791519
centerY: 0.0975609756097561
width: 0.03356890459363958
height: 0.026957637997432605
Area: 0.0003182782432250583
CentroidX: 0.6545
CentroidY: 0.1110
