Location: easy64_Gaussian-Closing.png
Component: component_1744297381461_1023.png
centerX: 0.7382103990326482
centerY: 0.6601111586147926
width: 0.013301088270858524
height: 0.00983326207781103
Area: 6.358715291366156e-05
CentroidX: 0.7440
CentroidY: 0.6644
