Location: 2025-04-16_191356-1.png_Gaussian-Closing.png
Component: component_1744835898202_56.png
centerX: 0.5895170789163722
centerY: 0.06204535729567822
width: 0.034746760895170786
height: 0.02738553701326487
Area: 0.0003021501295541131
CentroidX: 0.6063
CentroidY: 0.0762
