Location: 2025-04-16_191356-1.png_Gaussian-Closing.png
Component: component_1744835898286_505.png
centerX: 0.04299175500588928
centerY: 0.9208386820710313
width: 0.03297997644287397
height: 0.029097133076593923
Area: 0.00029736209580805123
CentroidX: 0.0596
CentroidY: 0.9350
