Location: 2025-04-16_191254-1.png_Otsu.png
Component: component_1744835898114_265.png
centerX: 0.08303886925795052
centerY: 0.4445454545454545
width: 0.03828032979976443
height: 0.029545454545454545
Area: 0.00026983617089624157
CentroidX: 0.1041
CentroidY: 0.4580
