Location: 2025-04-16_191254-1.png_Mean-Medain.png
Component: component_1744835897679_34.png
centerX: 0.5936395759717314
centerY: 0.031818181818181815
width: 0.03415783274440518
height: 0.034545454545454546
Area: 0.0003678123996145198
CentroidX: 0.6107
CentroidY: 0.0478
