Location: 2025-04-16_191254-1.png_Otsu.png
Component: component_1744835898135_387.png
centerX: 0.5017667844522968
centerY: 0.7031818181818181
width: 0.03651354534746761
height: 0.031818181818181815
Area: 0.00024146054181389871
CentroidX: 0.5201
CentroidY: 0.7172
