Location: 2025-04-16_191254-1.png_Mean-Medain.png
Component: component_1744835897937_432.png
centerX: 0.43404004711425204
centerY: 0.8104545454545454
width: 0.039458186101295645
height: 0.03227272727272727
Area: 0.00036808009422850414
CentroidX: 0.4558
CentroidY: 0.8259
