Location: 2025-04-16_191254-1.png_Mean-Medain.png
Component: component_1744835897849_336.png
centerX: 0.8074204946996466
centerY: 0.6518181818181819
width: 0.037102473498233215
height: 0.034545454545454546
Area: 0.0003860156333654567
CentroidX: 0.8259
CentroidY: 0.6680
