Location: 2025-04-16_191356-1.png_Otsu.png
Component: component_1744835897578_133.png
centerX: 0.809776207302709
centerY: 0.22721437740693196
width: 0.030624263839811542
height: 0.02866923406076166
Area: 0.0002827459927937572
CentroidX: 0.8243
CentroidY: 0.2416
