Location: 2025-04-16_191356-1.png_Gaussian-Closing.png
Component: component_1744835898274_421.png
centerX: 0.15724381625441697
centerY: 0.7702182284980744
width: 0.024734982332155476
height: 0.03508771929824561
Area: 0.0003054261526435238
CentroidX: 0.1683
CentroidY: 0.7883
