Location: 2025-04-16_191254-1.png_Mean-Medain.png
Component: component_1744835897715_211.png
centerX: 0.1248527679623086
centerY: 0.39
width: 0.034746760895170786
height: 0.03227272727272727
Area: 0.0002800085662276475
CentroidX: 0.1409
CentroidY: 0.4070
