Location: 2025-04-16_191356-1.png_Otsu.png
Component: component_1744835897618_378.png
centerX: 0.11778563015312132
centerY: 0.6679503637141635
width: 0.027090694935217905
height: 0.03465982028241335
Area: 0.0002507417672279754
CentroidX: 0.1294
CentroidY: 0.6856
