Location: 2025-04-16_191254-1.png_Otsu.png
Component: component_1744835898081_117.png
centerX: 0.04004711425206125
centerY: 0.18772727272727271
width: 0.03828032979976443
height: 0.035
Area: 0.00027893778777171005
CentroidX: 0.0596
CentroidY: 0.2059
