Location: 2025-04-16_191356-1.png_Otsu.png
Component: component_1744835897580_142.png
centerX: 0.0535924617196702
centerY: 0.26486949080017114
width: 0.026501766784452298
height: 0.029525032092426188
Area: 0.00026334185603340133
CentroidX: 0.0665
CentroidY: 0.2801
