Location: 2025-04-16_191356-1.png_Gaussian-Closing.png
Component: component_1744835898293_540.png
centerX: 0.6124852767962309
centerY: 0.9661959777492511
width: 0.028268551236749116
height: 0.02610183996576808
Area: 0.00023713367131811546
CentroidX: 0.6259
CentroidY: 0.9795
