Location: 2025-04-16_191356-1.png_Otsu.png
Component: component_1744835897649_540.png
centerX: 0.6554770318021201
centerY: 0.965768078733419
width: 0.03121319199057715
height: 0.026957637997432605
Area: 0.0002179815363338681
CentroidX: 0.6699
CentroidY: 0.9796
