Location: 2025-04-16_191254-1.png_Otsu.png
Component: component_1744835898082_130.png
centerX: 0.7220259128386337
centerY: 0.23863636363636365
width: 0.032391048292108364
height: 0.029545454545454545
Area: 0.00024279901488382053
CentroidX: 0.7380
CentroidY: 0.2530
