Location: 2025-04-16_191254-1.png_Otsu.png
Component: component_1744835898104_223.png
centerX: 0.44051825677267376
centerY: 0.38954545454545453
width: 0.030035335689045935
height: 0.031363636363636364
Area: 0.00020558946353999358
CentroidX: 0.4545
CentroidY: 0.4055
