Location: 2025-04-16_191356-1.png_Gaussian-Closing.png
Component: component_1744835898224_182.png
centerX: 0.3674911660777385
centerY: 0.3102267864783911
width: 0.035924617196702
height: 0.030380830124090714
Area: 0.00034121040485093337
CentroidX: 0.3840
CentroidY: 0.3262
