Location: 2025-04-16_191254-1.png_Mean-Medain.png
Component: component_1744835897692_109.png
centerX: 0.8957597173144877
centerY: 0.18409090909090908
width: 0.0353356890459364
height: 0.031363636363636364
Area: 0.0002837562908234286
CentroidX: 0.9147
CentroidY: 0.1989
