Location: 2025-04-16_191356-1.png_Otsu.png
Component: component_1744835897580_143.png
centerX: 0.29034157832744406
centerY: 0.26486949080017114
width: 0.030624263839811542
height: 0.03209242618741977
Area: 0.00030567815441963234
CentroidX: 0.3039
CentroidY: 0.2803
