Location: 2025-04-16_191356-1.png_Gaussian-Closing.png
Component: component_1744835898272_410.png
centerX: 0.1872791519434629
centerY: 0.7188703465982028
width: 0.02767962308598351
height: 0.03465982028241335
Area: 0.0003190342485533838
CentroidX: 0.2000
CentroidY: 0.7359
