Location: 2025-04-16_191356-1.png_Otsu.png
Component: component_1744835897586_183.png
centerX: 0.2226148409893993
centerY: 0.35216089002995293
width: 0.032391048292108364
height: 0.03123662815575524
Area: 0.00030668616152406644
CentroidX: 0.2364
CentroidY: 0.3673
