Location: 2025-04-16_191254-1.png_Mean-Medain.png
Component: component_1744835897878_355.png
centerX: 0.3568904593639576
centerY: 0.6595454545454545
width: 0.03297997644287397
height: 0.029545454545454545
Area: 0.00032043045293928685
CentroidX: 0.3740
CentroidY: 0.6735
