Location: 2025-04-16_191254-1.png_Otsu.png
Component: component_1744835898141_405.png
centerX: 0.3657243816254417
centerY: 0.7063636363636364
width: 0.032391048292108364
height: 0.029545454545454545
Area: 0.0002342327872363208
CentroidX: 0.3819
CentroidY: 0.7200
