Location: 2025-04-16_191356-1.png_Gaussian-Closing.png
Component: component_1744835898224_187.png
centerX: 0.6684334511189635
centerY: 0.3123662815575524
width: 0.03121319199057715
height: 0.03123662815575524
Area: 0.00033617036932876305
CentroidX: 0.6830
CentroidY: 0.3275
