Location: 2025-04-16_191254-1.png_Otsu.png
Component: component_1744835898083_132.png
centerX: 0.0800942285041225
centerY: 0.23954545454545453
width: 0.03651354534746761
height: 0.03409090909090909
Area: 0.00030758111146803724
CentroidX: 0.0974
CentroidY: 0.2549
