Location: 2025-04-16_191254-1.png_Mean-Medain.png
Component: component_1744835897679_36.png
centerX: 0.7667844522968198
centerY: 0.03227272727272727
width: 0.030035335689045935
height: 0.03318181818181818
Area: 0.00032471356676303675
CentroidX: 0.7811
CentroidY: 0.0482
