Location: 2025-04-16_191356-1.png_Otsu.png
Component: component_1744835897635_467.png
centerX: 0.7667844522968198
centerY: 0.8288403936670946
width: 0.030035335689045935
height: 0.0329482242190843
Area: 0.0002648538666900524
CentroidX: 0.7814
CentroidY: 0.8449
