Location: 2025-04-16_191356-1.png_Gaussian-Closing.png
Component: component_1744835898280_463.png
centerX: 0.7661955241460542
centerY: 0.8284124946512623
width: 0.03121319199057715
height: 0.03380402225074882
Area: 0.0003157582254639731
CentroidX: 0.7815
CentroidY: 0.8450
