Location: 2025-04-16_191254-1.png_Mean-Medain.png
Component: component_1744835897679_35.png
centerX: 0.6366313309776207
centerY: 0.031818181818181815
width: 0.0353356890459364
height: 0.034545454545454546
Area: 0.00037316629189420707
CentroidX: 0.6537
CentroidY: 0.0488
