Location: 2025-04-16_191356-1.png_Otsu.png
Component: component_1744835897596_233.png
centerX: 0.09481743227326266
centerY: 0.44373127941805734
width: 0.02767962308598351
height: 0.02610183996576808
Area: 0.0002625858507050758
CentroidX: 0.1073
CentroidY: 0.4574
