Location: 2025-04-16_191254-1.png_Mean-Medain.png
Component: component_1744835898008_511.png
centerX: 0.28916372202591284
centerY: 0.9618181818181818
width: 0.038869257950530034
height: 0.029545454545454545
Area: 0.00034532605203983297
CentroidX: 0.3101
CentroidY: 0.9759
