Location: 2025-04-16_191254-1.png_Mean-Medain.png
Component: component_1744835897690_90.png
centerX: 0.12426383981154299
centerY: 0.1359090909090909
width: 0.032391048292108364
height: 0.035
Area: 0.00036700931577256663
CentroidX: 0.1388
CentroidY: 0.1533
