Location: 2025-04-16_191254-1.png_Mean-Medain.png
Component: component_1744835897687_76.png
centerX: 0.8568904593639576
centerY: 0.13
width: 0.03828032979976443
height: 0.03090909090909091
Area: 0.00033247671056858336
CentroidX: 0.8753
CentroidY: 0.1453
