Location: 2025-04-16_191356-1.png_Gaussian-Closing.png
Component: component_1744835898215_135.png
centerX: 0.04770318021201413
centerY: 0.22122379118528027
width: 0.027090694935217905
height: 0.02781343602909713
Area: 0.00031449821658343047
CentroidX: 0.0606
CentroidY: 0.2360
