Location: 2025-04-16_191356-1.png_Otsu.png
Component: component_1744835897577_126.png
centerX: 0.4758539458186101
centerY: 0.22379118528027386
width: 0.026501766784452298
height: 0.029097133076593923
Area: 0.0002759419448388272
CentroidX: 0.4880
CentroidY: 0.2385
