Location: 2025-04-16_191356-1.png_Otsu.png
Component: component_1744835897627_420.png
centerX: 0.8327444051825678
centerY: 0.7218656397090286
width: 0.028268551236749116
height: 0.03123662815575524
Area: 0.00025300978321295207
CentroidX: 0.8454
CentroidY: 0.7363
