Location: 2025-04-16_191254-1.png_Otsu.png
Component: component_1744835898121_305.png
centerX: 0.3510011778563015
centerY: 0.55
width: 0.03415783274440518
height: 0.03363636363636364
Area: 0.00027304850626405397
CentroidX: 0.3677
CentroidY: 0.5655
