Location: 2025-04-16_191356-1.png_Gaussian-Closing.png
Component: component_1744835898241_242.png
centerX: 0.21083627797408716
centerY: 0.44244758237056053
width: 0.02591283863368669
height: 0.02781343602909713
Area: 0.00026611387557059504
CentroidX: 0.2236
CentroidY: 0.4559
