Location: 2025-04-16_191356-1.png_Otsu.png
Component: component_1744835897568_76.png
centerX: 0.17196702002355713
centerY: 0.1407787762088147
width: 0.03180212014134275
height: 0.029525032092426188
Area: 0.0002867780212114935
CentroidX: 0.1873
CentroidY: 0.1556
