Location: 2025-04-16_191356-1.png_Otsu.png
Component: component_1744835897569_79.png
centerX: 0.37868080094228507
centerY: 0.1407787762088147
width: 0.03121319199057715
height: 0.029097133076593923
Area: 0.0002756899430627187
CentroidX: 0.3943
CentroidY: 0.1548
