Location: easy16_Gaussian-Median.png
Component: component_1744297381854_870.png
centerX: 0.29838709677419356
centerY: 0.6216475095785441
width: 0.02258064516129032
height: 0.014846743295019157
Area: 0.0001042825361512792
CentroidX: 0.3088
CentroidY: 0.6287
