Location: 2025-04-16_191254-1.png_Mean-Medain.png
Component: component_1744835897885_371.png
centerX: 0.6513545347467609
centerY: 0.705
width: 0.0353356890459364
height: 0.03
Area: 0.0003244458721490524
CentroidX: 0.6692
CentroidY: 0.7195
