Location: 2025-04-16_191356-1.png_Gaussian-Closing.png
Component: component_1744835898198_36.png
centerX: 0.7226148409893993
centerY: 0.02396234488660676
width: 0.035924617196702
height: 0.02995293110825845
Area: 0.000342974417283693
CentroidX: 0.7398
CentroidY: 0.0395
