Location: 2025-04-16_191254-1.png_Mean-Medain.png
Component: component_1744835897818_328.png
centerX: 0.9193168433451119
centerY: 0.6027272727272728
width: 0.03828032979976443
height: 0.030454545454545453
Area: 0.0003579076988970982
CentroidX: 0.9377
CentroidY: 0.6181
