Location: 2025-04-16_191356-1.png_Gaussian-Closing.png
Component: component_1744835898236_226.png
centerX: 0.38869257950530034
centerY: 0.40265297389816
width: 0.03121319199057715
height: 0.029525032092426188
Area: 0.0002880380300920361
CentroidX: 0.4047
CentroidY: 0.4173
