Location: easy26_Mean-Closing.png
Component: component_1744297382010_318.png
centerX: 0.4806451612903226
centerY: 0.23419540229885058
width: 0.021774193548387097
height: 0.014367816091954023
Area: 0.00010119268322827833
CentroidX: 0.4901
CentroidY: 0.2409
