Location: 2025-04-16_191254-1.png_Otsu.png
Component: component_1744835898104_222.png
centerX: 0.28209658421672557
centerY: 0.38954545454545453
width: 0.032391048292108364
height: 0.03227272727272727
Area: 0.00020585715815397794
CentroidX: 0.2992
CentroidY: 0.4053
