Location: 2025-04-16_191356-1.png_Gaussian-Closing.png
Component: component_1744835898245_266.png
centerX: 0.7367491166077739
centerY: 0.4848095849379546
width: 0.028857479387514724
height: 0.03209242618741977
Area: 0.0002968580922558342
CentroidX: 0.7495
CentroidY: 0.4999
