Location: 2025-04-16_191356-1.png_Otsu.png
Component: component_1744835897561_41.png
centerX: 0.7579505300353356
centerY: 0.06418485237483953
width: 0.03415783274440518
height: 0.025246041934103552
Area: 0.0002477177459146732
CentroidX: 0.7745
CentroidY: 0.0764
