Location: 2025-04-16_191254-1.png_Otsu.png
Component: component_1744835898167_560.png
centerX: 0.16136631330977622
centerY: 0.9618181818181818
width: 0.03415783274440518
height: 0.03
Area: 0.0002952671592247564
CentroidX: 0.1783
CentroidY: 0.9763
