Location: 2025-04-16_191254-1.png_Mean-Medain.png
Component: component_1744835897845_332.png
centerX: 0.07891637220259129
centerY: 0.605
width: 0.04063604240282685
height: 0.03272727272727273
Area: 0.00038815719027733163
CentroidX: 0.1003
CentroidY: 0.6204
