Location: 2025-04-16_191254-1.png_Mean-Medain.png
Component: component_1744835897972_463.png
centerX: 0.2420494699646643
centerY: 0.8618181818181818
width: 0.03769140164899882
height: 0.031363636363636364
Area: 0.0003297997644287397
CentroidX: 0.2613
CentroidY: 0.8774
