Location: 2025-04-16_191356-1.png_Gaussian-Closing.png
Component: component_1744835898222_174.png
centerX: 0.9098939929328622
centerY: 0.2768506632434745
width: 0.04063604240282685
height: 0.025673940949935817
Area: 0.0003218062680905775
CentroidX: 0.9271
CentroidY: 0.2910
