Location: 2025-04-16_191254-1.png_Mean-Medain.png
Component: component_1744835897971_460.png
centerX: 0.5188457008244994
centerY: 0.860909090909091
width: 0.03297997644287397
height: 0.03090909090909091
Area: 0.00035121533354748904
CentroidX: 0.5350
CentroidY: 0.8761
