Location: 2025-04-16_191254-1.png_Otsu.png
Component: component_1744835898051_29.png
centerX: 0.5942285041224971
centerY: 0.031818181818181815
width: 0.03356890459363958
height: 0.03409090909090909
Area: 0.0003153442552735839
CentroidX: 0.6107
CentroidY: 0.0480
