Location: 2025-04-16_191356-1.png_Gaussian-Closing.png
Component: component_1744835898212_115.png
centerX: 0.5312131919905771
centerY: 0.18271287976037656
width: 0.03297997644287397
height: 0.02995293110825845
Area: 0.0003245782876277712
CentroidX: 0.5462
CentroidY: 0.1983
