Location: 2025-04-16_191254-1.png_Mean-Medain.png
Component: component_1744835897680_39.png
centerX: 0.26855123674911663
centerY: 0.03363636363636364
width: 0.030035335689045935
height: 0.035
Area: 0.00034023985437413
CentroidX: 0.2831
CentroidY: 0.0507
