Location: 2025-04-16_191356-1.png_Gaussian-Closing.png
Component: component_1744835898213_122.png
centerX: 0.483510011778563
centerY: 0.1844244758237056
width: 0.03356890459363958
height: 0.028241335044929396
Area: 0.0003213022645383605
CentroidX: 0.5015
CentroidY: 0.1972
