Location: 2025-04-16_191254-1.png_Mean-Medain.png
Component: component_1744835897819_329.png
centerX: 0.15842167255594816
centerY: 0.6036363636363636
width: 0.03415783274440518
height: 0.03409090909090909
Area: 0.00036165542349287933
CentroidX: 0.1770
CentroidY: 0.6199
