Location: 2025-04-16_191254-1.png_Otsu.png
Component: component_1744835898095_184.png
centerX: 0.4299175500588928
centerY: 0.2881818181818182
width: 0.03297997644287397
height: 0.03272727272727273
Area: 0.0002551129671271014
CentroidX: 0.4484
CentroidY: 0.3029
