Location: 2025-04-16_191254-1.png_Otsu.png
Component: component_1744835898137_393.png
centerX: 0.6171967020023557
centerY: 0.7045454545454546
width: 0.032391048292108364
height: 0.030454545454545453
Area: 0.0002484206017774922
CentroidX: 0.6331
CentroidY: 0.7194
