Location: 2025-04-16_191356-1.png_Otsu.png
Component: component_1744835897635_463.png
centerX: 0.43404004711425204
centerY: 0.8275566966195977
width: 0.026501766784452298
height: 0.03337612323491656
Area: 0.00026107384004842466
CentroidX: 0.4466
CentroidY: 0.8451
