Location: 2025-04-16_191254-1.png_Mean-Medain.png
Component: component_1744835897936_427.png
centerX: 0.07832744405182568
centerY: 0.8095454545454546
width: 0.038869257950530034
height: 0.034545454545454546
Area: 0.00033916907591819253
CentroidX: 0.1009
CentroidY: 0.8252
