Location: 2025-04-16_191254-1.png_Mean-Medain.png
Component: component_1744835897705_168.png
centerX: 0.15724381625441697
centerY: 0.29
width: 0.032391048292108364
height: 0.03363636363636364
Area: 0.0003306028482706928
CentroidX: 0.1741
CentroidY: 0.3067
