Location: 2025-04-16_191254-1.png_Otsu.png
Component: component_1744835898169_570.png
centerX: 0.08068315665488811
centerY: 0.9640909090909091
width: 0.032391048292108364
height: 0.028181818181818183
Area: 0.000289110183103116
CentroidX: 0.0959
CentroidY: 0.9783
