Location: 2025-04-16_191356-1.png_Gaussian-Closing.png
Component: component_1744835898248_281.png
centerX: 0.8881036513545347
centerY: 0.48694908001711595
width: 0.027090694935217905
height: 0.029525032092426188
Area: 0.0002676258862272461
CentroidX: 0.9012
CentroidY: 0.5011
