Location: 2025-04-16_191254-1.png_Otsu.png
Component: component_1744835898120_301.png
centerX: 0.7391048292108363
centerY: 0.5490909090909091
width: 0.034746760895170786
height: 0.03227272727272727
Area: 0.0002615376378627262
CentroidX: 0.7557
CentroidY: 0.5643
