Location: 2025-04-16_191356-1.png_Gaussian-Closing.png
Component: component_1744835898279_455.png
centerX: 0.5889281507656066
centerY: 0.8249893025246042
width: 0.0353356890459364
height: 0.036371416345742404
Area: 0.0003402023977464993
CentroidX: 0.6051
CentroidY: 0.8455
