Location: 2025-04-16_191254-1.png_Otsu.png
Component: component_1744835898142_434.png
centerX: 0.32332155477031804
centerY: 0.7527272727272727
width: 0.03356890459363958
height: 0.03409090909090909
Area: 0.00020639254738194667
CentroidX: 0.3403
CentroidY: 0.7687
