Location: 2025-04-16_191254-1.png_Mean-Medain.png
Component: component_1744835897979_477.png
centerX: 0.7308598351001178
centerY: 0.9090909090909091
width: 0.04004711425206125
height: 0.030454545454545453
Area: 0.00034479066281186424
CentroidX: 0.7506
CentroidY: 0.9238
