Location: 2025-04-16_191254-1.png_Mean-Medain.png
Component: component_1744835897708_184.png
centerX: 0.6183745583038869
centerY: 0.34136363636363637
width: 0.035924617196702
height: 0.029545454545454545
Area: 0.00027893778777171005
CentroidX: 0.6382
CentroidY: 0.3548
