Location: 2025-04-16_191356-1.png_Gaussian-Closing.png
Component: component_1744835898226_192.png
centerX: 0.5630153121319199
centerY: 0.31664527171587503
width: 0.03415783274440518
height: 0.02610183996576808
Area: 0.00030870217573293455
CentroidX: 0.5800
CentroidY: 0.3307
