Location: 2025-04-16_191356-1.png_Gaussian-Closing.png
Component: component_1744835898275_429.png
centerX: 0.41048292108362777
centerY: 0.7719298245614035
width: 0.028857479387514724
height: 0.03423192126658109
Area: 0.00028451000522651684
CentroidX: 0.4244
CentroidY: 0.7890
