Location: 2025-04-16_191254-1.png_Mean-Medain.png
Component: component_1744835897728_216.png
centerX: 0.6666666666666666
centerY: 0.39
width: 0.03769140164899882
height: 0.03
Area: 0.0002784023985437413
CentroidX: 0.6857
CentroidY: 0.4044
