Location: 2025-04-16_191254-1.png_Mean-Medain.png
Component: component_1744835897705_167.png
centerX: 0.3498233215547703
centerY: 0.28954545454545455
width: 0.03297997644287397
height: 0.03272727272727273
Area: 0.0002944640753828033
CentroidX: 0.3669
CentroidY: 0.3045
