Location: 2025-04-16_191254-1.png_Mean-Medain.png
Component: component_1744835897677_24.png
centerX: 0.3845700824499411
centerY: 0.031363636363636364
width: 0.0353356890459364
height: 0.03636363636363636
Area: 0.0003742370703501446
CentroidX: 0.4010
CentroidY: 0.0487
