Location: 2025-04-16_191254-1.png_Mean-Medain.png
Component: component_1744835897704_159.png
centerX: 0.7302709069493521
centerY: 0.2877272727272727
width: 0.035924617196702
height: 0.031818181818181815
Area: 0.0002955348538387408
CentroidX: 0.7508
CentroidY: 0.3021
