Location: 2025-04-16_191356-1.png_Otsu.png
Component: component_1744835897561_38.png
centerX: 0.5895170789163722
centerY: 0.06204535729567822
width: 0.034746760895170786
height: 0.02738553701326487
Area: 0.0002726659217494165
CentroidX: 0.6065
CentroidY: 0.0763
