Location: 2025-04-16_191254-1.png_Mean-Medain.png
Component: component_1744835897694_114.png
centerX: 0.3309776207302709
centerY: 0.1859090909090909
width: 0.034746760895170786
height: 0.034545454545454546
Area: 0.0003496091658635828
CentroidX: 0.3500
CentroidY: 0.2020
