Location: 2025-04-16_191254-1.png_Otsu.png
Component: component_1744835898156_510.png
centerX: 0.32744405182567726
centerY: 0.8618181818181818
width: 0.03297997644287397
height: 0.03090909090909091
Area: 0.0002762608416318664
CentroidX: 0.3433
CentroidY: 0.8774
