Location: 2025-04-16_191254-1.png_Mean-Medain.png
Component: component_1744835897880_357.png
centerX: 0.23792697290930506
centerY: 0.66
width: 0.03651354534746761
height: 0.03
Area: 0.0003335474890245208
CentroidX: 0.2568
CentroidY: 0.6744
