Location: 2025-04-16_191254-1.png_Otsu.png
Component: component_1744835898148_473.png
centerX: 0.15606595995288575
centerY: 0.8081818181818182
width: 0.03651354534746761
height: 0.03590909090909091
Area: 0.00029660563229467823
CentroidX: 0.1760
CentroidY: 0.8258
