Location: 2025-04-16_191254-1.png_Otsu.png
Component: component_1744835898060_31.png
centerX: 0.8910482921083628
centerY: 0.031818181818181815
width: 0.037102473498233215
height: 0.03272727272727273
Area: 0.0002832209015954599
CentroidX: 0.9083
CentroidY: 0.0487
