Location: 2025-04-16_191356-1.png_Otsu.png
Component: component_1744835897632_452.png
centerX: 0.11955241460541814
centerY: 0.8237056054771074
width: 0.028268551236749116
height: 0.03508771929824561
Area: 0.0003210502627622519
CentroidX: 0.1329
CentroidY: 0.8403
