Location: 2025-04-16_191254-1.png_Mean-Medain.png
Component: component_1744835897682_49.png
centerX: 0.7202591283863369
centerY: 0.07772727272727273
width: 0.03356890459363958
height: 0.03590909090909091
Area: 0.00031507656065959955
CentroidX: 0.7375
CentroidY: 0.0948
