Location: 2025-04-16_191356-1.png_Gaussian-Closing.png
Component: component_1744835898209_93.png
centerX: 0.12426383981154299
centerY: 0.1407787762088147
width: 0.03415783274440518
height: 0.029525032092426188
Area: 0.0003467544439253208
CentroidX: 0.1395
CentroidY: 0.1560
