Location: 2025-04-16_191356-1.png_Otsu.png
Component: component_1744835897615_356.png
centerX: 0.7720848056537103
centerY: 0.6247325631151048
width: 0.03121319199057715
height: 0.031664527171587506
Area: 0.00024242570861639432
CentroidX: 0.7869
CentroidY: 0.6408
