Location: 2025-04-16_191254-1.png_Mean-Medain.png
Component: component_1744835897936_428.png
centerX: 0.2703180212014134
centerY: 0.8090909090909091
width: 0.038869257950530034
height: 0.03409090909090909
Area: 0.000348270692793661
CentroidX: 0.2927
CentroidY: 0.8253
