Location: 2025-04-16_191356-1.png_Gaussian-Closing.png
Component: component_1744835898235_223.png
centerX: 0.053003533568904596
centerY: 0.40136927685066326
width: 0.028268551236749116
height: 0.02866923406076166
Area: 0.000272917923525525
CentroidX: 0.0666
CentroidY: 0.4165
