Location: 2025-04-16_191356-1.png_Otsu.png
Component: component_1744835897618_375.png
centerX: 0.1525323910482921
centerY: 0.6666666666666666
width: 0.02591283863368669
height: 0.036371416345742404
Area: 0.00024973376012354134
CentroidX: 0.1641
CentroidY: 0.6845
