Location: 2025-04-16_191356-1.png_Gaussian-Closing.png
Component: component_1744835898282_477.png
centerX: 0.48645465253239106
centerY: 0.8750534873769791
width: 0.02767962308598351
height: 0.03209242618741977
Area: 0.00030567815441963234
CentroidX: 0.4989
CentroidY: 0.8916
