Location: 2025-04-16_191356-1.png_Gaussian-Closing.png
Component: component_1744835898219_158.png
centerX: 0.053003533568904596
centerY: 0.26486949080017114
width: 0.027090694935217905
height: 0.029525032092426188
Area: 0.000294338074494749
CentroidX: 0.0663
CentroidY: 0.2801
