Location: 2025-04-16_191254-1.png_Mean-Medain.png
Component: component_1744835897689_88.png
centerX: 0.2067137809187279
centerY: 0.135
width: 0.032391048292108364
height: 0.035
Area: 0.00035924617196702
CentroidX: 0.2208
CentroidY: 0.1531
