Location: 2025-04-16_191356-1.png_Gaussian-Closing.png
Component: component_1744835898234_219.png
centerX: 0.3003533568904594
centerY: 0.3992297817715019
width: 0.034746760895170786
height: 0.03209242618741977
Area: 0.00027896596615212943
CentroidX: 0.3165
CentroidY: 0.4163
