Location: 2025-04-16_191254-1.png_Otsu.png
Component: component_1744835898093_172.png
centerX: 0.9287396937573617
centerY: 0.2859090909090909
width: 0.030624263839811542
height: 0.03227272727272727
Area: 0.00021656494271335262
CentroidX: 0.9467
CentroidY: 0.3004
