Location: 2025-04-16_191356-1.png_Otsu.png
Component: component_1744835897626_416.png
centerX: 0.6113074204946997
centerY: 0.7188703465982028
width: 0.027090694935217905
height: 0.03380402225074882
Area: 0.00024544972992969656
CentroidX: 0.6226
CentroidY: 0.7348
