Location: 2025-04-16_191356-1.png_Otsu.png
Component: component_1744835897569_81.png
centerX: 0.928150765606596
centerY: 0.1407787762088147
width: 0.03415783274440518
height: 0.02781343602909713
Area: 0.0002701459039883313
CentroidX: 0.9446
CentroidY: 0.1551
