Location: 2025-04-16_191254-1.png_Otsu.png
Component: component_1744835898104_224.png
centerX: 0.5512367491166078
centerY: 0.38954545454545453
width: 0.03415783274440518
height: 0.03090909090909091
Area: 0.00023530356569225827
CentroidX: 0.5699
CentroidY: 0.4038
