Location: 2025-04-16_191356-1.png_Otsu.png
Component: component_1744835897602_270.png
centerX: 0.35217903415783275
centerY: 0.48823277706461277
width: 0.030035335689045935
height: 0.02781343602909713
Area: 0.0002409136979597432
CentroidX: 0.3655
CentroidY: 0.5020
