Location: 2025-04-16_191254-1.png_Otsu.png
Component: component_1744835898105_226.png
centerX: 0.1248527679623086
centerY: 0.39045454545454544
width: 0.03415783274440518
height: 0.031818181818181815
Area: 0.0002270050326587429
CentroidX: 0.1409
CentroidY: 0.4069
