Location: 2025-04-16_191254-1.png_Otsu.png
Component: component_1744835898117_280.png
centerX: 0.3027090694935218
centerY: 0.495
width: 0.032391048292108364
height: 0.035
Area: 0.0003083841953099904
CentroidX: 0.3207
CentroidY: 0.5109
