Location: 2025-04-16_191356-1.png_Gaussian-Closing.png
Component: component_1744835898287_510.png
centerX: 0.4016489988221437
centerY: 0.9216944801026957
width: 0.03356890459363958
height: 0.03080872913992298
Area: 0.0002915660549575553
CentroidX: 0.4174
CentroidY: 0.9370
