Location: 2025-04-16_191356-1.png_Gaussian-Closing.png
Component: component_1744835898270_400.png
centerX: 0.5047114252061249
centerY: 0.7175866495507061
width: 0.02767962308598351
height: 0.03551561831407788
Area: 0.0003386903870898482
CentroidX: 0.5176
CentroidY: 0.7339
