Location: 2025-04-16_191356-1.png_Otsu.png
Component: component_1744835897554_10.png
centerX: 0.15783274440518258
centerY: 0.020967051775780916
width: 0.03180212014134275
height: 0.02738553701326487
Area: 0.00027442993418217614
CentroidX: 0.1720
CentroidY: 0.0353
