Location: 2025-04-16_191254-1.png_Mean-Medain.png
Component: component_1744835898009_516.png
centerX: 0.9428739693757362
centerY: 0.9627272727272728
width: 0.04004711425206125
height: 0.026363636363636363
Area: 0.00031641503372952136
CentroidX: 0.9628
CentroidY: 0.9761
