Location: 2025-04-16_191356-1.png_Otsu.png
Component: component_1744835897574_110.png
centerX: 0.05535924617196702
centerY: 0.1857081728712024
width: 0.028857479387514724
height: 0.025246041934103552
Area: 0.00031122219349401974
CentroidX: 0.0696
CentroidY: 0.1989
