Location: 2025-04-16_191356-1.png_Otsu.png
Component: component_1744835897631_442.png
centerX: 0.4917550058892815
centerY: 0.7740693196405648
width: 0.034746760895170786
height: 0.03123662815575524
Area: 0.0002968580922558342
CentroidX: 0.5066
CentroidY: 0.7904
