Location: 2025-04-16_191254-1.png_Mean-Medain.png
Component: component_1744835898007_509.png
centerX: 0.20259128386336867
centerY: 0.9618181818181818
width: 0.034746760895170786
height: 0.03
Area: 0.00034371988435592674
CentroidX: 0.2207
CentroidY: 0.9764
