Location: 2025-04-16_191356-1.png_Gaussian-Closing.png
Component: component_1744835898223_179.png
centerX: 0.18433451118963487
centerY: 0.3080872913992298
width: 0.03415783274440518
height: 0.03080872913992298
Area: 0.0003160102272400816
CentroidX: 0.2002
CentroidY: 0.3243
