Location: 2025-04-16_191254-1.png_Mean-Medain.png
Component: component_1744835897682_53.png
centerX: 0.7608951707891637
centerY: 0.07818181818181819
width: 0.03769140164899882
height: 0.034545454545454546
Area: 0.0002915194346289753
CentroidX: 0.7779
CentroidY: 0.0953
