Location: 2025-04-16_191356-1.png_Otsu.png
Component: component_1744835897560_37.png
centerX: 0.4193168433451119
centerY: 0.06161745827984596
width: 0.038869257950530034
height: 0.02738553701326487
Area: 0.00029333006739031497
CentroidX: 0.4375
CentroidY: 0.0756
