Location: 2025-04-16_191254-1.png_Otsu.png
Component: component_1744835898073_77.png
centerX: 0.5106007067137809
centerY: 0.13090909090909092
width: 0.0353356890459364
height: 0.035
Area: 0.0002786700931577257
CentroidX: 0.5278
CentroidY: 0.1481
