Location: 2025-04-16_191254-1.png_Mean-Medain.png
Component: component_1744835897885_372.png
centerX: 0.8545347467608951
centerY: 0.705
width: 0.03651354534746761
height: 0.028636363636363637
Area: 0.00031266730913374023
CentroidX: 0.8727
CentroidY: 0.7195
