Location: 2025-04-16_191254-1.png_Mean-Medain.png
Component: component_1744835897976_467.png
centerX: 0.11778563015312132
centerY: 0.8627272727272727
width: 0.03297997644287397
height: 0.030454545454545453
Area: 0.0003083841953099904
CentroidX: 0.1349
CentroidY: 0.8777
