Location: 2025-04-16_191356-1.png_Otsu.png
Component: component_1744835897612_332.png
centerX: 0.7744405182567726
centerY: 0.5806589644843817
width: 0.028268551236749116
height: 0.02781343602909713
Area: 0.0002431817139447199
CentroidX: 0.7877
CentroidY: 0.5942
