Location: 2025-04-16_191356-1.png_Otsu.png
Component: component_1744835897600_256.png
centerX: 0.7756183745583038
centerY: 0.4852374839537869
width: 0.027090694935217905
height: 0.03123662815575524
Area: 0.00022050155409495325
CentroidX: 0.7867
CentroidY: 0.5018
