Location: 2025-04-16_191254-1.png_Mean-Medain.png
Component: component_1744835897698_136.png
centerX: 0.6295641931684335
centerY: 0.24
width: 0.03769140164899882
height: 0.02909090909090909
Area: 0.0003244458721490524
CentroidX: 0.6475
CentroidY: 0.2554
