Location: 2025-04-16_191356-1.png_Gaussian-Closing.png
Component: component_1744835898240_239.png
centerX: 0.1354534746760895
centerY: 0.4411638853230638
width: 0.024146054181389872
height: 0.02866923406076166
Area: 0.00027216191819719946
CentroidX: 0.1466
CentroidY: 0.4552
