Location: 2025-04-16_191356-1.png_Gaussian-Closing.png
Component: component_1744835898276_436.png
centerX: 0.04946996466431095
centerY: 0.7736414206247325
width: 0.02944640753828033
height: 0.03123662815575524
Area: 0.000300638118897462
CentroidX: 0.0624
CentroidY: 0.7899
