Location: 2025-04-16_191356-1.png_Otsu.png
Component: component_1744835897612_334.png
centerX: 0.8085983510011778
centerY: 0.581086863500214
width: 0.028268551236749116
height: 0.02738553701326487
Area: 0.0002436857174969369
CentroidX: 0.8221
CentroidY: 0.5944
