Location: 2025-04-16_191356-1.png_Otsu.png
Component: component_1744835897583_159.png
centerX: 0.9522968197879859
centerY: 0.2768506632434745
width: 0.034746760895170786
height: 0.02610183996576808
Area: 0.00028173798568932313
CentroidX: 0.9698
CentroidY: 0.2899
