Location: 2025-04-16_191254-1.png_Mean-Medain.png
Component: component_1744835897812_316.png
centerX: 0.5995288574793876
centerY: 0.6013636363636363
width: 0.03356890459363958
height: 0.03272727272727273
Area: 0.0003239104829210836
CentroidX: 0.6162
CentroidY: 0.6172
