Location: 2025-04-16_191254-1.png_Mean-Medain.png
Component: component_1744835897816_323.png
centerX: 0.5153121319199058
centerY: 0.6018181818181818
width: 0.03651354534746761
height: 0.03363636363636364
Area: 0.0003471999143377235
CentroidX: 0.5339
CentroidY: 0.6178
