Location: 2025-04-16_191356-1.png_Gaussian-Closing.png
Component: component_1744835898246_272.png
centerX: 0.07420494699646643
centerY: 0.48609328198545143
width: 0.022968197879858657
height: 0.029097133076593923
Area: 0.00026510586846616093
CentroidX: 0.0837
CentroidY: 0.5014
