Location: 2025-04-16_191254-1.png_Mean-Medain.png
Component: component_1744835897687_77.png
centerX: 0.5106007067137809
centerY: 0.13090909090909092
width: 0.035924617196702
height: 0.035
Area: 0.0003413106328300675
CentroidX: 0.5279
CentroidY: 0.1480
