Location: 2025-04-16_191356-1.png_Otsu.png
Component: component_1744835897564_54.png
centerX: 0.5453474676089517
centerY: 0.09713307659392384
width: 0.03356890459363958
height: 0.026957637997432605
Area: 0.00029559808337529164
CentroidX: 0.5601
CentroidY: 0.1120
