Location: 2025-04-16_191254-1.png_Otsu.png
Component: component_1744835898062_34.png
centerX: 0.26855123674911663
centerY: 0.03409090909090909
width: 0.030035335689045935
height: 0.034545454545454546
Area: 0.00029392868615483455
CentroidX: 0.2832
CentroidY: 0.0508
