Location: 2025-04-16_191254-1.png_Mean-Medain.png
Component: component_1744835897708_183.png
centerX: 0.535924617196702
centerY: 0.34136363636363637
width: 0.03769140164899882
height: 0.03
Area: 0.0002687653924403041
CentroidX: 0.5561
CentroidY: 0.3555
