Location: 2025-04-16_191356-1.png_Otsu.png
Component: component_1744835897552_3.png
centerX: 0.4299175500588928
centerY: 0.017115960633290545
width: 0.0353356890459364
height: 0.029097133076593923
Area: 0.00029459007627085753
CentroidX: 0.4459
CentroidY: 0.0324
