Location: 2025-04-16_191356-1.png_Otsu.png
Component: component_1744835897553_5.png
centerX: 0.4652532391048292
centerY: 0.019255455712451863
width: 0.03651354534746761
height: 0.03123662815575524
Area: 0.00030290613488243864
CentroidX: 0.4829
CentroidY: 0.0356
