Location: 2025-04-16_191356-1.png_Gaussian-Closing.png
Component: component_1744835898218_151.png
centerX: 0.8981154299175501
centerY: 0.2293538724860933
width: 0.03297997644287397
height: 0.02781343602909713
Area: 0.00030996218461347717
CentroidX: 0.9134
CentroidY: 0.2438
