Location: 2025-04-16_191356-1.png_Gaussian-Closing.png
Component: component_1744835898293_543.png
centerX: 0.32037691401649
centerY: 0.9670517757809157
width: 0.032391048292108364
height: 0.02396234488660676
Area: 0.00022982561981096844
CentroidX: 0.3360
CentroidY: 0.9794
