Location: 2025-04-16_191254-1.png_Otsu.png
Component: component_1744835898163_545.png
centerX: 0.07538280329799764
centerY: 0.9127272727272727
width: 0.03651354534746761
height: 0.030454545454545453
Area: 0.0003193596744833494
CentroidX: 0.0935
CentroidY: 0.9278
