Location: 2025-04-16_191254-1.png_Mean-Medain.png
Component: component_1744835897908_394.png
centerX: 0.395170789163722
centerY: 0.7536363636363637
width: 0.03415783274440518
height: 0.03227272727272727
Area: 0.0002872363208052254
CentroidX: 0.4132
CentroidY: 0.7681
