Location: 2025-04-16_191356-1.png_Otsu.png
Component: component_1744835897637_477.png
centerX: 0.36454652532391046
centerY: 0.8750534873769791
width: 0.027090694935217905
height: 0.0329482242190843
Area: 0.00024822174946689026
CentroidX: 0.3787
CentroidY: 0.8909
