Location: 2025-04-16_191356-1.png_Otsu.png
Component: component_1744835897607_299.png
centerX: 0.958186101295642
centerY: 0.5344458707744972
width: 0.027090694935217905
height: 0.03123662815575524
Area: 0.0002613258418245332
CentroidX: 0.9711
CentroidY: 0.5500
