Location: 2025-04-16_191356-1.png_Gaussian-Closing.png
Component: component_1744835898231_210.png
centerX: 0.6631330977620731
centerY: 0.3590072742832692
width: 0.03356890459363958
height: 0.029525032092426188
Area: 0.0003263423000605308
CentroidX: 0.6780
CentroidY: 0.3743
