Location: easy16_Gaussian-Median.png
Component: component_1744297381831_774.png
centerX: 0.7056451612903226
centerY: 0.5751915708812261
width: 0.02338709677419355
height: 0.014846743295019157
Area: 0.00010930354715115561
CentroidX: 0.7163
CentroidY: 0.5825
