Location: 2025-04-16_191254-1.png_Mean-Medain.png
Component: component_1744835897977_470.png
centerX: 0.9093050647820966
centerY: 0.8640909090909091
width: 0.038869257950530034
height: 0.02727272727272727
Area: 0.0003065103330120998
CentroidX: 0.9275
CentroidY: 0.8775
