Location: 2025-04-16_191254-1.png_Otsu.png
Component: component_1744835898080_111.png
centerX: 0.20730270906949352
centerY: 0.18545454545454546
width: 0.0353356890459364
height: 0.03636363636363636
Area: 0.00030865188992397475
CentroidX: 0.2259
CentroidY: 0.2031
