Location: 2025-04-16_191356-1.png_Otsu.png
Component: component_1744835897574_109.png
centerX: 0.6124852767962309
centerY: 0.18485237483953787
width: 0.0353356890459364
height: 0.02738553701326487
Area: 0.000287030022987602
CentroidX: 0.6300
CentroidY: 0.1985
