Location: 2025-04-16_191254-1.png_Mean-Medain.png
Component: component_1744835897683_58.png
centerX: 0.4752650176678445
centerY: 0.08227272727272728
width: 0.035924617196702
height: 0.034545454545454546
Area: 0.0003737016811221758
CentroidX: 0.4926
CentroidY: 0.0988
