Location: 2025-04-16_191356-1.png_Gaussian-Closing.png
Component: component_1744835898284_489.png
centerX: 0.8091872791519434
centerY: 0.8776208814719726
width: 0.03415783274440518
height: 0.0329482242190843
Area: 0.0003185302450011668
CentroidX: 0.8255
CentroidY: 0.8939
