Location: 2025-04-16_191254-1.png_Otsu.png
Component: component_1744835898073_78.png
centerX: 0.5547703180212014
centerY: 0.13090909090909092
width: 0.03651354534746761
height: 0.03409090909090909
Area: 0.0002883070992611629
CentroidX: 0.5720
CentroidY: 0.1475
