Location: 2025-04-16_191254-1.png_Otsu.png
Component: component_1744835898128_349.png
centerX: 0.2779740871613663
centerY: 0.6040909090909091
width: 0.03356890459363958
height: 0.03227272727272727
Area: 0.0002888424884891316
CentroidX: 0.2941
CentroidY: 0.6195
