Location: 2025-04-16_191254-1.png_Otsu.png
Component: component_1744835898117_283.png
centerX: 0.6348645465253239
centerY: 0.495
width: 0.03297997644287397
height: 0.03318181818181818
Area: 0.00027331620087803833
CentroidX: 0.6517
CentroidY: 0.5104
