Location: 2025-04-16_191356-1.png_Gaussian-Closing.png
Component: component_1744835898247_276.png
centerX: 0.6148409893992933
centerY: 0.4865211810012837
width: 0.03121319199057715
height: 0.029097133076593923
Area: 0.0002862740176592765
CentroidX: 0.6284
CentroidY: 0.5016
