Location: 2025-04-16_191254-1.png_Otsu.png
Component: component_1744835898092_171.png
centerX: 0.8492343934040048
centerY: 0.2859090909090909
width: 0.03651354534746761
height: 0.03227272727272727
Area: 0.0002612699432487418
CentroidX: 0.8681
CentroidY: 0.3003
