Location: 2025-04-16_191356-1.png_Otsu.png
Component: component_1744835897631_444.png
centerX: 0.7773851590106007
centerY: 0.7749251176722294
width: 0.027090694935217905
height: 0.031664527171587506
Area: 0.00024242570861639432
CentroidX: 0.7896
CentroidY: 0.7906
