Location: 2025-04-16_191356-1.png_Gaussian-Closing.png
Component: component_1744835898200_47.png
centerX: 0.464075382803298
centerY: 0.059050064184852376
width: 0.0353356890459364
height: 0.02995293110825845
Area: 0.0002978660993602683
CentroidX: 0.4818
CentroidY: 0.0738
