Location: 2025-04-16_191356-1.png_Gaussian-Closing.png
Component: component_1744835898246_270.png
centerX: 0.23380447585394581
centerY: 0.4856653829696192
width: 0.028857479387514724
height: 0.030380830124090714
Area: 0.00030341013843465566
CentroidX: 0.2479
CentroidY: 0.5012
