Location: 2025-04-16_191356-1.png_Otsu.png
Component: component_1744835897650_542.png
centerX: 0.5288574793875147
centerY: 0.9666238767650834
width: 0.030624263839811542
height: 0.025673940949935817
Area: 0.00022302157185603844
CentroidX: 0.5414
CentroidY: 0.9803
