Location: 2025-04-16_191356-1.png_Otsu.png
Component: component_1744835897583_164.png
centerX: 0.32273262661955243
centerY: 0.30851519041506204
width: 0.03121319199057715
height: 0.03209242618741977
Area: 0.0002646018649139439
CentroidX: 0.3371
CentroidY: 0.3255
