Location: 2025-04-16_191254-1.png_Otsu.png
Component: component_1744835898119_290.png
centerX: 0.07832744405182568
centerY: 0.4968181818181818
width: 0.030035335689045935
height: 0.03363636363636364
Area: 0.00026689153014241353
CentroidX: 0.0953
CentroidY: 0.5114
