Location: 2025-04-16_191254-1.png_Mean-Medain.png
Component: component_1744835897883_364.png
centerX: 0.43521790341578326
centerY: 0.7040909090909091
width: 0.03297997644287397
height: 0.031363636363636364
Area: 0.00030865188992397475
CentroidX: 0.4515
CentroidY: 0.7195
