Location: 2025-04-16_191356-1.png_Gaussian-Closing.png
Component: component_1744835898223_178.png
centerX: 0.2326266195524146
centerY: 0.3072314933675653
width: 0.03356890459363958
height: 0.03209242618741977
Area: 0.00032785431071718195
CentroidX: 0.2486
CentroidY: 0.3237
