Location: 2025-04-16_191356-1.png_Gaussian-Closing.png
Component: component_1744835898254_315.png
centerX: 0.5288574793875147
centerY: 0.5742404792468977
width: 0.02944640753828033
height: 0.03551561831407788
Area: 0.00030164612600189607
CentroidX: 0.5423
CentroidY: 0.5925
