Location: 2025-04-16_191356-1.png_Otsu.png
Component: component_1744835897579_137.png
centerX: 0.0895170789163722
centerY: 0.26230209670517757
width: 0.024734982332155476
height: 0.03209242618741977
Area: 0.00027720195371936984
CentroidX: 0.1015
CentroidY: 0.2783
