Location: 2025-04-16_191356-1.png_Otsu.png
Component: component_1744835897607_300.png
centerX: 0.04240282685512368
centerY: 0.5348737697903295
width: 0.028857479387514724
height: 0.026957637997432605
Area: 0.00027720195371936984
CentroidX: 0.0546
CentroidY: 0.5492
