Location: 2025-04-16_191254-1.png_Mean-Medain.png
Component: component_1744835897810_306.png
centerX: 0.11071849234393404
centerY: 0.5518181818181818
width: 0.03297997644287397
height: 0.03409090909090909
Area: 0.000343184495127958
CentroidX: 0.1287
CentroidY: 0.5680
