Location: 2025-04-16_191356-1.png_Gaussian-Closing.png
Component: component_1744835898227_197.png
centerX: 0.13722025912838634
centerY: 0.35173299101412064
width: 0.028268551236749116
height: 0.03123662815575524
Area: 0.00033894238886595675
CentroidX: 0.1500
CentroidY: 0.3684
