Location: 2025-04-16_191254-1.png_Otsu.png
Component: component_1744835898147_472.png
centerX: 0.5229681978798587
centerY: 0.8072727272727273
width: 0.0353356890459364
height: 0.035454545454545454
Area: 0.00032872898597280224
CentroidX: 0.5432
CentroidY: 0.8239
