Location: 2025-04-16_191356-1.png_Gaussian-Closing.png
Component: component_1744835898259_339.png
centerX: 0.8080094228504122
centerY: 0.581086863500214
width: 0.028857479387514724
height: 0.02738553701326487
Area: 0.000272917923525525
CentroidX: 0.8221
CentroidY: 0.5944
