Location: 2025-04-16_191356-1.png_Gaussian-Closing.png
Component: component_1744835898242_250.png
centerX: 0.5706713780918727
centerY: 0.44373127941805734
width: 0.0353356890459364
height: 0.02866923406076166
Area: 0.00031701823434451566
CentroidX: 0.5873
CentroidY: 0.4581
