Location: 2025-04-16_191356-1.png_Otsu.png
Component: component_1744835897647_528.png
centerX: 0.12661955241460543
centerY: 0.9597774925117672
width: 0.02591283863368669
height: 0.02995293110825845
Area: 0.00024973376012354134
CentroidX: 0.1397
CentroidY: 0.9742
