Location: 2025-04-16_191356-1.png_Gaussian-Closing.png
Component: component_1744835898197_31.png
centerX: 0.2697290930506478
centerY: 0.0235344458707745
width: 0.0353356890459364
height: 0.02610183996576808
Area: 0.00031424621480732195
CentroidX: 0.2843
CentroidY: 0.0377
