Location: 2025-04-16_191356-1.png_Gaussian-Closing.png
Component: component_1744835898281_468.png
centerX: 0.892226148409894
centerY: 0.8314077877620881
width: 0.030035335689045935
height: 0.031664527171587506
Area: 0.0002862740176592765
CentroidX: 0.9058
CentroidY: 0.8467
