Location: 2025-04-16_191254-1.png_Mean-Medain.png
Component: component_1744835897702_154.png
centerX: 0.8886925795053003
centerY: 0.2863636363636364
width: 0.03297997644287397
height: 0.03227272727272727
Area: 0.00031721811757147444
CentroidX: 0.9077
CentroidY: 0.3011
