Location: 2025-04-16_191254-1.png_Otsu.png
Component: component_1744835898082_129.png
centerX: 0.931095406360424
centerY: 0.23681818181818182
width: 0.0353356890459364
height: 0.030454545454545453
Area: 0.00026207302709069496
CentroidX: 0.9483
CentroidY: 0.2516
