Location: 2025-04-16_191356-1.png_Gaussian-Closing.png
Component: component_1744835898258_331.png
centerX: 0.6001177856301532
centerY: 0.5789473684210527
width: 0.028857479387514724
height: 0.02995293110825845
Area: 0.0002892980389725787
CentroidX: 0.6130
CentroidY: 0.5946
