Location: 2025-04-16_191254-1.png_Otsu.png
Component: component_1744835898099_201.png
centerX: 0.2797408716136631
centerY: 0.3422727272727273
width: 0.032391048292108364
height: 0.031363636363636364
Area: 0.00025082985330335153
CentroidX: 0.2974
CentroidY: 0.3569
