Location: 2025-04-16_191254-1.png_Otsu.png
Component: component_1744835898145_450.png
centerX: 0.8981154299175501
centerY: 0.755
width: 0.03651354534746761
height: 0.030454545454545453
Area: 0.00023235892493843024
CentroidX: 0.9161
CentroidY: 0.7688
