Location: 2025-04-16_191254-1.png_Otsu.png
Component: component_1744835898119_291.png
centerX: 0.1501766784452297
centerY: 0.49636363636363634
width: 0.03415783274440518
height: 0.03409090909090909
Area: 0.00029955027304850627
CentroidX: 0.1686
CentroidY: 0.5122
