Location: 2025-04-16_191254-1.png_Otsu.png
Component: component_1744835898112_257.png
centerX: 0.22909305064782096
centerY: 0.44272727272727275
width: 0.0353356890459364
height: 0.031363636363636364
Area: 0.0002543098832851483
CentroidX: 0.2486
CentroidY: 0.4564
