Location: 2025-04-16_191254-1.png_Otsu.png
Component: component_1744835898146_452.png
centerX: 0.14899882214369847
centerY: 0.7554545454545455
width: 0.030624263839811542
height: 0.031818181818181815
Area: 0.0002029125174001499
CentroidX: 0.1661
CentroidY: 0.7698
