Location: 2025-04-16_191254-1.png_Mean-Medain.png
Component: component_1744835897679_32.png
centerX: 0.4293286219081272
centerY: 0.031818181818181815
width: 0.03180212014134275
height: 0.035
Area: 0.0003496091658635828
CentroidX: 0.4442
CentroidY: 0.0486
