Location: 2025-04-16_191356-1.png_Otsu.png
Component: component_1744835897616_357.png
centerX: 0.29858657243816256
centerY: 0.6260162601626016
width: 0.030624263839811542
height: 0.031664527171587506
Area: 0.0002971100940319427
CentroidX: 0.3128
CentroidY: 0.6419
