Location: 2025-04-16_191254-1.png_Otsu.png
Component: component_1744835898152_485.png
centerX: 0.43462897526501765
centerY: 0.8109090909090909
width: 0.038869257950530034
height: 0.031818181818181815
Area: 0.00030624263839811543
CentroidX: 0.4562
CentroidY: 0.8261
