Location: 2025-04-16_191356-1.png_Gaussian-Closing.png
Component: component_1744835898228_203.png
centerX: 0.35276796230859836
centerY: 0.35344458707744975
width: 0.03356890459363958
height: 0.031664527171587506
Area: 0.00037019060910341295
CentroidX: 0.3675
CentroidY: 0.3703
