Location: 2025-04-16_191356-1.png_Otsu.png
Component: component_1744835897593_219.png
centerX: 0.8604240282685512
centerY: 0.4069319640564827
width: 0.03121319199057715
height: 0.02738553701326487
Area: 0.00025502579742182023
CentroidX: 0.8747
CentroidY: 0.4204
