Location: 2025-04-16_191356-1.png_Gaussian-Closing.png
Component: component_1744835898242_248.png
centerX: 0.05771495877502945
centerY: 0.44330338040222506
width: 0.02591283863368669
height: 0.026529738981600343
Area: 0.00027115391109276536
CentroidX: 0.0688
CentroidY: 0.4565
