Location: 2025-04-16_191356-1.png_Gaussian-Closing.png
Component: component_1744835898215_133.png
centerX: 0.08539458186101295
centerY: 0.21994009413778348
width: 0.028857479387514724
height: 0.029525032092426188
Area: 0.0003399503959703908
CentroidX: 0.0981
CentroidY: 0.2366
