Location: 2025-04-16_191254-1.png_Mean-Medain.png
Component: component_1744835897882_362.png
centerX: 0.5424028268551236
centerY: 0.7031818181818181
width: 0.0353356890459364
height: 0.031363636363636364
Area: 0.0003217689260092087
CentroidX: 0.5606
CentroidY: 0.7179
