Location: 2025-04-16_191356-1.png_Gaussian-Closing.png
Component: component_1744835898269_396.png
centerX: 0.3663133097762073
centerY: 0.7154471544715447
width: 0.030035335689045935
height: 0.037655113393239195
Area: 0.0003155062236878646
CentroidX: 0.3797
CentroidY: 0.7338
