Location: 2025-04-16_191254-1.png_Otsu.png
Component: component_1744835898127_341.png
centerX: 0.5159010600706714
centerY: 0.6018181818181818
width: 0.035924617196702
height: 0.03318181818181818
Area: 0.0002928579076988971
CentroidX: 0.5339
CentroidY: 0.6175
