Location: 2025-04-16_191356-1.png_Gaussian-Closing.png
Component: component_1744835898289_518.png
centerX: 0.7608951707891637
centerY: 0.9272571673085152
width: 0.03415783274440518
height: 0.026529738981600343
Area: 0.00024948175834743283
CentroidX: 0.7768
CentroidY: 0.9406
