Location: 2025-04-16_191356-1.png_Gaussian-Closing.png
Component: component_1744835898196_20.png
centerX: 0.4299175500588928
centerY: 0.01668806161745828
width: 0.0353356890459364
height: 0.029525032092426188
Area: 0.00032483028940387973
CentroidX: 0.4459
CentroidY: 0.0322
