Location: easy16_Gaussian-Median.png
Component: component_1744297381812_641.png
centerX: 0.617741935483871
centerY: 0.42528735632183906
width: 0.02258064516129032
height: 0.014367816091954023
Area: 0.00010196514645902856
CentroidX: 0.6275
CentroidY: 0.4323
