Location: 2025-04-16_191254-1.png_Mean-Medain.png
Component: component_1744835897708_186.png
centerX: 0.8586572438162544
centerY: 0.3409090909090909
width: 0.03651354534746761
height: 0.029545454545454545
Area: 0.0002722454224221009
CentroidX: 0.8769
CentroidY: 0.3549
