Location: 2025-04-16_191254-1.png_Otsu.png
Component: component_1744835898128_348.png
centerX: 0.15842167255594816
centerY: 0.6036363636363636
width: 0.03415783274440518
height: 0.03363636363636364
Area: 0.00030999036299389656
CentroidX: 0.1769
CentroidY: 0.6199
