Location: 2025-04-16_191356-1.png_Otsu.png
Component: component_1744835897615_351.png
centerX: 0.7343934040047114
centerY: 0.6243046640992725
width: 0.03121319199057715
height: 0.03209242618741977
Area: 0.0002532617849890606
CentroidX: 0.7487
CentroidY: 0.6404
