Location: 2025-04-16_191356-1.png_Otsu.png
Component: component_1744835897582_154.png
centerX: 0.7473498233215548
centerY: 0.27043217800599056
width: 0.03356890459363958
height: 0.03080872913992298
Area: 0.00029610208692750867
CentroidX: 0.7625
CentroidY: 0.2864
