Location: 2025-04-16_191356-1.png_Otsu.png
Component: component_1744835897573_103.png
centerX: 0.7991755005889282
centerY: 0.18356867779204109
width: 0.032391048292108364
height: 0.030380830124090714
Area: 0.0003076941686285005
CentroidX: 0.8140
CentroidY: 0.1995
