Location: 2025-04-16_191254-1.png_Otsu.png
Component: component_1744835898045_19.png
centerX: 0.9363957597173145
centerY: 0.029545454545454545
width: 0.034746760895170786
height: 0.035
Area: 0.00029794410536460004
CentroidX: 0.9521
CentroidY: 0.0483
