Location: 2025-04-16_191254-1.png_Mean-Medain.png
Component: component_1744835897781_269.png
centerX: 0.07773851590106007
centerY: 0.4968181818181818
width: 0.03121319199057715
height: 0.03409090909090909
Area: 0.00030543955455616234
CentroidX: 0.0952
CentroidY: 0.5114
