Location: 2025-04-16_191356-1.png_Otsu.png
Component: component_1744835897645_514.png
centerX: 0.44287396937573614
centerY: 0.922122379118528
width: 0.03180212014134275
height: 0.030380830124090714
Area: 0.00027090190931665684
CentroidX: 0.4578
CentroidY: 0.9371
