Location: 2025-04-16_191254-1.png_Mean-Medain.png
Component: component_1744835897710_194.png
centerX: 0.15901060070671377
centerY: 0.3427272727272727
width: 0.034746760895170786
height: 0.031818181818181815
Area: 0.0003206981475532712
CentroidX: 0.1769
CentroidY: 0.3586
