Location: 2025-04-16_191356-1.png_Otsu.png
Component: component_1744835897591_207.png
centerX: 0.5312131919905771
centerY: 0.40051347881899874
width: 0.03121319199057715
height: 0.032520325203252036
Area: 0.0002625858507050758
CentroidX: 0.5464
CentroidY: 0.4156
