Location: 2025-04-16_191356-1.png_Otsu.png
Component: component_1744835897635_466.png
centerX: 0.46937573616018846
centerY: 0.8288403936670946
width: 0.028268551236749116
height: 0.032520325203252036
Area: 0.00024973376012354134
CentroidX: 0.4830
CentroidY: 0.8453
