Location: 2025-04-16_191254-1.png_Otsu.png
Component: component_1744835898053_30.png
centerX: 0.6372202591283863
centerY: 0.03227272727272727
width: 0.034746760895170786
height: 0.03363636363636364
Area: 0.00031561194988756827
CentroidX: 0.6537
CentroidY: 0.0490
