Location: easy26_Mean-Closing.png
Component: component_1744297382114_698.png
centerX: 0.7741935483870968
centerY: 0.47988505747126436
width: 0.021774193548387097
height: 0.014846743295019157
Area: 0.00011625571622790755
CentroidX: 0.7841
CentroidY: 0.4871
