Location: 2025-04-16_191356-1.png_Otsu.png
Component: component_1744835897570_90.png
centerX: 0.9681978798586572
centerY: 0.14377406931964057
width: 0.026501766784452298
height: 0.024818142918271287
Area: 0.00023839368019865805
CentroidX: 0.9812
CentroidY: 0.1563
