Location: 2025-04-16_191254-1.png_Otsu.png
Component: component_1744835898078_102.png
centerX: 0.4917550058892815
centerY: 0.1831818181818182
width: 0.03651354534746761
height: 0.03590909090909091
Area: 0.0002722454224221009
CentroidX: 0.5119
CentroidY: 0.1993
