Location: 2025-04-16_191254-1.png_Mean-Medain.png
Component: component_1744835897982_479.png
centerX: 0.33451118963486454
centerY: 0.9104545454545454
width: 0.03651354534746761
height: 0.031818181818181815
Area: 0.00038039404647178496
CentroidX: 0.3516
CentroidY: 0.9257
