Location: 2025-04-16_191254-1.png_Mean-Medain.png
Component: component_1744835898003_501.png
centerX: 0.49705535924617195
centerY: 0.96
width: 0.03828032979976443
height: 0.03
Area: 0.00032150123139522435
CentroidX: 0.5173
CentroidY: 0.9741
