Location: easy21_Mean-Medain.png
Component: component_1744297380874_529.png
centerX: 0.6282258064516129
centerY: 0.4492337164750958
width: 0.02338709677419355
height: 0.01532567049808429
Area: 0.0001139383265356569
CentroidX: 0.6385
CentroidY: 0.4567
