Location: 2025-04-16_191356-1.png_Gaussian-Closing.png
Component: component_1744835898202_58.png
centerX: 0.7161366313309776
centerY: 0.06375695335900727
width: 0.037102473498233215
height: 0.025673940949935817
Area: 0.00028753402653981905
CentroidX: 0.7337
CentroidY: 0.0764
