Location: 2025-04-16_191356-1.png_Gaussian-Closing.png
Component: component_1744835898210_103.png
centerX: 0.5159010600706714
centerY: 0.14249037227214378
width: 0.032391048292108364
height: 0.026957637997432605
Area: 0.0003119781988223453
CentroidX: 0.5320
CentroidY: 0.1558
