Location: 2025-04-16_191356-1.png_Gaussian-Closing.png
Component: component_1744835898287_509.png
centerX: 0.36042402826855124
centerY: 0.9216944801026957
width: 0.02944640753828033
height: 0.03080872913992298
Area: 0.0003177742396728412
CentroidX: 0.3754
CentroidY: 0.9363
