Location: 2025-04-16_191254-1.png_Mean-Medain.png
Component: component_1744835897700_143.png
centerX: 0.5429917550058893
centerY: 0.2409090909090909
width: 0.037102473498233215
height: 0.02909090909090909
Area: 0.0003225720098511618
CentroidX: 0.5608
CentroidY: 0.2560
