Location: 2025-04-16_191356-1.png_Gaussian-Closing.png
Component: component_1744835898210_101.png
centerX: 0.4664310954063604
centerY: 0.14120667522464697
width: 0.038869257950530034
height: 0.02781343602909713
Area: 0.0003402023977464993
CentroidX: 0.4853
CentroidY: 0.1556
