Location: 2025-04-16_191356-1.png_Otsu.png
Component: component_1744835897587_190.png
centerX: 0.44876325088339225
centerY: 0.3560119811724433
width: 0.02767962308598351
height: 0.030380830124090714
Area: 0.00026334185603340133
CentroidX: 0.4614
CentroidY: 0.3709
