Location: 2025-04-16_191356-1.png_Gaussian-Closing.png
Component: component_1744835898269_395.png
centerX: 0.3321554770318021
centerY: 0.715875053487377
width: 0.02767962308598351
height: 0.037655113393239195
Area: 0.00029736209580805123
CentroidX: 0.3447
CentroidY: 0.7347
