Location: 2025-04-16_191356-1.png_Gaussian-Closing.png
Component: component_1744835898266_377.png
centerX: 0.4793875147232038
centerY: 0.6679503637141635
width: 0.028857479387514724
height: 0.03423192126658109
Area: 0.00030366214021076423
CentroidX: 0.4935
CentroidY: 0.6838
