Location: 2025-04-16_191254-1.png_Mean-Medain.png
Component: component_1744835897854_344.png
centerX: 0.4840989399293286
centerY: 0.6559090909090909
width: 0.03356890459363958
height: 0.031818181818181815
Area: 0.00034532605203983297
CentroidX: 0.5023
CentroidY: 0.6707
