Location: 2025-04-16_191254-1.png_Mean-Medain.png
Component: component_1744835897678_29.png
centerX: 0.8904593639575972
centerY: 0.03090909090909091
width: 0.03769140164899882
height: 0.03409090909090909
Area: 0.0003498768604775672
CentroidX: 0.9078
CentroidY: 0.0484
