Location: 2025-04-16_191254-1.png_Otsu.png
Component: component_1744835898125_332.png
centerX: 0.3934040047114252
centerY: 0.600909090909091
width: 0.035924617196702
height: 0.035
Area: 0.00028027626084163186
CentroidX: 0.4127
CentroidY: 0.6173
