Location: 2025-04-16_191356-1.png_Gaussian-Closing.png
Component: component_1744835898264_364.png
centerX: 0.9204946996466431
centerY: 0.6268720581942662
width: 0.0353356890459364
height: 0.029525032092426188
Area: 0.00027417793240606757
CentroidX: 0.9365
CentroidY: 0.6415
