Location: 2025-04-16_191356-1.png_Gaussian-Closing.png
Component: component_1744835898278_450.png
centerX: 0.6354534746760895
centerY: 0.8241335044929397
width: 0.030624263839811542
height: 0.036799315361574665
Area: 0.00034095840307482486
CentroidX: 0.6491
CentroidY: 0.8422
