Location: 2025-04-16_191254-1.png_Otsu.png
Component: component_1744835898146_456.png
centerX: 0.8144876325088339
centerY: 0.7554545454545455
width: 0.03828032979976443
height: 0.03
Area: 0.0002342327872363208
CentroidX: 0.8340
CentroidY: 0.7703
