Location: 2025-04-16_191254-1.png_Otsu.png
Component: component_1744835898069_63.png
centerX: 0.3934040047114252
centerY: 0.085
width: 0.032391048292108364
height: 0.03227272727272727
Area: 0.0003016918299603812
CentroidX: 0.4084
CentroidY: 0.1005
