Location: 2025-04-16_191254-1.png_Mean-Medain.png
Component: component_1744835897697_130.png
centerX: 0.07950530035335689
centerY: 0.2390909090909091
width: 0.03769140164899882
height: 0.034545454545454546
Area: 0.00038360638183959736
CentroidX: 0.0978
CentroidY: 0.2553
