Location: 2025-04-16_191356-1.png_Otsu.png
Component: component_1744835897575_113.png
centerX: 0.8421672555948174
centerY: 0.1878476679503637
width: 0.0353356890459364
height: 0.025673940949935817
Area: 0.00029736209580805123
CentroidX: 0.8601
CentroidY: 0.2005
