Location: 2025-04-16_191254-1.png_Otsu.png
Component: component_1744835898128_350.png
centerX: 0.31566548881036516
centerY: 0.6040909090909091
width: 0.034746760895170786
height: 0.03227272727272727
Area: 0.0002703715601242103
CentroidX: 0.3333
CentroidY: 0.6198
