Location: 2025-04-16_191356-1.png_Gaussian-Closing.png
Component: component_1744835898254_319.png
centerX: 0.3539458186101296
centerY: 0.5772357723577236
width: 0.030624263839811542
height: 0.03209242618741977
Area: 0.0003386903870898482
CentroidX: 0.3682
CentroidY: 0.5919
