Location: 2025-04-16_191356-1.png_Gaussian-Closing.png
Component: component_1744835898218_150.png
centerX: 0.8539458186101295
centerY: 0.22721437740693196
width: 0.035924617196702
height: 0.02866923406076166
Area: 0.0003127342041506709
CentroidX: 0.8706
CentroidY: 0.2420
