Location: 2025-04-16_191254-1.png_Mean-Medain.png
Component: component_1744835897783_287.png
centerX: 0.702002355712603
centerY: 0.5486363636363636
width: 0.037102473498233215
height: 0.03363636363636364
Area: 0.0003378306028482707
CentroidX: 0.7209
CentroidY: 0.5652
