Location: 2025-04-16_191254-1.png_Mean-Medain.png
Component: component_1744835897781_270.png
centerX: 0.14958775029446408
centerY: 0.49636363636363634
width: 0.034746760895170786
height: 0.034545454545454546
Area: 0.00034023985437413
CentroidX: 0.1685
CentroidY: 0.5122
