Location: 2025-04-16_191254-1.png_Otsu.png
Component: component_1744835898146_453.png
centerX: 0.21731448763250882
centerY: 0.7559090909090909
width: 0.03180212014134275
height: 0.031363636363636364
Area: 0.00020532176892600922
CentroidX: 0.2348
CentroidY: 0.7703
