Location: 2025-04-16_191356-1.png_Otsu.png
Component: component_1744835897611_325.png
centerX: 0.6001177856301532
centerY: 0.5789473684210527
width: 0.028857479387514724
height: 0.02995293110825845
Area: 0.0002517497743324095
CentroidX: 0.6132
CentroidY: 0.5946
