Location: 2025-04-16_191254-1.png_Otsu.png
Component: component_1744835898098_199.png
centerX: 0.6189634864546525
centerY: 0.34136363636363637
width: 0.0353356890459364
height: 0.029545454545454545
Area: 0.00022994967341257095
CentroidX: 0.6382
CentroidY: 0.3549
