Location: 2025-04-16_191356-1.png_Otsu.png
Component: component_1744835897560_36.png
centerX: 0.37985865724381623
centerY: 0.06161745827984596
width: 0.03297997644287397
height: 0.026957637997432605
Area: 0.0002857700141070594
CentroidX: 0.3955
CentroidY: 0.0757
