Location: 2025-04-16_191254-1.png_Otsu.png
Component: component_1744835898131_365.png
centerX: 0.6142520612485277
centerY: 0.6554545454545454
width: 0.0353356890459364
height: 0.031818181818181815
Area: 0.00031079344683584964
CentroidX: 0.6314
CentroidY: 0.6704
