Location: 2025-04-16_191254-1.png_Otsu.png
Component: component_1744835898118_287.png
centerX: 0.6713780918727915
centerY: 0.4959090909090909
width: 0.03415783274440518
height: 0.03227272727272727
Area: 0.0003083841953099904
CentroidX: 0.6879
CentroidY: 0.5113
