Location: 2025-04-16_191356-1.png_Gaussian-Closing.png
Component: component_1744835898212_111.png
centerX: 0.17196702002355713
centerY: 0.181857081728712
width: 0.030035335689045935
height: 0.02995293110825845
Area: 0.00033591836755265454
CentroidX: 0.1879
CentroidY: 0.1968
