Location: 2025-04-16_191356-1.png_Gaussian-Closing.png
Component: component_1744835898267_383.png
centerX: 0.6548881036513545
centerY: 0.6709456568249893
width: 0.028268551236749116
height: 0.031664527171587506
Area: 0.00026611387557059504
CentroidX: 0.6675
CentroidY: 0.6867
