Location: 2025-04-16_191254-1.png_Mean-Medain.png
Component: component_1744835897810_305.png
centerX: 0.9257950530035336
centerY: 0.5513636363636364
width: 0.039458186101295645
height: 0.029545454545454545
Area: 0.0003546953635292858
CentroidX: 0.9453
CentroidY: 0.5658
