Location: 2025-04-16_191356-1.png_Otsu.png
Component: component_1744835897583_161.png
centerX: 0.14428739693757361
centerY: 0.30637569533590076
width: 0.02944640753828033
height: 0.03209242618741977
Area: 0.00027342192707774203
CentroidX: 0.1567
CentroidY: 0.3232
