Location: 2025-04-16_191356-1.png_Gaussian-Closing.png
Component: component_1744835898212_114.png
centerX: 0.2962308598351001
centerY: 0.18271287976037656
width: 0.030624263839811542
height: 0.029525032092426188
Area: 0.000342974417283693
CentroidX: 0.3125
CentroidY: 0.1969
