Location: easy64_Gaussian-Closing.png
Component: component_1744297381267_438.png
centerX: 0.4183796856106409
centerY: 0.3232150491663104
width: 0.013301088270858524
height: 0.010260795211628902
Area: 6.048534057640979e-05
CentroidX: 0.4241
CentroidY: 0.3279
