Location: 2025-04-16_191356-1.png_Otsu.png
Component: component_1744835897580_145.png
centerX: 0.4534746760895171
centerY: 0.26658108686350024
width: 0.030035335689045935
height: 0.03209242618741977
Area: 0.00030567815441963234
CentroidX: 0.4673
CentroidY: 0.2835
