Location: 2025-04-16_191254-1.png_Otsu.png
Component: component_1744835898101_210.png
centerX: 0.702002355712603
centerY: 0.3427272727272727
width: 0.03415783274440518
height: 0.028636363636363637
Area: 0.00021843880501124318
CentroidX: 0.7182
CentroidY: 0.3560
