Location: 2025-04-16_191356-1.png_Otsu.png
Component: component_1744835897621_391.png
centerX: 0.8074204946996466
centerY: 0.6718014548566539
width: 0.03180212014134275
height: 0.03123662815575524
Area: 0.0002731699253016335
CentroidX: 0.8221
CentroidY: 0.6857
