Location: 2025-04-16_191356-1.png_Otsu.png
Component: component_1744835897621_390.png
centerX: 0.05182567726737338
centerY: 0.6718014548566539
width: 0.024734982332155476
height: 0.03080872913992298
Area: 0.0002540177903173862
CentroidX: 0.0637
CentroidY: 0.6872
