Location: 2025-04-16_191254-1.png_Mean-Medain.png
Component: component_1744835897690_91.png
centerX: 0.16195524146054183
centerY: 0.13545454545454547
width: 0.03356890459363958
height: 0.035454545454545454
Area: 0.0003362244351643645
CentroidX: 0.1798
CentroidY: 0.1526
