Location: 2025-04-16_191356-1.png_Otsu.png
Component: component_1744835897582_155.png
centerX: 0.7879858657243817
centerY: 0.2725716730851519
width: 0.032391048292108364
height: 0.029097133076593923
Area: 0.0002835019981220828
CentroidX: 0.8019
CentroidY: 0.2878
