Location: 2025-04-16_191254-1.png_Mean-Medain.png
Component: component_1744835897792_300.png
centerX: 0.1519434628975265
centerY: 0.5513636363636364
width: 0.032391048292108364
height: 0.03409090909090909
Area: 0.0003303351536567084
CentroidX: 0.1691
CentroidY: 0.5680
