Location: 2025-04-16_191254-1.png_Mean-Medain.png
Component: component_1744835897706_179.png
centerX: 0.08421672555948174
centerY: 0.34
width: 0.03180212014134275
height: 0.034545454545454546
Area: 0.0003078488060820216
CentroidX: 0.0996
CentroidY: 0.3572
