Location: 2025-04-16_191254-1.png_Mean-Medain.png
Component: component_1744835897697_129.png
centerX: 0.8050647820965842
centerY: 0.23863636363636365
width: 0.034746760895170786
height: 0.029545454545454545
Area: 0.000311061141449834
CentroidX: 0.8224
CentroidY: 0.2530
