Location: 2025-04-16_191356-1.png_Gaussian-Closing.png
Component: component_1744835898285_492.png
centerX: 0.7697290930506479
centerY: 0.8784766795036372
width: 0.030035335689045935
height: 0.031664527171587506
Area: 0.0003024021313302216
CentroidX: 0.7855
CentroidY: 0.8937
