Location: 2025-04-16_191356-1.png_Otsu.png
Component: component_1744835897609_317.png
centerX: 0.287396937573616
centerY: 0.5780915703893881
width: 0.028857479387514724
height: 0.030380830124090714
Area: 0.00027342192707774203
CentroidX: 0.3000
CentroidY: 0.5922
