Location: 2025-04-16_191356-1.png_Gaussian-Closing.png
Component: component_1744835898233_216.png
centerX: 0.9434628975265018
centerY: 0.362002567394095
width: 0.04122497055359246
height: 0.029097133076593923
Area: 0.0003512904758952741
CentroidX: 0.9635
CentroidY: 0.3762
