Location: 2025-04-16_191356-1.png_Gaussian-Closing.png
Component: component_1744835898264_363.png
centerX: 0.8121319199057715
centerY: 0.6268720581942662
width: 0.02944640753828033
height: 0.029525032092426188
Area: 0.00028602201588316797
CentroidX: 0.8266
CentroidY: 0.6410
