Location: 2025-04-16_191356-1.png_Gaussian-Closing.png
Component: component_1744835898242_247.png
centerX: 0.6189634864546525
centerY: 0.44244758237056053
width: 0.030035335689045935
height: 0.029097133076593923
Area: 0.00030139412422578756
CentroidX: 0.6329
CentroidY: 0.4566
