Location: 2025-04-16_191356-1.png_Gaussian-Closing.png
Component: component_1744835898221_165.png
centerX: 0.5365135453474676
centerY: 0.2682926829268293
width: 0.03356890459363958
height: 0.03123662815575524
Area: 0.00030038611712135345
CentroidX: 0.5517
CentroidY: 0.2840
