Location: 2025-04-16_191356-1.png_Gaussian-Closing.png
Component: component_1744835898237_231.png
centerX: 0.6666666666666666
centerY: 0.40522036799315364
width: 0.03769140164899882
height: 0.028241335044929396
Area: 0.0003132382077028879
CentroidX: 0.6847
CentroidY: 0.4190
