Location: 2025-04-16_191254-1.png_Otsu.png
Component: component_1744835898095_183.png
centerX: 0.38987043580683156
centerY: 0.2881818181818182
width: 0.03356890459363958
height: 0.03318181818181818
Area: 0.0002695684762822572
CentroidX: 0.4089
CentroidY: 0.3038
