Location: 2025-04-16_191254-1.png_Otsu.png
Component: component_1744835898162_541.png
centerX: 0.15606595995288575
centerY: 0.9118181818181819
width: 0.03415783274440518
height: 0.03090909090909091
Area: 0.00033327979441053645
CentroidX: 0.1742
CentroidY: 0.9269
