Location: 2025-04-16_191254-1.png_Mean-Medain.png
Component: component_1744835897684_60.png
centerX: 0.43227326266195526
centerY: 0.08318181818181818
width: 0.037102473498233215
height: 0.03409090909090909
Area: 0.00035496305814327017
CentroidX: 0.4498
CentroidY: 0.0997
