Location: 2025-04-16_191254-1.png_Otsu.png
Component: component_1744835898130_361.png
centerX: 0.6925795053003534
centerY: 0.655
width: 0.03297997644287397
height: 0.031818181818181815
Area: 0.0002888424884891316
CentroidX: 0.7097
CentroidY: 0.6694
