Location: 2025-04-16_191356-1.png_Otsu.png
Component: component_1744835897577_127.png
centerX: 0.6036513545347467
centerY: 0.2233632862644416
width: 0.03180212014134275
height: 0.02995293110825845
Area: 0.00029005404430090424
CentroidX: 0.6178
CentroidY: 0.2392
