Location: 2025-04-16_191254-1.png_Otsu.png
Component: component_1744835898159_526.png
centerX: 0.5671378091872792
centerY: 0.9077272727272727
width: 0.038869257950530034
height: 0.031818181818181815
Area: 0.00033515365670842704
CentroidX: 0.5858
CentroidY: 0.9237
