Location: 2025-04-16_191254-1.png_Otsu.png
Component: component_1744835898138_400.png
centerX: 0.2944640753828033
centerY: 0.7059090909090909
width: 0.03297997644287397
height: 0.03090909090909091
Area: 0.0002583253024949138
CentroidX: 0.3101
CentroidY: 0.7205
