Location: 2025-04-16_191356-1.png_Otsu.png
Component: component_1744835897560_34.png
centerX: 0.5500588928150766
centerY: 0.06076166024818143
width: 0.03121319199057715
height: 0.028241335044929396
Area: 0.0002512457707801925
CentroidX: 0.5654
CentroidY: 0.0750
