Location: 2025-04-16_191356-1.png_Gaussian-Closing.png
Component: component_1744835898249_289.png
centerX: 0.11307420494699646
centerY: 0.5280273855370132
width: 0.02237926972909305
height: 0.03423192126658109
Area: 0.0003444864279403441
CentroidX: 0.1233
CentroidY: 0.5446
