Location: 2025-04-16_191254-1.png_Otsu.png
Component: component_1744835898159_525.png
centerX: 0.4882214369846879
centerY: 0.9077272727272727
width: 0.03415783274440518
height: 0.03227272727272727
Area: 0.0003016918299603812
CentroidX: 0.5057
CentroidY: 0.9239
