Location: 2025-04-16_191254-1.png_Otsu.png
Component: component_1744835898117_281.png
centerX: 0.3415783274440518
centerY: 0.495
width: 0.03415783274440518
height: 0.034545454545454546
Area: 0.0003198950637113181
CentroidX: 0.3611
CentroidY: 0.5109
