Location: 2025-04-16_191356-1.png_Otsu.png
Component: component_1744835897576_121.png
centerX: 0.34393404004711425
centerY: 0.22165169020111253
width: 0.028857479387514724
height: 0.02995293110825845
Area: 0.00030164612600189607
CentroidX: 0.3563
CentroidY: 0.2373
