Location: 2025-04-16_191356-1.png_Gaussian-Closing.png
Component: component_1744835898228_202.png
centerX: 0.2656065959952886
centerY: 0.35344458707744975
width: 0.032391048292108364
height: 0.03080872913992298
Area: 0.0003691826019989789
CentroidX: 0.2804
CentroidY: 0.3682
