Location: 2025-04-16_191356-1.png_Gaussian-Closing.png
Component: component_1744835898222_171.png
centerX: 0.7879858657243817
centerY: 0.27214377406931967
width: 0.03297997644287397
height: 0.029525032092426188
Area: 0.0003150022201356475
CentroidX: 0.8020
CentroidY: 0.2878
