Location: 2025-04-16_191356-1.png_Gaussian-Closing.png
Component: component_1744835898218_152.png
centerX: 0.9428739693757362
centerY: 0.22978177150192555
width: 0.03356890459363958
height: 0.02781343602909713
Area: 0.000307442166852392
CentroidX: 0.9582
CentroidY: 0.2448
