Location: easy64_Gaussian-Closing.png
Component: component_1744297381259_393.png
centerX: 0.8524788391777509
centerY: 0.3022659256092347
width: 0.013301088270858524
height: 0.010688328345446772
Area: 7.030774631104044e-05
CentroidX: 0.8586
CentroidY: 0.3070
