Location: 2025-04-16_191254-1.png_Mean-Medain.png
Component: component_1744835897712_200.png
centerX: 0.23674911660777384
centerY: 0.3440909090909091
width: 0.034746760895170786
height: 0.03
Area: 0.0002955348538387408
CentroidX: 0.2560
CentroidY: 0.3576
