Location: 2025-04-16_191254-1.png_Mean-Medain.png
Component: component_1744835897799_301.png
centerX: 0.43404004711425204
centerY: 0.5509090909090909
width: 0.03415783274440518
height: 0.03227272727272727
Area: 0.00034157832744405184
CentroidX: 0.4503
CentroidY: 0.5665
