Location: 2025-04-16_191254-1.png_Otsu.png
Component: component_1744835898081_127.png
centerX: 0.8480565371024735
centerY: 0.235
width: 0.034746760895170786
height: 0.03272727272727273
Area: 0.0002553806617410858
CentroidX: 0.8650
CentroidY: 0.2516
