Location: 2025-04-16_191254-1.png_Otsu.png
Component: component_1744835898148_474.png
centerX: 0.19434628975265017
centerY: 0.8081818181818182
width: 0.03769140164899882
height: 0.035454545454545454
Area: 0.0002960702430667095
CentroidX: 0.2137
CentroidY: 0.8253
