Location: 2025-04-16_191356-1.png_Otsu.png
Component: component_1744835897597_241.png
centerX: 0.17255594817432274
centerY: 0.4450149764655541
width: 0.02591283863368669
height: 0.024390243902439025
Area: 0.00021344550436391477
CentroidX: 0.1846
CentroidY: 0.4572
