Location: 2025-04-16_191356-1.png_Gaussian-Closing.png
Component: component_1744835898249_291.png
centerX: 0.2797408716136631
centerY: 0.5293110825845101
width: 0.026501766784452298
height: 0.03380402225074882
Area: 0.0003187822467772753
CentroidX: 0.2926
CentroidY: 0.5461
