Location: 2025-04-16_191356-1.png_Otsu.png
Component: component_1744835897646_522.png
centerX: 0.797997644287397
centerY: 0.9272571673085152
width: 0.030035335689045935
height: 0.02738553701326487
Area: 0.00022478558428879806
CentroidX: 0.8118
CentroidY: 0.9410
