Location: 2025-04-16_191356-1.png_Gaussian-Closing.png
Component: component_1744835898265_371.png
centerX: 0.2620730270906949
centerY: 0.6666666666666666
width: 0.02944640753828033
height: 0.03594351732991014
Area: 0.0003510384741191656
CentroidX: 0.2740
CentroidY: 0.6847
