Location: 2025-04-16_191254-1.png_Mean-Medain.png
Component: component_1744835897709_190.png
centerX: 0.7773851590106007
centerY: 0.3422727272727273
width: 0.03828032979976443
height: 0.028636363636363637
Area: 0.0002850947638933505
CentroidX: 0.7953
CentroidY: 0.3565
