Location: 2025-04-16_191356-1.png_Otsu.png
Component: component_1744835897617_373.png
centerX: 0.3374558303886926
centerY: 0.6662387676508345
width: 0.027090694935217905
height: 0.036371416345742404
Area: 0.00022478558428879806
CentroidX: 0.3481
CentroidY: 0.6842
