Location: 2025-04-16_191356-1.png_Otsu.png
Component: component_1744835897555_16.png
centerX: 0.31095406360424027
centerY: 0.02396234488660676
width: 0.03180212014134275
height: 0.024818142918271287
Area: 0.00026082183827231615
CentroidX: 0.3251
CentroidY: 0.0368
