Location: 2025-04-16_191356-1.png_Otsu.png
Component: component_1744835897576_118.png
centerX: 0.25500588928150764
centerY: 0.21994009413778348
width: 0.02767962308598351
height: 0.03080872913992298
Area: 0.0003190342485533838
CentroidX: 0.2690
CentroidY: 0.2353
