Location: 2025-04-16_191254-1.png_Otsu.png
Component: component_1744835898112_253.png
centerX: 0.7161366313309776
centerY: 0.4409090909090909
width: 0.035924617196702
height: 0.029545454545454545
Area: 0.0002754577577899133
CentroidX: 0.7349
CentroidY: 0.4546
