Location: 2025-04-16_191356-1.png_Gaussian-Closing.png
Component: component_1744835898293_542.png
centerX: 0.7779740871613663
centerY: 0.9661959777492511
width: 0.03121319199057715
height: 0.026529738981600343
Area: 0.00024494572637747953
CentroidX: 0.7929
CentroidY: 0.9792
