Location: 2025-04-16_191254-1.png_Otsu.png
Component: component_1744835898078_101.png
centerX: 0.4493521790341578
centerY: 0.1831818181818182
width: 0.03769140164899882
height: 0.03590909090909091
Area: 0.00030543955455616234
CentroidX: 0.4693
CentroidY: 0.1994
