Location: 2025-04-16_191254-1.png_Mean-Medain.png
Component: component_1744835897688_84.png
centerX: 0.3303886925795053
centerY: 0.13318181818181818
width: 0.034746760895170786
height: 0.035
Area: 0.0003413106328300675
CentroidX: 0.3478
CentroidY: 0.1499
