Location: 2025-04-16_191254-1.png_Otsu.png
Component: component_1744835898077_91.png
centerX: 0.12426383981154299
centerY: 0.13636363636363635
width: 0.03180212014134275
height: 0.034545454545454546
Area: 0.00030597494378413107
CentroidX: 0.1385
CentroidY: 0.1529
