Location: 2025-04-16_191254-1.png_Otsu.png
Component: component_1744835898165_554.png
centerX: 0.5376914016489989
centerY: 0.9604545454545454
width: 0.035924617196702
height: 0.02909090909090909
Area: 0.00024815290716350785
CentroidX: 0.5572
CentroidY: 0.9740
