Location: 2025-04-16_191356-1.png_Otsu.png
Component: component_1744835897626_415.png
centerX: 0.5388692579505301
centerY: 0.7188703465982028
width: 0.028268551236749116
height: 0.03380402225074882
Area: 0.00027064990754054833
CentroidX: 0.5514
CentroidY: 0.7342
