Location: 2025-04-16_191254-1.png_Otsu.png
Component: component_1744835898075_84.png
centerX: 0.3309776207302709
centerY: 0.13318181818181818
width: 0.03356890459363958
height: 0.034545454545454546
Area: 0.0002754577577899133
CentroidX: 0.3476
CentroidY: 0.1497
