Location: 2025-04-16_191254-1.png_Mean-Medain.png
Component: component_1744835897809_303.png
centerX: 0.5806831566548881
centerY: 0.5513636363636364
width: 0.03356890459363958
height: 0.031363636363636364
Area: 0.00031909197986936503
CentroidX: 0.5978
CentroidY: 0.5668
