Location: 2025-04-16_191356-1.png_Gaussian-Closing.png
Component: component_1744835898213_120.png
centerX: 0.3875147232037691
centerY: 0.1844244758237056
width: 0.034746760895170786
height: 0.02781343602909713
Area: 0.0003328943462393523
CentroidX: 0.4052
CentroidY: 0.1977
