Location: 2025-04-16_191356-1.png_Gaussian-Closing.png
Component: component_1744835898250_295.png
centerX: 0.24676089517078917
centerY: 0.5301668806161746
width: 0.02767962308598351
height: 0.0329482242190843
Area: 0.00029030604607701275
CentroidX: 0.2605
CentroidY: 0.5460
