Location: 2025-04-16_191254-1.png_Otsu.png
Component: component_1744835898096_185.png
centerX: 0.6201413427561837
centerY: 0.2881818181818182
width: 0.035924617196702
height: 0.031818181818181815
Area: 0.00029499946461077205
CentroidX: 0.6367
CentroidY: 0.3032
