Location: 2025-04-16_191356-1.png_Otsu.png
Component: component_1744835897582_157.png
centerX: 0.8657243816254417
centerY: 0.2738553701326487
width: 0.0353356890459364
height: 0.02781343602909713
Area: 0.0002696419004361143
CentroidX: 0.8806
CentroidY: 0.2889
