Location: 2025-04-16_191356-1.png_Gaussian-Closing.png
Component: component_1744835898241_244.png
centerX: 0.40636042402826855
centerY: 0.44244758237056053
width: 0.02944640753828033
height: 0.029097133076593923
Area: 0.0002978660993602683
CentroidX: 0.4192
CentroidY: 0.4574
