Location: 2025-04-16_191356-1.png_Otsu.png
Component: component_1744835897557_25.png
centerX: 0.09305064782096584
centerY: 0.058622165169020114
width: 0.03121319199057715
height: 0.029097133076593923
Area: 0.00027946996970434646
CentroidX: 0.1081
CentroidY: 0.0739
