Location: 2025-04-16_191254-1.png_Mean-Medain.png
Component: component_1744835897702_153.png
centerX: 0.5783274440518257
centerY: 0.2868181818181818
width: 0.034746760895170786
height: 0.03272727272727273
Area: 0.0003231073990791305
CentroidX: 0.5978
CentroidY: 0.3016
