Location: 2025-04-16_191254-1.png_Otsu.png
Component: component_1744835898142_410.png
centerX: 0.3292108362779741
centerY: 0.7072727272727273
width: 0.0353356890459364
height: 0.02909090909090909
Area: 0.00025966377556483564
CentroidX: 0.3485
CentroidY: 0.7201
