Location: 2025-04-16_191356-1.png_Otsu.png
Component: component_1744835897602_273.png
centerX: 0.8527679623085983
centerY: 0.488660676080445
width: 0.02767962308598351
height: 0.028241335044929396
Area: 0.0002394016873030921
CentroidX: 0.8656
CentroidY: 0.5031
