Location: 2025-04-16_191356-1.png_Gaussian-Closing.png
Component: component_1744835898243_256.png
centerX: 0.17196702002355713
centerY: 0.4450149764655541
width: 0.026501766784452298
height: 0.024818142918271287
Area: 0.0002560338045262543
CentroidX: 0.1848
CentroidY: 0.4573
