Location: 2025-04-16_191254-1.png_Otsu.png
Component: component_1744835898127_342.png
centerX: 0.5594817432273262
centerY: 0.6018181818181818
width: 0.03651354534746761
height: 0.03318181818181818
Area: 0.00033649212977834885
CentroidX: 0.5766
CentroidY: 0.6180
