Location: 2025-04-16_191356-1.png_Otsu.png
Component: component_1744835897629_430.png
centerX: 0.3763250883392226
centerY: 0.7723577235772358
width: 0.030624263839811542
height: 0.03337612323491656
Area: 0.00025023776367575837
CentroidX: 0.3909
CentroidY: 0.7889
