Location: 2025-04-16_191254-1.png_Mean-Medain.png
Component: component_1744835897692_105.png
centerX: 0.4911660777385159
centerY: 0.1831818181818182
width: 0.037102473498233215
height: 0.03590909090909091
Area: 0.00033113823749866155
CentroidX: 0.5122
CentroidY: 0.1994
