Location: 2025-04-16_191356-1.png_Otsu.png
Component: component_1744835897628_426.png
centerX: 0.19493521790341578
centerY: 0.771074026529739
width: 0.023557126030624265
height: 0.03380402225074882
Area: 0.0002686338933316802
CentroidX: 0.2057
CentroidY: 0.7878
