Location: 2025-04-16_191254-1.png_Mean-Medain.png
Component: component_1744835897691_102.png
centerX: 0.8580683156654888
centerY: 0.18227272727272728
width: 0.032391048292108364
height: 0.03409090909090909
Area: 0.0003142734768176464
CentroidX: 0.8756
CentroidY: 0.1977
