Location: 2025-04-16_191254-1.png_Mean-Medain.png
Component: component_1744835897697_131.png
centerX: 0.11778563015312132
centerY: 0.2390909090909091
width: 0.039458186101295645
height: 0.034545454545454546
Area: 0.00033836599207623944
CentroidX: 0.1384
CentroidY: 0.2553
