Location: 2025-04-16_191356-1.png_Gaussian-Closing.png
Component: component_1744835898266_375.png
centerX: 0.19022379269729092
centerY: 0.6675224646983312
width: 0.028857479387514724
height: 0.03551561831407788
Area: 0.0002998821135691364
CentroidX: 0.2024
CentroidY: 0.6861
