Location: 2025-04-16_191356-1.png_Gaussian-Closing.png
Component: component_1744835898285_490.png
centerX: 0.04888103651354535
centerY: 0.8780487804878049
width: 0.030624263839811542
height: 0.028241335044929396
Area: 0.00028728202476371054
CentroidX: 0.0638
CentroidY: 0.8936
