Location: easy21_Mean-Medain.png
Component: component_1744297380978_968.png
centerX: 0.8637096774193549
centerY: 0.7241379310344828
width: 0.024193548387096774
height: 0.01532567049808429
Area: 0.00011471078976640712
CentroidX: 0.8744
CentroidY: 0.7313
