Location: 2025-04-16_191356-1.png_Otsu.png
Component: component_1744835897581_147.png
centerX: 0.4122497055359246
centerY: 0.26743688489516476
width: 0.028857479387514724
height: 0.03080872913992298
Area: 0.00028173798568932313
CentroidX: 0.4264
CentroidY: 0.2826
