Location: 2025-04-16_191356-1.png_Otsu.png
Component: component_1744835897581_149.png
centerX: 0.49411071849234395
centerY: 0.2687205819426615
width: 0.03356890459363958
height: 0.030380830124090714
Area: 0.0002895500407486872
CentroidX: 0.5099
CentroidY: 0.2842
