Location: 2025-04-16_191356-1.png_Gaussian-Closing.png
Component: component_1744835898244_259.png
centerX: 0.8616018845700825
centerY: 0.4462986735130509
width: 0.03356890459363958
height: 0.026529738981600343
Area: 0.00030290613488243864
CentroidX: 0.8775
CentroidY: 0.4598
