Location: 2025-04-16_191254-1.png_Mean-Medain.png
Component: component_1744835897714_208.png
centerX: 0.5506478209658422
centerY: 0.3890909090909091
width: 0.034746760895170786
height: 0.031363636363636364
Area: 0.0002864332369632723
CentroidX: 0.5701
CentroidY: 0.4039
