Location: 2025-04-16_191356-1.png_Otsu.png
Component: component_1744835897620_386.png
centerX: 0.582449941107185
centerY: 0.6700898587933247
width: 0.03121319199057715
height: 0.032520325203252036
Area: 0.0002532617849890606
CentroidX: 0.5961
CentroidY: 0.6873
