Location: 2025-04-16_191254-1.png_Mean-Medain.png
Component: component_1744835897931_420.png
centerX: 0.5229681978798587
centerY: 0.8068181818181818
width: 0.035924617196702
height: 0.03590909090909091
Area: 0.000383338687225613
CentroidX: 0.5430
CentroidY: 0.8238
