Location: 2025-04-16_191254-1.png_Otsu.png
Component: component_1744835898116_277.png
centerX: 0.45700824499411075
centerY: 0.4940909090909091
width: 0.028268551236749116
height: 0.035454545454545454
Area: 0.0002960702430667095
CentroidX: 0.4730
CentroidY: 0.5097
