Location: 2025-04-16_191356-1.png_Otsu.png
Component: component_1744835897615_354.png
centerX: 0.26030624263839813
centerY: 0.6247325631151048
width: 0.03121319199057715
height: 0.0329482242190843
Area: 0.00027468193595828465
CentroidX: 0.2733
CentroidY: 0.6419
