Location: 2025-04-16_191254-1.png_Otsu.png
Component: component_1744835898125_322.png
centerX: 0.07361601884570082
centerY: 0.5531818181818182
width: 0.03297997644287397
height: 0.03227272727272727
Area: 0.000289110183103116
CentroidX: 0.0912
CentroidY: 0.5681
