Location: 2025-04-16_191356-1.png_Gaussian-Closing.png
Component: component_1744835898259_337.png
centerX: 0.773851590106007
centerY: 0.5802310654685494
width: 0.028857479387514724
height: 0.028241335044929396
Area: 0.0002756899430627187
CentroidX: 0.7876
CentroidY: 0.5942
