Location: 2025-04-16_191254-1.png_Otsu.png
Component: component_1744835898070_69.png
centerX: 0.2714958775029446
centerY: 0.08681818181818182
width: 0.03356890459363958
height: 0.03227272727272727
Area: 0.00024547596102366423
CentroidX: 0.2889
CentroidY: 0.1015
