Location: 2025-04-16_191356-1.png_Otsu.png
Component: component_1744835897647_525.png
centerX: 0.8704358068315665
centerY: 0.9293966623876765
width: 0.028857479387514724
height: 0.025673940949935817
Area: 0.00022352557540825547
CentroidX: 0.8836
CentroidY: 0.9422
