Location: 2025-04-16_191356-1.png_Otsu.png
Component: component_1744835897637_475.png
centerX: 0.09187279151943463
centerY: 0.8741976893453145
width: 0.025323910482921083
height: 0.03209242618741977
Area: 0.0002572938134067969
CentroidX: 0.1037
CentroidY: 0.8902
