Location: 2025-04-16_191356-1.png_Gaussian-Closing.png
Component: component_1744835898283_478.png
centerX: 0.127208480565371
centerY: 0.8759092854086435
width: 0.022968197879858657
height: 0.031664527171587506
Area: 0.0002696419004361143
CentroidX: 0.1405
CentroidY: 0.8910
