Location: 2025-04-16_191254-1.png_Mean-Medain.png
Component: component_1744835897707_181.png
centerX: 0.31625441696113077
centerY: 0.3409090909090909
width: 0.03356890459363958
height: 0.03272727272727273
Area: 0.00029633793768069387
CentroidX: 0.3349
CentroidY: 0.3561
