Location: 2025-04-16_191356-1.png_Otsu.png
Component: component_1744835897635_464.png
centerX: 0.6778563015312132
centerY: 0.82798459563543
width: 0.03180212014134275
height: 0.0329482242190843
Area: 0.00024721374236245615
CentroidX: 0.6928
CentroidY: 0.8445
