Location: 2025-04-16_191254-1.png_Mean-Medain.png
Component: component_1744835897685_64.png
centerX: 0.196113074204947
centerY: 0.08590909090909091
width: 0.03415783274440518
height: 0.03409090909090909
Area: 0.00031641503372952136
CentroidX: 0.2111
CentroidY: 0.1017
