Location: 2025-04-16_191356-1.png_Gaussian-Closing.png
Component: component_1744835898293_544.png
centerX: 0.8162544169611308
centerY: 0.9670517757809157
width: 0.03356890459363958
height: 0.026957637997432605
Area: 0.00027190991642109095
CentroidX: 0.8330
CentroidY: 0.9802
