Location: 2025-04-16_191356-1.png_Gaussian-Closing.png
Component: component_1744835898268_387.png
centerX: 0.7697290930506479
centerY: 0.6722293538724861
width: 0.030624263839811542
height: 0.030380830124090714
Area: 0.0003205462592100349
CentroidX: 0.7826
CentroidY: 0.6874
