Location: 2025-04-16_191356-1.png_Gaussian-Closing.png
Component: component_1744835898280_459.png
centerX: 0.43404004711425204
centerY: 0.8271287976037656
width: 0.027090694935217905
height: 0.03380402225074882
Area: 0.00029585008515140015
CentroidX: 0.4465
CentroidY: 0.8449
