Location: 2025-04-16_191254-1.png_Mean-Medain.png
Component: component_1744835897815_322.png
centerX: 0.47290930506478207
centerY: 0.6018181818181818
width: 0.03769140164899882
height: 0.03363636363636364
Area: 0.00036727701038655105
CentroidX: 0.4925
CentroidY: 0.6182
