Location: 2025-04-16_191356-1.png_Otsu.png
Component: component_1744835897592_212.png
centerX: 0.38869257950530034
centerY: 0.4030808729139923
width: 0.03121319199057715
height: 0.02866923406076166
Area: 0.0002517497743324095
CentroidX: 0.4048
CentroidY: 0.4173
