Location: 2025-04-16_191254-1.png_Otsu.png
Component: component_1744835898137_395.png
centerX: 0.8144876325088339
centerY: 0.7045454545454546
width: 0.034746760895170786
height: 0.02909090909090909
Area: 0.00024092515258592996
CentroidX: 0.8312
CentroidY: 0.7191
