Location: 2025-04-16_191356-1.png_Otsu.png
Component: component_1744835897583_162.png
centerX: 0.2332155477031802
centerY: 0.3076593923833975
width: 0.032391048292108364
height: 0.03123662815575524
Area: 0.00029055804785312126
CentroidX: 0.2486
CentroidY: 0.3237
