Location: 2025-04-16_191254-1.png_Mean-Medain.png
Component: component_1744835897810_304.png
centerX: 0.773851590106007
centerY: 0.5509090909090909
width: 0.03769140164899882
height: 0.03090909090909091
Area: 0.0003346182674804583
CentroidX: 0.7918
CentroidY: 0.5659
