Location: 2025-04-16_191356-1.png_Otsu.png
Component: component_1744835897556_20.png
centerX: 0.7720848056537103
centerY: 0.026529738981600343
width: 0.03180212014134275
height: 0.02781343602909713
Area: 0.0002590578258395565
CentroidX: 0.7874
CentroidY: 0.0402
