Location: 2025-04-16_191254-1.png_Otsu.png
Component: component_1744835898094_179.png
centerX: 0.8109540636042403
centerY: 0.2872727272727273
width: 0.034746760895170786
height: 0.031818181818181815
Area: 0.0002462790448656173
CentroidX: 0.8303
CentroidY: 0.3027
