Location: 2025-04-16_191356-1.png_Gaussian-Closing.png
Component: component_1744835898252_303.png
centerX: 0.7891637220259128
centerY: 0.5318784766795036
width: 0.028857479387514724
height: 0.0329482242190843
Area: 0.000300638118897462
CentroidX: 0.8021
CentroidY: 0.5477
