Location: 2025-04-16_191254-1.png_Otsu.png
Component: component_1744835898079_105.png
centerX: 0.4081272084805654
centerY: 0.18363636363636363
width: 0.037102473498233215
height: 0.03590909090909091
Area: 0.0002813470392975693
CentroidX: 0.4276
CentroidY: 0.2001
