Location: 2025-04-16_191356-1.png_Otsu.png
Component: component_1744835897588_195.png
centerX: 0.6631330977620731
centerY: 0.3590072742832692
width: 0.03356890459363958
height: 0.029097133076593923
Area: 0.000287030022987602
CentroidX: 0.6779
CentroidY: 0.3742
