Location: 2025-04-16_191254-1.png_Otsu.png
Component: component_1744835898152_486.png
centerX: 0.5606595995288575
centerY: 0.8109090909090909
width: 0.045936395759717315
height: 0.03090909090909091
Area: 0.0003006210515044437
CentroidX: 0.5852
CentroidY: 0.8258
