Location: 2025-04-16_191254-1.png_Mean-Medain.png
Component: component_1744835898001_494.png
centerX: 0.11484098939929328
centerY: 0.9127272727272727
width: 0.03769140164899882
height: 0.030454545454545453
Area: 0.0003466645251097548
CentroidX: 0.1339
CentroidY: 0.9280
