Location: 2025-04-16_191254-1.png_Mean-Medain.png
Component: component_1744835897772_253.png
centerX: 0.2249705535924617
centerY: 0.49318181818181817
width: 0.032391048292108364
height: 0.03727272727272727
Area: 0.00036219081272084806
CentroidX: 0.2424
CentroidY: 0.5109
