Location: 2025-04-16_191254-1.png_Mean-Medain.png
Component: component_1744835897766_245.png
centerX: 0.4575971731448763
centerY: 0.4431818181818182
width: 0.03297997644287397
height: 0.02909090909090909
Area: 0.00027786700931577255
CentroidX: 0.4762
CentroidY: 0.4571
