Location: 2025-04-16_191254-1.png_Mean-Medain.png
Component: component_1744835897748_228.png
centerX: 0.6813898704358068
centerY: 0.4390909090909091
width: 0.034746760895170786
height: 0.03272727272727273
Area: 0.00031507656065959955
CentroidX: 0.6986
CentroidY: 0.4551
