Location: 2025-04-16_191254-1.png_Otsu.png
Component: component_1744835898134_380.png
centerX: 0.31743227326266193
centerY: 0.66
width: 0.03180212014134275
height: 0.02909090909090909
Area: 0.0002727808116500696
CentroidX: 0.3331
CentroidY: 0.6742
