Location: 2025-04-16_191254-1.png_Mean-Medain.png
Component: component_1744835897700_145.png
centerX: 0.20259128386336867
centerY: 0.2431818181818182
width: 0.03828032979976443
height: 0.029545454545454545
Area: 0.00031641503372952136
CentroidX: 0.2229
CentroidY: 0.2571
