Location: 2025-04-16_191356-1.png_Gaussian-Closing.png
Component: component_1744835898290_520.png
centerX: 0.9057714958775029
centerY: 0.9289687633718442
width: 0.03180212014134275
height: 0.026957637997432605
Area: 0.0002570418116306884
CentroidX: 0.9208
CentroidY: 0.9417
