Location: 2025-04-16_191356-1.png_Gaussian-Closing.png
Component: component_1744835898217_146.png
centerX: 0.6819787985865724
centerY: 0.22421908429610612
width: 0.0353356890459364
height: 0.030380830124090714
Area: 0.00033843838531373967
CentroidX: 0.6989
CentroidY: 0.2403
