Location: 2025-04-16_191356-1.png_Otsu.png
Component: component_1744835897556_21.png
centerX: 0.944640753828033
centerY: 0.02781343602909713
width: 0.03415783274440518
height: 0.02781343602909713
Area: 0.0002590578258395565
CentroidX: 0.9624
CentroidY: 0.0412
