Location: 2025-04-16_191254-1.png_Otsu.png
Component: component_1744835898061_32.png
centerX: 0.5512367491166078
centerY: 0.03272727272727273
width: 0.03769140164899882
height: 0.03318181818181818
Area: 0.0003471999143377235
CentroidX: 0.5686
CentroidY: 0.0491
