Location: 2025-04-16_191356-1.png_Otsu.png
Component: component_1744835897595_226.png
centerX: 0.32685512367491165
centerY: 0.441591784338896
width: 0.030035335689045935
height: 0.029097133076593923
Area: 0.00025225377788462653
CentroidX: 0.3408
CentroidY: 0.4559
