Location: 2025-04-16_191356-1.png_Gaussian-Closing.png
Component: component_1744835898252_304.png
centerX: 0.8221436984687868
centerY: 0.5314505776636713
width: 0.024734982332155476
height: 0.03337612323491656
Area: 0.00029055804785312126
CentroidX: 0.8343
CentroidY: 0.5474
