Location: 2025-04-16_191254-1.png_Mean-Medain.png
Component: component_1744835897875_353.png
centerX: 0.1967020023557126
centerY: 0.6590909090909091
width: 0.03297997644287397
height: 0.031363636363636364
Area: 0.00032283970446514616
CentroidX: 0.2143
CentroidY: 0.6738
