Location: 2025-04-16_191356-1.png_Gaussian-Closing.png
Component: component_1744835898283_481.png
centerX: 0.3250883392226148
centerY: 0.8759092854086435
width: 0.028268551236749116
height: 0.03209242618741977
Area: 0.00029559808337529164
CentroidX: 0.3395
CentroidY: 0.8918
