Location: 2025-04-16_191254-1.png_Mean-Medain.png
Component: component_1744835897947_448.png
centerX: 0.04534746760895171
centerY: 0.855
width: 0.030035335689045935
height: 0.038636363636363635
Area: 0.00036219081272084806
CentroidX: 0.0599
CentroidY: 0.8753
