Location: 2025-04-16_191356-1.png_Gaussian-Closing.png
Component: component_1744835898201_51.png
centerX: 0.26148409893992935
centerY: 0.06118955926401369
width: 0.032391048292108364
height: 0.026957637997432605
Area: 0.00028728202476371054
CentroidX: 0.2779
CentroidY: 0.0744
