Location: 2025-04-16_191356-1.png_Gaussian-Closing.png
Component: component_1744835898283_479.png
centerX: 0.2043580683156655
centerY: 0.8754813863928113
width: 0.030035335689045935
height: 0.03123662815575524
Area: 0.0002787139643760209
CentroidX: 0.2193
CentroidY: 0.8916
