Location: 2025-04-16_191356-1.png_Gaussian-Closing.png
Component: component_1744835898243_252.png
centerX: 0.24734982332155478
centerY: 0.4441591784338896
width: 0.030624263839811542
height: 0.026529738981600343
Area: 0.0002829979945698657
CentroidX: 0.2618
CentroidY: 0.4575
