Location: 2025-04-16_191356-1.png_Otsu.png
Component: component_1744835897555_15.png
centerX: 0.2697290930506478
centerY: 0.02396234488660676
width: 0.0353356890459364
height: 0.025673940949935817
Area: 0.0002799739732565635
CentroidX: 0.2842
CentroidY: 0.0379
