Location: 2025-04-16_191356-1.png_Otsu.png
Component: component_1744835897646_521.png
centerX: 0.7614840989399293
centerY: 0.9272571673085152
width: 0.03356890459363958
height: 0.026529738981600343
Area: 0.00021898954343830214
CentroidX: 0.7770
CentroidY: 0.9408
