Location: 2025-04-16_191254-1.png_Mean-Medain.png
Component: component_1744835898009_514.png
centerX: 0.7402826855123675
centerY: 0.9622727272727273
width: 0.039458186101295645
height: 0.02727272727272727
Area: 0.0003032979976442874
CentroidX: 0.7608
CentroidY: 0.9756
