Location: 2025-04-16_191356-1.png_Gaussian-Closing.png
Component: component_1744835898262_353.png
centerX: 0.22084805653710246
centerY: 0.6251604621309371
width: 0.030035335689045935
height: 0.0329482242190843
Area: 0.0002915660549575553
CentroidX: 0.2358
CentroidY: 0.6403
