Location: 2025-04-16_191254-1.png_Otsu.png
Component: component_1744835898101_208.png
centerX: 0.38810365135453473
centerY: 0.3427272727272727
width: 0.038869257950530034
height: 0.03
Area: 0.00022432808651889923
CentroidX: 0.4067
CentroidY: 0.3568
