Location: 2025-04-16_191356-1.png_Otsu.png
Component: component_1744835897615_353.png
centerX: 0.22143698468786807
centerY: 0.6251604621309371
width: 0.028857479387514724
height: 0.0329482242190843
Area: 0.0002487257530191073
CentroidX: 0.2359
CentroidY: 0.6404
