Location: easy21_Mean-Medain.png
Component: component_1744297380970_945.png
centerX: 0.22016129032258064
centerY: 0.7217432950191571
width: 0.02258064516129032
height: 0.014846743295019157
Area: 9.771659868990237e-05
CentroidX: 0.2302
CentroidY: 0.7290
