Location: 2025-04-16_191254-1.png_Otsu.png
Component: component_1744835898118_284.png
centerX: 0.4905771495877503
centerY: 0.4959090909090909
width: 0.03356890459363958
height: 0.03318181818181818
Area: 0.0002808116500696006
CentroidX: 0.5089
CentroidY: 0.5110
