Location: 2025-04-16_191254-1.png_Otsu.png
Component: component_1744835898063_38.png
centerX: 0.0800942285041225
centerY: 0.034545454545454546
width: 0.02591283863368669
height: 0.035454545454545454
Area: 0.0002974087161366313
CentroidX: 0.0921
CentroidY: 0.0508
