Location: 2025-04-16_191254-1.png_Mean-Medain.png
Component: component_1744835897786_295.png
centerX: 0.392226148409894
centerY: 0.5504545454545454
width: 0.03297997644287397
height: 0.03318181818181818
Area: 0.00030865188992397475
CentroidX: 0.4090
CentroidY: 0.5664
