Location: 2025-04-16_191356-1.png_Gaussian-Closing.png
Component: component_1744835898247_274.png
centerX: 0.42697290930506476
centerY: 0.4865211810012837
width: 0.030624263839811542
height: 0.029525032092426188
Area: 0.0002615778436006417
CentroidX: 0.4404
CentroidY: 0.5014
