Location: 2025-04-16_191356-1.png_Otsu.png
Component: component_1744835897632_447.png
centerX: 0.9393404004711425
centerY: 0.7779204107830552
width: 0.030035335689045935
height: 0.030380830124090714
Area: 0.0002419217050641773
CentroidX: 0.9544
CentroidY: 0.7924
