Location: 2025-04-16_191254-1.png_Mean-Medain.png
Component: component_1744835897902_390.png
centerX: 0.5789163722025913
centerY: 0.7531818181818182
width: 0.0353356890459364
height: 0.03272727272727273
Area: 0.0002858978477353036
CentroidX: 0.5977
CentroidY: 0.7682
