Location: 2025-04-16_191254-1.png_Mean-Medain.png
Component: component_1744835897778_261.png
centerX: 0.5288574793875147
centerY: 0.49454545454545457
width: 0.034746760895170786
height: 0.034545454545454546
Area: 0.0003410429382160831
CentroidX: 0.5462
CentroidY: 0.5106
