Location: 2025-04-16_191254-1.png_Otsu.png
Component: component_1744835898109_239.png
centerX: 0.9016489988221437
centerY: 0.3922727272727273
width: 0.03121319199057715
height: 0.02727272727272727
Area: 0.00019113395438483778
CentroidX: 0.9172
CentroidY: 0.4045
