Location: 2025-04-16_191254-1.png_Otsu.png
Component: component_1744835898099_200.png
centerX: 0.85924617196702
centerY: 0.3409090909090909
width: 0.035924617196702
height: 0.029545454545454545
Area: 0.0002229896134489774
CentroidX: 0.8767
CentroidY: 0.3548
