Location: 2025-04-16_191356-1.png_Otsu.png
Component: component_1744835897642_503.png
centerX: 0.16372202591283863
centerY: 0.9178433889602053
width: 0.024734982332155476
height: 0.03209242618741977
Area: 0.0002625858507050758
CentroidX: 0.1761
CentroidY: 0.9335
