Location: 2025-04-16_191356-1.png_Gaussian-Closing.png
Component: component_1744835898284_485.png
centerX: 0.6030624263839811
centerY: 0.8763371844244758
width: 0.03121319199057715
height: 0.03209242618741977
Area: 0.0003180262414489497
CentroidX: 0.6180
CentroidY: 0.8928
