Location: 2025-04-16_191254-1.png_Otsu.png
Component: component_1744835898156_509.png
centerX: 0.2420494699646643
centerY: 0.8622727272727273
width: 0.037102473498233215
height: 0.030454545454545453
Area: 0.00029339329692686583
CentroidX: 0.2613
CentroidY: 0.8774
