Location: 2025-04-16_191356-1.png_Otsu.png
Component: component_1744835897614_349.png
centerX: 0.4917550058892815
centerY: 0.6238767650834403
width: 0.034746760895170786
height: 0.0329482242190843
Area: 0.00030971018283736866
CentroidX: 0.5076
CentroidY: 0.6398
