Location: 2025-04-16_191254-1.png_Mean-Medain.png
Component: component_1744835897756_243.png
centerX: 0.3822143698468787
centerY: 0.44272727272727275
width: 0.037102473498233215
height: 0.03
Area: 0.00027652853624585074
CentroidX: 0.4026
CentroidY: 0.4574
