Location: 2025-04-16_191356-1.png_Otsu.png
Component: component_1744835897580_146.png
centerX: 0.37220259128386335
centerY: 0.26700898587933247
width: 0.03121319199057715
height: 0.03080872913992298
Area: 0.00028728202476371054
CentroidX: 0.3867
CentroidY: 0.2819
