Location: 2025-04-16_191356-1.png_Gaussian-Closing.png
Component: component_1744835898278_448.png
centerX: 0.11955241460541814
centerY: 0.8237056054771074
width: 0.028268551236749116
height: 0.03508771929824561
Area: 0.00035910253095463814
CentroidX: 0.1328
CentroidY: 0.8402
