Location: 2025-04-16_191254-1.png_Mean-Medain.png
Component: component_1744835897938_433.png
centerX: 0.4752650176678445
centerY: 0.8104545454545454
width: 0.04122497055359246
height: 0.03227272727272727
Area: 0.0003560338365992076
CentroidX: 0.4971
CentroidY: 0.8255
