Location: 2025-04-16_191356-1.png_Otsu.png
Component: component_1744835897586_178.png
centerX: 0.8639575971731449
centerY: 0.31750106974753955
width: 0.04299175500588928
height: 0.02781343602909713
Area: 0.00030618215797184936
CentroidX: 0.8851
CentroidY: 0.3319
