Location: 2025-04-16_191356-1.png_Otsu.png
Component: component_1744835897630_436.png
centerX: 0.6972909305064782
centerY: 0.7732135216089003
width: 0.030624263839811542
height: 0.03380402225074882
Area: 0.0002671218826750291
CentroidX: 0.7117
CentroidY: 0.7897
