Location: 2025-04-16_191356-1.png_Otsu.png
Component: component_1744835897634_460.png
centerX: 0.267962308598351
centerY: 0.826272999572101
width: 0.03651354534746761
height: 0.0329482242190843
Area: 0.00032684630361274784
CentroidX: 0.2840
CentroidY: 0.8430
