Location: 2025-04-16_191356-1.png_Gaussian-Closing.png
Component: component_1744835898223_180.png
centerX: 0.3221436984687868
centerY: 0.30851519041506204
width: 0.03180212014134275
height: 0.03209242618741977
Area: 0.0002993781100169194
CentroidX: 0.3371
CentroidY: 0.3254
