Location: 2025-04-16_191254-1.png_Mean-Medain.png
Component: component_1744835897747_227.png
centerX: 0.2697290930506478
centerY: 0.4390909090909091
width: 0.03297997644287397
height: 0.034545454545454546
Area: 0.0003105257522218653
CentroidX: 0.2858
CentroidY: 0.4561
