Location: 2025-04-16_191356-1.png_Otsu.png
Component: component_1744835897621_392.png
centerX: 0.8439340400471143
centerY: 0.6722293538724861
width: 0.02944640753828033
height: 0.03080872913992298
Area: 0.0002487257530191073
CentroidX: 0.8568
CentroidY: 0.6866
