Location: 2025-04-16_191254-1.png_Otsu.png
Component: component_1744835898075_86.png
centerX: 0.28857479387514723
centerY: 0.13454545454545455
width: 0.0353356890459364
height: 0.03409090909090909
Area: 0.0002631438055466324
CentroidX: 0.3063
CentroidY: 0.1497
