Location: 2025-04-16_191254-1.png_Mean-Medain.png
Component: component_1744835897709_187.png
centerX: 0.19964664310954064
centerY: 0.3422727272727273
width: 0.034746760895170786
height: 0.031818181818181815
Area: 0.00027010386551022593
CentroidX: 0.2192
CentroidY: 0.3574
