Location: 2025-04-16_191254-1.png_Mean-Medain.png
Component: component_1744835897678_30.png
centerX: 0.22614840989399293
centerY: 0.031818181818181815
width: 0.034746760895170786
height: 0.03727272727272727
Area: 0.0003737016811221758
CentroidX: 0.2433
CentroidY: 0.0491
