Location: 2025-04-16_191356-1.png_Gaussian-Closing.png
Component: component_1744835898241_241.png
centerX: 0.32685512367491165
centerY: 0.441591784338896
width: 0.030624263839811542
height: 0.029525032092426188
Area: 0.0002950940798230746
CentroidX: 0.3411
CentroidY: 0.4561
