Location: 2025-04-16_191254-1.png_Mean-Medain.png
Component: component_1744835898003_500.png
centerX: 0.3415783274440518
centerY: 0.96
width: 0.034746760895170786
height: 0.03090909090909091
Area: 0.0003303351536567084
CentroidX: 0.3580
CentroidY: 0.9753
