Location: 2025-04-16_191356-1.png_Otsu.png
Component: component_1744835897627_423.png
centerX: 0.9428739693757362
centerY: 0.72400513478819
width: 0.02767962308598351
height: 0.029525032092426188
Area: 0.0002222655665277129
CentroidX: 0.9556
CentroidY: 0.7381
