Location: 2025-04-16_191254-1.png_Mean-Medain.png
Component: component_1744835897694_115.png
centerX: 0.5736160188457008
centerY: 0.18545454545454546
width: 0.03651354534746761
height: 0.03318181818181818
Area: 0.0003070457222400685
CentroidX: 0.5935
CentroidY: 0.2008
