Location: 2025-04-16_191254-1.png_Mean-Medain.png
Component: component_1744835897695_122.png
centerX: 0.25206124852767964
centerY: 0.18818181818181817
width: 0.03356890459363958
height: 0.03318181818181818
Area: 0.0003244458721490524
CentroidX: 0.2687
CentroidY: 0.2038
