Location: 2025-04-16_191356-1.png_Otsu.png
Component: component_1744835897636_468.png
centerX: 0.3504122497055359
centerY: 0.8305519897304237
width: 0.03415783274440518
height: 0.029525032092426188
Area: 0.00026812988977946314
CentroidX: 0.3659
CentroidY: 0.8442
