Location: 2025-04-16_191356-1.png_Otsu.png
Component: component_1744835897630_437.png
centerX: 0.7361601884570083
centerY: 0.7732135216089003
width: 0.030624263839811542
height: 0.03380402225074882
Area: 0.00026535787024226944
CentroidX: 0.7503
CentroidY: 0.7904
