Location: 2025-04-16_191356-1.png_Gaussian-Closing.png
Component: component_1744835898201_49.png
centerX: 0.33568904593639576
centerY: 0.06033376123234917
width: 0.03121319199057715
height: 0.02866923406076166
Area: 0.00030693816330017496
CentroidX: 0.3519
CentroidY: 0.0744
