Location: 2025-04-16_191254-1.png_Mean-Medain.png
Component: component_1744835897904_392.png
centerX: 0.7744405182567726
centerY: 0.7527272727272727
width: 0.03769140164899882
height: 0.03318181818181818
Area: 0.0003006210515044437
CentroidX: 0.7928
CentroidY: 0.7687
