Location: 2025-04-16_191356-1.png_Otsu.png
Component: component_1744835897608_312.png
centerX: 0.14664310954063603
centerY: 0.5759520753102267
width: 0.026501766784452298
height: 0.03380402225074882
Area: 0.00031122219349401974
CentroidX: 0.1584
CentroidY: 0.5930
