Location: 2025-04-16_191356-1.png_Gaussian-Closing.png
Component: component_1744835898291_529.png
centerX: 0.20023557126030625
centerY: 0.9632006846384253
width: 0.02944640753828033
height: 0.02738553701326487
Area: 0.0002462057352580221
CentroidX: 0.2135
CentroidY: 0.9768
