Location: 2025-04-16_191356-1.png_Otsu.png
Component: component_1744835897645_517.png
centerX: 0.6060070671378092
centerY: 0.9246897732135216
width: 0.03297997644287397
height: 0.02866923406076166
Area: 0.0002598138311678821
CentroidX: 0.6219
CentroidY: 0.9387
