Location: 2025-04-16_191356-1.png_Otsu.png
Component: component_1744835897612_333.png
centerX: 0.8810365135453475
centerY: 0.5802310654685494
width: 0.026501766784452298
height: 0.02781343602909713
Area: 0.00024973376012354134
CentroidX: 0.8937
CentroidY: 0.5937
