Location: 2025-04-16_191254-1.png_Otsu.png
Component: component_1744835898107_230.png
centerX: 0.6301531213191991
centerY: 0.39045454545454544
width: 0.032391048292108364
height: 0.03
Area: 0.00022727272727272727
CentroidX: 0.6471
CentroidY: 0.4043
