Location: 2025-04-16_191356-1.png_Otsu.png
Component: component_1744835897568_77.png
centerX: 0.2137809187279152
centerY: 0.1407787762088147
width: 0.03121319199057715
height: 0.029525032092426188
Area: 0.0003024021313302216
CentroidX: 0.2296
CentroidY: 0.1560
