Location: 2025-04-16_191356-1.png_Gaussian-Closing.png
Component: component_1744835898245_263.png
centerX: 0.49528857479387517
centerY: 0.4848095849379546
width: 0.030035335689045935
height: 0.031664527171587506
Area: 0.00026384585958561836
CentroidX: 0.5090
CentroidY: 0.5008
