Location: 2025-04-16_191356-1.png_Gaussian-Closing.png
Component: component_1744835898209_98.png
centerX: 0.4199057714958775
centerY: 0.14035087719298245
width: 0.03297997644287397
height: 0.029097133076593923
Area: 0.00031701823434451566
CentroidX: 0.4360
CentroidY: 0.1546
