Location: 2025-04-16_191356-1.png_Gaussian-Closing.png
Component: component_1744835898279_452.png
centerX: 0.19316843345111898
centerY: 0.8249893025246042
width: 0.030624263839811542
height: 0.03337612323491656
Area: 0.0003475104492536463
CentroidX: 0.2083
CentroidY: 0.8410
