Location: 2025-04-16_191356-1.png_Otsu.png
Component: component_1744835897559_32.png
centerX: 0.26148409893992935
centerY: 0.06118955926401369
width: 0.032391048292108364
height: 0.026957637997432605
Area: 0.0002640978613617269
CentroidX: 0.2781
CentroidY: 0.0746
