Location: 2025-04-16_191356-1.png_Otsu.png
Component: component_1744835897600_260.png
centerX: 0.23380447585394581
centerY: 0.48609328198545143
width: 0.028857479387514724
height: 0.029525032092426188
Area: 0.00026787788800335463
CentroidX: 0.2479
CentroidY: 0.5012
