Location: 2025-04-16_191254-1.png_Mean-Medain.png
Component: component_1744835897851_340.png
centerX: 0.6525323910482921
centerY: 0.655
width: 0.0353356890459364
height: 0.03227272727272727
Area: 0.0003426491058999893
CentroidX: 0.6709
CentroidY: 0.6699
