Location: 2025-04-16_191254-1.png_Otsu.png
Component: component_1744835898150_479.png
centerX: 0.6448763250883393
centerY: 0.8095454545454546
width: 0.035924617196702
height: 0.031818181818181815
Area: 0.000300085662276475
CentroidX: 0.6641
CentroidY: 0.8248
