Location: 2025-04-16_191356-1.png_Gaussian-Closing.png
Component: component_1744835898285_495.png
centerX: 0.9305064782096584
centerY: 0.8806161745827985
width: 0.03180212014134275
height: 0.03080872913992298
Area: 0.00031701823434451566
CentroidX: 0.9459
CentroidY: 0.8964
