Location: 2025-04-16_191356-1.png_Otsu.png
Component: component_1744835897563_50.png
centerX: 0.20082449941107186
centerY: 0.0962772785622593
width: 0.030624263839811542
height: 0.026529738981600343
Area: 0.00027745395549547835
CentroidX: 0.2149
CentroidY: 0.1098
