Location: 2025-04-16_191356-1.png_Otsu.png
Component: component_1744835897607_296.png
centerX: 0.6065959952885748
centerY: 0.5335900727428327
width: 0.028268551236749116
height: 0.02995293110825845
Area: 0.0002862740176592765
CentroidX: 0.6191
CentroidY: 0.5491
