Location: 2025-04-16_191254-1.png_Mean-Medain.png
Component: component_1744835897686_71.png
centerX: 0.8162544169611308
centerY: 0.12818181818181817
width: 0.03356890459363958
height: 0.03318181818181818
Area: 0.000308116500696006
CentroidX: 0.8327
CentroidY: 0.1440
