Location: 2025-04-16_191356-1.png_Otsu.png
Component: component_1744835897647_530.png
centerX: 0.16313309776207302
centerY: 0.961061189559264
width: 0.028857479387514724
height: 0.029097133076593923
Area: 0.00023410965000481324
CentroidX: 0.1754
CentroidY: 0.9765
