Location: 2025-04-16_191356-1.png_Gaussian-Closing.png
Component: component_1744835898232_212.png
centerX: 0.7538280329799765
centerY: 0.36114676936243045
width: 0.039458186101295645
height: 0.02866923406076166
Area: 0.00032508229117998825
CentroidX: 0.7720
CentroidY: 0.3760
