Location: 2025-04-16_191254-1.png_Mean-Medain.png
Component: component_1744835897815_321.png
centerX: 0.43404004711425204
centerY: 0.6018181818181818
width: 0.03651354534746761
height: 0.03363636363636364
Area: 0.00035710461505514507
CentroidX: 0.4526
CentroidY: 0.6172
