Location: 2025-04-16_191254-1.png_Otsu.png
Component: component_1744835898168_564.png
centerX: 0.7408716136631331
centerY: 0.9622727272727273
width: 0.038869257950530034
height: 0.026818181818181817
Area: 0.00024815290716350785
CentroidX: 0.7608
CentroidY: 0.9754
