Location: 2025-04-16_191254-1.png_Mean-Medain.png
Component: component_1744835897749_231.png
centerX: 0.6460541813898705
centerY: 0.44
width: 0.032391048292108364
height: 0.031818181818181815
Area: 0.0002915194346289753
CentroidX: 0.6633
CentroidY: 0.4553
