Location: 2025-04-16_191356-1.png_Gaussian-Closing.png
Component: component_1744835898290_527.png
centerX: 0.1625441696113074
centerY: 0.961061189559264
width: 0.02944640753828033
height: 0.029097133076593923
Area: 0.0002671218826750291
CentroidX: 0.1753
CentroidY: 0.9764
