Location: 2025-04-16_191356-1.png_Gaussian-Closing.png
Component: component_1744835898265_372.png
centerX: 0.29799764428739695
centerY: 0.6670945656824989
width: 0.03121319199057715
height: 0.03551561831407788
Area: 0.00033264234446324375
CentroidX: 0.3126
CentroidY: 0.6841
