Location: 2025-04-16_191356-1.png_Gaussian-Closing.png
Component: component_1744835898245_264.png
centerX: 0.5353356890459364
centerY: 0.4843816859221224
width: 0.030624263839811542
height: 0.03123662815575524
Area: 0.0002885420336442531
CentroidX: 0.5495
CentroidY: 0.4999
