Location: 2025-04-16_191356-1.png_Otsu.png
Component: component_1744835897588_194.png
centerX: 0.6189634864546525
centerY: 0.3590072742832692
width: 0.03415783274440518
height: 0.029525032092426188
Area: 0.0002703979057644398
CentroidX: 0.6347
CentroidY: 0.3737
