Location: 2025-04-16_191254-1.png_Otsu.png
Component: component_1744835898064_40.png
centerX: 0.1160188457008245
centerY: 0.03590909090909091
width: 0.030624263839811542
height: 0.03363636363636364
Area: 0.0003217689260092087
CentroidX: 0.1305
CentroidY: 0.0524
