Location: 2025-04-16_191356-1.png_Gaussian-Closing.png
Component: component_1744835898280_458.png
centerX: 0.5465253239104829
centerY: 0.826272999572101
width: 0.034746760895170786
height: 0.03465982028241335
Area: 0.0003213022645383605
CentroidX: 0.5617
CentroidY: 0.8456
