Location: 2025-04-16_191356-1.png_Otsu.png
Component: component_1744835897606_291.png
centerX: 0.49764428739693756
centerY: 0.5323063756953359
width: 0.030624263839811542
height: 0.031664527171587506
Area: 0.0002436857174969369
CentroidX: 0.5112
CentroidY: 0.5479
