Location: 2025-04-16_191356-1.png_Otsu.png
Component: component_1744835897604_282.png
centerX: 0.7190812720848057
centerY: 0.5301668806161746
width: 0.02591283863368669
height: 0.03423192126658109
Area: 0.00026056983649620763
CentroidX: 0.7324
CentroidY: 0.5465
