Location: 2025-04-16_191254-1.png_Otsu.png
Component: component_1744835898086_140.png
centerX: 0.676678445229682
centerY: 0.24
width: 0.038869257950530034
height: 0.028181818181818183
Area: 0.0002350358710782739
CentroidX: 0.6931
CentroidY: 0.2546
