Location: 2025-04-16_191356-1.png_Otsu.png
Component: component_1744835897623_403.png
centerX: 0.26148409893992935
centerY: 0.7175866495507061
width: 0.025323910482921083
height: 0.03551561831407788
Area: 0.0003119781988223453
CentroidX: 0.2748
CentroidY: 0.7337
