Location: 2025-04-16_191254-1.png_Otsu.png
Component: component_1744835898132_370.png
centerX: 0.4416961130742049
centerY: 0.6577272727272727
width: 0.03415783274440518
height: 0.030454545454545453
Area: 0.00029580254845272514
CentroidX: 0.4596
CentroidY: 0.6720
