Location: 2025-04-16_191254-1.png_Otsu.png
Component: component_1744835898109_241.png
centerX: 0.7502944640753828
centerY: 0.3936363636363636
width: 0.03651354534746761
height: 0.026363636363636363
Area: 0.0002334297033943677
CentroidX: 0.7692
CentroidY: 0.4060
