Location: 2025-04-16_191254-1.png_Otsu.png
Component: component_1744835898157_512.png
centerX: 0.40694935217903416
centerY: 0.8618181818181818
width: 0.032391048292108364
height: 0.030454545454545453
Area: 0.0002864332369632723
CentroidX: 0.4224
CentroidY: 0.8767
