Location: 2025-04-16_191356-1.png_Otsu.png
Component: component_1744835897622_401.png
centerX: 0.3663133097762073
centerY: 0.7154471544715447
width: 0.030035335689045935
height: 0.037655113393239195
Area: 0.00027694995194326127
CentroidX: 0.3794
CentroidY: 0.7333
