Location: 2025-04-16_191356-1.png_Gaussian-Closing.png
Component: component_1744835898266_379.png
centerX: 0.5141342756183745
centerY: 0.6692340607616603
width: 0.026501766784452298
height: 0.032520325203252036
Area: 0.0002540177903173862
CentroidX: 0.5270
CentroidY: 0.6849
