Location: 2025-04-16_191254-1.png_Otsu.png
Component: component_1744835898070_64.png
centerX: 0.15429917550058891
centerY: 0.08590909090909091
width: 0.03180212014134275
height: 0.035
Area: 0.0002575222186529607
CentroidX: 0.1699
CentroidY: 0.1026
