Location: 2025-04-16_191254-1.png_Mean-Medain.png
Component: component_1744835897688_81.png
centerX: 0.9393404004711425
centerY: 0.13136363636363638
width: 0.0353356890459364
height: 0.028636363636363637
Area: 0.0003113288360638184
CentroidX: 0.9560
CentroidY: 0.1450
