Location: 2025-04-16_191356-1.png_Otsu.png
Component: component_1744835897642_504.png
centerX: 0.08421672555948174
centerY: 0.9191270860077022
width: 0.028268551236749116
height: 0.03080872913992298
Area: 0.0002867780212114935
CentroidX: 0.0978
CentroidY: 0.9342
