Location: 2025-04-16_191356-1.png_Gaussian-Closing.png
Component: component_1744835898284_487.png
centerX: 0.6442873969375736
centerY: 0.8776208814719726
width: 0.032391048292108364
height: 0.030380830124090714
Area: 0.0003205462592100349
CentroidX: 0.6592
CentroidY: 0.8933
