Location: easy26_Mean-Closing.png
Component: component_1744297381983_172.png
centerX: 0.1814516129032258
centerY: 0.14319923371647508
width: 0.021774193548387097
height: 0.014846743295019157
Area: 0.00010505499938202942
CentroidX: 0.1914
CentroidY: 0.1506
