Location: 2025-04-16_191356-1.png_Gaussian-Closing.png
Component: component_1744835898213_119.png
centerX: 0.7991755005889282
centerY: 0.18356867779204109
width: 0.032391048292108364
height: 0.030380830124090714
Area: 0.00033894238886595675
CentroidX: 0.8139
CentroidY: 0.1995
