Location: 2025-04-16_191356-1.png_Otsu.png
Component: component_1744835897599_254.png
centerX: 0.574793875147232
centerY: 0.4856653829696192
width: 0.030035335689045935
height: 0.030380830124090714
Area: 0.00023032962336318546
CentroidX: 0.5886
CentroidY: 0.5007
