Location: 2025-04-16_191254-1.png_Mean-Medain.png
Component: component_1744835897685_66.png
centerX: 0.1166077738515901
centerY: 0.08636363636363636
width: 0.03180212014134275
height: 0.035
Area: 0.00031266730913374023
CentroidX: 0.1333
CentroidY: 0.1024
