Location: 2025-04-16_191356-1.png_Otsu.png
Component: component_1744835897553_8.png
centerX: 0.502944640753828
centerY: 0.02011125374411639
width: 0.03356890459363958
height: 0.03123662815575524
Area: 0.0003054261526435238
CentroidX: 0.5179
CentroidY: 0.0379
