Location: 2025-04-16_191254-1.png_Mean-Medain.png
Component: component_1744835897923_402.png
centerX: 0.5047114252061249
centerY: 0.7545454545454545
width: 0.035924617196702
height: 0.031363636363636364
Area: 0.0002808116500696006
CentroidX: 0.5235
CentroidY: 0.7693
