Location: 2025-04-16_191356-1.png_Gaussian-Closing.png
Component: component_1744835898224_185.png
centerX: 0.06065959952885748
centerY: 0.3119383825417201
width: 0.03415783274440518
height: 0.025246041934103552
Area: 0.00031172619704623677
CentroidX: 0.0756
CentroidY: 0.3264
