Location: 2025-04-16_191356-1.png_Gaussian-Closing.png
Component: component_1744835898263_362.png
centerX: 0.958186101295642
centerY: 0.6260162601626016
width: 0.02944640753828033
height: 0.030380830124090714
Area: 0.00027165791464498244
CentroidX: 0.9728
CentroidY: 0.6403
