Location: easy43_Mean-Closing.png
Component: component_1744297380626_629.png
centerX: 0.6596130592503023
centerY: 0.43266353142368535
width: 0.012696493349455865
height: 0.00983326207781103
Area: 5.6349590793407406e-05
CentroidX: 0.6651
CentroidY: 0.4371
