Location: 2025-04-16_191254-1.png_Mean-Medain.png
Component: component_1744835897933_422.png
centerX: 0.232037691401649
centerY: 0.8077272727272727
width: 0.037102473498233215
height: 0.03636363636363636
Area: 0.0003720955134382696
CentroidX: 0.2521
CentroidY: 0.8248
