Location: 2025-04-16_191254-1.png_Otsu.png
Component: component_1744835898167_559.png
centerX: 0.04063604240282685
centerY: 0.9618181818181818
width: 0.03415783274440518
height: 0.030454545454545453
Area: 0.00030356569225827175
CentroidX: 0.0576
CentroidY: 0.9773
