Location: 2025-04-16_191356-1.png_Gaussian-Closing.png
Component: component_1744835898277_439.png
centerX: 0.4917550058892815
centerY: 0.7740693196405648
width: 0.034746760895170786
height: 0.031664527171587506
Area: 0.0003472584474775378
CentroidX: 0.5069
CentroidY: 0.7904
