Location: 2025-04-16_191254-1.png_Mean-Medain.png
Component: component_1744835897998_490.png
centerX: 0.9399293286219081
centerY: 0.9109090909090909
width: 0.04122497055359246
height: 0.026818181818181817
Area: 0.00033006745904272405
CentroidX: 0.9601
CentroidY: 0.9248
