Location: 2025-04-16_191254-1.png_Otsu.png
Component: component_1744835898108_235.png
centerX: 0.16136631330977622
centerY: 0.39136363636363636
width: 0.0353356890459364
height: 0.030454545454545453
Area: 0.0002286112003426491
CentroidX: 0.1792
CentroidY: 0.4071
