Location: 2025-04-16_191356-1.png_Otsu.png
Component: component_1744835897602_274.png
centerX: 0.9623085983510011
centerY: 0.4899443731279418
width: 0.02591283863368669
height: 0.02738553701326487
Area: 0.0002434337157208284
CentroidX: 0.9750
CentroidY: 0.5036
