Location: 2025-04-16_191356-1.png_Gaussian-Closing.png
Component: component_1744835898285_494.png
centerX: 0.8492343934040048
centerY: 0.8793324775353016
width: 0.03180212014134275
height: 0.031664527171587506
Area: 0.0002683818915555717
CentroidX: 0.8653
CentroidY: 0.8950
