Location: 2025-04-16_191254-1.png_Mean-Medain.png
Component: component_1744835897852_342.png
centerX: 0.7302709069493521
centerY: 0.6545454545454545
width: 0.03769140164899882
height: 0.03227272727272727
Area: 0.00035389227968733267
CentroidX: 0.7496
CentroidY: 0.6695
