Location: 2025-04-16_191356-1.png_Otsu.png
Component: component_1744835897651_549.png
centerX: 0.8551236749116607
centerY: 0.9679075738125802
width: 0.030624263839811542
height: 0.02610183996576808
Area: 0.00023108562869151103
CentroidX: 0.8698
CentroidY: 0.9806
