Location: 2025-04-16_191356-1.png_Otsu.png
Component: component_1744835897611_326.png
centerX: 0.6702002355712603
centerY: 0.5789473684210527
width: 0.026501766784452298
height: 0.029525032092426188
Area: 0.00024796974769078175
CentroidX: 0.6822
CentroidY: 0.5940
