Location: 2025-04-16_191356-1.png_Gaussian-Closing.png
Component: component_1744835898290_523.png
centerX: 0.9422850412249706
centerY: 0.9298245614035088
width: 0.032391048292108364
height: 0.026529738981600343
Area: 0.0002560338045262543
CentroidX: 0.9559
CentroidY: 0.9431
