Location: 2025-04-16_191356-1.png_Gaussian-Closing.png
Component: component_1744835898269_398.png
centerX: 0.26148409893992935
centerY: 0.7171587505348738
width: 0.025323910482921083
height: 0.03594351732991014
Area: 0.0003538104936563593
CentroidX: 0.2748
CentroidY: 0.7337
