Location: 2025-04-16_191254-1.png_Otsu.png
Component: component_1744835898138_398.png
centerX: 0.18021201413427562
centerY: 0.7059090909090909
width: 0.030624263839811542
height: 0.031363636363636364
Area: 0.0002462790448656173
CentroidX: 0.1964
CentroidY: 0.7211
