Location: 2025-04-16_191356-1.png_Gaussian-Closing.png
Component: component_1744835898268_390.png
centerX: 0.7308598351001178
centerY: 0.6726572528883183
width: 0.02944640753828033
height: 0.02995293110825845
Area: 0.00031979025388170936
CentroidX: 0.7452
CentroidY: 0.6869
