Location: 2025-04-16_191254-1.png_Otsu.png
Component: component_1744835898098_198.png
centerX: 0.535924617196702
centerY: 0.34136363636363637
width: 0.03769140164899882
height: 0.03
Area: 0.0002173680265553057
CentroidX: 0.5557
CentroidY: 0.3553
