Location: 2025-04-16_191254-1.png_Mean-Medain.png
Component: component_1744835897688_79.png
centerX: 0.6513545347467609
centerY: 0.13090909090909092
width: 0.032391048292108364
height: 0.03318181818181818
Area: 0.0003166827283435057
CentroidX: 0.6665
CentroidY: 0.1474
