Location: 2025-04-16_191254-1.png_Otsu.png
Component: component_1744835898153_492.png
centerX: 0.7267373380447585
centerY: 0.8118181818181818
width: 0.04004711425206125
height: 0.029545454545454545
Area: 0.0002607345540207731
CentroidX: 0.7468
CentroidY: 0.8263
