Location: 2025-04-16_191254-1.png_Mean-Medain.png
Component: component_1744835897694_116.png
centerX: 0.08480565371024736
centerY: 0.18636363636363637
width: 0.03769140164899882
height: 0.03590909090909091
Area: 0.0003857479387514723
CentroidX: 0.1012
CentroidY: 0.2041
