Location: 2025-04-16_191254-1.png_Mean-Medain.png
Component: component_1744835897693_112.png
centerX: 0.37043580683156657
centerY: 0.18454545454545454
width: 0.0353356890459364
height: 0.03590909090909091
Area: 0.00033649212977834885
CentroidX: 0.3898
CentroidY: 0.2013
