Location: 2025-04-16_191356-1.png_Otsu.png
Component: component_1744835897599_253.png
centerX: 0.4958775029446408
centerY: 0.4852374839537869
width: 0.028857479387514724
height: 0.03123662815575524
Area: 0.00022604559316934065
CentroidX: 0.5088
CentroidY: 0.5008
