Location: 2025-04-16_191254-1.png_Otsu.png
Component: component_1744835898086_139.png
centerX: 0.6301531213191991
centerY: 0.24
width: 0.03651354534746761
height: 0.028636363636363637
Area: 0.0002390512902880394
CentroidX: 0.6470
CentroidY: 0.2552
