Location: 2025-04-16_191254-1.png_Mean-Medain.png
Component: component_1744835897710_192.png
centerX: 0.9346289752650176
centerY: 0.3422727272727273
width: 0.03415783274440518
height: 0.02772727272727273
Area: 0.00026501766784452294
CentroidX: 0.9515
CentroidY: 0.3554
