Location: 2025-04-16_191254-1.png_Otsu.png
Component: component_1744835898144_441.png
centerX: 0.541813898704358
centerY: 0.7536363636363637
width: 0.034746760895170786
height: 0.03227272727272727
Area: 0.00023048506264053967
CentroidX: 0.5603
CentroidY: 0.7686
