Location: 2025-04-16_191356-1.png_Gaussian-Closing.png
Component: component_1744835898214_125.png
centerX: 0.6584216725559482
centerY: 0.18399657680787335
width: 0.035924617196702
height: 0.02866923406076166
Area: 0.0003394463924181738
CentroidX: 0.6751
CentroidY: 0.1989
