Location: 2025-04-16_191254-1.png_Otsu.png
Component: component_1744835898164_551.png
centerX: 0.4581861012956419
centerY: 0.9595454545454546
width: 0.034746760895170786
height: 0.030454545454545453
Area: 0.00023851590106007068
CentroidX: 0.4766
CentroidY: 0.9732
