Location: 2025-04-16_191356-1.png_Otsu.png
Component: component_1744835897567_73.png
centerX: 0.6584216725559482
centerY: 0.1399229781771502
width: 0.037102473498233215
height: 0.02866923406076166
Area: 0.0002852660105548424
CentroidX: 0.6759
CentroidY: 0.1548
