Location: 2025-04-16_191356-1.png_Otsu.png
Component: component_1744835897566_68.png
centerX: 0.964075382803298
centerY: 0.10611895592640137
width: 0.028268551236749116
height: 0.02011125374411639
Area: 0.00021747753278165104
CentroidX: 0.9777
CentroidY: 0.1167
