Location: 2025-04-16_191356-1.png_Otsu.png
Component: component_1744835897620_387.png
centerX: 0.6195524146054181
centerY: 0.6700898587933247
width: 0.02944640753828033
height: 0.03209242618741977
Area: 0.00025275778143684356
CentroidX: 0.6329
CentroidY: 0.6855
