Location: 2025-04-16_191254-1.png_Mean-Medain.png
Component: component_1744835897983_481.png
centerX: 0.4493521790341578
centerY: 0.9104545454545454
width: 0.035924617196702
height: 0.03
Area: 0.0003458614412678017
CentroidX: 0.4669
CentroidY: 0.9256
