Location: 2025-04-16_191254-1.png_Mean-Medain.png
Component: component_1744835897695_120.png
centerX: 0.04004711425206125
centerY: 0.18772727272727271
width: 0.03828032979976443
height: 0.035
Area: 0.00033649212977834885
CentroidX: 0.0591
CentroidY: 0.2058
