Location: 2025-04-16_191254-1.png_Mean-Medain.png
Component: component_1744835897678_28.png
centerX: 0.8474676089517079
centerY: 0.03090909090909091
width: 0.034746760895170786
height: 0.034545454545454546
Area: 0.00034880608202162973
CentroidX: 0.8653
CentroidY: 0.0475
