Location: 2025-04-16_191356-1.png_Gaussian-Closing.png
Component: component_1744835898217_142.png
centerX: 0.4758539458186101
centerY: 0.22379118528027386
width: 0.027090694935217905
height: 0.029097133076593923
Area: 0.0003018981277780046
CentroidX: 0.4879
CentroidY: 0.2384
