Location: 2025-04-16_191356-1.png_Otsu.png
Component: component_1744835897583_163.png
centerX: 0.18433451118963487
centerY: 0.3080872913992298
width: 0.03415783274440518
height: 0.03080872913992298
Area: 0.0002812339821371061
CentroidX: 0.2001
CentroidY: 0.3243
