Location: 2025-04-16_191254-1.png_Mean-Medain.png
Component: component_1744835897999_492.png
centerX: 0.8510011778563016
centerY: 0.9118181818181819
width: 0.04299175500588928
height: 0.026363636363636363
Area: 0.0003225720098511618
CentroidX: 0.8718
CentroidY: 0.9254
