Location: 2025-04-16_191254-1.png_Otsu.png
Component: component_1744835898075_85.png
centerX: 0.41401648998822144
centerY: 0.13272727272727272
width: 0.037102473498233215
height: 0.034545454545454546
Area: 0.00030677802762608416
CentroidX: 0.4325
CentroidY: 0.1491
