Location: 2025-04-16_191356-1.png_Gaussian-Closing.png
Component: component_1744835898249_290.png
centerX: 0.7532391048292109
centerY: 0.5284552845528455
width: 0.02767962308598351
height: 0.03594351732991014
Area: 0.0003129862059267794
CentroidX: 0.7668
CentroidY: 0.5459
