Location: 2025-04-16_191254-1.png_Otsu.png
Component: component_1744835898114_267.png
centerX: 0.9128386336866903
centerY: 0.4445454545454545
width: 0.03356890459363958
height: 0.026818181818181817
Area: 0.00021924188885319627
CentroidX: 0.9286
CentroidY: 0.4579
