Location: 2025-04-16_191356-1.png_Gaussian-Closing.png
Component: component_1744835898206_78.png
centerX: 0.6849234393404005
centerY: 0.09798887462558836
width: 0.03769140164899882
height: 0.026529738981600343
Area: 0.00030315813665854715
CentroidX: 0.7026
CentroidY: 0.1119
