Location: 2025-04-16_191356-1.png_Gaussian-Closing.png
Component: component_1744835898261_347.png
centerX: 0.3751472320376914
centerY: 0.6230209670517758
width: 0.028857479387514724
height: 0.03508771929824561
Area: 0.00031651423079229863
CentroidX: 0.3902
CentroidY: 0.6393
