Location: 2025-04-16_191254-1.png_Otsu.png
Component: component_1744835898168_562.png
centerX: 0.28975265017667845
centerY: 0.9622727272727273
width: 0.03769140164899882
height: 0.028636363636363637
Area: 0.0002888424884891316
CentroidX: 0.3100
CentroidY: 0.9759
