Location: 2025-04-16_191356-1.png_Otsu.png
Component: component_1744835897617_364.png
centerX: 0.9204946996466431
centerY: 0.6268720581942662
width: 0.034746760895170786
height: 0.029097133076593923
Area: 0.00022579359139323214
CentroidX: 0.9362
CentroidY: 0.6411
