Location: 2025-04-16_191356-1.png_Gaussian-Closing.png
Component: component_1744835898199_39.png
centerX: 0.8551236749116607
centerY: 0.02781343602909713
width: 0.03356890459363958
height: 0.025673940949935817
Area: 0.0002840060016742998
CentroidX: 0.8709
CentroidY: 0.0410
