Location: 2025-04-16_191356-1.png_Otsu.png
Component: component_1744835897566_63.png
centerX: 0.5
centerY: 0.09927257167308515
width: 0.030035335689045935
height: 0.024818142918271287
Area: 0.0002598138311678821
CentroidX: 0.5143
CentroidY: 0.1123
