Location: 2025-04-16_191254-1.png_Otsu.png
Component: component_1744835898119_289.png
centerX: 0.7491166077738516
centerY: 0.4959090909090909
width: 0.032391048292108364
height: 0.03227272727272727
Area: 0.00026608844630046045
CentroidX: 0.7651
CentroidY: 0.5113
