Location: 2025-04-16_191356-1.png_Gaussian-Closing.png
Component: component_1744835898290_521.png
centerX: 0.8327444051825678
centerY: 0.9298245614035088
width: 0.03180212014134275
height: 0.025246041934103552
Area: 0.00024267771039250283
CentroidX: 0.8474
CentroidY: 0.9424
