Location: 2025-04-16_191356-1.png_Gaussian-Closing.png
Component: component_1744835898253_310.png
centerX: 0.9222614840989399
centerY: 0.5335900727428327
width: 0.02767962308598351
height: 0.031664527171587506
Area: 0.00030164612600189607
CentroidX: 0.9361
CentroidY: 0.5492
