Location: 2025-04-16_191356-1.png_Otsu.png
Component: component_1744835897586_182.png
centerX: 0.13722025912838634
centerY: 0.35173299101412064
width: 0.028268551236749116
height: 0.03080872913992298
Area: 0.0003081981721807175
CentroidX: 0.1499
CentroidY: 0.3683
