Location: 2025-04-16_191356-1.png_Otsu.png
Component: component_1744835897563_51.png
centerX: 0.32391048292108365
centerY: 0.09713307659392384
width: 0.032391048292108364
height: 0.025673940949935817
Area: 0.00027090190931665684
CentroidX: 0.3399
CentroidY: 0.1102
