Location: 2025-04-16_191356-1.png_Gaussian-Closing.png
Component: component_1744835898204_68.png
centerX: 0.20023557126030625
centerY: 0.0962772785622593
width: 0.03121319199057715
height: 0.026529738981600343
Area: 0.00031172619704623677
CentroidX: 0.2150
CentroidY: 0.1097
