Location: 2025-04-16_191254-1.png_Otsu.png
Component: component_1744835898114_264.png
centerX: 0.9499411071849234
centerY: 0.44363636363636366
width: 0.035924617196702
height: 0.02772727272727273
Area: 0.00023075275725452404
CentroidX: 0.9675
CentroidY: 0.4575
