Location: 2025-04-16_191254-1.png_Mean-Medain.png
Component: component_1744835897712_202.png
centerX: 0.3244994110718492
centerY: 0.38681818181818184
width: 0.032391048292108364
height: 0.035
Area: 0.00026207302709069496
CentroidX: 0.3406
CentroidY: 0.4040
