Location: 2025-04-16_191254-1.png_Otsu.png
Component: component_1744835898160_529.png
centerX: 0.6554770318021201
centerY: 0.9081818181818182
width: 0.04063604240282685
height: 0.031363636363636364
Area: 0.0003407752436020987
CentroidX: 0.6736
CentroidY: 0.9242
