Location: 2025-04-16_191254-1.png_Otsu.png
Component: component_1744835898161_536.png
centerX: 0.4493521790341578
centerY: 0.9109090909090909
width: 0.0353356890459364
height: 0.029545454545454545
Area: 0.00030918727915194347
CentroidX: 0.4670
CentroidY: 0.9257
