Location: 2025-04-16_191356-1.png_Otsu.png
Component: component_1744835897558_28.png
centerX: 0.04299175500588928
centerY: 0.05947796320068464
width: 0.03769140164899882
height: 0.025246041934103552
Area: 0.00033768237998541413
CentroidX: 0.0600
CentroidY: 0.0728
