Location: easy43_Mean-Closing.png
Component: component_1744297380591_353.png
centerX: 0.5834340991535671
centerY: 0.3009833262077811
width: 0.013301088270858524
height: 0.00983326207781103
Area: 5.79004969620333e-05
CentroidX: 0.5890
CentroidY: 0.3054
