Location: 2025-04-16_191254-1.png_Otsu.png
Component: component_1744835898156_507.png
centerX: 0.08186101295641932
centerY: 0.8618181818181818
width: 0.03121319199057715
height: 0.031363636363636364
Area: 0.00029178712924295965
CentroidX: 0.0990
CentroidY: 0.8767
