Location: 2025-04-16_191356-1.png_Gaussian-Closing.png
Component: component_1744835898199_42.png
centerX: 0.3003533568904594
centerY: 0.05733846812152332
width: 0.030624263839811542
height: 0.03123662815575524
Area: 0.0002996301117930279
CentroidX: 0.3151
CentroidY: 0.0731
