Location: 2025-04-16_191356-1.png_Gaussian-Closing.png
Component: component_1744835898228_201.png
centerX: 0.1790341578327444
centerY: 0.35301668806161746
width: 0.02944640753828033
height: 0.02995293110825845
Area: 0.00030996218461347717
CentroidX: 0.1920
CentroidY: 0.3694
