Location: 2025-04-16_191356-1.png_Gaussian-Closing.png
Component: component_1744835898253_313.png
centerX: 0.8898704358068316
centerY: 0.5344458707744972
width: 0.024146054181389872
height: 0.03080872913992298
Area: 0.0002855180123309509
CentroidX: 0.9019
CentroidY: 0.5487
