Location: 2025-04-16_191356-1.png_Otsu.png
Component: component_1744835897562_47.png
centerX: 0.12131919905771496
centerY: 0.09370988446726572
width: 0.028268551236749116
height: 0.02866923406076166
Area: 0.00027216191819719946
CentroidX: 0.1348
CentroidY: 0.1087
