Location: 2025-04-16_191254-1.png_Otsu.png
Component: component_1744835898157_514.png
centerX: 0.8268551236749117
centerY: 0.8622727272727273
width: 0.038869257950530034
height: 0.029545454545454545
Area: 0.0003041010814862405
CentroidX: 0.8451
CentroidY: 0.8771
