Location: 2025-04-16_191356-1.png_Otsu.png
Component: component_1744835897609_314.png
centerX: 0.3539458186101296
centerY: 0.5772357723577236
width: 0.03121319199057715
height: 0.031664527171587506
Area: 0.0002779579590476954
CentroidX: 0.3678
CentroidY: 0.5917
