Location: 2025-04-16_191254-1.png_Otsu.png
Component: component_1744835898098_196.png
centerX: 0.3168433451118963
centerY: 0.34136363636363637
width: 0.032391048292108364
height: 0.031818181818181815
Area: 0.0002543098832851483
CentroidX: 0.3350
CentroidY: 0.3561
