Location: 2025-04-16_191356-1.png_Gaussian-Closing.png
Component: component_1744835898213_121.png
centerX: 0.43521790341578326
centerY: 0.1844244758237056
width: 0.035924617196702
height: 0.028241335044929396
Area: 0.00031928625032949233
CentroidX: 0.4525
CentroidY: 0.1989
