Location: 2025-04-16_191356-1.png_Gaussian-Closing.png
Component: component_1744835898266_376.png
centerX: 0.40577149587750294
centerY: 0.6675224646983312
width: 0.027090694935217905
height: 0.03508771929824561
Area: 0.00030668616152406644
CentroidX: 0.4187
CentroidY: 0.6842
