Location: 2025-04-16_191356-1.png_Gaussian-Closing.png
Component: component_1744835898265_369.png
centerX: 0.37161366313309774
centerY: 0.6662387676508345
width: 0.026501766784452298
height: 0.036371416345742404
Area: 0.0002759419448388272
CentroidX: 0.3840
CentroidY: 0.6832
