Location: 2025-04-16_191254-1.png_Otsu.png
Component: component_1744835898155_504.png
centerX: 0.2879858657243816
centerY: 0.860909090909091
width: 0.028857479387514724
height: 0.031818181818181815
Area: 0.00026046685940678873
CentroidX: 0.3015
CentroidY: 0.8764
