Location: 2025-04-16_191254-1.png_Otsu.png
Component: component_1744835898116_279.png
centerX: 0.2673733804475854
centerY: 0.49454545454545457
width: 0.032391048292108364
height: 0.035454545454545454
Area: 0.00034238141128600493
CentroidX: 0.2828
CentroidY: 0.5106
