Location: 2025-04-16_191356-1.png_Otsu.png
Component: component_1744835897566_67.png
centerX: 0.9199057714958775
centerY: 0.10397946084724005
width: 0.035924617196702
height: 0.022250748823277707
Area: 0.00025527779919792874
CentroidX: 0.9375
CentroidY: 0.1161
