Location: 2025-04-16_191356-1.png_Gaussian-Closing.png
Component: component_1744835898266_374.png
centerX: 0.11719670200235571
centerY: 0.6675224646983312
width: 0.02767962308598351
height: 0.03551561831407788
Area: 0.0002953460815991831
CentroidX: 0.1295
CentroidY: 0.6857
