Location: 2025-04-16_191254-1.png_Mean-Medain.png
Component: component_1744835897677_22.png
centerX: 0.9363957597173145
centerY: 0.029545454545454545
width: 0.0353356890459364
height: 0.035454545454545454
Area: 0.00036379698040475423
CentroidX: 0.9520
CentroidY: 0.0482
