Location: 2025-04-16_191254-1.png_Otsu.png
Component: component_1744835898067_54.png
centerX: 0.8851590106007067
centerY: 0.07818181818181819
width: 0.030624263839811542
height: 0.03318181818181818
Area: 0.00025323910482921084
CentroidX: 0.9008
CentroidY: 0.0933
