Location: 2025-04-16_191254-1.png_Mean-Medain.png
Component: component_1744835897677_26.png
centerX: 0.508833922261484
centerY: 0.031363636363636364
width: 0.0353356890459364
height: 0.035454545454545454
Area: 0.00041251740014990897
CentroidX: 0.5258
CentroidY: 0.0480
