Location: 2025-04-16_191254-1.png_Mean-Medain.png
Component: component_1744835897685_63.png
centerX: 0.15371024734982333
centerY: 0.08545454545454545
width: 0.03297997644287397
height: 0.035454545454545454
Area: 0.0003019595245743656
CentroidX: 0.1699
CentroidY: 0.1026
