Location: 2025-04-16_191254-1.png_Mean-Medain.png
Component: component_1744835897887_378.png
centerX: 0.690223792697291
centerY: 0.7054545454545454
width: 0.034746760895170786
height: 0.029545454545454545
Area: 0.00029821179997858446
CentroidX: 0.7073
CentroidY: 0.7198
