Location: easy26_Mean-Closing.png
Component: component_1744297381967_84.png
centerX: 0.3814516129032258
centerY: 0.07614942528735633
width: 0.021774193548387097
height: 0.014367816091954023
Area: 9.617167222840193e-05
CentroidX: 0.3911
CentroidY: 0.0832
