Location: 2025-04-16_191254-1.png_Otsu.png
Component: component_1744835898086_138.png
centerX: 0.4163722025912839
centerY: 0.24045454545454545
width: 0.03769140164899882
height: 0.030454545454545453
Area: 0.00027144233858014774
CentroidX: 0.4349
CentroidY: 0.2548
