Location: 2025-04-16_191254-1.png_Mean-Medain.png
Component: component_1744835897902_391.png
centerX: 0.6166077738515902
centerY: 0.7527272727272727
width: 0.03828032979976443
height: 0.03318181818181818
Area: 0.0003153442552735839
CentroidX: 0.6363
CentroidY: 0.7685
