Location: 2025-04-16_191356-1.png_Gaussian-Closing.png
Component: component_1744835898276_435.png
centerX: 0.8598351001177856
centerY: 0.7732135216089003
width: 0.03180212014134275
height: 0.03465982028241335
Area: 0.000315254221911756
CentroidX: 0.8741
CentroidY: 0.7911
