Location: 2025-04-16_191356-1.png_Gaussian-Closing.png
Component: component_1744835898235_221.png
centerX: 0.3504122497055359
centerY: 0.40094137783483097
width: 0.02767962308598351
height: 0.03080872913992298
Area: 0.0002784619625999124
CentroidX: 0.3635
CentroidY: 0.4159
