Location: 2025-04-16_191254-1.png_Mean-Medain.png
Component: component_1744835897712_201.png
centerX: 0.42579505300353354
centerY: 0.34363636363636363
width: 0.034746760895170786
height: 0.02909090909090909
Area: 0.00026341150016061677
CentroidX: 0.4450
CentroidY: 0.3569
