Location: 2025-04-16_191254-1.png_Mean-Medain.png
Component: component_1744835897737_218.png
centerX: 0.934040047114252
centerY: 0.39045454545454544
width: 0.034746760895170786
height: 0.029545454545454545
Area: 0.00030303030303030303
CentroidX: 0.9514
CentroidY: 0.4043
