Location: 2025-04-16_191356-1.png_Gaussian-Closing.png
Component: component_1744835898262_356.png
centerX: 0.6560659599528857
centerY: 0.6251604621309371
width: 0.03121319199057715
height: 0.031664527171587506
Area: 0.00034095840307482486
CentroidX: 0.6695
CentroidY: 0.6427
