Location: 2025-04-16_191254-1.png_Mean-Medain.png
Component: component_1744835897677_25.png
centerX: 0.46760895170789163
centerY: 0.031363636363636364
width: 0.03356890459363958
height: 0.035454545454545454
Area: 0.00039458186101295643
CentroidX: 0.4839
CentroidY: 0.0481
