Location: 2025-04-16_191254-1.png_Otsu.png
Component: component_1744835898155_501.png
centerX: 0.6684334511189635
centerY: 0.86
width: 0.03297997644287397
height: 0.031818181818181815
Area: 0.00026689153014241353
CentroidX: 0.6850
CentroidY: 0.8738
