Location: 2025-04-16_191254-1.png_Mean-Medain.png
Component: component_1744835897978_472.png
centerX: 0.4876325088339223
centerY: 0.9077272727272727
width: 0.0353356890459364
height: 0.03227272727272727
Area: 0.0003380982974622551
CentroidX: 0.5058
CentroidY: 0.9238
