Location: 2025-04-16_191356-1.png_Otsu.png
Component: component_1744835897596_230.png
centerX: 0.5312131919905771
centerY: 0.4428754813863928
width: 0.03356890459363958
height: 0.029525032092426188
Area: 0.0002628378524811843
CentroidX: 0.5464
CentroidY: 0.4573
