Location: 2025-04-16_191356-1.png_Otsu.png
Component: component_1744835897593_220.png
centerX: 0.901060070671378
centerY: 0.4065040650406504
width: 0.03121319199057715
height: 0.028241335044929396
Area: 0.0002489777547952158
CentroidX: 0.9151
CentroidY: 0.4201
