Location: 2025-04-16_191254-1.png_Mean-Medain.png
Component: component_1744835898002_498.png
centerX: 0.4575971731448763
centerY: 0.9595454545454546
width: 0.035924617196702
height: 0.030454545454545453
Area: 0.0003057072491701467
CentroidX: 0.4771
CentroidY: 0.9737
