Location: 2025-04-16_191356-1.png_Gaussian-Closing.png
Component: component_1744835898199_41.png
centerX: 0.901060070671378
centerY: 0.028241335044929396
width: 0.03356890459363958
height: 0.02610183996576808
Area: 0.0002890460371964702
CentroidX: 0.9166
CentroidY: 0.0414
