Location: 2025-04-16_191254-1.png_Mean-Medain.png
Component: component_1744835897699_140.png
centerX: 0.33156654888103654
centerY: 0.2409090909090909
width: 0.034746760895170786
height: 0.030454545454545453
Area: 0.0003038333868722561
CentroidX: 0.3512
CentroidY: 0.2547
