Location: 2025-04-16_191356-1.png_Gaussian-Closing.png
Component: component_1744835898200_45.png
centerX: 0.04240282685512368
centerY: 0.05947796320068464
width: 0.03828032979976443
height: 0.025673940949935817
Area: 0.00037145061798395557
CentroidX: 0.0598
CentroidY: 0.0727
