Location: 2025-04-16_191356-1.png_Otsu.png
Component: component_1744835897651_550.png
centerX: 0.9316843345111896
centerY: 0.9687633718442448
width: 0.03415783274440518
height: 0.02610183996576808
Area: 0.00022755760382599176
CentroidX: 0.9478
CentroidY: 0.9819
