Location: 2025-04-16_191356-1.png_Gaussian-Closing.png
Component: component_1744835898213_123.png
centerX: 0.5724381625441696
centerY: 0.1844244758237056
width: 0.030624263839811542
height: 0.02781343602909713
Area: 0.00028501400877873386
CentroidX: 0.5875
CentroidY: 0.1978
