Location: 2025-04-16_191254-1.png_Otsu.png
Component: component_1744835898160_532.png
centerX: 0.24676089517078917
centerY: 0.9109090909090909
width: 0.03356890459363958
height: 0.031363636363636364
Area: 0.0003057072491701467
CentroidX: 0.2644
CentroidY: 0.9264
