Location: 2025-04-16_191254-1.png_Otsu.png
Component: component_1744835898157_515.png
centerX: 0.11778563015312132
centerY: 0.8627272727272727
width: 0.032391048292108364
height: 0.030454545454545453
Area: 0.0002690330870542885
CentroidX: 0.1347
CentroidY: 0.8775
