Location: 2025-04-16_191356-1.png_Otsu.png
Component: component_1744835897559_31.png
centerX: 0.33568904593639576
centerY: 0.06033376123234917
width: 0.030624263839811542
height: 0.028241335044929396
Area: 0.0002782099608238039
CentroidX: 0.3519
CentroidY: 0.0744
