Location: 2025-04-16_191356-1.png_Otsu.png
Component: component_1744835897597_236.png
centerX: 0.6566548881036514
centerY: 0.44373127941805734
width: 0.03121319199057715
height: 0.02866923406076166
Area: 0.0002714059128688739
CentroidX: 0.6712
CentroidY: 0.4573
