Location: 2025-04-16_191356-1.png_Otsu.png
Component: component_1744835897640_492.png
centerX: 0.44876325088339225
centerY: 0.8789045785194695
width: 0.02944640753828033
height: 0.028241335044929396
Area: 0.0002628378524811843
CentroidX: 0.4620
CentroidY: 0.8940
