Location: 2025-04-16_191254-1.png_Mean-Medain.png
Component: component_1744835897869_350.png
centerX: 0.44110718492343937
centerY: 0.6572727272727272
width: 0.034746760895170786
height: 0.03090909090909091
Area: 0.00035201841738944213
CentroidX: 0.4599
CentroidY: 0.6722
