Location: 2025-04-16_191254-1.png_Otsu.png
Component: component_1744835898094_175.png
centerX: 0.5783274440518257
centerY: 0.2868181818181818
width: 0.034746760895170786
height: 0.03272727272727273
Area: 0.0002741192847199914
CentroidX: 0.5979
CentroidY: 0.3015
