Location: 2025-04-16_191254-1.png_Mean-Medain.png
Component: component_1744835897709_189.png
centerX: 0.7373380447585395
centerY: 0.3422727272727273
width: 0.03356890459363958
height: 0.02909090909090909
Area: 0.00026528536245850736
CentroidX: 0.7557
CentroidY: 0.3558
