Location: 2025-04-16_191254-1.png_Otsu.png
Component: component_1744835898087_144.png
centerX: 0.46054181389870436
centerY: 0.2409090909090909
width: 0.0353356890459364
height: 0.029545454545454545
Area: 0.0002497590748474141
CentroidX: 0.4778
CentroidY: 0.2551
