Location: 2025-04-16_191254-1.png_Otsu.png
Component: component_1744835898047_22.png
centerX: 0.8480565371024735
centerY: 0.03090909090909091
width: 0.03356890459363958
height: 0.03409090909090909
Area: 0.0002901809615590534
CentroidX: 0.8654
CentroidY: 0.0475
