Location: 2025-04-16_191254-1.png_Mean-Medain.png
Component: component_1744835897780_266.png
centerX: 0.6713780918727915
centerY: 0.4959090909090909
width: 0.03415783274440518
height: 0.03272727272727273
Area: 0.00035978156119498874
CentroidX: 0.6880
CentroidY: 0.5116
