Location: 2025-04-16_191254-1.png_Otsu.png
Component: component_1744835898169_569.png
centerX: 0.9434628975265018
centerY: 0.9631818181818181
width: 0.038869257950530034
height: 0.025454545454545455
Area: 0.0002591283863368669
CentroidX: 0.9628
CentroidY: 0.9758
