Location: 2025-04-16_191254-1.png_Mean-Medain.png
Component: component_1744835897907_393.png
centerX: 0.3586572438162544
centerY: 0.7536363636363637
width: 0.03828032979976443
height: 0.03272727272727273
Area: 0.0002992825784345219
CentroidX: 0.3788
CentroidY: 0.7689
