Location: 2025-04-16_191356-1.png_Otsu.png
Component: component_1744835897597_239.png
centerX: 0.7396937573616019
centerY: 0.44458707744972187
width: 0.028857479387514724
height: 0.02781343602909713
Area: 0.00025300978321295207
CentroidX: 0.7530
CentroidY: 0.4584
