Location: 2025-04-16_191254-1.png_Otsu.png
Component: component_1744835898097_192.png
centerX: 0.045936395759717315
centerY: 0.29318181818181815
width: 0.032391048292108364
height: 0.030454545454545453
Area: 0.00022486347574686799
CentroidX: 0.0631
CentroidY: 0.3088
