Location: 2025-04-16_191356-1.png_Otsu.png
Component: component_1744835897579_135.png
centerX: 0.8987043580683156
centerY: 0.2293538724860933
width: 0.032391048292108364
height: 0.02738553701326487
Area: 0.000272917923525525
CentroidX: 0.9133
CentroidY: 0.2437
