Location: 2025-04-16_191356-1.png_Gaussian-Closing.png
Component: component_1744835898255_322.png
centerX: 0.4617196702002356
centerY: 0.5772357723577236
width: 0.028857479387514724
height: 0.03209242618741977
Area: 0.0002993781100169194
CentroidX: 0.4745
CentroidY: 0.5938
