Location: 2025-04-16_191254-1.png_Otsu.png
Component: component_1744835898112_256.png
centerX: 0.0447585394581861
centerY: 0.4431818181818182
width: 0.037102473498233215
height: 0.031363636363636364
Area: 0.000286968626191241
CentroidX: 0.0639
CentroidY: 0.4581
