Location: 2025-04-16_191356-1.png_Otsu.png
Component: component_1744835897601_266.png
centerX: 0.27385159010600707
centerY: 0.48694908001711595
width: 0.028857479387514724
height: 0.029097133076593923
Area: 0.0002575458151829054
CentroidX: 0.2874
CentroidY: 0.5017
