Location: 2025-04-16_191254-1.png_Mean-Medain.png
Component: component_1744835897924_405.png
centerX: 0.8975265017667845
centerY: 0.7545454545454545
width: 0.03769140164899882
height: 0.03090909090909091
Area: 0.0002883070992611629
CentroidX: 0.9161
CentroidY: 0.7689
