Location: 2025-04-16_191254-1.png_Mean-Medain.png
Component: component_1744835897711_198.png
centerX: 0.817432273262662
centerY: 0.3427272727272727
width: 0.0353356890459364
height: 0.02772727272727273
Area: 0.00025886069172288256
CentroidX: 0.8356
CentroidY: 0.3559
