Location: 2025-04-16_191356-1.png_Gaussian-Closing.png
Component: component_1744835898244_257.png
centerX: 0.696113074204947
centerY: 0.4450149764655541
width: 0.032391048292108364
height: 0.02738553701326487
Area: 0.00029282606383809794
CentroidX: 0.7121
CentroidY: 0.4582
