Location: 2025-04-16_191254-1.png_Otsu.png
Component: component_1744835898113_263.png
centerX: 0.15783274440518258
centerY: 0.4440909090909091
width: 0.03180212014134275
height: 0.029545454545454545
Area: 0.00023316200878038335
CentroidX: 0.1763
CentroidY: 0.4573
