Location: 2025-04-16_191254-1.png_Otsu.png
Component: component_1744835898063_35.png
centerX: 0.30742049469964666
centerY: 0.03409090909090909
width: 0.03121319199057715
height: 0.03409090909090909
Area: 0.00031721811757147444
CentroidX: 0.3220
CentroidY: 0.0502
