Location: 2025-04-16_191254-1.png_Mean-Medain.png
Component: component_1744835897886_374.png
centerX: 0.18021201413427562
centerY: 0.7059090909090909
width: 0.030624263839811542
height: 0.031818181818181815
Area: 0.0002952671592247564
CentroidX: 0.1966
CentroidY: 0.7215
