Location: 2025-04-16_191356-1.png_Gaussian-Closing.png
Component: component_1744835898248_285.png
centerX: 0.38869257950530034
centerY: 0.488660676080445
width: 0.03297997644287397
height: 0.02738553701326487
Area: 0.00030366214021076423
CentroidX: 0.4034
CentroidY: 0.5030
