Location: 2025-04-16_191356-1.png_Gaussian-Closing.png
Component: component_1744835898286_502.png
centerX: 0.12249705535924617
centerY: 0.920410783055199
width: 0.028857479387514724
height: 0.02995293110825845
Area: 0.0003104661881656942
CentroidX: 0.1379
CentroidY: 0.9344
