Location: 2025-04-16_191254-1.png_Mean-Medain.png
Component: component_1744835897742_220.png
centerX: 0.16136631330977622
centerY: 0.39090909090909093
width: 0.035924617196702
height: 0.031363636363636364
Area: 0.00027572545240389765
CentroidX: 0.1793
CentroidY: 0.4073
