Location: 2025-04-16_191356-1.png_Gaussian-Closing.png
Component: component_1744835898278_443.png
centerX: 0.901060070671378
centerY: 0.7753530166880617
width: 0.02767962308598351
height: 0.032520325203252036
Area: 0.00031172619704623677
CentroidX: 0.9147
CentroidY: 0.7912
