Location: 2025-04-16_191356-1.png_Otsu.png
Component: component_1744835897587_189.png
centerX: 0.30977620730270905
centerY: 0.3551561831407788
width: 0.030624263839811542
height: 0.029525032092426188
Area: 0.00032483028940387973
CentroidX: 0.3239
CentroidY: 0.3702
