Location: 2025-04-16_191356-1.png_Otsu.png
Component: component_1744835897618_374.png
centerX: 0.37220259128386335
centerY: 0.6662387676508345
width: 0.02591283863368669
height: 0.03594351732991014
Area: 0.00023007762158707695
CentroidX: 0.3838
CentroidY: 0.6833
