Location: 2025-04-16_191254-1.png_Otsu.png
Component: component_1744835898085_136.png
centerX: 0.8056537102473498
centerY: 0.2390909090909091
width: 0.03415783274440518
height: 0.028636363636363637
Area: 0.0002535067994431952
CentroidX: 0.8222
CentroidY: 0.2531
