Location: 2025-04-16_191356-1.png_Gaussian-Closing.png
Component: component_1744835898216_139.png
centerX: 0.6425206124852768
centerY: 0.2220795892169448
width: 0.02767962308598351
height: 0.031664527171587506
Area: 0.0003205462592100349
CentroidX: 0.6549
CentroidY: 0.2387
