Location: 2025-04-16_191254-1.png_Mean-Medain.png
Component: component_1744835897694_117.png
centerX: 0.1254416961130742
centerY: 0.18681818181818183
width: 0.037102473498233215
height: 0.035454545454545454
Area: 0.00035067994431952027
CentroidX: 0.1445
CentroidY: 0.2046
