Location: 2025-04-16_191254-1.png_Mean-Medain.png
Component: component_1744835897944_437.png
centerX: 0.726148409893993
centerY: 0.8113636363636364
width: 0.04063604240282685
height: 0.030454545454545453
Area: 0.0003206981475532712
CentroidX: 0.7468
CentroidY: 0.8261
