Location: 2025-04-16_191356-1.png_Gaussian-Closing.png
Component: component_1744835898207_81.png
centerX: 0.7302709069493521
centerY: 0.09884467265725289
width: 0.03415783274440518
height: 0.02610183996576808
Area: 0.0002935820691664235
CentroidX: 0.7473
CentroidY: 0.1124
