Location: 2025-04-16_191356-1.png_Gaussian-Closing.png
Component: component_1744835898211_108.png
centerX: 0.9681978798586572
centerY: 0.14377406931964057
width: 0.02767962308598351
height: 0.025246041934103552
Area: 0.00027392593062995906
CentroidX: 0.9816
CentroidY: 0.1565
