Location: 2025-04-16_191356-1.png_Gaussian-Closing.png
Component: component_1744835898265_370.png
centerX: 0.1519434628975265
centerY: 0.6666666666666666
width: 0.027090694935217905
height: 0.036371416345742404
Area: 0.0002918180567336639
CentroidX: 0.1644
CentroidY: 0.6849
