Location: easy43_Mean-Closing.png
Component: component_1744297380685_1136.png
centerX: 0.37061668681983073
centerY: 0.6558358272766139
width: 0.013301088270858524
height: 0.010260795211628902
Area: 6.953229322672748e-05
CentroidX: 0.3765
CentroidY: 0.6606
