Location: 2025-04-16_191356-1.png_Otsu.png
Component: component_1744835897613_345.png
centerX: 0.3380447585394582
centerY: 0.6234488660676081
width: 0.03180212014134275
height: 0.03465982028241335
Area: 0.0002686338933316802
CentroidX: 0.3521
CentroidY: 0.6406
