Location: 2025-04-16_191356-1.png_Otsu.png
Component: component_1744835897646_523.png
centerX: 0.9063604240282686
centerY: 0.9289687633718442
width: 0.030624263839811542
height: 0.026529738981600343
Area: 0.00022276957007992993
CentroidX: 0.9208
CentroidY: 0.9417
