Location: 2025-04-16_191254-1.png_Mean-Medain.png
Component: component_1744835897711_199.png
centerX: 0.11778563015312132
centerY: 0.3440909090909091
width: 0.03651354534746761
height: 0.030454545454545453
Area: 0.0002722454224221009
CentroidX: 0.1370
CentroidY: 0.3589
