Location: 2025-04-16_191254-1.png_Otsu.png
Component: component_1744835898070_67.png
centerX: 0.11719670200235571
centerY: 0.08681818181818182
width: 0.03121319199057715
height: 0.034545454545454546
Area: 0.0002615376378627262
CentroidX: 0.1334
CentroidY: 0.1024
