Location: 2025-04-16_191356-1.png_Gaussian-Closing.png
Component: component_1744835898280_461.png
centerX: 0.31036513545347466
centerY: 0.8288403936670946
width: 0.0353356890459364
height: 0.03123662815575524
Area: 0.0003245782876277712
CentroidX: 0.3251
CentroidY: 0.8445
