Location: 2025-04-16_191356-1.png_Otsu.png
Component: component_1744835897576_119.png
centerX: 0.04770318021201413
centerY: 0.22122379118528027
width: 0.026501766784452298
height: 0.02781343602909713
Area: 0.0002880380300920361
CentroidX: 0.0605
CentroidY: 0.2360
