Location: 2025-04-16_191356-1.png_Otsu.png
Component: component_1744835897581_148.png
centerX: 0.5365135453474676
centerY: 0.2682926829268293
width: 0.03356890459363958
height: 0.03123662815575524
Area: 0.0002696419004361143
CentroidX: 0.5518
CentroidY: 0.2841
