Location: 2025-04-16_191356-1.png_Otsu.png
Component: component_1744835897578_129.png
centerX: 0.5600706713780919
centerY: 0.2246469833119384
width: 0.03180212014134275
height: 0.02866923406076166
Area: 0.00029307806561420645
CentroidX: 0.5736
CentroidY: 0.2397
