Location: 2025-04-16_191356-1.png_Otsu.png
Component: component_1744835897638_481.png
centerX: 0.4870435806831567
centerY: 0.8754813863928113
width: 0.027090694935217905
height: 0.031664527171587506
Area: 0.00026384585958561836
CentroidX: 0.4989
CentroidY: 0.8917
