Location: 2025-04-16_191254-1.png_Otsu.png
Component: component_1744835898080_113.png
centerX: 0.08480565371024736
centerY: 0.18636363636363637
width: 0.03769140164899882
height: 0.03590909090909091
Area: 0.0003257843452189742
CentroidX: 0.1010
CentroidY: 0.2041
