Location: 2025-04-16_191356-1.png_Otsu.png
Component: component_1744835897587_187.png
centerX: 0.2656065959952886
centerY: 0.353872486093282
width: 0.032391048292108364
height: 0.030380830124090714
Area: 0.0003245782876277712
CentroidX: 0.2801
CentroidY: 0.3682
