Location: 2025-04-16_191356-1.png_Otsu.png
Component: component_1744835897605_287.png
centerX: 0.6819787985865724
centerY: 0.5305947796320069
width: 0.028268551236749116
height: 0.03337612323491656
Area: 0.0002756899430627187
CentroidX: 0.6943
CentroidY: 0.5476
