Location: 2025-04-16_191356-1.png_Gaussian-Closing.png
Component: component_1744835898247_279.png
centerX: 0.1690223792697291
centerY: 0.48694908001711595
width: 0.027090694935217905
height: 0.02866923406076166
Area: 0.00027190991642109095
CentroidX: 0.1809
CentroidY: 0.5016
