Location: 2025-04-16_191356-1.png_Otsu.png
Component: component_1744835897612_331.png
centerX: 0.9517078916372202
centerY: 0.5798031664527171
width: 0.028268551236749116
height: 0.029097133076593923
Area: 0.0002489777547952158
CentroidX: 0.9644
CentroidY: 0.5937
