Location: 2025-04-16_191254-1.png_Otsu.png
Component: component_1744835898106_229.png
centerX: 0.591283863368669
centerY: 0.39
width: 0.03297997644287397
height: 0.030454545454545453
Area: 0.00021335260734554022
CentroidX: 0.6095
CentroidY: 0.4042
