Location: 2025-04-16_191356-1.png_Gaussian-Closing.png
Component: component_1744835898291_533.png
centerX: 0.7385159010600707
centerY: 0.9649122807017544
width: 0.03180212014134275
height: 0.028241335044929396
Area: 0.0002698939022122228
CentroidX: 0.7543
CentroidY: 0.9783
