Location: 2025-04-16_191356-1.png_Gaussian-Closing.png
Component: component_1744835898243_254.png
centerX: 0.7391048292108363
centerY: 0.44458707744972187
width: 0.02944640753828033
height: 0.028241335044929396
Area: 0.0002880380300920361
CentroidX: 0.7530
CentroidY: 0.4585
