Location: 2025-04-16_191254-1.png_Mean-Medain.png
Component: component_1744835897706_177.png
centerX: 0.35276796230859836
centerY: 0.33954545454545454
width: 0.03356890459363958
height: 0.03363636363636364
Area: 0.00031507656065959955
CentroidX: 0.3701
CentroidY: 0.3555
