Location: 2025-04-16_191254-1.png_Mean-Medain.png
Component: component_1744835897707_182.png
centerX: 0.5011778563015312
centerY: 0.34136363636363637
width: 0.03180212014134275
height: 0.030454545454545453
Area: 0.0002612699432487418
CentroidX: 0.5190
CentroidY: 0.3552
