Location: 2025-04-16_191254-1.png_Otsu.png
Component: component_1744835898124_316.png
centerX: 0.8468786808009423
centerY: 0.5509090909090909
width: 0.035924617196702
height: 0.030454545454545453
Area: 0.0002722454224221009
CentroidX: 0.8645
CentroidY: 0.5652
