Location: 2025-04-16_191356-1.png_Otsu.png
Component: component_1744835897554_11.png
centerX: 0.19493521790341578
centerY: 0.02053915275994865
width: 0.035924617196702
height: 0.02781343602909713
Area: 0.0002978660993602683
CentroidX: 0.2101
CentroidY: 0.0356
