Location: 2025-04-16_191254-1.png_Otsu.png
Component: component_1744835898097_190.png
centerX: 0.3498233215547703
centerY: 0.28954545454545455
width: 0.032391048292108364
height: 0.03272727272727273
Area: 0.00025082985330335153
CentroidX: 0.3668
CentroidY: 0.3044
