Location: 2025-04-16_191254-1.png_Mean-Medain.png
Component: component_1744835897687_73.png
centerX: 0.7732626619552415
centerY: 0.1290909090909091
width: 0.034746760895170786
height: 0.03272727272727273
Area: 0.00030142413534639686
CentroidX: 0.7914
CentroidY: 0.1442
