Location: 2025-04-16_191356-1.png_Otsu.png
Component: component_1744835897604_284.png
centerX: 0.31566548881036516
centerY: 0.5310226786478391
width: 0.03356890459363958
height: 0.03209242618741977
Area: 0.00029610208692750867
CentroidX: 0.3311
CentroidY: 0.5475
