Location: 2025-04-16_191254-1.png_Mean-Medain.png
Component: component_1744835897689_87.png
centerX: 0.08068315665488811
centerY: 0.135
width: 0.0353356890459364
height: 0.03681818181818182
Area: 0.00036219081272084806
CentroidX: 0.0957
CentroidY: 0.1552
