Location: 2025-04-16_191356-1.png_Gaussian-Closing.png
Component: component_1744835898274_422.png
centerX: 0.12249705535924617
centerY: 0.771074026529739
width: 0.022968197879858657
height: 0.03380402225074882
Area: 0.0002759419448388272
CentroidX: 0.1335
CentroidY: 0.7868
