Location: 2025-04-16_191356-1.png_Otsu.png
Component: component_1744835897647_526.png
centerX: 0.9428739693757362
centerY: 0.9298245614035088
width: 0.03121319199057715
height: 0.02610183996576808
Area: 0.00021848553988608512
CentroidX: 0.9558
CentroidY: 0.9431
