Location: 2025-04-16_191254-1.png_Otsu.png
Component: component_1744835898121_308.png
centerX: 0.6607773851590106
centerY: 0.55
width: 0.035924617196702
height: 0.031818181818181815
Area: 0.0002792054823856944
CentroidX: 0.6788
CentroidY: 0.5656
