Location: 2025-04-16_191356-1.png_Otsu.png
Component: component_1744835897591_210.png
centerX: 0.17432273262661954
centerY: 0.40136927685066326
width: 0.025323910482921083
height: 0.029097133076593923
Area: 0.000265609872018378
CentroidX: 0.1871
CentroidY: 0.4158
