Location: 2025-04-16_191254-1.png_Mean-Medain.png
Component: component_1744835897812_315.png
centerX: 0.5588928150765606
centerY: 0.6013636363636363
width: 0.03769140164899882
height: 0.03363636363636364
Area: 0.00038735410643537854
CentroidX: 0.5766
CentroidY: 0.6180
