Location: 2025-04-16_191356-1.png_Otsu.png
Component: component_1744835897650_546.png
centerX: 0.3209658421672556
centerY: 0.9670517757809157
width: 0.03180212014134275
height: 0.0235344458707745
Area: 0.00018975733740971405
CentroidX: 0.3360
CentroidY: 0.9795
