Location: 2025-04-16_191254-1.png_Otsu.png
Component: component_1744835898147_471.png
centerX: 0.3127208480565371
centerY: 0.8077272727272727
width: 0.035924617196702
height: 0.035454545454545454
Area: 0.00028295320698147554
CentroidX: 0.3321
CentroidY: 0.8241
