Location: 2025-04-16_191356-1.png_Gaussian-Closing.png
Component: component_1744835898245_267.png
centerX: 0.7756183745583038
centerY: 0.4848095849379546
width: 0.027090694935217905
height: 0.03209242618741977
Area: 0.0002598138311678821
CentroidX: 0.7869
CentroidY: 0.5018
