Location: 2025-04-16_191356-1.png_Gaussian-Closing.png
Component: component_1744835898249_287.png
centerX: 0.9617196702002355
centerY: 0.4899443731279418
width: 0.027090694935217905
height: 0.02781343602909713
Area: 0.0002835019981220828
CentroidX: 0.9751
CentroidY: 0.5037
