Location: 2025-04-16_191356-1.png_Gaussian-Closing.png
Component: component_1744835898214_128.png
centerX: 0.9687868080094229
centerY: 0.18699186991869918
width: 0.02591283863368669
height: 0.02781343602909713
Area: 0.0002918180567336639
CentroidX: 0.9799
CentroidY: 0.2016
