Location: 2025-04-16_191356-1.png_Otsu.png
Component: component_1744835897569_84.png
centerX: 0.336866902237927
centerY: 0.14206247325631152
width: 0.030624263839811542
height: 0.02781343602909713
Area: 0.00027090190931665684
CentroidX: 0.3519
CentroidY: 0.1559
