Location: 2025-04-16_191356-1.png_Gaussian-Closing.png
Component: component_1744835898205_74.png
centerX: 0.24028268551236748
centerY: 0.0975609756097561
width: 0.030624263839811542
height: 0.025673940949935817
Area: 0.0002814859839132146
CentroidX: 0.2557
CentroidY: 0.1105
