Location: 2025-04-16_191254-1.png_Mean-Medain.png
Component: component_1744835897679_31.png
centerX: 0.3462897526501767
centerY: 0.031818181818181815
width: 0.03356890459363958
height: 0.03636363636363636
Area: 0.000415462040903737
CentroidX: 0.3624
CentroidY: 0.0492
