Location: 2025-04-16_191356-1.png_Otsu.png
Component: component_1744835897618_376.png
centerX: 0.2620730270906949
centerY: 0.6666666666666666
width: 0.02944640753828033
height: 0.03551561831407788
Area: 0.00029585008515140015
CentroidX: 0.2738
CentroidY: 0.6844
