Location: 2025-04-16_191356-1.png_Gaussian-Closing.png
Component: component_1744835898204_64.png
centerX: 0.964075382803298
centerY: 0.06889174154899444
width: 0.03180212014134275
height: 0.021822849807445442
Area: 0.0002484737512429988
CentroidX: 0.9796
CentroidY: 0.0796
