Location: 2025-04-16_191254-1.png_Mean-Medain.png
Component: component_1744835897753_241.png
centerX: 0.044169611307420496
centerY: 0.44272727272727275
width: 0.03828032979976443
height: 0.031818181818181815
Area: 0.0003354213513224114
CentroidX: 0.0637
CentroidY: 0.4581
