Location: 2025-04-16_191254-1.png_Mean-Medain.png
Component: component_1744835897752_239.png
centerX: 0.34334511189634864
centerY: 0.44227272727272726
width: 0.037102473498233215
height: 0.03090909090909091
Area: 0.000300085662276475
CentroidX: 0.3633
CentroidY: 0.4570
