Location: 2025-04-16_191254-1.png_Mean-Medain.png
Component: component_1744835897887_377.png
centerX: 0.3651354534746761
centerY: 0.7059090909090909
width: 0.03297997644287397
height: 0.030454545454545453
Area: 0.0002974087161366313
CentroidX: 0.3823
CentroidY: 0.7206
