Location: 2025-04-16_191254-1.png_Mean-Medain.png
Component: component_1744835897769_250.png
centerX: 0.9122497055359247
centerY: 0.4440909090909091
width: 0.03415783274440518
height: 0.02772727272727273
Area: 0.00026689153014241353
CentroidX: 0.9287
CentroidY: 0.4580
