Location: internet_27.png_Gaussian-Closing.png
Component: component_1755079635452_95.png
centerX: 0.21039903264812576
centerY: 0.20872540633019676
width: 0.035872632003224506
height: 0.02594810379241517
Area: 0.0002557216424524131
CentroidX: 0.2289
CentroidY: 0.2196
