Location: internet_27.png_Mean-Medain.png
Component: component_1755079635315_94.png
centerX: 0.426440951229343
centerY: 0.19617907043056743
width: 0.029423619508262798
height: 0.03165098374679213
Area: 0.00024951536438839946
CentroidX: 0.4415
CentroidY: 0.2097
