Location: Dedata_20.png_Mean-Medain.png
Component: component_1755511365510_199.png
centerX: 0.1310483870967742
centerY: 0.4841835280706754
width: 0.03024193548387097
height: 0.030493017953833
Area: 0.0003648452366725195
CentroidX: 0.1462
CentroidY: 0.4959
