Location: Dedata_20.png_Mean-Medain.png
Component: component_1755511365464_60.png
centerX: 0.8641129032258065
centerY: 0.12396694214876033
width: 0.03306451612903226
height: 0.03305785123966942
Area: 0.00031428400702341447
CentroidX: 0.8795
CentroidY: 0.1360
