Location: internet_27.png_Otsu.png
Component: component_1755079634805_1739.png
centerX: 0.5542120112857719
centerY: 0.6635300826917594
width: 0.03345425231761386
height: 0.031080695751354435
Area: 0.00024215977557179072
CentroidX: 0.5691
CentroidY: 0.6763
