Location: Dedata_20.png_Gaussian-Closing.png
Component: component_1755511366365_143.png
centerX: 0.1495967741935484
centerY: 0.33456825306355087
width: 0.03588709677419355
height: 0.03676261043032203
Area: 0.0004747009992737569
CentroidX: 0.1663
CentroidY: 0.3502
