Location: internet_27.png_Otsu.png
Component: component_1755079634780_1145.png
centerX: 0.7138250705360741
centerY: 0.4074707727402338
width: 0.03869407496977025
height: 0.028229255774165955
Area: 0.00023917156761504342
CentroidX: 0.7335
CentroidY: 0.4174
