Location: internet_27.png_Mean-Medain.png
Component: component_1755079635340_184.png
centerX: 0.8573155985489722
centerY: 0.4037639007698888
width: 0.03909713825070536
height: 0.02765896777872826
Area: 0.00030560172911504104
CentroidX: 0.8753
CentroidY: 0.4148
