Location: internet_27.png_Otsu.png
Component: component_1755079634781_1167.png
centerX: 0.4199919387343813
centerY: 0.4222982606216139
width: 0.03990326481257558
height: 0.027088679783290562
Area: 0.00025330808987196333
CentroidX: 0.4403
CentroidY: 0.4314
