Location: Dedata_20.png_Mean-Medain.png
Component: component_1755511365513_206.png
centerX: 0.31975806451612904
centerY: 0.5012824166429182
width: 0.031451612903225803
height: 0.034482758620689655
Area: 0.00037380836374667904
CentroidX: 0.3354
CentroidY: 0.5149
