Location: internet_27.png_Mean-Medain.png
Component: component_1755079635349_228.png
centerX: 0.6444981862152358
centerY: 0.5109780439121756
width: 0.04070939137444579
height: 0.028229255774165955
Area: 0.0002897412407292285
CentroidX: 0.6647
CentroidY: 0.5219
