Location: internet_27.png_Mean-Closing.png
Component: component_1755079634968_143.png
centerX: 0.6916565900846433
centerY: 0.31822070145423437
width: 0.04030632809351068
height: 0.03165098374679213
Area: 0.00033180601427420966
CentroidX: 0.7117
CentroidY: 0.3303
