Location: internet_27.png_Mean-Closing.png
Component: component_1755079634886_101.png
centerX: 0.8589278516727126
centerY: 0.22868548617051612
width: 0.03385731559854897
height: 0.028514399771884802
Area: 0.0002551469870761155
CentroidX: 0.8762
CentroidY: 0.2412
