Location: Dedata_20.png_Gaussian-Closing.png
Component: component_1755511366371_160.png
centerX: 0.08830645161290322
centerY: 0.3878597891137076
width: 0.04395161290322581
height: 0.03619264747791394
Area: 0.000504348265749823
CentroidX: 0.1110
CentroidY: 0.4030
