Location: internet_27.png_Mean-Closing.png
Component: component_1755079634870_30.png
centerX: 0.3317210802095929
centerY: 0.06244653550042772
width: 0.03184199919387344
height: 0.0290846877673225
Area: 0.00024147018912023364
CentroidX: 0.3474
CentroidY: 0.0745
