Location: internet_27.png_Otsu.png
Component: component_1755079634737_79.png
centerX: 0.332124143490528
centerY: 0.06273167949814656
width: 0.029423619508262798
height: 0.02879954376960365
Area: 0.00014469822375172498
CentroidX: 0.3468
CentroidY: 0.0750
