Location: internet_27.png_Gaussian-Closing.png
Component: component_1755079635458_116.png
centerX: 0.014510278113663845
centerY: 0.25691474194468206
width: 0.02781136638452237
height: 0.02623324779013402
Area: 0.00020273841675777827
CentroidX: 0.0269
CentroidY: 0.2677
