Location: Dedata_20.png_Mean-Medain.png
Component: component_1755511365554_309.png
centerX: 0.8629032258064516
centerY: 0.7264177828441152
width: 0.03346774193548387
height: 0.03419777714448561
Area: 0.000366798738727144
CentroidX: 0.8788
CentroidY: 0.7398
