Location: internet_27.png_Gaussian-Closing.png
Component: component_1755079635521_312.png
centerX: 0.5183393792825474
centerY: 0.7137154262902766
width: 0.02902055622732769
height: 0.029940119760479042
Area: 0.00029479820804064697
CentroidX: 0.5313
CentroidY: 0.7272
