Location: Dedata_20.png_Mean-Medain.png
Component: component_1755511365464_62.png
centerX: 0.6645161290322581
centerY: 0.1262467939583927
width: 0.039112903225806454
height: 0.0219435736677116
Area: 0.0001973037075170759
CentroidX: 0.6799
CentroidY: 0.1388
