Location: Dedata_20.png_Gaussian-Median.png
Component: component_1755511365855_191.png
centerX: 0.9350806451612903
centerY: 0.45882017668851527
width: 0.028629032258064516
height: 0.03163294385864919
Area: 0.00031164103365539307
CentroidX: 0.9506
CentroidY: 0.4716
