Location: internet_27.png_Gaussian-Closing.png
Component: component_1755079635519_305.png
centerX: 0.7537283353486497
centerY: 0.7034502423723981
width: 0.041515517936316
height: 0.029654975762760195
Area: 0.00032376083900604387
CentroidX: 0.7738
CentroidY: 0.7162
