Location: internet_27.png_Gaussian-Closing.png
Component: component_1755079635464_141.png
centerX: 0.8988311164852882
centerY: 0.3088109495295124
width: 0.026199113260781944
height: 0.02737382378100941
Area: 0.00031675004341521367
CentroidX: 0.9106
CentroidY: 0.3212
