Location: Dedata_20.png_Mean-Closing.png
Component: component_1755511366061_320.png
centerX: 0.45806451612903226
centerY: 0.7720148190367626
width: 0.03346774193548387
height: 0.0353377030493018
Area: 0.0003888618207558444
CentroidX: 0.4752
CentroidY: 0.7861
