Location: Dedata_20.png_Mean-Medain.png
Component: component_1755511365467_72.png
centerX: 0.1967741935483871
centerY: 0.14562553434026787
width: 0.035483870967741936
height: 0.032487888287261325
Area: 0.0003470338944097666
CentroidX: 0.2153
CentroidY: 0.1590
