Location: Dedata_20.png_Gaussian-Closing.png
Component: component_1755511366359_126.png
centerX: 0.6895161290322581
centerY: 0.28811627244229127
width: 0.04395161290322581
height: 0.03220290681105728
Area: 0.0004932018128499067
CentroidX: 0.7102
CentroidY: 0.3030
