Location: Dedata_20.png_Mean-Medain.png
Component: component_1755511365546_285.png
centerX: 0.11008064516129032
centerY: 0.6793958392704474
width: 0.027419354838709678
height: 0.03163294385864919
Area: 0.00030106914018330745
CentroidX: 0.1231
CentroidY: 0.6916
