Location: Dedata_20.png_Gaussian-Median.png
Component: component_1755511365764_16.png
centerX: 0.4721774193548387
centerY: 0.011114277571957822
width: 0.036290322580645164
height: 0.034482758620689655
Area: 0.0003908153228104689
CentroidX: 0.4897
CentroidY: 0.0245
