Location: Dedata_20.png_Mean-Closing.png
Component: component_1755511366013_177.png
centerX: 0.5858870967741936
centerY: 0.4414363066400684
width: 0.036290322580645164
height: 0.029353092049016812
Area: 0.00039276882486509343
CentroidX: 0.6048
CentroidY: 0.4535
