Location: internet_27.png_Mean-Medain.png
Component: component_1755079635295_15.png
centerX: 0.23256751309955664
centerY: 0.016823495865412035
width: 0.03184199919387344
height: 0.03421727972626176
Area: 0.00031456635298528294
CentroidX: 0.2472
CentroidY: 0.0303
