Location: Dedata_20.png_Mean-Medain.png
Component: component_1755511365564_337.png
centerX: 0.26411290322580644
centerY: 0.7979481333713309
width: 0.03508064516129032
height: 0.03505272157309775
Area: 0.0003975951240588717
CentroidX: 0.2815
CentroidY: 0.8115
