Location: internet_27.png_Otsu.png
Component: component_1755079634771_978.png
centerX: 0.5425231761386538
centerY: 0.3282007413743941
width: 0.03829101168883515
height: 0.03022526375819789
Area: 0.0002327354274005108
CentroidX: 0.5625
CentroidY: 0.3396
