Location: internet_27.png_Mean-Closing.png
Component: component_1755079634905_121.png
centerX: 0.8428053204353083
centerY: 0.26917593384659255
width: 0.04232164449818621
height: 0.029369831765041345
Area: 0.0003360584640588116
CentroidX: 0.8643
CentroidY: 0.2794
