Location: Dedata_20.png_Mean-Medain.png
Component: component_1755511365497_166.png
centerX: 0.4915322580645161
centerY: 0.4078084924479909
width: 0.03588709677419355
height: 0.029923055001424906
Area: 0.0003782899272837588
CentroidX: 0.5102
CentroidY: 0.4202
