Location: Dedata_20.png_Mean-Closing.png
Component: component_1755511366053_301.png
centerX: 0.5165322580645161
centerY: 0.7212881162724423
width: 0.03790322580645161
height: 0.03305785123966942
Area: 0.000396331093317644
CentroidX: 0.5353
CentroidY: 0.7343
