Location: Dedata_20.png_Gaussian-Closing.png
Component: component_1755511366408_256.png
centerX: 0.21008064516129032
centerY: 0.6121402108862924
width: 0.031048387096774193
height: 0.036477628954117984
Area: 0.000317041892277002
CentroidX: 0.2254
CentroidY: 0.6273
