Location: internet_27.png_Otsu.png
Component: component_1755079634802_1593.png
centerX: 0.10681176944780331
centerY: 0.6324493869404049
width: 0.03788794840790004
height: 0.02765896777872826
Area: 0.00023434446245414393
CentroidX: 0.1249
CentroidY: 0.6431
