Location: Dedata_20.png_Gaussian-Median.png
Component: component_1755511365846_163.png
centerX: 0.7560483870967742
centerY: 0.38444001139925904
width: 0.03225806451612903
height: 0.028498147620404674
Area: 0.0003635812059312919
CentroidX: 0.7721
CentroidY: 0.3957
