Location: internet_27.png_Mean-Medain.png
Component: component_1755079635319_106.png
centerX: 0.8004836759371221
centerY: 0.2292557741659538
width: 0.03466344216041919
height: 0.031080695751354435
Area: 0.00032157714857611314
CentroidX: 0.8167
CentroidY: 0.2424
