Location: internet_27.png_Gaussian-Closing.png
Component: component_1755079635496_251.png
centerX: 0.2619911326078194
centerY: 0.5774165953806673
width: 0.032245062474808545
height: 0.0290846877673225
Area: 0.0002600890233122745
CentroidX: 0.2777
CentroidY: 0.5911
