Location: Dedata_20.png_Mean-Medain.png
Component: component_1755511365547_288.png
centerX: 0.06491935483870968
centerY: 0.6831005984611
width: 0.02661290322580645
height: 0.03277286976346538
Area: 0.00028406218111951757
CentroidX: 0.0781
CentroidY: 0.6960
