Location: Dedata_20.png_Mean-Closing.png
Component: component_1755511366070_345.png
centerX: 0.2939516129032258
centerY: 0.8432601880877743
width: 0.034274193548387094
height: 0.03419777714448561
Area: 0.00034140321201702535
CentroidX: 0.3107
CentroidY: 0.8563
