Location: internet_27.png_Otsu.png
Component: component_1755079634812_1926.png
centerX: 0.25675130995566303
centerY: 0.7199885942400912
width: 0.03426037887948408
height: 0.029654975762760195
Area: 0.0001860734108451491
CentroidX: 0.2741
CentroidY: 0.7303
