Location: Dedata_20.png_Gaussian-Median.png
Component: component_1755511365833_124.png
centerX: 0.3512096774193548
centerY: 0.2713023653462525
width: 0.039919354838709675
height: 0.03590766600170989
Area: 0.0004941211079344358
CentroidX: 0.3716
CentroidY: 0.2868
