Location: internet_27.png_Otsu.png
Component: component_1755079634773_1026.png
centerX: 0.21362353889560662
centerY: 0.34644995722840033
width: 0.041515517936316
height: 0.03051040775591674
Area: 0.0002476764671842473
CentroidX: 0.2357
CentroidY: 0.3567
