Location: internet_27.png_Gaussian-Closing.png
Component: component_1755079635425_15.png
centerX: 0.3861346231358323
centerY: 0.017964071856287425
width: 0.029423619508262798
height: 0.033361847733105215
Area: 0.0002560664356781916
CentroidX: 0.4004
CentroidY: 0.0311
