Location: internet_27.png_Mean-Medain.png
Component: component_1755079635350_233.png
centerX: 0.35227730753728337
centerY: 0.5209580838323353
width: 0.03829101168883515
height: 0.02737382378100941
Area: 0.0002777884089022393
CentroidX: 0.3718
CentroidY: 0.5313
