Location: Dedata_20.png_Mean-Medain.png
Component: component_1755511365497_167.png
centerX: 0.9306451612903226
centerY: 0.41179823311484753
width: 0.03185483870967742
height: 0.031062980906241093
Area: 0.000345769863668539
CentroidX: 0.9468
CentroidY: 0.4246
