Location: internet_27.png_Gaussian-Closing.png
Component: component_1755079635480_201.png
centerX: 0.720677146311971
centerY: 0.4542343883661249
width: 0.039500201531640466
height: 0.0290846877673225
Area: 0.00030238365900777476
CentroidX: 0.7422
CentroidY: 0.4666
