Location: internet_27.png_Mean-Closing.png
Component: component_1755079634881_81.png
centerX: 0.8730350665054414
centerY: 0.1799258625605931
width: 0.03829101168883515
height: 0.03507271171941831
Area: 0.0003038777629861484
CentroidX: 0.8913
CentroidY: 0.1940
