Location: Dedata_20.png_Mean-Closing.png
Component: component_1755511365999_135.png
centerX: 0.8092741935483871
centerY: 0.32772869763465373
width: 0.031451612903225803
height: 0.037902536335138216
Area: 0.0004883755136561285
CentroidX: 0.8256
CentroidY: 0.3442
