Location: Dedata_20.png_Mean-Closing.png
Component: component_1755511365997_129.png
centerX: 0.4899193548387097
centerY: 0.30151040182388145
width: 0.03870967741935484
height: 0.036477628954117984
Area: 0.00051756313258993
CentroidX: 0.5088
CentroidY: 0.3173
