Location: internet_27.png_Mean-Medain.png
Component: component_1755079635304_43.png
centerX: 0.954856912535268
centerY: 0.09238665526090675
width: 0.039500201531640466
height: 0.03022526375819789
Area: 0.0002996253132015465
CentroidX: 0.9748
CentroidY: 0.1043
