Location: internet_27.png_Mean-Closing.png
Component: component_1755079635218_275.png
centerX: 0.014107214832728738
centerY: 0.634160250926718
width: 0.03143893591293833
height: 0.032506415739948676
Area: 0.0003206576999740371
CentroidX: 0.0296
CentroidY: 0.6488
