Location: internet_27.png_Otsu.png
Component: component_1755079634811_1896.png
centerX: 0.6586054010479645
centerY: 0.7105788423153693
width: 0.029826682789197905
height: 0.029369831765041345
Area: 0.00020446238288667095
CentroidX: 0.6700
CentroidY: 0.7227
