Location: Dedata_20.png_Mean-Medain.png
Component: component_1755511365515_211.png
centerX: 0.21895161290322582
centerY: 0.5109717868338558
width: 0.02903225806451613
height: 0.03362781419207751
Area: 0.00037311889243328214
CentroidX: 0.2345
CentroidY: 0.5248
