Location: internet_27.png_Gaussian-Closing.png
Component: component_1755079635451_89.png
centerX: 0.4788391777509069
centerY: 0.19446820644425436
width: 0.032245062474808545
height: 0.031080695751354435
Area: 0.00026445640417213596
CentroidX: 0.4951
CentroidY: 0.2077
