Location: Dedata_20.png_Gaussian-Median.png
Component: component_1755511365905_352.png
centerX: 0.5028225806451613
centerY: 0.8184667996580223
width: 0.038306451612903226
height: 0.03277286976346538
Area: 0.0003569163165684553
CentroidX: 0.5213
CentroidY: 0.8314
