Location: Dedata_20.png_Gaussian-Median.png
Component: component_1755511365828_105.png
centerX: 0.38467741935483873
centerY: 0.22200056996295242
width: 0.043548387096774194
height: 0.033912795668281565
Area: 0.0004466624991956168
CentroidX: 0.4068
CentroidY: 0.2362
