Location: Dedata_20.png_Gaussian-Median.png
Component: component_1755511365731_6.png
centerX: 0.7471774193548387
centerY: 0.005414648047876888
width: 0.03669354838709677
height: 0.03419777714448561
Area: 0.0004051793085062374
CentroidX: 0.7655
CentroidY: 0.0181
