Location: Dedata_20.png_Mean-Medain.png
Component: component_1755511365558_321.png
centerX: 0.5592741935483871
centerY: 0.7614705044172129
width: 0.03387096774193549
height: 0.030777999430037048
Area: 0.00036427067724468875
CentroidX: 0.5768
CentroidY: 0.7744
