Location: internet_27.png_Gaussian-Closing.png
Component: component_1755079635504_277.png
centerX: 0.0592503022974607
centerY: 0.6347305389221557
width: 0.0354695687222894
height: 0.0290846877673225
Area: 0.0003187038716946254
CentroidX: 0.0774
CentroidY: 0.6467
