Location: internet_27.png_Otsu.png
Component: component_1755079634806_1743.png
centerX: 0.5066505441354293
centerY: 0.6658112346735101
width: 0.029826682789197905
height: 0.03022526375819789
Area: 0.0002389417054645244
CentroidX: 0.5208
CentroidY: 0.6782
