Location: Dedata_20.png_Gaussian-Median.png
Component: component_1755511365888_297.png
centerX: 0.4282258064516129
centerY: 0.682815616984896
width: 0.035483870967741936
height: 0.026503277286976348
Area: 0.00024487722814146113
CentroidX: 0.4455
CentroidY: 0.6934
