Location: internet_27.png_Mean-Closing.png
Component: component_1755079635213_263.png
centerX: 0.5481660620717452
centerY: 0.6142001710863987
width: 0.03345425231761386
height: 0.0290846877673225
Area: 0.00029112041363234264
CentroidX: 0.5663
CentroidY: 0.6256
