Location: internet_27.png_Gaussian-Closing.png
Component: component_1755079635473_172.png
centerX: 0.2619911326078194
centerY: 0.38551468491588253
width: 0.03667875856509472
height: 0.026518391787852865
Area: 0.00031835907846884686
CentroidX: 0.2797
CentroidY: 0.3961
