Location: Dedata_20.png_Mean-Closing.png
Component: component_1755511366043_267.png
centerX: 0.357258064516129
centerY: 0.646053006554574
width: 0.032661290322580645
height: 0.03220290681105728
Area: 0.0003106068266852977
CentroidX: 0.3735
CentroidY: 0.6589
