Location: Dedata_20.png_Gaussian-Closing.png
Component: component_1755511366396_225.png
centerX: 0.39314516129032256
centerY: 0.549159304645198
width: 0.02903225806451613
height: 0.030493017953833
Area: 0.0002983112549297199
CentroidX: 0.4071
CentroidY: 0.5619
