Location: Dedata_20.png_Gaussian-Closing.png
Component: component_1755511366418_284.png
centerX: 0.8995967741935483
centerY: 0.6754060986035908
width: 0.03387096774193549
height: 0.03163294385864919
Area: 0.0003571461403395876
CentroidX: 0.9174
CentroidY: 0.6891
