Location: internet_27.png_Gaussian-Closing.png
Component: component_1755079635458_119.png
centerX: 0.8931882305521966
centerY: 0.26575420587396636
width: 0.04353083434099154
height: 0.029369831765041345
Area: 0.00032835808201642436
CentroidX: 0.9160
CentroidY: 0.2769
