Location: internet_27.png_Mean-Medain.png
Component: component_1755079635334_163.png
centerX: 0.9173720274083031
centerY: 0.35642999714856
width: 0.03466344216041919
height: 0.02566295979469632
Area: 0.00028824713675085483
CentroidX: 0.9345
CentroidY: 0.3667
