Location: Dedata_20.png_Gaussian-Median.png
Component: component_1755511365855_189.png
centerX: 0.4310483870967742
centerY: 0.45511541749786266
width: 0.03387096774193549
height: 0.0353377030493018
Area: 0.0003952968863475487
CentroidX: 0.4486
CentroidY: 0.4691
