Location: Dedata_20.png_Gaussian-Median.png
Component: component_1755511365845_160.png
centerX: 0.8649193548387096
centerY: 0.3761755485893417
width: 0.03185483870967742
height: 0.029068110572812767
Area: 0.0003754171301446051
CentroidX: 0.8819
CentroidY: 0.3889
