Location: internet_27.png_Otsu.png
Component: component_1755079634787_1259.png
centerX: 0.20999596936719064
centerY: 0.4810379241516966
width: 0.03305118903667876
height: 0.026803535785571715
Area: 0.00020848497052075384
CentroidX: 0.2262
CentroidY: 0.4913
