Location: Dedata_20.png_Gaussian-Median.png
Component: component_1755511365860_205.png
centerX: 0.07701612903225806
centerY: 0.4881732687375321
width: 0.032661290322580645
height: 0.02963807352522086
Area: 0.0003687522407817685
CentroidX: 0.0942
CentroidY: 0.5003
