Location: internet_27.png_Mean-Medain.png
Component: component_1755079635330_148.png
centerX: 0.6481257557436517
centerY: 0.3236384374108925
width: 0.032648125755743655
height: 0.03051040775591674
Area: 0.0003160604569636566
CentroidX: 0.6648
CentroidY: 0.3365
