Location: Dedata_20.png_Gaussian-Closing.png
Component: component_1755511366311_3.png
centerX: 0.8032258064516129
centerY: 0.003989740666856654
width: 0.0375
height: 0.036477628954117984
Area: 0.00039977844988462846
CentroidX: 0.8218
CentroidY: 0.0182
