Location: internet_27.png_Mean-Medain.png
Component: component_1755079635296_20.png
centerX: 0.48286981056025796
centerY: 0.018819503849443968
width: 0.0354695687222894
height: 0.032506415739948676
Area: 0.00026054874761331255
CentroidX: 0.4995
CentroidY: 0.0308
