Location: Dedata_20.png_Gaussian-Median.png
Component: component_1755511365878_263.png
centerX: 0.21008064516129032
centerY: 0.6121402108862924
width: 0.031048387096774193
height: 0.03676261043032203
Area: 0.00031738662793370044
CentroidX: 0.2254
CentroidY: 0.6273
