Location: Dedata_20.png_Mean-Closing.png
Component: component_1755511366056_313.png
centerX: 0.2633064516129032
centerY: 0.7506412083214591
width: 0.03024193548387097
height: 0.03134796238244514
Area: 0.0003724294211198853
CentroidX: 0.2793
CentroidY: 0.7636
