Location: internet_27.png_Mean-Closing.png
Component: component_1755079634872_39.png
centerX: 0.015316404675534058
centerY: 0.06643855146849159
width: 0.030229746070133012
height: 0.0290846877673225
Area: 0.00023319515170154882
CentroidX: 0.0303
CentroidY: 0.0785
