Location: internet_27.png_Mean-Closing.png
Component: component_1755079635152_207.png
centerX: 0.36799677549375254
centerY: 0.47105788423153694
width: 0.03667875856509472
height: 0.02737382378100941
Area: 0.00027422554556919443
CentroidX: 0.3868
CentroidY: 0.4826
