Location: internet_27.png_Gaussian-Closing.png
Component: component_1755079635457_112.png
centerX: 0.3728335348649738
centerY: 0.24636441402908468
width: 0.02781136638452237
height: 0.03165098374679213
Area: 0.00024618236320587364
CentroidX: 0.3874
CentroidY: 0.2589
