Location: internet_27.png_Otsu.png
Component: component_1755079634812_1922.png
centerX: 0.3639661426844015
centerY: 0.7177074422583405
width: 0.03466344216041919
height: 0.029369831765041345
Area: 0.00020940441912282995
CentroidX: 0.3804
CentroidY: 0.7285
