Location: internet_27.png_Otsu.png
Component: component_1755079634782_1168.png
centerX: 0.3667875856509472
centerY: 0.4234388366124893
width: 0.03909713825070536
height: 0.02765896777872826
Area: 0.0002494004333131399
CentroidX: 0.3863
CentroidY: 0.4329
