Location: Dedata_20.png_Mean-Closing.png
Component: component_1755511366001_142.png
centerX: 0.0846774193548387
centerY: 0.33998290111142776
width: 0.042741935483870966
height: 0.033912795668281565
Area: 0.00047424135173149227
CentroidX: 0.1041
CentroidY: 0.3549
