Location: Dedata_20.png_Gaussian-Median.png
Component: component_1755511365870_238.png
centerX: 0.7149193548387097
centerY: 0.5619834710743802
width: 0.03185483870967742
height: 0.03277286976346538
Area: 0.0003163524209636051
CentroidX: 0.7312
CentroidY: 0.5752
