Location: internet_27.png_Otsu.png
Component: component_1755079634730_13.png
centerX: 0.17654171704957677
centerY: 0.015397775876817793
width: 0.032648125755743655
height: 0.035357855717137156
Area: 0.0001937737928875364
CentroidX: 0.1929
CentroidY: 0.0291
