Location: internet_27.png_Gaussian-Closing.png
Component: component_1755079635497_253.png
centerX: 0.16122531237404272
centerY: 0.5828343313373253
width: 0.04030632809351068
height: 0.02879954376960365
Area: 0.00027250157944030176
CentroidX: 0.1798
CentroidY: 0.5943
