Location: internet_27.png_Otsu.png
Component: component_1755079634798_1529.png
centerX: 0.9222087867795243
centerY: 0.6019389791844881
width: 0.03506650544135429
height: 0.024522383803820928
Area: 0.00011676997246366368
CentroidX: 0.9363
CentroidY: 0.6134
