Location: Dedata_20.png_Mean-Closing.png
Component: component_1755511366037_249.png
centerX: 0.7471774193548387
centerY: 0.6044457110287831
width: 0.03225806451612903
height: 0.02963807352522086
Area: 0.0002919911012235818
CentroidX: 0.7638
CentroidY: 0.6168
