Location: Dedata_20.png_Mean-Medain.png
Component: component_1755511365489_145.png
centerX: 0.635483870967742
centerY: 0.3391279566828156
width: 0.036290322580645164
height: 0.03733257338273012
Area: 0.0005151499829930409
CentroidX: 0.6517
CentroidY: 0.3545
