Location: Dedata_20.png_Gaussian-Closing.png
Component: component_1755511366320_24.png
centerX: 0.6116935483870968
centerY: 0.04873183243089199
width: 0.03306451612903226
height: 0.028783129096608722
Area: 0.00031279015251105453
CentroidX: 0.6288
CentroidY: 0.0602
