Location: Dedata_20.png_Gaussian-Median.png
Component: component_1755511365730_5.png
centerX: 0.8608870967741935
centerY: 0.004844685095468795
width: 0.036290322580645164
height: 0.0347677400968937
Area: 0.00036829259323950395
CentroidX: 0.8780
CentroidY: 0.0172
