Location: internet_27.png_Mean-Medain.png
Component: component_1755079635294_11.png
centerX: 0.17613865376864168
centerY: 0.015397775876817793
width: 0.03345425231761386
height: 0.035642999714856
Area: 0.0002753748563217895
CentroidX: 0.1935
CentroidY: 0.0289
