Location: Dedata_20.png_Gaussian-Median.png
Component: component_1755511365863_214.png
centerX: 0.8604838709677419
centerY: 0.5089769165004274
width: 0.032661290322580645
height: 0.034482758620689655
Area: 0.0003565715809117569
CentroidX: 0.8767
CentroidY: 0.5236
