Location: Dedata_20.png_Mean-Closing.png
Component: component_1755511366063_324.png
centerX: 0.018145161290322582
centerY: 0.7791393559418638
width: 0.035483870967741936
height: 0.03277286976346538
Area: 0.00036955662398073156
CentroidX: 0.0356
CentroidY: 0.7927
