Location: internet_27.png_Mean-Medain.png
Component: component_1755079635349_226.png
centerX: 0.6924627166465135
centerY: 0.5089820359281437
width: 0.03667875856509472
height: 0.027944111776447105
Area: 0.00028537385986936707
CentroidX: 0.7116
CentroidY: 0.5210
