Location: internet_27.png_Mean-Medain.png
Component: component_1755079635348_224.png
centerX: 0.8206368399838775
centerY: 0.5012831479897348
width: 0.041112454655380895
height: 0.026803535785571715
Area: 0.00028319016943943634
CentroidX: 0.8430
CentroidY: 0.5126
