Location: internet_27.png_Otsu.png
Component: component_1755079634770_934.png
centerX: 0.7916162837565498
centerY: 0.31223267750213857
width: 0.03829101168883515
height: 0.029369831765041345
Area: 0.0002159554904126221
CentroidX: 0.8099
CentroidY: 0.3225
