Location: Dedata_20.png_Mean-Medain.png
Component: component_1755511365516_213.png
centerX: 0.7564516129032258
centerY: 0.5141065830721003
width: 0.03346774193548387
height: 0.03134796238244514
Area: 0.0003657645317570487
CentroidX: 0.7746
CentroidY: 0.5269
