Location: Dedata_20.png_Gaussian-Median.png
Component: component_1755511365902_343.png
centerX: 0.3153225806451613
centerY: 0.7919635223710458
width: 0.032661290322580645
height: 0.03277286976346538
Area: 0.00034760845383759734
CentroidX: 0.3318
CentroidY: 0.8050
