Location: Dedata_20.png_Gaussian-Closing.png
Component: component_1755511366365_142.png
centerX: 0.6891129032258064
centerY: 0.3328583642063266
width: 0.034274193548387094
height: 0.039897406668566546
Area: 0.0005003263497550079
CentroidX: 0.7067
CentroidY: 0.3495
