Location: Dedata_20.png_Gaussian-Closing.png
Component: component_1755511366432_332.png
centerX: 0.8137096774193548
centerY: 0.7825591336563124
width: 0.031451612903225803
height: 0.036477628954117984
Area: 0.00033876023864900395
CentroidX: 0.8286
CentroidY: 0.7967
