Location: internet_27.png_Gaussian-Closing.png
Component: component_1755079635428_27.png
centerX: 0.7077791213220476
centerY: 0.06159110350727117
width: 0.03788794840790004
height: 0.028229255774165955
Area: 0.0002460674321306141
CentroidX: 0.7264
CentroidY: 0.0720
