Location: internet_27.png_Mean-Closing.png
Component: component_1755079635240_316.png
centerX: 0.011688835147118097
centerY: 0.7362418021100656
width: 0.0354695687222894
height: 0.02594810379241517
Area: 0.00026353695557005985
CentroidX: 0.0297
CentroidY: 0.7476
