Location: internet_27.png_Mean-Closing.png
Component: component_1755079635135_195.png
centerX: 0.010882708585247884
centerY: 0.446535500427716
width: 0.03305118903667876
height: 0.03051040775591674
Area: 0.0003299671170700575
CentroidX: 0.0261
CentroidY: 0.4584
