Location: Dedata_20.png_Gaussian-Closing.png
Component: component_1755511366370_156.png
centerX: 0.8649193548387096
centerY: 0.37646053006554575
width: 0.03185483870967742
height: 0.028783129096608722
Area: 0.00037518730637347284
CentroidX: 0.8819
CentroidY: 0.3890
