Location: internet_27.png_Mean-Medain.png
Component: component_1755079635304_42.png
centerX: 0.015316404675534058
centerY: 0.06643855146849159
width: 0.030632809351068116
height: 0.0290846877673225
Area: 0.0002379073257871888
CentroidX: 0.0302
CentroidY: 0.0785
