Location: internet_27.png_Gaussian-Closing.png
Component: component_1755079635448_84.png
centerX: 0.8214429665457477
centerY: 0.18562874251497005
width: 0.03788794840790004
height: 0.03051040775591674
Area: 0.00026146819621538866
CentroidX: 0.8400
CentroidY: 0.1977
