Location: internet_27.png_Mean-Medain.png
Component: component_1755079635336_172.png
centerX: 0.49979846835953246
centerY: 0.3758197889934417
width: 0.036275695284159616
height: 0.027088679783290562
Area: 0.0003136469043832069
CentroidX: 0.5178
CentroidY: 0.3863
