Location: Dedata_20.png_Mean-Medain.png
Component: component_1755511365468_76.png
centerX: 0.0842741935483871
centerY: 0.15873468224565404
width: 0.03508064516129032
height: 0.02821316614420063
Area: 0.00030635508691935026
CentroidX: 0.1027
CentroidY: 0.1697
