Location: internet_27.png_Mean-Medain.png
Component: component_1755079635363_292.png
centerX: 0.058847239016525596
centerY: 0.6347305389221557
width: 0.035872632003224506
height: 0.0290846877673225
Area: 0.000330082048145317
CentroidX: 0.0774
CentroidY: 0.6466
