Location: Dedata_20.png_Mean-Medain.png
Component: component_1755511365479_113.png
centerX: 0.7189516129032258
centerY: 0.24650897691650042
width: 0.04153225806451613
height: 0.037902536335138216
Area: 0.0005521516101453406
CentroidX: 0.7395
CentroidY: 0.2632
