Location: Dedata_20.png_Gaussian-Closing.png
Component: component_1755511366389_209.png
centerX: 0.9088709677419354
centerY: 0.5069820461669992
width: 0.03064516129032258
height: 0.03163294385864919
Area: 0.000324051517296537
CentroidX: 0.9247
CentroidY: 0.5199
