Location: internet_27.png_Gaussian-Closing.png
Component: component_1755079635441_58.png
centerX: 0.06328093510681176
centerY: 0.11177644710578842
width: 0.032648125755743655
height: 0.029940119760479042
Area: 0.0002569858842802677
CentroidX: 0.0808
CentroidY: 0.1238
