Location: Dedata_20.png_Gaussian-Closing.png
Component: component_1755511366412_263.png
centerX: 0.06330645161290323
centerY: 0.6303790253633513
width: 0.03024193548387097
height: 0.03619264747791394
Area: 0.0003189953943316265
CentroidX: 0.0793
CentroidY: 0.6444
