Location: internet_27.png_Mean-Medain.png
Component: component_1755079635335_167.png
centerX: 0.7073760580411125
centerY: 0.3646991730824066
width: 0.03990326481257558
height: 0.027944111776447105
Area: 0.00033433449792991896
CentroidX: 0.7271
CentroidY: 0.3749
