Location: internet_27.png_Otsu.png
Component: component_1755079634779_1143.png
centerX: 0.9072954453849255
centerY: 0.4037639007698888
width: 0.022168480451430876
height: 0.02566295979469632
Area: 0.000139986049666085
CentroidX: 0.9177
CentroidY: 0.4153
