Location: Dedata_20.png_Mean-Medain.png
Component: component_1755511365486_136.png
centerX: 0.30524193548387096
centerY: 0.31803932744371616
width: 0.038306451612903226
height: 0.04103733257338273
Area: 0.0005420393642155195
CentroidX: 0.3249
CentroidY: 0.3351
