Location: internet_27.png_Gaussian-Closing.png
Component: component_1755079635469_156.png
centerX: 0.060459492140266025
centerY: 0.35186769318505845
width: 0.03506650544135429
height: 0.029369831765041345
Area: 0.00033341504932784285
CentroidX: 0.0791
CentroidY: 0.3636
