Location: internet_27.png_Otsu.png
Component: component_1755079634794_1356.png
centerX: 0.7392180572349859
centerY: 0.5566010835471913
width: 0.031035872632003223
height: 0.02765896777872826
Area: 0.0001807865813832116
CentroidX: 0.7551
CentroidY: 0.5684
