Location: internet_27.png_Gaussian-Closing.png
Component: component_1755079635429_30.png
centerX: 0.22208786779524387
centerY: 0.06216139150270887
width: 0.0354695687222894
height: 0.02765896777872826
Area: 0.00023285035847577028
CentroidX: 0.2408
CentroidY: 0.0728
