Location: Dedata_20.png_Gaussian-Median.png
Component: component_1755511365884_284.png
centerX: 0.2616935483870968
centerY: 0.6557423767455115
width: 0.031451612903225803
height: 0.03334283271587347
Area: 0.00031807609924709734
CentroidX: 0.2774
CentroidY: 0.6691
