Location: internet_27.png_Mean-Medain.png
Component: component_1755079635343_199.png
centerX: 0.15558242644095122
centerY: 0.43256344453949247
width: 0.03667875856509472
height: 0.028229255774165955
Area: 0.00030042983072836306
CentroidX: 0.1737
CentroidY: 0.4435
