Location: internet_27.png_Otsu.png
Component: component_1755079634756_568.png
centerX: 0.05804111245465538
centerY: 0.21585400627316795
width: 0.03143893591293833
height: 0.028229255774165955
Area: 0.00016906361170674142
CentroidX: 0.0729
CentroidY: 0.2259
