Location: Dedata_20.png_Mean-Medain.png
Component: component_1755511365486_137.png
centerX: 0.2495967741935484
centerY: 0.3240239384440011
width: 0.037096774193548385
height: 0.037047591906526074
Area: 0.0005140008641373794
CentroidX: 0.2683
CentroidY: 0.3402
