Location: Dedata_20.png_Gaussian-Closing.png
Component: component_1755511366416_277.png
centerX: 0.6512096774193549
centerY: 0.6597321174123681
width: 0.03508064516129032
height: 0.03305785123966942
Area: 0.00038150746007961097
CentroidX: 0.6685
CentroidY: 0.6728
