Location: internet_27.png_Otsu.png
Component: component_1755079634772_1019.png
centerX: 0.32889963724304716
centerY: 0.34331337325349304
width: 0.035872632003224506
height: 0.0290846877673225
Area: 0.0002560664356781916
CentroidX: 0.3459
CentroidY: 0.3536
