Location: Dedata_20.png_Mean-Closing.png
Component: component_1755511366040_258.png
centerX: 0.932258064516129
centerY: 0.628099173553719
width: 0.037096774193548385
height: 0.03619264747791394
Area: 0.0003959863576609456
CentroidX: 0.9504
CentroidY: 0.6425
