Location: Dedata_20.png_Gaussian-Closing.png
Component: component_1755511366366_146.png
centerX: 0.5762096774193548
centerY: 0.34283271587346825
width: 0.039112903225806454
height: 0.04160729552579082
Area: 0.000552496345802039
CentroidX: 0.5945
CentroidY: 0.3611
