Location: internet_27.png_Otsu.png
Component: component_1755079634732_19.png
centerX: 0.23297057638049173
centerY: 0.01710863986313088
width: 0.031035872632003223
height: 0.033932135728542916
Area: 0.00024641222535639267
CentroidX: 0.2469
CentroidY: 0.0307
