Location: internet_27.png_Mean-Closing.png
Component: component_1755079635119_179.png
centerX: 0.7138250705360741
centerY: 0.40718562874251496
width: 0.03909713825070536
height: 0.028514399771884802
Area: 0.0002910054825570831
CentroidX: 0.7337
CentroidY: 0.4176
