Location: Dedata_20.png_Mean-Medain.png
Component: component_1755511365528_237.png
centerX: 0.1693548387096774
centerY: 0.5711028783129096
width: 0.02903225806451613
height: 0.031917925334853235
Area: 0.0003393347980768347
CentroidX: 0.1836
CentroidY: 0.5837
