Location: Dedata_20.png_Mean-Closing.png
Component: component_1755511366029_231.png
centerX: 0.21008064516129032
centerY: 0.5665431746936449
width: 0.03185483870967742
height: 0.030208036477628954
Area: 0.0003242813410676693
CentroidX: 0.2249
CentroidY: 0.5791
