Location: Dedata_20.png_Mean-Medain.png
Component: component_1755511365467_69.png
centerX: 0.31693548387096776
centerY: 0.13935594186377886
width: 0.03225806451612903
height: 0.02821316614420063
Area: 0.0003024480828101012
CentroidX: 0.3339
CentroidY: 0.1504
