Location: internet_27.png_Mean-Closing.png
Component: component_1755079635225_298.png
centerX: 0.8085449415558242
centerY: 0.701739378386085
width: 0.0354695687222894
height: 0.031936127744510975
Area: 0.0003561714022292261
CentroidX: 0.8264
CentroidY: 0.7159
