Location: Dedata_20.png_Gaussian-Median.png
Component: component_1755511365828_108.png
centerX: 0.26370967741935486
centerY: 0.23368481048731832
width: 0.039112903225806454
height: 0.03419777714448561
Area: 0.00040690298678972963
CentroidX: 0.2812
CentroidY: 0.2485
