Location: internet_27.png_Mean-Closing.png
Component: component_1755079634874_46.png
centerX: 0.6525594518339379
centerY: 0.10350727117194183
width: 0.037484885126964934
height: 0.028514399771884802
Area: 0.0002681341985804403
CentroidX: 0.6730
CentroidY: 0.1143
