Location: internet_27.png_Otsu.png
Component: component_1755079634786_1228.png
centerX: 0.47480854494155583
centerY: 0.46506986027944114
width: 0.03667875856509472
height: 0.028514399771884802
Area: 0.00026388174879583837
CentroidX: 0.4916
CentroidY: 0.4785
