Location: internet_27.png_Otsu.png
Component: component_1755079634738_83.png
centerX: 0.5993550987505039
centerY: 0.06387225548902195
width: 0.03466344216041919
height: 0.027944111776447105
Area: 0.00015826009063234732
CentroidX: 0.6166
CentroidY: 0.0735
