Location: internet_27.png_Mean-Medain.png
Component: component_1755079635308_60.png
centerX: 0.06328093510681176
centerY: 0.11177644710578842
width: 0.032648125755743655
height: 0.029940119760479042
Area: 0.00026641023245154767
CentroidX: 0.0808
CentroidY: 0.1237
