Location: Dedata_20.png_Gaussian-Median.png
Component: component_1755511365832_120.png
centerX: 0.5891129032258065
centerY: 0.25391849529780564
width: 0.03790322580645161
height: 0.033912795668281565
Area: 0.000481021152979895
CentroidX: 0.6092
CentroidY: 0.2692
