Location: internet_27.png_Mean-Closing.png
Component: component_1755079635220_286.png
centerX: 0.5066505441354293
centerY: 0.6655260906757913
width: 0.030229746070133012
height: 0.03051040775591674
Area: 0.00028813220567559534
CentroidX: 0.5209
CentroidY: 0.6782
