Location: internet_27.png_Gaussian-Closing.png
Component: component_1755079635496_248.png
centerX: 0.40386940749697703
centerY: 0.5671514114627887
width: 0.03426037887948408
height: 0.03165098374679213
Area: 0.00030479721158822447
CentroidX: 0.4199
CentroidY: 0.5826
