Location: internet_27.png_Otsu.png
Component: component_1755079634780_1148.png
centerX: 0.6690850463522773
centerY: 0.40946678072426573
width: 0.03385731559854897
height: 0.02765896777872826
Area: 0.0002571008153555272
CentroidX: 0.6869
CentroidY: 0.4207
