Location: internet_27.png_Gaussian-Closing.png
Component: component_1755079635477_189.png
centerX: 0.4199919387343813
centerY: 0.42201311662389507
width: 0.04070939137444579
height: 0.02737382378100941
Area: 0.00029215479330967824
CentroidX: 0.4410
CentroidY: 0.4317
