Location: internet_27.png_Mean-Closing.png
Component: component_1755079635185_239.png
centerX: 0.7388149939540508
centerY: 0.5566010835471913
width: 0.03184199919387344
height: 0.027944111776447105
Area: 0.00027525992524653003
CentroidX: 0.7555
CentroidY: 0.5689
