Location: internet_27.png_Otsu.png
Component: component_1755079634767_876.png
centerX: 0.4191858121725111
centerY: 0.2885657256914742
width: 0.03829101168883515
height: 0.035357855717137156
Area: 0.00030721076416867423
CentroidX: 0.4391
CentroidY: 0.3005
