Location: Dedata_20.png_Mean-Medain.png
Component: component_1755511365459_44.png
centerX: 0.5463709677419355
centerY: 0.0834995725277857
width: 0.03064516129032258
height: 0.034482758620689655
Area: 0.000337266384136644
CentroidX: 0.5625
CentroidY: 0.0975
