Location: Dedata_20.png_Gaussian-Median.png
Component: component_1755511365850_173.png
centerX: 0.3919354838709677
centerY: 0.41379310344827586
width: 0.031451612903225803
height: 0.030493017953833
Area: 0.00037714080842809734
CentroidX: 0.4080
CentroidY: 0.4269
