Location: Dedata_20.png_Gaussian-Closing.png
Component: component_1755511366371_159.png
centerX: 0.7560483870967742
centerY: 0.38444001139925904
width: 0.03225806451612903
height: 0.02821316614420063
Area: 0.00036335138216015957
CentroidX: 0.7721
CentroidY: 0.3957
