Location: internet_27.png_Otsu.png
Component: component_1755079634740_163.png
centerX: 0.7565497783151954
centerY: 0.1009409751924722
width: 0.03385731559854897
height: 0.028514399771884802
Area: 0.00017239661288926723
CentroidX: 0.7742
CentroidY: 0.1108
