Location: Dedata_20.png_Mean-Medain.png
Component: component_1755511365490_146.png
centerX: 0.0842741935483871
centerY: 0.33998290111142776
width: 0.04314516129032258
height: 0.03419777714448561
Area: 0.00047493082304488917
CentroidX: 0.1041
CentroidY: 0.3549
