Location: internet_27.png_Mean-Closing.png
Component: component_1755079634925_139.png
centerX: 0.9411527609834744
centerY: 0.30681494154548045
width: 0.03466344216041919
height: 0.02737382378100941
Area: 0.0003682391651314748
CentroidX: 0.9592
CentroidY: 0.3191
