Location: Dedata_20.png_Mean-Closing.png
Component: component_1755511366049_290.png
centerX: 0.29516129032258065
centerY: 0.6967797093188943
width: 0.03306451612903226
height: 0.030208036477628954
Area: 0.00027774202741337944
CentroidX: 0.3112
CentroidY: 0.7088
