Location: internet_27.png_Otsu.png
Component: component_1755079634804_1695.png
centerX: 0.8432083837162434
centerY: 0.6518391787852865
width: 0.03829101168883515
height: 0.0290846877673225
Area: 0.00020848497052075384
CentroidX: 0.8594
CentroidY: 0.6656
