Location: Dedata_20.png_Mean-Closing.png
Component: component_1755511366007_161.png
centerX: 0.5443548387096774
centerY: 0.40210886292390996
width: 0.032661290322580645
height: 0.03362781419207751
Area: 0.00039713547651660706
CentroidX: 0.5608
CentroidY: 0.4156
