Location: Dedata_20.png_Gaussian-Closing.png
Component: component_1755511366312_4.png
centerX: 0.9209677419354839
centerY: 0.004274722143060701
width: 0.03669354838709677
height: 0.034482758620689655
Area: 0.00038529955230329384
CentroidX: 0.9393
CentroidY: 0.0180
