Location: internet_27.png_Gaussian-Closing.png
Component: component_1755079635506_282.png
centerX: 0.8432083837162434
centerY: 0.6518391787852865
width: 0.03869407496977025
height: 0.029369831765041345
Area: 0.0003169799055657327
CentroidX: 0.8616
CentroidY: 0.6662
