Location: Dedata_20.png_Mean-Closing.png
Component: component_1755511366015_186.png
centerX: 0.8439516129032258
centerY: 0.46366486178398403
width: 0.029838709677419355
height: 0.03305785123966942
Area: 0.00033186552551503506
CentroidX: 0.8590
CentroidY: 0.4769
