Location: internet_27.png_Mean-Closing.png
Component: component_1755079634885_97.png
centerX: 0.16283756549778317
centerY: 0.21357285429141717
width: 0.03184199919387344
height: 0.02765896777872826
Area: 0.00026319216234428134
CentroidX: 0.1791
CentroidY: 0.2252
