Location: Dedata_20.png_Gaussian-Median.png
Component: component_1755511365817_79.png
centerX: 0.020967741935483872
centerY: 0.16215445996010258
width: 0.03951612903225806
height: 0.027643203191792535
Area: 0.00031669715662030354
CentroidX: 0.0420
CentroidY: 0.1742
