Location: Dedata_20.png_Mean-Closing.png
Component: component_1755511366068_339.png
centerX: 0.5028225806451613
centerY: 0.8184667996580223
width: 0.038306451612903226
height: 0.03277286976346538
Area: 0.00038012851745281717
CentroidX: 0.5213
CentroidY: 0.8313
