Location: Dedata_20.png_Gaussian-Closing.png
Component: component_1755511366338_62.png
centerX: 0.5443548387096774
centerY: 0.12795668281561698
width: 0.032661290322580645
height: 0.02536335138216016
Area: 0.00017409150663271402
CentroidX: 0.5581
CentroidY: 0.1406
