Location: Dedata_20.png_Mean-Closing.png
Component: component_1755511366037_251.png
centerX: 0.7040322580645161
centerY: 0.6107153035052721
width: 0.031048387096774193
height: 0.03362781419207751
Area: 0.00030589543937708564
CentroidX: 0.7196
CentroidY: 0.6235
