Location: internet_27.png_Otsu.png
Component: component_1755079634738_89.png
centerX: 0.48327287384119305
centerY: 0.06444254348445966
width: 0.037081821846029824
height: 0.029369831765041345
Area: 0.00016929347385726044
CentroidX: 0.5010
CentroidY: 0.0746
