Location: easy26_Mean-Closing.png
Component: component_1744297382091_576.png
centerX: 0.06935483870967742
centerY: 0.3922413793103448
width: 0.021774193548387097
height: 0.01532567049808429
Area: 0.0001135520949202818
CentroidX: 0.0780
CentroidY: 0.3991
