Location: easy26_Mean-Closing.png
Component: component_1744297382134_810.png
centerX: 0.2709677419354839
centerY: 0.6585249042145593
width: 0.020967741935483872
height: 0.01532567049808429
Area: 0.0001181868743047831
CentroidX: 0.2793
CentroidY: 0.6655
