Location: 20250501_171042.jpg_Mean-Medain.png
Component: component_1746113322380_45.png
centerX: 0.4479809976247031
centerY: 0.5341506129597198
width: 0.04655581947743468
height: 0.10507880910683012
Area: 0.0015541347221817788
CentroidX: 0.4703
CentroidY: 0.5818
