Location: easy64_Gaussian-Closing.png
Component: component_1744297381269_451.png
centerX: 0.8446191051995163
centerY: 0.32364258230012827
width: 0.021160822249093107
height: 0.00983326207781103
Area: 8.168105821429698e-05
CentroidX: 0.8527
CentroidY: 0.3287
