Location: easy21_Mean-Medain.png
Component: component_1744297380932_804.png
centerX: 0.20241935483870968
centerY: 0.6312260536398467
width: 0.020967741935483872
height: 0.014846743295019157
Area: 0.00011973180076628352
CentroidX: 0.2106
CentroidY: 0.6375
