Location: easy16_Gaussian-Median.png
Component: component_1744297381783_502.png
centerX: 0.510483870967742
centerY: 0.33620689655172414
width: 0.020967741935483872
height: 0.014846743295019157
Area: 0.00011973180076628352
CentroidX: 0.5184
CentroidY: 0.3429
