Location: easy64_Gaussian-Closing.png
Component: component_1744297381328_658.png
centerX: 0.8137847642079806
centerY: 0.43351859769132106
width: 0.012091898428053204
height: 0.010260795211628902
Area: 5.505716898621917e-05
CentroidX: 0.8186
CentroidY: 0.4383
