Location: 20250501_171042.jpg_Gaussian-Closing.png
Component: component_1746113322395_19.png
centerX: 0.010451306413301662
centerY: 0.2469352014010508
width: 0.04513064133016627
height: 0.0893169877408056
Area: 0.001192224334521675
CentroidX: 0.0339
CentroidY: 0.2862
