Location: easy26_Mean-Closing.png
Component: component_1744297382023_386.png
centerX: 0.33225806451612905
centerY: 0.27873563218390807
width: 0.020161290322580645
height: 0.014846743295019157
Area: 0.00012436658015078483
CentroidX: 0.3403
CentroidY: 0.2853
