Location: easy26_Mean-Closing.png
Component: component_1744297382068_483.png
centerX: 0.5330645161290323
centerY: 0.34626436781609193
width: 0.020967741935483872
height: 0.014846743295019157
Area: 0.00011780064268940799
CentroidX: 0.5416
CentroidY: 0.3528
