Location: easy21_Mean-Medain.png
Component: component_1744297381149_1195.png
centerX: 0.4338709677419355
centerY: 0.8826628352490421
width: 0.02258064516129032
height: 0.015804597701149427
Area: 0.00014290569768879002
CentroidX: 0.4428
CentroidY: 0.8895
