Location: 20250501_171042.jpg_Gaussian-Closing.png
Component: component_1746113322400_43.png
centerX: 0.5724465558194775
centerY: 0.5464098073555166
width: 0.0498812351543943
height: 0.11208406304728546
Area: 0.001396058920675067
CentroidX: 0.5964
CentroidY: 0.6024
