Location: easy64_Gaussian-Closing.png
Component: component_1744297381504_1156.png
centerX: 0.7599758162031439
centerY: 0.7246686618212912
width: 0.012696493349455865
height: 0.00983326207781103
Area: 5.660807515484506e-05
CentroidX: 0.7648
CentroidY: 0.7291
