Location: 20250501_171042.jpg_Gaussian-Closing.png
Component: component_1746113322399_39.png
centerX: 0.3087885985748218
centerY: 0.5201401050788091
width: 0.057482185273159146
height: 0.09457092819614711
Area: 0.0017346739270604973
CentroidX: 0.3402
CentroidY: 0.5619
