Location: 20250501_171042.jpg_Gaussian-Median.png
Component: component_1746113322354_16.png
centerX: 0.7957244655581948
centerY: 0.08056042031523643
width: 0.056532066508313536
height: 0.13660245183887915
Area: 0.0019834353199579017
CentroidX: 0.8231
CentroidY: 0.1380
