Location: 20250501_171042.jpg_Mean-Medain.png
Component: component_1746113322383_61.png
centerX: 0.37292161520190026
centerY: 0.7390542907180385
width: 0.04180522565320665
height: 0.1138353765323993
Area: 0.0014626171528884192
CentroidX: 0.3912
CentroidY: 0.7906
