Location: easy43_Mean-Closing.png
Component: component_1744297380622_588.png
centerX: 0.786577992744861
centerY: 0.41043180846515603
width: 0.014510278113663845
height: 0.00983326207781103
Area: 6.281169982934862e-05
CentroidX: 0.7929
CentroidY: 0.4146
