Location: easy21_Mean-Medain.png
Component: component_1744297380962_921.png
centerX: 0.5338709677419354
centerY: 0.6997126436781609
width: 0.02258064516129032
height: 0.01532567049808429
Area: 0.00012475281176615993
CentroidX: 0.5426
CentroidY: 0.7067
