Location: 20250501_171042.jpg_Gaussian-Median.png
Component: component_1746113322365_67.png
centerX: 0.7919239904988123
centerY: 0.8213660245183888
width: 0.060807600950118765
height: 0.11558669001751314
Area: 0.0015216875839777697
CentroidX: 0.8212
CentroidY: 0.8748
