Location: easy16_Gaussian-Median.png
Component: component_1744297381920_1245.png
centerX: 0.9185483870967742
centerY: 0.8668582375478927
width: 0.021774193548387097
height: 0.01532567049808429
Area: 0.00013170498084291187
CentroidX: 0.9272
CentroidY: 0.8738
