Location: 20250501_171042.jpg_Mean-Medain.png
Component: component_1746113322380_49.png
centerX: 0.3885985748218527
centerY: 0.5604203152364273
width: 0.04703087885985748
height: 0.09632224168126094
Area: 0.0014493055064457487
CentroidX: 0.4098
CentroidY: 0.6083
