Location: easy21_Mean-Medain.png
Component: component_1744297381145_1182.png
centerX: 0.1064516129032258
centerY: 0.8793103448275862
width: 0.020967741935483872
height: 0.015804597701149427
Area: 0.00012089049561240885
CentroidX: 0.1148
CentroidY: 0.8864
