Location: easy26_Mean-Closing.png
Component: component_1744297382014_345.png
centerX: 0.8104838709677419
centerY: 0.25622605363984674
width: 0.021774193548387097
height: 0.01532567049808429
Area: 0.0001471542454579162
CentroidX: 0.8193
CentroidY: 0.2629
