Location: easy64_Gaussian-Closing.png
Component: component_1744297381271_469.png
centerX: 0.34885126964933494
centerY: 0.3437366395895682
width: 0.013301088270858524
height: 0.010260795211628902
Area: 6.203624674503567e-05
CentroidX: 0.3548
CentroidY: 0.3484
