Location: easy26_Mean-Closing.png
Component: component_1744297382002_280.png
centerX: 0.2653225806451613
centerY: 0.21120689655172414
width: 0.020967741935483872
height: 0.014846743295019157
Area: 0.0001181868743047831
CentroidX: 0.2734
CentroidY: 0.2179
