Location: 20250501_171042.jpg_Gaussian-Median.png
Component: component_1746113322358_40.png
centerX: 0.24370546318289787
centerY: 0.4973730297723292
width: 0.0508313539192399
height: 0.11558669001751314
Area: 0.001552470766376445
CentroidX: 0.2641
CentroidY: 0.5567
