Location: easy64_Gaussian-Closing.png
Component: component_1744297381283_521.png
centerX: 0.6390568319226119
centerY: 0.36639589568191533
width: 0.014510278113663845
height: 0.010260795211628902
Area: 6.823987141953925e-05
CentroidX: 0.6451
CentroidY: 0.3710
