Location: easy43_Mean-Closing.png
Component: component_1744297380701_1257.png
centerX: 0.40991535671100365
centerY: 0.7191107310816588
width: 0.014510278113663845
height: 0.010260795211628902
Area: 6.74644183352263e-05
CentroidX: 0.4161
CentroidY: 0.7238
