Location: easy21_Mean-Medain.png
Component: component_1744297381013_987.png
centerX: 0.44516129032258067
centerY: 0.7452107279693486
width: 0.02258064516129032
height: 0.01532567049808429
Area: 0.00012089049561240885
CentroidX: 0.4543
CentroidY: 0.7520
