Location: easy43_Mean-Closing.png
Component: component_1744297380720_1425.png
centerX: 0.33373639661426846
centerY: 0.8084651560495938
width: 0.013301088270858524
height: 0.010688328345446772
Area: 6.953229322672748e-05
CentroidX: 0.3393
CentroidY: 0.8134
