Location: 20250501_171042.jpg_Gaussian-Closing.png
Component: component_1746113322400_45.png
centerX: 0.3885985748218527
centerY: 0.5604203152364273
width: 0.04655581947743468
height: 0.09632224168126094
Area: 0.0013885711195510647
CentroidX: 0.4098
CentroidY: 0.6085
