Location: easy21_Mean-Medain.png
Component: component_1744297380778_130.png
centerX: 0.3629032258064516
centerY: 0.10727969348659004
width: 0.020967741935483872
height: 0.01532567049808429
Area: 0.00012822889630453591
CentroidX: 0.3712
CentroidY: 0.1141
