Location: 20250501_171042.jpg_Gaussian-Median.png
Component: component_1746113322354_14.png
centerX: 0.6598574821852732
centerY: 0.07530647985989491
width: 0.05558194774346793
height: 0.1295971978984238
Area: 0.001980107408347234
CentroidX: 0.6845
CentroidY: 0.1295
