Location: 20250501_171042.jpg_Gaussian-Median.png
Component: component_1746113322356_28.png
centerX: 0.42565320665083134
centerY: 0.30122591943957966
width: 0.04655581947743468
height: 0.09281961471103327
Area: 0.0014934003352870947
CentroidX: 0.4481
CentroidY: 0.3425
