Location: easy64_Gaussian-Closing.png
Component: component_1744297381445_1003.png
centerX: 0.3808948004836759
centerY: 0.6566908935442497
width: 0.012696493349455865
height: 0.00983326207781103
Area: 5.660807515484506e-05
CentroidX: 0.3865
CentroidY: 0.6611
