Location: 20250501_171042.jpg_Mean-Medain.png
Component: component_1746113322375_17.png
centerX: 0.7966745843230404
centerY: 0.08056042031523643
width: 0.05510688836104513
height: 0.13660245183887915
Area: 0.0018353432532831927
CentroidX: 0.8234
CentroidY: 0.1388
