Location: easy26_Mean-Closing.png
Component: component_1744297382037_447.png
centerX: 0.13870967741935483
centerY: 0.32375478927203066
width: 0.020161290322580645
height: 0.014846743295019157
Area: 0.00011007601038190582
CentroidX: 0.1464
CentroidY: 0.3302
