Location: easy21_Mean-Medain.png
Component: component_1744297380773_103.png
centerX: 0.8370967741935483
centerY: 0.0842911877394636
width: 0.020967741935483872
height: 0.01532567049808429
Area: 0.0001278426646891608
CentroidX: 0.8452
CentroidY: 0.0908
