Location: 20250501_171042.jpg_Mean-Medain.png
Component: component_1746113322375_21.png
centerX: 0.9463182897862232
centerY: 0.13485113835376533
width: 0.0494061757719715
height: 0.09982486865148861
Area: 0.001447641550640415
CentroidX: 0.9665
CentroidY: 0.1869
