Location: easy16_Gaussian-Median.png
Component: component_1744297381849_850.png
centerX: 0.7370967741935484
centerY: 0.6197318007662835
width: 0.021774193548387097
height: 0.014846743295019157
Area: 0.00012977382276603634
CentroidX: 0.7454
CentroidY: 0.6262
