Location: easy21_Mean-Medain.png
Component: component_1744297380787_164.png
centerX: 0.36612903225806454
centerY: 0.13026819923371646
width: 0.021774193548387097
height: 0.015804597701149427
Area: 0.00012282165368928438
CentroidX: 0.3748
CentroidY: 0.1375
