Location: 20250501_171042.jpg_Gaussian-Closing.png
Component: component_1746113322392_4.png
centerX: 0.07790973871733967
centerY: 0.03852889667250438
width: 0.04323040380047506
height: 0.09632224168126094
Area: 0.0013844112300377303
CentroidX: 0.0983
CentroidY: 0.0807
