Location: easy21_Mean-Medain.png
Component: component_1744297380972_950.png
centerX: 0.36935483870967745
centerY: 0.7222222222222222
width: 0.02258064516129032
height: 0.01532567049808429
Area: 0.0001232078853046595
CentroidX: 0.3782
CentroidY: 0.7290
