Location: 20250501_171042.jpg_Gaussian-Closing.png
Component: component_1746113322401_52.png
centerX: 0.09738717339667459
centerY: 0.7197898423817863
width: 0.05320665083135392
height: 0.10683012259194395
Area: 0.001596565595217791
CentroidX: 0.1219
CentroidY: 0.7714
