Location: easy26_Mean-Closing.png
Component: component_1744297381997_249.png
centerX: 0.11935483870967742
centerY: 0.18917624521072796
width: 0.020967741935483872
height: 0.014846743295019157
Area: 0.00012204919045853417
CentroidX: 0.1273
CentroidY: 0.1959
