Location: easy26_Mean-Closing.png
Component: component_1744297382010_315.png
centerX: 0.3895161290322581
centerY: 0.23371647509578544
width: 0.020161290322580645
height: 0.014846743295019157
Area: 0.00011471078976640712
CentroidX: 0.3973
CentroidY: 0.2404
