Location: easy21_Mean-Medain.png
Component: component_1744297380894_642.png
centerX: 0.43629032258064515
centerY: 0.5186781609195402
width: 0.02258064516129032
height: 0.014846743295019157
Area: 0.00012398034853540972
CentroidX: 0.4456
CentroidY: 0.5252
