Location: easy21_Mean-Medain.png
Component: component_1744297381126_1112.png
centerX: 0.9669354838709677
centerY: 0.8170498084291188
width: 0.020967741935483872
height: 0.015804597701149427
Area: 0.00014058830799653935
CentroidX: 0.9752
CentroidY: 0.8240
