Location: easy43_Mean-Closing.png
Component: component_1744297380658_882.png
centerX: 0.3301088270858525
centerY: 0.5446772124839675
width: 0.013905683192261185
height: 0.010260795211628902
Area: 6.203624674503567e-05
CentroidX: 0.3357
CentroidY: 0.5492
