Location: easy64_Gaussian-Closing.png
Component: component_1744297381441_985.png
centerX: 0.7944377267230955
centerY: 0.6400171013253527
width: 0.014510278113663845
height: 0.00983326207781103
Area: 6.74644183352263e-05
CentroidX: 0.8009
CentroidY: 0.6443
