Location: easy16_Gaussian-Median.png
Component: component_1744297381847_846.png
centerX: 0.6459677419354839
centerY: 0.6202107279693486
width: 0.021774193548387097
height: 0.014846743295019157
Area: 0.00012398034853540972
CentroidX: 0.6543
CentroidY: 0.6267
