Location: 20250501_171042.jpg_Gaussian-Median.png
Component: component_1746113322355_23.png
centerX: 0.0826603325415677
centerY: 0.2539404553415061
width: 0.0498812351543943
height: 0.09982486865148861
Area: 0.0015433190094471091
CentroidX: 0.1088
CentroidY: 0.3056
