Location: easy16_Gaussian-Median.png
Component: component_1744297381784_507.png
centerX: 0.3241935483870968
centerY: 0.3371647509578544
width: 0.020967741935483872
height: 0.014846743295019157
Area: 0.00011432455815103201
CentroidX: 0.3322
CentroidY: 0.3438
