Location: easy21_Mean-Medain.png
Component: component_1744297380837_354.png
centerX: 0.9532258064516129
centerY: 0.3342911877394636
width: 0.021774193548387097
height: 0.01532567049808429
Area: 0.00013170498084291187
CentroidX: 0.9615
CentroidY: 0.3411
