Location: easy16_Gaussian-Median.png
Component: component_1744297381889_1086.png
centerX: 0.4137096774193548
centerY: 0.7557471264367817
width: 0.021774193548387097
height: 0.014846743295019157
Area: 0.00012166295884315906
CentroidX: 0.4225
CentroidY: 0.7621
