Location: easy26_Mean-Closing.png
Component: component_1744297382136_819.png
centerX: 0.5798387096774194
centerY: 0.6580459770114943
width: 0.020967741935483872
height: 0.014846743295019157
Area: 0.0001232078853046595
CentroidX: 0.5881
CentroidY: 0.6646
