Location: easy26_Mean-Closing.png
Component: component_1744297382128_784.png
centerX: 0.8991935483870968
centerY: 0.6350574712643678
width: 0.021774193548387097
height: 0.01532567049808429
Area: 0.00014020207638116425
CentroidX: 0.9080
CentroidY: 0.6417
