Location: easy64_Gaussian-Closing.png
Component: component_1744297381511_1158.png
centerX: 0.7986698911729141
centerY: 0.7242411286874733
width: 0.013905683192261185
height: 0.010260795211628902
Area: 6.177776238359803e-05
CentroidX: 0.8048
CentroidY: 0.7287
