Location: 20250501_171042.jpg_Gaussian-Closing.png
Component: component_1746113322399_38.png
centerX: 0.1681710213776722
centerY: 0.5096322241681261
width: 0.05510688836104513
height: 0.12084063047285463
Area: 0.0018736142368058705
CentroidX: 0.1935
CentroidY: 0.5620
