Location: easy64_Gaussian-Closing.png
Component: component_1744297381489_1149.png
centerX: 0.6311970979443773
centerY: 0.7238135955536554
width: 0.013905683192261185
height: 0.00983326207781103
Area: 6.203624674503567e-05
CentroidX: 0.6372
CentroidY: 0.7281
