Location: easy26_Mean-Closing.png
Component: component_1744297382041_467.png
centerX: 0.7322580645161291
centerY: 0.32375478927203066
width: 0.021774193548387097
height: 0.014846743295019157
Area: 0.0001232078853046595
CentroidX: 0.7403
CentroidY: 0.3306
