Location: 20250501_171042.jpg_Gaussian-Median.png
Component: component_1746113322352_5.png
centerX: 0.07743467933491686
centerY: 0.03852889667250438
width: 0.043705463182897863
height: 0.09632224168126094
Area: 0.001387739141648398
CentroidX: 0.0983
CentroidY: 0.0806
