Location: easy26_Mean-Closing.png
Component: component_1744297382129_786.png
centerX: 0.07661290322580645
centerY: 0.6364942528735632
width: 0.020967741935483872
height: 0.014846743295019157
Area: 0.00011780064268940799
CentroidX: 0.0854
CentroidY: 0.6429
