Location: 20250501_171042.jpg_Mean-Medain.png
Component: component_1746113322375_19.png
centerX: 0.8589073634204275
centerY: 0.10332749562171628
width: 0.07410926365795724
height: 0.12084063047285463
Area: 0.0021623105690312867
CentroidX: 0.8914
CentroidY: 0.1562
