Location: easy16_Gaussian-Median.png
Component: component_1744297381658_88.png
centerX: 0.5830645161290322
centerY: 0.06704980842911877
width: 0.020967741935483872
height: 0.01532567049808429
Area: 0.00011509702138178222
CentroidX: 0.5913
CentroidY: 0.0739
