Location: easy21_Mean-Medain.png
Component: component_1744297381133_1135.png
centerX: 0.6645161290322581
centerY: 0.8386015325670498
width: 0.02258064516129032
height: 0.01532567049808429
Area: 0.00013942961315041404
CentroidX: 0.6733
CentroidY: 0.8451
