Location: 20250501_171042.jpg_Gaussian-Median.png
Component: component_1746113322357_35.png
centerX: 0.8845605700712589
centerY: 0.3467600700525394
width: 0.05130641330166271
height: 0.09807355516637478
Area: 0.0014002188101884013
CentroidX: 0.9062
CentroidY: 0.3986
