Location: easy21_Mean-Medain.png
Component: component_1744297380899_664.png
centerX: 0.8725806451612903
centerY: 0.5397509578544061
width: 0.02258064516129032
height: 0.01532567049808429
Area: 0.00012938759115066123
CentroidX: 0.8813
CentroidY: 0.5463
