Location: easy26_Mean-Closing.png
Component: component_1744297382172_997.png
centerX: 0.21935483870967742
centerY: 0.7710727969348659
width: 0.020967741935483872
height: 0.01532567049808429
Area: 0.0001185731059201582
CentroidX: 0.2274
CentroidY: 0.7778
