Location: 20250501_171042.jpg_Gaussian-Median.png
Component: component_1746113322354_17.png
centerX: 0.7268408551068883
centerY: 0.0893169877408056
width: 0.05843230403800475
height: 0.09632224168126094
Area: 0.0016964029435378196
CentroidX: 0.7575
CentroidY: 0.1282
