Location: easy26_Mean-Closing.png
Component: component_1744297381965_77.png
centerX: 0.925
centerY: 0.07471264367816093
width: 0.02338709677419355
height: 0.01532567049808429
Area: 0.00014522308738104065
CentroidX: 0.9342
CentroidY: 0.0816
