Location: 20250501_171042.jpg_Gaussian-Closing.png
Component: component_1746113322396_23.png
centerX: 0.2954869358669834
centerY: 0.287215411558669
width: 0.05178147268408551
height: 0.09281961471103327
Area: 0.0015624545012084478
CentroidX: 0.3221
CentroidY: 0.3278
