Location: easy21_Mean-Medain.png
Component: component_1744297380897_660.png
centerX: 0.6580645161290323
centerY: 0.5397509578544061
width: 0.02338709677419355
height: 0.015804597701149427
Area: 0.00014020207638116425
CentroidX: 0.6673
CentroidY: 0.5468
