Location: 20250501_171042.jpg_Mean-Medain.png
Component: component_1746113322376_23.png
centerX: 0.0826603325415677
centerY: 0.2539404553415061
width: 0.0498812351543943
height: 0.09982486865148861
Area: 0.001729682059644496
CentroidX: 0.1086
CentroidY: 0.3061
