Location: easy16_Gaussian-Median.png
Component: component_1744297381758_387.png
centerX: 0.7
centerY: 0.2672413793103448
width: 0.02258064516129032
height: 0.014846743295019157
Area: 0.00012475281176615993
CentroidX: 0.7088
CentroidY: 0.2737
