Location: easy16_Gaussian-Median.png
Component: component_1744297381881_1028.png
centerX: 0.7032258064516129
centerY: 0.7318007662835249
width: 0.02258064516129032
height: 0.014846743295019157
Area: 0.00012629773822766036
CentroidX: 0.7121
CentroidY: 0.7382
