Location: easy21_Mean-Medain.png
Component: component_1744297380862_475.png
centerX: 0.20161290322580644
centerY: 0.40660919540229884
width: 0.021774193548387097
height: 0.014846743295019157
Area: 0.00011548325299715734
CentroidX: 0.2102
CentroidY: 0.4131
