Location: easy21_Mean-Medain.png
Component: component_1744297381054_1033.png
centerX: 0.7258064516129032
centerY: 0.7696360153256705
width: 0.02258064516129032
height: 0.01532567049808429
Area: 0.00013363613891978742
CentroidX: 0.7344
CentroidY: 0.7763
