Location: easy26_Mean-Closing.png
Component: component_1744297382214_1210.png
centerX: 0.3911290322580645
centerY: 0.9066091954022989
width: 0.020967741935483872
height: 0.01532567049808429
Area: 0.00012938759115066123
CentroidX: 0.3992
CentroidY: 0.9133
