Location: easy21_Mean-Medain.png
Component: component_1744297380888_607.png
centerX: 0.18064516129032257
centerY: 0.4966475095785441
width: 0.020967741935483872
height: 0.01532567049808429
Area: 0.00011586948461253245
CentroidX: 0.1888
CentroidY: 0.5033
