Location: easy16_Gaussian-Median.png
Component: component_1744297381677_188.png
centerX: 0.6201612903225806
centerY: 0.13409961685823754
width: 0.020967741935483872
height: 0.014846743295019157
Area: 0.00012513904338153504
CentroidX: 0.6284
CentroidY: 0.1406
