Location: 20250501_171042.jpg_Gaussian-Closing.png
Component: component_1746113322403_60.png
centerX: 0.5078384798099762
centerY: 0.7635726795096323
width: 0.04703087885985748
height: 0.11033274956217162
Area: 0.0015333352746151063
CentroidX: 0.5275
CentroidY: 0.8134
