Location: easy26_Mean-Closing.png
Component: component_1744297382201_1138.png
centerX: 0.32016129032258067
centerY: 0.8611111111111112
width: 0.020161290322580645
height: 0.01532567049808429
Area: 0.00012513904338153504
CentroidX: 0.3283
CentroidY: 0.8678
