Location: easy21_Mean-Medain.png
Component: component_1744297380807_222.png
centerX: 0.2725806451612903
centerY: 0.17672413793103448
width: 0.021774193548387097
height: 0.01532567049808429
Area: 0.00012707020145841057
CentroidX: 0.2812
CentroidY: 0.1836
