Location: easy21_Mean-Medain.png
Component: component_1744297380769_82.png
centerX: 0.275
centerY: 0.08381226053639847
width: 0.020967741935483872
height: 0.01532567049808429
Area: 0.00012822889630453591
CentroidX: 0.2832
CentroidY: 0.0905
