Location: easy16_Gaussian-Median.png
Component: component_1744297381668_140.png
centerX: 0.9274193548387096
centerY: 0.10584291187739464
width: 0.02338709677419355
height: 0.01532567049808429
Area: 0.00013440860215053763
CentroidX: 0.9367
CentroidY: 0.1127
