Location: easy16_Gaussian-Median.png
Component: component_1744297381816_666.png
centerX: 0.4959677419354839
centerY: 0.4468390804597701
width: 0.020967741935483872
height: 0.01532567049808429
Area: 0.00012089049561240885
CentroidX: 0.5040
CentroidY: 0.4538
