Location: easy64_Gaussian-Closing.png
Component: component_1744297381424_931.png
centerX: 0.6970979443772672
centerY: 0.6173578452330055
width: 0.013905683192261185
height: 0.00983326207781103
Area: 6.255321546791098e-05
CentroidX: 0.7028
CentroidY: 0.6218
