Location: easy16_Gaussian-Median.png
Component: component_1744297381748_335.png
centerX: 0.13225806451612904
centerY: 0.2260536398467433
width: 0.020967741935483872
height: 0.014846743295019157
Area: 0.00010853108392040538
CentroidX: 0.1405
CentroidY: 0.2325
