Location: easy16_Gaussian-Median.png
Component: component_1744297381884_1048.png
centerX: 0.12016129032258065
centerY: 0.7337164750957854
width: 0.020967741935483872
height: 0.014846743295019157
Area: 0.00011664194784328266
CentroidX: 0.1284
CentroidY: 0.7402
