Location: easy21_Mean-Medain.png
Component: component_1744297380865_485.png
centerX: 0.7838709677419354
centerY: 0.4257662835249042
width: 0.02258064516129032
height: 0.01532567049808429
Area: 0.00013363613891978742
CentroidX: 0.7927
CentroidY: 0.4326
