Location: 20250501_171042.jpg_Mean-Medain.png
Component: component_1746113322376_27.png
centerX: 0.36152019002375296
centerY: 0.29772329246935203
width: 0.04655581947743468
height: 0.08581436077057793
Area: 0.0016040533963417932
CentroidX: 0.3862
CentroidY: 0.3342
