Location: easy16_Gaussian-Median.png
Component: component_1744297381681_209.png
centerX: 0.9282258064516129
centerY: 0.15086206896551724
width: 0.02338709677419355
height: 0.015804597701149427
Area: 0.00013556729699666295
CentroidX: 0.9378
CentroidY: 0.1579
