Location: easy26_Mean-Closing.png
Component: component_1744297382114_695.png
centerX: 0.49274193548387096
centerY: 0.4803639846743295
width: 0.020967741935483872
height: 0.014846743295019157
Area: 0.00012938759115066123
CentroidX: 0.5013
CentroidY: 0.4869
