Location: easy16_Gaussian-Median.png
Component: component_1744297381772_446.png
centerX: 0.9306451612903226
centerY: 0.3089080459770115
width: 0.02258064516129032
height: 0.01532567049808429
Area: 0.00013054628599678655
CentroidX: 0.9395
CentroidY: 0.3158
