Location: easy16_Gaussian-Median.png
Component: component_1744297381660_97.png
centerX: 0.11048387096774194
centerY: 0.06944444444444445
width: 0.020967741935483872
height: 0.01532567049808429
Area: 0.00011007601038190582
CentroidX: 0.1188
CentroidY: 0.0766
