Location: easy16_Gaussian-Median.png
Component: component_1744297381885_1063.png
centerX: 0.9387096774193548
centerY: 0.7543103448275862
width: 0.02258064516129032
height: 0.01532567049808429
Area: 0.00013054628599678655
CentroidX: 0.9480
CentroidY: 0.7612
