Location: easy16_Gaussian-Median.png
Component: component_1744297381678_194.png
centerX: 0.4120967741935484
centerY: 0.13553639846743296
width: 0.020967741935483872
height: 0.014846743295019157
Area: 0.00011625571622790755
CentroidX: 0.4206
CentroidY: 0.1422
