Location: 20250501_171042.jpg_Mean-Medain.png
Component: component_1746113322378_34.png
centerX: 0.8275534441805226
centerY: 0.3274956217162872
width: 0.04608076009501188
height: 0.1243432574430823
Area: 0.0017762728221938425
CentroidX: 0.8484
CentroidY: 0.3832
