Location: easy21_Mean-Medain.png
Component: component_1744297380754_33.png
centerX: 0.8766129032258064
centerY: 0.040229885057471264
width: 0.02258064516129032
height: 0.014846743295019157
Area: 0.00013363613891978742
CentroidX: 0.8852
CentroidY: 0.0467
