Location: easy16_Gaussian-Median.png
Component: component_1744297381750_350.png
centerX: 0.7411290322580645
centerY: 0.2442528735632184
width: 0.021774193548387097
height: 0.01532567049808429
Area: 0.00012668396984303546
CentroidX: 0.7497
CentroidY: 0.2510
