Location: easy21_Mean-Medain.png
Component: component_1744297381137_1154.png
centerX: 0.2508064516129032
centerY: 0.8582375478927203
width: 0.021774193548387097
height: 0.01532567049808429
Area: 0.00012552527499691015
CentroidX: 0.2593
CentroidY: 0.8649
