Location: easy16_Gaussian-Median.png
Component: component_1744297381858_901.png
centerX: 0.24758064516129033
centerY: 0.6441570881226054
width: 0.020967741935483872
height: 0.01532567049808429
Area: 0.00012011803238165864
CentroidX: 0.2557
CentroidY: 0.6508
