Location: easy26_Mean-Closing.png
Component: component_1744297382110_676.png
centerX: 0.6556451612903226
centerY: 0.4794061302681992
width: 0.021774193548387097
height: 0.014846743295019157
Area: 0.00012513904338153504
CentroidX: 0.6644
CentroidY: 0.4859
