Location: easy16_Gaussian-Median.png
Component: component_1744297381844_824.png
centerX: 0.47338709677419355
centerY: 0.5986590038314177
width: 0.021774193548387097
height: 0.014846743295019157
Area: 0.00012552527499691015
CentroidX: 0.4821
CentroidY: 0.6051
