Location: easy64_Gaussian-Closing.png
Component: component_1744297381193_91.png
centerX: 0.779322853688029
centerY: 0.1526293287729799
width: 0.014510278113663845
height: 0.00983326207781103
Area: 6.487957472084981e-05
CentroidX: 0.7856
CentroidY: 0.1569
