Location: easy16_Gaussian-Median.png
Component: component_1744297381776_466.png
centerX: 0.4443548387096774
centerY: 0.31417624521072796
width: 0.020967741935483872
height: 0.014846743295019157
Area: 0.00012050426399703374
CentroidX: 0.4522
CentroidY: 0.3207
