Location: easy16_Gaussian-Median.png
Component: component_1744297381833_783.png
centerX: 0.6483870967741936
centerY: 0.5756704980842912
width: 0.021774193548387097
height: 0.014846743295019157
Area: 0.00012243542207390927
CentroidX: 0.6573
CentroidY: 0.5822
