Location: easy16_Gaussian-Median.png
Component: component_1744297381676_185.png
centerX: 0.5403225806451613
centerY: 0.13409961685823754
width: 0.020967741935483872
height: 0.01532567049808429
Area: 0.00011509702138178222
CentroidX: 0.5483
CentroidY: 0.1411
