Location: easy43_Mean-Closing.png
Component: component_1744297380670_1000.png
centerX: 0.6227327690447401
centerY: 0.6100897819581017
width: 0.014510278113663845
height: 0.010260795211628902
Area: 6.229473110647333e-05
CentroidX: 0.6292
CentroidY: 0.6148
