Location: easy16_Gaussian-Median.png
Component: component_1744297381843_818.png
centerX: 0.27661290322580645
centerY: 0.5991379310344828
width: 0.020967741935483872
height: 0.014846743295019157
Area: 0.00011741441107403287
CentroidX: 0.2847
CentroidY: 0.6056
