Location: 20250501_171042.jpg_Mean-Medain.png
Component: component_1746113322381_50.png
centerX: 0.7729216152019003
centerY: 0.5621716287215411
width: 0.039904988123515436
height: 0.09457092819614711
Area: 0.0012612785004430282
CentroidX: 0.7905
CentroidY: 0.6055
