Location: 20250501_171042.jpg_Gaussian-Median.png
Component: component_1746113322362_56.png
centerX: 0.16484560570071258
centerY: 0.7180385288966725
width: 0.056532066508313536
height: 0.10157618213660245
Area: 0.00160488537424446
CentroidX: 0.1900
CentroidY: 0.7713
