Location: easy26_Mean-Closing.png
Component: component_1744297382175_1014.png
centerX: 0.65
centerY: 0.7926245210727969
width: 0.020967741935483872
height: 0.014846743295019157
Area: 0.00012050426399703374
CentroidX: 0.6582
CentroidY: 0.7992
