Location: 20250501_171042.jpg_Gaussian-Median.png
Component: component_1746113322364_66.png
centerX: 0.8617577197149644
centerY: 0.8126094570928196
width: 0.04513064133016627
height: 0.10157618213660245
Area: 0.0013186849757270446
CentroidX: 0.8807
CentroidY: 0.8632
