Location: easy64_Gaussian-Closing.png
Component: component_1744297381435_960.png
centerX: 0.4135429262394196
centerY: 0.6361693031209918
width: 0.013905683192261185
height: 0.010260795211628902
Area: 6.151927802216038e-05
CentroidX: 0.4195
CentroidY: 0.6408
