Location: easy64_Gaussian-Closing.png
Component: component_1744297381223_227.png
centerX: 0.16626360338573157
centerY: 0.21889696451474988
width: 0.014510278113663845
height: 0.00983326207781103
Area: 6.979077758816514e-05
CentroidX: 0.1727
CentroidY: 0.2233
