Location: easy26_Mean-Closing.png
Component: component_1744297382166_974.png
centerX: 0.04596774193548387
centerY: 0.7701149425287356
width: 0.021774193548387097
height: 0.01532567049808429
Area: 0.00011586948461253245
CentroidX: 0.0546
CentroidY: 0.7771
