Location: easy21_Mean-Medain.png
Component: component_1744297380764_74.png
centerX: 0.05887096774193548
centerY: 0.08141762452107279
width: 0.02258064516129032
height: 0.015804597701149427
Area: 0.0001324774440736621
CentroidX: 0.0684
CentroidY: 0.0882
