Location: 20250501_171042.jpg_Mean-Medain.png
Component: component_1746113322380_46.png
centerX: 0.5121140142517815
centerY: 0.5464098073555166
width: 0.043705463182897863
height: 0.1138353765323993
Area: 0.0014884084678710933
CentroidX: 0.5346
CentroidY: 0.5968
