Location: easy16_Gaussian-Median.png
Component: component_1744297381806_617.png
centerX: 0.07419354838709677
centerY: 0.4051724137931034
width: 0.020967741935483872
height: 0.014846743295019157
Area: 0.00011509702138178222
CentroidX: 0.0825
CentroidY: 0.4116
