Location: easy21_Mean-Medain.png
Component: component_1744297381142_1167.png
centerX: 0.6620967741935484
centerY: 0.8620689655172413
width: 0.02338709677419355
height: 0.01532567049808429
Area: 0.00013633976022741316
CentroidX: 0.6713
CentroidY: 0.8687
