Location: easy16_Gaussian-Median.png
Component: component_1744297381840_813.png
centerX: 0.707258064516129
centerY: 0.5981800766283525
width: 0.021774193548387097
height: 0.014846743295019157
Area: 0.00012243542207390927
CentroidX: 0.7156
CentroidY: 0.6047
