Location: 20250501_171042.jpg_Mean-Medain.png
Component: component_1746113322378_37.png
centerX: 0.9444180522565321
centerY: 0.36777583187390545
width: 0.04275534441805225
height: 0.09457092819614711
Area: 0.001307869262992375
CentroidX: 0.9624
CentroidY: 0.4094
