Location: easy21_Mean-Medain.png
Component: component_1744297380919_738.png
centerX: 0.7637096774193548
centerY: 0.5852490421455939
width: 0.02258064516129032
height: 0.01532567049808429
Area: 0.00012938759115066123
CentroidX: 0.7725
CentroidY: 0.5922
