Location: easy16_Gaussian-Median.png
Component: component_1744297381863_933.png
centerX: 0.3419354838709677
centerY: 0.6661877394636015
width: 0.020967741935483872
height: 0.014846743295019157
Area: 0.00011895933753553331
CentroidX: 0.3501
CentroidY: 0.6728
