Location: easy64_Gaussian-Closing.png
Component: component_1744297381254_373.png
centerX: 0.16444981862152358
centerY: 0.3022659256092347
width: 0.013905683192261185
height: 0.00983326207781103
Area: 6.151927802216038e-05
CentroidX: 0.1703
CentroidY: 0.3067
