Location: 20250501_171042.jpg_Gaussian-Median.png
Component: component_1746113322357_37.png
centerX: 0.9444180522565321
centerY: 0.36777583187390545
width: 0.04275534441805225
height: 0.09632224168126094
Area: 0.0012978855281603721
CentroidX: 0.9630
CentroidY: 0.4106
