Location: easy26_Mean-Closing.png
Component: component_1744297382212_1200.png
centerX: 0.9137096774193548
centerY: 0.9051724137931034
width: 0.021774193548387097
height: 0.01532567049808429
Area: 0.00014560931899641578
CentroidX: 0.9226
CentroidY: 0.9121
