Location: 20250501_171042.jpg_Gaussian-Closing.png
Component: component_1746113322401_53.png
centerX: 0.1653206650831354
centerY: 0.7180385288966725
width: 0.056057007125890734
height: 0.10157618213660245
Area: 0.0015990615289257918
CentroidX: 0.1900
CentroidY: 0.7713
