Location: 20250501_171042.jpg_Gaussian-Closing.png
Component: component_1746113322399_42.png
centerX: 0.5121140142517815
centerY: 0.5464098073555166
width: 0.043705463182897863
height: 0.1138353765323993
Area: 0.0014143624345337388
CentroidX: 0.5349
CentroidY: 0.5974
