Location: easy21_Mean-Medain.png
Component: component_1744297381016_994.png
centerX: 0.6653225806451613
centerY: 0.7461685823754789
width: 0.02258064516129032
height: 0.01532567049808429
Area: 0.00013131874922753676
CentroidX: 0.6740
CentroidY: 0.7528
