Location: easy16_Gaussian-Median.png
Component: component_1744297381675_180.png
centerX: 0.7161290322580646
centerY: 0.13266283524904215
width: 0.021774193548387097
height: 0.01532567049808429
Area: 0.00012861512791991102
CentroidX: 0.7249
CentroidY: 0.1397
