Location: easy26_Mean-Closing.png
Component: component_1744297382182_1046.png
centerX: 0.8701612903225806
centerY: 0.8146551724137931
width: 0.021774193548387097
height: 0.01532567049808429
Area: 0.0001324774440736621
CentroidX: 0.8790
CentroidY: 0.8216
