Location: easy26_Mean-Closing.png
Component: component_1744297382039_459.png
centerX: 0.4669354838709677
centerY: 0.32375478927203066
width: 0.020967741935483872
height: 0.014846743295019157
Area: 0.00012089049561240885
CentroidX: 0.4754
CentroidY: 0.3302
