Location: easy43_Mean-Closing.png
Component: component_1744297380708_1317.png
centerX: 0.6348246674727932
centerY: 0.7413424540401881
width: 0.014510278113663845
height: 0.010260795211628902
Area: 6.255321546791098e-05
CentroidX: 0.6412
CentroidY: 0.7459
