Location: easy21_Mean-Medain.png
Component: component_1744297380773_98.png
centerX: 0.6766129032258065
centerY: 0.0842911877394636
width: 0.021774193548387097
height: 0.01532567049808429
Area: 0.00013363613891978742
CentroidX: 0.6854
CentroidY: 0.0909
