Location: easy26_Mean-Closing.png
Component: component_1744297381962_61.png
centerX: 0.7588709677419355
centerY: 0.05507662835249042
width: 0.02258064516129032
height: 0.01532567049808429
Area: 0.00014097453961191446
CentroidX: 0.7679
CentroidY: 0.0621
