Location: 20250501_171042.jpg_Gaussian-Closing.png
Component: component_1746113322394_14.png
centerX: 0.604750593824228
centerY: 0.07880910683012259
width: 0.04655581947743468
height: 0.1085814360770578
Area: 0.0013802513405243957
CentroidX: 0.6287
CentroidY: 0.1258
