Location: easy26_Mean-Closing.png
Component: component_1744297382186_1068.png
centerX: 0.3209677419354839
centerY: 0.8160919540229885
width: 0.020967741935483872
height: 0.01532567049808429
Area: 0.00012011803238165864
CentroidX: 0.3293
CentroidY: 0.8227
