Location: easy21_Mean-Medain.png
Component: component_1744297381005_981.png
centerX: 0.2532258064516129
centerY: 0.7442528735632183
width: 0.021774193548387097
height: 0.01532567049808429
Area: 0.00011780064268940799
CentroidX: 0.2614
CentroidY: 0.7513
