Location: easy16_Gaussian-Median.png
Component: component_1744297381807_625.png
centerX: 0.6709677419354839
centerY: 0.4238505747126437
width: 0.021774193548387097
height: 0.014846743295019157
Area: 0.00012166295884315906
CentroidX: 0.6794
CentroidY: 0.4302
