Location: 20250501_171042.jpg_Gaussian-Median.png
Component: component_1746113322364_65.png
centerX: 0.7116389548693587
centerY: 0.7898423817863398
width: 0.060807600950118765
height: 0.10683012259194395
Area: 0.0017646251315565058
CentroidX: 0.7420
CentroidY: 0.8305
