Location: easy26_Mean-Closing.png
Component: component_1744297382096_601.png
centerX: 0.8169354838709677
centerY: 0.4128352490421456
width: 0.020967741935483872
height: 0.014846743295019157
Area: 0.00012475281176615993
CentroidX: 0.8251
CentroidY: 0.4194
