Location: easy16_Gaussian-Median.png
Component: component_1744297381899_1138.png
centerX: 0.771774193548387
centerY: 0.7998084291187739
width: 0.021774193548387097
height: 0.014846743295019157
Area: 0.00012513904338153504
CentroidX: 0.7800
CentroidY: 0.8061
