Location: easy16_Gaussian-Median.png
Component: component_1744297381784_508.png
centerX: 0.07661290322580645
centerY: 0.33860153256704983
width: 0.021774193548387097
height: 0.014846743295019157
Area: 0.00011046224199728093
CentroidX: 0.0851
CentroidY: 0.3453
