Location: easy16_Gaussian-Median.png
Component: component_1744297381745_318.png
centerX: 0.6387096774193548
centerY: 0.2231800766283525
width: 0.021774193548387097
height: 0.01532567049808429
Area: 0.00012127672722778396
CentroidX: 0.6474
CentroidY: 0.2300
