Location: easy16_Gaussian-Median.png
Component: component_1744297381847_843.png
centerX: 0.8870967741935484
centerY: 0.6192528735632183
width: 0.021774193548387097
height: 0.014846743295019157
Area: 0.00013054628599678655
CentroidX: 0.8954
CentroidY: 0.6259
