Location: easy26_Mean-Closing.png
Component: component_1744297382005_295.png
centerX: 0.6895161290322581
centerY: 0.21168582375478928
width: 0.020967741935483872
height: 0.01532567049808429
Area: 0.00013170498084291187
CentroidX: 0.6980
CentroidY: 0.2185
