Location: easy16_Gaussian-Median.png
Component: component_1744297381875_996.png
centerX: 0.4830645161290323
centerY: 0.7102490421455939
width: 0.021774193548387097
height: 0.01532567049808429
Area: 0.00012629773822766036
CentroidX: 0.4915
CentroidY: 0.7171
