Location: easy16_Gaussian-Median.png
Component: component_1744297381901_1146.png
centerX: 0.22258064516129034
centerY: 0.8012452107279694
width: 0.020967741935483872
height: 0.01532567049808429
Area: 0.00011239340007415647
CentroidX: 0.2310
CentroidY: 0.8082
