Location: easy26_Mean-Closing.png
Component: component_1744297382162_956.png
centerX: 0.40080645161290324
centerY: 0.7480842911877394
width: 0.020161290322580645
height: 0.014846743295019157
Area: 0.00011007601038190582
CentroidX: 0.4085
CentroidY: 0.7545
