Location: 20250501_171042.jpg_Mean-Medain.png
Component: component_1746113322373_5.png
centerX: 0.31876484560570073
centerY: 0.043782837127845885
width: 0.04608076009501188
height: 0.1295971978984238
Area: 0.0012213435611150168
CentroidX: 0.3393
CentroidY: 0.1055
