Location: easy21_Mean-Medain.png
Component: component_1744297380777_125.png
centerX: 0.8911290322580645
centerY: 0.10632183908045977
width: 0.021774193548387097
height: 0.01532567049808429
Area: 0.00013324990730441232
CentroidX: 0.8994
CentroidY: 0.1131
