Location: easy26_Mean-Closing.png
Component: component_1744297382149_888.png
centerX: 0.375
centerY: 0.703544061302682
width: 0.020161290322580645
height: 0.014846743295019157
Area: 0.00011239340007415647
CentroidX: 0.3827
CentroidY: 0.7100
