Location: easy64_Gaussian-Closing.png
Component: component_1744297381218_202.png
centerX: 0.6064087061668681
centerY: 0.21675929884566053
width: 0.013905683192261185
height: 0.010260795211628902
Area: 6.617199652803805e-05
CentroidX: 0.6128
CentroidY: 0.2215
