Location: easy26_Mean-Closing.png
Component: component_1744297381970_107.png
centerX: 0.9258064516129032
centerY: 0.09722222222222222
width: 0.02258064516129032
height: 0.01532567049808429
Area: 0.0001510165616116673
CentroidX: 0.9349
CentroidY: 0.1046
