Location: easy16_Gaussian-Median.png
Component: component_1744297381831_773.png
centerX: 0.9338709677419355
centerY: 0.5742337164750958
width: 0.02258064516129032
height: 0.01532567049808429
Area: 0.00013479483376591274
CentroidX: 0.9435
CentroidY: 0.5813
