Location: easy21_Mean-Medain.png
Component: component_1744297381129_1125.png
centerX: 0.3790322580645161
centerY: 0.8366858237547893
width: 0.02258064516129032
height: 0.01532567049808429
Area: 0.00012822889630453591
CentroidX: 0.3878
CentroidY: 0.8432
