Location: easy64_Gaussian-Closing.png
Component: component_1744297381239_324.png
centerX: 0.620918984280532
centerY: 0.28088926891834115
width: 0.014510278113663845
height: 0.00983326207781103
Area: 6.668896525091336e-05
CentroidX: 0.6272
CentroidY: 0.2852
