Location: easy43_Mean-Closing.png
Component: component_1744297380676_1053.png
centerX: 0.7623941958887546
centerY: 0.6323215049166311
width: 0.013301088270858524
height: 0.00983326207781103
Area: 4.73026381430897e-05
CentroidX: 0.7669
CentroidY: 0.6358
