Location: 20250501_171042.jpg_Gaussian-Median.png
Component: component_1746113322364_64.png
centerX: 0.6437054631828979
centerY: 0.7863397548161121
width: 0.05558194774346793
height: 0.09106830122591944
Area: 0.0013536280476390548
CentroidX: 0.6721
CentroidY: 0.8248
