Location: easy16_Gaussian-Median.png
Component: component_1744297381914_1209.png
centerX: 0.875
centerY: 0.8448275862068966
width: 0.021774193548387097
height: 0.014846743295019157
Area: 0.00012359411692003462
CentroidX: 0.8835
CentroidY: 0.8513
