Location: easy26_Mean-Closing.png
Component: component_1744297382099_614.png
centerX: 0.37983870967741934
centerY: 0.41379310344827586
width: 0.020967741935483872
height: 0.014846743295019157
Area: 0.00012243542207390927
CentroidX: 0.3882
CentroidY: 0.4200
