Location: easy43_Mean-Closing.png
Component: component_1744297380708_1325.png
centerX: 0.23941958887545345
centerY: 0.7421975203078238
width: 0.013905683192261185
height: 0.010260795211628902
Area: 6.255321546791098e-05
CentroidX: 0.2451
CentroidY: 0.7469
