Location: easy16_Gaussian-Median.png
Component: component_1744297381747_327.png
centerX: 0.15725806451612903
centerY: 0.22557471264367815
width: 0.020967741935483872
height: 0.01532567049808429
Area: 0.00010930354715115561
CentroidX: 0.1656
CentroidY: 0.2323
