Location: easy26_Mean-Closing.png
Component: component_1744297381951_17.png
centerX: 0.38548387096774195
centerY: 0.031130268199233715
width: 0.020967741935483872
height: 0.014846743295019157
Area: 0.00013209121245828697
CentroidX: 0.3940
CentroidY: 0.0377
