Location: easy16_Gaussian-Median.png
Component: component_1744297381783_501.png
centerX: 0.4596774193548387
centerY: 0.33620689655172414
width: 0.021774193548387097
height: 0.014846743295019157
Area: 0.00012513904338153504
CentroidX: 0.4681
CentroidY: 0.3428
