Location: easy26_Mean-Closing.png
Component: component_1744297382168_979.png
centerX: 0.5532258064516129
centerY: 0.7701149425287356
width: 0.021774193548387097
height: 0.01532567049808429
Area: 0.00012822889630453591
CentroidX: 0.5620
CentroidY: 0.7767
