Location: easy43_Mean-Closing.png
Component: component_1744297380558_86.png
centerX: 0.4558645707376058
centerY: 0.11115861479264642
width: 0.014510278113663845
height: 0.010260795211628902
Area: 7.237562120254162e-05
CentroidX: 0.4621
CentroidY: 0.1159
