Location: easy43_Mean-Closing.png
Component: component_1744297380677_1058.png
centerX: 0.8428053204353083
centerY: 0.6323215049166311
width: 0.013301088270858524
height: 0.010260795211628902
Area: 6.64304808894757e-05
CentroidX: 0.8484
CentroidY: 0.6369
