Location: easy16_Gaussian-Median.png
Component: component_1744297381815_660.png
centerX: 0.7201612903225807
centerY: 0.4454022988505747
width: 0.021774193548387097
height: 0.01532567049808429
Area: 0.00012591150661228525
CentroidX: 0.7290
CentroidY: 0.4522
