Location: easy16_Gaussian-Median.png
Component: component_1744297381673_166.png
centerX: 0.3282258064516129
centerY: 0.11350574712643678
width: 0.021774193548387097
height: 0.014846743295019157
Area: 0.00011625571622790755
CentroidX: 0.3366
CentroidY: 0.1202
