Location: easy16_Gaussian-Median.png
Component: component_1744297381747_329.png
centerX: 0.28951612903225804
centerY: 0.22509578544061304
width: 0.021774193548387097
height: 0.014846743295019157
Area: 0.0001232078853046595
CentroidX: 0.2980
CentroidY: 0.2316
