Location: easy26_Mean-Closing.png
Component: component_1744297382189_1084.png
centerX: 0.6951612903225807
centerY: 0.8376436781609196
width: 0.021774193548387097
height: 0.01532567049808429
Area: 0.00012668396984303546
CentroidX: 0.7043
CentroidY: 0.8445
