Location: easy26_Mean-Closing.png
Component: component_1744297382181_1040.png
centerX: 0.7459677419354839
centerY: 0.7931034482758621
width: 0.020967741935483872
height: 0.014846743295019157
Area: 0.00011432455815103201
CentroidX: 0.7544
CentroidY: 0.7997
