Location: easy64_Gaussian-Closing.png
Component: component_1744297381572_1280.png
centerX: 0.4667472793228537
centerY: 0.8371098760153912
width: 0.013905683192261185
height: 0.00983326207781103
Area: 6.307018419078627e-05
CentroidX: 0.4729
CentroidY: 0.8415
