Location: 20250501_171042.jpg_Mean-Medain.png
Component: component_1746113322374_13.png
centerX: 0.2494061757719715
centerY: 0.07355516637478109
width: 0.052731591448931116
height: 0.10507880910683012
Area: 0.001299549483965706
CentroidX: 0.2747
CentroidY: 0.1251
