Location: easy16_Gaussian-Median.png
Component: component_1744297381874_994.png
centerX: 0.7862903225806451
centerY: 0.7092911877394636
width: 0.02338709677419355
height: 0.01532567049808429
Area: 0.00014367816091954023
CentroidX: 0.7954
CentroidY: 0.7158
