Location: easy21_Mean-Medain.png
Component: component_1744297380747_13.png
centerX: 0.3225806451612903
centerY: 0.03735632183908046
width: 0.020967741935483872
height: 0.015804597701149427
Area: 0.00013324990730441232
CentroidX: 0.3308
CentroidY: 0.0442
