Location: easy21_Mean-Medain.png
Component: component_1744297380800_202.png
centerX: 0.25564516129032255
centerY: 0.1532567049808429
width: 0.021774193548387097
height: 0.01532567049808429
Area: 0.00012011803238165864
CentroidX: 0.2644
CentroidY: 0.1602
