Location: easy64_Gaussian-Closing.png
Component: component_1744297381394_835.png
centerX: 0.6106408706166868
centerY: 0.5741769987174006
width: 0.013905683192261185
height: 0.00983326207781103
Area: 6.048534057640979e-05
CentroidX: 0.6166
CentroidY: 0.5784
