Location: 20250501_171042.jpg_Gaussian-Closing.png
Component: component_1746113322398_34.png
centerX: 0.9444180522565321
centerY: 0.36777583187390545
width: 0.04275534441805225
height: 0.09457092819614711
Area: 0.001298717506063039
CentroidX: 0.9630
CentroidY: 0.4105
