Location: easy43_Mean-Closing.png
Component: component_1744297380713_1370.png
centerX: 0.8095525997581621
centerY: 0.7644292432663532
width: 0.013905683192261185
height: 0.010260795211628902
Area: 7.54774335397934e-05
CentroidX: 0.8153
CentroidY: 0.7689
