Location: easy26_Mean-Closing.png
Component: component_1744297382160_946.png
centerX: 0.14838709677419354
centerY: 0.7485632183908046
width: 0.020967741935483872
height: 0.014846743295019157
Area: 0.00011277963168953157
CentroidX: 0.1563
CentroidY: 0.7551
