Location: easy26_Mean-Closing.png
Component: component_1744297381985_188.png
centerX: 0.8137096774193548
centerY: 0.14415708812260536
width: 0.020967741935483872
height: 0.014846743295019157
Area: 0.00011625571622790755
CentroidX: 0.8219
CentroidY: 0.1508
