Location: easy43_Mean-Closing.png
Component: component_1744297380559_103.png
centerX: 0.8355501813784765
centerY: 0.12825994014536127
width: 0.014510278113663845
height: 0.010688328345446772
Area: 6.772290269666395e-05
CentroidX: 0.8420
CentroidY: 0.1331
