Location: easy21_Mean-Medain.png
Component: component_1744297381135_1142.png
centerX: 0.8806451612903226
centerY: 0.8400383141762452
width: 0.02258064516129032
height: 0.015804597701149427
Area: 0.0001421332344580398
CentroidX: 0.8897
CentroidY: 0.8468
