Location: easy21_Mean-Medain.png
Component: component_1744297380882_569.png
centerX: 0.6516129032258065
centerY: 0.4722222222222222
width: 0.02258064516129032
height: 0.01532567049808429
Area: 0.00013363613891978742
CentroidX: 0.6604
CentroidY: 0.4790
