Location: easy26_Mean-Closing.png
Component: component_1744297382111_682.png
centerX: 0.9080645161290323
centerY: 0.4794061302681992
width: 0.021774193548387097
height: 0.01532567049808429
Area: 0.00014290569768879002
CentroidX: 0.9165
CentroidY: 0.4864
