Location: easy26_Mean-Closing.png
Component: component_1744297382140_840.png
centerX: 0.5475806451612903
centerY: 0.6805555555555556
width: 0.020967741935483872
height: 0.014846743295019157
Area: 0.00011973180076628352
CentroidX: 0.5562
CentroidY: 0.6869
