Location: easy21_Mean-Medain.png
Component: component_1744297380934_814.png
centerX: 0.5540322580645162
centerY: 0.6312260536398467
width: 0.02258064516129032
height: 0.01532567049808429
Area: 0.00012629773822766036
CentroidX: 0.5632
CentroidY: 0.6376
