Location: 20250501_171042.jpg_Gaussian-Median.png
Component: component_1746113322356_27.png
centerX: 0.36152019002375296
centerY: 0.29947460595446584
width: 0.04655581947743468
height: 0.0840630472854641
Area: 0.0015067119817297652
CentroidX: 0.3863
CentroidY: 0.3338
