Location: easy16_Gaussian-Median.png
Component: component_1744297381901_1145.png
centerX: 0.08306451612903226
centerY: 0.8012452107279694
width: 0.020967741935483872
height: 0.014846743295019157
Area: 0.0001042825361512792
CentroidX: 0.0913
CentroidY: 0.8079
