Location: easy16_Gaussian-Median.png
Component: component_1744297381761_402.png
centerX: 0.14596774193548387
centerY: 0.2705938697318008
width: 0.021774193548387097
height: 0.014846743295019157
Area: 0.00011471078976640712
CentroidX: 0.1543
CentroidY: 0.2771
