Location: easy64_Gaussian-Closing.png
Component: component_1744297381226_250.png
centerX: 0.6251511487303507
centerY: 0.2377084224027362
width: 0.013905683192261185
height: 0.00983326207781103
Area: 6.0743824937847434e-05
CentroidX: 0.6308
CentroidY: 0.2419
