Location: 20250501_171042.jpg_Mean-Medain.png
Component: component_1746113322374_16.png
centerX: 0.6052256532066508
centerY: 0.07880910683012259
width: 0.04608076009501188
height: 0.1085814360770578
Area: 0.001262942456248362
CentroidX: 0.6288
CentroidY: 0.1271
