Location: easy43_Mean-Closing.png
Component: component_1744297380699_1233.png
centerX: 0.24848851269649336
centerY: 0.6998717400598546
width: 0.014510278113663845
height: 0.010260795211628902
Area: 6.64304808894757e-05
CentroidX: 0.2550
CentroidY: 0.7045
