Location: easy64_Gaussian-Closing.png
Component: component_1744297381283_520.png
centerX: 0.6076178960096735
centerY: 0.36639589568191533
width: 0.013905683192261185
height: 0.010260795211628902
Area: 6.539654344372512e-05
CentroidX: 0.6134
CentroidY: 0.3708
