Location: easy21_Mean-Medain.png
Component: component_1744297380868_500.png
centerX: 0.5193548387096775
centerY: 0.42768199233716475
width: 0.021774193548387097
height: 0.014846743295019157
Area: 0.00012359411692003462
CentroidX: 0.5276
CentroidY: 0.4344
