Location: easy16_Gaussian-Median.png
Component: component_1744297381652_63.png
centerX: 0.1435483870967742
centerY: 0.04693486590038314
width: 0.020967741935483872
height: 0.014846743295019157
Area: 0.00012166295884315906
CentroidX: 0.1520
CentroidY: 0.0538
