Location: easy21_Mean-Medain.png
Component: component_1744297380854_431.png
centerX: 0.4056451612903226
centerY: 0.38266283524904215
width: 0.021774193548387097
height: 0.014846743295019157
Area: 0.0001181868743047831
CentroidX: 0.4137
CentroidY: 0.3894
