Location: easy21_Mean-Medain.png
Component: component_1744297380860_460.png
centerX: 0.7
centerY: 0.40325670498084293
width: 0.02258064516129032
height: 0.01532567049808429
Area: 0.0001324774440736621
CentroidX: 0.7092
CentroidY: 0.4100
