Location: easy21_Mean-Medain.png
Component: component_1744297380806_218.png
centerX: 0.4653225806451613
centerY: 0.17576628352490423
width: 0.02258064516129032
height: 0.015804597701149427
Area: 0.0001371122234581634
CentroidX: 0.4745
CentroidY: 0.1830
