Location: easy16_Gaussian-Median.png
Component: component_1744297381815_658.png
centerX: 0.8895161290322581
centerY: 0.44492337164750956
width: 0.020967741935483872
height: 0.014846743295019157
Area: 0.0001278426646891608
CentroidX: 0.8978
CentroidY: 0.4515
