Location: easy21_Mean-Medain.png
Component: component_1744297380967_931.png
centerX: 0.9532258064516129
centerY: 0.7006704980842912
width: 0.021774193548387097
height: 0.015804597701149427
Area: 0.00013209121245828697
CentroidX: 0.9623
CentroidY: 0.7078
