Location: easy43_Mean-Closing.png
Component: component_1744297380699_1229.png
centerX: 0.8422007255139057
centerY: 0.698589140658401
width: 0.013301088270858524
height: 0.010260795211628902
Area: 4.7819606865965e-05
CentroidX: 0.8472
CentroidY: 0.7040
