Location: 20250501_171042.jpg_Gaussian-Median.png
Component: component_1746113322360_49.png
centerX: 0.7729216152019003
centerY: 0.563922942206655
width: 0.039904988123515436
height: 0.09281961471103327
Area: 0.0012121918041856808
CentroidX: 0.7906
CentroidY: 0.6056
