Location: easy64_Gaussian-Closing.png
Component: component_1744297381313_634.png
centerX: 0.28597339782345826
centerY: 0.430525865754596
width: 0.013301088270858524
height: 0.00983326207781103
Area: 5.867595004634624e-05
CentroidX: 0.2916
CentroidY: 0.4351
