Location: easy16_Gaussian-Median.png
Component: component_1744297381657_77.png
centerX: 0.646774193548387
centerY: 0.06609195402298851
width: 0.020967741935483872
height: 0.01532567049808429
Area: 0.0001185731059201582
CentroidX: 0.6551
CentroidY: 0.0732
