Location: easy26_Mean-Closing.png
Component: component_1744297382034_435.png
centerX: 0.6346774193548387
centerY: 0.3017241379310345
width: 0.020967741935483872
height: 0.014846743295019157
Area: 0.00012050426399703374
CentroidX: 0.6428
CentroidY: 0.3084
