Location: 20250501_171042.jpg_Mean-Medain.png
Component: component_1746113322382_54.png
centerX: 0.9235154394299288
centerY: 0.5884413309982487
width: 0.04465558194774347
height: 0.09982486865148861
Area: 0.0013303326663643815
CentroidX: 0.9451
CentroidY: 0.6339
