Location: easy21_Mean-Medain.png
Component: component_1744297380951_872.png
centerX: 0.2064516129032258
centerY: 0.6762452107279694
width: 0.021774193548387097
height: 0.01532567049808429
Area: 0.00011548325299715734
CentroidX: 0.2149
CentroidY: 0.6833
