Location: easy26_Mean-Closing.png
Component: component_1744297382176_1021.png
centerX: 0.9120967741935484
centerY: 0.7921455938697318
width: 0.020967741935483872
height: 0.01532567049808429
Area: 0.00013556729699666295
CentroidX: 0.9202
CentroidY: 0.7990
