Location: 20250501_171042.jpg_Mean-Medain.png
Component: component_1746113322374_14.png
centerX: 0.4660332541567696
centerY: 0.07355516637478109
width: 0.05510688836104513
height: 0.12609457092819615
Area: 0.0015582946116951134
CentroidX: 0.4878
CentroidY: 0.1342
