Location: easy21_Mean-Medain.png
Component: component_1744297380796_193.png
centerX: 0.12419354838709677
centerY: 0.15229885057471265
width: 0.020967741935483872
height: 0.01532567049808429
Area: 0.00012398034853540972
CentroidX: 0.1327
CentroidY: 0.1593
