Location: easy26_Mean-Closing.png
Component: component_1744297382001_271.png
centerX: 0.717741935483871
centerY: 0.1896551724137931
width: 0.020967741935483872
height: 0.01532567049808429
Area: 0.00012089049561240885
CentroidX: 0.7261
CentroidY: 0.1968
