Location: easy64_Gaussian-Closing.png
Component: component_1744297381235_294.png
centerX: 0.6559854897218863
centerY: 0.2599401453612655
width: 0.014510278113663845
height: 0.00983326207781103
Area: 6.617199652803805e-05
CentroidX: 0.6625
CentroidY: 0.2643
