Location: easy21_Mean-Medain.png
Component: component_1744297380922_752.png
centerX: 0.2524193548387097
centerY: 0.5862068965517241
width: 0.02258064516129032
height: 0.01532567049808429
Area: 0.00012166295884315906
CentroidX: 0.2618
CentroidY: 0.5932
