Location: easy64_Gaussian-Closing.png
Component: component_1744297381262_421.png
centerX: 0.6789600967351874
centerY: 0.3227875160324925
width: 0.012696493349455865
height: 0.010260795211628902
Area: 5.066293484177914e-05
CentroidX: 0.6838
CentroidY: 0.3280
