Location: easy21_Mean-Medain.png
Component: component_1744297380952_877.png
centerX: 0.3241935483870968
centerY: 0.6767241379310345
width: 0.02258064516129032
height: 0.01532567049808429
Area: 0.00013016005438141144
CentroidX: 0.3330
CentroidY: 0.6833
