Location: easy26_Mean-Closing.png
Component: component_1744297382167_977.png
centerX: 0.4991935483870968
centerY: 0.7705938697318008
width: 0.020967741935483872
height: 0.01532567049808429
Area: 0.00013595352861203806
CentroidX: 0.5076
CentroidY: 0.7771
