Location: easy64_Gaussian-Closing.png
Component: component_1744297381389_812.png
centerX: 0.17654171704957677
centerY: 0.569474134245404
width: 0.013301088270858524
height: 0.00983326207781103
Area: 6.100230929928509e-05
CentroidX: 0.1823
CentroidY: 0.5740
