Location: easy21_Mean-Medain.png
Component: component_1744297381070_1061.png
centerX: 0.49838709677419357
centerY: 0.7916666666666666
width: 0.02258064516129032
height: 0.01532567049808429
Area: 0.00012591150661228525
CentroidX: 0.5075
CentroidY: 0.7984
