Location: easy43_Mean-Closing.png
Component: component_1744297380703_1270.png
centerX: 0.6305925030229746
centerY: 0.7191107310816588
width: 0.013301088270858524
height: 0.010260795211628902
Area: 5.066293484177914e-05
CentroidX: 0.6357
CentroidY: 0.7242
