Location: easy16_Gaussian-Median.png
Component: component_1744297381921_1250.png
centerX: 0.4588709677419355
centerY: 0.8682950191570882
width: 0.021774193548387097
height: 0.01532567049808429
Area: 0.00012398034853540972
CentroidX: 0.4673
CentroidY: 0.8753
