Location: easy16_Gaussian-Median.png
Component: component_1744297381807_626.png
centerX: 0.7258064516129032
centerY: 0.42337164750957856
width: 0.021774193548387097
height: 0.01532567049808429
Area: 0.00012513904338153504
CentroidX: 0.7343
CentroidY: 0.4301
