Location: easy16_Gaussian-Median.png
Component: component_1744297381812_642.png
centerX: 0.12016129032258065
centerY: 0.4267241379310345
width: 0.021774193548387097
height: 0.01532567049808429
Area: 0.00010737238907428007
CentroidX: 0.1289
CentroidY: 0.4334
