Location: easy21_Mean-Medain.png
Component: component_1744297380961_918.png
centerX: 0.432258064516129
centerY: 0.6992337164750958
width: 0.021774193548387097
height: 0.01532567049808429
Area: 0.00012513904338153504
CentroidX: 0.4408
CentroidY: 0.7060
