Location: easy26_Mean-Closing.png
Component: component_1744297382085_548.png
centerX: 0.07258064516129033
centerY: 0.3702107279693487
width: 0.020967741935483872
height: 0.014846743295019157
Area: 0.00011162093684340626
CentroidX: 0.0809
CentroidY: 0.3768
