Location: Dedata_30.png_Otsu.png
Component: component_1755503806540_77.png
centerX: 0.23830645161290323
centerY: 0.17953833000854943
width: 0.04032258064516129
height: 0.022513536620119692
Area: 0.00026395260114544166
CentroidX: 0.2588
CentroidY: 0.1885
