Location: internet_4.png_Gaussian-Closing.png
Component: component_1755094384161_134.png
centerX: 0.7819427650141072
centerY: 0.22013116623895068
width: 0.037484885126964934
height: 0.026518391787852865
Area: 0.00039065072480707957
CentroidX: 0.7999
CentroidY: 0.2321
