Location: internet_4.png_Mean-Closing.png
Component: component_1755094383760_92.png
centerX: 0.0951229343006852
centerY: 0.14713430282292558
width: 0.03345425231761386
height: 0.023096663815226688
Area: 0.0003120378693295737
CentroidX: 0.1114
CentroidY: 0.1571
