Location: Dedata_30.png_Mean-Medain.png
Component: component_1755503806233_106.png
centerX: 0.2342741935483871
centerY: 0.2673126246793958
width: 0.04838709677419355
height: 0.026788258763180393
Area: 0.0004142573474659631
CentroidX: 0.2586
CentroidY: 0.2781
