Location: internet_4.png_Gaussian-Closing.png
Component: component_1755094384167_162.png
centerX: 0.21523579201934703
centerY: 0.2848588537211292
width: 0.04353083434099154
height: 0.025377815796977475
Area: 0.00042271649480448326
CentroidX: 0.2372
CentroidY: 0.2964
