Location: internet_4.png_Otsu.png
Component: component_1755094384338_270.png
centerX: 0.9604997984683595
centerY: 0.27830054177359564
width: 0.03667875856509472
height: 0.027944111776447105
Area: 0.00040570669566607556
CentroidX: 0.9785
CentroidY: 0.2900
