Location: Dedata_30.png_Gaussian-Closing.png
Component: component_1755503806694_16.png
centerX: 0.917741935483871
centerY: 0.01310914790538615
width: 0.0467741935483871
height: 0.024223425477343973
Area: 0.00042862133316173156
CentroidX: 0.9393
CentroidY: 0.0238
