Location: Kurtxevani_1794_page_10.png_Mean-Medain.png
Component: component_1755610054810_761.png
centerX: 0.5973115137346581
centerY: 0.18289995592772146
width: 0.017533606078316773
height: 0.012780960775672102
Area: 0.00011282091174236443
CentroidX: 0.6060
CentroidY: 0.1879
