Location: internet_4.png_Mean-Medain.png
Component: component_1755094383641_159.png
centerX: 0.2825473599355099
centerY: 0.2805816937553465
width: 0.044740024183796856
height: 0.029369831765041345
Area: 0.00048661817264877166
CentroidX: 0.3045
CentroidY: 0.2933
