Location: internet_4.png_Mean-Medain.png
Component: component_1755094383657_226.png
centerX: 0.7029423619508263
centerY: 0.4354148845166809
width: 0.04191858121725111
height: 0.029654975762760195
Area: 0.0004878824144766263
CentroidX: 0.7225
CentroidY: 0.4496
