Location: internet_4.png_Mean-Closing.png
Component: component_1755094383746_66.png
centerX: 0.581217251108424
centerY: 0.09010550327915598
width: 0.03909713825070536
height: 0.02480752780153978
Area: 0.0003772037890017167
CentroidX: 0.6015
CentroidY: 0.1009
