Location: internet_4.png_Mean-Closing.png
Component: component_1755094383927_180.png
centerX: 0.5989520354695688
centerY: 0.3316224693470202
width: 0.04393389762192664
height: 0.029369831765041345
Area: 0.0005362683971608806
CentroidX: 0.6227
CentroidY: 0.3441
