Location: internet_4.png_Mean-Medain.png
Component: component_1755094383661_243.png
centerX: 0.7126158806932689
centerY: 0.4733390362132877
width: 0.041112454655380895
height: 0.026518391787852865
Area: 0.0004828254471652078
CentroidX: 0.7328
CentroidY: 0.4854
