Location: Dedata_30.png_Mean-Medain.png
Component: component_1755503806229_84.png
centerX: 0.8995967741935483
centerY: 0.19008264462809918
width: 0.044758064516129036
height: 0.024223425477343973
Area: 0.0003710504784930915
CentroidX: 0.9202
CentroidY: 0.1993
