Location: internet_4.png_Otsu.png
Component: component_1755094384297_48.png
centerX: 0.5787988714228134
centerY: 0.05474764756201882
width: 0.04353083434099154
height: 0.02423723980610208
Area: 0.0003436439150259394
CentroidX: 0.6014
CentroidY: 0.0649
