Location: internet_4.png_Otsu.png
Component: component_1755094384354_337.png
centerX: 0.2257154373236598
centerY: 0.43370402053036783
width: 0.04353083434099154
height: 0.024522383803820928
Area: 0.0004701830288866615
CentroidX: 0.2470
CentroidY: 0.4445
