Location: internet_4.png_Mean-Medain.png
Component: component_1755094383658_231.png
centerX: 0.08827085852478839
centerY: 0.4436840604505275
width: 0.04675534058847239
height: 0.029654975762760195
Area: 0.0005250051517854485
CentroidX: 0.1106
CentroidY: 0.4576
