Location: Dedata_30.png_Otsu.png
Component: component_1755503806544_83.png
centerX: 0.017741935483870968
centerY: 0.18438301510401825
width: 0.038306451612903226
height: 0.02536335138216016
Area: 0.00028095956020923155
CentroidX: 0.0354
CentroidY: 0.1936
