Location: internet_4.png_Otsu.png
Component: component_1755094384326_116.png
centerX: 0.6525594518339379
centerY: 0.15397775876817793
width: 0.037484885126964934
height: 0.02281151981750784
Area: 0.00030652117771711715
CentroidX: 0.6717
CentroidY: 0.1640
