Location: Dedata_30.png_Otsu.png
Component: component_1755503806518_38.png
centerX: 0.16411290322580646
centerY: 0.09489883157594756
width: 0.03588709677419355
height: 0.025933314334568254
Area: 0.0002815341196370623
CentroidX: 0.1815
CentroidY: 0.1041
