Location: Dedata_30.png_Gaussian-Median.png
Component: component_1755503806843_140.png
centerX: 0.3721774193548387
centerY: 0.3616414933029353
width: 0.036290322580645164
height: 0.026788258763180393
Area: 0.00038828726132801366
CentroidX: 0.3879
CentroidY: 0.3726
