Location: internet_4.png_Mean-Medain.png
Component: component_1755094383616_44.png
centerX: 0.09189842805320435
centerY: 0.01710863986313088
width: 0.035872632003224506
height: 0.035642999714856
Area: 0.0005363833282361402
CentroidX: 0.1101
CentroidY: 0.0325
