Location: Dedata_30.png_Mean-Medain.png
Component: component_1755503806259_227.png
centerX: 0.03387096774193549
centerY: 0.6546024508406953
width: 0.03951612903225806
height: 0.027643203191792535
Area: 0.0003890916445269767
CentroidX: 0.0496
CentroidY: 0.6670
