Location: internet_4.png_Gaussian-Closing.png
Component: component_1755094384148_72.png
centerX: 0.5147118097541314
centerY: 0.09210151126318791
width: 0.04393389762192664
height: 0.02423723980610208
Area: 0.00031514100836158054
CentroidX: 0.5378
CentroidY: 0.1029
