Location: internet_4.png_Otsu.png
Component: component_1755094384368_399.png
centerX: 0.21765417170495768
centerY: 0.6013686911890505
width: 0.037484885126964934
height: 0.028514399771884802
Area: 0.00046098854286590063
CentroidX: 0.2389
CentroidY: 0.6133
