Location: internet_4.png_Mean-Closing.png
Component: component_1755094383737_45.png
centerX: 0.8282950423216445
centerY: 0.04562303963501568
width: 0.04433696090286175
height: 0.02623324779013402
Area: 0.0004467370895337212
CentroidX: 0.8519
CentroidY: 0.0563
