Location: internet_4.png_Otsu.png
Component: component_1755094384322_89.png
centerX: 0.7198710197501008
centerY: 0.11605360707157114
width: 0.037484885126964934
height: 0.0213857998289136
Area: 0.0002699730957845925
CentroidX: 0.7391
CentroidY: 0.1249
