Location: internet_4.png_Mean-Medain.png
Component: component_1755094383660_239.png
centerX: 0.2825473599355099
centerY: 0.46535500427716
width: 0.04796453043127771
height: 0.028514399771884802
Area: 0.0005235110478070749
CentroidX: 0.3055
CentroidY: 0.4786
