Location: Kurtxevani_1764_page_10.png_Otsu.png
Component: component_1755610055844_683.png
centerX: 0.6983818770226538
centerY: 0.20439663236669786
width: 0.017475728155339806
height: 0.01216089803554724
Area: 0.00011988338616073456
CentroidX: 0.7075
CentroidY: 0.2090
