Location: Dedata_30.png_Otsu.png
Component: component_1755503806585_154.png
centerX: 0.864516129032258
centerY: 0.36563123396979197
width: 0.04153225806451613
height: 0.026788258763180393
Area: 0.00033324446814182886
CentroidX: 0.8829
CentroidY: 0.3782
