Location: Dedata_30.png_Gaussian-Median.png
Component: component_1755503806814_27.png
centerX: 0.09919354838709678
centerY: 0.05386149900256483
width: 0.03588709677419355
height: 0.025933314334568254
Area: 0.0003035972016657627
CentroidX: 0.1148
CentroidY: 0.0642
