Location: Dedata_30.png_Otsu.png
Component: component_1755503806548_94.png
centerX: 0.31370967741935485
centerY: 0.22513536620119692
width: 0.03185483870967742
height: 0.024508406953548018
Area: 0.000179492365254323
CentroidX: 0.3275
CentroidY: 0.2380
