Location: internet_4.png_Mean-Closing.png
Component: component_1755094383758_89.png
centerX: 0.2067714631197098
centerY: 0.14228685486170517
width: 0.03506650544135429
height: 0.024522383803820928
Area: 0.0003360584640588116
CentroidX: 0.2256
CentroidY: 0.1524
