Location: Dedata_30.png_Gaussian-Closing.png
Component: component_1755503806703_58.png
centerX: 0.37056451612903224
centerY: 0.14049586776859505
width: 0.0407258064516129
height: 0.024793388429752067
Area: 0.0002940595151637724
CentroidX: 0.3888
CentroidY: 0.1493
