Location: Dedata_30.png_Mean-Medain.png
Component: component_1755503806226_72.png
centerX: 0.37701612903225806
centerY: 0.1775434596751211
width: 0.034274193548387094
height: 0.024793388429752067
Area: 0.0003202594250728541
CentroidX: 0.3947
CentroidY: 0.1880
