Location: internet_4.png_Mean-Medain.png
Component: component_1755094383644_172.png
centerX: 0.913341394598952
centerY: 0.3116623895067009
width: 0.04675534058847239
height: 0.026518391787852865
Area: 0.0005861484838235086
CentroidX: 0.9393
CentroidY: 0.3233
