Location: internet_4.png_Otsu.png
Component: component_1755094384354_336.png
centerX: 0.7573559048770657
centerY: 0.43256344453949247
width: 0.03909713825070536
height: 0.029940119760479042
Area: 0.00046098854286590063
CentroidX: 0.7770
CentroidY: 0.4462
