Location: Dedata_30.png_Gaussian-Closing.png
Component: component_1755503806715_123.png
centerX: 0.32137096774193546
centerY: 0.31689940153889995
width: 0.04395161290322581
height: 0.02792818466799658
Area: 0.00036852241701063623
CentroidX: 0.3419
CentroidY: 0.3276
