Location: Dedata_30.png_Mean-Medain.png
Component: component_1755503806262_242.png
centerX: 0.8846774193548387
centerY: 0.6970646907950984
width: 0.03508064516129032
height: 0.02792818466799658
Area: 0.000425059064709181
CentroidX: 0.8996
CentroidY: 0.7098
