Location: internet_4.png_Mean-Medain.png
Component: component_1755094383673_290.png
centerX: 0.08585247883917775
centerY: 0.6087824351297405
width: 0.03990326481257558
height: 0.029369831765041345
Area: 0.0005174197008183208
CentroidX: 0.1067
CentroidY: 0.6220
