Location: internet_4.png_Mean-Closing.png
Component: component_1755094383930_181.png
centerX: 0.5324465941152761
centerY: 0.33818078129455376
width: 0.041112454655380895
height: 0.0290846877673225
Area: 0.0004790327216816439
CentroidX: 0.5528
CentroidY: 0.3519
