Location: Dedata_30.png_Gaussian-Closing.png
Component: component_1755503806727_177.png
centerX: 0.294758064516129
centerY: 0.5169563978341408
width: 0.04153225806451613
height: 0.027358221715588486
Area: 0.0003523198411458094
CentroidX: 0.3145
CentroidY: 0.5278
