Location: internet_4.png_Gaussian-Closing.png
Component: component_1755094384168_172.png
centerX: 0.40386940749697703
centerY: 0.30852580553179354
width: 0.04675534058847239
height: 0.0290846877673225
Area: 0.0005333951202793929
CentroidX: 0.4286
CentroidY: 0.3205
