Location: internet_4.png_Mean-Medain.png
Component: component_1755094383650_196.png
centerX: 0.15598548972188633
centerY: 0.36070715711434276
width: 0.04877065699314793
height: 0.02879954376960365
Area: 0.0005190287358719539
CentroidX: 0.1798
CentroidY: 0.3736
