Location: Dedata_30.png_Gaussian-Closing.png
Component: component_1755503806715_124.png
centerX: 0.3919354838709677
centerY: 0.3174693644913081
width: 0.0467741935483871
height: 0.026788258763180393
Area: 0.0004182792634607783
CentroidX: 0.4144
CentroidY: 0.3287
