Location: internet_4.png_Mean-Medain.png
Component: component_1755094383651_201.png
centerX: 0.5409109230149134
centerY: 0.37154262902765894
width: 0.04433696090286175
height: 0.02623324779013402
Area: 0.0004930543128633043
CentroidX: 0.5632
CentroidY: 0.3836
