Location: Dedata_30.png_Gaussian-Median.png
Component: component_1755503806838_115.png
centerX: 0.8620967741935484
centerY: 0.27158734682245655
width: 0.044758064516129036
height: 0.027643203191792535
Area: 0.00039449250314858565
CentroidX: 0.8834
CentroidY: 0.2835
