Location: internet_4.png_Gaussian-Closing.png
Component: component_1755094384151_84.png
centerX: 0.7722692462716646
centerY: 0.11491303108069575
width: 0.04836759371221282
height: 0.022241231822070145
Area: 0.00035249360782092174
CentroidX: 0.7964
CentroidY: 0.1247
