Location: Dedata_30.png_Otsu.png
Component: component_1755503806639_281.png
centerX: 0.35846774193548386
centerY: 0.7922485038472499
width: 0.03346774193548387
height: 0.02536335138216016
Area: 0.000293714779507074
CentroidX: 0.3736
CentroidY: 0.8040
