Location: internet_4.png_Mean-Closing.png
Component: component_1755094383762_104.png
centerX: 0.33373639661426846
centerY: 0.16680923866552608
width: 0.037081821846029824
height: 0.02281151981750784
Area: 0.00033341504932784285
CentroidX: 0.3525
CentroidY: 0.1764
