Location: Dedata_30.png_Mean-Medain.png
Component: component_1755503806271_276.png
centerX: 0.755241935483871
centerY: 0.7950983186092904
width: 0.03387096774193549
height: 0.02336848104873183
Area: 0.000349676867777788
CentroidX: 0.7690
CentroidY: 0.8060
