Location: Dedata_30.png_Otsu.png
Component: component_1755503806603_194.png
centerX: 0.49274193548387096
centerY: 0.518096323738957
width: 0.05040322580645161
height: 0.0262182958107723
Area: 0.00034036900504693003
CentroidX: 0.5176
CentroidY: 0.5278
