Location: internet_4.png_Mean-Closing.png
Component: component_1755094383732_35.png
centerX: 0.39379282547359934
centerY: 0.012546335899629312
width: 0.04796453043127771
height: 0.03051040775591674
Area: 0.0005667251321046511
CentroidX: 0.4178
CentroidY: 0.0265
