Location: Dedata_30.png_Gaussian-Median.png
Component: component_1755503806833_95.png
centerX: 0.584274193548387
centerY: 0.22656027358221714
width: 0.04435483870967742
height: 0.022798518096323737
Area: 0.00033876023864900395
CentroidX: 0.6043
CentroidY: 0.2359
