Location: internet_4.png_Mean-Closing.png
Component: component_1755094383761_97.png
centerX: 0.7146311970979444
centerY: 0.15312232677502138
width: 0.036275695284159616
height: 0.023096663815226688
Area: 0.00032410563223182244
CentroidX: 0.7326
CentroidY: 0.1638
