Location: internet_4.png_Mean-Closing.png
Component: component_1755094383730_28.png
centerX: 0.7750906892382105
centerY: 0.009124607927003137
width: 0.042724707779121324
height: 0.02566295979469632
Area: 0.0003969719339463527
CentroidX: 0.7965
CentroidY: 0.0207
