Location: Dedata_30.png_Otsu.png
Component: component_1755503806625_248.png
centerX: 0.29879032258064514
centerY: 0.6973496722713024
width: 0.035483870967741936
height: 0.02536335138216016
Area: 0.00033680673659437945
CentroidX: 0.3129
CentroidY: 0.7088
