Location: internet_4.png_Otsu.png
Component: component_1755094384325_108.png
centerX: 0.9000403063280935
centerY: 0.14884516680923868
width: 0.03788794840790004
height: 0.0213857998289136
Area: 0.00024848098471106386
CentroidX: 0.9180
CentroidY: 0.1587
