Location: internet_4.png_Otsu.png
Component: component_1755094384323_97.png
centerX: 0.45747682386134625
centerY: 0.1283147989734816
width: 0.04070939137444579
height: 0.02281151981750784
Area: 0.00028456934234255045
CentroidX: 0.4797
CentroidY: 0.1379
