Location: Dedata_30.png_Gaussian-Median.png
Component: component_1755503806837_108.png
centerX: 0.455241935483871
centerY: 0.2658877172983756
width: 0.045564516129032256
height: 0.02536335138216016
Area: 0.00033967953373353313
CentroidX: 0.4765
CentroidY: 0.2751
