Location: internet_4.png_Gaussian-Closing.png
Component: component_1755094384141_38.png
centerX: 0.5272067714631197
centerY: 0.011690903906472769
width: 0.04917372027408303
height: 0.03022526375819789
Area: 0.0005335100513546524
CentroidX: 0.5532
CentroidY: 0.0254
