Location: internet_4.png_Otsu.png
Component: component_1755094384328_153.png
centerX: 0.028214429665457477
centerY: 0.18106643855146848
width: 0.04514308746473196
height: 0.02737382378100941
Area: 0.0004382321899645173
CentroidX: 0.0505
CentroidY: 0.1931
