Location: internet_4.png_Mean-Closing.png
Component: component_1755094384059_267.png
centerX: 0.29383313180169285
centerY: 0.5466210436270317
width: 0.04353083434099154
height: 0.025377815796977475
Area: 0.0005105238363027501
CentroidX: 0.3163
CentroidY: 0.5582
