Location: internet_4.png_Gaussian-Closing.png
Component: component_1755094384186_260.png
centerX: 0.029826682789197905
centerY: 0.5138294838893641
width: 0.05038291011688835
height: 0.026518391787852865
Area: 0.00044961036641520897
CentroidX: 0.0558
CentroidY: 0.5253
