Location: Dedata_30.png_Gaussian-Closing.png
Component: component_1755503806692_7.png
centerX: 0.4254032258064516
centerY: 0.007409518381305215
width: 0.04435483870967742
height: 0.02792818466799658
Area: 0.0003809329006517802
CentroidX: 0.4463
CentroidY: 0.0197
