Location: internet_4.png_Otsu.png
Component: component_1755094384364_383.png
centerX: 0.29383313180169285
centerY: 0.5466210436270317
width: 0.04353083434099154
height: 0.025377815796977475
Area: 0.0004727115125423708
CentroidX: 0.3164
CentroidY: 0.5582
