Location: Dedata_30.png_Gaussian-Median.png
Component: component_1755503806836_107.png
centerX: 0.3096774193548387
centerY: 0.26560273582217153
width: 0.04435483870967742
height: 0.021658592191507554
Area: 0.00031738662793370044
CentroidX: 0.3302
CentroidY: 0.2735
