Location: Dedata_30.png_Gaussian-Closing.png
Component: component_1755503806717_136.png
centerX: 0.6580645161290323
centerY: 0.36363636363636365
width: 0.04395161290322581
height: 0.031917925334853235
Area: 0.0004092012245010526
CentroidX: 0.6793
CentroidY: 0.3765
