Location: internet_4.png_Gaussian-Closing.png
Component: component_1755094384191_284.png
centerX: 0.3978234582829504
centerY: 0.5856857713145138
width: 0.04191858121725111
height: 0.027944111776447105
Area: 0.0005109835606037881
CentroidX: 0.4201
CentroidY: 0.5980
