Location: Dedata_30.png_Gaussian-Closing.png
Component: component_1755503806728_181.png
centerX: 0.4258064516129032
centerY: 0.518096323738957
width: 0.04233870967741935
height: 0.027358221715588486
Area: 0.00035197510548911097
CentroidX: 0.4441
CentroidY: 0.5291
