Location: Kurtxevani_1794_page_10.png_Mean-Medain.png
Component: component_1755610055044_2043.png
centerX: 0.8088836937463472
centerY: 0.6364037020713971
width: 0.022793687901811806
height: 0.016747465843984136
Area: 0.00018880759887477883
CentroidX: 0.8201
CentroidY: 0.6430
