Location: Dedata_30.png_Mean-Medain.png
Component: component_1755503806213_5.png
centerX: 0.17379032258064517
centerY: 0.007124536905101168
width: 0.03669354838709677
height: 0.024793388429752067
Area: 0.00038438025721876466
CentroidX: 0.1913
CentroidY: 0.0173
