Location: Kurtxevani_1794_page_10.png_Mean-Medain.png
Component: component_1755610054855_1014.png
centerX: 0.3109292811221508
centerY: 0.28162185985015425
width: 0.01636469900642899
height: 0.011018069634200088
Area: 0.00010457828805342457
CentroidX: 0.3188
CentroidY: 0.2859
