Location: Dedata_30.png_Mean-Medain.png
Component: component_1755503806259_226.png
centerX: 0.2971774193548387
centerY: 0.6534625249358792
width: 0.03669354838709677
height: 0.027643203191792535
Area: 0.00039564162200424717
CentroidX: 0.3148
CentroidY: 0.6661
