Location: internet_4.png_Otsu.png
Component: component_1755094384351_328.png
centerX: 0.09149536477226924
centerY: 0.4069004847447961
width: 0.04433696090286175
height: 0.03051040775591674
Area: 0.0005378774322145138
CentroidX: 0.1155
CentroidY: 0.4197
