Location: internet_4.png_Gaussian-Closing.png
Component: component_1755094384147_65.png
centerX: 0.954453849254333
centerY: 0.07698887938408897
width: 0.03869407496977025
height: 0.023952095808383235
Area: 0.0003999601419031
CentroidX: 0.9753
CentroidY: 0.0870
