Location: internet_4.png_Gaussian-Closing.png
Component: component_1755094384148_70.png
centerX: 0.6469165659008465
centerY: 0.08753920729968634
width: 0.03869407496977025
height: 0.02281151981750784
Area: 0.00032410563223182244
CentroidX: 0.6664
CentroidY: 0.0983
