Location: internet_4.png_Gaussian-Closing.png
Component: component_1755094384152_90.png
centerX: 0.39500201531640466
centerY: 0.1317365269461078
width: 0.03869407496977025
height: 0.023952095808383235
Area: 0.00034008105169289454
CentroidX: 0.4164
CentroidY: 0.1419
