Location: internet_4.png_Mean-Medain.png
Component: component_1755094383631_118.png
centerX: 0.6473196291817815
centerY: 0.19446820644425436
width: 0.041112454655380895
height: 0.02281151981750784
Area: 0.00033536887760725456
CentroidX: 0.6665
CentroidY: 0.2057
