Location: internet_4.png_Mean-Closing.png
Component: component_1755094384082_297.png
centerX: 0.03990326481257558
centerY: 0.834901625320787
width: 0.04353083434099154
height: 0.028229255774165955
Area: 0.00042271649480448326
CentroidX: 0.0612
CentroidY: 0.8478
