Location: internet_4.png_Gaussian-Closing.png
Component: component_1755094384159_121.png
centerX: 0.5832325675130996
centerY: 0.1990305104077559
width: 0.03345425231761386
height: 0.024522383803820928
Area: 0.0003268639780380507
CentroidX: 0.6011
CentroidY: 0.2094
