Location: Dedata_30.png_Otsu.png
Component: component_1755503806584_152.png
centerX: 0.2318548387096774
centerY: 0.36563123396979197
width: 0.04233870967741935
height: 0.028498147620404674
Area: 0.00033830059110673933
CentroidX: 0.2546
CentroidY: 0.3760
