Location: Dedata_30.png_Gaussian-Median.png
Component: component_1755503806849_159.png
centerX: 0.23306451612903226
centerY: 0.4140780849244799
width: 0.043548387096774194
height: 0.031062980906241093
Area: 0.0003855293760744261
CentroidX: 0.2505
CentroidY: 0.4278
