Location: Dedata_30.png_Mean-Medain.png
Component: component_1755503806257_215.png
centerX: 0.9084677419354839
centerY: 0.6155599886007409
width: 0.04435483870967742
height: 0.025648332858364205
Area: 0.0004071328105608619
CentroidX: 0.9252
CentroidY: 0.6275
