Location: Paraklitoni_1720_page_10.png_Mean-Medain.png
Component: component_1755610055284_762.png
centerX: 0.19588414634146342
centerY: 0.28020050125313284
width: 0.012957317073170731
height: 0.009022556390977444
Area: 6.762332660920595e-05
CentroidX: 0.2021
CentroidY: 0.2836
