Location: Dedata_30.png_Otsu.png
Component: component_1755503806518_40.png
centerX: 0.5592741935483871
centerY: 0.09489883157594756
width: 0.04032258064516129
height: 0.02536335138216016
Area: 0.00031210068119765763
CentroidX: 0.5786
CentroidY: 0.1037
