Location: Kurtxevani_1794_page_10.png_Mean-Medain.png
Component: component_1755610055109_2589.png
centerX: 0.6107539450613676
centerY: 0.8175407668576465
width: 0.022793687901811806
height: 0.017188188629352136
Area: 0.00018803485290394073
CentroidX: 0.6218
CentroidY: 0.8243
