Location: Dedata_30.png_Otsu.png
Component: component_1755503806531_58.png
centerX: 0.10120967741935484
centerY: 0.1396409233399829
width: 0.02620967741935484
height: 0.024223425477343973
Area: 0.00014582318278344165
CentroidX: 0.1120
CentroidY: 0.1524
