Location: Dedata_30.png_Gaussian-Median.png
Component: component_1755503806882_264.png
centerX: 0.36774193548387096
centerY: 0.750356226845255
width: 0.031048387096774193
height: 0.02536335138216016
Area: 0.0003559970214839261
CentroidX: 0.3800
CentroidY: 0.7624
