Location: Dedata_30.png_Mean-Medain.png
Component: component_1755503806230_89.png
centerX: 0.3842741935483871
centerY: 0.22485038472499289
width: 0.044758064516129036
height: 0.02365346252493588
Area: 0.0003276137857490876
CentroidX: 0.4032
CentroidY: 0.2341
