Location: Kurtxevani_1794_page_10.png_Mean-Medain.png
Component: component_1755610054809_759.png
centerX: 0.45295149035651666
centerY: 0.18245923314235346
width: 0.017533606078316773
height: 0.0123402379903041
Area: 0.00012621517523689173
CentroidX: 0.4617
CentroidY: 0.1871
