Location: Dedata_30.png_Gaussian-Closing.png
Component: component_1755503806723_157.png
centerX: 0.09233870967741936
centerY: 0.41664291821031635
width: 0.04314516129032258
height: 0.031062980906241093
Area: 0.00037380836374667904
CentroidX: 0.1125
CentroidY: 0.4299
