Location: Dedata_30.png_Otsu.png
Component: component_1755503806513_30.png
centerX: 0.49879032258064515
centerY: 0.05500142490738102
width: 0.039919354838709675
height: 0.026503277286976348
Area: 0.0003034822897801965
CentroidX: 0.5176
CentroidY: 0.0644
