Location: internet_4.png_Mean-Closing.png
Component: component_1755094383990_217.png
centerX: 0.29343006852075776
centerY: 0.4257199885942401
width: 0.049576783555018135
height: 0.02879954376960365
Area: 0.0006015492479082831
CentroidX: 0.3206
CentroidY: 0.4380
