Location: internet_4.png_Otsu.png
Component: component_1755094384348_316.png
centerX: 0.928254735993551
centerY: 0.3835186769318506
width: 0.042724707779121324
height: 0.02566295979469632
Area: 0.0004814462742620936
CentroidX: 0.9510
CentroidY: 0.3942
