Location: Dedata_30.png_Otsu.png
Component: component_1755503806640_286.png
centerX: 0.8173387096774194
centerY: 0.7948133371330863
width: 0.03225806451612903
height: 0.024508406953548018
Area: 0.0002998051094420798
CentroidX: 0.8307
CentroidY: 0.8066
