Location: Dedata_30.png_Mean-Medain.png
Component: component_1755503806258_219.png
centerX: 0.5826612903225806
centerY: 0.6186947848389854
width: 0.039112903225806454
height: 0.024508406953548018
Area: 0.0003747276588312082
CentroidX: 0.5993
CentroidY: 0.6294
