Location: internet_4.png_Mean-Medain.png
Component: component_1755094383625_87.png
centerX: 0.45747682386134625
centerY: 0.12802965497576277
width: 0.041112454655380895
height: 0.023952095808383235
Area: 0.0003369779126608877
CentroidX: 0.4798
CentroidY: 0.1381
