Location: Kurtxevani_1764_page_10.png_Otsu.png
Component: component_1755610055892_1017.png
centerX: 0.46537216828478967
centerY: 0.3587464920486436
width: 0.016828478964401296
height: 0.010757717492984098
Area: 0.00010837942486248225
CentroidX: 0.4735
CentroidY: 0.3629
