Location: Dedata_30.png_Mean-Medain.png
Component: component_1755503806240_138.png
centerX: 0.6576612903225807
centerY: 0.36363636363636365
width: 0.04435483870967742
height: 0.031917925334853235
Area: 0.0004279318618483347
CentroidX: 0.6793
CentroidY: 0.3765
