Location: internet_4.png_Mean-Medain.png
Component: component_1755094383641_158.png
centerX: 0.9604997984683595
centerY: 0.27830054177359564
width: 0.037081821846029824
height: 0.027944111776447105
Area: 0.0004277734621159018
CentroidX: 0.9786
CentroidY: 0.2900
