Location: internet_4.png_Mean-Closing.png
Component: component_1755094383782_130.png
centerX: 0.09109230149133414
centerY: 0.22212717422298262
width: 0.03466344216041919
height: 0.026518391787852865
Area: 0.0003108885585769786
CentroidX: 0.1074
CentroidY: 0.2338
