Location: internet_4.png_Otsu.png
Component: component_1755094384344_299.png
centerX: 0.9645304312777107
centerY: 0.34473909324208724
width: 0.03426037887948408
height: 0.02879954376960365
Area: 0.00046696495877939523
CentroidX: 0.9828
CentroidY: 0.3570
