Location: internet_4.png_Otsu.png
Component: component_1755094384354_335.png
centerX: 0.8222490931076178
centerY: 0.4317080125463359
width: 0.03909713825070536
height: 0.02566295979469632
Area: 0.0004624826468442743
CentroidX: 0.8421
CentroidY: 0.4437
