Location: internet_4.png_Mean-Closing.png
Component: component_1755094383797_140.png
centerX: 0.8403869407496977
centerY: 0.2469347020245224
width: 0.042724707779121324
height: 0.023096663815226688
Area: 0.00048351503361676487
CentroidX: 0.8625
CentroidY: 0.2576
