Location: Paraklitoni_1720_page_10.png_Mean-Medain.png
Component: component_1755610055546_2185.png
centerX: 0.18826219512195122
centerY: 0.8015037593984963
width: 0.013719512195121951
height: 0.008521303258145364
Area: 6.953359007274284e-05
CentroidX: 0.1949
CentroidY: 0.8046
