Location: internet_4.png_Mean-Medain.png
Component: component_1755094383669_276.png
centerX: 0.7533252720677146
centerY: 0.5574565155403479
width: 0.03869407496977025
height: 0.02765896777872826
Area: 0.0004807566878105366
CentroidX: 0.7727
CentroidY: 0.5698
