Location: Dedata_30.png_Gaussian-Closing.png
Component: component_1755503806693_15.png
centerX: 0.5802419354838709
centerY: 0.012539184952978056
width: 0.03346774193548387
height: 0.0262182958107723
Area: 0.00032887781649031523
CentroidX: 0.5968
CentroidY: 0.0235
