Location: internet_4.png_Mean-Closing.png
Component: component_1755094384050_251.png
centerX: 0.8363563079403467
centerY: 0.5049900199600799
width: 0.04191858121725111
height: 0.027944111776447105
Area: 0.00048420462006832195
CentroidX: 0.8573
CentroidY: 0.5182
