Location: internet_4.png_Mean-Medain.png
Component: component_1755094383664_257.png
centerX: 0.7835550181378477
centerY: 0.5081266039349872
width: 0.03345425231761386
height: 0.02737382378100941
Area: 0.00044041588039444804
CentroidX: 0.8014
CentroidY: 0.5200
