Location: internet_4.png_Mean-Medain.png
Component: component_1755094383667_269.png
centerX: 0.3555018137847642
centerY: 0.5420587396635301
width: 0.041515517936316
height: 0.02765896777872826
Area: 0.0005043175582387365
CentroidX: 0.3763
CentroidY: 0.5548
