Location: internet_4.png_Mean-Closing.png
Component: component_1755094383994_224.png
centerX: 0.6493349455864571
centerY: 0.43855146849158827
width: 0.037484885126964934
height: 0.0290846877673225
Area: 0.0004521388500709182
CentroidX: 0.6673
CentroidY: 0.4523
