Location: Dedata_30.png_Gaussian-Closing.png
Component: component_1755503806732_196.png
centerX: 0.2318548387096774
centerY: 0.5679680820746651
width: 0.0467741935483871
height: 0.028783129096608722
Area: 0.00041494681877936
CentroidX: 0.2553
CentroidY: 0.5795
