Location: internet_4.png_Mean-Medain.png
Component: component_1755094383634_133.png
centerX: 0.09109230149133414
centerY: 0.22212717422298262
width: 0.03466344216041919
height: 0.026518391787852865
Area: 0.0003143364908347639
CentroidX: 0.1076
CentroidY: 0.2339
