Location: Dedata_30.png_Gaussian-Closing.png
Component: component_1755503806726_172.png
centerX: 0.09112903225806451
centerY: 0.4707893986890852
width: 0.044758064516129036
height: 0.027358221715588486
Area: 0.00035025142720561874
CentroidX: 0.1123
CentroidY: 0.4813
