Location: Kurtxevani_1764_page_10.png_Otsu.png
Component: component_1755610055824_510.png
centerX: 0.37216828478964403
centerY: 0.1412535079513564
width: 0.017475728155339806
height: 0.011693171188026192
Area: 0.0001268463101044136
CentroidX: 0.3811
CentroidY: 0.1461
