Location: Dedata_30.png_Gaussian-Median.png
Component: component_1755503806857_180.png
centerX: 0.09112903225806451
centerY: 0.4707893986890852
width: 0.044758064516129036
height: 0.027358221715588486
Area: 0.00035197510548911097
CentroidX: 0.1122
CentroidY: 0.4814
