Location: internet_4.png_Otsu.png
Component: component_1755094384347_312.png
centerX: 0.5977428456267634
centerY: 0.365839749073282
width: 0.0471584038694075
height: 0.02566295979469632
Area: 0.0004739757543702254
CentroidX: 0.6224
CentroidY: 0.3774
