Location: Dedata_30.png_Otsu.png
Component: component_1755503806641_290.png
centerX: 0.9431451612903226
centerY: 0.7959532630379025
width: 0.03508064516129032
height: 0.02792818466799658
Area: 0.0003353128820820195
CentroidX: 0.9583
CentroidY: 0.8097
