Location: Dedata_30.png_Gaussian-Closing.png
Component: component_1755503806721_151.png
centerX: 0.23306451612903226
centerY: 0.4140780849244799
width: 0.043548387096774194
height: 0.030777999430037048
Area: 0.0003842653453331985
CentroidX: 0.2505
CentroidY: 0.4278
