Location: internet_4.png_Otsu.png
Component: component_1755094384324_104.png
centerX: 0.1475211608222491
centerY: 0.14485315084117478
width: 0.03426037887948408
height: 0.02423723980610208
Area: 0.0002949131391159065
CentroidX: 0.1650
CentroidY: 0.1547
