Location: internet_4.png_Gaussian-Closing.png
Component: component_1755094384178_216.png
centerX: 0.5550181378476421
centerY: 0.40633019674935844
width: 0.044740024183796856
height: 0.027088679783290562
Area: 0.0004879973455518858
CentroidX: 0.5784
CentroidY: 0.4182
