Location: Dedata_30.png_Gaussian-Median.png
Component: component_1755503806876_241.png
centerX: 0.4975806451612903
centerY: 0.6571672841265318
width: 0.04153225806451613
height: 0.02963807352522086
Area: 0.00036806276946837167
CentroidX: 0.5154
CentroidY: 0.6701
