Location: internet_4.png_Mean-Closing.png
Component: component_1755094383761_100.png
centerX: 0.5840386940749698
centerY: 0.15654405474764757
width: 0.039500201531640466
height: 0.023666951810664385
Area: 0.0003626075424437588
CentroidX: 0.6050
CentroidY: 0.1667
