Location: internet_4.png_Mean-Closing.png
Component: component_1755094383764_114.png
centerX: 0.7110036275695284
centerY: 0.19047619047619047
width: 0.03788794840790004
height: 0.021670943826632448
Area: 0.00036777944083043676
CentroidX: 0.7307
CentroidY: 0.2006
