Location: Dedata_30.png_Otsu.png
Component: component_1755503806543_81.png
centerX: 0.5012096774193548
centerY: 0.18324308919920204
width: 0.04153225806451613
height: 0.025648332858364205
Area: 0.0002940595151637724
CentroidX: 0.5205
CentroidY: 0.1924
