Location: internet_4.png_Mean-Medain.png
Component: component_1755094383621_68.png
centerX: 0.6469165659008465
centerY: 0.08753920729968634
width: 0.03869407496977025
height: 0.023096663815226688
Area: 0.0003368629815856282
CentroidX: 0.6664
CentroidY: 0.0983
