Location: internet_4.png_Gaussian-Closing.png
Component: component_1755094384170_178.png
centerX: 0.2184602982668279
centerY: 0.3213572854291417
width: 0.04675534058847239
height: 0.025092671799258625
Area: 0.00046857399383302837
CentroidX: 0.2407
CentroidY: 0.3335
