Location: internet_4.png_Gaussian-Closing.png
Component: component_1755094384149_76.png
centerX: 0.2652156388553003
centerY: 0.10065583119475335
width: 0.04433696090286175
height: 0.020530367835757058
Area: 0.00034237967319808476
CentroidX: 0.2860
CentroidY: 0.1111
