Location: internet_4.png_Mean-Medain.png
Component: component_1755094383672_288.png
centerX: 0.21765417170495768
centerY: 0.6010835471913316
width: 0.03788794840790004
height: 0.02879954376960365
Area: 0.000504662351464515
CentroidX: 0.2389
CentroidY: 0.6133
