Location: internet_4.png_Gaussian-Closing.png
Component: component_1755094384155_100.png
centerX: 0.8347440548166062
centerY: 0.14998574280011406
width: 0.03869407496977025
height: 0.020530367835757058
Area: 0.00033134628997317166
CentroidX: 0.8544
CentroidY: 0.1594
