Location: internet_4.png_Mean-Medain.png
Component: component_1755094383648_188.png
centerX: 0.4127367996775494
centerY: 0.3455945252352438
width: 0.03869407496977025
height: 0.027944111776447105
Area: 0.0004531732297482538
CentroidX: 0.4321
CentroidY: 0.3581
