Location: Dedata_30.png_Gaussian-Median.png
Component: component_1755503806865_208.png
centerX: 0.15685483870967742
centerY: 0.5696779709318894
width: 0.044758064516129036
height: 0.02792818466799658
Area: 0.0003650750604436518
CentroidX: 0.1786
CentroidY: 0.5796
