Location: Kurtxevani_1794_page_10.png_Mean-Medain.png
Component: component_1755610055028_1865.png
centerX: 0.4687317358270017
centerY: 0.5570736007051564
width: 0.022793687901811806
height: 0.016747465843984136
Area: 0.00019061067280673442
CentroidX: 0.4801
CentroidY: 0.5636
