Location: internet_4.png_Mean-Closing.png
Component: component_1755094383775_126.png
centerX: 0.8403869407496977
centerY: 0.2167094382663245
width: 0.045949214026602174
height: 0.026518391787852865
Area: 0.0004631722332958313
CentroidX: 0.8627
CentroidY: 0.2294
