Location: internet_4.png_Mean-Closing.png
Component: component_1755094384048_246.png
centerX: 0.41676743248690046
centerY: 0.49443969204448246
width: 0.042724707779121324
height: 0.02566295979469632
Area: 0.00047363096114444686
CentroidX: 0.4381
CentroidY: 0.5063
