Location: internet_4.png_Gaussian-Closing.png
Component: component_1755094384157_109.png
centerX: 0.33373639661426846
centerY: 0.16680923866552608
width: 0.037081821846029824
height: 0.02281151981750784
Area: 0.0003208875621245561
CentroidX: 0.3524
CentroidY: 0.1764
