Location: Dedata_30.png_Otsu.png
Component: component_1755503806532_63.png
centerX: 0.4346774193548387
centerY: 0.14163579367341123
width: 0.03951612903225806
height: 0.024508406953548018
Area: 0.0002896928635122588
CentroidX: 0.4520
CentroidY: 0.1506
