Location: Kurtxevani_1794_page_10.png_Mean-Medain.png
Component: component_1755610054636_614.png
centerX: 0.7159555815312683
centerY: 0.13177611282503304
width: 0.01694915254237288
height: 0.011899515204936095
Area: 0.0001094723458687326
CentroidX: 0.7245
CentroidY: 0.1363
