Location: Kurtxevani_1784_page_10.png_Gaussian-Closing.png
Component: component_1755610055714_118.png
centerX: 0.5651237890204521
centerY: 0.14103585657370518
width: 0.01829924650161464
height: 0.013545816733067729
Area: 0.00015867638166387196
CentroidX: 0.5740
CentroidY: 0.1460
