Location: internet_4.png_Gaussian-Closing.png
Component: component_1755094384185_253.png
centerX: 0.9528415961305925
centerY: 0.4984317080125463
width: 0.039500201531640466
height: 0.027088679783290562
Area: 0.0005002949706046535
CentroidX: 0.9740
CentroidY: 0.5110
