Location: internet_4.png_Mean-Closing.png
Component: component_1755094383739_52.png
centerX: 0.4558645707376058
centerY: 0.05731394354148845
width: 0.04353083434099154
height: 0.025092671799258625
Area: 0.00038547882642040154
CentroidX: 0.4776
CentroidY: 0.0682
