Location: Dedata_30.png_Gaussian-Closing.png
Component: component_1755503806710_97.png
centerX: 0.8012096774193549
centerY: 0.22884012539184953
width: 0.03346774193548387
height: 0.024508406953548018
Area: 0.00033416376322635804
CentroidX: 0.8150
CentroidY: 0.2404
