Location: internet_4.png_Mean-Medain.png
Component: component_1755094383642_165.png
centerX: 0.09552599758162031
centerY: 0.2919874536641004
width: 0.03869407496977025
height: 0.02566295979469632
Area: 0.00042133732190136915
CentroidX: 0.1141
CentroidY: 0.3040
