Location: internet_4.png_Mean-Closing.png
Component: component_1755094383944_192.png
centerX: 0.15598548972188633
centerY: 0.36070715711434276
width: 0.04877065699314793
height: 0.028514399771884802
Area: 0.0005168450454420232
CentroidX: 0.1798
CentroidY: 0.3736
