Location: internet_4.png_Otsu.png
Component: component_1755094384291_29.png
centerX: 0.8952035469568722
centerY: 0.011120615911035072
width: 0.0471584038694075
height: 0.02566295979469632
Area: 0.00041547583706313403
CentroidX: 0.9178
CentroidY: 0.0227
