Location: internet_4.png_Gaussian-Closing.png
Component: component_1755094384173_196.png
centerX: 0.728335348649738
centerY: 0.35956658112346734
width: 0.04232164449818621
height: 0.023666951810664385
Area: 0.00043237070512628224
CentroidX: 0.7505
CentroidY: 0.3699
