Location: internet_4.png_Otsu.png
Component: component_1755094384339_274.png
centerX: 0.7843611446997178
centerY: 0.2874251497005988
width: 0.0471584038694075
height: 0.0290846877673225
Area: 0.0005009845570562106
CentroidX: 0.8062
CentroidY: 0.3015
