Location: internet_4.png_Otsu.png
Component: component_1755094384367_397.png
centerX: 0.3373639661426844
centerY: 0.5899629312802965
width: 0.037081821846029824
height: 0.03051040775591674
Area: 0.0004691486492093259
CentroidX: 0.3572
CentroidY: 0.6029
