Location: internet_4.png_Mean-Medain.png
Component: component_1755094383646_179.png
centerX: 0.7239016525594518
centerY: 0.3236384374108925
width: 0.04030632809351068
height: 0.025377815796977475
Area: 0.00047041289103718053
CentroidX: 0.7451
CentroidY: 0.3345
