Location: internet_4.png_Mean-Medain.png
Component: component_1755094383611_33.png
centerX: 0.8347440548166062
centerY: 0.011120615911035072
width: 0.049576783555018135
height: 0.027088679783290562
Area: 0.000479492445982682
CentroidX: 0.8604
CentroidY: 0.0238
