Location: Dedata_30.png_Gaussian-Closing.png
Component: component_1755503806709_89.png
centerX: 0.510483870967742
centerY: 0.22599031062980907
width: 0.04758064516129032
height: 0.021373610715303505
Area: 0.0003585250829663814
CentroidX: 0.5363
CentroidY: 0.2351
