Location: Paraklitoni_1720_page_10.png_Mean-Medain.png
Component: component_1755610055367_1640.png
centerX: 0.24695121951219512
centerY: 0.5939849624060151
width: 0.013719512195121951
height: 0.009022556390977444
Area: 7.870285469771991e-05
CentroidX: 0.2537
CentroidY: 0.5973
