Location: Kurtxevani_1784_page_10.png_Gaussian-Closing.png
Component: component_1755610055744_360.png
centerX: 0.7664155005382132
centerY: 0.47649402390438245
width: 0.0193756727664155
height: 0.013545816733067729
Area: 0.00015696096132155983
CentroidX: 0.7758
CentroidY: 0.4816
