Location: Dedata_30.png_Mean-Medain.png
Component: component_1755503806244_158.png
centerX: 0.5770161290322581
centerY: 0.41493302935309206
width: 0.04435483870967742
height: 0.02707324023938444
Area: 0.00037771536785592805
CentroidX: 0.5985
CentroidY: 0.4251
