Location: internet_4.png_Otsu.png
Component: component_1755094384333_234.png
centerX: 0.5844417573559049
centerY: 0.22840034217279725
width: 0.04514308746473196
height: 0.02281151981750784
Area: 0.00048753762125084777
CentroidX: 0.6079
CentroidY: 0.2389
