Location: internet_4.png_Gaussian-Closing.png
Component: component_1755094384194_309.png
centerX: 0.04393389762192664
centerY: 0.9498146564014828
width: 0.03345425231761386
height: 0.031080695751354435
Area: 0.00035111443491780763
CentroidX: 0.0590
CentroidY: 0.9650
