Location: Dedata_30.png_Gaussian-Median.png
Component: component_1755503806868_218.png
centerX: 0.717741935483871
centerY: 0.615844970076945
width: 0.044758064516129036
height: 0.02536335138216016
Area: 0.00041264858106803705
CentroidX: 0.7387
CentroidY: 0.6272
