Location: internet_4.png_Otsu.png
Component: component_1755094384361_367.png
centerX: 0.8363563079403467
centerY: 0.5052751639577987
width: 0.04232164449818621
height: 0.02765896777872826
Area: 0.0004529433675977348
CentroidX: 0.8573
CentroidY: 0.5182
