Location: internet_4.png_Mean-Closing.png
Component: component_1755094383733_42.png
centerX: 0.14349052801289802
centerY: 0.017393783860849728
width: 0.04433696090286175
height: 0.027088679783290562
Area: 0.0005085700080233384
CentroidX: 0.1669
CentroidY: 0.0289
