Location: internet_4.png_Gaussian-Closing.png
Component: component_1755094384145_56.png
centerX: 0.5179363160016123
centerY: 0.05588822355289421
width: 0.036275695284159616
height: 0.02765896777872826
Area: 0.0003688138205077724
CentroidX: 0.5373
CentroidY: 0.0681
