Location: internet_4.png_Gaussian-Closing.png
Component: component_1755094384151_85.png
centerX: 0.7194679564691656
centerY: 0.11605360707157114
width: 0.03829101168883515
height: 0.021956087824351298
Area: 0.00029479820804064697
CentroidX: 0.7393
CentroidY: 0.1250
