Location: internet_4.png_Otsu.png
Component: component_1755094384350_324.png
centerX: 0.15638855300282145
centerY: 0.401482748788138
width: 0.04433696090286175
height: 0.02623324779013402
Area: 0.0004477714692110568
CentroidX: 0.1794
CentroidY: 0.4132
