Location: internet_4.png_Mean-Medain.png
Component: component_1755094383632_125.png
centerX: 0.2708585247883918
centerY: 0.21357285429141717
width: 0.04070939137444579
height: 0.022241231822070145
Area: 0.00033755256803718524
CentroidX: 0.2908
CentroidY: 0.2237
