Location: Kurtxevani_1794_page_10.png_Mean-Medain.png
Component: component_1755610054607_542.png
centerX: 0.3798947983635301
centerY: 0.10577346848832085
width: 0.018118059614260665
height: 0.011899515204936095
Area: 0.00012338177334381863
CentroidX: 0.3887
CentroidY: 0.1104
