Location: Dedata_30.png_Gaussian-Closing.png
Component: component_1755503806697_32.png
centerX: 0.024596774193548387
centerY: 0.058706184098033624
width: 0.038306451612903226
height: 0.020518666286691366
Area: 0.000291416541795751
CentroidX: 0.0441
CentroidY: 0.0677
