Location: internet_4.png_Mean-Medain.png
Component: component_1755094383648_189.png
centerX: 0.9068923821039904
centerY: 0.3455945252352438
width: 0.0471584038694075
height: 0.02594810379241517
Area: 0.0005108686295285286
CentroidX: 0.9311
CentroidY: 0.3576
