Location: Kurtxevani_1794_page_10.png_Mean-Medain.png
Component: component_1755610054601_472.png
centerX: 0.592051431911163
centerY: 0.08153371529308065
width: 0.01694915254237288
height: 0.011899515204936095
Area: 0.00010535103402426268
CentroidX: 0.6005
CentroidY: 0.0858
