Location: internet_4.png_Mean-Closing.png
Component: component_1755094383898_169.png
centerX: 0.9742039500201531
centerY: 0.3116623895067009
width: 0.025796049979846837
height: 0.023666951810664385
Area: 0.0002860634463209241
CentroidX: 0.9874
CentroidY: 0.3215
