Location: Dedata_30.png_Gaussian-Closing.png
Component: component_1755503806733_198.png
centerX: 0.9112903225806451
centerY: 0.5679680820746651
width: 0.04112903225806452
height: 0.02336848104873183
Area: 0.00035553737394166155
CentroidX: 0.9285
CentroidY: 0.5772
