Location: Dedata_30.png_Gaussian-Closing.png
Component: component_1755503806725_165.png
centerX: 0.7193548387096774
centerY: 0.4650897691650043
width: 0.04596774193548387
height: 0.0262182958107723
Area: 0.0003653048842147841
CentroidX: 0.7396
CentroidY: 0.4741
