Location: Dedata_30.png_Gaussian-Closing.png
Component: component_1755503806705_72.png
centerX: 0.31451612903225806
centerY: 0.1798233114847535
width: 0.03185483870967742
height: 0.026503277286976348
Area: 0.0003303716710026752
CentroidX: 0.3310
CentroidY: 0.1911
