Location: Dedata_30.png_Gaussian-Median.png
Component: component_1755503806857_183.png
centerX: 0.23346774193548386
centerY: 0.5146765460245084
width: 0.03669354838709677
height: 0.02963807352522086
Area: 0.0003579505235385506
CentroidX: 0.2510
CentroidY: 0.5275
