Location: internet_4.png_Otsu.png
Component: component_1755094384315_63.png
centerX: 0.6469165659008465
centerY: 0.08753920729968634
width: 0.03829101168883515
height: 0.02281151981750784
Area: 0.0002877874124498168
CentroidX: 0.6661
CentroidY: 0.0984
