Location: Dedata_30.png_Gaussian-Closing.png
Component: component_1755503806728_180.png
centerX: 0.49274193548387096
centerY: 0.5178113422627529
width: 0.050806451612903224
height: 0.026503277286976348
Area: 0.0003776004559703619
CentroidX: 0.5177
CentroidY: 0.5278
