Location: Dedata_30.png_Otsu.png
Component: component_1755503806589_160.png
centerX: 0.7241935483870968
centerY: 0.4109432886862354
width: 0.04596774193548387
height: 0.02792818466799658
Area: 0.00035507772639939693
CentroidX: 0.7449
CentroidY: 0.4211
