Location: Kurtxevani_1764_page_10.png_Otsu.png
Component: component_1755610055891_1014.png
centerX: 0.2517799352750809
centerY: 0.3587464920486436
width: 0.018770226537216828
height: 0.011225444340505144
Area: 0.00012926819669351934
CentroidX: 0.2612
CentroidY: 0.3634
