Location: Dedata_30.png_Gaussian-Median.png
Component: component_1755503806886_279.png
centerX: 0.6237903225806452
centerY: 0.7931034482758621
width: 0.037096774193548385
height: 0.024508406953548018
Area: 0.0003602487612498736
CentroidX: 0.6394
CentroidY: 0.8054
