Location: Dedata_30.png_Otsu.png
Component: component_1755503806550_100.png
centerX: 0.4520161290322581
centerY: 0.2268452550584212
width: 0.04233870967741935
height: 0.022513536620119692
Area: 0.0003307164066593736
CentroidX: 0.4739
CentroidY: 0.2360
