Location: internet_4.png_Otsu.png
Component: component_1755094384326_120.png
centerX: 0.5840386940749698
centerY: 0.15654405474764757
width: 0.039500201531640466
height: 0.023666951810664385
Area: 0.0002962923120190206
CentroidX: 0.6044
CentroidY: 0.1666
