Location: internet_4.png_Mean-Closing.png
Component: component_1755094383741_56.png
centerX: 0.2676340185409109
centerY: 0.06529797547761619
width: 0.04070939137444579
height: 0.02623324779013402
Area: 0.0003715721663140007
CentroidX: 0.2868
CentroidY: 0.0774
