Location: internet_4.png_Mean-Closing.png
Component: component_1755094383940_186.png
centerX: 0.3450221684804514
centerY: 0.3504419731964642
width: 0.05239822652156389
height: 0.023666951810664385
Area: 0.0005683341671582844
CentroidX: 0.3711
CentroidY: 0.3616
