Location: Dedata_30.png_Gaussian-Median.png
Component: component_1755503806879_251.png
centerX: 0.494758064516129
centerY: 0.6979196352237105
width: 0.03185483870967742
height: 0.023938444001139925
Area: 0.0003317506136294689
CentroidX: 0.5083
CentroidY: 0.7085
