Location: Kurtxevani_1794_page_10.png_Mean-Medain.png
Component: component_1755610054607_543.png
centerX: 0.4436002337814144
centerY: 0.10577346848832085
width: 0.01694915254237288
height: 0.011458792419568091
Area: 0.00010097214018951337
CentroidX: 0.4518
CentroidY: 0.1098
