Location: Dedata_30.png_Gaussian-Median.png
Component: component_1755503806872_229.png
centerX: 0.16048387096774194
centerY: 0.6517526360786549
width: 0.03870967741935484
height: 0.027358221715588486
Area: 0.0003556522858272277
CentroidX: 0.1762
CentroidY: 0.6638
