Location: Dedata_30.png_Gaussian-Closing.png
Component: component_1755503806727_174.png
centerX: 0.23346774193548386
centerY: 0.5149615275007124
width: 0.03669354838709677
height: 0.029353092049016812
Area: 0.00035703122845402144
CentroidX: 0.2510
CentroidY: 0.5275
