Location: Dedata_30.png_Gaussian-Median.png
Component: component_1755503806859_193.png
centerX: 0.7056451612903226
centerY: 0.5198062125961812
width: 0.04233870967741935
height: 0.027358221715588486
Area: 0.0003540435194293016
CentroidX: 0.7254
CentroidY: 0.5299
