Location: internet_4.png_Gaussian-Closing.png
Component: component_1755094384192_288.png
centerX: 0.21765417170495768
centerY: 0.6010835471913316
width: 0.037484885126964934
height: 0.02879954376960365
Area: 0.0004808716188857961
CentroidX: 0.2389
CentroidY: 0.6133
