Location: Dedata_30.png_Gaussian-Median.png
Component: component_1755503806814_30.png
centerX: 0.49879032258064515
centerY: 0.05471644343117697
width: 0.039919354838709675
height: 0.026788258763180393
Area: 0.0003337041156840934
CentroidX: 0.5177
CentroidY: 0.0644
