Location: Kurtxevani_1794_page_10.png_Mean-Medain.png
Component: component_1755610055058_2224.png
centerX: 0.14436002337814144
centerY: 0.7047157338034377
width: 0.022209234365867914
height: 0.016747465843984136
Area: 0.0001599584159634893
CentroidX: 0.1545
CentroidY: 0.7119
