Location: Dedata_30.png_Otsu.png
Component: component_1755503806641_289.png
centerX: 0.2221774193548387
centerY: 0.7956682815616984
width: 0.031048387096774193
height: 0.024508406953548018
Area: 0.0003106068266852977
CentroidX: 0.2359
CentroidY: 0.8071
