Location: internet_4.png_Otsu.png
Component: component_1755094384356_345.png
centerX: 0.46916565900846435
centerY: 0.4516680923866553
width: 0.041112454655380895
height: 0.0290846877673225
Area: 0.0004269689445890852
CentroidX: 0.4888
CentroidY: 0.4653
