Location: Dedata_30.png_Mean-Medain.png
Component: component_1755503806266_258.png
centerX: 0.6290322580645161
centerY: 0.7509261897976631
width: 0.037096774193548385
height: 0.028498147620404674
Area: 0.00041781961591851367
CentroidX: 0.6431
CentroidY: 0.7638
