Location: internet_4.png_Mean-Medain.png
Component: component_1755094383675_313.png
centerX: 0.03466344216041919
centerY: 0.75990875392073
width: 0.05038291011688835
height: 0.0290846877673225
Area: 0.00046098854286590063
CentroidX: 0.0604
CentroidY: 0.7724
