Location: internet_4.png_Mean-Closing.png
Component: component_1755094384057_262.png
centerX: 0.4143490528012898
centerY: 0.5363558597091531
width: 0.041112454655380895
height: 0.029654975762760195
Area: 0.0005253499450112271
CentroidX: 0.4351
CentroidY: 0.5495
