Location: internet_4.png_Gaussian-Closing.png
Component: component_1755094384189_274.png
centerX: 0.22329705763804916
centerY: 0.5517536355859709
width: 0.05038291011688835
height: 0.02594810379241517
Area: 0.0005438538481280084
CentroidX: 0.2482
CentroidY: 0.5641
