Location: internet_4.png_Otsu.png
Component: component_1755094384341_284.png
centerX: 0.9742039500201531
centerY: 0.3110921015112632
width: 0.025796049979846837
height: 0.024522383803820928
Area: 0.0002479063293347663
CentroidX: 0.9870
CentroidY: 0.3213
