Location: Dedata_30.png_Otsu.png
Component: component_1755503806629_257.png
centerX: 0.9471774193548387
centerY: 0.6982046166999145
width: 0.03588709677419355
height: 0.026503277286976348
Area: 0.00038070307688064793
CentroidX: 0.9617
CentroidY: 0.7101
