Location: Dedata_30.png_Otsu.png
Component: component_1755503806585_153.png
centerX: 0.3040322580645161
centerY: 0.36563123396979197
width: 0.03951612903225806
height: 0.025933314334568254
Area: 0.00031141120988426073
CentroidX: 0.3244
CentroidY: 0.3750
