Location: internet_4.png_Mean-Closing.png
Component: component_1755094383823_151.png
centerX: 0.4042724707779121
centerY: 0.2703165098374679
width: 0.04836759371221282
height: 0.02623324779013402
Area: 0.0005202929776998086
CentroidX: 0.4293
CentroidY: 0.2826
