Location: Kurtxevani_1794_page_10.png_Mean-Medain.png
Component: component_1755610054721_679.png
centerX: 0.6697837521917007
centerY: 0.15601586602027326
width: 0.018118059614260665
height: 0.013221683561040106
Area: 0.00012621517523689173
CentroidX: 0.6787
CentroidY: 0.1618
