Location: Kurtxevani_1794_page_10.png_Mean-Medain.png
Component: component_1755610054945_1433.png
centerX: 0.35242548217416714
centerY: 0.41031291317761126
width: 0.01636469900642899
height: 0.011458792419568091
Area: 0.00011153300179096758
CentroidX: 0.3604
CentroidY: 0.4149
