Location: internet_4.png_Gaussian-Closing.png
Component: component_1755094384141_41.png
centerX: 0.5973397823458283
centerY: 0.012546335899629312
width: 0.042724707779121324
height: 0.027944111776447105
Area: 0.0005085700080233384
CentroidX: 0.6193
CentroidY: 0.0251
