Location: Kurtxevani_1794_page_10.png_Mean-Medain.png
Component: component_1755610055038_1951.png
centerX: 0.8556399766218585
centerY: 0.6002644336712208
width: 0.022209234365867914
height: 0.01630674305861613
Area: 0.0001748981713996928
CentroidX: 0.8664
CentroidY: 0.6065
