Location: internet_4.png_Otsu.png
Component: component_1755094384323_94.png
centerX: 0.58484482063684
centerY: 0.12318220701454234
width: 0.04030632809351068
height: 0.021670943826632448
Area: 0.0003287028752422029
CentroidX: 0.6063
CentroidY: 0.1336
