Location: Dedata_30.png_Gaussian-Median.png
Component: component_1755503806845_149.png
centerX: 0.2314516129032258
centerY: 0.36534625249358793
width: 0.04314516129032258
height: 0.029068110572812767
Area: 0.00037714080842809734
CentroidX: 0.2547
CentroidY: 0.3761
