Location: internet_4.png_Mean-Closing.png
Component: component_1755094383865_157.png
centerX: 0.21523579201934703
centerY: 0.2848588537211292
width: 0.04353083434099154
height: 0.025377815796977475
Area: 0.0004338648091046559
CentroidX: 0.2371
CentroidY: 0.2963
