Location: internet_4.png_Gaussian-Closing.png
Component: component_1755094384193_305.png
centerX: 0.037484885126964934
centerY: 0.8682634730538922
width: 0.049979846835953246
height: 0.028514399771884802
Area: 0.00044961036641520897
CentroidX: 0.0613
CentroidY: 0.8816
