Location: Dedata_30.png_Otsu.png
Component: component_1755503806571_124.png
centerX: 0.9330645161290323
centerY: 0.2730122542034768
width: 0.045564516129032256
height: 0.026503277286976348
Area: 0.00034990669154892027
CentroidX: 0.9545
CentroidY: 0.2845
