Location: internet_4.png_Mean-Medain.png
Component: component_1755094383637_145.png
centerX: 0.21483272873841194
centerY: 0.24893071000855432
width: 0.044740024183796856
height: 0.02281151981750784
Area: 0.0003722617527655577
CentroidX: 0.2366
CentroidY: 0.2596
