Location: internet_4.png_Mean-Closing.png
Component: component_1755094383751_75.png
centerX: 0.9560661023780733
centerY: 0.1092101511263188
width: 0.03990326481257558
height: 0.02423723980610208
Area: 0.0003333001182525833
CentroidX: 0.9770
CentroidY: 0.1194
