Location: internet_4.png_Otsu.png
Component: component_1755094384363_375.png
centerX: 0.6062071745264006
centerY: 0.5249500998003992
width: 0.042724707779121324
height: 0.02623324779013402
Area: 0.00044938050426468994
CentroidX: 0.6268
CentroidY: 0.5372
