Location: internet_4.png_Mean-Closing.png
Component: component_1755094384082_300.png
centerX: 0.037484885126964934
centerY: 0.8679783290561733
width: 0.049979846835953246
height: 0.028514399771884802
Area: 0.0004607586807153816
CentroidX: 0.0612
CentroidY: 0.8815
