Location: internet_4.png_Mean-Closing.png
Component: component_1755094383897_168.png
centerX: 0.913341394598952
centerY: 0.3116623895067009
width: 0.04675534058847239
height: 0.026518391787852865
Area: 0.0005856887595224705
CentroidX: 0.9394
CentroidY: 0.3233
