Location: internet_4.png_Mean-Medain.png
Component: component_1755094383636_143.png
centerX: 0.9633212414349053
centerY: 0.2440832620473339
width: 0.03667875856509472
height: 0.025092671799258625
Area: 0.00040340807416088534
CentroidX: 0.9824
CentroidY: 0.2549
