Location: internet_4.png_Mean-Closing.png
Component: component_1755094383759_91.png
centerX: 0.1475211608222491
centerY: 0.14485315084117478
width: 0.03466344216041919
height: 0.02423723980610208
Area: 0.0003416900867465277
CentroidX: 0.1654
CentroidY: 0.1548
