Location: internet_4.png_Otsu.png
Component: component_1755094384294_41.png
centerX: 0.0354695687222894
centerY: 0.019389791844881665
width: 0.04030632809351068
height: 0.03136583974907328
Area: 0.00044099053577074563
CentroidX: 0.0556
CentroidY: 0.0329
