Location: Kurtxevani_1794_page_10.png_Mean-Medain.png
Component: component_1755610054949_1442.png
centerX: 0.7136177673874927
centerY: 0.4120758043190833
width: 0.01636469900642899
height: 0.0123402379903041
Area: 0.00011333607572292317
CentroidX: 0.7214
CentroidY: 0.4169
