Location: internet_4.png_Otsu.png
Component: component_1755094384294_42.png
centerX: 0.8911729141475212
centerY: 0.04362703165098375
width: 0.04393389762192664
height: 0.023666951810664385
Area: 0.0003918000355596747
CentroidX: 0.9136
CentroidY: 0.0542
