Location: Dedata_30.png_Otsu.png
Component: component_1755503806571_123.png
centerX: 0.792741935483871
centerY: 0.27244229125106867
width: 0.0407258064516129
height: 0.025648332858364205
Area: 0.0002723411687917705
CentroidX: 0.8119
CentroidY: 0.2807
