Location: Dedata_30.png_Otsu.png
Component: component_1755503806616_229.png
centerX: 0.5157258064516129
centerY: 0.6184098033627814
width: 0.04112903225806452
height: 0.024793388429752067
Area: 0.0003602487612498736
CentroidX: 0.5358
CentroidY: 0.6288
