Location: Dedata_30.png_Otsu.png
Component: component_1755503806605_202.png
centerX: 0.5725806451612904
centerY: 0.5645483043602166
width: 0.039919354838709675
height: 0.024223425477343973
Area: 0.0003172717160481343
CentroidX: 0.5906
CentroidY: 0.5747
