Location: internet_4.png_Gaussian-Closing.png
Component: component_1755094384176_209.png
centerX: 0.28174123337363965
centerY: 0.3917878528656972
width: 0.05199516324062878
height: 0.022241231822070145
Area: 0.0004990307287767989
CentroidX: 0.3076
CentroidY: 0.4026
