Location: Dedata_30.png_Mean-Medain.png
Component: component_1755503806237_126.png
centerX: 0.24556451612903227
centerY: 0.31803932744371616
width: 0.04758064516129032
height: 0.028783129096608722
Area: 0.00045424668364298256
CentroidX: 0.2695
CentroidY: 0.3301
