Location: internet_4.png_Mean-Closing.png
Component: component_1755094383751_74.png
centerX: 0.8935912938331319
centerY: 0.1092101511263188
width: 0.04232164449818621
height: 0.025092671799258625
Area: 0.000349620330939434
CentroidX: 0.9172
CentroidY: 0.1191
