Location: internet_4.png_Otsu.png
Component: component_1755094384321_87.png
centerX: 0.7722692462716646
centerY: 0.11491303108069575
width: 0.04836759371221282
height: 0.021956087824351298
Area: 0.0003189337338451444
CentroidX: 0.7959
CentroidY: 0.1246
