Location: internet_4.png_Otsu.png
Component: component_1755094384341_285.png
centerX: 0.913341394598952
centerY: 0.3116623895067009
width: 0.04675534058847239
height: 0.026518391787852865
Area: 0.0005602889918901186
CentroidX: 0.9395
CentroidY: 0.3232
