Location: Dedata_30.png_Gaussian-Closing.png
Component: component_1755503806734_201.png
centerX: 0.027419354838709678
centerY: 0.5713878597891137
width: 0.031451612903225803
height: 0.02707324023938444
Area: 0.000291416541795751
CentroidX: 0.0416
CentroidY: 0.5829
