Location: internet_4.png_Mean-Medain.png
Component: component_1755094383645_176.png
centerX: 0.27972591696896415
centerY: 0.31736526946107785
width: 0.05038291011688835
height: 0.025377815796977475
Area: 0.0004847792754446195
CentroidX: 0.3041
CentroidY: 0.3293
