Location: Dedata_30.png_Mean-Medain.png
Component: component_1755503806272_279.png
centerX: 0.8782258064516129
centerY: 0.7965232259903107
width: 0.03588709677419355
height: 0.02365346252493588
Area: 0.00036036367313543974
CentroidX: 0.8926
CentroidY: 0.8073
