Location: internet_4.png_Gaussian-Closing.png
Component: component_1755094384156_106.png
centerX: 0.5239822652156388
centerY: 0.15911035072711718
width: 0.03667875856509472
height: 0.0213857998289136
Area: 0.0003057166601903006
CentroidX: 0.5421
CentroidY: 0.1689
