Location: Dedata_30.png_Otsu.png
Component: component_1755503806549_97.png
centerX: 0.5108870967741935
centerY: 0.22599031062980907
width: 0.0467741935483871
height: 0.021373610715303505
Area: 0.000324051517296537
CentroidX: 0.5362
CentroidY: 0.2351
