Location: Kurtxevani_1764_page_10.png_Otsu.png
Component: component_1755610055947_1366.png
centerX: 0.48220064724919093
centerY: 0.539756782039289
width: 0.017475728155339806
height: 0.01216089803554724
Area: 0.00013562564898992192
CentroidX: 0.4910
CentroidY: 0.5447
