Location: internet_4.png_Otsu.png
Component: component_1755094384363_376.png
centerX: 0.47964530431277713
centerY: 0.5306529797547762
width: 0.04312777106005643
height: 0.02879954376960365
Area: 0.0004581152659844128
CentroidX: 0.5003
CentroidY: 0.5449
