Location: internet_4.png_Mean-Closing.png
Component: component_1755094383766_118.png
centerX: 0.4558645707376058
centerY: 0.20359281437125748
width: 0.03667875856509472
height: 0.025092671799258625
Area: 0.0003255997362101961
CentroidX: 0.4729
CentroidY: 0.2152
