Location: Kurtxevani_1794_page_10.png_Mean-Medain.png
Component: component_1755610055013_1750.png
centerX: 0.15078901227352426
centerY: 0.5178492728074041
width: 0.02396259497369959
height: 0.018069634200088145
Area: 0.00020735350217489354
CentroidX: 0.1625
CentroidY: 0.5257
