Location: internet_4.png_Gaussian-Closing.png
Component: component_1755094384166_159.png
centerX: 0.9604997984683595
centerY: 0.27830054177359564
width: 0.037081821846029824
height: 0.027944111776447105
Area: 0.0004237508744818189
CentroidX: 0.9786
CentroidY: 0.2900
