Location: internet_4.png_Otsu.png
Component: component_1755094384371_411.png
centerX: 0.04030632809351068
centerY: 0.834901625320787
width: 0.04312777106005643
height: 0.028229255774165955
Area: 0.00038467430889358497
CentroidX: 0.0612
CentroidY: 0.8479
