Location: Dedata_30.png_Gaussian-Median.png
Component: component_1755503806812_19.png
centerX: 0.2991935483870968
centerY: 0.049586776859504134
width: 0.038306451612903226
height: 0.022798518096323737
Area: 0.00031244541685435605
CentroidX: 0.3177
CentroidY: 0.0588
