Location: Dedata_30.png_Gaussian-Closing.png
Component: component_1755503806693_11.png
centerX: 0.7125
centerY: 0.010259333143345683
width: 0.045564516129032256
height: 0.025933314334568254
Area: 0.0003894363801836752
CentroidX: 0.7396
CentroidY: 0.0208
