Location: Dedata_30.png_Mean-Medain.png
Component: component_1755503806233_109.png
centerX: 0.6508064516129032
centerY: 0.2701624394414363
width: 0.03951612903225806
height: 0.025078369905956112
Area: 0.0003773706321992296
CentroidX: 0.6705
CentroidY: 0.2805
