Location: internet_4.png_Otsu.png
Component: component_1755094384295_46.png
centerX: 0.9556630390971382
centerY: 0.0499001996007984
width: 0.037484885126964934
height: 0.021100655831194755
Area: 0.00024353894847490486
CentroidX: 0.9758
CentroidY: 0.0591
