Location: Dedata_30.png_Otsu.png
Component: component_1755503806551_101.png
centerX: 0.5846774193548387
centerY: 0.2268452550584212
width: 0.043548387096774194
height: 0.022513536620119692
Area: 0.0003035972016657627
CentroidX: 0.6042
CentroidY: 0.2359
