Location: Kurtxevani_1794_page_10.png_Mean-Medain.png
Component: component_1755610054890_1165.png
centerX: 0.21157218001168906
centerY: 0.3318642573821067
width: 0.01636469900642899
height: 0.011899515204936095
Area: 0.00011050267382985009
CentroidX: 0.2193
CentroidY: 0.3366
