Location: internet_4.png_Otsu.png
Component: component_1755094384355_338.png
centerX: 0.1608222490931076
centerY: 0.4359851725121186
width: 0.05038291011688835
height: 0.02765896777872826
Area: 0.0005092595944748954
CentroidX: 0.1859
CentroidY: 0.4487
