Location: internet_4.png_Gaussian-Closing.png
Component: component_1755094384172_189.png
centerX: 0.4127367996775494
centerY: 0.3455945252352438
width: 0.03869407496977025
height: 0.027944111776447105
Area: 0.00043938150071711244
CentroidX: 0.4320
CentroidY: 0.3581
