Location: internet_4.png_Mean-Closing.png
Component: component_1755094383756_83.png
centerX: 0.5215638855300282
centerY: 0.1251782149985743
width: 0.041112454655380895
height: 0.025377815796977475
Area: 0.0003387018787897804
CentroidX: 0.5435
CentroidY: 0.1365
