Location: internet_4.png_Mean-Medain.png
Component: component_1755094383644_170.png
centerX: 0.46997178557033453
centerY: 0.30681494154548045
width: 0.03788794840790004
height: 0.029369831765041345
Area: 0.00044834612458735434
CentroidX: 0.4891
CentroidY: 0.3190
