Location: internet_4.png_Gaussian-Closing.png
Component: component_1755094384179_222.png
centerX: 0.29302700523982267
centerY: 0.42543484459652126
width: 0.049979846835953246
height: 0.0290846877673225
Area: 0.0005892516228555155
CentroidX: 0.3206
CentroidY: 0.4379
