Location: Dedata_30.png_Gaussian-Closing.png
Component: component_1755503806724_163.png
centerX: 0.9314516129032258
centerY: 0.46480478768880024
width: 0.04153225806451613
height: 0.02707324023938444
Area: 0.0003798986936816849
CentroidX: 0.9520
CentroidY: 0.4756
