Location: Dedata_30.png_Otsu.png
Component: component_1755503806507_23.png
centerX: 0.6383064516129032
centerY: 0.051581647192932456
width: 0.03387096774193549
height: 0.021658592191507554
Area: 0.00029314022007924324
CentroidX: 0.6547
CentroidY: 0.0622
