Location: Dedata_30.png_Gaussian-Median.png
Component: component_1755503806858_187.png
centerX: 0.8431451612903226
centerY: 0.5172413793103449
width: 0.037096774193548385
height: 0.024223425477343973
Area: 0.0003185357467893619
CentroidX: 0.8602
CentroidY: 0.5277
