Location: Dedata_30.png_Gaussian-Median.png
Component: component_1755503806834_96.png
centerX: 0.6556451612903226
centerY: 0.22656027358221714
width: 0.05
height: 0.02336848104873183
Area: 0.0003579505235385506
CentroidX: 0.6792
CentroidY: 0.2352
