Location: Paraklitoni_1720_page_10.png_Mean-Medain.png
Component: component_1755610055262_536.png
centerX: 0.4649390243902439
centerY: 0.19949874686716793
width: 0.014481707317073171
height: 0.010025062656641603
Area: 9.322085702060028e-05
CentroidX: 0.4726
CentroidY: 0.2038
