Location: Dedata_30.png_Mean-Medain.png
Component: component_1755503806258_221.png
centerX: 0.7
centerY: 0.6508976916500427
width: 0.039919354838709675
height: 0.02792818466799658
Area: 0.00043379236801220823
CentroidX: 0.7174
CentroidY: 0.6648
