Location: Dedata_30.png_Mean-Medain.png
Component: component_1755503806225_64.png
centerX: 0.6407258064516129
centerY: 0.14249073810202337
width: 0.04435483870967742
height: 0.023938444001139925
Area: 0.0003168120685058697
CentroidX: 0.6617
CentroidY: 0.1510
