Location: Paraklitoni_1720_page_10.png_Mean-Medain.png
Component: component_1755610055248_429.png
centerX: 0.6074695121951219
centerY: 0.1593984962406015
width: 0.013719512195121951
height: 0.008521303258145364
Area: 7.297206430710923e-05
CentroidX: 0.6141
CentroidY: 0.1625
