Location: internet_4.png_Mean-Closing.png
Component: component_1755094383945_193.png
centerX: 0.6662636033857315
centerY: 0.3627031650983747
width: 0.051189036678758564
height: 0.024522383803820928
Area: 0.0005187988737214349
CentroidX: 0.6919
CentroidY: 0.3744
