Location: Dedata_30.png_Gaussian-Median.png
Component: component_1755503806825_76.png
centerX: 0.1717741935483871
centerY: 0.18153320034197779
width: 0.03790322580645161
height: 0.025933314334568254
Area: 0.0002947489864771693
CentroidX: 0.1897
CentroidY: 0.1904
