Location: internet_4.png_Mean-Closing.png
Component: component_1755094383892_162.png
centerX: 0.03345425231761386
centerY: 0.2928428856572569
width: 0.049979846835953246
height: 0.02765896777872826
Area: 0.0005159255968399471
CentroidX: 0.0581
CentroidY: 0.3055
