Location: Dedata_30.png_Mean-Medain.png
Component: component_1755503806256_211.png
centerX: 0.3125
centerY: 0.615844970076945
width: 0.03588709677419355
height: 0.0219435736677116
Area: 0.0003766811608858327
CentroidX: 0.3290
CentroidY: 0.6255
