Location: internet_4.png_Otsu.png
Component: component_1755094384326_121.png
centerX: 0.5239822652156388
centerY: 0.15911035072711718
width: 0.03667875856509472
height: 0.021100655831194755
Area: 0.0002677894053546618
CentroidX: 0.5416
CentroidY: 0.1689
