Location: Dedata_30.png_Mean-Medain.png
Component: component_1755503806232_99.png
centerX: 0.8600806451612903
centerY: 0.22941008834425763
width: 0.039919354838709675
height: 0.02536335138216016
Area: 0.00037288906866214986
CentroidX: 0.8781
CentroidY: 0.2396
