Location: internet_4.png_Gaussian-Closing.png
Component: component_1755094384173_192.png
centerX: 0.852881902458686
centerY: 0.35129740518962077
width: 0.041112454655380895
height: 0.0213857998289136
Area: 0.00041961335577247647
CentroidX: 0.8746
CentroidY: 0.3602
