Location: Dedata_30.png_Gaussian-Closing.png
Component: component_1755503806718_137.png
centerX: 0.5858870967741936
centerY: 0.36449130806497576
width: 0.04395161290322581
height: 0.029353092049016812
Area: 0.00037426801128894366
CentroidX: 0.6068
CentroidY: 0.3759
