Location: internet_4.png_Mean-Medain.png
Component: component_1755094383651_202.png
centerX: 0.4731962918178154
centerY: 0.37867122897063016
width: 0.05280128980249899
height: 0.025377815796977475
Area: 0.0006263743601643377
CentroidX: 0.4996
CentroidY: 0.3902
