Location: Kurtxevani_1794_page_10.png_Mean-Medain.png
Component: component_1755610054857_1018.png
centerX: 0.494447691408533
centerY: 0.28162185985015425
width: 0.015780245470485097
height: 0.011458792419568091
Area: 8.65475487338686e-05
CentroidX: 0.5021
CentroidY: 0.2863
