Location: internet_4.png_Mean-Closing.png
Component: component_1755094383762_106.png
centerX: 0.21281741233373638
centerY: 0.1739378386084973
width: 0.03506650544135429
height: 0.022241231822070145
Area: 0.0003628374045942778
CentroidX: 0.2307
CentroidY: 0.1844
