Location: Dedata_30.png_Mean-Medain.png
Component: component_1755503806268_264.png
centerX: 0.8294354838709678
centerY: 0.7517811342262752
width: 0.03346774193548387
height: 0.025933314334568254
Area: 0.000424254681510218
CentroidX: 0.8442
CentroidY: 0.7636
