Location: internet_4.png_Gaussian-Closing.png
Component: component_1755094384142_44.png
centerX: 0.2067714631197098
centerY: 0.015968063872255488
width: 0.04191858121725111
height: 0.02765896777872826
Area: 0.0005135120442594974
CentroidX: 0.2287
CentroidY: 0.0285
