Location: Samociqulo_1709_page_10.png_Gaussian-Median.png
Component: component_1755610056181_1709.png
centerX: 0.39508599508599507
centerY: 0.35875
width: 0.023095823095823097
height: 0.011875
Area: 0.00013482800982800983
CentroidX: 0.4070
CentroidY: 0.3634
