Location: internet_4.png_Mean-Medain.png
Component: component_1755094383634_136.png
centerX: 0.5251914550584442
centerY: 0.2309666381522669
width: 0.0471584038694075
height: 0.03051040775591674
Area: 0.0005122478024316427
CentroidX: 0.5497
CentroidY: 0.2447
