Location: Dedata_30.png_Gaussian-Median.png
Component: component_1755503806846_150.png
centerX: 0.3040322580645161
centerY: 0.36534625249358793
width: 0.03951612903225806
height: 0.026503277286976348
Area: 0.0003474935419520312
CentroidX: 0.3243
CentroidY: 0.3750
