Location: Dedata_30.png_Gaussian-Median.png
Component: component_1755503806851_166.png
centerX: 0.16572580645161292
centerY: 0.41749786263892846
width: 0.04153225806451613
height: 0.027643203191792535
Area: 0.00035461807885713237
CentroidX: 0.1846
CentroidY: 0.4277
