Location: internet_4.png_Mean-Closing.png
Component: component_1755094384070_281.png
centerX: 0.3373639661426844
centerY: 0.5899629312802965
width: 0.037081821846029824
height: 0.030795551753635585
Area: 0.0005097193187759334
CentroidX: 0.3572
CentroidY: 0.6030
