Location: Dedata_30.png_Gaussian-Closing.png
Component: component_1755503806707_80.png
centerX: 0.7044354838709678
centerY: 0.1860929039612425
width: 0.044758064516129036
height: 0.024508406953548018
Area: 0.0003572610522251538
CentroidX: 0.7263
CentroidY: 0.1959
