Location: internet_4.png_Otsu.png
Component: component_1755094384293_38.png
centerX: 0.9524385328496574
centerY: 0.016253207869974338
width: 0.04030632809351068
height: 0.029654975762760195
Area: 0.0004082351793217848
CentroidX: 0.9716
CentroidY: 0.0303
