Location: Dedata_30.png_Gaussian-Median.png
Component: component_1755503806842_135.png
centerX: 0.930241935483871
centerY: 0.3211741236819607
width: 0.04435483870967742
height: 0.030208036477628954
Area: 0.00041724505649068296
CentroidX: 0.9503
CentroidY: 0.3341
