Location: internet_4.png_Mean-Medain.png
Component: component_1755094383676_329.png
centerX: 0.04070939137444579
centerY: 0.9078984887368121
width: 0.04836759371221282
height: 0.023952095808383235
Area: 0.0004470818827594997
CentroidX: 0.0647
CentroidY: 0.9192
