Location: internet_4.png_Otsu.png
Component: component_1755094384335_260.png
centerX: 0.02902055622732769
centerY: 0.25520387795836896
width: 0.04312777106005643
height: 0.03279155973766752
Area: 0.0004560465066297416
CentroidX: 0.0499
CentroidY: 0.2697
