Location: Paraklitoni_1720_page_10.png_Mean-Medain.png
Component: component_1755610055327_1240.png
centerX: 0.6227134146341463
centerY: 0.4496240601503759
width: 0.013719512195121951
height: 0.009022556390977444
Area: 7.144385353627973e-05
CentroidX: 0.6293
CentroidY: 0.4531
