Location: Kurtxevani_1764_page_10.png_Otsu.png
Component: component_1755610055954_1428.png
centerX: 0.3618122977346278
centerY: 0.5720299345182414
width: 0.018122977346278317
height: 0.012628624883068288
Area: 0.00012775451757532824
CentroidX: 0.3708
CentroidY: 0.5769
