Location: Dedata_30.png_Otsu.png
Component: component_1755503806556_106.png
centerX: 0.8012096774193549
centerY: 0.22912510686805357
width: 0.03306451612903226
height: 0.024223425477343973
Area: 0.0003045164967502919
CentroidX: 0.8150
CentroidY: 0.2404
