Location: Dedata_30.png_Otsu.png
Component: component_1755503806581_144.png
centerX: 0.5108870967741935
centerY: 0.3616414933029353
width: 0.052016129032258066
height: 0.0262182958107723
Area: 0.00038564428795999226
CentroidX: 0.5369
CentroidY: 0.3723
