Location: internet_4.png_Mean-Closing.png
Component: component_1755094383761_98.png
centerX: 0.6521563885530028
centerY: 0.15397775876817793
width: 0.03829101168883515
height: 0.02281151981750784
Area: 0.0003706527177119246
CentroidX: 0.6719
CentroidY: 0.1641
