Location: internet_4.png_Otsu.png
Component: component_1755094384356_347.png
centerX: 0.34663442160419183
centerY: 0.459652124322783
width: 0.044740024183796856
height: 0.029654975762760195
Area: 0.0004911004845838926
CentroidX: 0.3693
CentroidY: 0.4731
