Location: Dedata_30.png_Mean-Medain.png
Component: component_1755503806223_50.png
centerX: 0.9439516129032258
centerY: 0.0994585351952123
width: 0.03669354838709677
height: 0.023083499572527786
Area: 0.0002956682815616985
CentroidX: 0.9623
CentroidY: 0.1086
