Location: Dedata_30.png_Mean-Medain.png
Component: component_1755503806215_15.png
centerX: 0.021774193548387097
centerY: 0.011399259048161869
width: 0.043548387096774194
height: 0.02536335138216016
Area: 0.00039920389045679775
CentroidX: 0.0437
CentroidY: 0.0223
