Location: Kurtxevani_1794_page_10.png_Mean-Medain.png
Component: component_1755610054906_1268.png
centerX: 0.7551139684395091
centerY: 0.3605112384310269
width: 0.018118059614260665
height: 0.011458792419568091
Area: 0.0001184877155285106
CentroidX: 0.7643
CentroidY: 0.3651
