Location: Dedata_30.png_Mean-Medain.png
Component: component_1755503806226_66.png
centerX: 0.7713709677419355
centerY: 0.1439156454830436
width: 0.038306451612903226
height: 0.02336848104873183
Area: 0.0003360023533954164
CentroidX: 0.7890
CentroidY: 0.1533
