Location: internet_4.png_Mean-Closing.png
Component: component_1755094383745_62.png
centerX: 0.8311164852881903
centerY: 0.08183632734530938
width: 0.04030632809351068
height: 0.022526375819788995
Area: 0.00036341205997057535
CentroidX: 0.8523
CentroidY: 0.0914
