Location: internet_4.png_Otsu.png
Component: component_1755094384327_137.png
centerX: 0.33373639661426846
centerY: 0.16680923866552608
width: 0.03667875856509472
height: 0.02281151981750784
Area: 0.0002787078575043154
CentroidX: 0.3520
CentroidY: 0.1762
