Location: Dedata_30.png_Mean-Medain.png
Component: component_1755503806266_256.png
centerX: 0.36733870967741933
centerY: 0.750356226845255
width: 0.031451612903225803
height: 0.02536335138216016
Area: 0.000376106601458002
CentroidX: 0.3799
CentroidY: 0.7623
