Location: Dedata_30.png_Gaussian-Median.png
Component: component_1755503806810_13.png
centerX: 0.021774193548387097
centerY: 0.011399259048161869
width: 0.043548387096774194
height: 0.02536335138216016
Area: 0.0003763364252291343
CentroidX: 0.0438
CentroidY: 0.0223
