Location: Dedata_30.png_Gaussian-Median.png
Component: component_1755503806860_196.png
centerX: 0.027016129032258064
centerY: 0.5209461385009975
width: 0.0407258064516129
height: 0.030208036477628954
Area: 0.0003848399047610292
CentroidX: 0.0456
CentroidY: 0.5332
