Location: Dedata_30.png_Mean-Medain.png
Component: component_1755503806268_265.png
centerX: 0.9459677419354838
centerY: 0.7526360786548875
width: 0.032661290322580645
height: 0.0262182958107723
Area: 0.00040380036587944366
CentroidX: 0.9599
CentroidY: 0.7649
