Location: internet_4.png_Mean-Closing.png
Component: component_1755094383738_48.png
centerX: 0.9556630390971382
centerY: 0.04961505560307956
width: 0.037484885126964934
height: 0.021670943826632448
Area: 0.0002719269240640042
CentroidX: 0.9758
CentroidY: 0.0591
