Location: internet_4.png_Gaussian-Closing.png
Component: component_1755094384187_262.png
centerX: 0.6646513502619912
centerY: 0.5169660678642715
width: 0.04433696090286175
height: 0.0290846877673225
Area: 0.0005270739111401197
CentroidX: 0.6878
CentroidY: 0.5299
