Location: internet_4.png_Otsu.png
Component: component_1755094384346_307.png
centerX: 0.7287384119306731
centerY: 0.35956658112346734
width: 0.04191858121725111
height: 0.023666951810664385
Area: 0.0004115681805043107
CentroidX: 0.7505
CentroidY: 0.3698
