Location: internet_4.png_Mean-Medain.png
Component: component_1755094383620_61.png
centerX: 0.08786779524385328
centerY: 0.06786427145708583
width: 0.039500201531640466
height: 0.024522383803820928
Area: 0.00037272147706659577
CentroidX: 0.1080
CentroidY: 0.0793
