Location: internet_4.png_Mean-Closing.png
Component: component_1755094383985_215.png
centerX: 0.362353889560661
centerY: 0.4222982606216139
width: 0.04917372027408303
height: 0.02737382378100941
Area: 0.0005179943561946183
CentroidX: 0.3849
CentroidY: 0.4355
