Location: internet_4.png_Mean-Closing.png
Component: component_1755094383742_57.png
centerX: 0.14550584441757355
centerY: 0.06643855146849159
width: 0.04030632809351068
height: 0.026518391787852865
Area: 0.00041168311157957016
CentroidX: 0.1652
CentroidY: 0.0781
