Location: internet_4.png_Gaussian-Closing.png
Component: component_1755094384183_244.png
centerX: 0.03667875856509472
centerY: 0.47476475620188197
width: 0.04796453043127771
height: 0.03022526375819789
Area: 0.000509834249851193
CentroidX: 0.0617
CentroidY: 0.4885
