Location: Dedata_30.png_Gaussian-Median.png
Component: component_1755503806864_204.png
centerX: 0.7830645161290323
centerY: 0.5665431746936449
width: 0.039112903225806454
height: 0.027643203191792535
Area: 0.00036691365061271015
CentroidX: 0.8012
CentroidY: 0.5787
