Location: internet_4.png_Mean-Closing.png
Component: component_1755094383782_129.png
centerX: 0.7819427650141072
centerY: 0.22013116623895068
width: 0.037081821846029824
height: 0.026518391787852865
Area: 0.0004026035566340688
CentroidX: 0.7998
CentroidY: 0.2321
