Location: internet_4.png_Gaussian-Closing.png
Component: component_1755094384160_125.png
centerX: 0.33575171301894396
centerY: 0.21043627031650983
width: 0.03829101168883515
height: 0.024522383803820928
Area: 0.0003390466720155589
CentroidX: 0.3552
CentroidY: 0.2208
