Location: internet_4.png_Otsu.png
Component: component_1755094384343_292.png
centerX: 0.15356711003627568
centerY: 0.3253493013972056
width: 0.04353083434099154
height: 0.027944111776447105
Area: 0.0004391516385665934
CentroidX: 0.1775
CentroidY: 0.3365
