Location: internet_4.png_Otsu.png
Component: component_1755094384324_100.png
centerX: 0.2672309552599758
centerY: 0.13800969489592244
width: 0.03990326481257558
height: 0.024522383803820928
Area: 0.00031640525018943516
CentroidX: 0.2891
CentroidY: 0.1473
