Location: Dedata_30.png_Gaussian-Median.png
Component: component_1755503806869_220.png
centerX: 0.8508064516129032
centerY: 0.6155599886007409
width: 0.03387096774193549
height: 0.02108862923909946
Area: 0.0003684075051250701
CentroidX: 0.8665
CentroidY: 0.6250
