Location: internet_4.png_Otsu.png
Component: component_1755094384321_85.png
centerX: 0.8311164852881903
centerY: 0.11092101511263187
width: 0.042724707779121324
height: 0.021100655831194755
Area: 0.00028882179212715237
CentroidX: 0.8523
CentroidY: 0.1206
