Location: internet_4.png_Gaussian-Closing.png
Component: component_1755094384165_154.png
centerX: 0.5292220878677952
centerY: 0.2668947818648417
width: 0.04554615074566707
height: 0.026518391787852865
Area: 0.00045363295404929186
CentroidX: 0.5530
CentroidY: 0.2777
