Location: Dedata_30.png_Gaussian-Closing.png
Component: component_1755503806743_240.png
centerX: 0.494758064516129
centerY: 0.6979196352237105
width: 0.03185483870967742
height: 0.02365346252493588
Area: 0.00033083131854493974
CentroidX: 0.5084
CentroidY: 0.7085
