Location: Dedata_30.png_Gaussian-Closing.png
Component: component_1755503806713_114.png
centerX: 0.9326612903225806
centerY: 0.2727272727272727
width: 0.046370967741935484
height: 0.026788258763180393
Area: 0.00038828726132801366
CentroidX: 0.9544
CentroidY: 0.2846
