Location: Dedata_30.png_Gaussian-Median.png
Component: component_1755503806891_285.png
centerX: 0.755241935483871
centerY: 0.7950983186092904
width: 0.03387096774193549
height: 0.02336848104873183
Area: 0.0003309462304305059
CentroidX: 0.7690
CentroidY: 0.8059
