Location: internet_4.png_Mean-Closing.png
Component: component_1755094383756_84.png
centerX: 0.45747682386134625
centerY: 0.12802965497576277
width: 0.041112454655380895
height: 0.023952095808383235
Area: 0.0003349091533062165
CentroidX: 0.4799
CentroidY: 0.1381
