Location: Dedata_30.png_Otsu.png
Component: component_1755503806624_245.png
centerX: 0.49838709677419357
centerY: 0.6574522656027358
width: 0.04032258064516129
height: 0.029068110572812767
Area: 0.0003365769128232471
CentroidX: 0.5153
CentroidY: 0.6700
