Location: Dedata_30.png_Otsu.png
Component: component_1755503806605_198.png
centerX: 0.6362903225806451
centerY: 0.5203761755485894
width: 0.043548387096774194
height: 0.02707324023938444
Area: 0.00035772069976741834
CentroidX: 0.6563
CentroidY: 0.5316
