Location: internet_4.png_Mean-Closing.png
Component: component_1755094383821_147.png
centerX: 0.6533655783958081
centerY: 0.2600513259195894
width: 0.049979846835953246
height: 0.024522383803820928
Area: 0.0005027085231851032
CentroidX: 0.6775
CentroidY: 0.2714
