Location: Dedata_30.png_Otsu.png
Component: component_1755503806516_35.png
centerX: 0.7661290322580645
centerY: 0.0926189797663152
width: 0.027419354838709678
height: 0.023938444001139925
Area: 0.00021396593092416736
CentroidX: 0.7792
CentroidY: 0.1028
