Location: internet_4.png_Mean-Medain.png
Component: component_1755094383633_127.png
centerX: 0.028214429665457477
centerY: 0.21642429426860565
width: 0.046352277307537285
height: 0.02765896777872826
Area: 0.00047041289103718053
CentroidX: 0.0511
CentroidY: 0.2294
