Location: Dedata_30.png_Otsu.png
Component: component_1755503806642_294.png
centerX: 0.025806451612903226
centerY: 0.7982331148475349
width: 0.037096774193548385
height: 0.024508406953548018
Area: 0.00031669715662030354
CentroidX: 0.0411
CentroidY: 0.8094
