Location: internet_4.png_Mean-Medain.png
Component: component_1755094383614_38.png
centerX: 0.39338976219266425
centerY: 0.012261191901910464
width: 0.04836759371221282
height: 0.030795551753635585
Area: 0.0005675296496314678
CentroidX: 0.4178
CentroidY: 0.0265
