Location: Dedata_30.png_Otsu.png
Component: component_1755503806554_104.png
centerX: 0.08669354838709678
centerY: 0.22884012539184953
width: 0.04032258064516129
height: 0.025078369905956112
Area: 0.0003408286525891946
CentroidX: 0.1067
CentroidY: 0.2397
