Location: Kurtxevani_1764_page_10.png_Otsu.png
Component: component_1755610055845_690.png
centerX: 0.5087378640776699
centerY: 0.2048643592142189
width: 0.017475728155339806
height: 0.012628624883068288
Area: 0.00013290102657717795
CentroidX: 0.5175
CentroidY: 0.2098
