Location: Paraklitoni_1720_page_10.png_Mean-Medain.png
Component: component_1755610055385_1763.png
centerX: 0.3948170731707317
centerY: 0.6360902255639098
width: 0.014481707317073171
height: 0.010025062656641603
Area: 7.984901277584204e-05
CentroidX: 0.4021
CentroidY: 0.6401
