Location: Dedata_30.png_Otsu.png
Component: component_1755503806590_164.png
centerX: 0.23346774193548386
centerY: 0.41436306640068393
width: 0.042741935483870966
height: 0.030493017953833
Area: 0.00034829792515099424
CentroidX: 0.2503
CentroidY: 0.4278
