Location: Kurtxevani_1794_page_10.png_Mean-Medain.png
Component: component_1755610054989_1591.png
centerX: 0.1472822910578609
centerY: 0.4609960334949317
width: 0.018118059614260665
height: 0.013221683561040106
Area: 0.00014012460271197775
CentroidX: 0.1567
CentroidY: 0.4661
