Location: Dedata_30.png_Mean-Medain.png
Component: component_1755503806219_33.png
centerX: 0.024596774193548387
centerY: 0.058706184098033624
width: 0.038306451612903226
height: 0.02080364776289541
Area: 0.00031026209102859927
CentroidX: 0.0441
CentroidY: 0.0676
