Location: Dedata_30.png_Gaussian-Closing.png
Component: component_1755503806699_43.png
centerX: 0.23387096774193547
centerY: 0.09546879452835566
width: 0.038306451612903226
height: 0.02536335138216016
Area: 0.00033944970996240085
CentroidX: 0.2536
CentroidY: 0.1047
