Location: Dedata_30.png_Mean-Medain.png
Component: component_1755503806251_193.png
centerX: 0.43266129032258066
centerY: 0.5654032487888287
width: 0.03951612903225806
height: 0.03163294385864919
Area: 0.0003684075051250701
CentroidX: 0.4506
CentroidY: 0.5774
