Location: internet_4.png_Mean-Closing.png
Component: component_1755094384059_268.png
centerX: 0.8613462313583232
centerY: 0.5469061876247505
width: 0.037081821846029824
height: 0.028514399771884802
Area: 0.0005053519379160721
CentroidX: 0.8810
CentroidY: 0.5597
