Location: internet_4.png_Mean-Closing.png
Component: component_1755094383763_111.png
centerX: 0.08948004836759371
centerY: 0.18192187054462503
width: 0.039500201531640466
height: 0.02566295979469632
Area: 0.0003436439150259394
CentroidX: 0.1096
CentroidY: 0.1932
