Location: internet_4.png_Otsu.png
Component: component_1755094384369_408.png
centerX: 0.03506650544135429
centerY: 0.75990875392073
width: 0.049979846835953246
height: 0.02879954376960365
Area: 0.0004230612880302618
CentroidX: 0.0604
CentroidY: 0.7723
