Location: internet_4.png_Gaussian-Closing.png
Component: component_1755094384155_99.png
centerX: 0.9000403063280935
centerY: 0.14884516680923868
width: 0.03829101168883515
height: 0.022526375819788995
Area: 0.0003287028752422029
CentroidX: 0.9189
CentroidY: 0.1590
