Location: internet_4.png_Mean-Closing.png
Component: component_1755094383731_30.png
centerX: 0.8347440548166062
centerY: 0.011120615911035072
width: 0.049576783555018135
height: 0.027088679783290562
Area: 0.0004777684798537893
CentroidX: 0.8604
CentroidY: 0.0238
