Location: Dedata_30.png_Otsu.png
Component: component_1755503806594_175.png
centerX: 0.9314516129032258
centerY: 0.46480478768880024
width: 0.04153225806451613
height: 0.026788258763180393
Area: 0.0003477233657231635
CentroidX: 0.9520
CentroidY: 0.4755
