Location: internet_4.png_Mean-Closing.png
Component: component_1755094383754_79.png
centerX: 0.7722692462716646
centerY: 0.11491303108069575
width: 0.04836759371221282
height: 0.022241231822070145
Area: 0.00036042385201382805
CentroidX: 0.7961
CentroidY: 0.1246
