Location: Dedata_30.png_Gaussian-Median.png
Component: component_1755503806813_24.png
centerX: 0.6383064516129032
centerY: 0.05129666571672841
width: 0.034274193548387094
height: 0.022228555143915644
Area: 0.0003202594250728541
CentroidX: 0.6547
CentroidY: 0.0621
