Location: internet_4.png_Mean-Closing.png
Component: component_1755094383738_49.png
centerX: 0.6420798065296252
centerY: 0.05303678357570573
width: 0.03990326481257558
height: 0.025377815796977475
Area: 0.0003306567035216146
CentroidX: 0.6615
CentroidY: 0.0642
