Location: internet_4.png_Mean-Medain.png
Component: component_1755094383642_164.png
centerX: 0.7271261588069327
centerY: 0.29141716566866266
width: 0.03506650544135429
height: 0.02879954376960365
Area: 0.00045455240265136797
CentroidX: 0.7447
CentroidY: 0.3045
