Location: Samociqulo_1709_page_10.png_Gaussian-Median.png
Component: component_1755610056308_3443.png
centerX: 0.07960687960687961
centerY: 0.8496875
width: 0.019164619164619166
height: 0.0115625
Area: 0.00010949017199017199
CentroidX: 0.0888
CentroidY: 0.8542
