Location: Kurtxevani_1794_page_10.png_Mean-Medain.png
Component: component_1755610055037_1942.png
centerX: 0.6393921683226184
centerY: 0.5967386513882768
width: 0.023378141437755698
height: 0.016747465843984136
Area: 0.0001934440746998075
CentroidX: 0.6508
CentroidY: 0.6033
