Location: internet_4.png_Mean-Medain.png
Component: component_1755094383620_62.png
centerX: 0.026602176541717048
centerY: 0.07242657542058739
width: 0.04353083434099154
height: 0.02281151981750784
Area: 0.0004080053171712658
CentroidX: 0.0502
CentroidY: 0.0829
