Location: Kurtxevani_1794_page_10.png_Mean-Medain.png
Component: component_1755610054856_1017.png
centerX: 0.4190531852717709
centerY: 0.28162185985015425
width: 0.015195791934541203
height: 0.011899515204936095
Area: 9.350226247141162e-05
CentroidX: 0.4264
CentroidY: 0.2863
