Location: Dedata_30.png_Mean-Medain.png
Component: component_1755503806255_210.png
centerX: 0.16693548387096774
centerY: 0.6135651182673126
width: 0.03467741935483871
height: 0.02365346252493588
Area: 0.00031152612176982687
CentroidX: 0.1810
CentroidY: 0.6238
