Location: internet_4.png_Mean-Medain.png
Component: component_1755094383668_274.png
centerX: 0.22329705763804916
centerY: 0.5514684915882521
width: 0.05038291011688835
height: 0.02623324779013402
Area: 0.0005641966484489419
CentroidX: 0.2481
CentroidY: 0.5641
