Location: Dedata_30.png_Otsu.png
Component: component_1755503806583_149.png
centerX: 0.5862903225806452
centerY: 0.36449130806497576
width: 0.04314516129032258
height: 0.029353092049016812
Area: 0.0003381856792211732
CentroidX: 0.6067
CentroidY: 0.3758
