Location: internet_4.png_Mean-Medain.png
Component: component_1755094383639_152.png
centerX: 0.5900846432889963
centerY: 0.2631879098944967
width: 0.04675534058847239
height: 0.026518391787852865
Area: 0.0005030533164108818
CentroidX: 0.6135
CentroidY: 0.2751
