Location: internet_4.png_Otsu.png
Component: component_1755094384369_407.png
centerX: 0.03305118903667876
centerY: 0.7251211861990305
width: 0.04514308746473196
height: 0.02879954376960365
Area: 0.0003975465893226503
CentroidX: 0.0561
CentroidY: 0.7372
