Location: internet_4.png_Gaussian-Closing.png
Component: component_1755094384193_295.png
centerX: 0.035872632003224506
centerY: 0.6894781864841745
width: 0.054816606207174524
height: 0.02623324779013402
Area: 0.0004358186373840676
CentroidX: 0.0623
CentroidY: 0.7019
