Location: Dedata_30.png_Gaussian-Closing.png
Component: component_1755503806720_147.png
centerX: 0.8584677419354839
centerY: 0.4103733257338273
width: 0.043548387096774194
height: 0.025648332858364205
Area: 0.0003408286525891946
CentroidX: 0.8788
CentroidY: 0.4200
