Location: Dedata_30.png_Otsu.png
Component: component_1755503806595_180.png
centerX: 0.44879032258064516
centerY: 0.4670846394984326
width: 0.03951612903225806
height: 0.027643203191792535
Area: 0.00031014717914303313
CentroidX: 0.4688
CentroidY: 0.4790
