Location: internet_4.png_Otsu.png
Component: component_1755094384360_365.png
centerX: 0.8952035469568722
centerY: 0.5012831479897348
width: 0.03829101168883515
height: 0.026803535785571715
Area: 0.0004405308114697076
CentroidX: 0.9146
CentroidY: 0.5133
