Location: Dedata_30.png_Otsu.png
Component: component_1755503806501_14.png
centerX: 0.8516129032258064
centerY: 0.011399259048161869
width: 0.041935483870967745
height: 0.025933314334568254
Area: 0.00030014984509877827
CentroidX: 0.8719
CentroidY: 0.0210
