Location: Dedata_30.png_Gaussian-Closing.png
Component: component_1755503806729_183.png
centerX: 0.6362903225806451
centerY: 0.5200911940723852
width: 0.04395161290322581
height: 0.027643203191792535
Area: 0.0003933433842929242
CentroidX: 0.6564
CentroidY: 0.5316
