Location: Dedata_30.png_Gaussian-Median.png
Component: component_1755503806824_74.png
centerX: 0.23790322580645162
centerY: 0.17953833000854943
width: 0.04112903225806452
height: 0.022513536620119692
Area: 0.0002947489864771693
CentroidX: 0.2588
CentroidY: 0.1885
