Location: internet_4.png_Otsu.png
Component: component_1755094384331_191.png
centerX: 0.9641273679967755
centerY: 0.21300256629597947
width: 0.035872632003224506
height: 0.025092671799258625
Area: 0.0003526085388961813
CentroidX: 0.9828
CentroidY: 0.2233
