Location: internet_4.png_Mean-Medain.png
Component: component_1755094383616_42.png
centerX: 0.2067714631197098
centerY: 0.015968063872255488
width: 0.04191858121725111
height: 0.02765896777872826
Area: 0.0005424746752248943
CentroidX: 0.2286
CentroidY: 0.0284
