Location: Dedata_30.png_Gaussian-Median.png
Component: component_1755503806817_43.png
centerX: 0.09959677419354838
centerY: 0.09518381305215161
width: 0.03064516129032258
height: 0.024793388429752067
Area: 0.0002700429310804475
CentroidX: 0.1129
CentroidY: 0.1052
