Location: Dedata_30.png_Gaussian-Median.png
Component: component_1755503806875_238.png
centerX: 0.42701612903225805
centerY: 0.6557423767455115
width: 0.05120967741935484
height: 0.027643203191792535
Area: 0.0004691852287665818
CentroidX: 0.4499
CentroidY: 0.6672
