Location: internet_4.png_Mean-Medain.png
Component: component_1755094383645_174.png
centerX: 0.34260378879484077
centerY: 0.3119475335044197
width: 0.049979846835953246
height: 0.027088679783290562
Area: 0.0005391416740423684
CentroidX: 0.3678
CentroidY: 0.3238
