Location: internet_4.png_Gaussian-Closing.png
Component: component_1755094384150_79.png
centerX: 0.8935912938331319
centerY: 0.1092101511263188
width: 0.042724707779121324
height: 0.025092671799258625
Area: 0.00034042584491867305
CentroidX: 0.9173
CentroidY: 0.1191
