Location: internet_4.png_Gaussian-Closing.png
Component: component_1755094384177_211.png
centerX: 0.21604191858121724
centerY: 0.39749073282007413
width: 0.054816606207174524
height: 0.021956087824351298
Area: 0.0004858136551219551
CentroidX: 0.2428
CentroidY: 0.4080
