Location: Kurtxevani_1794_page_10.png_Mean-Medain.png
Component: component_1755610054944_1432.png
centerX: 0.293395675043834
centerY: 0.40987219039224326
width: 0.017533606078316773
height: 0.011458792419568091
Area: 0.00011204816577152632
CentroidX: 0.3019
CentroidY: 0.4145
