Location: internet_4.png_Gaussian-Closing.png
Component: component_1755094384143_46.png
centerX: 0.09230149133413947
centerY: 0.01710863986313088
width: 0.03506650544135429
height: 0.035642999714856
Area: 0.0005173047697430613
CentroidX: 0.1101
CentroidY: 0.0327
