Location: Dedata_30.png_Mean-Medain.png
Component: component_1755503806244_159.png
centerX: 0.6508064516129032
centerY: 0.41635793673411226
width: 0.04435483870967742
height: 0.02365346252493588
Area: 0.00038920655641254284
CentroidX: 0.6735
CentroidY: 0.4271
