Location: internet_4.png_Mean-Closing.png
Component: component_1755094384057_260.png
centerX: 0.47964530431277713
centerY: 0.5303678357570573
width: 0.04312777106005643
height: 0.029369831765041345
Area: 0.0004930543128633043
CentroidX: 0.5002
CentroidY: 0.5449
