Location: internet_4.png_Otsu.png
Component: component_1755094384293_34.png
centerX: 0.5977428456267634
centerY: 0.012546335899629312
width: 0.04191858121725111
height: 0.027944111776447105
Area: 0.0004738608232949659
CentroidX: 0.6193
CentroidY: 0.0251
