Location: Dedata_30.png_Gaussian-Median.png
Component: component_1755503806880_257.png
centerX: 0.03387096774193549
centerY: 0.7039042462239954
width: 0.03508064516129032
height: 0.02365346252493588
Area: 0.00036473032478695337
CentroidX: 0.0478
CentroidY: 0.7141
