Location: internet_4.png_Mean-Closing.png
Component: component_1755094383740_53.png
centerX: 0.38774687625957277
centerY: 0.06244653550042772
width: 0.04514308746473196
height: 0.021100655831194755
Area: 0.0003680093029809558
CentroidX: 0.4097
CentroidY: 0.0727
