Location: Dedata_30.png_Otsu.png
Component: component_1755503806558_108.png
centerX: 0.9294354838709677
centerY: 0.2299800512966657
width: 0.041935483870967745
height: 0.022513536620119692
Area: 0.00032657957877899225
CentroidX: 0.9499
CentroidY: 0.2382
