Location: Dedata_30.png_Gaussian-Closing.png
Component: component_1755503806739_220.png
centerX: 0.9241935483870968
centerY: 0.6528925619834711
width: 0.03790322580645161
height: 0.025078369905956112
Area: 0.00038035834122394945
CentroidX: 0.9424
CentroidY: 0.6628
