Location: internet_4.png_Gaussian-Closing.png
Component: component_1755094384166_161.png
centerX: 0.8492543329302701
centerY: 0.2834331337325349
width: 0.03869407496977025
height: 0.029369831765041345
Area: 0.00045868992136071035
CentroidX: 0.8689
CentroidY: 0.2961
