Location: internet_4.png_Mean-Medain.png
Component: component_1755094383649_195.png
centerX: 0.728335348649738
centerY: 0.35956658112346734
width: 0.04232164449818621
height: 0.023952095808383235
Area: 0.00044731174491001875
CentroidX: 0.7505
CentroidY: 0.3699
