Location: internet_4.png_Gaussian-Closing.png
Component: component_1755094384181_234.png
centerX: 0.4687625957275292
centerY: 0.4516680923866553
width: 0.041515517936316
height: 0.0290846877673225
Area: 0.00044823119351209486
CentroidX: 0.4889
CentroidY: 0.4653
