Location: internet_4.png_Mean-Medain.png
Component: component_1755094383622_71.png
centerX: 0.3909713825070536
centerY: 0.0926717992586256
width: 0.04232164449818621
height: 0.03051040775591674
Area: 0.0004181192517941028
CentroidX: 0.4129
CentroidY: 0.1062
