Location: internet_4.png_Gaussian-Closing.png
Component: component_1755094384143_49.png
centerX: 0.890769850866586
centerY: 0.04362703165098375
width: 0.044740024183796856
height: 0.023666951810664385
Area: 0.000409844214375418
CentroidX: 0.9136
CentroidY: 0.0542
