Location: Dedata_30.png_Otsu.png
Component: component_1755503806638_277.png
centerX: 0.8891129032258065
centerY: 0.7529210601310915
width: 0.03306451612903226
height: 0.026503277286976348
Area: 0.00030957261971520237
CentroidX: 0.9025
CentroidY: 0.7630
