Location: Dedata_30.png_Gaussian-Closing.png
Component: component_1755503806698_36.png
centerX: 0.49798387096774194
centerY: 0.09404388714733543
width: 0.03669354838709677
height: 0.02536335138216016
Area: 0.00034163303578815763
CentroidX: 0.5160
CentroidY: 0.1044
