Location: Dedata_30.png_Otsu.png
Component: component_1755503806473_5.png
centerX: 0.17459677419354838
centerY: 0.007409518381305215
width: 0.035483870967741936
height: 0.024508406953548018
Area: 0.00033152078985833664
CentroidX: 0.1913
CentroidY: 0.0175
