Location: Kurtxevani_1794_page_10.png_Mean-Medain.png
Component: component_1755610054592_442.png
centerX: 0.8901227352425483
centerY: 0.07844865579550463
width: 0.020455873758036237
height: 0.014103129131776113
Area: 0.00015841292402181309
CentroidX: 0.8995
CentroidY: 0.0842
