Location: Dedata_30.png_Gaussian-Median.png
Component: component_1755503806813_23.png
centerX: 0.22620967741935483
centerY: 0.05129666571672841
width: 0.0407258064516129
height: 0.024508406953548018
Area: 0.0003365769128232471
CentroidX: 0.2443
CentroidY: 0.0610
