Location: internet_4.png_Gaussian-Closing.png
Component: component_1755094384155_98.png
centerX: 0.9572752922208787
centerY: 0.14770459081836326
width: 0.03788794840790004
height: 0.023381807812945538
Area: 0.0003310014967473931
CentroidX: 0.9769
CentroidY: 0.1583
