Location: Dedata_30.png_Gaussian-Median.png
Component: component_1755503806871_224.png
centerX: 0.5153225806451613
centerY: 0.6184098033627814
width: 0.041935483870967745
height: 0.024793388429752067
Area: 0.00039127497035273354
CentroidX: 0.5358
CentroidY: 0.6289
