Location: internet_4.png_Mean-Medain.png
Component: component_1755094383640_155.png
centerX: 0.4042724707779121
centerY: 0.2703165098374679
width: 0.04877065699314793
height: 0.02623324779013402
Area: 0.0005227065302802582
CentroidX: 0.4293
CentroidY: 0.2826
