Location: Dedata_30.png_Otsu.png
Component: component_1755503806545_87.png
centerX: 0.7048387096774194
centerY: 0.18637788543744657
width: 0.04435483870967742
height: 0.023938444001139925
Area: 0.0003258901074655954
CentroidX: 0.7263
CentroidY: 0.1958
