Location: internet_4.png_Otsu.png
Component: component_1755094384295_45.png
centerX: 0.701733172108021
centerY: 0.04875962360992301
width: 0.03990326481257558
height: 0.02281151981750784
Area: 0.00030721076416867423
CentroidX: 0.7211
CentroidY: 0.0595
