Location: internet_4.png_Mean-Medain.png
Component: component_1755094383644_169.png
centerX: 0.5264006449012495
centerY: 0.303963501568292
width: 0.04353083434099154
height: 0.028514399771884802
Area: 0.0004850091375951385
CentroidX: 0.5495
CentroidY: 0.3164
