Location: internet_4.png_Otsu.png
Component: component_1755094384346_308.png
centerX: 0.15598548972188633
centerY: 0.36070715711434276
width: 0.04877065699314793
height: 0.02879954376960365
Area: 0.0004811014810363151
CentroidX: 0.1799
CentroidY: 0.3736
