Location: Dedata_30.png_Gaussian-Closing.png
Component: component_1755503806716_128.png
centerX: 0.9306451612903226
centerY: 0.3211741236819607
width: 0.04395161290322581
height: 0.030208036477628954
Area: 0.0004164406732917199
CentroidX: 0.9503
CentroidY: 0.3341
