Location: Dedata_30.png_Gaussian-Median.png
Component: component_1755503806876_240.png
centerX: 0.8060483870967742
centerY: 0.6565973211741237
width: 0.03387096774193549
height: 0.025078369905956112
Area: 0.0003355427058531518
CentroidX: 0.8220
CentroidY: 0.6673
