Location: Dedata_30.png_Gaussian-Closing.png
Component: component_1755503806710_96.png
centerX: 0.7278225806451613
centerY: 0.22884012539184953
width: 0.04717741935483871
height: 0.024508406953548018
Area: 0.0003632364702745934
CentroidX: 0.7519
CentroidY: 0.2385
