Location: Dedata_30.png_Gaussian-Closing.png
Component: component_1755503806725_167.png
centerX: 0.5758064516129032
centerY: 0.4665146765460245
width: 0.04596774193548387
height: 0.025648332858364205
Area: 0.000396331093317644
CentroidX: 0.5979
CentroidY: 0.4780
