Location: Dedata_30.png_Mean-Medain.png
Component: component_1755503806263_243.png
centerX: 0.15645161290322582
centerY: 0.6979196352237105
width: 0.03508064516129032
height: 0.024793388429752067
Area: 0.0003723145092343191
CentroidX: 0.1711
CentroidY: 0.7088
