Location: internet_4.png_Mean-Medain.png
Component: component_1755094383671_281.png
centerX: 0.5792019347037485
centerY: 0.5674365554605075
width: 0.03466344216041919
height: 0.03051040775591674
Area: 0.000475010134047561
CentroidX: 0.5970
CentroidY: 0.5815
