Location: internet_4.png_Mean-Medain.png
Component: component_1755094383653_210.png
centerX: 0.21644498186215236
centerY: 0.39749073282007413
width: 0.05441354292623942
height: 0.021956087824351298
Area: 0.0005029383853356223
CentroidX: 0.2428
CentroidY: 0.4080
