Location: internet_4.png_Gaussian-Closing.png
Component: component_1755094384185_254.png
centerX: 0.8948004836759371
centerY: 0.5012831479897348
width: 0.03869407496977025
height: 0.026803535785571715
Area: 0.0004607586807153816
CentroidX: 0.9146
CentroidY: 0.5134
