Location: Dedata_30.png_Gaussian-Closing.png
Component: component_1755503806722_152.png
centerX: 0.3741935483870968
centerY: 0.41379310344827586
width: 0.04153225806451613
height: 0.02792818466799658
Area: 0.00037783027974149424
CentroidX: 0.3951
CentroidY: 0.4243
