Location: internet_4.png_Gaussian-Closing.png
Component: component_1755094384190_281.png
centerX: 0.5792019347037485
centerY: 0.5677216994582264
width: 0.03466344216041919
height: 0.029940119760479042
Area: 0.0004567360930812987
CentroidX: 0.5970
CentroidY: 0.5814
