Location: Samociqulo_1709_page_10.png_Gaussian-Median.png
Component: component_1755610056146_1255.png
centerX: 0.31891891891891894
centerY: 0.283125
width: 0.021621621621621623
height: 0.0103125
Area: 0.00011901105651105651
CentroidX: 0.3290
CentroidY: 0.2876
