Location: internet_4.png_Mean-Closing.png
Component: component_1755094383734_44.png
centerX: 0.8911729141475212
centerY: 0.04362703165098375
width: 0.04393389762192664
height: 0.023666951810664385
Area: 0.0004161654235146911
CentroidX: 0.9135
CentroidY: 0.0542
