Location: internet_4.png_Gaussian-Closing.png
Component: component_1755094384181_233.png
centerX: 0.5211608222490931
centerY: 0.4453949244368406
width: 0.0471584038694075
height: 0.03165098374679213
Area: 0.00048328517146624584
CentroidX: 0.5438
CentroidY: 0.4596
