Location: internet_4.png_Mean-Closing.png
Component: component_1755094383731_31.png
centerX: 0.8952035469568722
centerY: 0.011120615911035072
width: 0.0471584038694075
height: 0.02566295979469632
Area: 0.00045041488394202553
CentroidX: 0.9178
CentroidY: 0.0226
