Location: internet_4.png_Mean-Medain.png
Component: component_1755094383636_142.png
centerX: 0.2781136638452237
centerY: 0.24379811804961504
width: 0.04675534058847239
height: 0.023381807812945538
Area: 0.0003768589957759382
CentroidX: 0.3002
CentroidY: 0.2547
