Location: internet_4.png_Mean-Medain.png
Component: component_1755094383665_259.png
centerX: 0.7226924627166466
centerY: 0.5109780439121756
width: 0.04393389762192664
height: 0.02566295979469632
Area: 0.0005268440489896007
CentroidX: 0.7454
CentroidY: 0.5227
