Location: Dedata_30.png_Otsu.png
Component: component_1755503806601_190.png
centerX: 0.15846774193548388
centerY: 0.5175263607865489
width: 0.04435483870967742
height: 0.027643203191792535
Area: 0.0003448505685840098
CentroidX: 0.1804
CentroidY: 0.5284
