Location: Dedata_30.png_Gaussian-Median.png
Component: component_1755503806867_216.png
centerX: 0.2403225806451613
centerY: 0.6132801367911086
width: 0.03790322580645161
height: 0.02365346252493588
Area: 0.00036921188832403313
CentroidX: 0.2579
CentroidY: 0.6241
