Location: internet_4.png_Mean-Medain.png
Component: component_1755094383629_112.png
centerX: 0.02781136638452237
centerY: 0.18078129455374964
width: 0.04554615074566707
height: 0.02765896777872826
Area: 0.0004730563057681493
CentroidX: 0.0504
CentroidY: 0.1931
