Location: Dedata_30.png_Mean-Medain.png
Component: component_1755503806234_111.png
centerX: 0.09274193548387097
centerY: 0.2713023653462525
width: 0.03508064516129032
height: 0.028498147620404674
Area: 0.00038989602772593974
CentroidX: 0.1106
CentroidY: 0.2840
