Location: Dedata_30.png_Mean-Medain.png
Component: component_1755503806250_185.png
centerX: 0.5721774193548387
centerY: 0.5189512681675691
width: 0.0407258064516129
height: 0.028498147620404674
Area: 0.0003873679662434845
CentroidX: 0.5898
CentroidY: 0.5311
