Location: internet_4.png_Mean-Closing.png
Component: component_1755094384067_278.png
centerX: 0.4554615074566707
centerY: 0.5799828913601369
width: 0.04796453043127771
height: 0.023666951810664385
Area: 0.0005129373888831998
CentroidX: 0.4799
CentroidY: 0.5908
