Location: Kurtxevani_1794_page_10.png_Mean-Medain.png
Component: component_1755610054899_1242.png
centerX: 0.18468731735827001
centerY: 0.35786690171881885
width: 0.017533606078316773
height: 0.0123402379903041
Area: 0.0001210635354313043
CentroidX: 0.1938
CentroidY: 0.3625
