Location: Kurtxevani_1794_page_10.png_Mean-Medain.png
Component: component_1755610055005_1662.png
centerX: 0.4552893045002922
centerY: 0.4878801234023799
width: 0.015780245470485097
height: 0.011458792419568091
Area: 8.938095062694168e-05
CentroidX: 0.4626
CentroidY: 0.4924
