Location: internet_4.png_Mean-Closing.png
Component: component_1755094383932_182.png
centerX: 0.4687625957275292
centerY: 0.3427430852580553
width: 0.04877065699314793
height: 0.02623324779013402
Area: 0.0005294874637205695
CentroidX: 0.4944
CentroidY: 0.3549
