Location: internet_4.png_Gaussian-Closing.png
Component: component_1755094384181_235.png
centerX: 0.41031841999193874
centerY: 0.4548046763615626
width: 0.0471584038694075
height: 0.03307670373538637
Area: 0.0005183391494203969
CentroidX: 0.4341
CentroidY: 0.4691
