Location: Dedata_30.png_Gaussian-Closing.png
Component: component_1755503806691_3.png
centerX: 0.3725806451612903
centerY: 0.005414648047876888
width: 0.03185483870967742
height: 0.0262182958107723
Area: 0.0003273839619779553
CentroidX: 0.3881
CentroidY: 0.0167
