Location: Dedata_30.png_Gaussian-Closing.png
Component: component_1755503806710_98.png
centerX: 0.8604838709677419
centerY: 0.22969506982046167
width: 0.03951612903225806
height: 0.025078369905956112
Area: 0.00035346896000147085
CentroidX: 0.8782
CentroidY: 0.2398
