Location: internet_4.png_Gaussian-Closing.png
Component: component_1755094384141_37.png
centerX: 0.4607013301088271
centerY: 0.01140575990875392
width: 0.0471584038694075
height: 0.02737382378100941
Area: 0.00052937253264531
CentroidX: 0.4870
CentroidY: 0.0226
