Location: Dedata_30.png_Otsu.png
Component: component_1755503806631_259.png
centerX: 0.6241935483870967
centerY: 0.6987745796523226
width: 0.034274193548387094
height: 0.025078369905956112
Area: 0.0003480681013798619
CentroidX: 0.6379
CentroidY: 0.7104
