Location: Dedata_30.png_Gaussian-Median.png
Component: component_1755503806843_137.png
centerX: 0.09314516129032258
centerY: 0.322884012539185
width: 0.04233870967741935
height: 0.029353092049016812
Area: 0.000395526710118681
CentroidX: 0.1144
CentroidY: 0.3357
