Location: Dedata_30.png_Mean-Medain.png
Component: component_1755503806216_18.png
centerX: 0.1629032258064516
centerY: 0.04873183243089199
width: 0.04112903225806452
height: 0.023938444001139925
Area: 0.00036725838626940863
CentroidX: 0.1820
CentroidY: 0.0588
