Location: Dedata_30.png_Mean-Medain.png
Component: component_1755503806232_102.png
centerX: 0.3782258064516129
centerY: 0.26503277286976346
width: 0.04758064516129032
height: 0.02536335138216016
Area: 0.00041253366918247086
CentroidX: 0.4032
CentroidY: 0.2755
