Location: Dedata_30.png_Mean-Medain.png
Component: component_1755503806257_216.png
centerX: 0.02903225806451613
centerY: 0.6166999145055572
width: 0.031451612903225803
height: 0.024508406953548018
Area: 0.00032853308083361676
CentroidX: 0.0436
CentroidY: 0.6276
