Location: Samociqulo_1709_page_10.png_Gaussian-Median.png
Component: component_1755610056200_1866.png
centerX: 0.8402948402948403
centerY: 0.4115625
width: 0.021621621621621623
height: 0.0103125
Area: 0.00011041154791154792
CentroidX: 0.8502
CentroidY: 0.4156
