Location: Dedata_30.png_Gaussian-Closing.png
Component: component_1755503806712_107.png
centerX: 0.5181451612903226
centerY: 0.27044742091764035
width: 0.03870967741935484
height: 0.022798518096323737
Area: 0.0003041717610935934
CentroidX: 0.5356
CentroidY: 0.2786
