Location: Dedata_30.png_Gaussian-Closing.png
Component: component_1755503806721_150.png
centerX: 0.9254032258064516
centerY: 0.41208321459105157
width: 0.04879032258064516
height: 0.027358221715588486
Area: 0.00043023009955965764
CentroidX: 0.9463
CentroidY: 0.4242
