Location: Dedata_30.png_Otsu.png
Component: component_1755503806580_140.png
centerX: 0.9306451612903226
centerY: 0.3214591051581647
width: 0.04395161290322581
height: 0.02963807352522086
Area: 0.00037978378179611875
CentroidX: 0.9503
CentroidY: 0.3340
