Location: internet_4.png_Otsu.png
Component: component_1755094384369_402.png
centerX: 0.03305118903667876
centerY: 0.6170516110635871
width: 0.04514308746473196
height: 0.023666951810664385
Area: 0.0004088098346980824
CentroidX: 0.0559
CentroidY: 0.6273
