Location: internet_4.png_Mean-Medain.png
Component: component_1755094383659_236.png
centerX: 0.34623135832325674
centerY: 0.459652124322783
width: 0.04554615074566707
height: 0.029654975762760195
Area: 0.0005267291179143411
CentroidX: 0.3693
CentroidY: 0.4731
