Location: Dedata_30.png_Mean-Medain.png
Component: component_1755503806259_223.png
centerX: 0.22338709677419355
centerY: 0.6520376175548589
width: 0.039919354838709675
height: 0.024508406953548018
Area: 0.0003717399498064884
CentroidX: 0.2391
CentroidY: 0.6629
