Location: internet_4.png_Mean-Medain.png
Component: component_1755094383622_69.png
centerX: 0.580814187827489
centerY: 0.09010550327915598
width: 0.039500201531640466
height: 0.02480752780153978
Area: 0.00037950241050690694
CentroidX: 0.6015
CentroidY: 0.1009
