Location: internet_4.png_Otsu.png
Component: component_1755094384350_325.png
centerX: 0.615074566706973
centerY: 0.4037639007698888
width: 0.04796453043127771
height: 0.027088679783290562
Area: 0.0004888018630787023
CentroidX: 0.6399
CentroidY: 0.4160
