Location: Dedata_30.png_Otsu.png
Component: component_1755503806515_33.png
centerX: 0.025
centerY: 0.058706184098033624
width: 0.0375
height: 0.020518666286691366
Area: 0.00026487189622997084
CentroidX: 0.0440
CentroidY: 0.0677
