Location: internet_4.png_Otsu.png
Component: component_1755094384364_381.png
centerX: 0.03143893591293833
centerY: 0.5443398916452808
width: 0.04353083434099154
height: 0.029654975762760195
Area: 0.00042225677050344526
CentroidX: 0.0540
CentroidY: 0.5570
