Location: Dedata_30.png_Gaussian-Median.png
Component: component_1755503806877_245.png
centerX: 0.4338709677419355
centerY: 0.6970646907950984
width: 0.03669354838709677
height: 0.024223425477343973
Area: 0.00037978378179611875
CentroidX: 0.4492
CentroidY: 0.7081
