Location: Dedata_30.png_Mean-Medain.png
Component: component_1755503806217_27.png
centerX: 0.09879032258064516
centerY: 0.053576517526360785
width: 0.036290322580645164
height: 0.0262182958107723
Area: 0.00032037433695842027
CentroidX: 0.1147
CentroidY: 0.0641
