Location: Dedata_30.png_Gaussian-Closing.png
Component: component_1755503806697_30.png
centerX: 0.896774193548387
centerY: 0.05500142490738102
width: 0.03508064516129032
height: 0.02336848104873183
Area: 0.00032370678163983857
CentroidX: 0.9132
CentroidY: 0.0642
