Location: internet_4.png_Mean-Medain.png
Component: component_1755094383626_94.png
centerX: 0.147118097541314
centerY: 0.14485315084117478
width: 0.0354695687222894
height: 0.02423723980610208
Area: 0.00034433350147749646
CentroidX: 0.1655
CentroidY: 0.1548
