Location: Kurtxevani_1794_page_10.png_Mean-Medain.png
Component: component_1755610055028_1862.png
centerX: 0.37463471654003505
centerY: 0.5566328779197884
width: 0.022793687901811806
height: 0.016747465843984136
Area: 0.00019653505858315996
CentroidX: 0.3861
CentroidY: 0.5632
