Location: Paraklitoni_1720_page_10.png_Mean-Medain.png
Component: component_1755610055627_2229.png
centerX: 0.2035060975609756
centerY: 0.8225563909774436
width: 0.012957317073170731
height: 0.009022556390977444
Area: 6.609511583837643e-05
CentroidX: 0.2097
CentroidY: 0.8259
