Location: internet_4.png_Otsu.png
Component: component_1755094384358_354.png
centerX: 0.713018943974204
centerY: 0.47362418021100655
width: 0.04070939137444579
height: 0.02623324779013402
Area: 0.00045259857437195627
CentroidX: 0.7329
CentroidY: 0.4854
