Location: internet_4.png_Mean-Closing.png
Component: component_1755094383766_119.png
centerX: 0.3978234582829504
centerY: 0.2072996863416025
width: 0.03426037887948408
height: 0.02423723980610208
Area: 0.00031445142191002345
CentroidX: 0.4142
CentroidY: 0.2180
