Location: internet_4.png_Mean-Medain.png
Component: component_1755094383654_214.png
centerX: 0.030632809351068116
centerY: 0.40461933276304535
width: 0.04393389762192664
height: 0.033932135728542916
Area: 0.0005135120442594974
CentroidX: 0.0530
CentroidY: 0.4197
