Location: internet_4.png_Otsu.png
Component: component_1755094384349_320.png
centerX: 0.28214429665457474
centerY: 0.392072996863416
width: 0.051592099959693674
height: 0.021956087824351298
Area: 0.00047765354877852976
CentroidX: 0.3077
CentroidY: 0.4026
