Location: internet_4.png_Otsu.png
Component: component_1755094384294_40.png
centerX: 0.14349052801289802
centerY: 0.017678927858568578
width: 0.04393389762192664
height: 0.027088679783290562
Area: 0.0004560465066297416
CentroidX: 0.1668
CentroidY: 0.0289
