Location: Dedata_30.png_Gaussian-Closing.png
Component: component_1755503806726_173.png
centerX: 0.16411290322580646
centerY: 0.47107438016528924
width: 0.04798387096774193
height: 0.026788258763180393
Area: 0.0003622022633044981
CentroidX: 0.1860
CentroidY: 0.4803
