Location: Dedata_30.png_Otsu.png
Component: component_1755503806557_107.png
centerX: 0.8604838709677419
centerY: 0.22969506982046167
width: 0.03951612903225806
height: 0.025078369905956112
Area: 0.0003254304599233308
CentroidX: 0.8781
CentroidY: 0.2396
