Location: internet_4.png_Mean-Closing.png
Component: component_1755094383894_166.png
centerX: 0.46997178557033453
centerY: 0.30681494154548045
width: 0.03788794840790004
height: 0.029369831765041345
Area: 0.0004491506421141709
CentroidX: 0.4891
CentroidY: 0.3190
