Location: internet_4.png_Mean-Closing.png
Component: component_1755094384008_231.png
centerX: 0.34663442160419183
centerY: 0.459652124322783
width: 0.044740024183796856
height: 0.029654975762760195
Area: 0.0005254648760864866
CentroidX: 0.3693
CentroidY: 0.4731
