Location: Samociqulo_1709_page_10.png_Gaussian-Median.png
Component: component_1755610056302_3283.png
centerX: 0.6825552825552825
centerY: 0.81
width: 0.02113022113022113
height: 0.01125
Area: 0.0001140970515970516
CentroidX: 0.6920
CentroidY: 0.8145
