Location: internet_4.png_Mean-Closing.png
Component: component_1755094384042_243.png
centerX: 0.5368802902055623
centerY: 0.4844596521243228
width: 0.045949214026602174
height: 0.02879954376960365
Area: 0.0005561514731807761
CentroidX: 0.5623
CentroidY: 0.4974
