Location: internet_4.png_Mean-Medain.png
Component: component_1755094383627_98.png
centerX: 0.8347440548166062
centerY: 0.14998574280011406
width: 0.03869407496977025
height: 0.020530367835757058
Area: 0.0003455977433053511
CentroidX: 0.8544
CentroidY: 0.1594
