Location: internet_4.png_Mean-Medain.png
Component: component_1755094383646_178.png
centerX: 0.2184602982668279
centerY: 0.32164242942686055
width: 0.04675534058847239
height: 0.02480752780153978
Area: 0.000480182032434239
CentroidX: 0.2407
CentroidY: 0.3336
