Location: Dedata_30.png_Gaussian-Median.png
Component: component_1755503806874_234.png
centerX: 0.864516129032258
centerY: 0.6546024508406953
width: 0.038306451612903226
height: 0.024508406953548018
Area: 0.00038989602772593974
CentroidX: 0.8812
CentroidY: 0.6657
