Location: Dedata_30.png_Otsu.png
Component: component_1755503806620_238.png
centerX: 0.034274193548387094
centerY: 0.6548874323168994
width: 0.03870967741935484
height: 0.027358221715588486
Area: 0.0003431268903005176
CentroidX: 0.0497
CentroidY: 0.6670
