Location: internet_4.png_Mean-Medain.png
Component: component_1755094383656_221.png
centerX: 0.29302700523982267
centerY: 0.4257199885942401
width: 0.049979846835953246
height: 0.02879954376960365
Area: 0.0006022388343598403
CentroidX: 0.3206
CentroidY: 0.4380
