Location: Dedata_30.png_Gaussian-Median.png
Component: component_1755503806850_163.png
centerX: 0.5112903225806451
centerY: 0.41550299230550014
width: 0.0375
height: 0.02707324023938444
Area: 0.00036564961987148255
CentroidX: 0.5312
CentroidY: 0.4263
