Location: Dedata_30.png_Gaussian-Closing.png
Component: component_1755503806722_154.png
centerX: 0.5770161290322581
centerY: 0.4152180108292961
width: 0.04435483870967742
height: 0.026503277286976348
Area: 0.0003579505235385506
CentroidX: 0.5986
CentroidY: 0.4252
