Location: Dedata_30.png_Gaussian-Median.png
Component: component_1755503806845_148.png
centerX: 0.09314516129032258
centerY: 0.36563123396979197
width: 0.03588709677419355
height: 0.03134796238244514
Area: 0.00034232250710155453
CentroidX: 0.1097
CentroidY: 0.3793
