Location: Dedata_30.png_Gaussian-Closing.png
Component: component_1755503806742_235.png
centerX: 0.6903225806451613
centerY: 0.6973496722713024
width: 0.03669354838709677
height: 0.026503277286976348
Area: 0.0003866784949300876
CentroidX: 0.7050
CentroidY: 0.7095
