Location: internet_4.png_Mean-Closing.png
Component: component_1755094383730_29.png
centerX: 0.6618299072954453
centerY: 0.011120615911035072
width: 0.04312777106005643
height: 0.027088679783290562
Area: 0.0004531732297482538
CentroidX: 0.6815
CentroidY: 0.0246
