Location: Dedata_30.png_Gaussian-Median.png
Component: component_1755503806837_111.png
centerX: 0.5177419354838709
centerY: 0.2701624394414363
width: 0.039112903225806454
height: 0.02336848104873183
Area: 0.00030463140863585804
CentroidX: 0.5356
CentroidY: 0.2786
