Location: internet_4.png_Gaussian-Closing.png
Component: component_1755094384158_116.png
centerX: 0.08948004836759371
centerY: 0.1822070145423439
width: 0.039500201531640466
height: 0.025377815796977475
Area: 0.00033513901545673553
CentroidX: 0.1097
CentroidY: 0.1932
