Location: internet_4.png_Gaussian-Closing.png
Component: component_1755094384180_227.png
centerX: 0.7033454252317614
centerY: 0.4354148845166809
width: 0.041515517936316
height: 0.029654975762760195
Area: 0.0004770788934022322
CentroidX: 0.7226
CentroidY: 0.4496
