Location: Dedata_30.png_Mean-Medain.png
Component: component_1755503806254_204.png
centerX: 0.027016129032258064
centerY: 0.5711028783129096
width: 0.03225806451612903
height: 0.027358221715588486
Area: 0.00030945770782963623
CentroidX: 0.0416
CentroidY: 0.5827
