Location: internet_4.png_Otsu.png
Component: component_1755094384322_93.png
centerX: 0.6493349455864571
centerY: 0.12118619903051041
width: 0.04836759371221282
height: 0.01996007984031936
Area: 0.00029123534470760213
CentroidX: 0.6729
CentroidY: 0.1310
