Location: internet_4.png_Mean-Closing.png
Component: component_1755094383798_141.png
centerX: 0.21483272873841194
centerY: 0.24893071000855432
width: 0.044740024183796856
height: 0.02281151981750784
Area: 0.0003712273730882221
CentroidX: 0.2367
CentroidY: 0.2596
