Location: Dedata_30.png_Gaussian-Closing.png
Component: component_1755503806715_121.png
centerX: 0.5834677419354839
centerY: 0.3166144200626959
width: 0.04112903225806452
height: 0.026503277286976348
Area: 0.00036691365061271015
CentroidX: 0.6039
CentroidY: 0.3265
