Location: Dedata_30.png_Mean-Medain.png
Component: component_1755503806231_94.png
centerX: 0.17983870967741936
centerY: 0.22713023653462525
width: 0.027822580645161292
height: 0.016813907096038756
Area: 0.00017121870949356034
CentroidX: 0.1946
CentroidY: 0.2343
