Location: Dedata_30.png_Gaussian-Closing.png
Component: component_1755503806705_70.png
centerX: 0.37701612903225806
centerY: 0.1775434596751211
width: 0.034274193548387094
height: 0.024793388429752067
Area: 0.00030106914018330745
CentroidX: 0.3947
CentroidY: 0.1880
