Location: internet_4.png_Mean-Closing.png
Component: component_1755094384040_242.png
centerX: 0.60378879484079
centerY: 0.4827487881380097
width: 0.03829101168883515
height: 0.03051040775591674
Area: 0.0004811014810363151
CentroidX: 0.6232
CentroidY: 0.4959
