Location: Dedata_30.png_Gaussian-Closing.png
Component: component_1755503806738_216.png
centerX: 0.6475806451612903
centerY: 0.6204046736962098
width: 0.043548387096774194
height: 0.023938444001139925
Area: 0.0004029959826804806
CentroidX: 0.6675
CentroidY: 0.6319
