Location: Dedata_30.png_Gaussian-Closing.png
Component: component_1755503806711_100.png
centerX: 0.018145161290322582
centerY: 0.23026503277286978
width: 0.03346774193548387
height: 0.025933314334568254
Area: 0.0003123305049687899
CentroidX: 0.0337
CentroidY: 0.2416
