Location: Dedata_30.png_Otsu.png
Component: component_1755503806545_88.png
centerX: 0.7741935483870968
centerY: 0.18951268167569107
width: 0.03951612903225806
height: 0.022798518096323737
Area: 0.00029911563812868295
CentroidX: 0.7950
CentroidY: 0.1990
