Location: internet_4.png_Gaussian-Closing.png
Component: component_1755094384188_268.png
centerX: 0.9665457476823861
centerY: 0.5406330196749358
width: 0.03345425231761386
height: 0.02765896777872826
Area: 0.00046225278469375525
CentroidX: 0.9836
CentroidY: 0.5539
