Location: Dedata_30.png_Gaussian-Closing.png
Component: component_1755503806702_56.png
centerX: 0.5709677419354838
centerY: 0.13935594186377886
width: 0.04153225806451613
height: 0.022228555143915644
Area: 0.0003431268903005176
CentroidX: 0.5924
CentroidY: 0.1500
