Location: internet_4.png_Gaussian-Closing.png
Component: component_1755094384172_187.png
centerX: 0.4687625957275292
centerY: 0.3427430852580553
width: 0.04877065699314793
height: 0.02623324779013402
Area: 0.0005181092872698778
CentroidX: 0.4945
CentroidY: 0.3550
