Location: Dedata_30.png_Otsu.png
Component: component_1755503806634_266.png
centerX: 0.09717741935483871
centerY: 0.7506412083214591
width: 0.035483870967741936
height: 0.02792818466799658
Area: 0.00035944437805091056
CentroidX: 0.1112
CentroidY: 0.7620
