Location: Dedata_30.png_Otsu.png
Component: component_1755503806530_57.png
centerX: 0.3056451612903226
centerY: 0.1390709603875748
width: 0.02903225806451613
height: 0.024793388429752067
Area: 0.00015639507625552727
CentroidX: 0.3184
CentroidY: 0.1516
