Location: internet_4.png_Gaussian-Closing.png
Component: component_1755094384167_163.png
centerX: 0.7839580814187828
centerY: 0.2874251497005988
width: 0.04796453043127771
height: 0.0290846877673225
Area: 0.0005225915992049988
CentroidX: 0.8063
CentroidY: 0.3014
