Location: internet_4.png_Otsu.png
Component: component_1755094384338_271.png
centerX: 0.282950423216445
centerY: 0.2805816937553465
width: 0.04393389762192664
height: 0.0290846877673225
Area: 0.0004469669516842402
CentroidX: 0.3047
CentroidY: 0.2933
