Location: internet_4.png_Mean-Medain.png
Component: component_1755094383626_95.png
centerX: 0.0947198710197501
centerY: 0.14713430282292558
width: 0.03385731559854897
height: 0.023381807812945538
Area: 0.00031376183545846637
CentroidX: 0.1114
CentroidY: 0.1571
