Location: Kurtxevani_1794_page_10.png_Mean-Medain.png
Component: component_1755610054890_1167.png
centerX: 0.2548217416715371
centerY: 0.3323049801674747
width: 0.017533606078316773
height: 0.011899515204936095
Area: 0.00011436640368404066
CentroidX: 0.2636
CentroidY: 0.3371
