Location: Dedata_30.png_Mean-Medain.png
Component: component_1755503806257_218.png
centerX: 0.5149193548387097
centerY: 0.6184098033627814
width: 0.04233870967741935
height: 0.024793388429752067
Area: 0.00040862666507322185
CentroidX: 0.5357
CentroidY: 0.6287
