Location: Kurtxevani_1784_page_10.png_Gaussian-Closing.png
Component: component_1755610055738_307.png
centerX: 0.6372443487621098
centerY: 0.4095617529880478
width: 0.0193756727664155
height: 0.013545816733067729
Area: 0.0001578186714927159
CentroidX: 0.6463
CentroidY: 0.4146
