Location: internet_4.png_Mean-Medain.png
Component: component_1755094383633_130.png
centerX: 0.7097944377267231
centerY: 0.21899059024807527
width: 0.05038291011688835
height: 0.02281151981750784
Area: 0.0004868480347992907
CentroidX: 0.7349
CentroidY: 0.2304
