Location: internet_4.png_Otsu.png
Component: component_1755094384337_267.png
centerX: 0.40467553405884726
centerY: 0.2703165098374679
width: 0.04796453043127771
height: 0.02623324779013402
Area: 0.0004891466563044809
CentroidX: 0.4294
CentroidY: 0.2826
