Location: Paraklitoni_1720_page_10.png_Mean-Medain.png
Component: component_1755610055248_431.png
centerX: 0.7660060975609756
centerY: 0.1598997493734336
width: 0.013719512195121951
height: 0.008521303258145364
Area: 5.768995659881411e-05
CentroidX: 0.7726
CentroidY: 0.1632
