Location: internet_4.png_Otsu.png
Component: component_1755094384350_326.png
centerX: 0.031035872632003223
centerY: 0.40461933276304535
width: 0.04312777106005643
height: 0.033932135728542916
Area: 0.0004765042380259347
CentroidX: 0.0531
CentroidY: 0.4198
