Location: internet_4.png_Otsu.png
Component: component_1755094384324_103.png
centerX: 0.032245062474808545
centerY: 0.14342743085258056
width: 0.0475614671503426
height: 0.03022526375819789
Area: 0.00048351503361676487
CentroidX: 0.0576
CentroidY: 0.1561
