Location: Dedata_30.png_Gaussian-Closing.png
Component: component_1755503806710_95.png
centerX: 0.08629032258064516
centerY: 0.2285551439156455
width: 0.0407258064516129
height: 0.02536335138216016
Area: 0.0003766811608858327
CentroidX: 0.1068
CentroidY: 0.2398
