Location: internet_4.png_Mean-Closing.png
Component: component_1755094383763_107.png
centerX: 0.14993954050785974
centerY: 0.17850014257199887
width: 0.04030632809351068
height: 0.02423723980610208
Area: 0.00036249261136849924
CentroidX: 0.1713
CentroidY: 0.1891
