Location: Dedata_30.png_Gaussian-Closing.png
Component: component_1755503806712_109.png
centerX: 0.7209677419354839
centerY: 0.2710173838700484
width: 0.04314516129032258
height: 0.024508406953548018
Area: 0.0003569163165684553
CentroidX: 0.7422
CentroidY: 0.2811
