Location: Dedata_30.png_Otsu.png
Component: component_1755503806586_155.png
centerX: 0.0935483870967742
centerY: 0.36620119692220005
width: 0.035483870967741936
height: 0.030777999430037048
Area: 0.00030888314840180547
CentroidX: 0.1097
CentroidY: 0.3792
