Location: internet_4.png_Otsu.png
Component: component_1755094384343_295.png
centerX: 0.09552599758162031
centerY: 0.3290561733675506
width: 0.037484885126964934
height: 0.025377815796977475
Area: 0.0004239807366323379
CentroidX: 0.1136
CentroidY: 0.3408
