Location: internet_4.png_Otsu.png
Component: component_1755094384343_293.png
centerX: 0.6606207174526401
centerY: 0.3253493013972056
width: 0.04836759371221282
height: 0.027944111776447105
Area: 0.0004861584483477336
CentroidX: 0.6848
CentroidY: 0.3381
