Location: internet_4.png_Mean-Closing.png
Component: component_1755094383851_156.png
centerX: 0.8492543329302701
centerY: 0.2831479897348161
width: 0.03829101168883515
height: 0.029654975762760195
Area: 0.00047121740856399715
CentroidX: 0.8688
CentroidY: 0.2961
