Location: Kurtxevani_1794_page_10.png_Mean-Medain.png
Component: component_1755610054610_577.png
centerX: 0.201052016364699
centerY: 0.125605993829881
width: 0.015195791934541203
height: 0.01762891141472014
Area: 0.00011951804348962808
CentroidX: 0.2093
CentroidY: 0.1350
