Location: Dedata_30.png_Gaussian-Median.png
Component: component_1755503806878_247.png
centerX: 0.7600806451612904
centerY: 0.6970646907950984
width: 0.034274193548387094
height: 0.027358221715588486
Area: 0.00038334605024866933
CentroidX: 0.7739
CentroidY: 0.7100
