Location: Dedata_30.png_Otsu.png
Component: component_1755503806639_284.png
centerX: 0.2854838709677419
centerY: 0.7936734112282702
width: 0.03588709677419355
height: 0.023083499572527786
Area: 0.0003192252181027588
CentroidX: 0.3009
CentroidY: 0.8051
