Location: internet_4.png_Otsu.png
Component: component_1755094384357_349.png
centerX: 0.8875453446191052
centerY: 0.4644995722840034
width: 0.039500201531640466
height: 0.027088679783290562
Area: 0.0004608736117906411
CentroidX: 0.9088
CentroidY: 0.4760
