Location: internet_4.png_Gaussian-Closing.png
Component: component_1755094384172_190.png
centerX: 0.9068923821039904
centerY: 0.3455945252352438
width: 0.0475614671503426
height: 0.02594810379241517
Area: 0.0005039727650129579
CentroidX: 0.9311
CentroidY: 0.3576
