Location: internet_4.png_Gaussian-Closing.png
Component: component_1755094384169_175.png
centerX: 0.3422007255139057
centerY: 0.3119475335044197
width: 0.05038291011688835
height: 0.027088679783290562
Area: 0.0005276485665164172
CentroidX: 0.3678
CentroidY: 0.3239
