Location: Dedata_30.png_Otsu.png
Component: component_1755503806604_197.png
centerX: 0.9032258064516129
centerY: 0.5200911940723852
width: 0.042741935483870966
height: 0.02336848104873183
Area: 0.0003149734783368113
CentroidX: 0.9233
CentroidY: 0.5290
