Location: internet_4.png_Mean-Closing.png
Component: component_1755094383996_226.png
centerX: 0.0886739218057235
centerY: 0.4436840604505275
width: 0.046352277307537285
height: 0.029654975762760195
Area: 0.0005227065302802582
CentroidX: 0.1106
CentroidY: 0.4576
