Location: Dedata_30.png_Gaussian-Closing.png
Component: component_1755503806692_10.png
centerX: 0.6455645161290322
centerY: 0.010259333143345683
width: 0.039112903225806454
height: 0.024793388429752067
Area: 0.00029532354590500003
CentroidX: 0.6648
CentroidY: 0.0191
