Location: Dedata_30.png_Mean-Medain.png
Component: component_1755503806238_129.png
centerX: 0.930241935483871
centerY: 0.3211741236819607
width: 0.04435483870967742
height: 0.030208036477628954
Area: 0.0004375844602358911
CentroidX: 0.9504
CentroidY: 0.3339
