Location: internet_4.png_Otsu.png
Component: component_1755094384346_305.png
centerX: 0.7875856509471987
centerY: 0.3555745651554035
width: 0.05038291011688835
height: 0.021956087824351298
Area: 0.0004717920639402947
CentroidX: 0.8133
CentroidY: 0.3657
