Location: Paraklitoni_1720_page_10.png_Mean-Medain.png
Component: component_1755610055298_888.png
centerX: 0.5861280487804879
centerY: 0.32531328320802005
width: 0.012957317073170731
height: 0.008521303258145364
Area: 6.876948468732808e-05
CentroidX: 0.5924
CentroidY: 0.3284
