Location: internet_4.png_Otsu.png
Component: component_1755094384298_50.png
centerX: 0.4562676340185409
centerY: 0.05731394354148845
width: 0.04312777106005643
height: 0.025092671799258625
Area: 0.0003476665026600223
CentroidX: 0.4777
CentroidY: 0.0681
