Location: internet_4.png_Mean-Closing.png
Component: component_1755094383734_43.png
centerX: 0.03506650544135429
centerY: 0.019104647847162818
width: 0.04070939137444579
height: 0.03165098374679213
Area: 0.0004959275897447921
CentroidX: 0.0556
CentroidY: 0.0328
