Location: Dedata_30.png_Otsu.png
Component: component_1755503806562_112.png
centerX: 0.16451612903225807
centerY: 0.26617269877457966
width: 0.043548387096774194
height: 0.027643203191792535
Area: 0.00031865065867492804
CentroidX: 0.1848
CentroidY: 0.2772
