Location: internet_4.png_Mean-Closing.png
Component: component_1755094383739_50.png
centerX: 0.5783958081418783
centerY: 0.05474764756201882
width: 0.04433696090286175
height: 0.02423723980610208
Area: 0.0003782381686790523
CentroidX: 0.6014
CentroidY: 0.0650
