Location: internet_4.png_Mean-Medain.png
Component: component_1755094383620_63.png
centerX: 0.954453849254333
centerY: 0.07670373538637011
width: 0.039500201531640466
height: 0.02423723980610208
Area: 0.000414556388461058
CentroidX: 0.9754
CentroidY: 0.0870
