Location: internet_4.png_Gaussian-Closing.png
Component: component_1755094384171_182.png
centerX: 0.660217654171705
centerY: 0.3253493013972056
width: 0.04877065699314793
height: 0.027944111776447105
Area: 0.0005087998701738574
CentroidX: 0.6849
CentroidY: 0.3382
