Location: Samociqulo_1709_page_10.png_Gaussian-Median.png
Component: component_1755610056133_1065.png
centerX: 0.5931203931203931
centerY: 0.230625
width: 0.02407862407862408
height: 0.0125
Area: 0.00013636363636363637
CentroidX: 0.6029
CentroidY: 0.2359
