Location: Dedata_30.png_Mean-Medain.png
Component: component_1755503806253_202.png
centerX: 0.15685483870967742
centerY: 0.5693929894556854
width: 0.04516129032258064
height: 0.02821316614420063
Area: 0.000386218847387823
CentroidX: 0.1786
CentroidY: 0.5794
