Location: Dedata_30.png_Mean-Medain.png
Component: component_1755503806242_151.png
centerX: 0.8584677419354839
centerY: 0.4103733257338273
width: 0.043548387096774194
height: 0.025933314334568254
Area: 0.000356686492797323
CentroidX: 0.8787
CentroidY: 0.4200
