Location: Dedata_30.png_Gaussian-Closing.png
Component: component_1755503806715_126.png
centerX: 0.16612903225806452
centerY: 0.31917925334853237
width: 0.04314516129032258
height: 0.028783129096608722
Area: 0.0003782899272837588
CentroidX: 0.1884
CentroidY: 0.3306
