Location: Dedata_30.png_Gaussian-Closing.png
Component: component_1755503806708_87.png
centerX: 0.3842741935483871
centerY: 0.22485038472499289
width: 0.04435483870967742
height: 0.02365346252493588
Area: 0.0003064699988049164
CentroidX: 0.4032
CentroidY: 0.2342
