Location: Dedata_30.png_Gaussian-Closing.png
Component: component_1755503806746_249.png
centerX: 0.0375
centerY: 0.750071245369051
width: 0.03185483870967742
height: 0.02792818466799658
Area: 0.00039736530028773934
CentroidX: 0.0502
CentroidY: 0.7632
