Location: internet_4.png_Mean-Medain.png
Component: component_1755094383644_173.png
centerX: 0.9742039500201531
centerY: 0.31137724550898205
width: 0.025796049979846837
height: 0.02423723980610208
Area: 0.00028859192997663334
CentroidX: 0.9874
CentroidY: 0.3216
