Location: Dedata_30.png_Otsu.png
Component: component_1755503806531_60.png
centerX: 0.3709677419354839
centerY: 0.14049586776859505
width: 0.039919354838709675
height: 0.024793388429752067
Area: 0.000264986808115537
CentroidX: 0.3888
CentroidY: 0.1493
