Location: Dedata_30.png_Otsu.png
Component: component_1755503806555_105.png
centerX: 0.728225806451613
centerY: 0.22884012539184953
width: 0.046370967741935484
height: 0.024508406953548018
Area: 0.0003257751955800292
CentroidX: 0.7519
CentroidY: 0.2384
