Location: Kurtxevani_1794_page_10.png_Mean-Medain.png
Component: component_1755610055019_1775.png
centerX: 0.7136177673874927
centerY: 0.5222565006610842
width: 0.023378141437755698
height: 0.017188188629352136
Area: 0.00020452010028182045
CentroidX: 0.7252
CentroidY: 0.5292
