Location: internet_4.png_Mean-Medain.png
Component: component_1755094383649_194.png
centerX: 0.22047561467150342
centerY: 0.35700028514399773
width: 0.04030632809351068
height: 0.028514399771884802
Area: 0.00045731074845759624
CentroidX: 0.2415
CentroidY: 0.3694
