Location: Dedata_30.png_Otsu.png
Component: component_1755503806610_211.png
centerX: 0.9112903225806451
centerY: 0.5679680820746651
width: 0.0407258064516129
height: 0.023083499572527786
Area: 0.0003276137857490876
CentroidX: 0.9285
CentroidY: 0.5771
