Location: internet_4.png_Gaussian-Closing.png
Component: component_1755094384160_129.png
centerX: 0.028214429665457477
centerY: 0.21642429426860565
width: 0.046352277307537285
height: 0.02765896777872826
Area: 0.00045960936996278646
CentroidX: 0.0513
CentroidY: 0.2294
