Location: Dedata_30.png_Gaussian-Median.png
Component: component_1755503806819_48.png
centerX: 0.8883064516129032
centerY: 0.09603875748076375
width: 0.03467741935483871
height: 0.024223425477343973
Area: 0.00029222092499471406
CentroidX: 0.9064
CentroidY: 0.1053
