Location: internet_4.png_Mean-Closing.png
Component: component_1755094384060_270.png
centerX: 0.8057234985892785
centerY: 0.5520387795836897
width: 0.037484885126964934
height: 0.02879954376960365
Area: 0.0005214422884524037
CentroidX: 0.8257
CentroidY: 0.5650
