Location: Dedata_30.png_Otsu.png
Component: component_1755503806517_36.png
centerX: 0.49838709677419357
centerY: 0.09432886862353947
width: 0.03588709677419355
height: 0.025078369905956112
Area: 0.00031141120988426073
CentroidX: 0.5160
CentroidY: 0.1043
