Location: internet_4.png_Mean-Medain.png
Component: component_1755094383631_117.png
centerX: 0.7106005642885933
centerY: 0.19047619047619047
width: 0.03829101168883515
height: 0.021956087824351298
Area: 0.00037731872007697626
CentroidX: 0.7308
CentroidY: 0.2007
