Location: Dedata_30.png_Gaussian-Median.png
Component: component_1755503806815_32.png
centerX: 0.5653225806451613
centerY: 0.055571387859789115
width: 0.03508064516129032
height: 0.024793388429752067
Area: 0.0003573759641107199
CentroidX: 0.5839
CentroidY: 0.0658
