Location: internet_4.png_Mean-Closing.png
Component: component_1755094383748_70.png
centerX: 0.3301088270858525
centerY: 0.09808953521528371
width: 0.037081821846029824
height: 0.02594810379241517
Area: 0.00037708885792645723
CentroidX: 0.3490
CentroidY: 0.1097
