Location: internet_4.png_Gaussian-Closing.png
Component: component_1755094384162_136.png
centerX: 0.6505441354292624
centerY: 0.22298260621613916
width: 0.039500201531640466
height: 0.027944111776447105
Area: 0.00045466733372662746
CentroidX: 0.6723
CentroidY: 0.2356
