Location: Dedata_30.png_Gaussian-Median.png
Component: component_1755503806847_152.png
centerX: 0.9354838709677419
centerY: 0.3670561413508122
width: 0.044758064516129036
height: 0.031062980906241093
Area: 0.00037553204203017126
CentroidX: 0.9541
CentroidY: 0.3797
