Location: Dedata_30.png_Otsu.png
Component: component_1755503806591_167.png
centerX: 0.5112903225806451
centerY: 0.41550299230550014
width: 0.0375
height: 0.026788258763180393
Area: 0.0003331295562562627
CentroidX: 0.5312
CentroidY: 0.4262
