Location: Dedata_30.png_Otsu.png
Component: component_1755503806633_264.png
centerX: 0.0375
centerY: 0.750356226845255
width: 0.03185483870967742
height: 0.027358221715588486
Area: 0.00037047591906526074
CentroidX: 0.0501
CentroidY: 0.7632
