Location: internet_4.png_Otsu.png
Component: component_1755094384332_214.png
centerX: 0.1487303506650544
centerY: 0.21984602224123181
width: 0.03426037887948408
height: 0.021670943826632448
Area: 0.00023859691223874585
CentroidX: 0.1650
CentroidY: 0.2294
