Location: Dedata_30.png_Mean-Medain.png
Component: component_1755503806238_130.png
centerX: 0.024596774193548387
centerY: 0.322884012539185
width: 0.037096774193548385
height: 0.028783129096608722
Area: 0.00038311622647753705
CentroidX: 0.0410
CentroidY: 0.3352
