Location: Dedata_30.png_Mean-Medain.png
Component: component_1755503806251_190.png
centerX: 0.027016129032258064
centerY: 0.5209461385009975
width: 0.0407258064516129
height: 0.030208036477628954
Area: 0.00040311089456604676
CentroidX: 0.0455
CentroidY: 0.5331
