Location: Kurtxevani_1794_page_10.png_Mean-Medain.png
Component: component_1755610054818_826.png
centerX: 0.342489772063121
centerY: 0.20846187747906567
width: 0.01694915254237288
height: 0.011899515204936095
Area: 0.00010277521412146897
CentroidX: 0.3510
CentroidY: 0.2129
