Location: Dedata_30.png_Mean-Medain.png
Component: component_1755503806241_145.png
centerX: 0.864516129032258
centerY: 0.36563123396979197
width: 0.04153225806451613
height: 0.02707324023938444
Area: 0.0003841504334476324
CentroidX: 0.8829
CentroidY: 0.3782
