Location: Paraklitoni_1720_page_10.png_Mean-Medain.png
Component: component_1755610055334_1284.png
centerX: 0.2942073170731707
centerY: 0.4691729323308271
width: 0.014481707317073171
height: 0.009523809523809525
Area: 8.137722354667156e-05
CentroidX: 0.3013
CentroidY: 0.4728
