Location: internet_4.png_Gaussian-Closing.png
Component: component_1755094384164_151.png
centerX: 0.0886739218057235
centerY: 0.2557741659538067
width: 0.03506650544135429
height: 0.029654975762760195
Area: 0.0003376674991124448
CentroidX: 0.1064
CentroidY: 0.2691
