Location: Dedata_30.png_Gaussian-Closing.png
Component: component_1755503806703_59.png
centerX: 0.02379032258064516
centerY: 0.14078084924479908
width: 0.02943548387096774
height: 0.02365346252493588
Area: 0.00017409150663271402
CentroidX: 0.0382
CentroidY: 0.1512
