Location: Kurtxevani_1794_page_10.png_Mean-Medain.png
Component: component_1755610054855_1013.png
centerX: 0.2659263588544711
centerY: 0.28118113706478626
width: 0.017533606078316773
height: 0.011458792419568091
Area: 0.00011513914965487876
CentroidX: 0.2748
CentroidY: 0.2854
