Location: Samociqulo_1709_page_10.png_Gaussian-Median.png
Component: component_1755610056222_2087.png
centerX: 0.12825552825552824
centerY: 0.4884375
width: 0.032432432432432434
height: 0.01125
Area: 0.00014603808353808354
CentroidX: 0.1455
CentroidY: 0.4932
