Location: internet_4.png_Mean-Medain.png
Component: component_1755094383632_123.png
centerX: 0.33575171301894396
centerY: 0.21043627031650983
width: 0.03788794840790004
height: 0.024522383803820928
Area: 0.00035306826319721934
CentroidX: 0.3551
CentroidY: 0.2207
