Location: Dedata_30.png_Gaussian-Median.png
Component: component_1755503806807_6.png
centerX: 0.24193548387096775
centerY: 0.007694499857509262
width: 0.03588709677419355
height: 0.02792818466799658
Area: 0.00037691098465696506
CentroidX: 0.2568
CentroidY: 0.0190
