Location: internet_4.png_Mean-Medain.png
Component: component_1755094383651_203.png
centerX: 0.8686013704151552
centerY: 0.38323353293413176
width: 0.045949214026602174
height: 0.03279155973766752
Area: 0.0005923547618875223
CentroidX: 0.8938
CentroidY: 0.3977
