Location: internet_4.png_Gaussian-Closing.png
Component: component_1755094384154_96.png
centerX: 0.1475211608222491
centerY: 0.14485315084117478
width: 0.03506650544135429
height: 0.02423723980610208
Area: 0.0003280132887906458
CentroidX: 0.1654
CentroidY: 0.1548
