Location: internet_4.png_Otsu.png
Component: component_1755094384324_102.png
centerX: 0.2071745264006449
centerY: 0.142571998859424
width: 0.03426037887948408
height: 0.023952095808383235
Area: 0.00029445341481486846
CentroidX: 0.2252
CentroidY: 0.1523
