Location: internet_4.png_Otsu.png
Component: component_1755094384300_56.png
centerX: 0.08786779524385328
centerY: 0.06814941545480467
width: 0.039500201531640466
height: 0.02423723980610208
Area: 0.00033950639631659694
CentroidX: 0.1081
CentroidY: 0.0793
