Location: Dedata_30.png_Gaussian-Median.png
Component: component_1755503806863_200.png
centerX: 0.8451612903225807
centerY: 0.5656882302650328
width: 0.038306451612903226
height: 0.024793388429752067
Area: 0.0003599040255931752
CentroidX: 0.8616
CentroidY: 0.5764
