Location: Kurtxevani_1794_page_10.png_Mean-Medain.png
Component: component_1755610054942_1429.png
centerX: 0.25949736995908823
centerY: 0.40943146760687527
width: 0.017533606078316773
height: 0.0123402379903041
Area: 0.00011694222358683437
CentroidX: 0.2683
CentroidY: 0.4141
