Location: Dedata_30.png_Otsu.png
Component: component_1755503806617_233.png
centerX: 0.16088709677419355
centerY: 0.6520376175548589
width: 0.03790322580645161
height: 0.026788258763180393
Area: 0.0003231322222120078
CentroidX: 0.1761
CentroidY: 0.6638
