Location: internet_4.png_Mean-Closing.png
Component: component_1755094383981_212.png
centerX: 0.09109230149133414
centerY: 0.4069004847447961
width: 0.044740024183796856
height: 0.03051040775591674
Area: 0.0005731612723191838
CentroidX: 0.1156
CentroidY: 0.4197
