Location: Dedata_30.png_Gaussian-Median.png
Component: component_1755503806816_37.png
centerX: 0.49798387096774194
centerY: 0.09404388714733543
width: 0.03669354838709677
height: 0.02536335138216016
Area: 0.0003425523308726868
CentroidX: 0.5160
CentroidY: 0.1044
