Location: internet_4.png_Mean-Closing.png
Component: component_1755094384018_233.png
centerX: 0.8875453446191052
centerY: 0.46421442828628456
width: 0.039500201531640466
height: 0.027088679783290562
Area: 0.0004904108981323356
CentroidX: 0.9087
CentroidY: 0.4759
