Location: Dedata_30.png_Gaussian-Median.png
Component: component_1755503806866_209.png
centerX: 0.9737903225806451
centerY: 0.5693929894556854
width: 0.025806451612903226
height: 0.021658592191507554
Area: 0.00025177194127543
CentroidX: 0.9854
CentroidY: 0.5800
