Location: internet_4.png_Otsu.png
Component: component_1755094384365_386.png
centerX: 0.8061265618702136
centerY: 0.5520387795836897
width: 0.037081821846029824
height: 0.02879954376960365
Area: 0.00047822820415482735
CentroidX: 0.8258
CentroidY: 0.5649
