Location: Dedata_30.png_Otsu.png
Component: component_1755503806618_235.png
centerX: 0.9241935483870968
centerY: 0.6528925619834711
width: 0.0375
height: 0.024793388429752067
Area: 0.00035438825508600003
CentroidX: 0.9423
CentroidY: 0.6628
