Location: internet_4.png_Mean-Medain.png
Component: component_1755094383643_167.png
centerX: 0.6638452237001209
centerY: 0.2939834616481323
width: 0.04191858121725111
height: 0.02765896777872826
Area: 0.0005005248327551726
CentroidX: 0.6853
CentroidY: 0.3057
