Location: Dedata_30.png_Gaussian-Closing.png
Component: component_1755503806730_189.png
centerX: 0.36612903225806454
centerY: 0.5654032487888287
width: 0.0375
height: 0.02821316614420063
Area: 0.0003238216935254047
CentroidX: 0.3841
CentroidY: 0.5755
