Location: internet_4.png_Mean-Closing.png
Component: component_1755094383761_101.png
centerX: 0.5239822652156388
centerY: 0.15882520672939834
width: 0.03667875856509472
height: 0.0213857998289136
Area: 0.00031996811352248
CentroidX: 0.5420
CentroidY: 0.1689
