Location: internet_4.png_Otsu.png
Component: component_1755094384365_388.png
centerX: 0.15840386940749698
centerY: 0.5588822355289421
width: 0.03667875856509472
height: 0.02737382378100941
Area: 0.00043168111867472516
CentroidX: 0.1782
CentroidY: 0.5705
