Location: Dedata_30.png_Mean-Medain.png
Component: component_1755503806238_131.png
centerX: 0.09274193548387097
centerY: 0.322884012539185
width: 0.04314516129032258
height: 0.029353092049016812
Area: 0.00041781961591851367
CentroidX: 0.1144
CentroidY: 0.3356
