Location: Dedata_30.png_Gaussian-Median.png
Component: component_1755503806828_84.png
centerX: 0.7741935483870968
centerY: 0.18951268167569107
width: 0.03951612903225806
height: 0.022798518096323737
Area: 0.00032795852140578605
CentroidX: 0.7951
CentroidY: 0.1990
