Location: internet_4.png_Mean-Closing.png
Component: component_1755094383956_200.png
centerX: 0.928254735993551
centerY: 0.38323353293413176
width: 0.042724707779121324
height: 0.02623324779013402
Area: 0.0005213273573771442
CentroidX: 0.9510
CentroidY: 0.3942
