Location: Paraklitoni_1720_page_10.png_Mean-Medain.png
Component: component_1755610055478_1926.png
centerX: 0.3445121951219512
centerY: 0.6982456140350877
width: 0.013719512195121951
height: 0.008521303258145364
Area: 6.571306314566904e-05
CentroidX: 0.3510
CentroidY: 0.7012
