Location: Kurtxevani_1794_page_10.png_Mean-Medain.png
Component: component_1755610054619_599.png
centerX: 0.3962594973699591
centerY: 0.13089466725429705
width: 0.01636469900642899
height: 0.011458792419568091
Area: 9.813873829644029e-05
CentroidX: 0.4043
CentroidY: 0.1355
