Location: Dedata_30.png_Otsu.png
Component: component_1755503806525_50.png
centerX: 0.6310483870967742
centerY: 0.09689370190937589
width: 0.037096774193548385
height: 0.023083499572527786
Area: 0.0002956682815616985
CentroidX: 0.6490
CentroidY: 0.1052
