Location: Dedata_30.png_Gaussian-Median.png
Component: component_1755503806891_287.png
centerX: 0.9431451612903226
centerY: 0.7959532630379025
width: 0.035483870967741936
height: 0.02821316614420063
Area: 0.0003641557653591226
CentroidX: 0.9584
CentroidY: 0.8097
