Location: Dedata_30.png_Mean-Medain.png
Component: component_1755503806263_245.png
centerX: 0.5612903225806452
centerY: 0.6976346537475064
width: 0.035483870967741936
height: 0.0262182958107723
Area: 0.00038139254819404483
CentroidX: 0.5761
CentroidY: 0.7093
