Location: Dedata_30.png_Otsu.png
Component: component_1755503806540_76.png
centerX: 0.3774193548387097
centerY: 0.17782844115132515
width: 0.03387096774193549
height: 0.024223425477343973
Area: 0.00027176660936393973
CentroidX: 0.3947
CentroidY: 0.1879
