Location: internet_4.png_Mean-Medain.png
Component: component_1755094383628_106.png
centerX: 0.3941958887545345
centerY: 0.16424294268605646
width: 0.037484885126964934
height: 0.023096663815226688
Area: 0.00036605547470154414
CentroidX: 0.4121
CentroidY: 0.1750
