Location: Dedata_30.png_Mean-Medain.png
Component: component_1755503806220_39.png
centerX: 0.16370967741935483
centerY: 0.09461385009974352
width: 0.03669354838709677
height: 0.0262182958107723
Area: 0.00033129096608720436
CentroidX: 0.1815
CentroidY: 0.1041
