Location: Kurtxevani_1794_page_10.png_Mean-Medain.png
Component: component_1755610055020_1778.png
centerX: 0.8199883109292812
centerY: 0.5235786690171882
width: 0.02396259497369959
height: 0.01851035698545615
Area: 0.00022821764338752258
CentroidX: 0.8321
CentroidY: 0.5315
