Location: internet_4.png_Otsu.png
Component: component_1755094384349_319.png
centerX: 0.819024586860137
centerY: 0.3900769888793841
width: 0.04030632809351068
height: 0.028514399771884802
Area: 0.00046098854286590063
CentroidX: 0.8385
CentroidY: 0.4030
