Location: Dedata_30.png_Otsu.png
Component: component_1755503806490_11.png
centerX: 0.7129032258064516
centerY: 0.010259333143345683
width: 0.04516129032258064
height: 0.025933314334568254
Area: 0.0003572610522251538
CentroidX: 0.7396
CentroidY: 0.0207
