Location: internet_4.png_Gaussian-Closing.png
Component: component_1755094384184_248.png
centerX: 0.5368802902055623
centerY: 0.4844596521243228
width: 0.045949214026602174
height: 0.02879954376960365
Area: 0.0005431642616764513
CentroidX: 0.5623
CentroidY: 0.4973
