Location: Dedata_30.png_Otsu.png
Component: component_1755503806508_26.png
centerX: 0.7689516129032258
centerY: 0.05329153605015674
width: 0.039919354838709675
height: 0.02536335138216016
Area: 0.00030003493321321213
CentroidX: 0.7866
CentroidY: 0.0623
