Location: Dedata_30.png_Gaussian-Median.png
Component: component_1755503806822_63.png
centerX: 0.49798387096774194
centerY: 0.14163579367341123
width: 0.05040322580645161
height: 0.024223425477343973
Area: 0.00034887248457882495
CentroidX: 0.5214
CentroidY: 0.1506
