Location: internet_4.png_Mean-Closing.png
Component: component_1755094383998_227.png
centerX: 0.03385731559854897
centerY: 0.44568006843455943
width: 0.0475614671503426
height: 0.023952095808383235
Area: 0.00046696495877939523
CentroidX: 0.0585
CentroidY: 0.4565
