Location: Dedata_30.png_Otsu.png
Component: component_1755503806577_132.png
centerX: 0.32137096774193546
centerY: 0.31689940153889995
width: 0.04395161290322581
height: 0.02792818466799658
Area: 0.00033221026117173354
CentroidX: 0.3419
CentroidY: 0.3275
