Location: Kurtxevani_1764_page_10.png_Otsu.png
Component: component_1755610055872_890.png
centerX: 0.47119741100323626
centerY: 0.2970065481758653
width: 0.018122977346278317
height: 0.011693171188026192
Area: 0.0001268463101044136
CentroidX: 0.4806
CentroidY: 0.3015
