Location: Paraklitoni_1720_page_10.png_Mean-Medain.png
Component: component_1755610055477_1922.png
centerX: 0.21417682926829268
centerY: 0.6962406015037594
width: 0.013719512195121951
height: 0.009022556390977444
Area: 7.144385353627973e-05
CentroidX: 0.2208
CentroidY: 0.6998
