Location: internet_4.png_Otsu.png
Component: component_1755094384332_209.png
centerX: 0.8407900040306329
centerY: 0.2167094382663245
width: 0.04514308746473196
height: 0.026518391787852865
Area: 0.0004351290509325105
CentroidX: 0.8628
CentroidY: 0.2294
