Location: Dedata_30.png_Otsu.png
Component: component_1755503806642_292.png
centerX: 0.8786290322580645
centerY: 0.7965232259903107
width: 0.03508064516129032
height: 0.02365346252493588
Area: 0.0003172717160481343
CentroidX: 0.8926
CentroidY: 0.8073
