Location: internet_4.png_Mean-Closing.png
Component: component_1755094384033_237.png
centerX: 0.22087867795243854
centerY: 0.47362418021100655
width: 0.041515517936316
height: 0.029369831765041345
Area: 0.0005346593621072474
CentroidX: 0.2414
CentroidY: 0.4872
