Location: internet_4.png_Gaussian-Closing.png
Component: component_1755094384150_80.png
centerX: 0.9560661023780733
centerY: 0.1092101511263188
width: 0.039500201531640466
height: 0.02423723980610208
Area: 0.00031525593943684
CentroidX: 0.9768
CentroidY: 0.1194
