Location: internet_4.png_Gaussian-Closing.png
Component: component_1755094384167_165.png
centerX: 0.7271261588069327
centerY: 0.29141716566866266
width: 0.03506650544135429
height: 0.028514399771884802
Area: 0.00044225477759860025
CentroidX: 0.7447
CentroidY: 0.3044
