Location: internet_4.png_Otsu.png
Component: component_1755094384371_412.png
centerX: 0.037484885126964934
centerY: 0.8682634730538922
width: 0.049979846835953246
height: 0.028229255774165955
Area: 0.0004209925286755906
CentroidX: 0.0611
CentroidY: 0.8815
