Location: Kurtxevani_1764_page_10.png_Otsu.png
Component: component_1755610055857_760.png
centerX: 0.32427184466019415
centerY: 0.23666978484565013
width: 0.018122977346278317
height: 0.01216089803554724
Area: 0.00012805725339896647
CentroidX: 0.3334
CentroidY: 0.2415
