Location: internet_4.png_Gaussian-Closing.png
Component: component_1755094384184_249.png
centerX: 0.09270455461507457
centerY: 0.4870259481037924
width: 0.041112454655380895
height: 0.028229255774165955
Area: 0.0004690337181340664
CentroidX: 0.1126
CentroidY: 0.5001
