Location: Dedata_30.png_Gaussian-Closing.png
Component: component_1755503806751_271.png
centerX: 0.557258064516129
centerY: 0.7950983186092904
width: 0.03185483870967742
height: 0.022513536620119692
Area: 0.000324051517296537
CentroidX: 0.5709
CentroidY: 0.8063
