Location: Paraklitoni_1720_page_10.png_Mean-Medain.png
Component: component_1755610055458_1888.png
centerX: 0.739329268292683
centerY: 0.6776942355889725
width: 0.014481707317073171
height: 0.008020050125313283
Area: 7.488232777064613e-05
CentroidX: 0.7462
CentroidY: 0.6808
