Location: Samociqulo_1709_page_10.png_Gaussian-Median.png
Component: component_1755610056267_2754.png
centerX: 0.36904176904176905
centerY: 0.6728125
width: 0.023095823095823097
height: 0.01125
Area: 0.00013344594594594594
CentroidX: 0.3793
CentroidY: 0.6777
