Location: Dedata_30.png_Otsu.png
Component: component_1755503806605_199.png
centerX: 0.7766129032258065
centerY: 0.5206611570247934
width: 0.042741935483870966
height: 0.02792818466799658
Area: 0.00033944970996240085
CentroidX: 0.7948
CentroidY: 0.5316
