Location: internet_4.png_Mean-Medain.png
Component: component_1755094383627_100.png
centerX: 0.7146311970979444
centerY: 0.15312232677502138
width: 0.03667875856509472
height: 0.023096663815226688
Area: 0.0003250250808338985
CentroidX: 0.7327
CentroidY: 0.1638
