Location: Dedata_30.png_Gaussian-Closing.png
Component: component_1755503806749_263.png
centerX: 0.42258064516129035
centerY: 0.7913935594186378
width: 0.03467741935483871
height: 0.020233684810487318
Area: 0.0003241664291821032
CentroidX: 0.4378
CentroidY: 0.8010
