Location: Dedata_30.png_Otsu.png
Component: component_1755503806524_48.png
centerX: 0.8887096774193548
centerY: 0.0963237389569678
width: 0.034274193548387094
height: 0.023938444001139925
Area: 0.0002651017200011032
CentroidX: 0.9064
CentroidY: 0.1052
