Location: internet_4.png_Gaussian-Closing.png
Component: component_1755094384146_62.png
centerX: 0.14550584441757355
centerY: 0.06643855146849159
width: 0.04030632809351068
height: 0.026518391787852865
Area: 0.0003969719339463527
CentroidX: 0.1653
CentroidY: 0.0783
