Location: internet_4.png_Mean-Closing.png
Component: component_1755094383999_228.png
centerX: 0.5211608222490931
centerY: 0.4453949244368406
width: 0.0471584038694075
height: 0.03165098374679213
Area: 0.0004935140371643424
CentroidX: 0.5437
CentroidY: 0.4596
