Location: internet_4.png_Mean-Closing.png
Component: component_1755094383753_77.png
centerX: 0.09310761789600967
centerY: 0.11035072711719418
width: 0.037484885126964934
height: 0.022526375819788995
Area: 0.0002543424695492989
CentroidX: 0.1107
CentroidY: 0.1204
