Location: internet_4.png_Otsu.png
Component: component_1755094384362_371.png
centerX: 0.030229746070133012
centerY: 0.514114627887083
width: 0.049979846835953246
height: 0.02623324779013402
Area: 0.0004289227728684969
CentroidX: 0.0558
CentroidY: 0.5253
