Location: Dedata_30.png_Otsu.png
Component: component_1755503806539_72.png
centerX: 0.8959677419354839
centerY: 0.14733542319749215
width: 0.022983870967741935
height: 0.018808777429467086
Area: 0.00013961794096286966
CentroidX: 0.9073
CentroidY: 0.1558
