Location: Dedata_30.png_Otsu.png
Component: component_1755503806564_115.png
centerX: 0.2346774193548387
centerY: 0.268167569108008
width: 0.04112903225806452
height: 0.025933314334568254
Area: 0.00021890714200351172
CentroidX: 0.2532
CentroidY: 0.2823
