Location: internet_4.png_Mean-Closing.png
Component: component_1755094383747_69.png
centerX: 0.4546553808948005
centerY: 0.0949529512403764
width: 0.04191858121725111
height: 0.02480752780153978
Area: 0.00037743365115223574
CentroidX: 0.4767
CentroidY: 0.1058
