Location: internet_4.png_Gaussian-Closing.png
Component: component_1755094384148_71.png
centerX: 0.581217251108424
centerY: 0.09010550327915598
width: 0.03909713825070536
height: 0.02480752780153978
Area: 0.0003666301300778417
CentroidX: 0.6015
CentroidY: 0.1009
