Location: Dedata_30.png_Gaussian-Closing.png
Component: component_1755503806703_61.png
centerX: 0.4342741935483871
centerY: 0.14163579367341123
width: 0.04032258064516129
height: 0.024508406953548018
Area: 0.00032221292712747863
CentroidX: 0.4521
CentroidY: 0.1507
