Location: Dedata_30.png_Otsu.png
Component: component_1755503806536_70.png
centerX: 0.8318548387096775
centerY: 0.14562553434026787
width: 0.041935483870967745
height: 0.022228555143915644
Area: 0.00027280081633403506
CentroidX: 0.8513
CentroidY: 0.1544
