Location: internet_4.png_Mean-Closing.png
Component: component_1755094383750_72.png
centerX: 0.20435308343409916
centerY: 0.10464784716281722
width: 0.04191858121725111
height: 0.02281151981750784
Area: 0.0003572057819065617
CentroidX: 0.2262
CentroidY: 0.1144
