Location: Dedata_30.png_Otsu.png
Component: component_1755503806621_242.png
centerX: 0.42701612903225805
centerY: 0.6557423767455115
width: 0.050806451612903224
height: 0.027643203191792535
Area: 0.00043586078195239893
CentroidX: 0.4498
CentroidY: 0.6672
