Location: internet_4.png_Mean-Medain.png
Component: component_1755094383652_205.png
centerX: 0.41193067311567916
centerY: 0.38465925292272596
width: 0.046352277307537285
height: 0.023666951810664385
Area: 0.000529832256946348
CentroidX: 0.4341
CentroidY: 0.3961
