Location: internet_4.png_Gaussian-Closing.png
Component: component_1755094384161_132.png
centerX: 0.7097944377267231
centerY: 0.21899059024807527
width: 0.05038291011688835
height: 0.02281151981750784
Area: 0.0004729413746928898
CentroidX: 0.7349
CentroidY: 0.2305
