Location: internet_4.png_Mean-Medain.png
Component: component_1755094383661_245.png
centerX: 0.6598145908907699
centerY: 0.478471628172227
width: 0.04030632809351068
height: 0.027944111776447105
Area: 0.0004930543128633043
CentroidX: 0.6801
CentroidY: 0.4911
