Location: Dedata_30.png_Otsu.png
Component: component_1755503806618_234.png
centerX: 0.22379032258064516
centerY: 0.6523225990310629
width: 0.039112903225806454
height: 0.024223425477343973
Area: 0.00032818834517691833
CentroidX: 0.2390
CentroidY: 0.6629
