Location: Kurtxevani_1784_page_10.png_Gaussian-Closing.png
Component: component_1755610055713_114.png
centerX: 0.4607104413347686
centerY: 0.14103585657370518
width: 0.01829924650161464
height: 0.014342629482071713
Area: 0.00015438783080809165
CentroidX: 0.4696
CentroidY: 0.1465
