Location: internet_4.png_Mean-Medain.png
Component: component_1755094383663_250.png
centerX: 0.4772269246271665
centerY: 0.4887368120901055
width: 0.04353083434099154
height: 0.029654975762760195
Area: 0.0005015592124325082
CentroidX: 0.4998
CentroidY: 0.5019
