Location: Dedata_30.png_Gaussian-Median.png
Component: component_1755503806853_171.png
centerX: 0.7193548387096774
centerY: 0.46480478768880024
width: 0.04596774193548387
height: 0.026503277286976348
Area: 0.0003655347079859164
CentroidX: 0.7397
CentroidY: 0.4741
