Location: Kurtxevani_1794_page_10.png_Mean-Medain.png
Component: component_1755610055004_1661.png
centerX: 0.42255990648743424
centerY: 0.4874394006170119
width: 0.01636469900642899
height: 0.0123402379903041
Area: 0.0001094723458687326
CentroidX: 0.4306
CentroidY: 0.4923
