Location: Dedata_30.png_Gaussian-Median.png
Component: component_1755503806821_59.png
centerX: 0.37056451612903224
centerY: 0.140210886292391
width: 0.0407258064516129
height: 0.025078369905956112
Area: 0.00029509372213386775
CentroidX: 0.3888
CentroidY: 0.1493
