Location: internet_4.png_Otsu.png
Component: component_1755094384317_79.png
centerX: 0.14469971785570335
centerY: 0.10721414314228686
width: 0.04030632809351068
height: 0.020245223838038208
Area: 0.0002180242497672933
CentroidX: 0.1652
CentroidY: 0.1153
