Location: internet_4.png_Gaussian-Closing.png
Component: component_1755094384179_226.png
centerX: 0.2253123740427247
centerY: 0.43370402053036783
width: 0.04433696090286175
height: 0.024522383803820928
Area: 0.0004912154156591521
CentroidX: 0.2470
CentroidY: 0.4445
