Location: Dedata_30.png_Otsu.png
Component: component_1755503806566_119.png
centerX: 0.7209677419354839
centerY: 0.2710173838700484
width: 0.04314516129032258
height: 0.024508406953548018
Area: 0.0003216383676996479
CentroidX: 0.7422
CentroidY: 0.2810
