Location: internet_4.png_Mean-Medain.png
Component: component_1755094383654_211.png
centerX: 0.6823861346231358
centerY: 0.4006273167949815
width: 0.04514308746473196
height: 0.029940119760479042
Area: 0.0004854688618961766
CentroidX: 0.7041
CentroidY: 0.4145
