Location: internet_4.png_Mean-Closing.png
Component: component_1755094383813_143.png
centerX: 0.14953647722692462
centerY: 0.2537781579697747
width: 0.04877065699314793
height: 0.023096663815226688
Area: 0.0004099591454506775
CentroidX: 0.1724
CentroidY: 0.2651
