Location: Kurtxevani_1794_page_10.png_Mean-Medain.png
Component: component_1755610054995_1607.png
centerX: 0.6271186440677966
centerY: 0.4631996474217717
width: 0.018118059614260665
height: 0.012780960775672102
Area: 0.00013909427475086025
CentroidX: 0.6363
CentroidY: 0.4681
