Location: Dedata_30.png_Otsu.png
Component: component_1755503806639_283.png
centerX: 0.6241935483870967
centerY: 0.7931034482758621
width: 0.036290322580645164
height: 0.024508406953548018
Area: 0.00033014184723154284
CentroidX: 0.6393
CentroidY: 0.8054
