Location: Dedata_30.png_Mean-Medain.png
Component: component_1755503806235_119.png
centerX: 0.4645161290322581
centerY: 0.31547449415787976
width: 0.0407258064516129
height: 0.02792818466799658
Area: 0.0004018468638248191
CentroidX: 0.4840
CentroidY: 0.3267
