Location: Dedata_30.png_Mean-Medain.png
Component: component_1755503806229_87.png
centerX: 0.23830645161290323
centerY: 0.22485038472499289
width: 0.04112903225806452
height: 0.025933314334568254
Area: 0.00034404618538504676
CentroidX: 0.2594
CentroidY: 0.2346
