Location: internet_4.png_Gaussian-Closing.png
Component: component_1755094384144_51.png
centerX: 0.7597742845626764
centerY: 0.04790419161676647
width: 0.04917372027408303
height: 0.023666951810664385
Area: 0.0003798472037326855
CentroidX: 0.7840
CentroidY: 0.0596
