Location: internet_4.png_Otsu.png
Component: component_1755094384315_62.png
centerX: 0.7069729947601774
centerY: 0.0855431993156544
width: 0.0354695687222894
height: 0.02566295979469632
Area: 0.0003026135211582938
CentroidX: 0.7258
CentroidY: 0.0968
