Location: internet_4.png_Otsu.png
Component: component_1755094384333_246.png
centerX: 0.46473196291817814
centerY: 0.23410322212717422
width: 0.04312777106005643
height: 0.02423723980610208
Area: 0.0003808815834100211
CentroidX: 0.4858
CentroidY: 0.2449
