Location: Kurtxevani_1794_page_10.png_Mean-Medain.png
Component: component_1755610054601_471.png
centerX: 0.5499707773232028
centerY: 0.08153371529308065
width: 0.017533606078316773
height: 0.011899515204936095
Area: 0.00012003320747018682
CentroidX: 0.5589
CentroidY: 0.0862
