Location: internet_4.png_Gaussian-Closing.png
Component: component_1755094384142_42.png
centerX: 0.2688432083837162
centerY: 0.015112631879098944
width: 0.04796453043127771
height: 0.031080695751354435
Area: 0.0005600591297395995
CentroidX: 0.2909
CentroidY: 0.0301
