Location: Dedata_30.png_Mean-Medain.png
Component: component_1755503806233_108.png
centerX: 0.5866935483870968
centerY: 0.26987745796523227
width: 0.0407258064516129
height: 0.0219435736677116
Area: 0.00034404618538504676
CentroidX: 0.6061
CentroidY: 0.2788
