Location: internet_4.png_Gaussian-Closing.png
Component: component_1755094384159_120.png
centerX: 0.6473196291817815
centerY: 0.1947533504419732
width: 0.041112454655380895
height: 0.022526375819788995
Area: 0.0003066361087923767
CentroidX: 0.6663
CentroidY: 0.2055
