Location: internet_4.png_Mean-Closing.png
Component: component_1755094383912_175.png
centerX: 0.7243047158403869
centerY: 0.3236384374108925
width: 0.039500201531640466
height: 0.025377815796977475
Area: 0.00046868892490828785
CentroidX: 0.7451
CentroidY: 0.3345
