Location: internet_4.png_Mean-Closing.png
Component: component_1755094384001_230.png
centerX: 0.41031841999193874
centerY: 0.4548046763615626
width: 0.04675534058847239
height: 0.03307670373538637
Area: 0.000525120082860708
CentroidX: 0.4340
CentroidY: 0.4691
