Location: internet_4.png_Gaussian-Closing.png
Component: component_1755094384168_169.png
centerX: 0.6013704151551794
centerY: 0.29911605360707155
width: 0.04393389762192664
height: 0.02623324779013402
Area: 0.00044731174491001875
CentroidX: 0.6223
CentroidY: 0.3115
