Location: Dedata_30.png_Otsu.png
Component: component_1755503806613_223.png
centerX: 0.7834677419354839
centerY: 0.615844970076945
width: 0.0407258064516129
height: 0.024793388429752067
Area: 0.00037162503792092226
CentroidX: 0.8012
CentroidY: 0.6261
