Location: Dedata_30.png_Gaussian-Median.png
Component: component_1755503806851_168.png
centerX: 0.8012096774193549
centerY: 0.4622399544029638
width: 0.03669354838709677
height: 0.02821316614420063
Area: 0.00040000827365576074
CentroidX: 0.8162
CentroidY: 0.4749
