Location: Dedata_30.png_Gaussian-Closing.png
Component: component_1755503806720_144.png
centerX: 0.9358870967741936
centerY: 0.3670561413508122
width: 0.04435483870967742
height: 0.031062980906241093
Area: 0.0003750723944879067
CentroidX: 0.9541
CentroidY: 0.3797
