Location: Dedata_30.png_Gaussian-Closing.png
Component: component_1755503806743_239.png
centerX: 0.15645161290322582
centerY: 0.6979196352237105
width: 0.03467741935483871
height: 0.024793388429752067
Area: 0.0003523198411458094
CentroidX: 0.1711
CentroidY: 0.7088
