Location: internet_4.png_Gaussian-Closing.png
Component: component_1755094384179_224.png
centerX: 0.8218460298266828
centerY: 0.43142286854861706
width: 0.03990326481257558
height: 0.02594810379241517
Area: 0.00048259558501468876
CentroidX: 0.8421
CentroidY: 0.4437
