Location: internet_4.png_Mean-Closing.png
Component: component_1755094383914_178.png
centerX: 0.03305118903667876
centerY: 0.32763045337895635
width: 0.044740024183796856
height: 0.03022526375819789
Area: 0.0004760445137248966
CentroidX: 0.0555
CentroidY: 0.3413
