Location: internet_4.png_Mean-Closing.png
Component: component_1755094383942_188.png
centerX: 0.2841596130592503
centerY: 0.3541488451668092
width: 0.04393389762192664
height: 0.02737382378100941
Area: 0.000485124068670398
CentroidX: 0.3062
CentroidY: 0.3656
