Location: Dedata_30.png_Gaussian-Median.png
Component: component_1755503806871_223.png
centerX: 0.4532258064516129
centerY: 0.6169848959817612
width: 0.03951612903225806
height: 0.025648332858364205
Area: 0.00035944437805091056
CentroidX: 0.4715
CentroidY: 0.6281
