Location: internet_4.png_Mean-Closing.png
Component: component_1755094384056_258.png
centerX: 0.09109230149133414
centerY: 0.521528371827773
width: 0.04514308746473196
height: 0.0290846877673225
Area: 0.0004748952029723015
CentroidX: 0.1128
CentroidY: 0.5354
