Location: internet_4.png_Gaussian-Closing.png
Component: component_1755094384162_140.png
centerX: 0.4042724707779121
centerY: 0.2369546621043627
width: 0.04433696090286175
height: 0.02623324779013402
Area: 0.00040846504147230384
CentroidX: 0.4256
CentroidY: 0.2485
