Location: Dedata_30.png_Gaussian-Closing.png
Component: component_1755503806699_40.png
centerX: 0.5588709677419355
centerY: 0.09461385009974352
width: 0.04112903225806452
height: 0.025648332858364205
Area: 0.0003450803923551421
CentroidX: 0.5786
CentroidY: 0.1038
