Location: internet_4.png_Gaussian-Closing.png
Component: component_1755094384182_238.png
centerX: 0.8875453446191052
centerY: 0.4644995722840034
width: 0.03990326481257558
height: 0.026803535785571715
Area: 0.00048121641211157465
CentroidX: 0.9087
CentroidY: 0.4760
