Location: Dedata_30.png_Otsu.png
Component: component_1755503806474_8.png
centerX: 0.10685483870967742
centerY: 0.008264462809917356
width: 0.03508064516129032
height: 0.02536335138216016
Area: 0.00029509372213386775
CentroidX: 0.1222
CentroidY: 0.0182
