Location: internet_4.png_Otsu.png
Component: component_1755094384294_43.png
centerX: 0.8286981056025796
centerY: 0.04562303963501568
width: 0.04393389762192664
height: 0.02623324779013402
Area: 0.0004139817330847604
CentroidX: 0.8519
CentroidY: 0.0562
