Location: internet_4.png_Otsu.png
Component: component_1755094384327_132.png
centerX: 0.3941958887545345
centerY: 0.16424294268605646
width: 0.037081821846029824
height: 0.02281151981750784
Area: 0.00029479820804064697
CentroidX: 0.4114
CentroidY: 0.1747
