Location: internet_4.png_Mean-Medain.png
Component: component_1755094383611_34.png
centerX: 0.8952035469568722
centerY: 0.011120615911035072
width: 0.0475614671503426
height: 0.02566295979469632
Area: 0.0004529433675977348
CentroidX: 0.9178
CentroidY: 0.0226
