Location: internet_4.png_Gaussian-Closing.png
Component: component_1755094384156_107.png
centerX: 0.4562676340185409
centerY: 0.16082121471343028
width: 0.03788794840790004
height: 0.02281151981750784
Area: 0.0003339897047041404
CentroidX: 0.4751
CentroidY: 0.1714
