Location: Dedata_30.png_Gaussian-Closing.png
Component: component_1755503806729_186.png
centerX: 0.7762096774193549
centerY: 0.5203761755485894
width: 0.04314516129032258
height: 0.02821316614420063
Area: 0.0003747276588312082
CentroidX: 0.7948
CentroidY: 0.5317
