Location: Dedata_30.png_Gaussian-Closing.png
Component: component_1755503806734_204.png
centerX: 0.09798387096774193
centerY: 0.6135651182673126
width: 0.03588709677419355
height: 0.025648332858364205
Area: 0.0003492172202355234
CentroidX: 0.1149
CentroidY: 0.6251
