Location: Dedata_30.png_Otsu.png
Component: component_1755503806532_61.png
centerX: 0.024193548387096774
centerY: 0.14106583072100312
width: 0.028629032258064516
height: 0.023083499572527786
Area: 0.00015260298403184437
CentroidX: 0.0382
CentroidY: 0.1511
