Location: Dedata_30.png_Otsu.png
Component: component_1755503806610_212.png
centerX: 0.2318548387096774
centerY: 0.5682530635508692
width: 0.046370967741935484
height: 0.028498147620404674
Area: 0.0003765662490002666
CentroidX: 0.2552
CentroidY: 0.5794
