Location: Dedata_30.png_Gaussian-Median.png
Component: component_1755503806809_12.png
centerX: 0.8512096774193548
centerY: 0.011114277571957822
width: 0.042741935483870966
height: 0.026503277286976348
Area: 0.00032864799271918295
CentroidX: 0.8718
CentroidY: 0.0211
