Location: internet_4.png_Mean-Closing.png
Component: component_1755094384059_266.png
centerX: 0.913341394598952
centerY: 0.5443398916452808
width: 0.03345425231761386
height: 0.028514399771884802
Area: 0.0004671948209299142
CentroidX: 0.9314
CentroidY: 0.5564
