Location: internet_4.png_Otsu.png
Component: component_1755094384342_288.png
centerX: 0.27972591696896415
centerY: 0.31736526946107785
width: 0.049979846835953246
height: 0.025377815796977475
Area: 0.0004517940568451397
CentroidX: 0.3042
CentroidY: 0.3293
