Location: internet_4.png_Mean-Medain.png
Component: component_1755094383627_97.png
centerX: 0.9000403063280935
centerY: 0.1485600228115198
width: 0.03829101168883515
height: 0.022526375819788995
Area: 0.00034375884610119887
CentroidX: 0.9187
CentroidY: 0.1588
