Location: Dedata_30.png_Gaussian-Median.png
Component: component_1755503806828_86.png
centerX: 0.8358870967741936
centerY: 0.19093758905671132
width: 0.039112903225806454
height: 0.02336848104873183
Area: 0.0003163524209636051
CentroidX: 0.8551
CentroidY: 0.1998
