Location: Dedata_30.png_Gaussian-Closing.png
Component: component_1755503806706_74.png
centerX: 0.43951612903225806
centerY: 0.18124821886577372
width: 0.04233870967741935
height: 0.02707324023938444
Area: 0.0003300269353459767
CentroidX: 0.4568
CentroidY: 0.1908
