Location: Kurtxevani_1764_page_10.png_Otsu.png
Component: component_1755610055951_1411.png
centerX: 0.8563106796116505
centerY: 0.569223573433115
width: 0.017475728155339806
height: 0.013096351730589336
Area: 0.00012321348022075495
CentroidX: 0.8656
CentroidY: 0.5747
