Location: internet_4.png_Gaussian-Closing.png
Component: component_1755094384156_108.png
centerX: 0.3941958887545345
centerY: 0.16424294268605646
width: 0.037081821846029824
height: 0.023096663815226688
Area: 0.0003439887082517179
CentroidX: 0.4120
CentroidY: 0.1749
