Location: Dedata_30.png_Mean-Medain.png
Component: component_1755503806243_154.png
centerX: 0.23266129032258065
centerY: 0.4140780849244799
width: 0.04395161290322581
height: 0.031062980906241093
Area: 0.0004027661589093483
CentroidX: 0.2503
CentroidY: 0.4277
