Location: internet_4.png_Otsu.png
Component: component_1755094384325_109.png
centerX: 0.8347440548166062
centerY: 0.14998574280011406
width: 0.03829101168883515
height: 0.020530367835757058
Area: 0.00028951137857870945
CentroidX: 0.8540
CentroidY: 0.1593
