Location: Dedata_30.png_Gaussian-Closing.png
Component: component_1755503806701_49.png
centerX: 0.9439516129032258
centerY: 0.0994585351952123
width: 0.03669354838709677
height: 0.023083499572527786
Area: 0.0002775122036422471
CentroidX: 0.9622
CentroidY: 0.1087
