Location: Dedata_30.png_Gaussian-Closing.png
Component: component_1755503806747_254.png
centerX: 0.23508064516129032
centerY: 0.7514961527500712
width: 0.031048387096774193
height: 0.014534055286406384
Area: 0.00018627216650272572
CentroidX: 0.2523
CentroidY: 0.7566
