Location: internet_4.png_Otsu.png
Component: component_1755094384329_157.png
centerX: 0.7803305118903668
centerY: 0.18905047048759624
width: 0.03385731559854897
height: 0.023381807812945538
Area: 0.0002630772312690218
CentroidX: 0.7987
CentroidY: 0.1981
