Location: internet_4.png_Gaussian-Closing.png
Component: component_1755094384193_298.png
centerX: 0.03506650544135429
centerY: 0.75990875392073
width: 0.049979846835953246
height: 0.0290846877673225
Area: 0.000450070090716247
CentroidX: 0.0605
CentroidY: 0.7724
