Location: Dedata_30.png_Gaussian-Median.png
Component: component_1755503806867_215.png
centerX: 0.16693548387096774
centerY: 0.6135651182673126
width: 0.03467741935483871
height: 0.02365346252493588
Area: 0.00029601301721839693
CentroidX: 0.1810
CentroidY: 0.6239
