Location: Dedata_30.png_Gaussian-Closing.png
Component: component_1755503806732_195.png
centerX: 0.7830645161290323
centerY: 0.5665431746936449
width: 0.039112903225806454
height: 0.027643203191792535
Area: 0.0003653048842147841
CentroidX: 0.8011
CentroidY: 0.5786
