Location: internet_4.png_Mean-Closing.png
Component: component_1755094384084_304.png
centerX: 0.04393389762192664
centerY: 0.9498146564014828
width: 0.03345425231761386
height: 0.03136583974907328
Area: 0.00036433150857265146
CentroidX: 0.0590
CentroidY: 0.9651
