Location: Dedata_30.png_Gaussian-Median.png
Component: component_1755503806872_225.png
centerX: 0.5830645161290322
centerY: 0.6189797663151895
width: 0.03870967741935484
height: 0.024223425477343973
Area: 0.0003563417571406246
CentroidX: 0.5993
CentroidY: 0.6296
