Location: internet_4.png_Otsu.png
Component: component_1755094384298_51.png
centerX: 0.38814993954050786
centerY: 0.06273167949814656
width: 0.044740024183796856
height: 0.020530367835757058
Area: 0.0003342195668546594
CentroidX: 0.4097
CentroidY: 0.0727
