Location: Dedata_30.png_Otsu.png
Component: component_1755503806594_177.png
centerX: 0.6471774193548387
centerY: 0.46565973211741235
width: 0.04395161290322581
height: 0.026503277286976348
Area: 0.00034990669154892027
CentroidX: 0.6700
CentroidY: 0.4767
