Location: Dedata_30.png_Otsu.png
Component: component_1755503806635_269.png
centerX: 0.23508064516129032
centerY: 0.7514961527500712
width: 0.031048387096774193
height: 0.014534055286406384
Area: 0.0001706441500657296
CentroidX: 0.2522
CentroidY: 0.7566
