Location: internet_4.png_Mean-Medain.png
Component: component_1755094383649_192.png
centerX: 0.2841596130592503
centerY: 0.3538637011690904
width: 0.04393389762192664
height: 0.02765896777872826
Area: 0.0004870778969498097
CentroidX: 0.3062
CentroidY: 0.3656
