Location: Dedata_30.png_Gaussian-Closing.png
Component: component_1755503806729_187.png
centerX: 0.027016129032258064
centerY: 0.5209461385009975
width: 0.0407258064516129
height: 0.029923055001424906
Area: 0.00038311622647753705
CentroidX: 0.0455
CentroidY: 0.5332
