Location: Dedata_30.png_Mean-Medain.png
Component: component_1755503806226_67.png
centerX: 0.8310483870967742
centerY: 0.14534055286406383
width: 0.04314516129032258
height: 0.022513536620119692
Area: 0.00032175327958521406
CentroidX: 0.8514
CentroidY: 0.1544
