Location: Dedata_30.png_Otsu.png
Component: component_1755503806611_218.png
centerX: 0.380241935483871
centerY: 0.6121402108862924
width: 0.04153225806451613
height: 0.027643203191792535
Area: 0.0003688671526673347
CentroidX: 0.3999
CentroidY: 0.6250
