Location: internet_4.png_Mean-Medain.png
Component: component_1755094383655_218.png
centerX: 0.42241031841999194
centerY: 0.4151696606786427
width: 0.05280128980249899
height: 0.02879954376960365
Area: 0.0005986759710267953
CentroidX: 0.4477
CentroidY: 0.4286
