Location: Dedata_30.png_Mean-Medain.png
Component: component_1755503806273_280.png
centerX: 0.09435483870967742
centerY: 0.7970931889427187
width: 0.029838709677419355
height: 0.024793388429752067
Area: 0.0003303716710026752
CentroidX: 0.1079
CentroidY: 0.8086
