Location: internet_4.png_Gaussian-Closing.png
Component: component_1755094384190_279.png
centerX: 0.08625554212011285
centerY: 0.5637296834901625
width: 0.04070939137444579
height: 0.02879954376960365
Area: 0.0004790327216816439
CentroidX: 0.1066
CentroidY: 0.5769
