Location: Dedata_30.png_Mean-Medain.png
Component: component_1755503806270_275.png
centerX: 0.5568548387096774
centerY: 0.7950983186092904
width: 0.03225806451612903
height: 0.022513536620119692
Area: 0.00034266724275825296
CentroidX: 0.5708
CentroidY: 0.8064
