Location: Dedata_30.png_Gaussian-Median.png
Component: component_1755503806825_75.png
centerX: 0.31411290322580643
centerY: 0.1798233114847535
width: 0.03225806451612903
height: 0.026503277286976348
Area: 0.00033117605420163816
CentroidX: 0.3310
CentroidY: 0.1911
