Location: Dedata_30.png_Gaussian-Closing.png
Component: component_1755503806700_46.png
centerX: 0.6955645161290323
centerY: 0.09603875748076375
width: 0.036290322580645164
height: 0.023083499572527786
Area: 0.00025177194127543
CentroidX: 0.7116
CentroidY: 0.1080
