Location: Dedata_30.png_Mean-Medain.png
Component: component_1755503806225_63.png
centerX: 0.49798387096774194
centerY: 0.1413508121972072
width: 0.05040322580645161
height: 0.024508406953548018
Area: 0.00036760312192610705
CentroidX: 0.5213
CentroidY: 0.1505
