Location: internet_4.png_Mean-Medain.png
Component: component_1755094383619_59.png
centerX: 0.2676340185409109
centerY: 0.06529797547761619
width: 0.04070939137444579
height: 0.02623324779013402
Area: 0.00037306627029237433
CentroidX: 0.2869
CentroidY: 0.0774
