Location: Dedata_30.png_Gaussian-Closing.png
Component: component_1755503806729_184.png
centerX: 0.7056451612903226
centerY: 0.5198062125961812
width: 0.04233870967741935
height: 0.027358221715588486
Area: 0.00035392860754373547
CentroidX: 0.7254
CentroidY: 0.5299
