Location: Kurtxevani_1794_page_10.png_Mean-Medain.png
Component: component_1755610054977_1518.png
centerX: 0.6125073056691993
centerY: 0.4367562802996915
width: 0.01694915254237288
height: 0.0123402379903041
Area: 0.00011436640368404066
CentroidX: 0.6205
CentroidY: 0.4417
