Location: Dedata_30.png_Mean-Medain.png
Component: component_1755503806254_208.png
centerX: 0.2399193548387097
centerY: 0.6129951553149046
width: 0.03790322580645161
height: 0.023938444001139925
Area: 0.0003844951691043308
CentroidX: 0.2578
CentroidY: 0.6240
