Location: Dedata_30.png_Gaussian-Median.png
Component: component_1755503806892_290.png
centerX: 0.025403225806451612
centerY: 0.7979481333713309
width: 0.03790322580645161
height: 0.025078369905956112
Area: 0.00034795318949429576
CentroidX: 0.0411
CentroidY: 0.8094
