Location: internet_4.png_Otsu.png
Component: component_1755094384299_53.png
centerX: 0.20596533655783958
centerY: 0.06529797547761619
width: 0.03909713825070536
height: 0.02594810379241517
Area: 0.00037272147706659577
CentroidX: 0.2260
CentroidY: 0.0768
