Location: Dedata_30.png_Mean-Medain.png
Component: component_1755503806261_237.png
centerX: 0.4338709677419355
centerY: 0.6967797093188943
width: 0.03669354838709677
height: 0.024508406953548018
Area: 0.00039644600520321016
CentroidX: 0.4491
CentroidY: 0.7081
