Location: internet_4.png_Mean-Medain.png
Component: component_1755094383666_265.png
centerX: 0.479242241031842
centerY: 0.5303678357570573
width: 0.04393389762192664
height: 0.029369831765041345
Area: 0.0004947782789921969
CentroidX: 0.5003
CentroidY: 0.5450
