Location: Kurtxevani_1794_page_10.png_Mean-Medain.png
Component: component_1755610054608_546.png
centerX: 0.711864406779661
centerY: 0.10621419127368885
width: 0.018118059614260665
height: 0.011899515204936095
Area: 0.00011565431363543751
CentroidX: 0.7214
CentroidY: 0.1106
