Location: internet_4.png_Mean-Closing.png
Component: component_1755094383795_138.png
centerX: 0.2781136638452237
centerY: 0.24379811804961504
width: 0.04675534058847239
height: 0.023381807812945538
Area: 0.00037605447824912163
CentroidX: 0.3003
CentroidY: 0.2547
