Location: internet_4.png_Mean-Closing.png
Component: component_1755094383886_160.png
centerX: 0.7271261588069327
centerY: 0.29141716566866266
width: 0.03466344216041919
height: 0.028514399771884802
Area: 0.0004529433675977348
CentroidX: 0.7447
CentroidY: 0.3045
