Location: Dedata_30.png_Mean-Medain.png
Component: component_1755503806220_37.png
centerX: 0.49798387096774194
centerY: 0.09404388714733543
width: 0.03669354838709677
height: 0.025648332858364205
Area: 0.0003625469989611966
CentroidX: 0.5159
CentroidY: 0.1043
