Location: Dedata_30.png_Otsu.png
Component: component_1755503806578_135.png
centerX: 0.24596774193548387
centerY: 0.3183243089199202
width: 0.0467741935483871
height: 0.02821316614420063
Area: 0.00038989602772593974
CentroidX: 0.2695
CentroidY: 0.3302
