Location: internet_4.png_Mean-Medain.png
Component: component_1755094383643_166.png
centerX: 0.03345425231761386
centerY: 0.2928428856572569
width: 0.05038291011688835
height: 0.02765896777872826
Area: 0.0005173047697430613
CentroidX: 0.0581
CentroidY: 0.3056
