Location: Dedata_30.png_Otsu.png
Component: component_1755503806618_236.png
centerX: 0.09435483870967742
centerY: 0.6534625249358792
width: 0.03508064516129032
height: 0.02792818466799658
Area: 0.0003266944906645584
CentroidX: 0.1085
CentroidY: 0.6668
