Location: Dedata_30.png_Otsu.png
Component: component_1755503806640_285.png
centerX: 0.6923387096774194
centerY: 0.7942433741806783
width: 0.031048387096774193
height: 0.02365346252493588
Area: 0.00030302264223793196
CentroidX: 0.7059
CentroidY: 0.8060
