Location: internet_4.png_Mean-Medain.png
Component: component_1755094383653_207.png
centerX: 0.8186215235792019
centerY: 0.38979184488166524
width: 0.041112454655380895
height: 0.02879954376960365
Area: 0.0004937438993148613
CentroidX: 0.8384
CentroidY: 0.4030
