Location: Samociqulo_1709_page_10.png_Gaussian-Median.png
Component: component_1755610056216_2021.png
centerX: 0.25896805896805897
centerY: 0.465
width: 0.02506142506142506
height: 0.011875
Area: 0.00014511670761670762
CentroidX: 0.2717
CentroidY: 0.4698
