Location: Dedata_30.png_Otsu.png
Component: component_1755503806596_183.png
centerX: 0.021774193548387097
centerY: 0.4699344542604731
width: 0.038306451612903226
height: 0.03220290681105728
Area: 0.0003107217385708639
CentroidX: 0.0385
CentroidY: 0.4833
