Location: Dedata_30.png_Mean-Medain.png
Component: component_1755503806242_152.png
centerX: 0.9254032258064516
centerY: 0.41179823311484753
width: 0.04879032258064516
height: 0.027643203191792535
Area: 0.00044919056067807203
CentroidX: 0.9463
CentroidY: 0.4241
