Location: internet_4.png_Mean-Medain.png
Component: component_1755094383621_66.png
centerX: 0.7069729947601774
centerY: 0.08525805531793555
width: 0.035872632003224506
height: 0.02623324779013402
Area: 0.00035272346997144077
CentroidX: 0.7261
CentroidY: 0.0969
