Location: internet_4.png_Gaussian-Closing.png
Component: component_1755094384186_261.png
centerX: 0.1592099959693672
centerY: 0.5166809238665526
width: 0.04836759371221282
height: 0.026803535785571715
Area: 0.0004971918315726467
CentroidX: 0.1826
CentroidY: 0.5297
