Location: internet_4.png_Otsu.png
Component: component_1755094384300_57.png
centerX: 0.026602176541717048
centerY: 0.07271171941830624
width: 0.04353083434099154
height: 0.022241231822070145
Area: 0.0003676645097551773
CentroidX: 0.0502
CentroidY: 0.0829
