Location: Dedata_30.png_Gaussian-Median.png
Component: component_1755503806826_81.png
centerX: 0.017338709677419354
centerY: 0.18409803362781418
width: 0.03870967741935484
height: 0.025933314334568254
Area: 0.00031382435948114985
CentroidX: 0.0354
CentroidY: 0.1936
