Location: internet_4.png_Mean-Closing.png
Component: component_1755094383989_216.png
centerX: 0.9375251914550584
centerY: 0.42372398061020816
width: 0.04232164449818621
height: 0.029654975762760195
Area: 0.0005310964987742026
CentroidX: 0.9602
CentroidY: 0.4372
