Location: Dedata_30.png_Gaussian-Median.png
Component: component_1755503806834_100.png
centerX: 0.7274193548387097
centerY: 0.22884012539184953
width: 0.04758064516129032
height: 0.024508406953548018
Area: 0.00036541979610035027
CentroidX: 0.7519
CentroidY: 0.2385
