Location: internet_4.png_Otsu.png
Component: component_1755094384292_33.png
centerX: 0.39379282547359934
centerY: 0.01283147989734816
width: 0.0475614671503426
height: 0.03022526375819789
Area: 0.0005115582159800857
CentroidX: 0.4179
CentroidY: 0.0265
