Location: Kurtxevani_1794_page_10.png_Mean-Medain.png
Component: component_1755610054893_1176.png
centerX: 0.48509643483343073
centerY: 0.33318642573821067
width: 0.01636469900642899
height: 0.0123402379903041
Area: 0.00010612377999510079
CentroidX: 0.4934
CentroidY: 0.3377
