Location: Kurtxevani_1764_page_10.png_Otsu.png
Component: component_1755610055828_527.png
centerX: 0.5035598705501618
centerY: 0.1431244153414406
width: 0.019417475728155338
height: 0.01216089803554724
Area: 0.00012321348022075495
CentroidX: 0.5127
CentroidY: 0.1476
