Location: Dedata_30.png_Gaussian-Median.png
Component: component_1755503806812_18.png
centerX: 0.1629032258064516
centerY: 0.049016813907096037
width: 0.04112903225806452
height: 0.02336848104873183
Area: 0.00034829792515099424
CentroidX: 0.1821
CentroidY: 0.0588
