Location: Dedata_30.png_Gaussian-Closing.png
Component: component_1755503806701_53.png
centerX: 0.10120967741935484
centerY: 0.13878597891137076
width: 0.03588709677419355
height: 0.02536335138216016
Area: 0.00028394726923395143
CentroidX: 0.1184
CentroidY: 0.1485
