Location: Dedata_30.png_Gaussian-Median.png
Component: component_1755503806833_94.png
centerX: 0.45161290322580644
centerY: 0.22656027358221714
width: 0.04314516129032258
height: 0.022798518096323737
Area: 0.0003653048842147841
CentroidX: 0.4740
CentroidY: 0.2361
