Location: internet_4.png_Gaussian-Closing.png
Component: component_1755094384159_119.png
centerX: 0.7110036275695284
centerY: 0.19047619047619047
width: 0.03788794840790004
height: 0.021670943826632448
Area: 0.000340195982768154
CentroidX: 0.7306
CentroidY: 0.2003
