Location: Dedata_30.png_Gaussian-Median.png
Component: component_1755503806881_261.png
centerX: 0.48870967741935484
centerY: 0.7489313194642349
width: 0.037096774193548385
height: 0.026788258763180393
Area: 0.00040115739251142226
CentroidX: 0.5042
CentroidY: 0.7619
