Location: internet_4.png_Mean-Medain.png
Component: component_1755094383629_109.png
centerX: 0.21281741233373638
centerY: 0.1739378386084973
width: 0.0354695687222894
height: 0.022241231822070145
Area: 0.00036651519900258214
CentroidX: 0.2308
CentroidY: 0.1844
