Location: Dedata_30.png_Otsu.png
Component: component_1755503806595_179.png
centerX: 0.3810483870967742
centerY: 0.46679965802222856
width: 0.04233870967741935
height: 0.029068110572812767
Area: 0.00032370678163983857
CentroidX: 0.4011
CentroidY: 0.4780
