Location: Dedata_30.png_Otsu.png
Component: component_1755503806582_145.png
centerX: 0.3721774193548387
centerY: 0.36192647477913936
width: 0.036290322580645164
height: 0.0262182958107723
Area: 0.0003619724395333658
CentroidX: 0.3878
CentroidY: 0.3725
