Location: Dedata_30.png_Mean-Medain.png
Component: component_1755503806260_231.png
centerX: 0.42701612903225805
centerY: 0.6554573952693075
width: 0.05120967741935484
height: 0.02792818466799658
Area: 0.0004832044788056518
CentroidX: 0.4497
CentroidY: 0.6671
