Location: internet_4.png_Mean-Medain.png
Component: component_1755094383664_255.png
centerX: 0.28657799274486095
centerY: 0.5041345879669233
width: 0.04514308746473196
height: 0.0290846877673225
Area: 0.0005260395314627841
CentroidX: 0.3085
CentroidY: 0.5178
