Location: internet_4.png_Otsu.png
Component: component_1755094384300_58.png
centerX: 0.954856912535268
centerY: 0.07698887938408897
width: 0.03829101168883515
height: 0.023666951810664385
Area: 0.0003769739268511977
CentroidX: 0.9752
CentroidY: 0.0869
