Location: internet_4.png_Otsu.png
Component: component_1755094384291_28.png
centerX: 0.8347440548166062
centerY: 0.011120615911035072
width: 0.049576783555018135
height: 0.027088679783290562
Area: 0.00044328915727593585
CentroidX: 0.8605
CentroidY: 0.0239
