Location: internet_4.png_Otsu.png
Component: component_1755094384334_253.png
centerX: 0.2785167271261588
centerY: 0.24379811804961504
width: 0.045949214026602174
height: 0.023381807812945538
Area: 0.000344908156853794
CentroidX: 0.3004
CentroidY: 0.2548
