Location: internet_4.png_Otsu.png
Component: component_1755094384337_265.png
centerX: 0.5292220878677952
centerY: 0.2671799258625606
width: 0.04514308746473196
height: 0.02623324779013402
Area: 0.0004339797401799154
CentroidX: 0.5530
CentroidY: 0.2776
