Location: internet_4.png_Gaussian-Closing.png
Component: component_1755094384187_263.png
centerX: 0.09109230149133414
centerY: 0.5218135158254918
width: 0.04554615074566707
height: 0.02879954376960365
Area: 0.00046570071695154055
CentroidX: 0.1129
CentroidY: 0.5355
