Location: Dedata_30.png_Gaussian-Closing.png
Component: component_1755503806740_223.png
centerX: 0.864516129032258
centerY: 0.6546024508406953
width: 0.038306451612903226
height: 0.024508406953548018
Area: 0.00038828726132801366
CentroidX: 0.8812
CentroidY: 0.6657
