Location: Dedata_30.png_Mean-Medain.png
Component: component_1755503806256_213.png
centerX: 0.7830645161290323
centerY: 0.6155599886007409
width: 0.04153225806451613
height: 0.02536335138216016
Area: 0.000421956443798895
CentroidX: 0.8013
CentroidY: 0.6260
