Location: Dedata_30.png_Otsu.png
Component: component_1755503806641_288.png
centerX: 0.755241935483871
centerY: 0.7953833000854944
width: 0.03346774193548387
height: 0.022798518096323737
Area: 0.00030784894143171015
CentroidX: 0.7690
CentroidY: 0.8059
