Location: Dedata_30.png_Otsu.png
Component: component_1755503806637_274.png
centerX: 0.22701612903225807
centerY: 0.7523510971786834
width: 0.03024193548387097
height: 0.02536335138216016
Area: 0.000205922098934537
CentroidX: 0.2362
CentroidY: 0.7685
