Location: Dedata_30.png_Gaussian-Median.png
Component: component_1755503806850_161.png
centerX: 0.44717741935483873
centerY: 0.4152180108292961
width: 0.041935483870967745
height: 0.029068110572812767
Area: 0.00039679074085990863
CentroidX: 0.4677
CentroidY: 0.4281
