Location: Kurtxevani_1794_page_10.png_Mean-Medain.png
Component: component_1755610054807_747.png
centerX: 0.12682641729982466
centerY: 0.18157778757161747
width: 0.018118059614260665
height: 0.014103129131776113
Area: 0.00015145821028427007
CentroidX: 0.1359
CentroidY: 0.1871
