Location: Dedata_30.png_Gaussian-Closing.png
Component: component_1755503806693_12.png
centerX: 0.021774193548387097
centerY: 0.011399259048161869
width: 0.043548387096774194
height: 0.025078369905956112
Area: 0.00037449783506007594
CentroidX: 0.0439
CentroidY: 0.0223
