Location: Dedata_30.png_Gaussian-Closing.png
Component: component_1755503806699_44.png
centerX: 0.30443548387096775
centerY: 0.09518381305215161
width: 0.04395161290322581
height: 0.025078369905956112
Area: 0.00039656091708877635
CentroidX: 0.3277
CentroidY: 0.1056
