Location: internet_4.png_Otsu.png
Component: component_1755094384340_279.png
centerX: 0.6638452237001209
centerY: 0.2939834616481323
width: 0.04191858121725111
height: 0.02765896777872826
Area: 0.00046822920060724985
CentroidX: 0.6854
CentroidY: 0.3057
