Location: Dedata_30.png_Gaussian-Median.png
Component: component_1755503806815_35.png
centerX: 0.02620967741935484
centerY: 0.09204901681390709
width: 0.032661290322580645
height: 0.030777999430037048
Area: 0.0003199146894161557
CentroidX: 0.0390
CentroidY: 0.1053
