Location: internet_4.png_Mean-Medain.png
Component: component_1755094383638_149.png
centerX: 0.7138250705360741
centerY: 0.25520387795836896
width: 0.0471584038694075
height: 0.02480752780153978
Area: 0.0004911004845838926
CentroidX: 0.7389
CentroidY: 0.2655
