Location: internet_4.png_Mean-Medain.png
Component: component_1755094383676_316.png
centerX: 0.039500201531640466
centerY: 0.7961220416310236
width: 0.04675534058847239
height: 0.028514399771884802
Area: 0.00045271350544721575
CentroidX: 0.0628
CentroidY: 0.8083
