Location: Kurtxevani_1794_page_10.png_Mean-Medain.png
Component: component_1755610054605_535.png
centerX: 0.13208649912331968
centerY: 0.10621419127368885
width: 0.01694915254237288
height: 0.011899515204936095
Area: 0.00010586619800482142
CentroidX: 0.1403
CentroidY: 0.1108
