Location: Dedata_30.png_Gaussian-Closing.png
Component: component_1755503806725_166.png
centerX: 0.3810483870967742
centerY: 0.4665146765460245
width: 0.042741935483870966
height: 0.029353092049016812
Area: 0.00036082332067770436
CentroidX: 0.4012
CentroidY: 0.4781
