Location: internet_4.png_Gaussian-Closing.png
Component: component_1755094384149_74.png
centerX: 0.4546553808948005
centerY: 0.0949529512403764
width: 0.04191858121725111
height: 0.02480752780153978
Area: 0.0003639867153468729
CentroidX: 0.4766
CentroidY: 0.1058
