Location: Paraklitoni_1720_page_10.png_Mean-Medain.png
Component: component_1755610055309_1023.png
centerX: 0.6951219512195121
centerY: 0.36641604010025064
width: 0.013719512195121951
height: 0.009523809523809525
Area: 7.259001161440186e-05
CentroidX: 0.7024
CentroidY: 0.3701
