Location: Dedata_30.png_Gaussian-Median.png
Component: component_1755503806856_178.png
centerX: 0.30766129032258066
centerY: 0.46736962097463663
width: 0.04395161290322581
height: 0.026503277286976348
Area: 0.00036473032478695337
CentroidX: 0.3285
CentroidY: 0.4777
