Location: Dedata_30.png_Otsu.png
Component: component_1755503806632_260.png
centerX: 0.0935483870967742
centerY: 0.700769449985751
width: 0.03467741935483871
height: 0.027643203191792535
Area: 0.0003604785850210059
CentroidX: 0.1076
CentroidY: 0.7128
