Location: Dedata_30.png_Mean-Medain.png
Component: component_1755503806250_189.png
centerX: 0.7762096774193549
centerY: 0.5203761755485894
width: 0.04314516129032258
height: 0.028498147620404674
Area: 0.0003933433842929242
CentroidX: 0.7947
CentroidY: 0.5315
