Location: internet_4.png_Mean-Medain.png
Component: component_1755094383655_216.png
centerX: 0.09109230149133414
centerY: 0.4066153407470773
width: 0.044740024183796856
height: 0.031080695751354435
Area: 0.0005740807209212599
CentroidX: 0.1156
CentroidY: 0.4196
