Location: internet_4.png_Mean-Medain.png
Component: component_1755094383664_256.png
centerX: 0.8363563079403467
centerY: 0.5049900199600799
width: 0.04232164449818621
height: 0.027944111776447105
Area: 0.0004861584483477336
CentroidX: 0.8573
CentroidY: 0.5182
