Location: internet_4.png_Mean-Closing.png
Component: component_1755094384068_280.png
centerX: 0.030632809351068116
centerY: 0.5862560593099515
width: 0.03506650544135429
height: 0.026518391787852865
Area: 0.00038743265469981324
CentroidX: 0.0485
CentroidY: 0.5979
