Location: internet_4.png_Otsu.png
Component: component_1755094384358_355.png
centerX: 0.037081821846029824
centerY: 0.4750499001996008
width: 0.0475614671503426
height: 0.029654975762760195
Area: 0.00048362996469202436
CentroidX: 0.0617
CentroidY: 0.4885
