Location: Kurtxevani_1764_page_10.png_Otsu.png
Component: component_1755610055845_687.png
centerX: 0.3339805825242718
centerY: 0.2048643592142189
width: 0.017475728155339806
height: 0.011693171188026192
Area: 0.00012624083845713715
CentroidX: 0.3425
CentroidY: 0.2098
