Location: internet_4.png_Gaussian-Closing.png
Component: component_1755094384145_57.png
centerX: 0.4558645707376058
centerY: 0.05731394354148845
width: 0.04393389762192664
height: 0.025092671799258625
Area: 0.0003758246160986026
CentroidX: 0.4778
CentroidY: 0.0683
