Location: Dedata_30.png_Gaussian-Median.png
Component: component_1755503806864_202.png
centerX: 0.7209677419354839
centerY: 0.5659732117412368
width: 0.03467741935483871
height: 0.022513536620119692
Area: 0.0002983112549297199
CentroidX: 0.7378
CentroidY: 0.5757
