Location: internet_4.png_Gaussian-Closing.png
Component: component_1755094384147_66.png
centerX: 0.890769850866586
centerY: 0.0784145993726832
width: 0.04070939137444579
height: 0.021956087824351298
Area: 0.00035180402136936466
CentroidX: 0.9124
CentroidY: 0.0877
