Location: Dedata_30.png_Otsu.png
Component: component_1755503806612_220.png
centerX: 0.2403225806451613
centerY: 0.6135651182673126
width: 0.0375
height: 0.023083499572527786
Area: 0.0003377260316789086
CentroidX: 0.2577
CentroidY: 0.6241
