Location: Dedata_30.png_Mean-Medain.png
Component: component_1755503806221_43.png
centerX: 0.09919354838709678
centerY: 0.09518381305215161
width: 0.031451612903225803
height: 0.024793388429752067
Area: 0.0002886586565421635
CentroidX: 0.1130
CentroidY: 0.1051
