Location: Samociqulo_1709_page_10.png_Gaussian-Median.png
Component: component_1755610056305_3377.png
centerX: 0.22555282555282555
centerY: 0.8309375
width: 0.019656019656019656
height: 0.01125
Area: 0.00011885749385749386
CentroidX: 0.2354
CentroidY: 0.8354
