Location: Dedata_30.png_Mean-Medain.png
Component: component_1755503806264_250.png
centerX: 0.03346774193548387
centerY: 0.7039042462239954
width: 0.035483870967741936
height: 0.023938444001139925
Area: 0.00038461008098989694
CentroidX: 0.0477
CentroidY: 0.7142
