Location: Dedata_30.png_Gaussian-Median.png
Component: component_1755503806812_21.png
centerX: 0.3592741935483871
centerY: 0.051011684240524366
width: 0.03024193548387097
height: 0.022228555143915644
Area: 0.00019937212145726657
CentroidX: 0.3728
CentroidY: 0.0623
