Location: internet_4.png_Otsu.png
Component: component_1755094384334_251.png
centerX: 0.3401854091092302
centerY: 0.2418021100655831
width: 0.041112454655380895
height: 0.0213857998289136
Area: 0.0003200830445977395
CentroidX: 0.3597
CentroidY: 0.2515
