Location: Dedata_30.png_Mean-Medain.png
Component: component_1755503806223_53.png
centerX: 0.23669354838709677
centerY: 0.13707609005414648
width: 0.03870967741935484
height: 0.02536335138216016
Area: 0.0003165822447347374
CentroidX: 0.2557
CentroidY: 0.1464
