Location: internet_4.png_Mean-Medain.png
Component: component_1755094383659_234.png
centerX: 0.4687625957275292
centerY: 0.4516680923866553
width: 0.041515517936316
height: 0.0290846877673225
Area: 0.0004581152659844128
CentroidX: 0.4889
CentroidY: 0.4653
