Location: Dedata_30.png_Gaussian-Median.png
Component: component_1755503806823_66.png
centerX: 0.7713709677419355
centerY: 0.1439156454830436
width: 0.038306451612903226
height: 0.02336848104873183
Area: 0.00031612259719247283
CentroidX: 0.7891
CentroidY: 0.1535
