Location: Dedata_30.png_Gaussian-Median.png
Component: component_1755503806839_124.png
centerX: 0.4645161290322581
centerY: 0.31547449415787976
width: 0.0407258064516129
height: 0.02792818466799658
Area: 0.0003835758740198016
CentroidX: 0.4841
CentroidY: 0.3268
