Location: Dedata_30.png_Gaussian-Closing.png
Component: component_1755503806695_21.png
centerX: 0.7056451612903226
centerY: 0.051011684240524366
width: 0.036290322580645164
height: 0.023083499572527786
Area: 0.00030991735537190085
CentroidX: 0.7213
CentroidY: 0.0603
