Location: Dedata_30.png_Mean-Medain.png
Component: component_1755503806231_96.png
centerX: 0.08629032258064516
centerY: 0.2285551439156455
width: 0.04112903225806452
height: 0.02536335138216016
Area: 0.0004005828330835915
CentroidX: 0.1068
CentroidY: 0.2396
