Location: Dedata_30.png_Otsu.png
Component: component_1755503806541_79.png
centerX: 0.43951612903225806
centerY: 0.18124821886577372
width: 0.041935483870967745
height: 0.026788258763180393
Area: 0.0002971621360740584
CentroidX: 0.4567
CentroidY: 0.1907
