Location: internet_4.png_Gaussian-Closing.png
Component: component_1755094384163_145.png
centerX: 0.8403869407496977
centerY: 0.2469347020245224
width: 0.042724707779121324
height: 0.023096663815226688
Area: 0.0004707576842629591
CentroidX: 0.8626
CentroidY: 0.2577
