Location: Kurtxevani_1764_page_10.png_Otsu.png
Component: component_1755610055879_951.png
centerX: 0.32427184466019415
centerY: 0.32787652011225443
width: 0.016828478964401296
height: 0.010757717492984098
Area: 0.00010807668903884403
CentroidX: 0.3324
CentroidY: 0.3323
