Location: Dedata_30.png_Gaussian-Median.png
Component: component_1755503806871_221.png
centerX: 0.9088709677419354
centerY: 0.6155599886007409
width: 0.04395161290322581
height: 0.025648332858364205
Area: 0.000389321468298109
CentroidX: 0.9251
CentroidY: 0.6276
