Location: internet_4.png_Mean-Medain.png
Component: component_1755094383627_99.png
centerX: 0.777509068923821
centerY: 0.15055603079555174
width: 0.039500201531640466
height: 0.021956087824351298
Area: 0.0003187038716946254
CentroidX: 0.7963
CentroidY: 0.1607
