Location: Samociqulo_1709_page_10.png_Gaussian-Median.png
Component: component_1755610056298_3237.png
centerX: 0.6653562653562654
centerY: 0.8025
width: 0.021621621621621623
height: 0.0153125
Area: 0.0001461916461916462
CentroidX: 0.6753
CentroidY: 0.8098
