Location: Dedata_30.png_Gaussian-Closing.png
Component: component_1755503806711_104.png
centerX: 0.455241935483871
centerY: 0.26617269877457966
width: 0.045564516129032256
height: 0.025078369905956112
Area: 0.0003393347980768347
CentroidX: 0.4765
CentroidY: 0.2751
