Location: internet_4.png_Otsu.png
Component: component_1755094384292_31.png
centerX: 0.7174526400644902
centerY: 0.011690903906472769
width: 0.04030632809351068
height: 0.027088679783290562
Area: 0.0004161654235146911
CentroidX: 0.7377
CentroidY: 0.0244
