Location: Dedata_30.png_Mean-Medain.png
Component: component_1755503806214_10.png
centerX: 0.6455645161290322
centerY: 0.009974351667141636
width: 0.039112903225806454
height: 0.025078369905956112
Area: 0.00031474365456567904
CentroidX: 0.6648
CentroidY: 0.0190
