Location: Dedata_30.png_Gaussian-Closing.png
Component: component_1755503806715_122.png
centerX: 0.7979838709677419
centerY: 0.3163294385864919
width: 0.039919354838709675
height: 0.02963807352522086
Area: 0.0003388751505345701
CentroidX: 0.8163
CentroidY: 0.3275
