Location: internet_4.png_Gaussian-Closing.png
Component: component_1755094384179_223.png
centerX: 0.8738411930673116
centerY: 0.42543484459652126
width: 0.04312777106005643
height: 0.03279155973766752
Area: 0.0005468420560847557
CentroidX: 0.8976
CentroidY: 0.4401
