Location: Kurtxevani_1794_page_10.png_Mean-Medain.png
Component: component_1755610054859_1025.png
centerX: 0.45061367621274107
centerY: 0.28206258263552225
width: 0.01694915254237288
height: 0.011899515204936095
Area: 0.00010638136198538016
CentroidX: 0.4592
CentroidY: 0.2864
