Location: Dedata_30.png_Otsu.png
Component: component_1755503806633_262.png
centerX: 0.42620967741935484
centerY: 0.7489313194642349
width: 0.0375
height: 0.024793388429752067
Area: 0.0003743829231745098
CentroidX: 0.4423
CentroidY: 0.7602
