Location: internet_4.png_Mean-Medain.png
Component: component_1755094383621_64.png
centerX: 0.890769850866586
centerY: 0.0784145993726832
width: 0.04070939137444579
height: 0.021956087824351298
Area: 0.0003628374045942778
CentroidX: 0.9123
CentroidY: 0.0877
