Location: internet_4.png_Gaussian-Closing.png
Component: component_1755094384169_174.png
centerX: 0.9742039500201531
centerY: 0.3116623895067009
width: 0.025796049979846837
height: 0.023666951810664385
Area: 0.0002769838913754227
CentroidX: 0.9873
CentroidY: 0.3216
