Location: Dedata_30.png_Otsu.png
Component: component_1755503806638_280.png
centerX: 0.4229838709677419
centerY: 0.7916785408948418
width: 0.03387096774193549
height: 0.019948703334283273
Area: 0.00029704722418849225
CentroidX: 0.4378
CentroidY: 0.8010
