Location: Dedata_30.png_Mean-Medain.png
Component: component_1755503806260_228.png
centerX: 0.6298387096774194
centerY: 0.6546024508406953
width: 0.04032258064516129
height: 0.030208036477628954
Area: 0.00045493615495637946
CentroidX: 0.6487
CentroidY: 0.6667
