Location: internet_4.png_Gaussian-Closing.png
Component: component_1755094384158_117.png
centerX: 0.8395808141878275
centerY: 0.18448816652409467
width: 0.037081821846029824
height: 0.021100655831194755
Area: 0.0003043374872871864
CentroidX: 0.8582
CentroidY: 0.1941
