Location: Dedata_30.png_Gaussian-Closing.png
Component: component_1755503806747_253.png
centerX: 0.09717741935483871
centerY: 0.7506412083214591
width: 0.03588709677419355
height: 0.02821316614420063
Area: 0.0003908153228104689
CentroidX: 0.1113
CentroidY: 0.7622
