Location: internet_4.png_Gaussian-Closing.png
Component: component_1755094384150_81.png
centerX: 0.030632809351068116
centerY: 0.11006558311947534
width: 0.04353083434099154
height: 0.027944111776447105
Area: 0.00044168012222230266
CentroidX: 0.0532
CentroidY: 0.1227
