Location: Dedata_30.png_Mean-Medain.png
Component: component_1755503806218_30.png
centerX: 0.49879032258064515
centerY: 0.05471644343117697
width: 0.039919354838709675
height: 0.026788258763180393
Area: 0.0003500216034344864
CentroidX: 0.5177
CentroidY: 0.0644
