Location: internet_4.png_Otsu.png
Component: component_1755094384326_114.png
centerX: 0.7146311970979444
centerY: 0.15312232677502138
width: 0.036275695284159616
height: 0.023096663815226688
Area: 0.0002618129894411672
CentroidX: 0.7319
CentroidY: 0.1635
