Location: internet_4.png_Otsu.png
Component: component_1755094384343_294.png
centerX: 0.03305118903667876
centerY: 0.32763045337895635
width: 0.044740024183796856
height: 0.03022526375819789
Area: 0.00044064574254496706
CentroidX: 0.0556
CentroidY: 0.3413
