Location: internet_4.png_Mean-Medain.png
Component: component_1755094383661_242.png
centerX: 0.22047561467150342
centerY: 0.4733390362132877
width: 0.04191858121725111
height: 0.029654975762760195
Area: 0.0005353489485588046
CentroidX: 0.2414
CentroidY: 0.4872
