Location: Dedata_30.png_Otsu.png
Component: component_1755503806615_227.png
centerX: 0.02943548387096774
centerY: 0.6169848959817612
width: 0.03064516129032258
height: 0.024223425477343973
Area: 0.0002853262118607452
CentroidX: 0.0435
CentroidY: 0.6277
