Location: internet_4.png_Gaussian-Closing.png
Component: component_1755094384159_123.png
centerX: 0.4558645707376058
centerY: 0.20359281437125748
width: 0.03667875856509472
height: 0.025092671799258625
Area: 0.00031157814502853564
CentroidX: 0.4728
CentroidY: 0.2152
