Location: Dedata_30.png_Mean-Medain.png
Component: component_1755503806240_142.png
centerX: 0.09314516129032258
centerY: 0.36563123396979197
width: 0.03588709677419355
height: 0.03134796238244514
Area: 0.0003593294661653444
CentroidX: 0.1097
CentroidY: 0.3792
