Location: internet_4.png_Gaussian-Closing.png
Component: component_1755094384180_230.png
centerX: 0.5804111245465539
centerY: 0.4422583404619333
width: 0.042724707779121324
height: 0.027944111776447105
Area: 0.0004714472707145161
CentroidX: 0.6011
CentroidY: 0.4556
