Location: internet_4.png_Mean-Closing.png
Component: component_1755094383978_211.png
centerX: 0.5550181378476421
centerY: 0.40633019674935844
width: 0.044740024183796856
height: 0.027088679783290562
Area: 0.000500639763830432
CentroidX: 0.5784
CentroidY: 0.4181
