Location: internet_4.png_Gaussian-Closing.png
Component: component_1755094384144_52.png
centerX: 0.701733172108021
centerY: 0.04875962360992301
width: 0.04030632809351068
height: 0.02281151981750784
Area: 0.0003290476684679814
CentroidX: 0.7212
CentroidY: 0.0595
