Location: internet_4.png_Mean-Closing.png
Component: component_1755094383916_179.png
centerX: 0.0951229343006852
centerY: 0.32877102936983177
width: 0.03788794840790004
height: 0.02566295979469632
Area: 0.0004558166444792226
CentroidX: 0.1136
CentroidY: 0.3408
