Location: Dedata_30.png_Otsu.png
Component: component_1755503806473_7.png
centerX: 0.4258064516129032
centerY: 0.007694499857509262
width: 0.043548387096774194
height: 0.027643203191792535
Area: 0.00034473565669844366
CentroidX: 0.4461
CentroidY: 0.0197
