Location: Samociqulo_1709_page_10.png_Gaussian-Median.png
Component: component_1755610056275_2859.png
centerX: 0.8624078624078624
centerY: 0.7034375
width: 0.022604422604422605
height: 0.011875
Area: 0.0001375921375921376
CentroidX: 0.8730
CentroidY: 0.7083
