Location: internet_4.png_Mean-Closing.png
Component: component_1755094383760_94.png
centerX: 0.9000403063280935
centerY: 0.1485600228115198
width: 0.03788794840790004
height: 0.022241231822070145
Area: 0.00034249460427334424
CentroidX: 0.9187
CentroidY: 0.1588
