Location: internet_4.png_Gaussian-Closing.png
Component: component_1755094384165_156.png
centerX: 0.4042724707779121
centerY: 0.2703165098374679
width: 0.04877065699314793
height: 0.02623324779013402
Area: 0.000510753698453269
CentroidX: 0.4294
CentroidY: 0.2826
