Location: Kurtxevani_1794_page_10.png_Mean-Medain.png
Component: component_1755610055114_2682.png
centerX: 0.5184102863822326
centerY: 0.8519171441163508
width: 0.023378141437755698
height: 0.01851035698545615
Area: 0.00020091395241790926
CentroidX: 0.5302
CentroidY: 0.8603
