Location: Dedata_30.png_Gaussian-Median.png
Component: component_1755503806837_112.png
centerX: 0.6508064516129032
centerY: 0.27044742091764035
width: 0.03951612903225806
height: 0.024793388429752067
Area: 0.0003582952591952491
CentroidX: 0.6706
CentroidY: 0.2806
