Location: internet_4.png_Otsu.png
Component: component_1755094384332_219.png
centerX: 0.7819427650141072
centerY: 0.22013116623895068
width: 0.037081821846029824
height: 0.026518391787852865
Area: 0.00037145723523874114
CentroidX: 0.7999
CentroidY: 0.2321
