Location: Kurtxevani_1794_page_10.png_Mean-Medain.png
Component: component_1755610054983_1563.png
centerX: 0.45587375803623614
centerY: 0.45438519171441166
width: 0.018118059614260665
height: 0.019391802556192154
Area: 0.00017361026144829594
CentroidX: 0.4642
CentroidY: 0.4648
