Location: Dedata_30.png_Mean-Medain.png
Component: component_1755503806269_270.png
centerX: 0.6237903225806452
centerY: 0.7931034482758621
width: 0.037096774193548385
height: 0.024793388429752067
Area: 0.0003772557203136635
CentroidX: 0.6393
CentroidY: 0.8055
