Location: internet_4.png_Mean-Closing.png
Component: component_1755094383751_73.png
centerX: 0.14429665457476823
centerY: 0.10721414314228686
width: 0.04070939137444579
height: 0.020245223838038208
Area: 0.0002600890233122745
CentroidX: 0.1652
CentroidY: 0.1154
