Location: Dedata_30.png_Gaussian-Closing.png
Component: component_1755503806734_205.png
centerX: 0.16693548387096774
centerY: 0.6135651182673126
width: 0.034274193548387094
height: 0.02365346252493588
Area: 0.0002958981053328308
CentroidX: 0.1809
CentroidY: 0.6239
