Location: Dedata_30.png_Mean-Medain.png
Component: component_1755503806248_177.png
centerX: 0.23346774193548386
centerY: 0.5146765460245084
width: 0.03669354838709677
height: 0.02963807352522086
Area: 0.0003743829231745098
CentroidX: 0.2509
CentroidY: 0.5275
