Location: Dedata_30.png_Gaussian-Median.png
Component: component_1755503806806_5.png
centerX: 0.17419354838709677
centerY: 0.007124536905101168
width: 0.036290322580645164
height: 0.024793388429752067
Area: 0.00036208735141893196
CentroidX: 0.1914
CentroidY: 0.0175
