Location: internet_4.png_Otsu.png
Component: component_1755094384332_213.png
centerX: 0.7101975010076582
centerY: 0.21899059024807527
width: 0.049979846835953246
height: 0.02281151981750784
Area: 0.00045041488394202553
CentroidX: 0.7349
CentroidY: 0.2305
