Location: internet_4.png_Mean-Medain.png
Component: component_1755094383629_108.png
centerX: 0.27327690447400244
centerY: 0.17023096663815226
width: 0.042724707779121324
height: 0.02423723980610208
Area: 0.0003759395471738621
CentroidX: 0.2943
CentroidY: 0.1820
