Location: internet_4.png_Otsu.png
Component: component_1755094384355_341.png
centerX: 0.5804111245465539
centerY: 0.44254348445965214
width: 0.042724707779121324
height: 0.02765896777872826
Area: 0.0004507596771678041
CentroidX: 0.6011
CentroidY: 0.4556
