Location: internet_4.png_Mean-Closing.png
Component: component_1755094383764_112.png
centerX: 0.8395808141878275
centerY: 0.18448816652409467
width: 0.03667875856509472
height: 0.021100655831194755
Area: 0.00031537087051209956
CentroidX: 0.8582
CentroidY: 0.1940
