Location: Dedata_30.png_Otsu.png
Component: component_1755503806628_255.png
centerX: 0.15685483870967742
centerY: 0.6982046166999145
width: 0.034274193548387094
height: 0.024508406953548018
Area: 0.0003257751955800292
CentroidX: 0.1710
CentroidY: 0.7087
