Location: Dedata_30.png_Mean-Medain.png
Component: component_1755503806239_137.png
centerX: 0.7326612903225806
centerY: 0.36306640068395557
width: 0.04233870967741935
height: 0.028498147620404674
Area: 0.00037771536785592805
CentroidX: 0.7522
CentroidY: 0.3748
