Location: Dedata_30.png_Mean-Medain.png
Component: component_1755503806265_254.png
centerX: 0.09717741935483871
centerY: 0.750356226845255
width: 0.03588709677419355
height: 0.028498147620404674
Area: 0.000404834572849539
CentroidX: 0.1113
CentroidY: 0.7620
