Location: Dedata_30.png_Otsu.png
Component: component_1755503806626_251.png
centerX: 0.8221774193548387
centerY: 0.6973496722713024
width: 0.04112903225806452
height: 0.025933314334568254
Area: 0.0003959863576609456
CentroidX: 0.8383
CentroidY: 0.7088
