Location: internet_4.png_Otsu.png
Component: component_1755094384330_188.png
centerX: 0.33575171301894396
centerY: 0.21043627031650983
width: 0.036275695284159616
height: 0.023666951810664385
Area: 0.000250319881915216
CentroidX: 0.3540
CentroidY: 0.2195
