Location: Dedata_30.png_Gaussian-Median.png
Component: component_1755503806884_274.png
centerX: 0.9459677419354838
centerY: 0.7526360786548875
width: 0.032661290322580645
height: 0.0262182958107723
Area: 0.0003821969313930078
CentroidX: 0.9599
CentroidY: 0.7649
