Location: Dedata_30.png_Mean-Medain.png
Component: component_1755503806251_191.png
centerX: 0.5721774193548387
centerY: 0.5642633228840125
width: 0.0407258064516129
height: 0.024508406953548018
Area: 0.00036737329815497477
CentroidX: 0.5905
CentroidY: 0.5747
