Location: Dedata_30.png_Otsu.png
Component: component_1755503806546_90.png
centerX: 0.8362903225806452
centerY: 0.19122257053291536
width: 0.038306451612903226
height: 0.023083499572527786
Area: 0.0002846367405473483
CentroidX: 0.8551
CentroidY: 0.1998
