Location: internet_4.png_Mean-Closing.png
Component: component_1755094383802_142.png
centerX: 0.777509068923821
centerY: 0.25149700598802394
width: 0.042724707779121324
height: 0.025377815796977475
Area: 0.0005009845570562106
CentroidX: 0.8005
CentroidY: 0.2625
