Location: Dedata_30.png_Gaussian-Median.png
Component: component_1755503806848_156.png
centerX: 0.8584677419354839
centerY: 0.4103733257338273
width: 0.043548387096774194
height: 0.025648332858364205
Area: 0.0003415181239025915
CentroidX: 0.8788
CentroidY: 0.4200
