Location: Kurtxevani_1794_page_10.png_Mean-Medain.png
Component: component_1755610054857_1019.png
centerX: 0.5318527177089422
centerY: 0.28162185985015425
width: 0.01636469900642899
height: 0.011899515204936095
Area: 9.607808237420533e-05
CentroidX: 0.5401
CentroidY: 0.2863
