Location: Dedata_30.png_Gaussian-Closing.png
Component: component_1755503806730_190.png
centerX: 0.43266129032258066
centerY: 0.5654032487888287
width: 0.03951612903225806
height: 0.03163294385864919
Area: 0.00035243475303137553
CentroidX: 0.4506
CentroidY: 0.5775
