Location: Dedata_30.png_Gaussian-Median.png
Component: component_1755503806849_157.png
centerX: 0.2991935483870968
centerY: 0.41208321459105157
width: 0.044758064516129036
height: 0.030493017953833
Area: 0.00037886448671158957
CentroidX: 0.3202
CentroidY: 0.4248
