Location: Dedata_30.png_Mean-Medain.png
Component: component_1755503806251_194.png
centerX: 0.844758064516129
centerY: 0.5656882302650328
width: 0.03870967741935484
height: 0.024793388429752067
Area: 0.000379209222368288
CentroidX: 0.8616
CentroidY: 0.5764
