Location: Dedata_30.png_Mean-Medain.png
Component: component_1755503806232_103.png
centerX: 0.16411290322580646
centerY: 0.2658877172983756
width: 0.04435483870967742
height: 0.02821316614420063
Area: 0.00037943904613942027
CentroidX: 0.1846
CentroidY: 0.2772
