Location: internet_4.png_Gaussian-Closing.png
Component: component_1755094384193_302.png
centerX: 0.03990326481257558
centerY: 0.834901625320787
width: 0.04353083434099154
height: 0.028229255774165955
Area: 0.00041064873190223457
CentroidX: 0.0612
CentroidY: 0.8478
