Location: Dedata_30.png_Mean-Medain.png
Component: component_1755503806220_38.png
centerX: 0.8302419354838709
centerY: 0.09404388714733543
width: 0.034274193548387094
height: 0.02536335138216016
Area: 0.0002947489864771693
CentroidX: 0.8454
CentroidY: 0.1030
