Location: Dedata_30.png_Otsu.png
Component: component_1755503806508_25.png
centerX: 0.42620967741935484
centerY: 0.05272157309774864
width: 0.0407258064516129
height: 0.02792818466799658
Area: 0.0003422075952159884
CentroidX: 0.4471
CentroidY: 0.0630
