Location: Dedata_30.png_Otsu.png
Component: component_1755503806637_272.png
centerX: 0.8298387096774194
centerY: 0.7520661157024794
width: 0.03306451612903226
height: 0.025648332858364205
Area: 0.0003828864027064047
CentroidX: 0.8442
CentroidY: 0.7637
