Location: Dedata_30.png_Mean-Medain.png
Component: component_1755503806227_77.png
centerX: 0.5008064516129033
centerY: 0.182958107722998
width: 0.04233870967741935
height: 0.0262182958107723
Area: 0.0003439312734994806
CentroidX: 0.5205
CentroidY: 0.1924
