Location: internet_4.png_Otsu.png
Component: component_1755094384355_342.png
centerX: 0.0886739218057235
centerY: 0.4436840604505275
width: 0.045949214026602174
height: 0.029654975762760195
Area: 0.0004914452778096712
CentroidX: 0.1106
CentroidY: 0.4576
