Location: internet_4.png_Mean-Closing.png
Component: component_1755094383757_85.png
centerX: 0.39500201531640466
centerY: 0.1317365269461078
width: 0.03869407496977025
height: 0.023952095808383235
Area: 0.00035134429706832666
CentroidX: 0.4163
CentroidY: 0.1420
