Location: Dedata_30.png_Otsu.png
Component: component_1755503806590_163.png
centerX: 0.3741935483870968
centerY: 0.41379310344827586
width: 0.04153225806451613
height: 0.027643203191792535
Area: 0.00034358653784278214
CentroidX: 0.3951
CentroidY: 0.4242
