Location: Dedata_30.png_Otsu.png
Component: component_1755503806617_232.png
centerX: 0.7004032258064516
centerY: 0.6508976916500427
width: 0.03951612903225806
height: 0.02792818466799658
Area: 0.00038564428795999226
CentroidX: 0.7174
CentroidY: 0.6648
