Location: Dedata_30.png_Mean-Medain.png
Component: component_1755503806240_141.png
centerX: 0.16048387096774194
centerY: 0.3650612710173839
width: 0.038306451612903226
height: 0.030208036477628954
Area: 0.0003592145542797783
CentroidX: 0.1794
CentroidY: 0.3773
