Location: internet_4.png_Gaussian-Closing.png
Component: component_1755094384157_113.png
centerX: 0.9576783555018138
centerY: 0.1804961505560308
width: 0.039500201531640466
height: 0.025092671799258625
Area: 0.00034640226083216765
CentroidX: 0.9776
CentroidY: 0.1915
