Location: Dedata_30.png_Gaussian-Closing.png
Component: component_1755503806717_133.png
centerX: 0.510483870967742
centerY: 0.3613565118267313
width: 0.05282258064516129
height: 0.026788258763180393
Area: 0.00042207135568446115
CentroidX: 0.5370
CentroidY: 0.3723
