Location: internet_4.png_Mean-Medain.png
Component: component_1755094383655_217.png
centerX: 0.4913341394598952
centerY: 0.41231822070145424
width: 0.04675534058847239
height: 0.025092671799258625
Area: 0.0004983411423252419
CentroidX: 0.5147
CentroidY: 0.4235
