Location: Dedata_30.png_Otsu.png
Component: component_1755503806589_162.png
centerX: 0.9258064516129032
centerY: 0.41208321459105157
width: 0.04838709677419355
height: 0.027358221715588486
Area: 0.00039058549903933664
CentroidX: 0.9462
CentroidY: 0.4241
