Location: Dedata_30.png_Mean-Medain.png
Component: component_1755503806263_246.png
centerX: 0.36532258064516127
centerY: 0.6984895981761186
width: 0.03387096774193549
height: 0.027643203191792535
Area: 0.00038438025721876466
CentroidX: 0.3789
CentroidY: 0.7100
