Location: internet_4.png_Mean-Closing.png
Component: component_1755094384027_235.png
centerX: 0.8315195485691254
centerY: 0.4673510122611919
width: 0.039500201531640466
height: 0.029369831765041345
Area: 0.0004839747579178029
CentroidX: 0.8504
CentroidY: 0.4812
