Location: Dedata_30.png_Gaussian-Median.png
Component: component_1755503806884_272.png
centerX: 0.22701612903225807
centerY: 0.7523510971786834
width: 0.03064516129032258
height: 0.02536335138216016
Area: 0.00022568694325191444
CentroidX: 0.2363
CentroidY: 0.7684
