Location: Dedata_30.png_Mean-Medain.png
Component: component_1755503806235_120.png
centerX: 0.7366935483870968
centerY: 0.31547449415787976
width: 0.039112903225806454
height: 0.02821316614420063
Area: 0.0003703610071796946
CentroidX: 0.7551
CentroidY: 0.3261
