Location: Dedata_30.png_Gaussian-Median.png
Component: component_1755503806838_113.png
centerX: 0.7205645161290323
centerY: 0.2707324023938444
width: 0.043548387096774194
height: 0.024793388429752067
Area: 0.0003569163165684553
CentroidX: 0.7422
CentroidY: 0.2811
