Location: internet_4.png_Mean-Closing.png
Component: component_1755094383794_135.png
centerX: 0.4042724707779121
centerY: 0.2369546621043627
width: 0.04393389762192664
height: 0.02623324779013402
Area: 0.00042064773544981207
CentroidX: 0.4254
CentroidY: 0.2484
