Location: internet_4.png_Mean-Medain.png
Component: component_1755094383673_293.png
centerX: 0.031035872632003223
centerY: 0.6535500427715997
width: 0.03990326481257558
height: 0.029940119760479042
Area: 0.00043570370630880806
CentroidX: 0.0509
CentroidY: 0.6668
