Location: Dedata_30.png_Gaussian-Median.png
Component: component_1755503806862_199.png
centerX: 0.43266129032258066
centerY: 0.5654032487888287
width: 0.03951612903225806
height: 0.03163294385864919
Area: 0.00035289440057364015
CentroidX: 0.4506
CentroidY: 0.5775
