Location: Kurtxevani_1794_page_10.png_Mean-Medain.png
Component: component_1755610054993_1603.png
centerX: 0.5113968439509059
centerY: 0.4623182018510357
width: 0.017533606078316773
height: 0.011899515204936095
Area: 0.00010766927193677701
CentroidX: 0.5202
CentroidY: 0.4668
