Location: Dedata_30.png_Gaussian-Closing.png
Component: component_1755503806698_38.png
centerX: 0.16411290322580646
centerY: 0.09461385009974352
width: 0.03588709677419355
height: 0.0262182958107723
Area: 0.00030853841274510705
CentroidX: 0.1815
CentroidY: 0.1042
