Location: Dedata_30.png_Otsu.png
Component: component_1755503806611_214.png
centerX: 0.9741935483870968
centerY: 0.5696779709318894
width: 0.025
height: 0.021373610715303505
Area: 0.0002290193879333327
CentroidX: 0.9853
CentroidY: 0.5800
