Location: Dedata_30.png_Gaussian-Closing.png
Component: component_1755503806707_78.png
centerX: 0.017741935483870968
centerY: 0.18409803362781418
width: 0.038306451612903226
height: 0.025933314334568254
Area: 0.0003137094475955837
CentroidX: 0.0354
CentroidY: 0.1936
