Location: internet_4.png_Mean-Medain.png
Component: component_1755094383674_301.png
centerX: 0.0354695687222894
centerY: 0.6894781864841745
width: 0.055219669488109635
height: 0.02623324779013402
Area: 0.0004528284365224753
CentroidX: 0.0622
CentroidY: 0.7018
