Location: internet_4.png_Mean-Medain.png
Component: component_1755094383658_232.png
centerX: 0.03385731559854897
centerY: 0.44568006843455943
width: 0.0475614671503426
height: 0.023952095808383235
Area: 0.0004671948209299142
CentroidX: 0.0585
CentroidY: 0.4565
