Location: internet_4.png_Gaussian-Closing.png
Component: component_1755094384174_197.png
centerX: 0.15598548972188633
centerY: 0.36070715711434276
width: 0.04877065699314793
height: 0.02879954376960365
Area: 0.0005067311108191861
CentroidX: 0.1799
CentroidY: 0.3737
