Location: Dedata_30.png_Gaussian-Median.png
Component: component_1755503806877_243.png
centerX: 0.22701612903225807
centerY: 0.6962097463664861
width: 0.03467741935483871
height: 0.027358221715588486
Area: 0.0003712803022642238
CentroidX: 0.2412
CentroidY: 0.7087
