Location: Dedata_30.png_Gaussian-Closing.png
Component: component_1755503806702_55.png
centerX: 0.3056451612903226
centerY: 0.1390709603875748
width: 0.02943548387096774
height: 0.024793388429752067
Area: 0.0001737467709760156
CentroidX: 0.3184
CentroidY: 0.1516
