Location: Dedata_30.png_Otsu.png
Component: component_1755503806607_204.png
centerX: 0.43306451612903224
centerY: 0.5654032487888287
width: 0.039112903225806454
height: 0.03163294385864919
Area: 0.0003185357467893619
CentroidX: 0.4506
CentroidY: 0.5774
