Location: Kurtxevani_1794_page_10.png_Mean-Medain.png
Component: component_1755610054599_458.png
centerX: 0.17007597895967272
centerY: 0.08021154693697664
width: 0.018118059614260665
height: 0.012780960775672102
Area: 0.00012518484727577423
CentroidX: 0.1789
CentroidY: 0.0849
