Location: internet_4.png_Mean-Closing.png
Component: component_1755094384063_273.png
centerX: 0.6920596533655784
centerY: 0.559167379526661
width: 0.03788794840790004
height: 0.028229255774165955
Area: 0.0004860435172724741
CentroidX: 0.7128
CentroidY: 0.5723
