Location: internet_4.png_Otsu.png
Component: component_1755094384332_208.png
centerX: 0.20838371624345023
centerY: 0.2167094382663245
width: 0.03990326481257558
height: 0.02281151981750784
Area: 0.00029583258771798257
CentroidX: 0.2287
CentroidY: 0.2262
