Location: Dedata_30.png_Gaussian-Median.png
Component: component_1755503806879_253.png
centerX: 0.6237903225806452
centerY: 0.6984895981761186
width: 0.03467741935483871
height: 0.025648332858364205
Area: 0.0003746127469456421
CentroidX: 0.6380
CentroidY: 0.7104
