Location: Dedata_30.png_Gaussian-Median.png
Component: component_1755503806852_169.png
centerX: 0.8657258064516129
centerY: 0.46366486178398403
width: 0.03790322580645161
height: 0.024508406953548018
Area: 0.0003619724395333658
CentroidX: 0.8853
CentroidY: 0.4748
