Location: Dedata_30.png_Gaussian-Closing.png
Component: component_1755503806721_148.png
centerX: 0.7237903225806451
centerY: 0.4109432886862354
width: 0.046370967741935484
height: 0.02792818466799658
Area: 0.0003915047941238658
CentroidX: 0.7450
CentroidY: 0.4211
