Location: Dedata_30.png_Mean-Medain.png
Component: component_1755503806260_229.png
centerX: 0.864516129032258
centerY: 0.6546024508406953
width: 0.03790322580645161
height: 0.024508406953548018
Area: 0.0004049494847351051
CentroidX: 0.8811
CentroidY: 0.6656
