Location: Dedata_30.png_Otsu.png
Component: component_1755503806581_142.png
centerX: 0.09314516129032258
centerY: 0.323168994015389
width: 0.04233870967741935
height: 0.028783129096608722
Area: 0.0003625469989611966
CentroidX: 0.1143
CentroidY: 0.3357
