Location: internet_4.png_Gaussian-Closing.png
Component: component_1755094384156_103.png
centerX: 0.6521563885530028
centerY: 0.15397775876817793
width: 0.03829101168883515
height: 0.02281151981750784
Area: 0.00035410264287455493
CentroidX: 0.6720
CentroidY: 0.1642
