Location: internet_4.png_Mean-Medain.png
Component: component_1755094383634_135.png
centerX: 0.5844417573559049
centerY: 0.22840034217279725
width: 0.04554615074566707
height: 0.02281151981750784
Area: 0.0005229363924307773
CentroidX: 0.6079
CentroidY: 0.2389
