Location: internet_4.png_Gaussian-Closing.png
Component: component_1755094384142_45.png
centerX: 0.9524385328496574
centerY: 0.016253207869974338
width: 0.04030632809351068
height: 0.029654975762760195
Area: 0.0004331752226530988
CentroidX: 0.9718
CentroidY: 0.0304
