Location: Dedata_30.png_Mean-Medain.png
Component: component_1755503806228_79.png
centerX: 0.017338709677419354
centerY: 0.18381305215161015
width: 0.03870967741935484
height: 0.0262182958107723
Area: 0.0003326699087139981
CentroidX: 0.0353
CentroidY: 0.1935
