Location: internet_4.png_Otsu.png
Component: component_1755094384324_105.png
centerX: 0.0951229343006852
centerY: 0.14713430282292558
width: 0.03305118903667876
height: 0.023096663815226688
Area: 0.0002806616857837271
CentroidX: 0.1111
CentroidY: 0.1570
