Location: Dedata_30.png_Mean-Medain.png
Component: component_1755503806246_167.png
centerX: 0.9314516129032258
centerY: 0.4645198062125962
width: 0.04233870967741935
height: 0.027358221715588486
Area: 0.00040667316301859735
CentroidX: 0.9521
CentroidY: 0.4755
