Location: Dedata_30.png_Mean-Medain.png
Component: component_1755503806270_272.png
centerX: 0.6919354838709677
centerY: 0.7939583927044742
width: 0.03185483870967742
height: 0.024223425477343973
Area: 0.00034565495178297284
CentroidX: 0.7059
CentroidY: 0.8061
