Location: internet_4.png_Mean-Medain.png
Component: component_1755094383614_39.png
centerX: 0.5973397823458283
centerY: 0.012546335899629312
width: 0.042724707779121324
height: 0.027944111776447105
Area: 0.0005259246003875246
CentroidX: 0.6192
CentroidY: 0.0250
