Location: Dedata_30.png_Gaussian-Closing.png
Component: component_1755503806706_75.png
centerX: 0.5008064516129033
centerY: 0.18324308919920204
width: 0.04233870967741935
height: 0.025648332858364205
Area: 0.0003264646668934261
CentroidX: 0.5207
CentroidY: 0.1925
