Location: internet_4.png_Mean-Medain.png
Component: component_1755094383626_93.png
centerX: 0.03184199919387344
centerY: 0.14314228685486172
width: 0.04796453043127771
height: 0.03051040775591674
Area: 0.0005214422884524037
CentroidX: 0.0574
CentroidY: 0.1561
