Location: Dedata_30.png_Gaussian-Closing.png
Component: component_1755503806748_256.png
centerX: 0.6290322580645161
centerY: 0.7512111712738672
width: 0.03669354838709677
height: 0.02821316614420063
Area: 0.00039920389045679775
CentroidX: 0.6432
CentroidY: 0.7638
