Location: Dedata_30.png_Mean-Medain.png
Component: component_1755503806216_21.png
centerX: 0.3592741935483871
centerY: 0.051011684240524366
width: 0.03064516129032258
height: 0.022228555143915644
Area: 0.00020982910304378601
CentroidX: 0.3729
CentroidY: 0.0624
