Location: Dedata_30.png_Gaussian-Median.png
Component: component_1755503806856_177.png
centerX: 0.2346774193548387
centerY: 0.46736962097463663
width: 0.05040322580645161
height: 0.027643203191792535
Area: 0.00041483190689379384
CentroidX: 0.2593
CentroidY: 0.4787
