Location: Dedata_30.png_Otsu.png
Component: component_1755503806601_191.png
centerX: 0.35846774193548386
centerY: 0.5178113422627529
width: 0.04395161290322581
height: 0.027358221715588486
Area: 0.00035507772639939693
CentroidX: 0.3790
CentroidY: 0.5288
