Location: Dedata_30.png_Gaussian-Closing.png
Component: component_1755503806744_243.png
centerX: 0.9471774193548387
centerY: 0.6982046166999145
width: 0.036290322580645164
height: 0.026503277286976348
Area: 0.00040529422039180355
CentroidX: 0.9619
CentroidY: 0.7102
