Location: internet_4.png_Gaussian-Closing.png
Component: component_1755094384184_251.png
centerX: 0.41676743248690046
centerY: 0.49443969204448246
width: 0.04312777106005643
height: 0.02566295979469632
Area: 0.0004608736117906411
CentroidX: 0.4382
CentroidY: 0.5064
