Location: internet_4.png_Otsu.png
Component: component_1755094384317_80.png
centerX: 0.9564691656590084
centerY: 0.1092101511263188
width: 0.03829101168883515
height: 0.02423723980610208
Area: 0.0002762943049238656
CentroidX: 0.9764
CentroidY: 0.1192
