Location: Dedata_30.png_Otsu.png
Component: component_1755503806500_13.png
centerX: 0.7939516129032258
centerY: 0.011399259048161869
width: 0.03467741935483871
height: 0.024793388429752067
Area: 0.0002762481729010195
CentroidX: 0.8086
CentroidY: 0.0208
