Location: Dedata_30.png_Gaussian-Median.png
Component: component_1755503806885_275.png
centerX: 0.8887096774193548
centerY: 0.7529210601310915
width: 0.03387096774193549
height: 0.026788258763180393
Area: 0.0003337041156840934
CentroidX: 0.9025
CentroidY: 0.7630
