Location: Kurtxevani_1794_page_10.png_Mean-Medain.png
Component: component_1755610054890_1168.png
centerX: 0.2735242548217417
centerY: 0.3323049801674747
width: 0.018118059614260665
height: 0.011899515204936095
Area: 0.0001148815676645994
CentroidX: 0.2827
CentroidY: 0.3369
