Location: Dedata_30.png_Mean-Medain.png
Component: component_1755503806222_45.png
centerX: 0.30443548387096775
centerY: 0.09518381305215161
width: 0.04395161290322581
height: 0.02536335138216016
Area: 0.00041414243558039694
CentroidX: 0.3277
CentroidY: 0.1056
