Location: Dedata_30.png_Gaussian-Median.png
Component: component_1755503806857_181.png
centerX: 0.16411290322580646
centerY: 0.4707893986890852
width: 0.04798387096774193
height: 0.02707324023938444
Area: 0.00036369611781685804
CentroidX: 0.1860
CentroidY: 0.4803
