Location: internet_4.png_Gaussian-Closing.png
Component: component_1755094384172_191.png
centerX: 0.34461910519951633
centerY: 0.3504419731964642
width: 0.053204353083434096
height: 0.023666951810664385
Area: 0.0005530483341487693
CentroidX: 0.3711
CentroidY: 0.3616
