Location: Dedata_30.png_Gaussian-Closing.png
Component: component_1755503806724_164.png
centerX: 0.646774193548387
centerY: 0.4653747506412083
width: 0.04435483870967742
height: 0.026788258763180393
Area: 0.0003866784949300876
CentroidX: 0.6700
CentroidY: 0.4768
