Location: internet_4.png_Otsu.png
Component: component_1755094384364_382.png
centerX: 0.913341394598952
centerY: 0.5443398916452808
width: 0.03305118903667876
height: 0.028514399771884802
Area: 0.000434554395556213
CentroidX: 0.9314
CentroidY: 0.5564
