Location: Dedata_30.png_Gaussian-Median.png
Component: component_1755503806866_211.png
centerX: 0.09032258064516129
centerY: 0.5713878597891137
width: 0.04153225806451613
height: 0.029068110572812767
Area: 0.00034737863006646506
CentroidX: 0.1093
CentroidY: 0.5827
