Location: Dedata_30.png_Otsu.png
Component: component_1755503806591_168.png
centerX: 0.09274193548387097
centerY: 0.4169278996865204
width: 0.04233870967741935
height: 0.030493017953833
Area: 0.00033830059110673933
CentroidX: 0.1125
CentroidY: 0.4298
