Location: Dedata_30.png_Gaussian-Closing.png
Component: component_1755503806730_188.png
centerX: 0.5721774193548387
centerY: 0.5642633228840125
width: 0.04032258064516129
height: 0.024508406953548018
Area: 0.0003489873964643911
CentroidX: 0.5905
CentroidY: 0.5746
