Location: Dedata_30.png_Gaussian-Closing.png
Component: component_1755503806741_232.png
centerX: 0.22741935483870968
centerY: 0.6962097463664861
width: 0.034274193548387094
height: 0.027358221715588486
Area: 0.00037059083095082693
CentroidX: 0.2412
CentroidY: 0.7087
