Location: Dedata_30.png_Gaussian-Median.png
Component: component_1755503806883_268.png
centerX: 0.5596774193548387
centerY: 0.7514961527500712
width: 0.03306451612903226
height: 0.0262182958107723
Area: 0.0003871381424723522
CentroidX: 0.5736
CentroidY: 0.7644
