Location: Dedata_30.png_Gaussian-Median.png
Component: component_1755503806857_184.png
centerX: 0.09435483870967742
centerY: 0.5166714163579368
width: 0.04112903225806452
height: 0.02821316614420063
Area: 0.0003492172202355234
CentroidX: 0.1143
CentroidY: 0.5270
