Location: Dedata_30.png_Gaussian-Closing.png
Component: component_1755503806698_37.png
centerX: 0.8302419354838709
centerY: 0.09432886862353947
width: 0.03387096774193549
height: 0.024793388429752067
Area: 0.0002752139659309242
CentroidX: 0.8454
CentroidY: 0.1030
