Location: Kurtxevani_1764_page_10.png_Otsu.png
Component: component_1755610055873_892.png
centerX: 0.5786407766990291
centerY: 0.29653882132834425
width: 0.018122977346278317
height: 0.011225444340505144
Area: 0.00012442442351530783
CentroidX: 0.5877
CentroidY: 0.3009
