Location: Dedata_30.png_Otsu.png
Component: component_1755503806472_3.png
centerX: 0.37298387096774194
centerY: 0.005699629524080934
width: 0.031451612903225803
height: 0.025933314334568254
Area: 0.00029865599058641833
CentroidX: 0.3880
CentroidY: 0.0167
