Location: Dedata_30.png_Mean-Medain.png
Component: component_1755503806253_201.png
centerX: 0.9108870967741935
centerY: 0.567683100598461
width: 0.04153225806451613
height: 0.02365346252493588
Area: 0.0003763364252291343
CentroidX: 0.9284
CentroidY: 0.5772
