Location: internet_4.png_Otsu.png
Component: component_1755094384339_275.png
centerX: 0.15759774284562678
centerY: 0.28799543769603647
width: 0.044740024183796856
height: 0.0290846877673225
Area: 0.0004640916818979074
CentroidX: 0.1803
CentroidY: 0.3010
