Location: internet_4.png_Mean-Closing.png
Component: component_1755094383774_125.png
centerX: 0.20838371624345023
centerY: 0.21642429426860565
width: 0.03990326481257558
height: 0.02480752780153978
Area: 0.0003708825798624436
CentroidX: 0.2297
CentroidY: 0.2265
