Location: Dedata_30.png_Otsu.png
Component: component_1755503806492_12.png
centerX: 0.02217741935483871
centerY: 0.011684240524365916
width: 0.042741935483870966
height: 0.024793388429752067
Area: 0.00034071374070362845
CentroidX: 0.0438
CentroidY: 0.0223
