Location: Dedata_30.png_Mean-Medain.png
Component: component_1755503806219_35.png
centerX: 0.025806451612903226
centerY: 0.09204901681390709
width: 0.03306451612903226
height: 0.030777999430037048
Area: 0.000339564621847967
CentroidX: 0.0390
CentroidY: 0.1052
