Location: Dedata_30.png_Mean-Medain.png
Component: component_1755503806237_125.png
centerX: 0.39153225806451614
centerY: 0.31718438301510404
width: 0.04717741935483871
height: 0.02707324023938444
Area: 0.0004406870811461771
CentroidX: 0.4142
CentroidY: 0.3285
