Location: Dedata_30.png_Mean-Medain.png
Component: component_1755503806266_255.png
centerX: 0.16048387096774194
centerY: 0.750071245369051
width: 0.03951612903225806
height: 0.02792818466799658
Area: 0.000432068689728716
CentroidX: 0.1760
CentroidY: 0.7618
