Location: internet_4.png_Otsu.png
Component: component_1755094384352_332.png
centerX: 0.9379282547359935
centerY: 0.42372398061020816
width: 0.04191858121725111
height: 0.029369831765041345
Area: 0.0004927095196375257
CentroidX: 0.9602
CentroidY: 0.4371
