Location: Dedata_30.png_Gaussian-Median.png
Component: component_1755503806826_79.png
centerX: 0.5657258064516129
centerY: 0.18324308919920204
width: 0.03790322580645161
height: 0.024508406953548018
Area: 0.0003223278390130448
CentroidX: 0.5843
CentroidY: 0.1924
