Location: internet_4.png_Gaussian-Closing.png
Component: component_1755094384182_239.png
centerX: 0.2825473599355099
centerY: 0.46535500427716
width: 0.04836759371221282
height: 0.028514399771884802
Area: 0.0005110984916790476
CentroidX: 0.3055
CentroidY: 0.4787
