Location: Dedata_10.png_Mean-Closing.png
Component: component_1755521621491_190.png
centerX: 0.007258064516129033
centerY: 0.3952693074950128
width: 0.05282258064516129
height: 0.0176688515246509
Area: 0.00038828726132801366
CentroidX: 0.0303
CentroidY: 0.4062
