Location: Dedata_10.png_Mean-Closing.png
Component: component_1755521621500_211.png
centerX: 0.24637096774193548
centerY: 0.44770589911655745
width: 0.05887096774193548
height: 0.019663721858079224
Area: 0.00039345829617849033
CentroidX: 0.2721
CentroidY: 0.4593
