Location: Dedata_10.png_Gaussian-Closing.png
Component: component_1755521621203_41.png
centerX: 0.43548387096774194
centerY: 0.06725562838415503
width: 0.0625
height: 0.019663721858079224
Area: 0.00029877090247198447
CentroidX: 0.4632
CentroidY: 0.0796
