Location: internet_15.png_Gaussian-Closing.png
Component: component_1755087704806_268.png
centerX: 0.3059250302297461
centerY: 0.7881380096948959
width: 0.049979846835953246
height: 0.021670943826632448
Area: 0.00035134429706832666
CentroidX: 0.3302
CentroidY: 0.8012
