Location: Dedata_10.png_Gaussian-Closing.png
Component: component_1755521621248_259.png
centerX: 0.5754032258064516
centerY: 0.5599886007409518
width: 0.05604838709677419
height: 0.0176688515246509
Area: 0.00030371211355132886
CentroidX: 0.6013
CentroidY: 0.5714
