Location: internet_15.png_Gaussian-Closing.png
Component: component_1755087704780_147.png
centerX: 0.010479645304312777
centerY: 0.43028229255774164
width: 0.04917372027408303
height: 0.023666951810664385
Area: 0.0004490357110389114
CentroidX: 0.0330
CentroidY: 0.4439
