Location: Dedata_10.png_Gaussian-Closing.png
Component: component_1755521621213_91.png
centerX: 0.6721774193548387
centerY: 0.17355371900826447
width: 0.05887096774193548
height: 0.01909375890567113
Area: 0.0003107217385708639
CentroidX: 0.6989
CentroidY: 0.1855
