Location: internet_15.png_Gaussian-Median.png
Component: component_1755087704653_195.png
centerX: 0.23216444981862153
centerY: 0.3889364128885087
width: 0.037081821846029824
height: 0.019104647847162818
Area: 0.0002476764671842473
CentroidX: 0.2468
CentroidY: 0.4002
