Location: Dedata_10.png_Mean-Medain.png
Component: component_1755521621598_173.png
centerX: 0.8
centerY: 0.33998290111142776
width: 0.049193548387096775
height: 0.019948703334283273
Area: 0.00037449783506007594
CentroidX: 0.8224
CentroidY: 0.3519
