Location: Dedata_10.png_Mean-Closing.png
Component: component_1755521621512_265.png
centerX: 0.17056451612903226
centerY: 0.5748076375035622
width: 0.05443548387096774
height: 0.016243944143630663
Area: 0.0003163524209636051
CentroidX: 0.1953
CentroidY: 0.5847
