Location: Dedata_10.png_Mean-Closing.png
Component: component_1755521621492_199.png
centerX: 0.24314516129032257
centerY: 0.41664291821031635
width: 0.052016129032258066
height: 0.01909375890567113
Area: 0.00035576719771279383
CentroidX: 0.2679
CentroidY: 0.4287
