Location: internet_15.png_Otsu.png
Component: component_1755087705380_877.png
centerX: 0.5388956066102378
centerY: 0.5771314513829484
width: 0.042724707779121324
height: 0.022241231822070145
Area: 0.0003346792911556975
CentroidX: 0.5591
CentroidY: 0.5896
