Location: Dedata_10.png_Mean-Medain.png
Component: component_1755521621607_219.png
centerX: 0.16491935483870968
centerY: 0.4494157879737817
width: 0.05443548387096774
height: 0.018808777429467086
Area: 0.0003835758740198016
CentroidX: 0.1896
CentroidY: 0.4607
