Location: Dedata_10.png_Mean-Medain.png
Component: component_1755521621585_109.png
centerX: 0.8814516129032258
centerY: 0.20005699629524082
width: 0.05766129032258065
height: 0.017098888572242805
Area: 0.0004032258064516129
CentroidX: 0.9066
CentroidY: 0.2099
