Location: internet_15.png_Otsu.png
Component: component_1755087705329_440.png
centerX: 0.6110439338976219
centerY: 0.33048189335614486
width: 0.04433696090286175
height: 0.023666951810664385
Area: 0.0002800870304074295
CentroidX: 0.6320
CentroidY: 0.3449
