Location: Dedata_10.png_Gaussian-Closing.png
Component: component_1755521621227_160.png
centerX: 0.24556451612903227
centerY: 0.32972356796808205
width: 0.0532258064516129
height: 0.01909375890567113
Area: 0.0003530093124592063
CentroidX: 0.2693
CentroidY: 0.3413
