Location: Dedata_10.png_Mean-Closing.png
Component: component_1755521621503_221.png
centerX: 0.4931451612903226
centerY: 0.4724992875463095
width: 0.05725806451612903
height: 0.018523795953263037
Area: 0.00036496014855808565
CentroidX: 0.5194
CentroidY: 0.4839
