Location: internet_15.png_Otsu.png
Component: component_1755087705400_1020.png
centerX: 0.3139862958484482
centerY: 0.7493584260051326
width: 0.05038291011688835
height: 0.021100655831194755
Area: 0.00027939744395587247
CentroidX: 0.3357
CentroidY: 0.7622
