Location: internet_15.png_Otsu.png
Component: component_1755087705305_310.png
centerX: 0.15114873035066506
centerY: 0.26033646991730824
width: 0.04554615074566707
height: 0.021670943826632448
Area: 0.00037249161491607674
CentroidX: 0.1709
CentroidY: 0.2738
