Location: Dedata_10.png_Gaussian-Closing.png
Component: component_1755521621241_225.png
centerX: 0.16411290322580646
centerY: 0.4804787688800228
width: 0.05040322580645161
height: 0.02080364776289541
Area: 0.0003569163165684553
CentroidX: 0.1877
CentroidY: 0.4931
