Location: internet_15.png_Gaussian-Closing.png
Component: component_1755087704786_177.png
centerX: 0.826279725916969
centerY: 0.523524379811805
width: 0.042724707779121324
height: 0.021670943826632448
Area: 0.00031019897212542153
CentroidX: 0.8465
CentroidY: 0.5356
