Location: internet_15.png_Mean-Closing.png
Component: component_1755087704514_10.png
centerX: 0.6481257557436517
centerY: 0.011690903906472769
width: 0.055219669488109635
height: 0.021100655831194755
Area: 0.00036973326910984847
CentroidX: 0.6713
CentroidY: 0.0240
