Location: internet_15.png_Otsu.png
Component: component_1755087705365_781.png
centerX: 0.819024586860137
centerY: 0.4759053321927573
width: 0.04514308746473196
height: 0.020245223838038208
Area: 0.0003127274557811308
CentroidX: 0.8419
CentroidY: 0.4880
