Location: internet_15.png_Otsu.png
Component: component_1755087705382_888.png
centerX: 0.008464328899637243
centerY: 0.5973766752209866
width: 0.04433696090286175
height: 0.020815511833475905
Area: 0.00035375784964877637
CentroidX: 0.0291
CentroidY: 0.6097
