Location: Kurtxevani_1794_page_10.png_Mean-Medain.png
Component: component_1755610054621_607.png
centerX: 0.2787843366452367
centerY: 0.13133539003966505
width: 0.018702513150204558
height: 0.00881445570736007
Area: 0.00010560861601454205
CentroidX: 0.2878
CentroidY: 0.1359
