Location: internet_15.png_Mean-Closing.png
Component: component_1755087704522_49.png
centerX: 0.014107214832728738
centerY: 0.142571998859424
width: 0.05038291011688835
height: 0.02594810379241517
Area: 0.0005505198504930601
CentroidX: 0.0344
CentroidY: 0.1582
