Location: internet_15.png_Mean-Closing.png
Component: component_1755087704526_68.png
centerX: 0.6892382103990327
centerY: 0.21471343028229256
width: 0.03990326481257558
height: 0.02480752780153978
Area: 0.0004581152659844128
CentroidX: 0.7079
CentroidY: 0.2286
