Location: internet_15.png_Gaussian-Median.png
Component: component_1755087704632_59.png
centerX: 0.4687625957275292
centerY: 0.09210151126318791
width: 0.049576783555018135
height: 0.021100655831194755
Area: 0.00040237369448354975
CentroidX: 0.4895
CentroidY: 0.1047
