Location: Dedata_10.png_Mean-Medain.png
Component: component_1755521621588_127.png
centerX: 0.32137096774193546
centerY: 0.23795953263037903
width: 0.05443548387096774
height: 0.017953833000854943
Area: 0.0003653048842147841
CentroidX: 0.3460
CentroidY: 0.2489
