Location: Dedata_10.png_Mean-Closing.png
Component: component_1755521621499_207.png
centerX: 0.5778225806451613
centerY: 0.43687660302080367
width: 0.05403225806451613
height: 0.0176688515246509
Area: 0.0003878276137857491
CentroidX: 0.6032
CentroidY: 0.4480
