Location: Dedata_10.png_Otsu.png
Component: component_1755521621716_531.png
centerX: 0.7899193548387097
centerY: 0.27871188372755773
width: 0.05725806451612903
height: 0.018808777429467086
Area: 0.00032818834517691833
CentroidX: 0.8145
CentroidY: 0.2911
