Location: Kurtxevani_1764_page_10.png_Otsu.png
Component: component_1755610055993_1802.png
centerX: 0.23042071197411004
centerY: 0.7558465855940131
width: 0.020064724919093852
height: 0.011225444340505144
Area: 0.00015772536411551188
CentroidX: 0.2395
CentroidY: 0.7611
