Location: Kurtxevani_1794_page_10.png_Mean-Medain.png
Component: component_1755610055116_2703.png
centerX: 0.733489187609585
centerY: 0.8563243719700309
width: 0.027469316189362946
height: 0.014103129131776113
Area: 0.00022512665950417013
CentroidX: 0.7464
CentroidY: 0.8631
