Location: Dedata_10.png_Mean-Closing.png
Component: component_1755521621502_217.png
centerX: 0.8032258064516129
centerY: 0.4622399544029638
width: 0.055645161290322584
height: 0.018238814477058992
Area: 0.0003732338043188483
CentroidX: 0.8287
CentroidY: 0.4738
