Location: internet_15.png_Gaussian-Closing.png
Component: component_1755087704754_19.png
centerX: 0.5800080612656187
centerY: 0.049044767607641856
width: 0.051189036678758564
height: 0.024522383803820928
Area: 0.0004540926783503299
CentroidX: 0.6008
CentroidY: 0.0633
