Location: Dedata_10.png_Mean-Closing.png
Component: component_1755521621482_157.png
centerX: 0.48588709677419356
centerY: 0.32088914220575665
width: 0.055645161290322584
height: 0.018808777429467086
Area: 0.00040115739251142226
CentroidX: 0.5102
CentroidY: 0.3324
