Location: internet_15.png_Gaussian-Median.png
Component: component_1755087704670_286.png
centerX: 0.8460298266827891
centerY: 0.6039349871685201
width: 0.04191858121725111
height: 0.0213857998289136
Area: 0.00036433150857265146
CentroidX: 0.8667
CentroidY: 0.6172
