Location: internet_15.png_Gaussian-Median.png
Component: component_1755087704650_166.png
centerX: 0.8282950423216445
centerY: 0.3538637011690904
width: 0.04836759371221282
height: 0.022526375819788995
Area: 0.0004390367074913339
CentroidX: 0.8504
CentroidY: 0.3672
