Location: Dedata_10.png_Gaussian-Closing.png
Component: component_1755521621220_126.png
centerX: 0.8290322580645161
centerY: 0.25220860644058135
width: 0.055645161290322584
height: 0.016813907096038756
Area: 0.00033083131854493974
CentroidX: 0.8544
CentroidY: 0.2620
