Location: internet_15.png_Mean-Closing.png
Component: component_1755087704515_14.png
centerX: 0.6557839580814188
centerY: 0.047619047619047616
width: 0.05199516324062878
height: 0.023666951810664385
Area: 0.00048167613641261265
CentroidX: 0.6769
CentroidY: 0.0615
