Location: internet_15.png_Mean-Closing.png
Component: component_1755087704552_188.png
centerX: 0.7605804111245466
centerY: 0.5642999714856002
width: 0.04433696090286175
height: 0.023096663815226688
Area: 0.00040961435222489897
CentroidX: 0.7826
CentroidY: 0.5776
