Location: internet_15.png_Otsu.png
Component: component_1755087705310_315.png
centerX: 0.006449012494961709
centerY: 0.2671799258625606
width: 0.04796453043127771
height: 0.022241231822070145
Area: 0.00042800332426642083
CentroidX: 0.0279
CentroidY: 0.2800
