Location: internet_15.png_Gaussian-Median.png
Component: component_1755087704632_62.png
centerX: 0.1539701733172108
centerY: 0.09609352723125178
width: 0.049979846835953246
height: 0.0213857998289136
Area: 0.00040202890125777123
CentroidX: 0.1759
CentroidY: 0.1089
