Location: Dedata_10.png_Otsu.png
Component: component_1755521621727_590.png
centerX: 0.5580645161290323
centerY: 0.3724707893986891
width: 0.04838709677419355
height: 0.0176688515246509
Area: 0.0002539552671011868
CentroidX: 0.5793
CentroidY: 0.3837
