Location: internet_15.png_Mean-Closing.png
Component: component_1755087704546_159.png
centerX: 0.014510278113663845
centerY: 0.4767607641859139
width: 0.051592099959693674
height: 0.021100655831194755
Area: 0.00043133632544894665
CentroidX: 0.0386
CentroidY: 0.4888
