Location: internet_15.png_Mean-Closing.png
Component: component_1755087704557_213.png
centerX: 0.7746876259572752
centerY: 0.6464214428286285
width: 0.05038291011688835
height: 0.020815511833475905
Area: 0.0004169699410415077
CentroidX: 0.7988
CentroidY: 0.6591
