Location: internet_15.png_Otsu.png
Component: component_1755087705340_607.png
centerX: 0.010882708585247884
centerY: 0.3912175648702595
width: 0.037484885126964934
height: 0.018819503849443968
Area: 0.0002980162781479133
CentroidX: 0.0280
CentroidY: 0.4024
