Location: Dedata_10.png_Mean-Medain.png
Component: component_1755521621601_188.png
centerX: 0.6306451612903226
centerY: 0.372185807922485
width: 0.05161290322580645
height: 0.021658592191507554
Area: 0.00038461008098989694
CentroidX: 0.6534
CentroidY: 0.3851
