Location: internet_15.png_Otsu.png
Component: component_1755087705337_589.png
centerX: 0.1539701733172108
centerY: 0.3866552609067579
width: 0.04191858121725111
height: 0.020245223838038208
Area: 0.00025985916116175547
CentroidX: 0.1727
CentroidY: 0.3991
