Location: Dedata_10.png_Otsu.png
Component: component_1755521621733_628.png
centerX: 0.8040322580645162
centerY: 0.4297520661157025
width: 0.05806451612903226
height: 0.017098888572242805
Area: 0.00028659024260197283
CentroidX: 0.8312
CentroidY: 0.4409
