Location: Dedata_10.png_Otsu.png
Component: component_1755521621737_652.png
centerX: 0.2411290322580645
centerY: 0.48019378740381874
width: 0.05685483870967742
height: 0.018238814477058992
Area: 0.00028590077128857593
CentroidX: 0.2654
CentroidY: 0.4905
