Location: Dedata_10.png_Gaussian-Closing.png
Component: component_1755521621208_70.png
centerX: 0.2524193548387097
centerY: 0.12852664576802508
width: 0.052016129032258066
height: 0.0176688515246509
Area: 0.00031187085742652535
CentroidX: 0.2764
CentroidY: 0.1398
