Location: internet_15.png_Gaussian-Closing.png
Component: component_1755087704792_200.png
centerX: 0.24062877871825877
centerY: 0.5948103792415169
width: 0.04312777106005643
height: 0.019674935842600515
Area: 0.00033215080749998823
CentroidX: 0.2625
CentroidY: 0.6065
