Location: internet_15.png_Mean-Closing.png
Component: component_1755087704549_176.png
centerX: 0.4570737605804111
centerY: 0.5377815796977473
width: 0.0475614671503426
height: 0.02281151981750784
Area: 0.0003708825798624436
CentroidX: 0.4814
CentroidY: 0.5520
