Location: Dedata_10.png_Mean-Closing.png
Component: component_1755521621500_209.png
centerX: 0.3310483870967742
centerY: 0.44371615844970075
width: 0.05524193548387097
height: 0.019948703334283273
Area: 0.00040644333924746507
CentroidX: 0.3566
CentroidY: 0.4565
