Location: internet_15.png_Gaussian-Closing.png
Component: component_1755087704774_115.png
centerX: 0.1592099959693672
centerY: 0.34702024522383806
width: 0.04917372027408303
height: 0.021670943826632448
Area: 0.0003929493463122698
CentroidX: 0.1804
CentroidY: 0.3598
