Location: Dedata_10.png_Mean-Closing.png
Component: component_1755521621481_156.png
centerX: 0.5620967741935484
centerY: 0.31860929039612423
width: 0.05524193548387097
height: 0.01738387004844685
Area: 0.0003787495748260234
CentroidX: 0.5871
CentroidY: 0.3296
