Location: internet_15.png_Gaussian-Median.png
Component: component_1755087704642_115.png
centerX: 0.7553405884723902
centerY: 0.2440832620473339
width: 0.04070939137444579
height: 0.022526375819788995
Area: 0.0003878923790008513
CentroidX: 0.7743
CentroidY: 0.2572
