Location: internet_15.png_Gaussian-Median.png
Component: component_1755087704668_279.png
centerX: 0.3897621926642483
centerY: 0.5839749073282008
width: 0.041112454655380895
height: 0.023096663815226688
Area: 0.00038536389534514205
CentroidX: 0.4097
CentroidY: 0.5972
