Location: internet_15.png_Mean-Closing.png
Component: component_1755087704565_247.png
centerX: 0.5437323659814591
centerY: 0.7370972341032221
width: 0.046352277307537285
height: 0.021670943826632448
Area: 0.00038375486029150886
CentroidX: 0.5668
CentroidY: 0.7507
