Location: Dedata_10.png_Mean-Closing.png
Component: component_1755521621454_62.png
centerX: 0.7278225806451613
centerY: 0.11997720148190368
width: 0.05967741935483871
height: 0.015958962667426618
Area: 0.00028498147620404675
CentroidX: 0.7548
CentroidY: 0.1300
