Location: internet_15.png_Mean-Closing.png
Component: component_1755087704519_34.png
centerX: 0.15437323659814592
centerY: 0.09637867122897063
width: 0.049576783555018135
height: 0.021100655831194755
Area: 0.000425130047384933
CentroidX: 0.1759
CentroidY: 0.1089
