Location: internet_15.png_Mean-Closing.png
Component: component_1755087704535_116.png
centerX: 0.09149536477226924
centerY: 0.3498716852010265
width: 0.046352277307537285
height: 0.022241231822070145
Area: 0.0004268540135138257
CentroidX: 0.1116
CentroidY: 0.3622
