Location: Dedata_10.png_Gaussian-Closing.png
Component: component_1755521621211_81.png
centerX: 0.25806451612903225
centerY: 0.1541749786263893
width: 0.050806451612903224
height: 0.018523795953263037
Area: 0.00028027008889583465
CentroidX: 0.2807
CentroidY: 0.1651
