Location: internet_15.png_Mean-Closing.png
Component: component_1755087704551_186.png
centerX: 0.08222490931076179
centerY: 0.5594525235243798
width: 0.044740024183796856
height: 0.01853435985172512
Area: 0.00031778442309254927
CentroidX: 0.1030
CentroidY: 0.5703
