Location: internet_15.png_Otsu.png
Component: component_1755087705332_475.png
centerX: 0.1592099959693672
centerY: 0.34759053321927574
width: 0.037081821846029824
height: 0.020815511833475905
Area: 0.00024112539589445512
CentroidX: 0.1739
CentroidY: 0.3604
