Location: internet_15.png_Mean-Closing.png
Component: component_1755087704567_260.png
centerX: 0.5364772269246272
centerY: 0.7801539777587682
width: 0.045949214026602174
height: 0.021670943826632448
Area: 0.0003828354116894328
CentroidX: 0.5581
CentroidY: 0.7926
