Location: Dedata_10.png_Otsu.png
Component: component_1755521621737_653.png
centerX: 0.16451612903225807
centerY: 0.48076375035622687
width: 0.04959677419354839
height: 0.020233684810487318
Area: 0.00028302797414942225
CentroidX: 0.1881
CentroidY: 0.4929
