Location: Dedata_10.png_Mean-Closing.png
Component: component_1755521621487_176.png
centerX: 0.007258064516129033
centerY: 0.3670561413508122
width: 0.06088709677419355
height: 0.019663721858079224
Area: 0.0004156362900927569
CentroidX: 0.0349
CentroidY: 0.3783
