Location: Kurtxevani_1764_page_10.png_Otsu.png
Component: component_1755610055916_1117.png
centerX: 0.3100323624595469
centerY: 0.4200187090739008
width: 0.026537216828478965
height: 0.01028999064546305
Area: 0.00018860441812661017
CentroidX: 0.3235
CentroidY: 0.4247
