Location: internet_15.png_Otsu.png
Component: component_1755087705367_795.png
centerX: 0.6086255542120113
centerY: 0.4893071000855432
width: 0.04393389762192664
height: 0.021100655831194755
Area: 0.000335253946531995
CentroidX: 0.6303
CentroidY: 0.5020
