Location: Dedata_10.png_Gaussian-Closing.png
Component: component_1755521621202_37.png
centerX: 0.7564516129032258
centerY: 0.06440581362211456
width: 0.06008064516129032
height: 0.018808777429467086
Area: 0.0003881723494424475
CentroidX: 0.7861
CentroidY: 0.0765
