Location: Dedata_10.png_Mean-Medain.png
Component: component_1755521621580_90.png
centerX: 0.3342741935483871
centerY: 0.1555998860074095
width: 0.05766129032258065
height: 0.01652892561983471
Area: 0.0003018735233822705
CentroidX: 0.3605
CentroidY: 0.1659
