Location: Dedata_10.png_Gaussian-Closing.png
Component: component_1755521621248_258.png
centerX: 0.6560483870967742
centerY: 0.5594186377885437
width: 0.055645161290322584
height: 0.015104018238814477
Area: 0.00029176127745244944
CentroidX: 0.6820
CentroidY: 0.5691
