Location: Dedata_10.png_Otsu.png
Component: component_1755521621731_616.png
centerX: 0.5766129032258065
centerY: 0.4041037332573383
width: 0.035483870967741936
height: 0.013394129381590196
Area: 0.00010767243677548057
CentroidX: 0.5932
CentroidY: 0.4125
