Location: Dedata_10.png_Gaussian-Closing.png
Component: component_1755521621229_168.png
centerX: 0.6463709677419355
centerY: 0.3445426047306925
width: 0.05241935483870968
height: 0.019948703334283273
Area: 0.0003586399948519475
CentroidX: 0.6688
CentroidY: 0.3560
