Location: Dedata_10.png_Otsu.png
Component: component_1755521621748_742.png
centerX: 0.40846774193548385
centerY: 0.5921915075520091
width: 0.06048387096774194
height: 0.022228555143915644
Area: 0.0004887202493128269
CentroidX: 0.4364
CentroidY: 0.6059
