Location: internet_15.png_Otsu.png
Component: component_1755087705276_249.png
centerX: 0.8335348649738009
centerY: 0.2055888223552894
width: 0.039500201531640466
height: 0.023952095808383235
Area: 0.0003882371722266298
CentroidX: 0.8528
CentroidY: 0.2195
