Location: internet_15.png_Otsu.png
Component: component_1755087705379_854.png
centerX: 0.0826279725916969
centerY: 0.5603079555175363
width: 0.03667875856509472
height: 0.017678927858568578
Area: 0.0001860734108451491
CentroidX: 0.0961
CentroidY: 0.5709
