Location: internet_15.png_Mean-Closing.png
Component: component_1755087704525_63.png
centerX: 0.3164046755340588
centerY: 0.19047619047619047
width: 0.03869407496977025
height: 0.022241231822070145
Area: 0.00038766251685033227
CentroidX: 0.3346
CentroidY: 0.2025
