Location: Dedata_10.png_Mean-Closing.png
Component: component_1755521621468_105.png
centerX: 0.5020161290322581
centerY: 0.2043317184383015
width: 0.05
height: 0.018523795953263037
Area: 0.000386218847387823
CentroidX: 0.5243
CentroidY: 0.2154
