Location: internet_15.png_Mean-Closing.png
Component: component_1755087704525_62.png
centerX: 0.3808948004836759
centerY: 0.19019104647847163
width: 0.046352277307537285
height: 0.024522383803820928
Area: 0.00042329115018078085
CentroidX: 0.4007
CentroidY: 0.2037
