Location: internet_15.png_Gaussian-Median.png
Component: component_1755087704662_242.png
centerX: 0.6767432486900443
centerY: 0.4836042201311662
width: 0.046352277307537285
height: 0.020815511833475905
Area: 0.0003690436826582914
CentroidX: 0.6984
CentroidY: 0.4960
