Location: internet_15.png_Otsu.png
Component: component_1755087705372_815.png
centerX: 0.8895606610237807
centerY: 0.5226689478186484
width: 0.05038291011688835
height: 0.01853435985172512
Area: 0.00027043282008563056
CentroidX: 0.9133
CentroidY: 0.5331
