Location: Dedata_10.png_Mean-Closing.png
Component: component_1755521621466_94.png
centerX: 0.5826612903225806
centerY: 0.17725847819891707
width: 0.05846774193548387
height: 0.0176688515246509
Area: 0.0002725709925629028
CentroidX: 0.6107
CentroidY: 0.1880
