Location: internet_15.png_Gaussian-Median.png
Component: component_1755087704667_269.png
centerX: 0.011688835147118097
centerY: 0.559167379526661
width: 0.041515517936316
height: 0.020245223838038208
Area: 0.00029951038212628695
CentroidX: 0.0307
CentroidY: 0.5707
