Location: internet_15.png_Gaussian-Closing.png
Component: component_1755087704805_265.png
centerX: 0.5364772269246272
centerY: 0.7801539777587682
width: 0.04554615074566707
height: 0.021670943826632448
Area: 0.0003558266090034476
CentroidX: 0.5583
CentroidY: 0.7923
