Location: internet_15.png_Otsu.png
Component: component_1755087705367_785.png
centerX: 0.7529222087867795
centerY: 0.48132306814941545
width: 0.039500201531640466
height: 0.019389791844881665
Area: 0.0002610084719143506
CentroidX: 0.7729
CentroidY: 0.4926
