Location: internet_15.png_Gaussian-Closing.png
Component: component_1755087704765_74.png
centerX: 0.24143490528012898
centerY: 0.2215568862275449
width: 0.037081821846029824
height: 0.021956087824351298
Area: 0.0004070858685691897
CentroidX: 0.2593
CentroidY: 0.2334
