Location: Dedata_10.png_Mean-Closing.png
Component: component_1755521621509_252.png
centerX: 0.16008064516129034
centerY: 0.5437446565973212
width: 0.05040322580645161
height: 0.017098888572242805
Area: 0.000291416541795751
CentroidX: 0.1834
CentroidY: 0.5540
