Location: internet_15.png_Otsu.png
Component: component_1755087705322_388.png
centerX: 0.23740427247077792
centerY: 0.30538922155688625
width: 0.03788794840790004
height: 0.024522383803820928
Area: 0.00034835608911157936
CentroidX: 0.2560
CentroidY: 0.3195
