Location: internet_15.png_Mean-Closing.png
Component: component_1755087704523_55.png
centerX: 0.6178960096735188
centerY: 0.18106643855146848
width: 0.04554615074566707
height: 0.022241231822070145
Area: 0.000499490453077837
CentroidX: 0.6367
CentroidY: 0.1938
