Location: Dedata_10.png_Gaussian-Closing.png
Component: component_1755521621197_10.png
centerX: 0.5508064516129032
centerY: 0.007694499857509262
width: 0.04314516129032258
height: 0.019663721858079224
Area: 0.000307734029546144
CentroidX: 0.5707
CentroidY: 0.0185
