Location: Dedata_10.png_Gaussian-Closing.png
Component: component_1755521621250_273.png
centerX: 0.5762096774193548
centerY: 0.5899116557423767
width: 0.04516129032258064
height: 0.018238814477058992
Area: 0.0004171301446051168
CentroidX: 0.5971
CentroidY: 0.6005
