Location: internet_15.png_Gaussian-Closing.png
Component: component_1755087704768_89.png
centerX: 0.15074566706972994
centerY: 0.2600513259195894
width: 0.04675534058847239
height: 0.021956087824351298
Area: 0.0004017990391072522
CentroidX: 0.1713
CentroidY: 0.2737
