Location: internet_15.png_Otsu.png
Component: component_1755087705337_577.png
centerX: 0.3079403466344216
centerY: 0.38380382092956944
width: 0.04393389762192664
height: 0.018819503849443968
Area: 0.000335024084381476
CentroidX: 0.3265
CentroidY: 0.3947
