Location: Dedata_10.png_Gaussian-Closing.png
Component: component_1755521621243_236.png
centerX: 0.32137096774193546
centerY: 0.5075520091194072
width: 0.04959677419354839
height: 0.019948703334283273
Area: 0.00035944437805091056
CentroidX: 0.3433
CentroidY: 0.5199
