Location: Dedata_10.png_Otsu.png
Component: component_1755521621722_562.png
centerX: 0.07822580645161291
centerY: 0.3391279566828156
width: 0.054838709677419356
height: 0.016243944143630663
Area: 0.0002916463655668833
CentroidX: 0.1022
CentroidY: 0.3486
