Location: internet_15.png_Gaussian-Median.png
Component: component_1755087704647_144.png
centerX: 0.8246674727932285
centerY: 0.3202167094382663
width: 0.044740024183796856
height: 0.02480752780153978
Area: 0.0004061664199671136
CentroidX: 0.8468
CentroidY: 0.3351
