Location: Dedata_10.png_Mean-Closing.png
Component: component_1755521621449_50.png
centerX: 0.771774193548387
centerY: 0.09290396124251923
width: 0.05766129032258065
height: 0.0176688515246509
Area: 0.0003484128370365604
CentroidX: 0.7987
CentroidY: 0.1048
