Location: Dedata_10.png_Otsu.png
Component: component_1755521621713_511.png
centerX: 0.4
centerY: 0.23339982901111428
width: 0.05725806451612903
height: 0.01738387004844685
Area: 0.00031979977753058956
CentroidX: 0.4265
CentroidY: 0.2437
