Location: Dedata_10.png_Mean-Closing.png
Component: component_1755521621455_65.png
centerX: 0.6516129032258065
centerY: 0.12282701624394414
width: 0.05282258064516129
height: 0.01652892561983471
Area: 0.0002746394065030934
CentroidX: 0.6756
CentroidY: 0.1334
