Location: Kurtxevani_1794_page_10.png_Mean-Medain.png
Component: component_1755610054918_1347.png
centerX: 0.22910578609000584
centerY: 0.3838695460555311
width: 0.020455873758036237
height: 0.010136624063464082
Area: 0.00013548812688694907
CentroidX: 0.2394
CentroidY: 0.3886
