Location: internet_15.png_Gaussian-Median.png
Component: component_1755087704679_321.png
centerX: 0.7726723095525998
centerY: 0.6883376104932991
width: 0.04393389762192664
height: 0.023381807812945538
Area: 0.0004052469713650375
CentroidX: 0.7949
CentroidY: 0.7024
