Location: internet_15.png_Mean-Closing.png
Component: component_1755087704554_201.png
centerX: 0.6896412736799677
centerY: 0.6090675791274593
width: 0.04836759371221282
height: 0.021100655831194755
Area: 0.00036973326910984847
CentroidX: 0.7122
CentroidY: 0.6211
