Location: Dedata_10.png_Mean-Medain.png
Component: component_1755521621586_114.png
centerX: 0.33991935483870966
centerY: 0.2086064405813622
width: 0.05282258064516129
height: 0.017953833000854943
Area: 0.00040506439662067127
CentroidX: 0.3637
CentroidY: 0.2191
