Location: internet_15.png_Otsu.png
Component: component_1755087705290_289.png
centerX: 0.6058041112454655
centerY: 0.24664955802680352
width: 0.037484885126964934
height: 0.021956087824351298
Area: 0.00032743863341434825
CentroidX: 0.6253
CentroidY: 0.2594
