Location: Dedata_10.png_Gaussian-Closing.png
Component: component_1755521621224_148.png
centerX: 0.16572580645161292
centerY: 0.3037902536335138
width: 0.05040322580645161
height: 0.017098888572242805
Area: 0.00034140321201702535
CentroidX: 0.1885
CentroidY: 0.3140
