Location: internet_15.png_Gaussian-Median.png
Component: component_1755087704674_303.png
centerX: 0.8444175735590488
centerY: 0.6461362988309096
width: 0.04070939137444579
height: 0.020815511833475905
Area: 0.00031881880276988486
CentroidX: 0.8645
CentroidY: 0.6586
