Location: internet_15.png_Gaussian-Median.png
Component: component_1755087704669_285.png
centerX: 0.913341394598952
centerY: 0.6019389791844881
width: 0.0471584038694075
height: 0.021956087824351298
Area: 0.0003631821978200563
CentroidX: 0.9353
CentroidY: 0.6152
