Location: Dedata_10.png_Mean-Medain.png
Component: component_1755521621578_81.png
centerX: 0.7455645161290323
centerY: 0.14591051581647194
width: 0.05282258064516129
height: 0.017953833000854943
Area: 0.0002837174454628191
CentroidX: 0.7703
CentroidY: 0.1576
