Location: Dedata_10.png_Mean-Closing.png
Component: component_1755521621501_213.png
centerX: 0.09314516129032258
centerY: 0.45283556568823025
width: 0.05161290322580645
height: 0.018238814477058992
Area: 0.00034956195589222185
CentroidX: 0.1163
CentroidY: 0.4637
