Location: internet_15.png_Gaussian-Closing.png
Component: component_1755087704754_20.png
centerX: 0.8174123337363967
centerY: 0.05018534359851725
width: 0.049979846835953246
height: 0.021956087824351298
Area: 0.0004542076094255894
CentroidX: 0.8394
CentroidY: 0.0636
