Location: Dedata_10.png_Otsu.png
Component: component_1755521621674_34.png
centerX: 0.6495967741935483
centerY: 0.037902536335138216
width: 0.05443548387096774
height: 0.018238814477058992
Area: 0.0002004063284273619
CentroidX: 0.6757
CentroidY: 0.0494
