Location: Dedata_10.png_Otsu.png
Component: component_1755521621706_415.png
centerX: 0.35
centerY: 0.18096323738956968
width: 0.036290322580645164
height: 0.01738387004844685
Area: 0.00016064681602147472
CentroidX: 0.3684
CentroidY: 0.1920
