Location: internet_15.png_Otsu.png
Component: component_1755087705389_912.png
centerX: 0.7746876259572752
centerY: 0.6464214428286285
width: 0.049979846835953246
height: 0.020815511833475905
Area: 0.00032651918481227214
CentroidX: 0.7987
CentroidY: 0.6588
