Location: internet_15.png_Mean-Closing.png
Component: component_1755087704529_84.png
centerX: 0.45425231761386536
centerY: 0.2546335899629313
width: 0.037081821846029824
height: 0.020815511833475905
Area: 0.0003855937574956611
CentroidX: 0.4723
CentroidY: 0.2666
