Location: internet_15.png_Otsu.png
Component: component_1755087705327_426.png
centerX: 0.7537283353486497
centerY: 0.3236384374108925
width: 0.0475614671503426
height: 0.025377815796977475
Area: 0.00027640923599912517
CentroidX: 0.7777
CentroidY: 0.3400
