Location: internet_15.png_Otsu.png
Component: component_1755087705401_1023.png
centerX: 0.083031035872632
centerY: 0.7596236099230111
width: 0.04836759371221282
height: 0.022241231822070145
Area: 0.00036548081932524654
CentroidX: 0.1045
CentroidY: 0.7730
