Location: Dedata_10.png_Mean-Medain.png
Component: component_1755521621586_120.png
centerX: 0.8084677419354839
centerY: 0.2231404958677686
width: 0.05403225806451613
height: 0.01738387004844685
Area: 0.0003514005460612802
CentroidX: 0.8322
CentroidY: 0.2336
