Location: Kurtxevani_1794_page_10.png_Mean-Medain.png
Component: component_1755610055092_2449.png
centerX: 0.33489187609585036
centerY: 0.7783164389598942
width: 0.02863822326125073
height: 0.013662406346408109
Area: 0.00020967174008740787
CentroidX: 0.3485
CentroidY: 0.7850
