Location: Dedata_10.png_Gaussian-Closing.png
Component: component_1755521621239_216.png
centerX: 0.947983870967742
centerY: 0.4599601025933314
width: 0.042741935483870966
height: 0.015958962667426618
Area: 0.0003158927734213405
CentroidX: 0.9669
CentroidY: 0.4689
