Location: internet_15.png_Mean-Closing.png
Component: component_1755087704525_60.png
centerX: 0.2434502216848045
centerY: 0.18790989449672085
width: 0.037484885126964934
height: 0.025092671799258625
Area: 0.0004360484995345866
CentroidX: 0.2617
CentroidY: 0.2019
