Location: internet_15.png_Otsu.png
Component: component_1755087705330_456.png
centerX: 0.38331318016928656
centerY: 0.33989164528086685
width: 0.04353083434099154
height: 0.021100655831194755
Area: 0.00027652416707438465
CentroidX: 0.4061
CentroidY: 0.3525
