Location: internet_15.png_Otsu.png
Component: component_1755087705286_287.png
centerX: 0.7553405884723902
centerY: 0.2440832620473339
width: 0.03990326481257558
height: 0.022241231822070145
Area: 0.0003333001182525833
CentroidX: 0.7742
CentroidY: 0.2572
