Location: internet_15.png_Gaussian-Median.png
Component: component_1755087704645_129.png
centerX: 0.6767432486900443
centerY: 0.28599942971200454
width: 0.042724707779121324
height: 0.026518391787852865
Area: 0.0004026035566340688
CentroidX: 0.6982
CentroidY: 0.3013
