Location: Dedata_10.png_Otsu.png
Component: component_1755521621737_649.png
centerX: 0.4104838709677419
centerY: 0.47477913935594185
width: 0.05120967741935484
height: 0.018808777429467086
Area: 0.00025315088390222377
CentroidX: 0.4341
CentroidY: 0.4861
