Location: internet_15.png_Gaussian-Median.png
Component: component_1755087704633_66.png
centerX: 0.083031035872632
centerY: 0.09780439121756487
width: 0.051189036678758564
height: 0.0213857998289136
Area: 0.00040536190244029705
CentroidX: 0.1044
CentroidY: 0.1107
