Location: Dedata_10.png_Mean-Closing.png
Component: component_1755521621476_136.png
centerX: 0.17137096774193547
centerY: 0.27586206896551724
width: 0.05604838709677419
height: 0.016813907096038756
Area: 0.00035611193336949226
CentroidX: 0.1954
CentroidY: 0.2860
