Location: Dedata_10.png_Gaussian-Closing.png
Component: component_1755521621212_85.png
centerX: 0.18266129032258063
centerY: 0.15759475634083783
width: 0.05040322580645161
height: 0.017953833000854943
Area: 0.00027050257862271213
CentroidX: 0.2067
CentroidY: 0.1686
