Location: Dedata_10.png_Gaussian-Closing.png
Component: component_1755521621227_162.png
centerX: 0.9443548387096774
centerY: 0.335423197492163
width: 0.05120967741935484
height: 0.016243944143630663
Area: 0.00035507772639939693
CentroidX: 0.9666
CentroidY: 0.3456
