Location: Dedata_10.png_Gaussian-Closing.png
Component: component_1755521621247_254.png
centerX: 0.7983870967741935
centerY: 0.5480193787403819
width: 0.05524193548387097
height: 0.021658592191507554
Area: 0.0004632098107171421
CentroidX: 0.8232
CentroidY: 0.5616
