Location: Dedata_10.png_Otsu.png
Component: component_1755521621741_707.png
centerX: 0.6818548387096774
centerY: 0.5277856939298946
width: 0.044758064516129036
height: 0.01652892561983471
Area: 0.00023671848426626464
CentroidX: 0.7016
CentroidY: 0.5376
