Location: Dedata_10.png_Mean-Closing.png
Component: component_1755521621417_5.png
centerX: 0.9008064516129032
centerY: 0.005699629524080934
width: 0.053629032258064514
height: 0.017953833000854943
Area: 0.00033876023864900395
CentroidX: 0.9257
CentroidY: 0.0166
