Location: Dedata_10.png_Mean-Closing.png
Component: component_1755521621474_127.png
centerX: 0.8290322580645161
centerY: 0.25220860644058135
width: 0.055645161290322584
height: 0.016813907096038756
Area: 0.0003377260316789086
CentroidX: 0.8543
CentroidY: 0.2620
