Location: internet_15.png_Gaussian-Closing.png
Component: component_1755087704790_191.png
centerX: 0.08222490931076179
centerY: 0.5594525235243798
width: 0.044740024183796856
height: 0.01853435985172512
Area: 0.00029916558890050844
CentroidX: 0.1028
CentroidY: 0.5703
