Location: Dedata_10.png_Mean-Medain.png
Component: component_1755521621600_182.png
centerX: 0.09233870967741936
centerY: 0.36563123396979197
width: 0.06088709677419355
height: 0.019948703334283273
Area: 0.00042253100322672577
CentroidX: 0.1212
CentroidY: 0.3786
