Location: internet_15.png_Otsu.png
Component: component_1755087705384_890.png
centerX: 0.8460298266827891
centerY: 0.604220131166239
width: 0.041515517936316
height: 0.021100655831194755
Area: 0.0003396213273918565
CentroidX: 0.8666
CentroidY: 0.6172
