Location: internet_15.png_Gaussian-Median.png
Component: component_1755087704683_344.png
centerX: 0.3135832325675131
centerY: 0.7490732820074137
width: 0.051592099959693674
height: 0.0213857998289136
Area: 0.00037639927147490015
CentroidX: 0.3367
CentroidY: 0.7623
