Location: Dedata_10.png_Mean-Closing.png
Component: component_1755521621509_248.png
centerX: 0.3189516129032258
centerY: 0.5371900826446281
width: 0.04879032258064516
height: 0.01652892561983471
Area: 0.0002965875766462277
CentroidX: 0.3401
CentroidY: 0.5472
