Location: internet_15.png_Gaussian-Median.png
Component: component_1755087704664_254.png
centerX: 0.8895606610237807
centerY: 0.5223838038209295
width: 0.05078597339782346
height: 0.019104647847162818
Area: 0.0003068659709428957
CentroidX: 0.9131
CentroidY: 0.5331
