Location: internet_15.png_Gaussian-Median.png
Component: component_1755087704628_38.png
centerX: 0.6553808948004837
centerY: 0.047619047619047616
width: 0.05199516324062878
height: 0.023666951810664385
Area: 0.00046029895641434355
CentroidX: 0.6768
CentroidY: 0.0614
