Location: internet_15.png_Gaussian-Median.png
Component: component_1755087704670_289.png
centerX: 0.6146715034260379
centerY: 0.6142001710863987
width: 0.0471584038694075
height: 0.021100655831194755
Area: 0.0003912253801833771
CentroidX: 0.6377
CentroidY: 0.6265
