Location: Dedata_10.png_Gaussian-Closing.png
Component: component_1755521621247_255.png
centerX: 0.08629032258064516
centerY: 0.5483043602165859
width: 0.04798387096774193
height: 0.015958962667426618
Area: 0.00027440958273196114
CentroidX: 0.1080
CentroidY: 0.5582
