Location: internet_15.png_Gaussian-Median.png
Component: component_1755087704673_299.png
centerX: 0.011688835147118097
centerY: 0.6415739948674081
width: 0.037484885126964934
height: 0.023666951810664385
Area: 0.0002820408586868412
CentroidX: 0.0258
CentroidY: 0.6566
