Location: internet_15.png_Gaussian-Median.png
Component: component_1755087704627_14.png
centerX: 0.5800080612656187
centerY: 0.012546335899629312
width: 0.045949214026602174
height: 0.022526375819788995
Area: 0.00030916459244808593
CentroidX: 0.6001
CentroidY: 0.0262
