Location: Dedata_10.png_Mean-Medain.png
Component: component_1755521621603_200.png
centerX: 0.7939516129032258
centerY: 0.40011399259048164
width: 0.049193548387096775
height: 0.017953833000854943
Area: 0.0003432418021860837
CentroidX: 0.8160
CentroidY: 0.4108
