Location: Dedata_10.png_Otsu.png
Component: component_1755521621747_739.png
centerX: 0.6471774193548387
centerY: 0.5864918780279282
width: 0.05120967741935484
height: 0.018808777429467086
Area: 0.00043126430652975297
CentroidX: 0.6710
CentroidY: 0.5981
