Location: Dedata_10.png_Otsu.png
Component: component_1755521621671_8.png
centerX: 0.4217741935483871
centerY: 0.007694499857509262
width: 0.041935483870967745
height: 0.022513536620119692
Area: 0.00019914229768613426
CentroidX: 0.4419
CentroidY: 0.0203
