Location: internet_15.png_Gaussian-Median.png
Component: component_1755087704663_246.png
centerX: 0.4598952035469569
centerY: 0.5029940119760479
width: 0.03466344216041919
height: 0.019104647847162818
Area: 0.00023813718793770782
CentroidX: 0.4742
CentroidY: 0.5146
