Location: internet_15.png_Gaussian-Closing.png
Component: component_1755087704779_140.png
centerX: 0.48327287384119305
centerY: 0.4091816367265469
width: 0.051592099959693674
height: 0.023381807812945538
Area: 0.0004420249154480812
CentroidX: 0.5072
CentroidY: 0.4232
