Location: Dedata_10.png_Gaussian-Closing.png
Component: component_1755521621232_183.png
centerX: 0.4854838709677419
centerY: 0.37646053006554575
width: 0.04717741935483871
height: 0.018523795953263037
Area: 0.00029532354590500003
CentroidX: 0.5058
CentroidY: 0.3878
