Location: internet_15.png_Otsu.png
Component: component_1755087705325_404.png
centerX: 0.012898024989923419
centerY: 0.3136583974907328
width: 0.04433696090286175
height: 0.020815511833475905
Area: 0.0003536429185735169
CentroidX: 0.0337
CentroidY: 0.3259
