Location: internet_15.png_Otsu.png
Component: component_1755087705312_324.png
centerX: 0.8879484079000403
centerY: 0.2763045337895637
width: 0.0475614671503426
height: 0.0213857998289136
Area: 0.00030318817653459133
CentroidX: 0.9094
CentroidY: 0.2890
