Location: internet_15.png_Mean-Closing.png
Component: component_1755087704534_108.png
centerX: 0.5316404675534059
centerY: 0.3361847733105218
width: 0.044740024183796856
height: 0.022526375819788995
Area: 0.0004447832612543095
CentroidX: 0.5519
CentroidY: 0.3493
