Location: internet_15.png_Otsu.png
Component: component_1755087705394_943.png
centerX: 0.012091898428053204
centerY: 0.6797832905617337
width: 0.04554615074566707
height: 0.022241231822070145
Area: 0.0003981212446989478
CentroidX: 0.0350
CentroidY: 0.6926
