Location: Dedata_10.png_Mean-Medain.png
Component: component_1755521621593_150.png
centerX: 0.4681451612903226
centerY: 0.28612140210886294
width: 0.055645161290322584
height: 0.020518666286691366
Area: 0.0003982845953722685
CentroidX: 0.4927
CentroidY: 0.2982
