Location: internet_15.png_Gaussian-Median.png
Component: component_1755087704659_232.png
centerX: 0.392583635630794
centerY: 0.4590818363273453
width: 0.035872632003224506
height: 0.020815511833475905
Area: 0.00024641222535639267
CentroidX: 0.4065
CentroidY: 0.4711
