Location: internet_15.png_Gaussian-Median.png
Component: component_1755087704663_249.png
centerX: 0.2361950826279726
centerY: 0.5126889078984888
width: 0.041515517936316
height: 0.023096663815226688
Area: 0.0003655957504005061
CentroidX: 0.2569
CentroidY: 0.5261
