Location: internet_15.png_Gaussian-Median.png
Component: component_1755087704633_68.png
centerX: 0.7259169689641274
centerY: 0.13287710293698318
width: 0.042724707779121324
height: 0.023381807812945538
Area: 0.0003689287515830319
CentroidX: 0.7458
CentroidY: 0.1472
