Location: internet_15.png_Gaussian-Closing.png
Component: component_1755087704766_79.png
centerX: 0.8927851672712616
centerY: 0.23781009409751924
width: 0.05038291011688835
height: 0.021956087824351298
Area: 0.0004021438323330307
CentroidX: 0.9178
CentroidY: 0.2512
