Location: internet_15.png_Mean-Closing.png
Component: component_1755087704566_255.png
centerX: 0.8992341797662233
centerY: 0.7656116338751069
width: 0.046352277307537285
height: 0.021670943826632448
Area: 0.00034513801900431303
CentroidX: 0.9220
CentroidY: 0.7794
