Location: internet_15.png_Mean-Closing.png
Component: component_1755087704548_172.png
centerX: 0.7577589681580008
centerY: 0.5238095238095238
width: 0.04353083434099154
height: 0.023096663815226688
Area: 0.00039432851921538395
CentroidX: 0.7800
CentroidY: 0.5375
