Location: Dedata_10.png_Otsu.png
Component: component_1755521621744_719.png
centerX: 0.014919354838709677
centerY: 0.5497292675976062
width: 0.04596774193548387
height: 0.015104018238814477
Area: 0.00022810009284880353
CentroidX: 0.0352
CentroidY: 0.5590
