Location: internet_15.png_Gaussian-Closing.png
Component: component_1755087704763_67.png
centerX: 0.9020556227327691
centerY: 0.20587396635300828
width: 0.04070939137444579
height: 0.021670943826632448
Area: 0.0003972017960968717
CentroidX: 0.9190
CentroidY: 0.2182
