Location: internet_15.png_Otsu.png
Component: component_1755087705201_58.png
centerX: 0.0951229343006852
centerY: 0.05503279155973767
width: 0.045949214026602174
height: 0.01996007984031936
Area: 0.00033479422223095696
CentroidX: 0.1147
CentroidY: 0.0677
