Location: internet_15.png_Otsu.png
Component: component_1755087705372_816.png
centerX: 0.826682789197904
centerY: 0.523524379811805
width: 0.04232164449818621
height: 0.0213857998289136
Area: 0.00027250157944030176
CentroidX: 0.8467
CentroidY: 0.5356
