Location: Dedata_10.png_Gaussian-Closing.png
Component: component_1755521621202_36.png
centerX: 0.8375
centerY: 0.06269592476489028
width: 0.055645161290322584
height: 0.01937874038187518
Area: 0.00036231717519006425
CentroidX: 0.8638
CentroidY: 0.0752
