Location: internet_15.png_Gaussian-Median.png
Component: component_1755087704637_88.png
centerX: 0.08827085852478839
centerY: 0.18591388651268892
width: 0.03909713825070536
height: 0.023666951810664385
Area: 0.0003269789091133102
CentroidX: 0.1054
CentroidY: 0.1985
