Location: internet_15.png_Gaussian-Closing.png
Component: component_1755087704789_189.png
centerX: 0.8335348649738009
centerY: 0.559167379526661
width: 0.04514308746473196
height: 0.0213857998289136
Area: 0.00034249460427334424
CentroidX: 0.8549
CentroidY: 0.5717
