Location: Dedata_6.png_Gaussian-Median.png
Component: component_1755522877791_49.png
centerX: 0.9266129032258065
centerY: 0.10629809062410943
width: 0.03508064516129032
height: 0.019663721858079224
Area: 0.00036369611781685804
CentroidX: 0.9452
CentroidY: 0.1159
