Location: internet_11.png_Gaussian-Closing.png
Component: component_1755091164220_252.png
centerX: 0.9048770656993148
centerY: 0.9438266324493869
width: 0.04433696090286175
height: 0.026518391787852865
Area: 0.0005585650257612259
CentroidX: 0.9286
CentroidY: 0.9557
