Location: Dedata_6.png_Mean-Closing.png
Component: component_1755522877719_224.png
centerX: 0.3604838709677419
centerY: 0.6024508406953548
width: 0.043548387096774194
height: 0.024793388429752067
Area: 0.0006701661166217744
CentroidX: 0.3833
CentroidY: 0.6145
