Location: internet_11.png_Otsu.png
Component: component_1755091163664_169.png
centerX: 0.2571543732365981
centerY: 0.16053607071571144
width: 0.049576783555018135
height: 0.03421727972626176
Area: 0.0006669450297309452
CentroidX: 0.2818
CentroidY: 0.1761
