Location: Dedata_6.png_Otsu.png
Component: component_1755522877232_257.png
centerX: 0.8705645161290323
centerY: 0.536905101168424
width: 0.043548387096774194
height: 0.026788258763180393
Area: 0.0006522398624734554
CentroidX: 0.8931
CentroidY: 0.5498
