Location: internet_11.png_Gaussian-Median.png
Component: component_1755091163869_15.png
centerX: 0.8976219266424829
centerY: 0.015112631879098944
width: 0.0475614671503426
height: 0.027944111776447105
Area: 0.0005517840923209147
CentroidX: 0.9222
CentroidY: 0.0284
