Location: Dedata_6.png_Mean-Medain.png
Component: component_1755522877456_41.png
centerX: 0.48266129032258065
centerY: 0.09062410943288686
width: 0.04153225806451613
height: 0.02336848104873183
Area: 0.0005380174482207044
CentroidX: 0.5030
CentroidY: 0.1013
