Location: Dedata_6.png_Gaussian-Median.png
Component: component_1755522877802_103.png
centerX: 0.6596774193548387
centerY: 0.2402393844400114
width: 0.0375
height: 0.021373610715303505
Area: 0.000480216769780932
CentroidX: 0.6790
CentroidY: 0.2507
