Location: Dedata_6.png_Otsu.png
Component: component_1755522877239_285.png
centerX: 0.9282258064516129
centerY: 0.6189797663151895
width: 0.05040322580645161
height: 0.024793388429752067
Area: 0.0006385653480910837
CentroidX: 0.9544
CentroidY: 0.6300
