Location: internet_11.png_Gaussian-Closing.png
Component: component_1755091164171_52.png
centerX: 0.9403466344216042
centerY: 0.16424294268605646
width: 0.051592099959693674
height: 0.028514399771884802
Area: 0.0006585550612370008
CentroidX: 0.9658
CentroidY: 0.1763
