Location: Kurtxevani_1794_page_10.png_Mean-Medain.png
Component: component_1755610055043_2033.png
centerX: 0.4751607247223846
centerY: 0.6333186425738211
width: 0.019871420222092345
height: 0.008373732921992068
Area: 0.00011513914965487876
CentroidX: 0.4853
CentroidY: 0.6372
