Location: internet_11.png_Gaussian-Closing.png
Component: component_1755091164184_94.png
centerX: 0.8500604594921403
centerY: 0.3461648132306815
width: 0.049979846835953246
height: 0.031080695751354435
Area: 0.0005897113471565534
CentroidX: 0.8773
CentroidY: 0.3610
