Location: internet_11.png_Gaussian-Median.png
Component: component_1755091163974_68.png
centerX: 0.8629584844820637
centerY: 0.1602509267179926
width: 0.05280128980249899
height: 0.031936127744510975
Area: 0.0006680943404835403
CentroidX: 0.8896
CentroidY: 0.1740
