Location: internet_11.png_Gaussian-Closing.png
Component: component_1755091164191_130.png
centerX: 0.44780330511890365
centerY: 0.43370402053036783
width: 0.05401047964530431
height: 0.030795551753635585
Area: 0.0006517741277966897
CentroidX: 0.4753
CentroidY: 0.4474
