Location: internet_11.png_Otsu.png
Component: component_1755091163671_260.png
centerX: 0.10600564288593309
centerY: 0.3005417735956658
width: 0.04796453043127771
height: 0.032506415739948676
Area: 0.0005073057661954838
CentroidX: 0.1303
CentroidY: 0.3158
