Location: internet_11.png_Gaussian-Closing.png
Component: component_1755091164198_160.png
centerX: 0.08746473196291818
centerY: 0.540347875677217
width: 0.05441354292623942
height: 0.03022526375819789
Area: 0.000619478495648767
CentroidX: 0.1154
CentroidY: 0.5545
