Location: internet_11.png_Gaussian-Median.png
Component: component_1755091164095_300.png
centerX: 0.6606207174526401
centerY: 0.7938408896492729
width: 0.05280128980249899
height: 0.025092671799258625
Area: 0.0005716671683408101
CentroidX: 0.6878
CentroidY: 0.8053
