Location: internet_11.png_Gaussian-Closing.png
Component: component_1755091164200_166.png
centerX: 0.7634018540910923
centerY: 0.5868263473053892
width: 0.05199516324062878
height: 0.027088679783290562
Area: 0.000555002162428181
CentroidX: 0.7904
CentroidY: 0.5985
