Location: Dedata_6.png_Mean-Medain.png
Component: component_1755522877592_221.png
centerX: 0.09314516129032258
centerY: 0.5748076375035622
width: 0.04153225806451613
height: 0.024223425477343973
Area: 0.0006447705899116558
CentroidX: 0.1142
CentroidY: 0.5863
