Location: internet_11.png_Gaussian-Median.png
Component: component_1755091163893_49.png
centerX: 0.9165659008464329
centerY: 0.10664385514684915
width: 0.04675534058847239
height: 0.02737382378100941
Area: 0.0005761494802759311
CentroidX: 0.9397
CentroidY: 0.1189
