Location: internet_11.png_Otsu.png
Component: component_1755091163668_221.png
centerX: 0.35268037081821846
centerY: 0.25263758197889935
width: 0.04877065699314793
height: 0.03421727972626176
Area: 0.0005997103507041309
CentroidX: 0.3773
CentroidY: 0.2687
