Location: Dedata_6.png_Gaussian-Median.png
Component: component_1755522877841_219.png
centerX: 0.4883064516129032
centerY: 0.5571387859789114
width: 0.044758064516129036
height: 0.023083499572527786
Area: 0.000606964579560393
CentroidX: 0.5109
CentroidY: 0.5676
