Location: Dedata_6.png_Gaussian-Median.png
Component: component_1755522877814_137.png
centerX: 0.7120967741935483
centerY: 0.32345397549159305
width: 0.04112903225806452
height: 0.024793388429752067
Area: 0.0006034023111078425
CentroidX: 0.7331
CentroidY: 0.3348
