Location: Dedata_6.png_Otsu.png
Component: component_1755522877188_21.png
centerX: 0.9350806451612903
centerY: 0.047021943573667714
width: 0.039112903225806454
height: 0.022513536620119692
Area: 0.0003904705871537705
CentroidX: 0.9553
CentroidY: 0.0573
