Location: internet_11.png_Otsu.png
Component: component_1755091163679_764.png
centerX: 0.6182990729544539
centerY: 0.3929284288565726
width: 0.04836759371221282
height: 0.02737382378100941
Area: 0.00042731373781486375
CentroidX: 0.6423
CentroidY: 0.4041
