Location: Dedata_6.png_Mean-Closing.png
Component: component_1755522877710_186.png
centerX: 0.9282258064516129
centerY: 0.49786263892846966
width: 0.0407258064516129
height: 0.02365346252493588
Area: 0.0006417828808869359
CentroidX: 0.9488
CentroidY: 0.5092
