Location: internet_11.png_Gaussian-Median.png
Component: component_1755091164058_208.png
centerX: 0.09270455461507457
centerY: 0.4913031080695751
width: 0.04796453043127771
height: 0.03051040775591674
Area: 0.0006069510084454802
CentroidX: 0.1180
CentroidY: 0.5051
