Location: Dedata_6.png_Otsu.png
Component: component_1755522877246_314.png
centerX: 0.22379032258064516
centerY: 0.7050441721288117
width: 0.044758064516129036
height: 0.028783129096608722
Area: 0.0006740731207310235
CentroidX: 0.2464
CentroidY: 0.7188
