Location: Dedata_6.png_Otsu.png
Component: component_1755522877249_329.png
centerX: 0.10201612903225807
centerY: 0.755770874893132
width: 0.046370967741935484
height: 0.022513536620119692
Area: 0.0005623787679607278
CentroidX: 0.1259
CentroidY: 0.7660
