Location: Dedata_6.png_Mean-Closing.png
Component: component_1755522877679_46.png
centerX: 0.9266129032258065
centerY: 0.10629809062410943
width: 0.03508064516129032
height: 0.019663721858079224
Area: 0.0003858741117311246
CentroidX: 0.9454
CentroidY: 0.1158
