Location: internet_11.png_Otsu.png
Component: component_1755091163709_1563.png
centerX: 0.577589681580008
centerY: 0.8448816652409467
width: 0.04554615074566707
height: 0.025092671799258625
Area: 0.0004535180229740324
CentroidX: 0.5998
CentroidY: 0.8562
