Location: Dedata_6.png_Mean-Closing.png
Component: component_1755522877689_96.png
centerX: 0.6592741935483871
centerY: 0.2402393844400114
width: 0.03790322580645161
height: 0.021373610715303505
Area: 0.0005149201592219086
CentroidX: 0.6789
CentroidY: 0.2506
