Location: Dedata_6.png_Gaussian-Median.png
Component: component_1755522877841_217.png
centerX: 0.5584677419354839
centerY: 0.5517241379310345
width: 0.04516129032258064
height: 0.024223425477343973
Area: 0.0006088031697294514
CentroidX: 0.5816
CentroidY: 0.5620
