Location: Dedata_6.png_Otsu.png
Component: component_1755522877202_97.png
centerX: 0.3471774193548387
centerY: 0.16785408948418354
width: 0.037096774193548385
height: 0.023938444001139925
Area: 0.0003501365153200526
CentroidX: 0.3668
CentroidY: 0.1775
