Location: Dedata_6.png_Gaussian-Median.png
Component: component_1755522877793_58.png
centerX: 0.3479838709677419
centerY: 0.1310914790538615
width: 0.03508064516129032
height: 0.02108862923909946
Area: 0.0003278436095202199
CentroidX: 0.3691
CentroidY: 0.1403
