Location: internet_11.png_Mean-Closing.png
Component: component_1755091163770_33.png
centerX: 0.18460298266827893
centerY: 0.1092101511263188
width: 0.049979846835953246
height: 0.033932135728542916
Area: 0.0007295824657473789
CentroidX: 0.2111
CentroidY: 0.1260
