Location: Dedata_6.png_Mean-Medain.png
Component: component_1755522877531_98.png
centerX: 0.9145161290322581
centerY: 0.22485038472499289
width: 0.032661290322580645
height: 0.01909375890567113
Area: 0.00035507772639939693
CentroidX: 0.9343
CentroidY: 0.2338
