Location: Dedata_6.png_Mean-Closing.png
Component: component_1755522877672_20.png
centerX: 0.6951612903225807
centerY: 0.05129666571672841
width: 0.039112903225806454
height: 0.021658592191507554
Area: 0.00046470366522950203
CentroidX: 0.7160
CentroidY: 0.0613
