Location: Dedata_6.png_Otsu.png
Component: component_1755522877217_196.png
centerX: 0.8903225806451613
centerY: 0.36449130806497576
width: 0.03669354838709677
height: 0.021373610715303505
Area: 0.0005318122064001323
CentroidX: 0.9093
CentroidY: 0.3746
