Location: internet_11.png_Mean-Closing.png
Component: component_1755091163787_117.png
centerX: 0.27448609431680776
centerY: 0.3937838608497291
width: 0.051189036678758564
height: 0.027088679783290562
Area: 0.0006180993227456528
CentroidX: 0.3006
CentroidY: 0.4049
