Location: internet_11.png_Mean-Closing.png
Component: component_1755091163805_208.png
centerX: 0.9060862555421201
centerY: 0.7907043056743656
width: 0.046352277307537285
height: 0.02765896777872826
Area: 0.0005795974125337164
CentroidX: 0.9292
CentroidY: 0.8028
