Location: Dedata_6.png_Gaussian-Median.png
Component: component_1755522877853_262.png
centerX: 0.4245967741935484
centerY: 0.6939298945568538
width: 0.04798387096774193
height: 0.02536335138216016
Area: 0.000651895126816757
CentroidX: 0.4493
CentroidY: 0.7060
