Location: internet_11.png_Gaussian-Median.png
Component: component_1755091164051_189.png
centerX: 0.02257154373236598
centerY: 0.43912175648702595
width: 0.03829101168883515
height: 0.029369831765041345
Area: 0.00039042086265656054
CentroidX: 0.0462
CentroidY: 0.4525
