Location: Dedata_6.png_Mean-Closing.png
Component: component_1755522877713_198.png
centerX: 0.15685483870967742
centerY: 0.5226560273582217
width: 0.042741935483870966
height: 0.0219435736677116
Area: 0.0006227075078829553
CentroidX: 0.1788
CentroidY: 0.5328
