Location: internet_11.png_Gaussian-Median.png
Component: component_1755091164025_129.png
centerX: 0.015719467956469165
centerY: 0.34901625320787
width: 0.051189036678758564
height: 0.029654975762760195
Area: 0.0006007447303814666
CentroidX: 0.0423
CentroidY: 0.3629
