Location: Dedata_6.png_Mean-Closing.png
Component: component_1755522877705_166.png
centerX: 0.2778225806451613
centerY: 0.4280421772584782
width: 0.04112903225806452
height: 0.02336848104873183
Area: 0.0006008742496253872
CentroidX: 0.2996
CentroidY: 0.4391
