Location: Dedata_6.png_Mean-Closing.png
Component: component_1755522877673_22.png
centerX: 0.2879032258064516
centerY: 0.053576517526360785
width: 0.046370967741935484
height: 0.02365346252493588
Area: 0.000542384099872218
CentroidX: 0.3119
CentroidY: 0.0640
