Location: internet_11.png_Gaussian-Closing.png
Component: component_1755091164202_176.png
centerX: 0.6823861346231358
centerY: 0.6384374108925007
width: 0.04312777106005643
height: 0.029940119760479042
Area: 0.0005323607406020573
CentroidX: 0.7042
CentroidY: 0.6517
