Location: Samociqulo_1709_page_10.png_Gaussian-Median.png
Component: component_1755610056325_3712.png
centerX: 0.5916461916461917
centerY: 0.9084375
width: 0.0285012285012285
height: 0.0103125
Area: 0.00016876535626535627
CentroidX: 0.6059
CentroidY: 0.9132
