Location: internet_11.png_Otsu.png
Component: component_1755091163701_1412.png
centerX: 0.4969770253929867
centerY: 0.7467921300256629
width: 0.05038291011688835
height: 0.02566295979469632
Area: 0.00042961235932005397
CentroidX: 0.5225
CentroidY: 0.7573
