Location: internet_11.png_Gaussian-Median.png
Component: component_1755091164043_170.png
centerX: 0.8653768641676743
centerY: 0.42885657256914744
width: 0.04877065699314793
height: 0.03051040775591674
Area: 0.0005979863845752383
CentroidX: 0.8894
CentroidY: 0.4424
