Location: Dedata_6.png_Mean-Closing.png
Component: component_1755522877721_234.png
centerX: 0.652016129032258
centerY: 0.6320889142205757
width: 0.05604838709677419
height: 0.029923055001424906
Area: 0.000795764807545574
CentroidX: 0.6810
CentroidY: 0.6465
