Location: internet_11.png_Mean-Closing.png
Component: component_1755091163807_219.png
centerX: 0.8976219266424829
centerY: 0.8360422013116624
width: 0.04393389762192664
height: 0.025092671799258625
Area: 0.0005263843246885627
CentroidX: 0.9198
CentroidY: 0.8478
