Location: internet_11.png_Gaussian-Closing.png
Component: component_1755091164214_226.png
centerX: 0.8976219266424829
centerY: 0.8363273453093812
width: 0.04393389762192664
height: 0.02480752780153978
Area: 0.0005005248327551726
CentroidX: 0.9197
CentroidY: 0.8477
