Location: internet_11.png_Gaussian-Median.png
Component: component_1755091164034_132.png
centerX: 0.1950826279725917
centerY: 0.35129740518962077
width: 0.04917372027408303
height: 0.026518391787852865
Area: 0.00056936854683562
CentroidX: 0.2210
CentroidY: 0.3627
