Location: Dedata_6.png_Otsu.png
Component: component_1755522877227_238.png
centerX: 0.16129032258064516
centerY: 0.4804787688800228
width: 0.03951612903225806
height: 0.020518666286691366
Area: 0.0005096342124858658
CentroidX: 0.1808
CentroidY: 0.4897
