Location: Dedata_6.png_Mean-Closing.png
Component: component_1755522877694_118.png
centerX: 0.25766129032258067
centerY: 0.2995155314904531
width: 0.03669354838709677
height: 0.022798518096323737
Area: 0.0005384770957629689
CentroidX: 0.2764
CentroidY: 0.3106
