Location: internet_11.png_Gaussian-Median.png
Component: component_1755091164086_269.png
centerX: 0.010479645304312777
centerY: 0.6951810664385515
width: 0.04554615074566707
height: 0.026518391787852865
Area: 0.0005070759040449647
CentroidX: 0.0343
CentroidY: 0.7073
