Location: Dedata_6.png_Gaussian-Median.png
Component: component_1755522877857_282.png
centerX: 0.10201612903225807
centerY: 0.755770874893132
width: 0.046370967741935484
height: 0.022798518096323737
Area: 0.000586740087700751
CentroidX: 0.1258
CentroidY: 0.7662
