Location: internet_11.png_Mean-Closing.png
Component: component_1755091163766_11.png
centerX: 0.7178557033454253
centerY: 0.01454234388366125
width: 0.0475614671503426
height: 0.03022526375819789
Area: 0.0006477515401626068
CentroidX: 0.7430
CentroidY: 0.0284
