Location: internet_11.png_Otsu.png
Component: component_1755091163691_1171.png
centerX: 0.18702136235388955
centerY: 0.5392072996863416
width: 0.04675534058847239
height: 0.03022526375819789
Area: 0.0004608736117906411
CentroidX: 0.2155
CentroidY: 0.5524
