Location: internet_11.png_Gaussian-Median.png
Component: component_1755091164047_176.png
centerX: 0.44780330511890365
centerY: 0.43370402053036783
width: 0.05401047964530431
height: 0.031080695751354435
Area: 0.0006631523042473813
CentroidX: 0.4753
CentroidY: 0.4476
