Location: internet_11.png_Mean-Closing.png
Component: component_1755091163777_68.png
centerX: 0.17896009673518742
centerY: 0.25320786997433703
width: 0.049576783555018135
height: 0.02594810379241517
Area: 0.0005846543798451349
CentroidX: 0.2045
CentroidY: 0.2646
