Location: Dedata_6.png_Mean-Closing.png
Component: component_1755522877673_25.png
centerX: 0.2245967741935484
centerY: 0.05471644343117697
width: 0.039112903225806454
height: 0.020518666286691366
Area: 0.0004984877595859495
CentroidX: 0.2443
CentroidY: 0.0640
