Location: Dedata_6.png_Otsu.png
Component: component_1755522877235_270.png
centerX: 0.022983870967741935
centerY: 0.5773724707893987
width: 0.04395161290322581
height: 0.024223425477343973
Area: 0.0006194899750871032
CentroidX: 0.0450
CentroidY: 0.5890
