Location: Dedata_6.png_Mean-Medain.png
Component: component_1755522877541_121.png
centerX: 0.5149193548387097
centerY: 0.28811627244229127
width: 0.04596774193548387
height: 0.022228555143915644
Area: 0.0005989207475707627
CentroidX: 0.5378
CentroidY: 0.2985
