Location: internet_11.png_Otsu.png
Component: component_1755091163672_262.png
centerX: 0.7041515517936316
centerY: 0.30253778157969774
width: 0.0475614671503426
height: 0.03307670373538637
Area: 0.00040329314308562586
CentroidX: 0.7269
CentroidY: 0.3170
