Location: internet_11.png_Gaussian-Closing.png
Component: component_1755091164215_229.png
centerX: 0.014107214832728738
centerY: 0.8388936412888509
width: 0.03990326481257558
height: 0.02480752780153978
Area: 0.0005070759040449647
CentroidX: 0.0345
CentroidY: 0.8499
