Location: internet_11.png_Gaussian-Closing.png
Component: component_1755091164181_85.png
centerX: 0.9363160016122531
centerY: 0.3022526375819789
width: 0.04312777106005643
height: 0.03364699173082407
Area: 0.0006209725996271406
CentroidX: 0.9576
CentroidY: 0.3166
