Location: internet_11.png_Otsu.png
Component: component_1755091163699_1305.png
centerX: 0.3353486497380089
centerY: 0.6914741944682065
width: 0.04514308746473196
height: 0.025377815796977475
Area: 0.0004535180229740324
CentroidX: 0.3570
CentroidY: 0.7029
