Location: internet_11.png_Otsu.png
Component: component_1755091163704_1514.png
centerX: 0.7476823861346231
centerY: 0.7935557456515541
width: 0.051592099959693674
height: 0.024522383803820928
Area: 0.0004691486492093259
CentroidX: 0.7729
CentroidY: 0.8043
