Location: Dedata_6.png_Mean-Closing.png
Component: component_1755522877681_54.png
centerX: 0.4044354838709677
centerY: 0.12966657167284126
width: 0.03508064516129032
height: 0.018523795953263037
Area: 0.0003818521957363094
CentroidX: 0.4228
CentroidY: 0.1387
