Location: Dedata_6.png_Gaussian-Median.png
Component: component_1755522877788_35.png
centerX: 0.8653225806451613
centerY: 0.07694499857509261
width: 0.041935483870967745
height: 0.019948703334283273
Area: 0.00040115739251142226
CentroidX: 0.8883
CentroidY: 0.0864
