Location: internet_11.png_Gaussian-Median.png
Component: component_1755091164106_342.png
centerX: 0.2523176138653769
centerY: 0.9458226404334189
width: 0.041112454655380895
height: 0.02623324779013402
Area: 0.0004948932100674565
CentroidX: 0.2737
CentroidY: 0.9588
