Location: Dedata_6.png_Mean-Medain.png
Component: component_1755522877614_250.png
centerX: 0.8379032258064516
centerY: 0.6634368766030208
width: 0.05040322580645161
height: 0.027643203191792535
Area: 0.000726587852434753
CentroidX: 0.8643
CentroidY: 0.6769
