Location: internet_11.png_Mean-Closing.png
Component: component_1755091163800_184.png
centerX: 0.8448206368399839
centerY: 0.6871970345024238
width: 0.04191858121725111
height: 0.02594810379241517
Area: 0.0005433941238269704
CentroidX: 0.8667
CentroidY: 0.6991
