Location: internet_11.png_Mean-Closing.png
Component: component_1755091163795_162.png
centerX: 0.5239822652156388
centerY: 0.587111491303108
width: 0.04836759371221282
height: 0.026518391787852865
Area: 0.0005101790430769715
CentroidX: 0.5482
CentroidY: 0.5991
