Location: Dedata_6.png_Mean-Medain.png
Component: component_1755522877495_69.png
centerX: 0.7959677419354839
centerY: 0.14619549729267597
width: 0.0375
height: 0.022513536620119692
Area: 0.0005002114378694417
CentroidX: 0.8148
CentroidY: 0.1556
