Location: Dedata_6.png_Mean-Medain.png
Component: component_1755522877477_52.png
centerX: 0.7971774193548387
centerY: 0.11171273867198632
width: 0.03588709677419355
height: 0.01909375890567113
Area: 0.00041023543147114793
CentroidX: 0.8153
CentroidY: 0.1207
