Location: internet_11.png_Gaussian-Closing.png
Component: component_1755091164210_206.png
centerX: 0.4969770253929867
centerY: 0.7467921300256629
width: 0.05078597339782346
height: 0.02566295979469632
Area: 0.000509374525550155
CentroidX: 0.5230
CentroidY: 0.7581
