Location: internet_11.png_Otsu.png
Component: component_1755091163655_116.png
centerX: 0.016122531237404272
centerY: 0.05674365554605076
width: 0.04433696090286175
height: 0.026518391787852865
Area: 0.00042432552985811645
CentroidX: 0.0403
CentroidY: 0.0667
