Location: internet_11.png_Gaussian-Closing.png
Component: component_1755091164213_220.png
centerX: 0.32567513099556633
centerY: 0.7958368976333048
width: 0.044740024183796856
height: 0.023096663815226688
Area: 0.0004507596771678041
CentroidX: 0.3485
CentroidY: 0.8063
