Location: internet_11.png_Otsu.png
Component: component_1755091163705_1519.png
centerX: 0.5739621120515921
centerY: 0.7944111776447106
width: 0.04433696090286175
height: 0.02423723980610208
Area: 0.0004624826468442743
CentroidX: 0.5957
CentroidY: 0.8053
