Location: internet_11.png_Mean-Closing.png
Component: component_1755091163814_243.png
centerX: 0.24828698105602579
centerY: 0.8964927288280582
width: 0.04675534058847239
height: 0.023952095808383235
Area: 0.0005632771998468659
CentroidX: 0.2724
CentroidY: 0.9077
