Location: Dedata_6.png_Mean-Closing.png
Component: component_1755522877686_78.png
centerX: 0.8564516129032258
centerY: 0.18210316329438586
width: 0.039112903225806454
height: 0.025078369905956112
Area: 0.0005025096755807647
CentroidX: 0.8757
CentroidY: 0.1935
