Location: internet_11.png_Mean-Closing.png
Component: component_1755091163772_40.png
centerX: 0.018540910923014912
centerY: 0.1536926147704591
width: 0.04514308746473196
height: 0.032506415739948676
Area: 0.000684414553170391
CentroidX: 0.0412
CentroidY: 0.1688
