Location: Dedata_6.png_Mean-Closing.png
Component: component_1755522877715_206.png
centerX: 0.6294354838709677
centerY: 0.5477343972641778
width: 0.04112903225806452
height: 0.02336848104873183
Area: 0.0006066198439036946
CentroidX: 0.6505
CentroidY: 0.5591
