Location: internet_11.png_Mean-Closing.png
Component: component_1755091163801_188.png
centerX: 0.592503022974607
centerY: 0.6900484744796122
width: 0.04675534058847239
height: 0.03165098374679213
Area: 0.000584884241995654
CentroidX: 0.6156
CentroidY: 0.7049
