Location: internet_11.png_Mean-Closing.png
Component: component_1755091163774_51.png
centerX: 0.9403466344216042
centerY: 0.16424294268605646
width: 0.051592099959693674
height: 0.028229255774165955
Area: 0.0006828055181167578
CentroidX: 0.9659
CentroidY: 0.1763
