Location: internet_11.png_Otsu.png
Component: component_1755091163687_1086.png
centerX: 0.26803708182184605
centerY: 0.4853150841174793
width: 0.04796453043127771
height: 0.02566295979469632
Area: 0.0004946633479169375
CentroidX: 0.2931
CentroidY: 0.4966
