Location: Dedata_6.png_Gaussian-Median.png
Component: component_1755522877837_201.png
centerX: 0.6270161290322581
centerY: 0.5069820461669992
width: 0.04153225806451613
height: 0.02365346252493588
Area: 0.0005669752433833736
CentroidX: 0.6481
CentroidY: 0.5179
