Location: internet_11.png_Mean-Closing.png
Component: component_1755091163811_232.png
centerX: 0.9036678758565094
centerY: 0.8876532648987738
width: 0.049979846835953246
height: 0.02566295979469632
Area: 0.0005386819497413303
CentroidX: 0.9308
CentroidY: 0.8992
