Location: Dedata_6.png_Mean-Medain.png
Component: component_1755522877496_73.png
centerX: 0.597983870967742
centerY: 0.1555998860074095
width: 0.037096774193548385
height: 0.022798518096323737
Area: 0.0005375578006784398
CentroidX: 0.6167
CentroidY: 0.1665
