Location: Dedata_6.png_Otsu.png
Component: component_1755522877247_318.png
centerX: 0.760483870967742
centerY: 0.7141635793673411
width: 0.046370967741935484
height: 0.0219435736677116
Area: 0.0005215850485847453
CentroidX: 0.7853
CentroidY: 0.7240
