Location: Dedata_6.png_Mean-Closing.png
Component: component_1755522877712_194.png
centerX: 0.35766129032258065
centerY: 0.5158164719293246
width: 0.04879032258064516
height: 0.024223425477343973
Area: 0.000667523143253753
CentroidX: 0.3822
CentroidY: 0.5264
