Location: Dedata_6.png_Otsu.png
Component: component_1755522877184_6.png
centerX: 0.6596774193548387
centerY: 0.012539184952978056
width: 0.039112903225806454
height: 0.022798518096323737
Area: 0.00043517131063900203
CentroidX: 0.6806
CentroidY: 0.0224
