Location: internet_11.png_Gaussian-Closing.png
Component: component_1755091164212_216.png
centerX: 0.747279322853688
centerY: 0.7935557456515541
width: 0.05239822652156389
height: 0.02480752780153978
Area: 0.0005504049194178006
CentroidX: 0.7737
CentroidY: 0.8046
