Location: internet_11.png_Gaussian-Median.png
Component: component_1755091164073_233.png
centerX: 0.6835953244659412
centerY: 0.5876817792985458
width: 0.04312777106005643
height: 0.031080695751354435
Area: 0.0005391416740423684
CentroidX: 0.7058
CentroidY: 0.6017
