Location: internet_11.png_Otsu.png
Component: component_1755091163712_1664.png
centerX: 0.01894397420395002
centerY: 0.9421157684630739
width: 0.036275695284159616
height: 0.02281151981750784
Area: 0.00042857797964271837
CentroidX: 0.0377
CentroidY: 0.9530
