Location: internet_11.png_Gaussian-Median.png
Component: component_1755091164036_147.png
centerX: 0.8694074969770254
centerY: 0.388366124893071
width: 0.04353083434099154
height: 0.030795551753635585
Area: 0.0005085700080233384
CentroidX: 0.8903
CentroidY: 0.4038
