Location: internet_11.png_Otsu.png
Component: component_1755091163690_1169.png
centerX: 0.2708585247883918
centerY: 0.5374964357000285
width: 0.049576783555018135
height: 0.029654975762760195
Area: 0.0005936190037153768
CentroidX: 0.2957
CentroidY: 0.5509
