Location: Dedata_6.png_Otsu.png
Component: component_1755522877209_146.png
centerX: 0.13548387096774195
centerY: 0.25876318039327445
width: 0.04112903225806452
height: 0.02108862923909946
Area: 0.0004543615955285487
CentroidX: 0.1574
CentroidY: 0.2680
