Location: internet_11.png_Mean-Closing.png
Component: component_1755091163794_158.png
centerX: 0.015316404675534058
centerY: 0.5437696036498432
width: 0.042724707779121324
height: 0.032506415739948676
Area: 0.0006323507760778323
CentroidX: 0.0368
CentroidY: 0.5581
