Location: internet_11.png_Gaussian-Closing.png
Component: component_1755091164167_37.png
centerX: 0.43409915356711004
centerY: 0.11063587111491303
width: 0.04877065699314793
height: 0.028514399771884802
Area: 0.0006824607248909792
CentroidX: 0.4589
CentroidY: 0.1229
