Location: internet_11.png_Mean-Closing.png
Component: component_1755091163793_150.png
centerX: 0.4429665457476824
centerY: 0.5332192757342458
width: 0.04917372027408303
height: 0.029940119760479042
Area: 0.0006321209139273132
CentroidX: 0.4678
CentroidY: 0.5467
