Location: Dedata_6.png_Mean-Medain.png
Component: component_1755522877499_82.png
centerX: 0.07782258064516129
centerY: 0.1775434596751211
width: 0.03306451612903226
height: 0.022798518096323737
Area: 0.0003921942654372627
CentroidX: 0.0947
CentroidY: 0.1878
