Location: internet_11.png_Mean-Closing.png
Component: component_1755091163795_161.png
centerX: 0.600161225312374
centerY: 0.5862560593099515
width: 0.04836759371221282
height: 0.03279155973766752
Area: 0.0006231562900570713
CentroidX: 0.6244
CentroidY: 0.5994
