Location: Dedata_6.png_Mean-Closing.png
Component: component_1755522877689_94.png
centerX: 0.7778225806451613
centerY: 0.23681960672556285
width: 0.0407258064516129
height: 0.02108862923909946
Area: 0.0005388218314196674
CentroidX: 0.7990
CentroidY: 0.2467
