Location: Dedata_6.png_Mean-Closing.png
Component: component_1755522877690_97.png
centerX: 0.5935483870967742
centerY: 0.24194927329723567
width: 0.038306451612903226
height: 0.0219435736677116
Area: 0.0004959596981034942
CentroidX: 0.6134
CentroidY: 0.2521
