Location: internet_11.png_Mean-Closing.png
Component: component_1755091163793_151.png
centerX: 0.6864167674324869
centerY: 0.5346449957228401
width: 0.045949214026602174
height: 0.028229255774165955
Area: 0.0006123527689826773
CentroidX: 0.7090
CentroidY: 0.5470
