Location: internet_11.png_Gaussian-Closing.png
Component: component_1755091164174_63.png
centerX: 0.6122531237404273
centerY: 0.21186199030510408
width: 0.055219669488109635
height: 0.03022526375819789
Area: 0.0006817711384394222
CentroidX: 0.6398
CentroidY: 0.2247
