Location: internet_11.png_Otsu.png
Component: component_1755091163697_1224.png
centerX: 0.08585247883917775
centerY: 0.6447105788423154
width: 0.046352277307537285
height: 0.02623324779013402
Area: 0.000489606380605519
CentroidX: 0.1097
CentroidY: 0.6561
