Location: internet_11.png_Gaussian-Closing.png
Component: component_1755091164217_238.png
centerX: 0.9036678758565094
centerY: 0.8876532648987738
width: 0.049979846835953246
height: 0.02566295979469632
Area: 0.0005074206972707433
CentroidX: 0.9307
CentroidY: 0.8994
