Location: internet_11.png_Gaussian-Median.png
Component: component_1755091163937_56.png
centerX: 0.2623941958887545
centerY: 0.11405759908753921
width: 0.05602579604997985
height: 0.02737382378100941
Area: 0.0006976316268252347
CentroidX: 0.2926
CentroidY: 0.1262
