Location: Dedata_6.png_Mean-Medain.png
Component: component_1755522877617_262.png
centerX: 0.9419354838709677
centerY: 0.7027643203191792
width: 0.042741935483870966
height: 0.026788258763180393
Area: 0.0006013338971676518
CentroidX: 0.9652
CentroidY: 0.7149
