Location: Dedata_6.png_Otsu.png
Component: component_1755522877220_207.png
centerX: 0.14516129032258066
centerY: 0.390424622399544
width: 0.037096774193548385
height: 0.0219435736677116
Area: 0.0005212403129280468
CentroidX: 0.1639
CentroidY: 0.4001
