Location: Dedata_6.png_Mean-Medain.png
Component: component_1755522877391_12.png
centerX: 0.4528225806451613
centerY: 0.01567398119122257
width: 0.04314516129032258
height: 0.024223425477343973
Area: 0.0005305481756589048
CentroidX: 0.4759
CentroidY: 0.0269
