Location: Kurtxevani_1764_page_10.png_Otsu.png
Component: component_1755610055953_1422.png
centerX: 0.2627831715210356
centerY: 0.5710944808231992
width: 0.027184466019417475
height: 0.010757717492984098
Area: 0.0002082822466630944
CentroidX: 0.2771
CentroidY: 0.5759
