Location: Dedata_6.png_Otsu.png
Component: component_1755522877210_152.png
centerX: 0.9451612903225807
centerY: 0.26959247648902823
width: 0.04395161290322581
height: 0.021658592191507554
Area: 0.0005152648948786071
CentroidX: 0.9676
CentroidY: 0.2785
