Location: Dedata_6.png_Gaussian-Median.png
Component: component_1755522877830_178.png
centerX: 0.14596774193548387
centerY: 0.43659162154459963
width: 0.04717741935483871
height: 0.022228555143915644
Area: 0.0005834076430193327
CentroidX: 0.1705
CentroidY: 0.4463
