Location: Dedata_6.png_Otsu.png
Component: component_1755522877213_174.png
centerX: 0.018145161290322582
centerY: 0.30777999430037045
width: 0.037096774193548385
height: 0.020233684810487318
Area: 0.0004104652552422802
CentroidX: 0.0367
CentroidY: 0.3167
