Location: Dedata_6.png_Mean-Medain.png
Component: component_1755522877495_70.png
centerX: 0.7278225806451613
centerY: 0.14904531205471644
width: 0.04153225806451613
height: 0.02080364776289541
Area: 0.0005007859972972724
CentroidX: 0.7492
CentroidY: 0.1580
