Location: Kurtxevani_1794_page_10.png_Mean-Medain.png
Component: component_1755610054711_677.png
centerX: 0.43132670952659263
centerY: 0.15645658880564126
width: 0.022793687901811806
height: 0.010577346848832084
Area: 0.00015557952212874
CentroidX: 0.4432
CentroidY: 0.1612
