Location: Dedata_6.png_Mean-Closing.png
Component: component_1755522877716_209.png
centerX: 0.4883064516129032
centerY: 0.5571387859789114
width: 0.044758064516129036
height: 0.022798518096323737
Area: 0.0006405188501457082
CentroidX: 0.5109
CentroidY: 0.5675
