Location: Dedata_6.png_Mean-Medain.png
Component: component_1755522877562_154.png
centerX: 0.46088709677419354
centerY: 0.3776004559703619
width: 0.039919354838709675
height: 0.022513536620119692
Area: 0.000604551429963504
CentroidX: 0.4803
CentroidY: 0.3875
