Location: Dedata_6.png_Otsu.png
Component: component_1755522877237_279.png
centerX: 0.36088709677419356
centerY: 0.6024508406953548
width: 0.042741935483870966
height: 0.024508406953548018
Area: 0.0005799602864523483
CentroidX: 0.3833
CentroidY: 0.6144
