Location: Dedata_6.png_Mean-Medain.png
Component: component_1755522877590_216.png
centerX: 0.4883064516129032
centerY: 0.5571387859789114
width: 0.044758064516129036
height: 0.023083499572527786
Area: 0.0006405188501457082
CentroidX: 0.5109
CentroidY: 0.5675
