Location: Kurtxevani_1794_page_10.png_Mean-Medain.png
Component: component_1755610055050_2120.png
centerX: 0.46931618936294567
centerY: 0.6676950198325253
width: 0.03272939801285798
height: 0.013221683561040106
Area: 0.0002606729741627233
CentroidX: 0.4862
CentroidY: 0.6737
