Location: Dedata_6.png_Mean-Medain.png
Component: component_1755522877588_209.png
centerX: 0.8705645161290323
centerY: 0.536905101168424
width: 0.04395161290322581
height: 0.02707324023938444
Area: 0.0006946423482473639
CentroidX: 0.8931
CentroidY: 0.5498
