Location: internet_11.png_Gaussian-Median.png
Component: component_1755091164036_148.png
centerX: 0.7049576783555018
centerY: 0.3889364128885087
width: 0.04675534058847239
height: 0.03051040775591674
Area: 0.0005258096693122651
CentroidX: 0.7277
CentroidY: 0.4026
