Location: Dedata_6.png_Gaussian-Median.png
Component: component_1755522877829_175.png
centerX: 0.3375
centerY: 0.42576232544884585
width: 0.04233870967741935
height: 0.022798518096323737
Area: 0.000600644425854255
CentroidX: 0.3594
CentroidY: 0.4369
