Location: internet_11.png_Gaussian-Closing.png
Component: component_1755091164214_228.png
centerX: 0.8258766626360339
centerY: 0.8377530652979754
width: 0.045949214026602174
height: 0.023952095808383235
Area: 0.0004892615873797404
CentroidX: 0.8488
CentroidY: 0.8484
