Location: internet_11.png_Mean-Closing.png
Component: component_1755091163801_189.png
centerX: 0.505844417573559
centerY: 0.6906187624750499
width: 0.04554615074566707
height: 0.031936127744510975
Area: 0.0006378674676902888
CentroidX: 0.5286
CentroidY: 0.7046
