Location: Kurtxevani_1794_page_10.png_Mean-Medain.png
Component: component_1755610054917_1345.png
centerX: 0.18176504967855056
centerY: 0.3838695460555311
width: 0.022793687901811806
height: 0.010136624063464082
Area: 0.00016356456382740048
CentroidX: 0.1939
CentroidY: 0.3883
