Location: internet_11.png_Gaussian-Closing.png
Component: component_1755091164175_65.png
centerX: 0.5255945183393793
centerY: 0.21385799828913601
width: 0.049979846835953246
height: 0.028229255774165955
Area: 0.0006170649430683172
CentroidX: 0.5506
CentroidY: 0.2264
