Location: Dedata_6.png_Gaussian-Median.png
Component: component_1755522877797_80.png
centerX: 0.1431451612903226
centerY: 0.1744086634368766
width: 0.038306451612903226
height: 0.025078369905956112
Area: 0.0004941211079344358
CentroidX: 0.1636
CentroidY: 0.1862
