Location: Dedata_6.png_Gaussian-Median.png
Component: component_1755522877792_55.png
centerX: 0.5415322580645161
centerY: 0.12453690510116842
width: 0.03870967741935484
height: 0.018238814477058992
Area: 0.000376106601458002
CentroidX: 0.5611
CentroidY: 0.1324
