Location: internet_11.png_Gaussian-Closing.png
Component: component_1755091164221_254.png
centerX: 0.2523176138653769
centerY: 0.9458226404334189
width: 0.041112454655380895
height: 0.02594810379241517
Area: 0.00048523899974565755
CentroidX: 0.2738
CentroidY: 0.9590
