Location: internet_11.png_Gaussian-Median.png
Component: component_1755091164082_260.png
centerX: 0.7625957275292221
centerY: 0.6880524664955803
width: 0.05199516324062878
height: 0.03507271171941831
Area: 0.0006277535330674518
CentroidX: 0.7881
CentroidY: 0.7028
