Location: Dedata_6.png_Otsu.png
Component: component_1755522877213_173.png
centerX: 0.07862903225806452
centerY: 0.30635508691935026
width: 0.0375
height: 0.0219435736677116
Area: 0.0004245994171669164
CentroidX: 0.0977
CentroidY: 0.3166
