Location: internet_11.png_Gaussian-Closing.png
Component: component_1755091164177_72.png
centerX: 0.44054816606207176
centerY: 0.25434844596521244
width: 0.049576783555018135
height: 0.0290846877673225
Area: 0.0006230413589818118
CentroidX: 0.4662
CentroidY: 0.2673
