Location: internet_11.png_Mean-Closing.png
Component: component_1755091163800_181.png
centerX: 0.013301088270858524
centerY: 0.6427145708582834
width: 0.045949214026602174
height: 0.029369831765041345
Area: 0.0005516691612456551
CentroidX: 0.0369
CentroidY: 0.6556
