Location: internet_11.png_Mean-Closing.png
Component: component_1755091163777_66.png
centerX: 0.35268037081821846
centerY: 0.25263758197889935
width: 0.04877065699314793
height: 0.03450242372398061
Area: 0.0006765992400527441
CentroidX: 0.3771
CentroidY: 0.2689
