Location: Dedata_6.png_Mean-Medain.png
Component: component_1755522877498_79.png
centerX: 0.21169354838709678
centerY: 0.17412368196067254
width: 0.0407258064516129
height: 0.02365346252493588
Area: 0.0005404305978175934
CentroidX: 0.2325
CentroidY: 0.1850
