Location: internet_11.png_Gaussian-Closing.png
Component: component_1755091164222_259.png
centerX: 0.40870616686819833
centerY: 0.9486740804106074
width: 0.04353083434099154
height: 0.027944111776447105
Area: 0.0005374177079134758
CentroidX: 0.4308
CentroidY: 0.9620
