Location: internet_11.png_Mean-Closing.png
Component: component_1755091163806_215.png
centerX: 0.015316404675534058
centerY: 0.7964071856287425
width: 0.04232164449818621
height: 0.022241231822070145
Area: 0.0004838598268425434
CentroidX: 0.0367
CentroidY: 0.8069
