Location: Dedata_6.png_Gaussian-Median.png
Component: component_1755522877841_220.png
centerX: 0.3504032258064516
centerY: 0.5614135081219721
width: 0.04314516129032258
height: 0.024223425477343973
Area: 0.0005881190303275448
CentroidX: 0.3722
CentroidY: 0.5728
