Location: internet_11.png_Mean-Closing.png
Component: component_1755091163769_27.png
centerX: 0.8492543329302701
centerY: 0.10550327915597377
width: 0.04312777106005643
height: 0.0290846877673225
Area: 0.0006226965657560332
CentroidX: 0.8706
CentroidY: 0.1188
