Location: Dedata_6.png_Mean-Medain.png
Component: component_1755522877529_95.png
centerX: 0.014919354838709677
centerY: 0.21601595896266743
width: 0.039919354838709675
height: 0.019948703334283273
Area: 0.0004941211079344358
CentroidX: 0.0354
CentroidY: 0.2253
