Location: Dedata_6.png_Mean-Medain.png
Component: component_1755522877602_236.png
centerX: 0.9282258064516129
centerY: 0.6186947848389854
width: 0.05040322580645161
height: 0.02536335138216016
Area: 0.0007132580737090799
CentroidX: 0.9546
CentroidY: 0.6301
