Location: Dedata_6.png_Gaussian-Median.png
Component: component_1755522877822_157.png
centerX: 0.46088709677419354
centerY: 0.3776004559703619
width: 0.039919354838709675
height: 0.022513536620119692
Area: 0.0005684690978957336
CentroidX: 0.4803
CentroidY: 0.3875
