Location: internet_11.png_Gaussian-Median.png
Component: component_1755091163980_90.png
centerX: 0.17896009673518742
centerY: 0.25320786997433703
width: 0.049576783555018135
height: 0.02594810379241517
Area: 0.0005666102010293916
CentroidX: 0.2046
CentroidY: 0.2646
