Location: Dedata_6.png_Mean-Medain.png
Component: component_1755522877589_212.png
centerX: 0.692741935483871
centerY: 0.5434596751211171
width: 0.043548387096774194
height: 0.024793388429752067
Area: 0.0006058154607047316
CentroidX: 0.7148
CentroidY: 0.5547
