Location: Dedata_6.png_Gaussian-Median.png
Component: component_1755522877784_18.png
centerX: 0.9346774193548387
centerY: 0.047021943573667714
width: 0.039919354838709675
height: 0.022798518096323737
Area: 0.00046470366522950203
CentroidX: 0.9556
CentroidY: 0.0575
