Location: internet_11.png_Gaussian-Closing.png
Component: component_1755091164162_23.png
centerX: 0.7976622329705764
centerY: 0.05902480752780154
width: 0.039500201531640466
height: 0.02623324779013402
Area: 0.0004738608232949659
CentroidX: 0.8210
CentroidY: 0.0709
