Location: Dedata_6.png_Mean-Closing.png
Component: component_1755522877718_220.png
centerX: 0.6975806451612904
centerY: 0.58592191507552
width: 0.045564516129032256
height: 0.01937874038187518
Area: 0.000582028700392539
CentroidX: 0.7215
CentroidY: 0.5949
