Location: internet_11.png_Gaussian-Closing.png
Component: component_1755091164213_221.png
centerX: 0.015316404675534058
centerY: 0.7964071856287425
width: 0.04191858121725111
height: 0.022241231822070145
Area: 0.00045765554168337476
CentroidX: 0.0369
CentroidY: 0.8069
