Location: internet_11.png_Gaussian-Median.png
Component: component_1755091164097_312.png
centerX: 0.014107214832728738
centerY: 0.8386084972911321
width: 0.03990326481257558
height: 0.025092671799258625
Area: 0.0005083401458728194
CentroidX: 0.0345
CentroidY: 0.8499
