Location: internet_11.png_Otsu.png
Component: component_1755091163710_1599.png
centerX: 0.01894397420395002
centerY: 0.8919304248645566
width: 0.042724707779121324
height: 0.02566295979469632
Area: 0.00044846105566261383
CentroidX: 0.0406
CentroidY: 0.9037
