Location: Dedata_6.png_Otsu.png
Component: component_1755522877242_301.png
centerX: 0.15120967741935484
centerY: 0.6640068395554289
width: 0.04233870967741935
height: 0.025648332858364205
Area: 0.0005906470918100001
CentroidX: 0.1732
CentroidY: 0.6762
