Location: internet_11.png_Gaussian-Median.png
Component: component_1755091164079_251.png
centerX: 0.25675130995566303
centerY: 0.6421442828628457
width: 0.05441354292623942
height: 0.027944111776447105
Area: 0.000569828271136658
CentroidX: 0.2836
CentroidY: 0.6544
