Location: internet_11.png_Gaussian-Median.png
Component: component_1755091163872_30.png
centerX: 0.09592906086255543
centerY: 0.0575990875392073
width: 0.05239822652156389
height: 0.0290846877673225
Area: 0.0005631622687716063
CentroidX: 0.1249
CentroidY: 0.0705
