Location: Dedata_6.png_Mean-Medain.png
Component: component_1755522877574_174.png
centerX: 0.21653225806451612
centerY: 0.4314619549729268
width: 0.04395161290322581
height: 0.022798518096323737
Area: 0.0006177662968036109
CentroidX: 0.2393
CentroidY: 0.4419
