Location: Dedata_6.png_Mean-Closing.png
Component: component_1755522877727_259.png
centerX: 0.8237903225806451
centerY: 0.7090339127956683
width: 0.04516129032258064
height: 0.024508406953548018
Area: 0.0005813392290791421
CentroidX: 0.8476
CentroidY: 0.7201
