Location: Dedata_6.png_Otsu.png
Component: component_1755522877228_240.png
centerX: 0.025
centerY: 0.48389854659447135
width: 0.042741935483870966
height: 0.021373610715303505
Area: 0.000555598966712325
CentroidX: 0.0469
CentroidY: 0.4936
