Location: Dedata_6.png_Gaussian-Median.png
Component: component_1755522877812_130.png
centerX: 0.13306451612903225
centerY: 0.3037902536335138
width: 0.03790322580645161
height: 0.02108862923909946
Area: 0.0004922825177653775
CentroidX: 0.1522
CentroidY: 0.3139
