Location: Dedata_6.png_Otsu.png
Component: component_1755522877183_4.png
centerX: 0.8032258064516129
centerY: 0.011114277571957822
width: 0.0407258064516129
height: 0.022228555143915644
Area: 0.0004347116630967374
CentroidX: 0.8237
CentroidY: 0.0207
