Location: internet_11.png_Otsu.png
Component: component_1755091163688_1090.png
centerX: 0.021362353889560662
centerY: 0.4924436840604505
width: 0.03788794840790004
height: 0.029654975762760195
Area: 0.00022216176847663572
CentroidX: 0.0467
CentroidY: 0.5052
