Location: Dedata_6.png_Otsu.png
Component: component_1755522877244_307.png
centerX: 0.5
centerY: 0.6876603020803648
width: 0.04596774193548387
height: 0.0262182958107723
Area: 0.0006354627271807977
CentroidX: 0.5241
CentroidY: 0.6996
