Location: Dedata_6.png_Mean-Closing.png
Component: component_1755522877691_103.png
centerX: 0.20524193548387096
centerY: 0.25591336563123396
width: 0.035483870967741936
height: 0.022798518096323737
Area: 0.0005381323601062705
CentroidX: 0.2223
CentroidY: 0.2667
