Location: internet_11.png_Otsu.png
Component: component_1755091163671_261.png
centerX: 0.18903667875856509
centerY: 0.30196749358426006
width: 0.05441354292623942
height: 0.03421727972626176
Area: 0.000535234017483545
CentroidX: 0.2179
CentroidY: 0.3174
