Location: Dedata_6.png_Mean-Medain.png
Component: component_1755522877466_48.png
centerX: 0.02056451612903226
centerY: 0.09774864633798803
width: 0.036290322580645164
height: 0.024793388429752067
Area: 0.000501245644839537
CentroidX: 0.0400
CentroidY: 0.1090
