Location: internet_11.png_Gaussian-Closing.png
Component: component_1755091164209_202.png
centerX: 0.7589681580008061
centerY: 0.7456515540347876
width: 0.0475614671503426
height: 0.02737382378100941
Area: 0.0004709875464134781
CentroidX: 0.7831
CentroidY: 0.7571
