Location: internet_11.png_Gaussian-Closing.png
Component: component_1755091164187_112.png
centerX: 0.8694074969770254
centerY: 0.388366124893071
width: 0.04353083434099154
height: 0.03051040775591674
Area: 0.0004965022451210897
CentroidX: 0.8903
CentroidY: 0.4036
