Location: Dedata_6.png_Gaussian-Median.png
Component: component_1755522877791_48.png
centerX: 0.02056451612903226
centerY: 0.09774864633798803
width: 0.03588709677419355
height: 0.024793388429752067
Area: 0.000453787036100718
CentroidX: 0.0403
CentroidY: 0.1091
