Location: Dedata_6.png_Gaussian-Median.png
Component: component_1755522877785_23.png
centerX: 0.2879032258064516
centerY: 0.053576517526360785
width: 0.04596774193548387
height: 0.024508406953548018
Area: 0.0005073359747745429
CentroidX: 0.3117
CentroidY: 0.0641
