Location: Kurtxevani_1794_page_10.png_Mean-Medain.png
Component: component_1755610054884_1125.png
centerX: 0.8170660432495617
centerY: 0.3080652269722345
width: 0.025131502045587374
height: 0.010577346848832084
Area: 0.0001926713287289694
CentroidX: 0.8302
CentroidY: 0.3127
