Location: Dedata_6.png_Mean-Closing.png
Component: component_1755522877683_64.png
centerX: 0.7959677419354839
centerY: 0.14619549729267597
width: 0.0375
height: 0.022228555143915644
Area: 0.0004999816140983095
CentroidX: 0.8148
CentroidY: 0.1556
