Location: internet_11.png_Gaussian-Median.png
Component: component_1755091164045_172.png
centerX: 0.9375251914550584
centerY: 0.42971200456230396
width: 0.04836759371221282
height: 0.023666951810664385
Area: 0.0004307616700726491
CentroidX: 0.9676
CentroidY: 0.4399
