Location: Dedata_6.png_Gaussian-Median.png
Component: component_1755522877818_144.png
centerX: 0.26895161290322583
centerY: 0.34368766030208037
width: 0.04112903225806452
height: 0.023083499572527786
Area: 0.0005855909688450895
CentroidX: 0.2895
CentroidY: 0.3537
