Location: Dedata_6.png_Mean-Medain.png
Component: component_1755522877547_130.png
centerX: 0.9451612903225807
centerY: 0.3163294385864919
width: 0.04314516129032258
height: 0.023938444001139925
Area: 0.0006217882127984262
CentroidX: 0.9668
CentroidY: 0.3275
