Location: internet_11.png_Mean-Closing.png
Component: component_1755091163804_204.png
centerX: 0.01652559451833938
centerY: 0.7476475620188195
width: 0.039500201531640466
height: 0.03022526375819789
Area: 0.0005785630328563808
CentroidX: 0.0374
CentroidY: 0.7613
