Location: Dedata_6.png_Mean-Closing.png
Component: component_1755522877688_89.png
centerX: 0.014919354838709677
centerY: 0.21601595896266743
width: 0.039919354838709675
height: 0.019948703334283273
Area: 0.0004933167247354729
CentroidX: 0.0353
CentroidY: 0.2253
