Location: internet_11.png_Gaussian-Closing.png
Component: component_1755091164207_194.png
centerX: 0.16444981862152358
centerY: 0.6946107784431138
width: 0.04312777106005643
height: 0.029369831765041345
Area: 0.000539946191569185
CentroidX: 0.1858
CentroidY: 0.7076
