Location: Dedata_6.png_Mean-Closing.png
Component: component_1755522877722_239.png
centerX: 0.28508064516129034
centerY: 0.658307210031348
width: 0.055645161290322584
height: 0.026788258763180393
Area: 0.0007618658013035604
CentroidX: 0.3127
CentroidY: 0.6702
