Location: internet_11.png_Gaussian-Median.png
Component: component_1755091164095_303.png
centerX: 0.1664651350261991
centerY: 0.7972626176218991
width: 0.0471584038694075
height: 0.02623324779013402
Area: 0.0005279933597421958
CentroidX: 0.1908
CentroidY: 0.8093
