Location: internet_11.png_Otsu.png
Component: component_1755091163673_269.png
centerX: 0.5243853284965739
centerY: 0.30424864556601083
width: 0.060056428859330914
height: 0.03307670373538637
Area: 0.0004840896889930624
CentroidX: 0.5566
CentroidY: 0.3186
