Location: internet_11.png_Gaussian-Median.png
Component: component_1755091164100_316.png
centerX: 0.24506247480854493
centerY: 0.8420302252637581
width: 0.05199516324062878
height: 0.02623324779013402
Area: 0.0005637369241479038
CentroidX: 0.2719
CentroidY: 0.8534
