Location: internet_11.png_Gaussian-Median.png
Component: component_1755091164075_235.png
centerX: 0.26440951229343007
centerY: 0.5911035072711719
width: 0.045949214026602174
height: 0.03022526375819789
Area: 0.0005620129580190112
CentroidX: 0.2878
CentroidY: 0.6042
