Location: Dedata_6.png_Mean-Medain.png
Component: component_1755522877548_135.png
centerX: 0.6536290322580646
centerY: 0.3257338273012254
width: 0.039919354838709675
height: 0.023938444001139925
Area: 0.0006100672004706791
CentroidX: 0.6746
CentroidY: 0.3370
