Location: internet_11.png_Gaussian-Median.png
Component: component_1755091164104_334.png
centerX: 0.2478839177750907
centerY: 0.8964927288280582
width: 0.0471584038694075
height: 0.02423723980610208
Area: 0.0005386819497413303
CentroidX: 0.2723
CentroidY: 0.9077
