Location: Dedata_6.png_Mean-Medain.png
Component: component_1755522877596_230.png
centerX: 0.42782258064516127
centerY: 0.5981761185522941
width: 0.046370967741935484
height: 0.025648332858364205
Area: 0.0006837257191185798
CentroidX: 0.4518
CentroidY: 0.6099
