Location: Kurtxevani_1764_page_10.png_Otsu.png
Component: component_1755610055908_1064.png
centerX: 0.3948220064724919
centerY: 0.3891487371375117
width: 0.025889967637540454
height: 0.009822263797942002
Area: 0.00016589923135374378
CentroidX: 0.4080
CentroidY: 0.3936
