Location: Dedata_6.png_Otsu.png
Component: component_1755522877203_108.png
centerX: 0.8564516129032258
centerY: 0.1823881447705899
width: 0.03870967741935484
height: 0.024508406953548018
Area: 0.0004144871712370954
CentroidX: 0.8762
CentroidY: 0.1933
