Location: Dedata_6.png_Otsu.png
Component: component_1755522877206_126.png
centerX: 0.9153225806451613
centerY: 0.22513536620119692
width: 0.031451612903225803
height: 0.018238814477058992
Area: 0.00027682273232885026
CentroidX: 0.9339
CentroidY: 0.2334
