Location: Dedata_6.png_Mean-Medain.png
Component: component_1755522877339_8.png
centerX: 0.9350806451612903
centerY: 0.012254203476774009
width: 0.04838709677419355
height: 0.022513536620119692
Area: 0.0005552542310556266
CentroidX: 0.9610
CentroidY: 0.0219
