Location: Dedata_6.png_Gaussian-Median.png
Component: component_1755522877789_42.png
centerX: 0.4173387096774194
centerY: 0.09204901681390709
width: 0.03467741935483871
height: 0.021658592191507554
Area: 0.0003625469989611966
CentroidX: 0.4364
CentroidY: 0.1024
