Location: Dedata_6.png_Otsu.png
Component: component_1755522877186_12.png
centerX: 0.2467741935483871
centerY: 0.016813907096038756
width: 0.04112903225806452
height: 0.02336848104873183
Area: 0.0004349414868678697
CentroidX: 0.2687
CentroidY: 0.0282
