Location: internet_11.png_Otsu.png
Component: component_1755091163675_503.png
centerX: 0.445384925433293
centerY: 0.34901625320787
width: 0.046352277307537285
height: 0.03222127174222983
Area: 0.0004026035566340688
CentroidX: 0.4688
CentroidY: 0.3613
