Location: Dedata_6.png_Otsu.png
Component: component_1755522877239_286.png
centerX: 0.8572580645161291
centerY: 0.6215445996010259
width: 0.05161290322580645
height: 0.028498147620404674
Area: 0.0006626968440599749
CentroidX: 0.8838
CentroidY: 0.6339
