Location: internet_11.png_Gaussian-Median.png
Component: component_1755091164077_244.png
centerX: 0.7613865376864167
centerY: 0.637867122897063
width: 0.03990326481257558
height: 0.027944111776447105
Area: 0.0005058116622171101
CentroidX: 0.7812
CentroidY: 0.6510
