Location: Dedata_6.png_Mean-Medain.png
Component: component_1755522877578_185.png
centerX: 0.4713709677419355
centerY: 0.46736962097463663
width: 0.03951612903225806
height: 0.02336848104873183
Area: 0.00060765405087379
CentroidX: 0.4919
CentroidY: 0.4785
