Location: internet_11.png_Mean-Closing.png
Component: component_1755091163788_123.png
centerX: 0.7875856509471987
centerY: 0.42971200456230396
width: 0.05239822652156389
height: 0.03022526375819789
Area: 0.0006480963333883853
CentroidX: 0.8145
CentroidY: 0.4424
