Location: Dedata_6.png_Otsu.png
Component: component_1755522877217_195.png
centerX: 0.8290322580645161
centerY: 0.36449130806497576
width: 0.04314516129032258
height: 0.022798518096323737
Area: 0.000568813833552432
CentroidX: 0.8515
CentroidY: 0.3748
