Location: internet_11.png_Gaussian-Median.png
Component: component_1755091164094_296.png
centerX: 0.41193067311567916
centerY: 0.7921300256629598
width: 0.04836759371221282
height: 0.029369831765041345
Area: 0.0005276485665164172
CentroidX: 0.4384
CentroidY: 0.8054
