Location: internet_11.png_Otsu.png
Component: component_1755091163700_1406.png
centerX: 0.41717049576783555
centerY: 0.7436555460507557
width: 0.044740024183796856
height: 0.029369831765041345
Area: 0.00042041787329929304
CentroidX: 0.4385
CentroidY: 0.7559
