Location: internet_11.png_Mean-Closing.png
Component: component_1755091163811_234.png
centerX: 0.7412333736396615
centerY: 0.8910749928714
width: 0.04917372027408303
height: 0.029654975762760195
Area: 0.0006867131746755812
CentroidX: 0.7652
CentroidY: 0.9049
