Location: Dedata_6.png_Otsu.png
Component: component_1755522877203_106.png
centerX: 0.9193548387096774
centerY: 0.18039327443716158
width: 0.0407258064516129
height: 0.020233684810487318
Area: 0.00036852241701063623
CentroidX: 0.9416
CentroidY: 0.1891
