Location: Dedata_6.png_Mean-Medain.png
Component: component_1755522877558_146.png
centerX: 0.9475806451612904
centerY: 0.36249643773154744
width: 0.039919354838709675
height: 0.022228555143915644
Area: 0.0005963926860883075
CentroidX: 0.9679
CentroidY: 0.3729
