Location: internet_11.png_Mean-Closing.png
Component: component_1755091163790_134.png
centerX: 0.09391374445787988
centerY: 0.44026233247790136
width: 0.04675534058847239
height: 0.03136583974907328
Area: 0.0006114333203806012
CentroidX: 0.1180
CentroidY: 0.4543
