Location: Dedata_6.png_Mean-Closing.png
Component: component_1755522877722_238.png
centerX: 0.3556451612903226
centerY: 0.6537475064120832
width: 0.05443548387096774
height: 0.02792818466799658
Area: 0.0007453184897820352
CentroidX: 0.3839
CentroidY: 0.6662
