Location: internet_11.png_Otsu.png
Component: component_1755091163657_125.png
centerX: 0.7976622329705764
centerY: 0.05930995152552039
width: 0.039500201531640466
height: 0.02594810379241517
Area: 0.0004589197835112294
CentroidX: 0.8209
CentroidY: 0.0709
