Location: internet_11.png_Otsu.png
Component: component_1755091163663_165.png
centerX: 0.7049576783555018
centerY: 0.15768463073852296
width: 0.04796453043127771
height: 0.02765896777872826
Area: 0.0005884471053286989
CentroidX: 0.7293
CentroidY: 0.1706
