Location: internet_11.png_Gaussian-Median.png
Component: component_1755091164060_216.png
centerX: 0.7694478033051189
centerY: 0.5323638437410892
width: 0.04554615074566707
height: 0.027944111776447105
Area: 0.0005669549942551702
CentroidX: 0.7928
CentroidY: 0.5445
