Location: internet_11.png_Otsu.png
Component: component_1755091163710_1602.png
centerX: 0.6577992744860943
centerY: 0.8925007128599943
width: 0.04554615074566707
height: 0.02594810379241517
Area: 0.00044800133136157583
CentroidX: 0.6803
CentroidY: 0.9044
