Location: Dedata_6.png_Gaussian-Median.png
Component: component_1755522877782_11.png
centerX: 0.3133064516129032
centerY: 0.015104018238814477
width: 0.04879032258064516
height: 0.024223425477343973
Area: 0.0005526112576876051
CentroidX: 0.3407
CentroidY: 0.0262
