Location: internet_11.png_Mean-Closing.png
Component: component_1755091163807_220.png
centerX: 0.7420395002015316
centerY: 0.8380382092956943
width: 0.045949214026602174
height: 0.025092671799258625
Area: 0.0005140866996357949
CentroidX: 0.7657
CentroidY: 0.8495
