Location: Dedata_6.png_Otsu.png
Component: component_1755522877190_30.png
centerX: 0.225
centerY: 0.05500142490738102
width: 0.03790322580645161
height: 0.019948703334283273
Area: 0.0003910451465816012
CentroidX: 0.2443
CentroidY: 0.0637
