Location: Dedata_6.png_Mean-Medain.png
Component: component_1755522877527_93.png
centerX: 0.20524193548387096
centerY: 0.2140210886292391
width: 0.04153225806451613
height: 0.021658592191507554
Area: 0.000563412974930823
CentroidX: 0.2263
CentroidY: 0.2238
