Location: Dedata_6.png_Mean-Medain.png
Component: component_1755522877473_51.png
centerX: 0.8596774193548387
centerY: 0.10886292390994586
width: 0.04233870967741935
height: 0.019948703334283273
Area: 0.00042115206059993197
CentroidX: 0.8810
CentroidY: 0.1178
