Location: Dedata_6.png_Otsu.png
Component: component_1755522877204_116.png
centerX: 0.4814516129032258
centerY: 0.20262182958107722
width: 0.03508064516129032
height: 0.020518666286691366
Area: 0.00041873891100304285
CentroidX: 0.4989
CentroidY: 0.2122
