Location: Dedata_6.png_Mean-Closing.png
Component: component_1755522877677_41.png
centerX: 0.28346774193548385
centerY: 0.09546879452835566
width: 0.039112903225806454
height: 0.021373610715303505
Area: 0.0004828597431489534
CentroidX: 0.3034
CentroidY: 0.1049
