Location: internet_11.png_Mean-Closing.png
Component: component_1755091163790_136.png
centerX: 0.9387343812978638
centerY: 0.4759053321927573
width: 0.04675534058847239
height: 0.031080695751354435
Area: 0.0006446484011305999
CentroidX: 0.9630
CentroidY: 0.4898
