Location: Dedata_6.png_Gaussian-Median.png
Component: component_1755522877857_280.png
centerX: 0.22862903225806452
centerY: 0.7463664861783984
width: 0.044758064516129036
height: 0.024793388429752067
Area: 0.000567319979040072
CentroidX: 0.2519
CentroidY: 0.7583
