Location: internet_11.png_Mean-Closing.png
Component: component_1755091163781_87.png
centerX: 0.3567110036275695
centerY: 0.30367835757057315
width: 0.04514308746473196
height: 0.028229255774165955
Area: 0.0005770689288780072
CentroidX: 0.3815
CentroidY: 0.3175
