Location: internet_11.png_Gaussian-Closing.png
Component: component_1755091164212_218.png
centerX: 0.6606207174526401
centerY: 0.7941260336469917
width: 0.05280128980249899
height: 0.02480752780153978
Area: 0.0005670699253304297
CentroidX: 0.6877
CentroidY: 0.8053
