Location: internet_11.png_Otsu.png
Component: component_1755091163670_229.png
centerX: 0.7867795243853285
centerY: 0.2549187339606501
width: 0.0475614671503426
height: 0.029369831765041345
Area: 0.0005266141868390817
CentroidX: 0.8122
CentroidY: 0.2691
