Location: Dedata_6.png_Mean-Medain.png
Component: component_1755522877539_114.png
centerX: 0.9443548387096774
centerY: 0.2693074950128242
width: 0.045564516129032256
height: 0.0219435736677116
Area: 0.0005798453745667822
CentroidX: 0.9675
CentroidY: 0.2785
