Location: Dedata_6.png_Mean-Medain.png
Component: component_1755522877590_215.png
centerX: 0.4181451612903226
centerY: 0.5568538045027073
width: 0.04516129032258064
height: 0.024793388429752067
Area: 0.0006443109423693911
CentroidX: 0.4421
CentroidY: 0.5686
