Location: Dedata_6.png_Otsu.png
Component: component_1755522877186_11.png
centerX: 0.4532258064516129
centerY: 0.015958962667426618
width: 0.041935483870967745
height: 0.023938444001139925
Area: 0.0004375844602358911
CentroidX: 0.4761
CentroidY: 0.0268
