Location: Dedata_6.png_Gaussian-Median.png
Component: component_1755522877833_188.png
centerX: 0.4717741935483871
centerY: 0.46736962097463663
width: 0.039112903225806454
height: 0.02336848104873183
Area: 0.000571916454462718
CentroidX: 0.4919
CentroidY: 0.4785
