Location: internet_11.png_Otsu.png
Component: component_1755091163707_1546.png
centerX: 0.014107214832728738
centerY: 0.8388936412888509
width: 0.03990326481257558
height: 0.024522383803820928
Area: 0.0004477714692110568
CentroidX: 0.0341
CentroidY: 0.8499
