Location: Dedata_6.png_Mean-Closing.png
Component: component_1755522877716_211.png
centerX: 0.28951612903225804
centerY: 0.5648332858364207
width: 0.041935483870967745
height: 0.02365346252493588
Area: 0.0006376460530065546
CentroidX: 0.3099
CentroidY: 0.5763
