Location: internet_11.png_Gaussian-Closing.png
Component: component_1755091164216_233.png
centerX: 0.24546553808948005
centerY: 0.8420302252637581
width: 0.051592099959693674
height: 0.02623324779013402
Area: 0.0005593695432880425
CentroidX: 0.2718
CentroidY: 0.8533
