Location: internet_11.png_Mean-Closing.png
Component: component_1755091163769_23.png
centerX: 0.2656187021362354
centerY: 0.05930995152552039
width: 0.04554615074566707
height: 0.023381807812945538
Area: 0.0005939637969411554
CentroidX: 0.2899
CentroidY: 0.0701
