Location: Dedata_6.png_Mean-Closing.png
Component: component_1755522877678_43.png
centerX: 0.15524193548387097
centerY: 0.09717868338557993
width: 0.03790322580645161
height: 0.0219435736677116
Area: 0.0004755053824727199
CentroidX: 0.1749
CentroidY: 0.1070
