Location: internet_11.png_Gaussian-Median.png
Component: component_1755091164071_231.png
centerX: 0.7634018540910923
centerY: 0.5868263473053892
width: 0.05199516324062878
height: 0.02737382378100941
Area: 0.0005575306460838903
CentroidX: 0.7904
CentroidY: 0.5985
