Location: internet_11.png_Otsu.png
Component: component_1755091163703_1417.png
centerX: 0.08625554212011285
centerY: 0.7485029940119761
width: 0.05239822652156389
height: 0.02737382378100941
Area: 0.0004858136551219551
CentroidX: 0.1138
CentroidY: 0.7610
