Location: internet_11.png_Otsu.png
Component: component_1755091163701_1409.png
centerX: 0.7589681580008061
centerY: 0.7456515540347876
width: 0.0475614671503426
height: 0.02737382378100941
Area: 0.0003589297480354544
CentroidX: 0.7825
CentroidY: 0.7564
