Location: Dedata_6.png_Otsu.png
Component: component_1755522877236_271.png
centerX: 0.894758064516129
centerY: 0.5782274152180108
width: 0.045564516129032256
height: 0.021373610715303505
Area: 0.0005808795815368775
CentroidX: 0.9182
CentroidY: 0.5880
