Location: Dedata_6.png_Gaussian-Median.png
Component: component_1755522877794_64.png
centerX: 0.15725806451612903
centerY: 0.13707609005414648
width: 0.03669354838709677
height: 0.02080364776289541
Area: 0.0003970205646310409
CentroidX: 0.1764
CentroidY: 0.1465
