Location: Dedata_6.png_Mean-Medain.png
Component: component_1755522877545_126.png
centerX: 0.1939516129032258
centerY: 0.30236534625249356
width: 0.04032258064516129
height: 0.021373610715303505
Area: 0.0005457165445536363
CentroidX: 0.2144
CentroidY: 0.3122
