Location: internet_11.png_Mean-Closing.png
Component: component_1755091163774_54.png
centerX: 0.10399032648125756
centerY: 0.20587396635300828
width: 0.05441354292623942
height: 0.03022526375819789
Area: 0.0007145264948883829
CentroidX: 0.1312
CentroidY: 0.2198
