Location: Dedata_6.png_Mean-Closing.png
Component: component_1755522877710_188.png
centerX: 0.8701612903225806
centerY: 0.5018523795953264
width: 0.04112903225806452
height: 0.0219435736677116
Area: 0.0006079987865304884
CentroidX: 0.8903
CentroidY: 0.5122
