Location: internet_11.png_Mean-Closing.png
Component: component_1755091163767_14.png
centerX: 0.35227730753728337
centerY: 0.055603079555175364
width: 0.04877065699314793
height: 0.028514399771884802
Area: 0.0006289028438200469
CentroidX: 0.3783
CentroidY: 0.0699
