Location: Dedata_6.png_Otsu.png
Component: component_1755522877249_326.png
centerX: 0.2939516129032258
centerY: 0.7420917640353377
width: 0.04233870967741935
height: 0.024223425477343973
Area: 0.0005164140137342686
CentroidX: 0.3160
CentroidY: 0.7527
