Location: internet_11.png_Gaussian-Median.png
Component: component_1755091164046_175.png
centerX: 0.701733172108021
centerY: 0.43313373253493015
width: 0.0475614671503426
height: 0.027944111776447105
Area: 0.0005463823317837177
CentroidX: 0.7259
CentroidY: 0.4460
