Location: internet_11.png_Gaussian-Median.png
Component: component_1755091164056_203.png
centerX: 0.6102378073357517
centerY: 0.48246364414029086
width: 0.04836759371221282
height: 0.028229255774165955
Area: 0.0005769539978027477
CentroidX: 0.6339
CentroidY: 0.4942
