Location: Dedata_6.png_Mean-Closing.png
Component: component_1755522877682_63.png
centerX: 0.8572580645161291
centerY: 0.14306070105443147
width: 0.039919354838709675
height: 0.02080364776289541
Area: 0.0004999816140983095
CentroidX: 0.8773
CentroidY: 0.1526
