Location: Dedata_6.png_Otsu.png
Component: component_1755522877245_312.png
centerX: 0.9423387096774194
centerY: 0.7030493017953833
width: 0.041935483870967745
height: 0.0262182958107723
Area: 0.0005424990117577841
CentroidX: 0.9651
CentroidY: 0.7148
