Location: internet_11.png_Gaussian-Median.png
Component: component_1755091163983_94.png
centerX: 0.2652156388553003
centerY: 0.2549187339606501
width: 0.04675534058847239
height: 0.03136583974907328
Area: 0.0006286729816695278
CentroidX: 0.2892
CentroidY: 0.2701
