Location: Dedata_6.png_Otsu.png
Component: component_1755522877238_282.png
centerX: 0.22258064516129034
centerY: 0.6144200626959248
width: 0.0467741935483871
height: 0.02792818466799658
Area: 0.0006450004136827881
CentroidX: 0.2467
CentroidY: 0.6273
