Location: Samociqulo_1709_page_10.png_Gaussian-Median.png
Component: component_1755610056199_1863.png
centerX: 0.8628992628992629
centerY: 0.410625
width: 0.023587223587223587
height: 0.00875
Area: 0.00012377149877149877
CentroidX: 0.8752
CentroidY: 0.4145
