Location: Dedata_6.png_Gaussian-Median.png
Component: component_1755522877835_196.png
centerX: 0.9282258064516129
centerY: 0.49786263892846966
width: 0.0407258064516129
height: 0.023938444001139925
Area: 0.0006052409012769008
CentroidX: 0.9487
CentroidY: 0.5092
