Location: Paraklitoni_1720_page_10.png_Mean-Medain.png
Component: component_1755610055358_1545.png
centerX: 0.3628048780487805
centerY: 0.5533834586466165
width: 0.01524390243902439
height: 0.007518796992481203
Area: 7.71746439268904e-05
CentroidX: 0.3705
CentroidY: 0.5568
