Location: internet_11.png_Gaussian-Closing.png
Component: component_1755091164161_19.png
centerX: 0.09633212414349053
centerY: 0.0575990875392073
width: 0.05199516324062878
height: 0.02879954376960365
Area: 0.0005486809532889078
CentroidX: 0.1248
CentroidY: 0.0702
