Location: internet_11.png_Mean-Closing.png
Component: component_1755091163780_84.png
centerX: 0.9363160016122531
centerY: 0.3022526375819789
width: 0.04312777106005643
height: 0.03364699173082407
Area: 0.0006495904373667589
CentroidX: 0.9577
CentroidY: 0.3164
