Location: Dedata_6.png_Mean-Closing.png
Component: component_1755522877715_208.png
centerX: 0.4181451612903226
centerY: 0.5568538045027073
width: 0.04516129032258064
height: 0.024793388429752067
Area: 0.0006439662067126927
CentroidX: 0.4421
CentroidY: 0.5686
