Location: Dedata_6.png_Mean-Closing.png
Component: component_1755522877678_44.png
centerX: 0.21814516129032258
centerY: 0.09717868338557993
width: 0.03467741935483871
height: 0.021658592191507554
Area: 0.00045447650741411484
CentroidX: 0.2365
CentroidY: 0.1070
