Location: internet_11.png_Otsu.png
Component: component_1755091163708_1553.png
centerX: 0.6577992744860943
centerY: 0.8423153692614771
width: 0.049979846835953246
height: 0.026803535785571715
Area: 0.0004471968138347592
CentroidX: 0.6831
CentroidY: 0.8531
