Location: internet_11.png_Gaussian-Median.png
Component: component_1755091164042_158.png
centerX: 0.36316001612253124
centerY: 0.3943541488451668
width: 0.045949214026602174
height: 0.02879954376960365
Area: 0.0005086849390985978
CentroidX: 0.3861
CentroidY: 0.4071
