Location: internet_11.png_Gaussian-Median.png
Component: component_1755091164052_198.png
centerX: 0.8637646110439339
centerY: 0.47533504419731964
width: 0.05723498589278517
height: 0.031080695751354435
Area: 0.000660164096290634
CentroidX: 0.8918
CentroidY: 0.4889
