Location: internet_11.png_Otsu.png
Component: component_1755091163687_1082.png
centerX: 0.3607416364369206
centerY: 0.482178500142572
width: 0.04917372027408303
height: 0.03051040775591674
Area: 0.0005431642616764513
CentroidX: 0.3865
CentroidY: 0.4959
