Location: Dedata_6.png_Mean-Closing.png
Component: component_1755522877677_38.png
centerX: 0.48266129032258065
centerY: 0.09062410943288686
width: 0.0407258064516129
height: 0.023083499572527786
Area: 0.000536983241250609
CentroidX: 0.5029
CentroidY: 0.1014
