Location: internet_11.png_Otsu.png
Component: component_1755091163714_1681.png
centerX: 0.6654574768238614
centerY: 0.9466780724265754
width: 0.035872632003224506
height: 0.025092671799258625
Area: 0.00035433250502507396
CentroidX: 0.6843
CentroidY: 0.9591
