Location: internet_11.png_Otsu.png
Component: component_1755091163714_1697.png
centerX: 0.4969770253929867
centerY: 0.9498146564014828
width: 0.04554615074566707
height: 0.026518391787852865
Area: 0.00043041687684687054
CentroidX: 0.5207
CentroidY: 0.9620
