Location: Dedata_6.png_Mean-Closing.png
Component: component_1755522877680_50.png
centerX: 0.6689516129032258
centerY: 0.11627244229125107
width: 0.03870967741935484
height: 0.022513536620119692
Area: 0.00044367479017089694
CentroidX: 0.6886
CentroidY: 0.1267
