Location: Dedata_6.png_Gaussian-Median.png
Component: component_1755522877787_28.png
centerX: 0.16169354838709676
centerY: 0.055571387859789115
width: 0.038306451612903226
height: 0.02080364776289541
Area: 0.0004521782697027919
CentroidX: 0.1815
CentroidY: 0.0652
