Location: internet_11.png_Otsu.png
Component: component_1755091163706_1523.png
centerX: 0.1664651350261991
centerY: 0.7975477616196179
width: 0.04675534058847239
height: 0.02594810379241517
Area: 0.00048167613641261265
CentroidX: 0.1906
CentroidY: 0.8092
