Location: internet_11.png_Otsu.png
Component: component_1755091163699_1311.png
centerX: 0.2494961708988311
centerY: 0.6948959224408326
width: 0.051189036678758564
height: 0.02623324779013402
Area: 0.0004838598268425434
CentroidX: 0.2747
CentroidY: 0.7058
