Location: Dedata_6.png_Mean-Closing.png
Component: component_1755522877721_233.png
centerX: 0.7245967741935484
centerY: 0.6283841550299231
width: 0.0532258064516129
height: 0.027643203191792535
Area: 0.0007594526517066714
CentroidX: 0.7517
CentroidY: 0.6410
