Location: internet_11.png_Otsu.png
Component: component_1755091163669_228.png
centerX: 0.701733172108021
centerY: 0.25520387795836896
width: 0.04514308746473196
height: 0.02879954376960365
Area: 0.0005231662545812963
CentroidX: 0.7250
CentroidY: 0.2686
