Location: Dedata_6.png_Mean-Closing.png
Component: component_1755522877680_52.png
centerX: 0.5415322580645161
centerY: 0.12453690510116842
width: 0.03870967741935484
height: 0.018238814477058992
Area: 0.00040701789867529577
CentroidX: 0.5611
CentroidY: 0.1324
