Location: Dedata_6.png_Mean-Closing.png
Component: component_1755522877670_12.png
centerX: 0.38991935483870965
centerY: 0.016243944143630663
width: 0.04032258064516129
height: 0.0219435736677116
Area: 0.0005119324501971888
CentroidX: 0.4106
CentroidY: 0.0265
