Location: Dedata_6.png_Mean-Medain.png
Component: component_1755522877536_105.png
centerX: 0.5254032258064516
centerY: 0.24565403248788828
width: 0.037096774193548385
height: 0.02365346252493588
Area: 0.0005572077331102511
CentroidX: 0.5446
CentroidY: 0.2565
