Location: Dedata_6.png_Mean-Medain.png
Component: component_1755522877407_22.png
centerX: 0.6326612903225807
centerY: 0.05329153605015674
width: 0.036290322580645164
height: 0.021658592191507554
Area: 0.0004313792184153191
CentroidX: 0.6522
CentroidY: 0.0631
