Location: Dedata_6.png_Mean-Closing.png
Component: component_1755522877707_177.png
centerX: 0.532258064516129
centerY: 0.4645198062125962
width: 0.0407258064516129
height: 0.025648332858364205
Area: 0.0006314408111859826
CentroidX: 0.5535
CentroidY: 0.4763
