Location: internet_11.png_Gaussian-Closing.png
Component: component_1755091164210_205.png
centerX: 0.8331318016928658
centerY: 0.7462218420302252
width: 0.04675534058847239
height: 0.026803535785571715
Area: 0.0004942036236158994
CentroidX: 0.8565
CentroidY: 0.7573
