Location: internet_11.png_Gaussian-Median.png
Component: component_1755091164102_323.png
centerX: 0.9036678758565094
centerY: 0.8876532648987738
width: 0.049979846835953246
height: 0.02594810379241517
Area: 0.0005132821821089783
CentroidX: 0.9307
CentroidY: 0.8994
