Location: Dedata_6.png_Mean-Closing.png
Component: component_1755522877725_251.png
centerX: 0.49959677419354837
centerY: 0.6873753206041607
width: 0.046370967741935484
height: 0.026503277286976348
Area: 0.0007037203872070897
CentroidX: 0.5240
CentroidY: 0.6997
