Location: Dedata_6.png_Mean-Medain.png
Component: component_1755522877512_85.png
centerX: 0.7975806451612903
centerY: 0.1866628669136506
width: 0.038306451612903226
height: 0.021373610715303505
Area: 0.0004933167247354729
CentroidX: 0.8171
CentroidY: 0.1969
