Location: internet_11.png_Gaussian-Closing.png
Component: component_1755091164204_184.png
centerX: 0.013301088270858524
centerY: 0.6429997148560023
width: 0.045949214026602174
height: 0.0290846877673225
Area: 0.0005308666366236836
CentroidX: 0.0369
CentroidY: 0.6556
