Location: Dedata_6.png_Mean-Closing.png
Component: component_1755522877713_197.png
centerX: 0.22580645161290322
centerY: 0.5212311199772015
width: 0.03870967741935484
height: 0.021658592191507554
Area: 0.0005641024462442199
CentroidX: 0.2452
CentroidY: 0.5311
