Location: Dedata_6.png_Gaussian-Median.png
Component: component_1755522877788_38.png
centerX: 0.6709677419354839
centerY: 0.0834995725277857
width: 0.039919354838709675
height: 0.023083499572527786
Area: 0.00046907031688101566
CentroidX: 0.6906
CentroidY: 0.0936
