Location: internet_11.png_Gaussian-Median.png
Component: component_1755091164003_108.png
centerX: 0.9363160016122531
centerY: 0.3022526375819789
width: 0.04312777106005643
height: 0.03364699173082407
Area: 0.0006313163964004967
CentroidX: 0.9577
CentroidY: 0.3166
