Location: Kurtxevani_1794_page_10.png_Mean-Medain.png
Component: component_1755610055073_2329.png
centerX: 0.35885447106955
centerY: 0.7399735566328779
width: 0.03331385154880187
height: 0.014103129131776113
Area: 0.00027870371348227927
CentroidX: 0.3760
CentroidY: 0.7466
