Location: internet_11.png_Mean-Closing.png
Component: component_1755091163791_143.png
centerX: 0.2676340185409109
centerY: 0.48502994011976047
width: 0.04877065699314793
height: 0.02623324779013402
Area: 0.000550060126192022
CentroidX: 0.2930
CentroidY: 0.4966
