Location: internet_11.png_Mean-Closing.png
Component: component_1755091163773_49.png
centerX: 0.8629584844820637
centerY: 0.16053607071571144
width: 0.05280128980249899
height: 0.03165098374679213
Area: 0.0006932642459653734
CentroidX: 0.8897
CentroidY: 0.1739
