Location: Dedata_6.png_Mean-Closing.png
Component: component_1755522877685_75.png
centerX: 0.013709677419354839
centerY: 0.17725847819891707
width: 0.037096774193548385
height: 0.022513536620119692
Area: 0.0003674882100405409
CentroidX: 0.0348
CentroidY: 0.1864
