Location: Dedata_6.png_Mean-Closing.png
Component: component_1755522877728_262.png
centerX: 0.03346774193548387
centerY: 0.7164434311769735
width: 0.04233870967741935
height: 0.02821316614420063
Area: 0.0007201527868430488
CentroidX: 0.0548
CentroidY: 0.7301
