Location: Dedata_6.png_Mean-Closing.png
Component: component_1755522877699_139.png
centerX: 0.9475806451612904
centerY: 0.36249643773154744
width: 0.039919354838709675
height: 0.022228555143915644
Area: 0.0005962777742027413
CentroidX: 0.9679
CentroidY: 0.3729
