Location: internet_11.png_Gaussian-Closing.png
Component: component_1755091164188_114.png
centerX: 0.7900040306328093
centerY: 0.3895067008839464
width: 0.04030632809351068
height: 0.02566295979469632
Area: 0.0004600690942638245
CentroidX: 0.8098
CentroidY: 0.4020
