Location: internet_11.png_Mean-Closing.png
Component: component_1755091163789_131.png
centerX: 0.5308343409915357
centerY: 0.43484459652124324
width: 0.0475614671503426
height: 0.03364699173082407
Area: 0.0006576356126349247
CentroidX: 0.5548
CentroidY: 0.4488
