Location: Dedata_6.png_Otsu.png
Component: component_1755522877225_230.png
centerX: 0.6633064516129032
centerY: 0.46053006554573955
width: 0.04153225806451613
height: 0.024223425477343973
Area: 0.0005721462782338503
CentroidX: 0.6849
CentroidY: 0.4716
