Location: Dedata_6.png_Otsu.png
Component: component_1755522877214_182.png
centerX: 0.7709677419354839
centerY: 0.323168994015389
width: 0.043548387096774194
height: 0.022513536620119692
Area: 0.0005612296491050662
CentroidX: 0.7922
CentroidY: 0.3331
