Location: internet_11.png_Otsu.png
Component: component_1755091163688_1087.png
centerX: 0.1825876662636034
centerY: 0.4904476760764186
width: 0.04554615074566707
height: 0.026803535785571715
Area: 0.0002546872627750775
CentroidX: 0.2161
CentroidY: 0.5037
