Location: Dedata_6.png_Mean-Closing.png
Component: component_1755522877688_92.png
centerX: 0.9116935483870968
centerY: 0.22485038472499289
width: 0.035483870967741936
height: 0.020233684810487318
Area: 0.0004426405832008016
CentroidX: 0.9307
CentroidY: 0.2347
