Location: Dedata_6.png_Mean-Closing.png
Component: component_1755522877709_184.png
centerX: 0.09112903225806451
centerY: 0.481903676261043
width: 0.04879032258064516
height: 0.02108862923909946
Area: 0.000637990788663253
CentroidX: 0.1162
CentroidY: 0.4914
