Location: internet_11.png_Otsu.png
Component: component_1755091163700_1407.png
centerX: 0.9101168883514712
centerY: 0.744796122041631
width: 0.049576783555018135
height: 0.024522383803820928
Area: 0.00036835409620673436
CentroidX: 0.9346
CentroidY: 0.7555
