Location: Dedata_6.png_Otsu.png
Component: component_1755522877228_241.png
centerX: 0.9282258064516129
centerY: 0.4981476204046737
width: 0.04032258064516129
height: 0.02336848104873183
Area: 0.0005826032598203698
CentroidX: 0.9488
CentroidY: 0.5092
