Location: internet_11.png_Gaussian-Median.png
Component: component_1755091164095_299.png
centerX: 0.5739621120515921
centerY: 0.7941260336469917
width: 0.044740024183796856
height: 0.024522383803820928
Area: 0.0005052370068408125
CentroidX: 0.5960
CentroidY: 0.8055
