Location: Dedata_6.png_Mean-Medain.png
Component: component_1755522877536_107.png
centerX: 0.33830645161290324
centerY: 0.25021373610715303
width: 0.03669354838709677
height: 0.023938444001139925
Area: 0.0005568629974535526
CentroidX: 0.3562
CentroidY: 0.2609
