Location: Dedata_6.png_Mean-Medain.png
Component: component_1755522877342_10.png
centerX: 0.024596774193548387
centerY: 0.014534055286406384
width: 0.041935483870967745
height: 0.022798518096323737
Area: 0.0005308929113156032
CentroidX: 0.0472
CentroidY: 0.0251
