Location: internet_11.png_Gaussian-Closing.png
Component: component_1755091164203_177.png
centerX: 0.600161225312374
centerY: 0.6387225548902196
width: 0.049979846835953246
height: 0.029654975762760195
Area: 0.0005525886098477312
CentroidX: 0.6248
CentroidY: 0.6519
