Location: internet_11.png_Mean-Closing.png
Component: component_1755091163774_55.png
centerX: 0.18702136235388955
centerY: 0.2090105503279156
width: 0.051189036678758564
height: 0.029654975762760195
Area: 0.0006986660065025704
CentroidX: 0.2133
CentroidY: 0.2229
