Location: internet_11.png_Otsu.png
Component: component_1755091163688_1088.png
centerX: 0.09310761789600967
centerY: 0.4913031080695751
width: 0.046352277307537285
height: 0.03022526375819789
Area: 0.00040547683351555653
CentroidX: 0.1189
CentroidY: 0.5050
