Location: Dedata_6.png_Gaussian-Median.png
Component: component_1755522877857_279.png
centerX: 0.29354838709677417
centerY: 0.7420917640353377
width: 0.04314516129032258
height: 0.024793388429752067
Area: 0.0005385920076485351
CentroidX: 0.3160
CentroidY: 0.7528
