Location: Dedata_6.png_Mean-Closing.png
Component: component_1755522877674_29.png
centerX: 0.4282258064516129
centerY: 0.056141350812197205
width: 0.04233870967741935
height: 0.02365346252493588
Area: 0.00048515798086027636
CentroidX: 0.4508
CentroidY: 0.0670
