Location: Dedata_6.png_Mean-Closing.png
Component: component_1755522877674_28.png
centerX: 0.36088709677419356
centerY: 0.05528640638358507
width: 0.042741935483870966
height: 0.023083499572527786
Area: 0.0005072210628889768
CentroidX: 0.3841
CentroidY: 0.0657
