Location: Dedata_6.png_Mean-Medain.png
Component: component_1755522877430_38.png
centerX: 0.6709677419354839
centerY: 0.0834995725277857
width: 0.039919354838709675
height: 0.023083499572527786
Area: 0.0004929719890787744
CentroidX: 0.6907
CentroidY: 0.0935
