Location: Kurtxevani_1794_page_10.png_Mean-Medain.png
Component: component_1755610054816_824.png
centerX: 0.18293395675043833
centerY: 0.20802115469369767
width: 0.022793687901811806
height: 0.009695901278096077
Area: 0.00013754878280918404
CentroidX: 0.1951
CentroidY: 0.2122
