Location: internet_11.png_Otsu.png
Component: component_1755091163712_1615.png
centerX: 0.2478839177750907
centerY: 0.8964927288280582
width: 0.0471584038694075
height: 0.023952095808383235
Area: 0.00047742368662801073
CentroidX: 0.2720
CentroidY: 0.9074
