Location: Dedata_6.png_Otsu.png
Component: component_1755522877224_226.png
centerX: 0.9153225806451613
centerY: 0.4468509546879453
width: 0.03951612903225806
height: 0.02336848104873183
Area: 0.0005362937699372122
CentroidX: 0.9350
CentroidY: 0.4575
