Location: internet_11.png_Gaussian-Median.png
Component: component_1755091163976_79.png
centerX: 0.2656187021362354
centerY: 0.210151126318791
width: 0.051189036678758564
height: 0.03279155973766752
Area: 0.00068935658940655
CentroidX: 0.2909
CentroidY: 0.2245
