Location: Dedata_6.png_Gaussian-Median.png
Component: component_1755522877846_235.png
centerX: 0.2899193548387097
centerY: 0.6090054146480479
width: 0.04596774193548387
height: 0.025933314334568254
Area: 0.0006338539607828716
CentroidX: 0.3128
CentroidY: 0.6204
