Location: internet_11.png_Mean-Closing.png
Component: component_1755091163765_6.png
centerX: 0.27529222087867794
centerY: 0.010835471913316224
width: 0.053607416364369206
height: 0.02879954376960365
Area: 0.0006837249667188339
CentroidX: 0.3047
CentroidY: 0.0230
