Location: internet_11.png_Gaussian-Closing.png
Component: component_1755091164191_131.png
centerX: 0.18137847642079807
centerY: 0.4345594525235244
width: 0.053204353083434096
height: 0.033361847733105215
Area: 0.0006170649430683172
CentroidX: 0.2095
CentroidY: 0.4496
