Location: Dedata_6.png_Mean-Closing.png
Component: component_1755522877694_117.png
centerX: 0.31814516129032255
centerY: 0.2975206611570248
width: 0.04395161290322581
height: 0.020518666286691366
Area: 0.0005682392741246013
CentroidX: 0.3405
CentroidY: 0.3067
