Location: internet_11.png_Gaussian-Closing.png
Component: component_1755091164209_203.png
centerX: 0.3297057638049174
centerY: 0.7459366980325064
width: 0.05280128980249899
height: 0.029654975762760195
Area: 0.0005284530840432339
CentroidX: 0.3573
CentroidY: 0.7577
