Location: Paraklitoni_1720_page_10.png_Mean-Medain.png
Component: component_1755610055486_1967.png
centerX: 0.16692073170731708
centerY: 0.7172932330827068
width: 0.019054878048780487
height: 0.007518796992481203
Area: 8.557980316645271e-05
CentroidX: 0.1766
CentroidY: 0.7207
