Location: Dedata_6.png_Otsu.png
Component: component_1755522877248_323.png
centerX: 0.4879032258064516
centerY: 0.7306925049871759
width: 0.04879032258064516
height: 0.022513536620119692
Area: 0.000543188483071181
CentroidX: 0.5131
CentroidY: 0.7410
