Location: Dedata_6.png_Gaussian-Median.png
Component: component_1755522877824_158.png
centerX: 0.39556451612903226
centerY: 0.3798803077799943
width: 0.0407258064516129
height: 0.022798518096323737
Area: 0.0005781216962832899
CentroidX: 0.4165
CentroidY: 0.3905
