Location: Dedata_6.png_Mean-Closing.png
Component: component_1755522877686_82.png
centerX: 0.6076612903225806
centerY: 0.19863208891422057
width: 0.036290322580645164
height: 0.01909375890567113
Area: 0.0004663124316274281
CentroidX: 0.6262
CentroidY: 0.2076
