Location: Dedata_6.png_Otsu.png
Component: component_1755522877202_96.png
centerX: 0.4120967741935484
centerY: 0.16614420062695925
width: 0.03588709677419355
height: 0.02080364776289541
Area: 0.00031612259719247283
CentroidX: 0.4307
CentroidY: 0.1748
