Location: internet_11.png_Gaussian-Median.png
Component: component_1755091163897_53.png
centerX: 0.5187424425634825
centerY: 0.10949529512403763
width: 0.05401047964530431
height: 0.02737382378100941
Area: 0.0007176296339203898
CentroidX: 0.5476
CentroidY: 0.1222
