Location: Dedata_6.png_Gaussian-Median.png
Component: component_1755522877804_113.png
centerX: 0.07459677419354839
centerY: 0.2584781989170704
width: 0.034274193548387094
height: 0.02365346252493588
Area: 0.000496534257531325
CentroidX: 0.0917
CentroidY: 0.2700
