Location: internet_11.png_Otsu.png
Component: component_1755091163684_936.png
centerX: 0.2773075372833535
centerY: 0.4359851725121186
width: 0.049576783555018135
height: 0.029369831765041345
Area: 0.0004620229225432362
CentroidX: 0.3025
CentroidY: 0.4487
