Location: Dedata_6.png_Mean-Closing.png
Component: component_1755522877728_263.png
centerX: 0.6971774193548387
centerY: 0.719578227415218
width: 0.0467741935483871
height: 0.02108862923909946
Area: 0.0005686989216668658
CentroidX: 0.7215
CentroidY: 0.7289
