Location: Dedata_6.png_Otsu.png
Component: component_1755522877220_205.png
centerX: 0.2661290322580645
centerY: 0.3867198632088914
width: 0.04032258064516129
height: 0.023083499572527786
Area: 0.000547899870379393
CentroidX: 0.2863
CentroidY: 0.3977
