Location: Dedata_6.png_Mean-Closing.png
Component: component_1755522877671_13.png
centerX: 0.2467741935483871
centerY: 0.016813907096038756
width: 0.04153225806451613
height: 0.02336848104873183
Area: 0.0005151499829930409
CentroidX: 0.2685
CentroidY: 0.0283
