Location: Dedata_6.png_Mean-Closing.png
Component: component_1755522877725_250.png
centerX: 0.5701612903225807
centerY: 0.6868053576517527
width: 0.04395161290322581
height: 0.024508406953548018
Area: 0.0006498267128765662
CentroidX: 0.5936
CentroidY: 0.6984
