Location: Dedata_6.png_Mean-Medain.png
Component: component_1755522877604_238.png
centerX: 0.024596774193548387
centerY: 0.6226845255058421
width: 0.043548387096774194
height: 0.027358221715588486
Area: 0.000717969461017292
CentroidX: 0.0469
CentroidY: 0.6352
