Location: Dedata_6.png_Mean-Medain.png
Component: component_1755522877581_192.png
centerX: 0.024596774193548387
centerY: 0.48389854659447135
width: 0.04395161290322581
height: 0.021658592191507554
Area: 0.0006166171779479495
CentroidX: 0.0468
CentroidY: 0.4937
