Location: internet_11.png_Gaussian-Median.png
Component: component_1755091164050_186.png
centerX: 0.2773075372833535
centerY: 0.43570002851439976
width: 0.049576783555018135
height: 0.029940119760479042
Area: 0.0005918950375864842
CentroidX: 0.3023
CentroidY: 0.4492
