Location: internet_11.png_Mean-Closing.png
Component: component_1755091163786_112.png
centerX: 0.5308343409915357
centerY: 0.39064727687482176
width: 0.05280128980249899
height: 0.031080695751354435
Area: 0.000574540445222298
CentroidX: 0.5559
CentroidY: 0.4030
