Location: internet_11.png_Mean-Closing.png
Component: component_1755091163778_73.png
centerX: 0.701733172108021
centerY: 0.25520387795836896
width: 0.04514308746473196
height: 0.02879954376960365
Area: 0.0006247653251107045
CentroidX: 0.7255
CentroidY: 0.2687
