Location: internet_11.png_Gaussian-Median.png
Component: component_1755091164097_310.png
centerX: 0.7420395002015316
centerY: 0.8380382092956943
width: 0.046352277307537285
height: 0.025092671799258625
Area: 0.0004937438993148613
CentroidX: 0.7656
CentroidY: 0.8495
