Location: internet_11.png_Gaussian-Median.png
Component: component_1755091164057_206.png
centerX: 0.2676340185409109
centerY: 0.48502994011976047
width: 0.04836759371221282
height: 0.02623324779013402
Area: 0.0005279933597421958
CentroidX: 0.2929
CentroidY: 0.4966
