Location: Dedata_6.png_Mean-Closing.png
Component: component_1755522877703_158.png
centerX: 0.7891129032258064
centerY: 0.4115132516386435
width: 0.038306451612903226
height: 0.022228555143915644
Area: 0.0005427288355289165
CentroidX: 0.8090
CentroidY: 0.4215
