Location: Dedata_6.png_Otsu.png
Component: component_1755522877211_159.png
centerX: 0.5153225806451613
centerY: 0.2884012539184953
width: 0.04516129032258064
height: 0.021658592191507554
Area: 0.00045321247667288723
CentroidX: 0.5368
CentroidY: 0.2989
