Location: Dedata_6.png_Otsu.png
Component: component_1755522877203_104.png
centerX: 0.07782258064516129
centerY: 0.17782844115132515
width: 0.03185483870967742
height: 0.022228555143915644
Area: 0.00028256832660715763
CentroidX: 0.0951
CentroidY: 0.1880
