Location: internet_11.png_Mean-Closing.png
Component: component_1755091163778_74.png
centerX: 0.7867795243853285
centerY: 0.2549187339606501
width: 0.04796453043127771
height: 0.029369831765041345
Area: 0.0006183291848961719
CentroidX: 0.8122
CentroidY: 0.2696
