Location: Dedata_6.png_Otsu.png
Component: component_1755522877194_53.png
centerX: 0.41774193548387095
centerY: 0.09233399829011114
width: 0.03387096774193549
height: 0.02080364776289541
Area: 0.0002872797139153697
CentroidX: 0.4363
CentroidY: 0.1023
