Location: Dedata_6.png_Mean-Medain.png
Component: component_1755522877613_249.png
centerX: 0.9024193548387097
centerY: 0.6622969506982046
width: 0.04112903225806452
height: 0.027358221715588486
Area: 0.0006458047968817511
CentroidX: 0.9236
CentroidY: 0.6746
