Location: Dedata_6.png_Mean-Medain.png
Component: component_1755522877579_186.png
centerX: 0.41330645161290325
centerY: 0.47107438016528924
width: 0.0375
height: 0.02080364776289541
Area: 0.0005152648948786071
CentroidX: 0.4316
CentroidY: 0.4806
