Location: Dedata_6.png_Gaussian-Median.png
Component: component_1755522877827_168.png
centerX: 0.7891129032258064
centerY: 0.4115132516386435
width: 0.038306451612903226
height: 0.022228555143915644
Area: 0.0005129666571672841
CentroidX: 0.8089
CentroidY: 0.4215
