Location: Dedata_6.png_Mean-Medain.png
Component: component_1755522877609_242.png
centerX: 0.5838709677419355
centerY: 0.6375035622684525
width: 0.04596774193548387
height: 0.02792818466799658
Area: 0.0007018817970380313
CentroidX: 0.6076
CentroidY: 0.6505
