Location: internet_11.png_Gaussian-Median.png
Component: component_1755091163976_80.png
centerX: 0.7819427650141072
centerY: 0.21043627031650983
width: 0.05038291011688835
height: 0.03051040775591674
Area: 0.0006433841593027454
CentroidX: 0.8085
CentroidY: 0.2242
