Location: internet_11.png_Gaussian-Closing.png
Component: component_1755091164159_7.png
centerX: 0.36638452237001207
centerY: 0.01311662389506701
width: 0.054816606207174524
height: 0.02566295979469632
Area: 0.0005551170935034405
CentroidX: 0.3980
CentroidY: 0.0249
