Location: internet_11.png_Otsu.png
Component: component_1755091163687_1085.png
centerX: 0.5300282144296654
centerY: 0.48303393213572854
width: 0.0475614671503426
height: 0.02879954376960365
Area: 0.0005540827138261049
CentroidX: 0.5536
CentroidY: 0.4961
