Location: internet_11.png_Mean-Closing.png
Component: component_1755091163781_86.png
centerX: 0.8629584844820637
centerY: 0.3031080695751354
width: 0.044740024183796856
height: 0.03051040775591674
Area: 0.0006279833952179708
CentroidX: 0.8852
CentroidY: 0.3172
