Location: Dedata_6.png_Mean-Medain.png
Component: component_1755522877615_254.png
centerX: 0.024596774193548387
centerY: 0.6702764320319179
width: 0.039919354838709675
height: 0.024793388429752067
Area: 0.0006178812086891772
CentroidX: 0.0435
CentroidY: 0.6819
