Location: internet_11.png_Otsu.png
Component: component_1755091163686_1079.png
centerX: 0.9391374445787989
centerY: 0.4759053321927573
width: 0.045949214026602174
height: 0.031080695751354435
Area: 0.0005923547618875223
CentroidX: 0.9629
CentroidY: 0.4898
