Location: Dedata_6.png_Gaussian-Median.png
Component: component_1755522877832_187.png
centerX: 0.532258064516129
centerY: 0.4645198062125962
width: 0.04032258064516129
height: 0.025648332858364205
Area: 0.0005969672455161382
CentroidX: 0.5534
CentroidY: 0.4763
