Location: Dedata_6.png_Mean-Medain.png
Component: component_1755522877543_123.png
centerX: 0.38548387096774195
centerY: 0.29296095753776
width: 0.03870967741935484
height: 0.02108862923909946
Area: 0.000540890245359858
CentroidX: 0.4049
CentroidY: 0.3032
