Location: Dedata_6.png_Otsu.png
Component: component_1755522877226_232.png
centerX: 0.532258064516129
centerY: 0.4645198062125962
width: 0.04032258064516129
height: 0.02536335138216016
Area: 0.0005666305077266752
CentroidX: 0.5533
CentroidY: 0.4762
