Location: Dedata_6.png_Mean-Closing.png
Component: component_1755522877706_172.png
centerX: 0.8572580645161291
centerY: 0.4488458250213736
width: 0.044758064516129036
height: 0.02365346252493588
Area: 0.0006333943132406071
CentroidX: 0.8794
CentroidY: 0.4598
