Location: Dedata_6.png_Otsu.png
Component: component_1755522877200_84.png
centerX: 0.08790322580645162
centerY: 0.13736107153035051
width: 0.036290322580645164
height: 0.020233684810487318
Area: 0.00033519797019645336
CentroidX: 0.1058
CentroidY: 0.1465
