Location: Dedata_6.png_Gaussian-Median.png
Component: component_1755522877802_104.png
centerX: 0.5935483870967742
centerY: 0.24194927329723567
width: 0.038306451612903226
height: 0.0219435736677116
Area: 0.00042379503396795337
CentroidX: 0.6139
CentroidY: 0.2524
