Location: Dedata_6.png_Otsu.png
Component: component_1755522877210_153.png
centerX: 0.8842741935483871
centerY: 0.2713023653462525
width: 0.0407258064516129
height: 0.021373610715303505
Area: 0.0005285946736042803
CentroidX: 0.9053
CentroidY: 0.2811
