Location: Dedata_6.png_Otsu.png
Component: component_1755522877204_114.png
centerX: 0.6080645161290322
centerY: 0.19863208891422057
width: 0.03508064516129032
height: 0.018523795953263037
Area: 0.0003894363801836752
CentroidX: 0.6261
CentroidY: 0.2074
