Location: Dedata_6.png_Mean-Medain.png
Component: component_1755522877588_208.png
centerX: 0.9298387096774193
centerY: 0.5354801937874039
width: 0.045564516129032256
height: 0.025078369905956112
Area: 0.0006818871289495215
CentroidX: 0.9535
CentroidY: 0.5471
