Location: internet_11.png_Gaussian-Closing.png
Component: component_1755091164178_75.png
centerX: 0.7867795243853285
centerY: 0.2549187339606501
width: 0.04796453043127771
height: 0.029369831765041345
Area: 0.0005917801065112247
CentroidX: 0.8123
CentroidY: 0.2695
