Location: internet_11.png_Gaussian-Median.png
Component: component_1755091164054_201.png
centerX: 0.6964933494558646
centerY: 0.47904191616766467
width: 0.04917372027408303
height: 0.03022526375819789
Area: 0.000599480488553612
CentroidX: 0.7202
CentroidY: 0.4917
