Location: Dedata_6.png_Otsu.png
Component: component_1755522877224_227.png
centerX: 0.8572580645161291
centerY: 0.44913080649757764
width: 0.04435483870967742
height: 0.023083499572527786
Area: 0.0005846716737605604
CentroidX: 0.8794
CentroidY: 0.4597
