Location: Dedata_6.png_Otsu.png
Component: component_1755522877188_22.png
centerX: 0.7629032258064516
centerY: 0.04787688800227985
width: 0.03588709677419355
height: 0.022513536620119692
Area: 0.0003715101260353561
CentroidX: 0.7816
CentroidY: 0.0581
