Location: Dedata_6.png_Gaussian-Median.png
Component: component_1755522877837_203.png
centerX: 0.49112903225806454
centerY: 0.5115417497862639
width: 0.041935483870967745
height: 0.025933314334568254
Area: 0.0006409784976879728
CentroidX: 0.5124
CentroidY: 0.5233
