Location: internet_11.png_Gaussian-Median.png
Component: component_1755091164059_209.png
centerX: 0.019750100765820233
centerY: 0.4924436840604505
width: 0.041112454655380895
height: 0.029654975762760195
Area: 0.00043340508480361784
CentroidX: 0.0419
CentroidY: 0.5056
