Location: internet_11.png_Mean-Closing.png
Component: component_1755091163783_98.png
centerX: 0.445384925433293
centerY: 0.3487311092101511
width: 0.04675534058847239
height: 0.032506415739948676
Area: 0.0006572908194091463
CentroidX: 0.4695
CentroidY: 0.3628
