Location: Dedata_6.png_Otsu.png
Component: component_1755522877186_13.png
centerX: 0.38991935483870965
centerY: 0.01652892561983471
width: 0.039919354838709675
height: 0.021658592191507554
Area: 0.0004136827880381324
CentroidX: 0.4111
CentroidY: 0.0264
