Location: Dedata_6.png_Otsu.png
Component: component_1755522877229_248.png
centerX: 0.4915322580645161
centerY: 0.5118267312624679
width: 0.04112903225806452
height: 0.02536335138216016
Area: 0.0006130549094953989
CentroidX: 0.5123
CentroidY: 0.5232
