Location: internet_11.png_Otsu.png
Component: component_1755091163690_1166.png
centerX: 0.5239822652156388
centerY: 0.5357855717137154
width: 0.0471584038694075
height: 0.03136583974907328
Area: 0.000574770307372817
CentroidX: 0.5471
CentroidY: 0.5498
