Location: Dedata_6.png_Otsu.png
Component: component_1755522877190_28.png
centerX: 0.5612903225806452
centerY: 0.05443146195497293
width: 0.045564516129032256
height: 0.024223425477343973
Area: 0.000438273931549288
CentroidX: 0.5859
CentroidY: 0.0656
