Location: Dedata_6.png_Mean-Closing.png
Component: component_1755522877700_144.png
centerX: 0.6504032258064516
centerY: 0.3704759190652608
width: 0.0407258064516129
height: 0.02336848104873183
Area: 0.0006147785877788912
CentroidX: 0.6712
CentroidY: 0.3812
