Location: Dedata_6.png_Mean-Closing.png
Component: component_1755522877683_66.png
centerX: 0.6616935483870968
centerY: 0.15388999715018523
width: 0.04112903225806452
height: 0.021658592191507554
Area: 0.0005234236387538036
CentroidX: 0.6828
CentroidY: 0.1637
