Location: internet_11.png_Gaussian-Closing.png
Component: component_1755091164207_193.png
centerX: 0.3353486497380089
centerY: 0.6914741944682065
width: 0.04514308746473196
height: 0.025377815796977475
Area: 0.0005122478024316427
CentroidX: 0.3578
CentroidY: 0.7030
