Location: internet_11.png_Mean-Closing.png
Component: component_1755091163781_89.png
centerX: 0.5243853284965739
centerY: 0.303963501568292
width: 0.060459492140266025
height: 0.033361847733105215
Area: 0.000725330015962777
CentroidX: 0.5571
CentroidY: 0.3190
