Location: internet_11.png_Otsu.png
Component: component_1755091163709_1596.png
centerX: 0.9076985086658605
centerY: 0.8876532648987738
width: 0.045949214026602174
height: 0.02480752780153978
Area: 0.00032445042545760095
CentroidX: 0.9354
CentroidY: 0.8978
