Location: Dedata_6.png_Otsu.png
Component: component_1755522877242_300.png
centerX: 0.8383064516129032
centerY: 0.6637218580792249
width: 0.04959677419354839
height: 0.02707324023938444
Area: 0.0006753371514722511
CentroidX: 0.8644
CentroidY: 0.6768
