Location: internet_11.png_Mean-Closing.png
Component: component_1755091163787_116.png
centerX: 0.09310761789600967
centerY: 0.3937838608497291
width: 0.051592099959693674
height: 0.02623324779013402
Area: 0.0005527035409229907
CentroidX: 0.1204
CentroidY: 0.4059
