Location: Dedata_6.png_Mean-Closing.png
Component: component_1755522877695_125.png
centerX: 0.8314516129032258
centerY: 0.31974921630094044
width: 0.0407258064516129
height: 0.024223425477343973
Area: 0.0006437363829415604
CentroidX: 0.8521
CentroidY: 0.3311
