Location: internet_11.png_Otsu.png
Component: component_1755091163675_494.png
centerX: 0.7025392986698912
centerY: 0.34759053321927574
width: 0.051592099959693674
height: 0.032506415739948676
Area: 0.00043524398200777006
CentroidX: 0.7289
CentroidY: 0.3619
