Location: Dedata_6.png_Otsu.png
Component: component_1755522877230_250.png
centerX: 0.4282258064516129
centerY: 0.5163864348817326
width: 0.03588709677419355
height: 0.02108862923909946
Area: 0.0004790676509252705
CentroidX: 0.4455
CentroidY: 0.5260
