Location: Dedata_6.png_Otsu.png
Component: component_1755522877227_237.png
centerX: 0.22298387096774194
centerY: 0.4781989170703904
width: 0.04314516129032258
height: 0.021658592191507554
Area: 0.0005419244523299534
CentroidX: 0.2438
CentroidY: 0.4876
