Location: Dedata_6.png_Mean-Closing.png
Component: component_1755522877696_128.png
centerX: 0.6536290322580646
centerY: 0.3257338273012254
width: 0.039919354838709675
height: 0.023938444001139925
Area: 0.0006089180816150177
CentroidX: 0.6746
CentroidY: 0.3370
