Location: internet_11.png_Gaussian-Closing.png
Component: component_1755091164171_55.png
centerX: 0.10399032648125756
centerY: 0.20587396635300828
width: 0.05441354292623942
height: 0.03051040775591674
Area: 0.0006921149352127782
CentroidX: 0.1312
CentroidY: 0.2199
