Location: Dedata_6.png_Otsu.png
Component: component_1755522877238_283.png
centerX: 0.09233870967741936
centerY: 0.6175548589341693
width: 0.04395161290322581
height: 0.02821316614420063
Area: 0.00066671876005479
CentroidX: 0.1146
CentroidY: 0.6311
