Location: Dedata_6.png_Mean-Medain.png
Component: component_1755522877455_40.png
centerX: 0.5487903225806452
centerY: 0.08862923909945854
width: 0.03467741935483871
height: 0.025078369905956112
Area: 0.00040069774496915764
CentroidX: 0.5670
CentroidY: 0.0992
