Location: Dedata_6.png_Mean-Medain.png
Component: component_1755522877461_44.png
centerX: 0.28346774193548385
centerY: 0.09546879452835566
width: 0.039112903225806454
height: 0.021658592191507554
Area: 0.00048469833331801174
CentroidX: 0.3034
CentroidY: 0.1049
