Location: Dedata_6.png_Otsu.png
Component: component_1755522877222_216.png
centerX: 0.6020161290322581
centerY: 0.4172128811627244
width: 0.04153225806451613
height: 0.023083499572527786
Area: 0.0005782366081688561
CentroidX: 0.6239
CentroidY: 0.4282
