Location: internet_11.png_Gaussian-Closing.png
Component: component_1755091164203_179.png
centerX: 0.5195485691253526
centerY: 0.6395779868833761
width: 0.0475614671503426
height: 0.02765896777872826
Area: 0.0005068460418944457
CentroidX: 0.5435
CentroidY: 0.6515
