Location: Dedata_6.png_Mean-Closing.png
Component: component_1755522877707_174.png
centerX: 0.7258064516129032
centerY: 0.457395269307495
width: 0.046370967741935484
height: 0.022228555143915644
Area: 0.000639484643175613
CentroidX: 0.7498
CentroidY: 0.4677
