Location: internet_11.png_Gaussian-Median.png
Component: component_1755091164103_329.png
centerX: 0.09673518742442563
centerY: 0.8942115768463074
width: 0.0475614671503426
height: 0.02566295979469632
Area: 0.0005897113471565534
CentroidX: 0.1204
CentroidY: 0.9064
