Location: Dedata_6.png_Gaussian-Median.png
Component: component_1755522877792_53.png
centerX: 0.6685483870967742
centerY: 0.11627244229125107
width: 0.039112903225806454
height: 0.022798518096323737
Area: 0.0004177047040329475
CentroidX: 0.6886
CentroidY: 0.1268
