Location: internet_11.png_Gaussian-Median.png
Component: component_1755091164012_113.png
centerX: 0.5243853284965739
centerY: 0.303963501568292
width: 0.060459492140266025
height: 0.03364699173082407
Area: 0.0007047573534913245
CentroidX: 0.5572
CentroidY: 0.3192
