Location: internet_11.png_Gaussian-Median.png
Component: component_1755091164098_313.png
centerX: 0.08544941555824265
centerY: 0.8400342172797263
width: 0.05280128980249899
height: 0.02765896777872826
Area: 0.0005774137221037858
CentroidX: 0.1137
CentroidY: 0.8531
