Location: internet_11.png_Gaussian-Median.png
Component: component_1755091164068_227.png
centerX: 0.9214026602176542
centerY: 0.5771314513829484
width: 0.04877065699314793
height: 0.03051040775591674
Area: 0.0005600591297395995
CentroidX: 0.9460
CentroidY: 0.5913
