Location: Dedata_6.png_Mean-Medain.png
Component: component_1755522877535_104.png
centerX: 0.5935483870967742
centerY: 0.24194927329723567
width: 0.038306451612903226
height: 0.0219435736677116
Area: 0.0004974535526158541
CentroidX: 0.6135
CentroidY: 0.2520
