Location: Dedata_6.png_Gaussian-Median.png
Component: component_1755522877838_205.png
centerX: 0.4282258064516129
centerY: 0.5163864348817326
width: 0.036290322580645164
height: 0.021373610715303505
Area: 0.0005098640362569981
CentroidX: 0.4456
CentroidY: 0.5262
