Location: internet_11.png_Mean-Closing.png
Component: component_1755091163813_241.png
centerX: 0.49536477226924625
centerY: 0.8953521528371827
width: 0.049979846835953246
height: 0.026518391787852865
Area: 0.0006114333203806012
CentroidX: 0.5194
CentroidY: 0.9074
