Location: Dedata_6.png_Mean-Closing.png
Component: component_1755522877700_145.png
centerX: 0.5870967741935483
centerY: 0.3730407523510972
width: 0.03951612903225806
height: 0.02365346252493588
Area: 0.0006608582538909165
CentroidX: 0.6066
CentroidY: 0.3842
