Location: Dedata_6.png_Otsu.png
Component: component_1755522877217_192.png
centerX: 0.14193548387096774
centerY: 0.34653747506412086
width: 0.03951612903225806
height: 0.023938444001139925
Area: 0.0005937497127202861
CentroidX: 0.1617
CentroidY: 0.3578
