Location: Dedata_6.png_Mean-Medain.png
Component: component_1755522877616_259.png
centerX: 0.4245967741935484
centerY: 0.6939298945568538
width: 0.04838709677419355
height: 0.02536335138216016
Area: 0.0006885520183123581
CentroidX: 0.4494
CentroidY: 0.7060
