Location: internet_11.png_Gaussian-Closing.png
Component: component_1755091164180_82.png
centerX: 0.18903667875856509
centerY: 0.30196749358426006
width: 0.054816606207174524
height: 0.03421727972626176
Area: 0.0006985510754273108
CentroidX: 0.2180
CentroidY: 0.3179
