Location: internet_11.png_Gaussian-Closing.png
Component: component_1755091164193_137.png
centerX: 0.09391374445787988
centerY: 0.44026233247790136
width: 0.04675534058847239
height: 0.03136583974907328
Area: 0.0005717820994160697
CentroidX: 0.1178
CentroidY: 0.4545
