Location: Dedata_6.png_Mean-Closing.png
Component: component_1755522877697_131.png
centerX: 0.46088709677419354
centerY: 0.33257338273012255
width: 0.04596774193548387
height: 0.022513536620119692
Area: 0.0006493670653343016
CentroidX: 0.4844
CentroidY: 0.3427
