Location: Dedata_6.png_Otsu.png
Component: component_1755522877212_166.png
centerX: 0.25806451612903225
centerY: 0.3000854944428612
width: 0.03588709677419355
height: 0.0219435736677116
Area: 0.0003674882100405409
CentroidX: 0.2777
CentroidY: 0.3108
