Location: Dedata_6.png_Gaussian-Median.png
Component: component_1755522877847_239.png
centerX: 0.9282258064516129
centerY: 0.6186947848389854
width: 0.05040322580645161
height: 0.02536335138216016
Area: 0.0006759117109000818
CentroidX: 0.9544
CentroidY: 0.6302
