Location: Dedata_6.png_Gaussian-Median.png
Component: component_1755522877795_75.png
centerX: 0.47338709677419355
centerY: 0.16272442291251069
width: 0.039112903225806454
height: 0.0219435736677116
Area: 0.0004324134253854145
CentroidX: 0.4934
CentroidY: 0.1723
