Location: internet_11.png_Mean-Closing.png
Component: component_1755091163815_248.png
centerX: 0.2523176138653769
centerY: 0.9458226404334189
width: 0.041112454655380895
height: 0.02623324779013402
Area: 0.0005223617370544798
CentroidX: 0.2737
CentroidY: 0.9587
