Location: internet_11.png_Mean-Closing.png
Component: component_1755091163779_80.png
centerX: 0.10600564288593309
centerY: 0.3005417735956658
width: 0.04836759371221282
height: 0.03279155973766752
Area: 0.0006583251990864819
CentroidX: 0.1309
CentroidY: 0.3160
