Location: Dedata_6.png_Otsu.png
Component: component_1755522877218_197.png
centerX: 0.7685483870967742
centerY: 0.365916215445996
width: 0.043548387096774194
height: 0.024223425477343973
Area: 0.0005737550446317764
CentroidX: 0.7913
CentroidY: 0.3767
