Location: internet_11.png_Gaussian-Median.png
Component: component_1755091163896_52.png
centerX: 0.09673518742442563
centerY: 0.10949529512403763
width: 0.05401047964530431
height: 0.03307670373538637
Area: 0.0007492356796167555
CentroidX: 0.1253
CentroidY: 0.1263
