Location: Dedata_6.png_Otsu.png
Component: component_1755522877215_184.png
centerX: 0.5891129032258065
centerY: 0.329438586491878
width: 0.04395161290322581
height: 0.021658592191507554
Area: 0.0005359490342805137
CentroidX: 0.6106
CentroidY: 0.3391
