Location: Dedata_6.png_Gaussian-Median.png
Component: component_1755522877781_8.png
centerX: 0.9346774193548387
centerY: 0.012539184952978056
width: 0.04798387096774193
height: 0.022798518096323737
Area: 0.0005189420752167238
CentroidX: 0.9603
CentroidY: 0.0221
