Location: Dedata_6.png_Mean-Medain.png
Component: component_1755522877608_240.png
centerX: 0.7245967741935484
centerY: 0.6283841550299231
width: 0.0532258064516129
height: 0.027643203191792535
Area: 0.0007597973873633698
CentroidX: 0.7517
CentroidY: 0.6410
