Location: internet_11.png_Otsu.png
Component: component_1755091163677_759.png
centerX: 0.7049576783555018
centerY: 0.38922155688622756
width: 0.046352277307537285
height: 0.029654975762760195
Area: 0.00044041588039444804
CentroidX: 0.7274
CentroidY: 0.4023
