Location: internet_11.png_Otsu.png
Component: component_1755091163678_760.png
centerX: 0.7900040306328093
centerY: 0.3895067008839464
width: 0.03990326481257558
height: 0.025377815796977475
Area: 0.00040743066179496824
CentroidX: 0.8095
CentroidY: 0.4019
