Location: Dedata_6.png_Mean-Medain.png
Component: component_1755522877617_263.png
centerX: 0.2879032258064516
centerY: 0.7033342832715873
width: 0.050806451612903224
height: 0.028783129096608722
Area: 0.0007435948114985429
CentroidX: 0.3134
CentroidY: 0.7164
