Location: Dedata_6.png_Otsu.png
Component: component_1755522877191_32.png
centerX: 0.36129032258064514
centerY: 0.055571387859789115
width: 0.041935483870967745
height: 0.022513536620119692
Area: 0.00039713547651660706
CentroidX: 0.3838
CentroidY: 0.0654
