Location: Dedata_6.png_Gaussian-Median.png
Component: component_1755522877815_139.png
centerX: 0.5887096774193549
centerY: 0.329438586491878
width: 0.044758064516129036
height: 0.0219435736677116
Area: 0.0005608849134483678
CentroidX: 0.6107
CentroidY: 0.3392
