Location: Dedata_6.png_Gaussian-Median.png
Component: component_1755522877826_163.png
centerX: 0.07862903225806452
centerY: 0.39355941863778854
width: 0.0407258064516129
height: 0.024223425477343973
Area: 0.0005994953069985934
CentroidX: 0.0990
CentroidY: 0.4045
