Location: Dedata_6.png_Mean-Medain.png
Component: component_1755522877410_26.png
centerX: 0.2245967741935484
centerY: 0.05471644343117697
width: 0.039112903225806454
height: 0.02080364776289541
Area: 0.0005005561735261402
CentroidX: 0.2443
CentroidY: 0.0641
