Location: Dedata_6.png_Otsu.png
Component: component_1755522877248_322.png
centerX: 0.5592741935483871
centerY: 0.7284126531775434
width: 0.045564516129032256
height: 0.019948703334283273
Area: 0.000504348265749823
CentroidX: 0.5831
CentroidY: 0.7373
