Location: Kurtxevani_1764_page_10.png_Otsu.png
Component: component_1755610055867_817.png
centerX: 0.40194174757281553
centerY: 0.26707202993451823
width: 0.025889967637540454
height: 0.009354536950420954
Area: 0.00016317460894099982
CentroidX: 0.4153
CentroidY: 0.2710
