Location: Dedata_6.png_Gaussian-Median.png
Component: component_1755522877843_226.png
centerX: 0.8943548387096775
centerY: 0.5779424337418068
width: 0.046370967741935484
height: 0.0219435736677116
Area: 0.000606964579560393
CentroidX: 0.9182
CentroidY: 0.5880
