Location: internet_11.png_Gaussian-Median.png
Component: component_1755091164083_262.png
centerX: 0.4163643692059653
centerY: 0.6903336184773311
width: 0.05401047964530431
height: 0.02737382378100941
Area: 0.0005778734464048238
CentroidX: 0.4427
CentroidY: 0.7018
