Location: Dedata_6.png_Gaussian-Median.png
Component: component_1755522877840_214.png
centerX: 0.7556451612903226
centerY: 0.5408948418352807
width: 0.04153225806451613
height: 0.024508406953548018
Area: 0.0005737550446317764
CentroidX: 0.7771
CentroidY: 0.5524
