Location: internet_11.png_Otsu.png
Component: component_1755091163680_775.png
centerX: 0.36316001612253124
centerY: 0.3943541488451668
width: 0.045949214026602174
height: 0.028514399771884802
Area: 0.0004617930603927172
CentroidX: 0.3860
CentroidY: 0.4069
