Location: Dedata_6.png_Gaussian-Median.png
Component: component_1755522877803_108.png
centerX: 0.4004032258064516
centerY: 0.2510686805357652
width: 0.03669354838709677
height: 0.020518666286691366
Area: 0.0004855027165169748
CentroidX: 0.4186
CentroidY: 0.2607
