Location: Dedata_6.png_Mean-Closing.png
Component: component_1755522877672_21.png
centerX: 0.6326612903225807
centerY: 0.05329153605015674
width: 0.03588709677419355
height: 0.021658592191507554
Area: 0.0004290809807039962
CentroidX: 0.6522
CentroidY: 0.0631
