Location: internet_11.png_Mean-Closing.png
Component: component_1755091163804_202.png
centerX: 0.4969770253929867
centerY: 0.7467921300256629
width: 0.05078597339782346
height: 0.02566295979469632
Area: 0.0005479913668373508
CentroidX: 0.5227
CentroidY: 0.7581
