Location: Dedata_6.png_Mean-Medain.png
Component: component_1755522877534_102.png
centerX: 0.7189516129032258
centerY: 0.23852949558278713
width: 0.03870967741935484
height: 0.0219435736677116
Area: 0.0005102087719136965
CentroidX: 0.7382
CentroidY: 0.2484
