Location: internet_11.png_Mean-Closing.png
Component: component_1755091163808_221.png
centerX: 0.8254735993550988
centerY: 0.8377530652979754
width: 0.046352277307537285
height: 0.023952095808383235
Area: 0.000514316561786314
CentroidX: 0.8487
CentroidY: 0.8484
