Location: Dedata_6.png_Otsu.png
Component: component_1755522877240_290.png
centerX: 0.652016129032258
centerY: 0.6323738956967797
width: 0.055645161290322584
height: 0.029353092049016812
Area: 0.0006863686924866013
CentroidX: 0.6807
CentroidY: 0.6464
