Location: Dedata_6.png_Mean-Medain.png
Component: component_1755522877538_113.png
centerX: 0.01975806451612903
centerY: 0.2599031062980906
width: 0.03225806451612903
height: 0.022798518096323737
Area: 0.0004845834214324456
CentroidX: 0.0370
CentroidY: 0.2707
