Location: internet_11.png_Otsu.png
Component: component_1755091163657_124.png
centerX: 0.4316807738814994
centerY: 0.05930995152552039
width: 0.056831922611850064
height: 0.027088679783290562
Area: 0.0006036180072629543
CentroidX: 0.4623
CentroidY: 0.0699
