Location: Dedata_6.png_Otsu.png
Component: component_1755522877191_33.png
centerX: 0.0907258064516129
centerY: 0.05585636933599316
width: 0.0467741935483871
height: 0.02108862923909946
Area: 0.00044103181680287554
CentroidX: 0.1151
CentroidY: 0.0648
