Location: internet_11.png_Gaussian-Closing.png
Component: component_1755091164221_258.png
centerX: 0.32849657396211207
centerY: 0.9483889364128885
width: 0.04353083434099154
height: 0.027944111776447105
Area: 0.0005654608902767966
CentroidX: 0.3507
CentroidY: 0.9611
