Location: internet_11.png_Gaussian-Closing.png
Component: component_1755091164181_84.png
centerX: 0.7799274486094316
centerY: 0.3022526375819789
width: 0.049979846835953246
height: 0.032506415739948676
Area: 0.0006128124932837153
CentroidX: 0.8070
CentroidY: 0.3162
