Location: internet_11.png_Otsu.png
Component: component_1755091163715_1698.png
centerX: 0.5856509471987102
centerY: 0.9498146564014828
width: 0.04030632809351068
height: 0.026518391787852865
Area: 0.00041938349362195744
CentroidX: 0.6060
CentroidY: 0.9627
