Location: internet_11.png_Gaussian-Closing.png
Component: component_1755091164217_237.png
centerX: 0.577589681580008
centerY: 0.8448816652409467
width: 0.04554615074566707
height: 0.025092671799258625
Area: 0.000534314568881469
CentroidX: 0.6001
CentroidY: 0.8565
