Location: Dedata_6.png_Otsu.png
Component: component_1755522877208_136.png
centerX: 0.4653225806451613
centerY: 0.24850384724992874
width: 0.03467741935483871
height: 0.02108862923909946
Area: 0.0003448505685840098
CentroidX: 0.4837
CentroidY: 0.2580
