Location: Dedata_6.png_Mean-Closing.png
Component: component_1755522877714_201.png
centerX: 0.9298387096774193
centerY: 0.5354801937874039
width: 0.045564516129032256
height: 0.024793388429752067
Area: 0.0006806230982082939
CentroidX: 0.9535
CentroidY: 0.5471
