Location: Dedata_6.png_Mean-Closing.png
Component: component_1755522877717_217.png
centerX: 0.8290322580645161
centerY: 0.5799373040752351
width: 0.045564516129032256
height: 0.021373610715303505
Area: 0.0005805348458801791
CentroidX: 0.8533
CentroidY: 0.5895
