Location: internet_11.png_Otsu.png
Component: component_1755091163702_1414.png
centerX: 0.016928657799274487
centerY: 0.7473624180211007
width: 0.03869407496977025
height: 0.03051040775591674
Area: 0.0004824806539394293
CentroidX: 0.0377
CentroidY: 0.7612
