Location: Dedata_6.png_Mean-Closing.png
Component: component_1755522877707_176.png
centerX: 0.5983870967741935
centerY: 0.46366486178398403
width: 0.04233870967741935
height: 0.023938444001139925
Area: 0.0006395995550611791
CentroidX: 0.6193
CentroidY: 0.4745
