Location: Dedata_6.png_Mean-Medain.png
Component: component_1755522877566_162.png
centerX: 0.9016129032258065
centerY: 0.40524365916215443
width: 0.0407258064516129
height: 0.022228555143915644
Area: 0.0006013338971676518
CentroidX: 0.9219
CentroidY: 0.4162
