Location: Dedata_6.png_Mean-Closing.png
Component: component_1755522877692_110.png
centerX: 0.7620967741935484
centerY: 0.27415218010829295
width: 0.041935483870967745
height: 0.024508406953548018
Area: 0.0006035172229934087
CentroidX: 0.7833
CentroidY: 0.2860
