Location: internet_11.png_Gaussian-Median.png
Component: component_1755091164098_314.png
centerX: 0.3280935106811769
centerY: 0.8408896492728828
width: 0.049576783555018135
height: 0.027944111776447105
Area: 0.0005769539978027477
CentroidX: 0.3528
CentroidY: 0.8534
