Location: internet_11.png_Gaussian-Median.png
Component: component_1755091163974_69.png
centerX: 0.4349052801289803
centerY: 0.16167664670658682
width: 0.060056428859330914
height: 0.03307670373538637
Area: 0.0007225716701565487
CentroidX: 0.4643
CentroidY: 0.1757
