Location: internet_11.png_Otsu.png
Component: component_1755091163680_783.png
centerX: 0.017331721080209594
centerY: 0.39520958083832336
width: 0.04514308746473196
height: 0.028229255774165955
Area: 0.00043800232781399833
CentroidX: 0.0400
CentroidY: 0.4074
