Location: Paraklitoni_1720_page_10.png_Mean-Medain.png
Component: component_1755610055312_1066.png
centerX: 0.18140243902439024
centerY: 0.3844611528822055
width: 0.019054878048780487
height: 0.007518796992481203
Area: 8.901827740081912e-05
CentroidX: 0.1914
CentroidY: 0.3876
