Location: internet_11.png_Gaussian-Closing.png
Component: component_1755091164217_239.png
centerX: 0.8230552196694881
centerY: 0.8905047048759623
width: 0.046352277307537285
height: 0.02423723980610208
Area: 0.0005273037732906388
CentroidX: 0.8472
CentroidY: 0.9008
