Location: Dedata_6.png_Gaussian-Median.png
Component: component_1755522877787_29.png
centerX: 0.36088709677419356
centerY: 0.05528640638358507
width: 0.04233870967741935
height: 0.02336848104873183
Area: 0.0004727474972191324
CentroidX: 0.3840
CentroidY: 0.0658
