Location: Dedata_6.png_Mean-Medain.png
Component: component_1755522877581_193.png
centerX: 0.9282258064516129
centerY: 0.49786263892846966
width: 0.0407258064516129
height: 0.02365346252493588
Area: 0.0006428170878570312
CentroidX: 0.9489
CentroidY: 0.5092
