Location: Dedata_6.png_Mean-Medain.png
Component: component_1755522877440_39.png
centerX: 0.6133064516129032
centerY: 0.0877742946708464
width: 0.036290322580645164
height: 0.023938444001139925
Area: 0.0004940061960488697
CentroidX: 0.6321
CentroidY: 0.0988
