Location: internet_11.png_Gaussian-Median.png
Component: component_1755091164039_151.png
centerX: 0.44417573559048773
centerY: 0.39150270886797833
width: 0.04917372027408303
height: 0.02765896777872826
Area: 0.000479492445982682
CentroidX: 0.4699
CentroidY: 0.4032
