Location: internet_11.png_Gaussian-Closing.png
Component: component_1755091164166_31.png
centerX: 0.7670294236195082
centerY: 0.10692899914456801
width: 0.04353083434099154
height: 0.02737382378100941
Area: 0.0005785630328563808
CentroidX: 0.7892
CentroidY: 0.1191
