Location: Dedata_6.png_Gaussian-Median.png
Component: component_1755522877838_207.png
centerX: 0.22580645161290322
centerY: 0.5212311199772015
width: 0.038306451612903226
height: 0.021373610715303505
Area: 0.0005172183969332316
CentroidX: 0.2451
CentroidY: 0.5310
