Location: Dedata_6.png_Gaussian-Median.png
Component: component_1755522877854_267.png
centerX: 0.22338709677419355
centerY: 0.7050441721288117
width: 0.04516129032258064
height: 0.029068110572812767
Area: 0.000717279989703895
CentroidX: 0.2465
CentroidY: 0.7190
