Location: Dedata_6.png_Mean-Closing.png
Component: component_1755522877673_23.png
centerX: 0.020161290322580645
centerY: 0.05443146195497293
width: 0.045564516129032256
height: 0.022513536620119692
Area: 0.0005772024011987608
CentroidX: 0.0439
CentroidY: 0.0651
