Location: Dedata_6.png_Otsu.png
Component: component_1755522877220_206.png
centerX: 0.20362903225806453
centerY: 0.3878597891137076
width: 0.04233870967741935
height: 0.021373610715303505
Area: 0.0005483595179216577
CentroidX: 0.2257
CentroidY: 0.3976
