Location: Dedata_6.png_Mean-Closing.png
Component: component_1755522877724_245.png
centerX: 0.08588709677419355
centerY: 0.6657167284126532
width: 0.04314516129032258
height: 0.027643203191792535
Area: 0.0006723494424475312
CentroidX: 0.1083
CentroidY: 0.6791
