Location: Dedata_6.png_Otsu.png
Component: component_1755522877192_45.png
centerX: 0.8024193548387096
centerY: 0.07922485038472499
width: 0.036290322580645164
height: 0.022513536620119692
Area: 0.0003086533246306732
CentroidX: 0.8225
CentroidY: 0.0893
