Location: Dedata_6.png_Mean-Medain.png
Component: component_1755522877423_37.png
centerX: 0.739516129032258
centerY: 0.0829296095753776
width: 0.04032258064516129
height: 0.023083499572527786
Area: 0.00043459675121117127
CentroidX: 0.7602
CentroidY: 0.0933
