Location: internet_11.png_Otsu.png
Component: component_1755091163664_171.png
centerX: 0.8633615477629988
centerY: 0.16053607071571144
width: 0.05199516324062878
height: 0.03165098374679213
Area: 0.0006141916661868294
CentroidX: 0.8894
CentroidY: 0.1739
