Location: internet_11.png_Otsu.png
Component: component_1755091163689_1163.png
centerX: 0.7698508665860541
centerY: 0.5323638437410892
width: 0.04514308746473196
height: 0.027944111776447105
Area: 0.0005305218433979051
CentroidX: 0.7928
CentroidY: 0.5444
