Location: Dedata_6.png_Otsu.png
Component: component_1755522877195_56.png
centerX: 0.2838709677419355
centerY: 0.0957537760045597
width: 0.03790322580645161
height: 0.02080364776289541
Area: 0.0003694417120951654
CentroidX: 0.3033
CentroidY: 0.1047
