Location: internet_11.png_Otsu.png
Component: component_1755091163666_185.png
centerX: 0.2660217654171705
centerY: 0.210151126318791
width: 0.05078597339782346
height: 0.032506415739948676
Area: 0.0006447633322058595
CentroidX: 0.2908
CentroidY: 0.2244
