Location: internet_11.png_Gaussian-Closing.png
Component: component_1755091164218_242.png
centerX: 0.5792019347037485
centerY: 0.8919304248645566
width: 0.04675534058847239
height: 0.0290846877673225
Area: 0.0005635070619973849
CentroidX: 0.6021
CentroidY: 0.9035
