Location: internet_11.png_Gaussian-Closing.png
Component: component_1755091164174_62.png
centerX: 0.9343006852075776
centerY: 0.21100655831194753
width: 0.053204353083434096
height: 0.03051040775591674
Area: 0.0006010895236072451
CentroidX: 0.9616
CentroidY: 0.2236
