Location: Dedata_6.png_Mean-Medain.png
Component: component_1755522877570_166.png
centerX: 0.730241935483871
centerY: 0.41493302935309206
width: 0.04112903225806452
height: 0.022513536620119692
Area: 0.0006060452844758639
CentroidX: 0.7513
CentroidY: 0.4257
