Location: internet_11.png_Mean-Closing.png
Component: component_1755091163802_192.png
centerX: 0.2494961708988311
centerY: 0.6948959224408326
width: 0.05199516324062878
height: 0.02623324779013402
Area: 0.0005884471053286989
CentroidX: 0.2750
CentroidY: 0.7063
