Location: internet_11.png_Gaussian-Closing.png
Component: component_1755091164193_138.png
centerX: 0.8637646110439339
centerY: 0.47533504419731964
width: 0.05723498589278517
height: 0.030795551753635585
Area: 0.0006579804058607033
CentroidX: 0.8918
CentroidY: 0.4889
