Location: internet_11.png_Gaussian-Median.png
Component: component_1755091164102_326.png
centerX: 0.01894397420395002
centerY: 0.8919304248645566
width: 0.04312777106005643
height: 0.02594810379241517
Area: 0.0005239707721081129
CentroidX: 0.0407
CentroidY: 0.9039
