Location: internet_11.png_Mean-Closing.png
Component: component_1755091163796_166.png
centerX: 0.1708988311164853
centerY: 0.5902480752780154
width: 0.053607416364369206
height: 0.029940119760479042
Area: 0.0006140767351115699
CentroidX: 0.1960
CentroidY: 0.6038
