Location: internet_11.png_Otsu.png
Component: component_1755091163712_1665.png
centerX: 0.09673518742442563
centerY: 0.9421157684630739
width: 0.041515517936316
height: 0.027944111776447105
Area: 0.0004647812683494645
CentroidX: 0.1192
CentroidY: 0.9543
