Location: internet_11.png_Mean-Closing.png
Component: component_1755091163784_101.png
centerX: 0.2877871825876663
centerY: 0.34930139720558884
width: 0.041112454655380895
height: 0.03421727972626176
Area: 0.0005254648760864866
CentroidX: 0.3127
CentroidY: 0.3649
