Location: internet_11.png_Gaussian-Median.png
Component: component_1755091164041_154.png
centerX: 0.09310761789600967
centerY: 0.3937838608497291
width: 0.051592099959693674
height: 0.026518391787852865
Area: 0.0005391416740423684
CentroidX: 0.1204
CentroidY: 0.4059
