Location: Dedata_6.png_Otsu.png
Component: component_1755522877216_190.png
centerX: 0.20362903225806453
centerY: 0.34539754915930465
width: 0.04798387096774193
height: 0.022798518096323737
Area: 0.0005974268930584028
CentroidX: 0.2274
CentroidY: 0.3560
