Location: internet_11.png_Gaussian-Closing.png
Component: component_1755091164199_162.png
centerX: 0.9214026602176542
centerY: 0.5771314513829484
width: 0.04877065699314793
height: 0.03022526375819789
Area: 0.000554772300277662
CentroidX: 0.9460
CentroidY: 0.5913
