Location: internet_11.png_Gaussian-Median.png
Component: component_1755091164021_126.png
centerX: 0.7839580814187828
centerY: 0.3478756772169946
width: 0.041112454655380895
height: 0.03022526375819789
Area: 0.0005237409099575938
CentroidX: 0.8057
CentroidY: 0.3616
