Location: internet_11.png_Gaussian-Median.png
Component: component_1755091164099_315.png
centerX: 0.166062071745264
centerY: 0.8420302252637581
width: 0.0475614671503426
height: 0.026518391787852865
Area: 0.0005678744428572463
CentroidX: 0.1901
CentroidY: 0.8541
