Location: Dedata_6.png_Gaussian-Median.png
Component: component_1755522877856_276.png
centerX: 0.4875
centerY: 0.7306925049871759
width: 0.049193548387096775
height: 0.022798518096323737
Area: 0.0005726059257761149
CentroidX: 0.5130
CentroidY: 0.7411
