Location: internet_11.png_Mean-Closing.png
Component: component_1755091163804_203.png
centerX: 0.24667472793228537
centerY: 0.7473624180211007
width: 0.04675534058847239
height: 0.02765896777872826
Area: 0.0005660355456530941
CentroidX: 0.2707
CentroidY: 0.7597
