Location: internet_11.png_Gaussian-Median.png
Component: component_1755091164070_230.png
centerX: 0.5239822652156388
centerY: 0.587111491303108
width: 0.04836759371221282
height: 0.026518391787852865
Area: 0.0004915602088849307
CentroidX: 0.5484
CentroidY: 0.5991
