Location: internet_11.png_Gaussian-Closing.png
Component: component_1755091164160_11.png
centerX: 0.7178557033454253
centerY: 0.01454234388366125
width: 0.0471584038694075
height: 0.03022526375819789
Area: 0.0005984461088762764
CentroidX: 0.7428
CentroidY: 0.0287
