Location: internet_11.png_Gaussian-Closing.png
Component: component_1755091164200_168.png
centerX: 0.6835953244659412
centerY: 0.5876817792985458
width: 0.042724707779121324
height: 0.030795551753635585
Area: 0.0005370729146876972
CentroidX: 0.7058
CentroidY: 0.6017
