Location: Dedata_6.png_Gaussian-Median.png
Component: component_1755522877803_109.png
centerX: 0.26370967741935486
centerY: 0.2536335138216016
width: 0.04032258064516129
height: 0.021658592191507554
Area: 0.00047941238658196893
CentroidX: 0.2844
CentroidY: 0.2637
