Location: internet_11.png_Gaussian-Closing.png
Component: component_1755091164218_243.png
centerX: 0.6577992744860943
centerY: 0.8925007128599943
width: 0.04554615074566707
height: 0.02623324779013402
Area: 0.0005730463412439243
CentroidX: 0.6802
CentroidY: 0.9045
