Location: Dedata_6.png_Otsu.png
Component: component_1755522877215_186.png
centerX: 0.4612903225806452
centerY: 0.33257338273012255
width: 0.04516129032258064
height: 0.022513536620119692
Area: 0.0005837523786760312
CentroidX: 0.4844
CentroidY: 0.3426
