Location: internet_11.png_Gaussian-Closing.png
Component: component_1755091164185_97.png
centerX: 0.09915356711003627
centerY: 0.34759053321927574
width: 0.056831922611850064
height: 0.031080695751354435
Area: 0.0006312014653252372
CentroidX: 0.1294
CentroidY: 0.3615
