Location: internet_11.png_Otsu.png
Component: component_1755091163701_1408.png
centerX: 0.6702942361950827
centerY: 0.7453664100370687
width: 0.05239822652156389
height: 0.025092671799258625
Area: 0.00030146421040569865
CentroidX: 0.7004
CentroidY: 0.7553
