Location: internet_11.png_Otsu.png
Component: component_1755091163668_220.png
centerX: 0.013704151551793631
centerY: 0.25263758197889935
width: 0.04393389762192664
height: 0.023096663815226688
Area: 0.0004561614377050011
CentroidX: 0.0351
CentroidY: 0.2633
