Location: internet_11.png_Mean-Closing.png
Component: component_1755091163785_109.png
centerX: 0.8694074969770254
centerY: 0.388366124893071
width: 0.04353083434099154
height: 0.03051040775591674
Area: 0.0005240857031833724
CentroidX: 0.8902
CentroidY: 0.4035
