Location: internet_11.png_Mean-Closing.png
Component: component_1755091163817_255.png
centerX: 0.585247883917775
centerY: 0.9498146564014828
width: 0.041112454655380895
height: 0.026803535785571715
Area: 0.0005671848564056892
CentroidX: 0.6056
CentroidY: 0.9624
