Location: internet_11.png_Gaussian-Closing.png
Component: component_1755091164181_86.png
centerX: 0.4397420395002015
centerY: 0.3031080695751354
width: 0.049576783555018135
height: 0.03421727972626176
Area: 0.0006462574361842332
CentroidX: 0.4651
CentroidY: 0.3189
