Location: internet_11.png_Mean-Closing.png
Component: component_1755091163807_217.png
centerX: 0.24546553808948005
centerY: 0.7978329056173368
width: 0.05078597339782346
height: 0.025377815796977475
Area: 0.0005331652581288738
CentroidX: 0.2712
CentroidY: 0.8085
