Location: Dedata_6.png_Otsu.png
Component: component_1755522877235_269.png
centerX: 0.09314516129032258
centerY: 0.5750926189797663
width: 0.04153225806451613
height: 0.02365346252493588
Area: 0.0005805348458801791
CentroidX: 0.1143
CentroidY: 0.5862
