Location: internet_11.png_Mean-Closing.png
Component: component_1755091163796_168.png
centerX: 0.347037484885127
centerY: 0.590818363273453
width: 0.0475614671503426
height: 0.027944111776447105
Area: 0.0005558066799549976
CentroidX: 0.3706
CentroidY: 0.6035
