Location: internet_11.png_Otsu.png
Component: component_1755091163673_267.png
centerX: 0.3571140669085046
centerY: 0.30367835757057315
width: 0.044740024183796856
height: 0.028229255774165955
Area: 0.00038639827502247765
CentroidX: 0.3809
CentroidY: 0.3166
