Location: Dedata_6.png_Mean-Medain.png
Component: component_1755522877410_27.png
centerX: 0.09032258064516129
centerY: 0.055571387859789115
width: 0.04758064516129032
height: 0.0219435736677116
Area: 0.0005591612351648756
CentroidX: 0.1154
CentroidY: 0.0651
