Location: internet_11.png_Gaussian-Median.png
Component: component_1755091164089_277.png
centerX: 0.758565094719871
centerY: 0.7456515540347876
width: 0.04796453043127771
height: 0.02737382378100941
Area: 0.0004946633479169375
CentroidX: 0.7832
CentroidY: 0.7571
