Location: Kurtxevani_1794_page_10.png_Mean-Medain.png
Component: component_1755610054599_453.png
centerX: 0.8468731735827002
centerY: 0.07933010136624064
width: 0.022209234365867914
height: 0.010577346848832084
Area: 0.0001730950974677372
CentroidX: 0.8584
CentroidY: 0.0840
