Location: Dedata_6.png_Gaussian-Median.png
Component: component_1755522877805_114.png
centerX: 0.1350806451612903
centerY: 0.2584781989170704
width: 0.04153225806451613
height: 0.021373610715303505
Area: 0.0005156096305353055
CentroidX: 0.1566
CentroidY: 0.2681
