Location: Dedata_6.png_Gaussian-Median.png
Component: component_1755522877852_260.png
centerX: 0.5701612903225807
centerY: 0.6870903391279567
width: 0.04395161290322581
height: 0.024508406953548018
Area: 0.0006137443808087958
CentroidX: 0.5935
CentroidY: 0.6985
