Location: Dedata_6.png_Gaussian-Median.png
Component: component_1755522877810_124.png
centerX: 0.44717741935483873
centerY: 0.292675976061556
width: 0.04233870967741935
height: 0.02080364776289541
Area: 0.0005269859072063542
CentroidX: 0.4682
CentroidY: 0.3018
