Location: Dedata_6.png_Mean-Closing.png
Component: component_1755522877698_137.png
centerX: 0.07782258064516129
centerY: 0.3468224565403249
width: 0.044758064516129036
height: 0.022798518096323737
Area: 0.0006074242271026577
CentroidX: 0.0998
CentroidY: 0.3572
