Location: Dedata_6.png_Mean-Closing.png
Component: component_1755522877731_272.png
centerX: 0.10201612903225807
centerY: 0.755770874893132
width: 0.046370967741935484
height: 0.022513536620119692
Area: 0.0006214434771417278
CentroidX: 0.1259
CentroidY: 0.7662
