Location: Dedata_6.png_Mean-Closing.png
Component: component_1755522877716_210.png
centerX: 0.3504032258064516
centerY: 0.5614135081219721
width: 0.04314516129032258
height: 0.024223425477343973
Area: 0.0006237417148530507
CentroidX: 0.3723
CentroidY: 0.5728
