Location: internet_11.png_Gaussian-Median.png
Component: component_1755091164033_131.png
centerX: 0.3651753325272068
centerY: 0.3498716852010265
width: 0.0471584038694075
height: 0.03307670373538637
Area: 0.0005875276567266228
CentroidX: 0.3910
CentroidY: 0.3655
