Location: Dedata_6.png_Mean-Medain.png
Component: component_1755522877579_188.png
centerX: 0.2875
centerY: 0.47306925049871756
width: 0.0407258064516129
height: 0.023083499572527786
Area: 0.0005934049770635877
CentroidX: 0.3083
CentroidY: 0.4837
