Location: internet_11.png_Otsu.png
Component: component_1755091163681_894.png
centerX: 0.9379282547359935
centerY: 0.42971200456230396
width: 0.04796453043127771
height: 0.02281151981750784
Area: 0.00026445640417213596
CentroidX: 0.9691
CentroidY: 0.4398
