Location: internet_11.png_Gaussian-Median.png
Component: component_1755091164037_149.png
centerX: 0.7900040306328093
centerY: 0.3895067008839464
width: 0.04030632809351068
height: 0.02594810379241517
Area: 0.0004699531667361425
CentroidX: 0.8099
CentroidY: 0.4020
