Location: internet_11.png_Otsu.png
Component: component_1755091163678_761.png
centerX: 0.5308343409915357
centerY: 0.39093242087254065
width: 0.05199516324062878
height: 0.03051040775591674
Area: 0.0004771938244774917
CentroidX: 0.5555
CentroidY: 0.4031
