Location: Kurtxevani_1794_page_10.png_Mean-Medain.png
Component: component_1755610055037_1937.png
centerX: 0.5885447106954997
centerY: 0.5945350374614368
width: 0.03272939801285798
height: 0.014103129131776113
Area: 0.00025500617037657716
CentroidX: 0.6054
CentroidY: 0.6011
