Location: Dedata_6.png_Mean-Medain.png
Component: component_1755522877578_182.png
centerX: 0.6629032258064517
centerY: 0.46024508406953546
width: 0.04233870967741935
height: 0.024793388429752067
Area: 0.0006375311411209885
CentroidX: 0.6848
CentroidY: 0.4717
