Location: internet_11.png_Mean-Closing.png
Component: component_1755091163785_110.png
centerX: 0.7049576783555018
centerY: 0.3889364128885087
width: 0.04675534058847239
height: 0.03022526375819789
Area: 0.0005429343995259323
CentroidX: 0.7277
CentroidY: 0.4024
