Location: internet_11.png_Gaussian-Closing.png
Component: component_1755091164210_207.png
centerX: 0.24667472793228537
centerY: 0.7476475620188195
width: 0.04675534058847239
height: 0.02737382378100941
Area: 0.0005136269753347569
CentroidX: 0.2707
CentroidY: 0.7596
