Location: internet_11.png_Gaussian-Closing.png
Component: component_1755091164184_96.png
centerX: 0.9391374445787989
centerY: 0.34673510122611917
width: 0.037484885126964934
height: 0.026518391787852865
Area: 0.0004075455928702278
CentroidX: 0.9616
CentroidY: 0.3589
