Location: Dedata_6.png_Otsu.png
Component: component_1755522877214_181.png
centerX: 0.7120967741935483
centerY: 0.32345397549159305
width: 0.04112903225806452
height: 0.024508406953548018
Area: 0.0005854760569595234
CentroidX: 0.7331
CentroidY: 0.3347
