Location: internet_11.png_Mean-Closing.png
Component: component_1755091163814_245.png
centerX: 0.09592906086255543
centerY: 0.9421157684630739
width: 0.04232164449818621
height: 0.027944111776447105
Area: 0.0005521288855466932
CentroidX: 0.1187
CentroidY: 0.9545
