Location: internet_11.png_Gaussian-Closing.png
Component: component_1755091164166_34.png
centerX: 0.18460298266827893
centerY: 0.1092101511263188
width: 0.049576783555018135
height: 0.033932135728542916
Area: 0.0007067111817707362
CentroidX: 0.2111
CentroidY: 0.1261
