Location: internet_11.png_Mean-Closing.png
Component: component_1755091163768_19.png
centerX: 0.8810963321241435
centerY: 0.0575990875392073
width: 0.055219669488109635
height: 0.03136583974907328
Area: 0.0007723368257439172
CentroidX: 0.9085
CentroidY: 0.0723
