Location: internet_11.png_Otsu.png
Component: component_1755091163657_122.png
centerX: 0.6860137041515518
centerY: 0.05873966353008269
width: 0.06368399838774688
height: 0.028514399771884802
Area: 0.000709814320802743
CentroidX: 0.7212
CentroidY: 0.0714
