Location: internet_11.png_Gaussian-Median.png
Component: component_1755091164049_183.png
centerX: 0.5308343409915357
centerY: 0.43484459652124324
width: 0.0475614671503426
height: 0.03364699173082407
Area: 0.00063993622704496
CentroidX: 0.5546
CentroidY: 0.4491
