Location: Dedata_6.png_Gaussian-Median.png
Component: component_1755522877794_69.png
centerX: 0.7959677419354839
centerY: 0.14619549729267597
width: 0.0375
height: 0.022513536620119692
Area: 0.00047033434762224326
CentroidX: 0.8147
CentroidY: 0.1556
