Location: internet_11.png_Gaussian-Median.png
Component: component_1755091164040_153.png
centerX: 0.9423619508262797
centerY: 0.39264328485885375
width: 0.04312777106005643
height: 0.02879954376960365
Area: 0.0004931692439385638
CentroidX: 0.9642
CentroidY: 0.4054
