Location: Dedata_6.png_Mean-Closing.png
Component: component_1755522877680_51.png
centerX: 0.605241935483871
centerY: 0.12225705329153605
width: 0.03346774193548387
height: 0.0176688515246509
Area: 0.00036105314444883664
CentroidX: 0.6228
CentroidY: 0.1307
