Location: internet_11.png_Mean-Closing.png
Component: component_1755091163789_130.png
centerX: 0.365981459089077
centerY: 0.4345594525235244
width: 0.04554615074566707
height: 0.02879954376960365
Area: 0.0005485660222136484
CentroidX: 0.3903
CentroidY: 0.4476
