Location: internet_11.png_Gaussian-Median.png
Component: component_1755091163870_28.png
centerX: 0.1841999193873438
centerY: 0.05645851154833191
width: 0.04675534058847239
height: 0.031080695751354435
Area: 0.000579482481458457
CentroidX: 0.2102
CentroidY: 0.0701
