Location: Dedata_6.png_Mean-Closing.png
Component: component_1755522877707_173.png
centerX: 0.7947580645161291
centerY: 0.45198062125961813
width: 0.042741935483870966
height: 0.024508406953548018
Area: 0.0006312109874148503
CentroidX: 0.8172
CentroidY: 0.4636
