Location: Dedata_6.png_Gaussian-Median.png
Component: component_1755522877786_27.png
centerX: 0.09032258064516129
centerY: 0.055571387859789115
width: 0.04758064516129032
height: 0.022228555143915644
Area: 0.0005171034850476654
CentroidX: 0.1153
CentroidY: 0.0652
