Location: internet_11.png_Otsu.png
Component: component_1755091163693_1186.png
centerX: 0.347037484885127
centerY: 0.5911035072711719
width: 0.0475614671503426
height: 0.02737382378100941
Area: 0.00047960737705794146
CentroidX: 0.3703
CentroidY: 0.6032
