Location: Dedata_6.png_Gaussian-Median.png
Component: component_1755522877801_97.png
centerX: 0.07620967741935483
centerY: 0.21801082929609575
width: 0.039112903225806454
height: 0.01937874038187518
Area: 0.0004451686446832569
CentroidX: 0.0964
CentroidY: 0.2264
