Location: Dedata_6.png_Gaussian-Median.png
Component: component_1755522877813_134.png
centerX: 0.8903225806451613
centerY: 0.3174693644913081
width: 0.04233870967741935
height: 0.024793388429752067
Area: 0.0006125952619531344
CentroidX: 0.9113
CentroidY: 0.3287
