Location: Dedata_6.png_Otsu.png
Component: component_1755522877234_265.png
centerX: 0.35080645161290325
centerY: 0.5616984895981761
width: 0.04233870967741935
height: 0.02365346252493588
Area: 0.0005613445609906324
CentroidX: 0.3722
CentroidY: 0.5727
