Location: internet_11.png_Mean-Closing.png
Component: component_1755091163767_17.png
centerX: 0.6126561870213624
centerY: 0.05674365554605076
width: 0.0471584038694075
height: 0.02879954376960365
Area: 0.0006434990903780048
CentroidX: 0.6374
CentroidY: 0.0714
