Location: internet_11.png_Mean-Closing.png
Component: component_1755091163802_191.png
centerX: 0.16444981862152358
centerY: 0.6946107784431138
width: 0.04353083434099154
height: 0.029369831765041345
Area: 0.0005768390667274882
CentroidX: 0.1861
CentroidY: 0.7075
