Location: internet_11.png_Otsu.png
Component: component_1755091163684_932.png
centerX: 0.5308343409915357
centerY: 0.4351297405189621
width: 0.0475614671503426
height: 0.033361847733105215
Area: 0.0005036279717871794
CentroidX: 0.5548
CentroidY: 0.4486
