Location: Dedata_6.png_Mean-Closing.png
Component: component_1755522877682_59.png
centerX: 0.0875
centerY: 0.13707609005414648
width: 0.037096774193548385
height: 0.02108862923909946
Area: 0.00044838617747910905
CentroidX: 0.1063
CentroidY: 0.1467
