Location: internet_11.png_Gaussian-Median.png
Component: component_1755091163977_81.png
centerX: 0.8617492946392583
centerY: 0.2107214143142287
width: 0.041515517936316
height: 0.028514399771884802
Area: 0.0005628174755458278
CentroidX: 0.8832
CentroidY: 0.2242
