Location: Dedata_6.png_Mean-Closing.png
Component: component_1755522877706_171.png
centerX: 0.9149193548387097
centerY: 0.44656597321174124
width: 0.04032258064516129
height: 0.02365346252493588
Area: 0.0006011040733965195
CentroidX: 0.9353
CentroidY: 0.4577
