Location: internet_11.png_Gaussian-Closing.png
Component: component_1755091164158_4.png
centerX: 0.11164852881902458
centerY: 0.00998003992015968
width: 0.053607416364369206
height: 0.024522383803820928
Area: 0.0005847693109203945
CentroidX: 0.1390
CentroidY: 0.0210
