Location: Dedata_6.png_Otsu.png
Component: component_1755522877241_296.png
centerX: 0.2854838709677419
centerY: 0.658592191507552
width: 0.054838709677419356
height: 0.0262182958107723
Area: 0.0006793590674670663
CentroidX: 0.3127
CentroidY: 0.6703
