Location: Dedata_6.png_Mean-Closing.png
Component: component_1755522877719_226.png
centerX: 0.2221774193548387
centerY: 0.6144200626959248
width: 0.04758064516129032
height: 0.02821316614420063
Area: 0.0007213019056987102
CentroidX: 0.2467
CentroidY: 0.6273
