Location: internet_11.png_Gaussian-Median.png
Component: component_1755091164077_243.png
centerX: 0.9040709391374446
centerY: 0.6364414029084687
width: 0.04836759371221282
height: 0.02566295979469632
Area: 0.000485124068670398
CentroidX: 0.9282
CentroidY: 0.6481
