Location: internet_11.png_Otsu.png
Component: component_1755091163695_1207.png
centerX: 0.7613865376864167
centerY: 0.637867122897063
width: 0.03990326481257558
height: 0.027944111776447105
Area: 0.0004111084562032726
CentroidX: 0.7810
CentroidY: 0.6507
