Location: Dedata_6.png_Gaussian-Median.png
Component: component_1755522877818_146.png
centerX: 0.14193548387096774
centerY: 0.34625249358791677
width: 0.039919354838709675
height: 0.024508406953548018
Area: 0.0006197197988582356
CentroidX: 0.1617
CentroidY: 0.3578
