Location: Dedata_6.png_Gaussian-Median.png
Component: component_1755522877785_21.png
centerX: 0.6951612903225807
centerY: 0.05129666571672841
width: 0.039112903225806454
height: 0.021658592191507554
Area: 0.00043390727989777437
CentroidX: 0.7161
CentroidY: 0.0614
