Location: internet_11.png_Gaussian-Median.png
Component: component_1755091163978_87.png
centerX: 0.013704151551793631
centerY: 0.25263758197889935
width: 0.04433696090286175
height: 0.023096663815226688
Area: 0.0004837448957672839
CentroidX: 0.0354
CentroidY: 0.2634
