Location: Dedata_6.png_Mean-Closing.png
Component: component_1755522877700_146.png
centerX: 0.5225806451612903
centerY: 0.37532060416072954
width: 0.03951612903225806
height: 0.02336848104873183
Area: 0.0006213285652561615
CentroidX: 0.5431
CentroidY: 0.3863
