Location: internet_11.png_Gaussian-Median.png
Component: component_1755091164011_111.png
centerX: 0.3567110036275695
centerY: 0.30367835757057315
width: 0.04514308746473196
height: 0.028229255774165955
Area: 0.0005378774322145138
CentroidX: 0.3814
CentroidY: 0.3175
