Location: Dedata_6.png_Gaussian-Median.png
Component: component_1755522877793_59.png
centerX: 0.2786290322580645
centerY: 0.1322314049586777
width: 0.039112903225806454
height: 0.022228555143915644
Area: 0.00044608793976778606
CentroidX: 0.2996
CentroidY: 0.1423
