Location: Dedata_6.png_Gaussian-Median.png
Component: component_1755522877789_40.png
centerX: 0.5487903225806452
centerY: 0.08862923909945854
width: 0.03467741935483871
height: 0.02536335138216016
Area: 0.00037518730637347284
CentroidX: 0.5667
CentroidY: 0.0995
