Location: Dedata_6.png_Mean-Closing.png
Component: component_1755522877694_116.png
centerX: 0.38548387096774195
centerY: 0.29296095753776
width: 0.03870967741935484
height: 0.02108862923909946
Area: 0.0005407753334742919
CentroidX: 0.4049
CentroidY: 0.3032
