Location: internet_11.png_Gaussian-Median.png
Component: component_1755091163985_97.png
centerX: 0.864167674324869
centerY: 0.25777017393783863
width: 0.0471584038694075
height: 0.02737382378100941
Area: 0.0005441986413537869
CentroidX: 0.8880
CentroidY: 0.2701
