Location: Dedata_6.png_Mean-Closing.png
Component: component_1755522877708_179.png
centerX: 0.41330645161290325
centerY: 0.47107438016528924
width: 0.0375
height: 0.02080364776289541
Area: 0.0005156096305353055
CentroidX: 0.4316
CentroidY: 0.4806
