Location: Dedata_6.png_Mean-Closing.png
Component: component_1755522877724_246.png
centerX: 0.769758064516129
centerY: 0.6691365061271017
width: 0.049193548387096775
height: 0.029923055001424906
Area: 0.0007388834241903308
CentroidX: 0.7950
CentroidY: 0.6826
