Location: Dedata_6.png_Gaussian-Median.png
Component: component_1755522877806_118.png
centerX: 0.8221774193548387
centerY: 0.27158734682245655
width: 0.04112903225806452
height: 0.023938444001139925
Area: 0.0005537603765432667
CentroidX: 0.8436
CentroidY: 0.2826
