Location: internet_11.png_Gaussian-Closing.png
Component: component_1755091164189_118.png
centerX: 0.6182990729544539
centerY: 0.3929284288565726
width: 0.04836759371221282
height: 0.02737382378100941
Area: 0.0004990307287767989
CentroidX: 0.6429
CentroidY: 0.4046
