Location: Dedata_6.png_Gaussian-Median.png
Component: component_1755522877854_270.png
centerX: 0.09919354838709678
centerY: 0.7141635793673411
width: 0.04838709677419355
height: 0.025648332858364205
Area: 0.0006775204772980079
CentroidX: 0.1227
CentroidY: 0.7256
