Location: Dedata_6.png_Mean-Medain.png
Component: component_1755522877576_176.png
centerX: 0.08185483870967741
centerY: 0.44001139925904814
width: 0.04798387096774193
height: 0.021658592191507554
Area: 0.0006525845981301538
CentroidX: 0.1066
CentroidY: 0.4501
