Location: Dedata_6.png_Gaussian-Median.png
Component: component_1755522877782_10.png
centerX: 0.024596774193548387
centerY: 0.014534055286406384
width: 0.04153225806451613
height: 0.022798518096323737
Area: 0.0004986026714715157
CentroidX: 0.0472
CentroidY: 0.0251
