Location: Dedata_6.png_Otsu.png
Component: component_1755522877193_48.png
centerX: 0.6713709677419355
centerY: 0.08378455400398974
width: 0.039112903225806454
height: 0.021658592191507554
Area: 0.0003782899272837588
CentroidX: 0.6902
CentroidY: 0.0931
