Location: internet_11.png_Otsu.png
Component: component_1755091163660_157.png
centerX: 0.09713825070536074
centerY: 0.10978043912175649
width: 0.053607416364369206
height: 0.03279155973766752
Area: 0.0007208477040276561
CentroidX: 0.1253
CentroidY: 0.1262
