Location: internet_11.png_Mean-Closing.png
Component: component_1755091163801_186.png
centerX: 0.9157597742845627
centerY: 0.6889078984887368
width: 0.04796453043127771
height: 0.026518391787852865
Area: 0.0005597143365138209
CentroidX: 0.9415
CentroidY: 0.7004
