Location: Dedata_6.png_Mean-Medain.png
Component: component_1755522877485_56.png
centerX: 0.5415322580645161
centerY: 0.12425192362496437
width: 0.03870967741935484
height: 0.018523795953263037
Area: 0.0004078222818742588
CentroidX: 0.5611
CentroidY: 0.1324
