Location: internet_11.png_Gaussian-Closing.png
Component: component_1755091164170_49.png
centerX: 0.2571543732365981
centerY: 0.16053607071571144
width: 0.049576783555018135
height: 0.03421727972626176
Area: 0.0007044125602655459
CentroidX: 0.2821
CentroidY: 0.1761
