Location: internet_11.png_Gaussian-Median.png
Component: component_1755091164074_234.png
centerX: 0.1708988311164853
centerY: 0.5902480752780154
width: 0.053607416364369206
height: 0.029940119760479042
Area: 0.0005907457268338891
CentroidX: 0.1961
CentroidY: 0.6038
