Location: Dedata_6.png_Otsu.png
Component: component_1755522877237_276.png
centerX: 0.5608870967741936
centerY: 0.5879167854089484
width: 0.04516129032258064
height: 0.024793388429752067
Area: 0.0005909918274666986
CentroidX: 0.5846
CentroidY: 0.5995
