Location: internet_11.png_Gaussian-Median.png
Component: component_1755091164076_237.png
centerX: 0.015316404675534058
centerY: 0.592814371257485
width: 0.04070939137444579
height: 0.02594810379241517
Area: 0.0005178794251193588
CentroidX: 0.0359
CentroidY: 0.6048
