Location: internet_11.png_Mean-Closing.png
Component: component_1755091163803_199.png
centerX: 0.7589681580008061
centerY: 0.7456515540347876
width: 0.0475614671503426
height: 0.027088679783290562
Area: 0.0005398312604939255
CentroidX: 0.7832
CentroidY: 0.7568
