Location: internet_11.png_Otsu.png
Component: component_1755091163667_189.png
centerX: 0.9347037484885127
centerY: 0.21129170230966637
width: 0.05239822652156389
height: 0.029940119760479042
Area: 0.0005544275070518835
CentroidX: 0.9618
CentroidY: 0.2235
