Location: internet_11.png_Gaussian-Closing.png
Component: component_1755091164176_69.png
centerX: 0.17896009673518742
centerY: 0.25320786997433703
width: 0.049576783555018135
height: 0.02594810379241517
Area: 0.0005661504767283536
CentroidX: 0.2045
CentroidY: 0.2646
