Location: Dedata_6.png_Otsu.png
Component: component_1755522877210_154.png
centerX: 0.8225806451612904
centerY: 0.2718723282986606
width: 0.0407258064516129
height: 0.02336848104873183
Area: 0.0005117026264260565
CentroidX: 0.8439
CentroidY: 0.2824
