Location: internet_11.png_Otsu.png
Component: component_1755091163706_1525.png
centerX: 0.08988311164852882
centerY: 0.7986883376104933
width: 0.04836759371221282
height: 0.02423723980610208
Area: 0.00045834512813493184
CentroidX: 0.1153
CentroidY: 0.8087
