Location: internet_11.png_Otsu.png
Component: component_1755091163686_1080.png
centerX: 0.7843611446997178
centerY: 0.47875677216994583
width: 0.05239822652156389
height: 0.028229255774165955
Area: 0.0005795974125337164
CentroidX: 0.8105
CentroidY: 0.4905
