Location: internet_11.png_Mean-Closing.png
Component: component_1755091163773_46.png
centerX: 0.7831519548569126
centerY: 0.15911035072711718
width: 0.05239822652156389
height: 0.030795551753635585
Area: 0.0007009646280077606
CentroidX: 0.8102
CentroidY: 0.1728
