Location: Dedata_6.png_Gaussian-Median.png
Component: component_1755522877849_248.png
centerX: 0.35524193548387095
centerY: 0.6537475064120832
width: 0.05443548387096774
height: 0.02821316614420063
Area: 0.0007067080962318094
CentroidX: 0.3837
CentroidY: 0.6663
