Location: Dedata_6.png_Mean-Medain.png
Component: component_1755522877481_53.png
centerX: 0.7366935483870968
centerY: 0.11513251638643489
width: 0.03669354838709677
height: 0.019663721858079224
Area: 0.00040621351547633273
CentroidX: 0.7551
CentroidY: 0.1241
