Location: Dedata_6.png_Mean-Medain.png
Component: component_1755522877621_279.png
centerX: 0.10201612903225807
centerY: 0.755770874893132
width: 0.046370967741935484
height: 0.022798518096323737
Area: 0.0006213285652561615
CentroidX: 0.1259
CentroidY: 0.7662
