Location: internet_11.png_Otsu.png
Component: component_1755091163669_227.png
centerX: 0.2652156388553003
centerY: 0.25520387795836896
width: 0.046352277307537285
height: 0.030795551753635585
Area: 0.0005514392990951362
CentroidX: 0.2887
CentroidY: 0.2698
