Location: Dedata_6.png_Otsu.png
Component: component_1755522877246_317.png
centerX: 0.09919354838709678
centerY: 0.7141635793673411
width: 0.04798387096774193
height: 0.02536335138216016
Area: 0.0006354627271807977
CentroidX: 0.1227
CentroidY: 0.7253
