Location: internet_11.png_Gaussian-Median.png
Component: component_1755091164014_123.png
centerX: 0.9387343812978638
centerY: 0.34673510122611917
width: 0.03788794840790004
height: 0.026518391787852865
Area: 0.00041765952749306477
CentroidX: 0.9616
CentroidY: 0.3589
