Location: internet_11.png_Mean-Closing.png
Component: component_1755091163783_96.png
centerX: 0.7025392986698912
centerY: 0.34759053321927574
width: 0.051592099959693674
height: 0.032506415739948676
Area: 0.0006407407445717766
CentroidX: 0.7297
CentroidY: 0.3620
