Location: Dedata_6.png_Gaussian-Median.png
Component: component_1755522877817_142.png
centerX: 0.3963709677419355
centerY: 0.33428327158734683
width: 0.04395161290322581
height: 0.02536335138216016
Area: 0.0006242013623953153
CentroidX: 0.4184
CentroidY: 0.3455
