Location: Kurtxevani_1794_page_10.png_Mean-Medain.png
Component: component_1755610054894_1178.png
centerX: 0.5295149035651666
centerY: 0.33318642573821067
width: 0.023378141437755698
height: 0.010577346848832084
Area: 0.00017386784343857532
CentroidX: 0.5419
CentroidY: 0.3377
