Location: Dedata_6.png_Mean-Medain.png
Component: component_1755522877572_169.png
centerX: 0.5358870967741935
centerY: 0.41920775149615275
width: 0.043548387096774194
height: 0.02365346252493588
Area: 0.0006587898399507257
CentroidX: 0.5584
CentroidY: 0.4303
