Location: internet_11.png_Mean-Closing.png
Component: component_1755091163806_213.png
centerX: 0.5739621120515921
centerY: 0.7944111776447106
width: 0.044740024183796856
height: 0.02423723980610208
Area: 0.0005291426704947909
CentroidX: 0.5961
CentroidY: 0.8055
