Location: internet_11.png_Mean-Closing.png
Component: component_1755091163765_5.png
centerX: 0.19427650141072147
centerY: 0.009694895922440832
width: 0.0475614671503426
height: 0.027944111776447105
Area: 0.0005830453447915018
CentroidX: 0.2191
CentroidY: 0.0229
