Location: Dedata_6.png_Mean-Medain.png
Component: component_1755522877597_231.png
centerX: 0.3604838709677419
centerY: 0.6024508406953548
width: 0.043548387096774194
height: 0.025078369905956112
Area: 0.0006708555879351713
CentroidX: 0.3833
CentroidY: 0.6145
