Location: Dedata_6.png_Otsu.png
Component: component_1755522877213_168.png
centerX: 0.1342741935483871
centerY: 0.30407523510971785
width: 0.03669354838709677
height: 0.020233684810487318
Area: 0.00036346629404572576
CentroidX: 0.1536
CentroidY: 0.3140
