Location: Dedata_6.png_Mean-Medain.png
Component: component_1755522877594_224.png
centerX: 0.8290322580645161
centerY: 0.5799373040752351
width: 0.045564516129032256
height: 0.021373610715303505
Area: 0.000581224317193576
CentroidX: 0.8532
CentroidY: 0.5895
