Location: Dedata_6.png_Gaussian-Median.png
Component: component_1755522877783_16.png
centerX: 0.10120967741935484
centerY: 0.018523795953263037
width: 0.03588709677419355
height: 0.02108862923909946
Area: 0.0004142573474659631
CentroidX: 0.1201
CentroidY: 0.0283
