Location: Dedata_6.png_Mean-Closing.png
Component: component_1755522877687_83.png
centerX: 0.5423387096774194
centerY: 0.20148190367626104
width: 0.04032258064516129
height: 0.01909375890567113
Area: 0.0004961895218746265
CentroidX: 0.5625
CentroidY: 0.2105
