Location: internet_11.png_Mean-Closing.png
Component: component_1755091163816_251.png
centerX: 0.6650544135429263
centerY: 0.9466780724265754
width: 0.03667875856509472
height: 0.025377815796977475
Area: 0.0004559315755544821
CentroidX: 0.6837
CentroidY: 0.9589
