Location: Dedata_6.png_Otsu.png
Component: component_1755522877204_113.png
centerX: 0.6725806451612903
centerY: 0.19464234824736393
width: 0.034274193548387094
height: 0.019948703334283273
Area: 0.0004034556302227452
CentroidX: 0.6899
CentroidY: 0.2038
