Location: Dedata_6.png_Mean-Medain.png
Component: component_1755522877559_149.png
centerX: 0.7685483870967742
centerY: 0.36563123396979197
width: 0.04395161290322581
height: 0.024793388429752067
Area: 0.0006248908337087121
CentroidX: 0.7914
CentroidY: 0.3767
