Location: internet_11.png_Otsu.png
Component: component_1755091163670_235.png
centerX: 0.9463925836356308
centerY: 0.25777017393783863
width: 0.04030632809351068
height: 0.029369831765041345
Area: 0.0003982361757742073
CentroidX: 0.9694
CentroidY: 0.2700
