Location: Dedata_6.png_Otsu.png
Component: component_1755522877197_71.png
centerX: 0.7370967741935484
centerY: 0.11541749786263893
width: 0.03588709677419355
height: 0.018808777429467086
Area: 0.00029773669550188915
CentroidX: 0.7553
CentroidY: 0.1239
