Location: internet_11.png_Mean-Closing.png
Component: component_1755091163798_177.png
centerX: 0.42845626763401856
centerY: 0.6404334188765326
width: 0.05280128980249899
height: 0.02623324779013402
Area: 0.0005770689288780072
CentroidX: 0.4554
CentroidY: 0.6522
