Location: internet_11.png_Gaussian-Closing.png
Component: component_1755091164209_204.png
centerX: 0.5816203143893591
centerY: 0.7462218420302252
width: 0.04877065699314793
height: 0.02623324779013402
Area: 0.0005124776645821618
CentroidX: 0.6062
CentroidY: 0.7574
