Location: Dedata_6.png_Mean-Closing.png
Component: component_1755522877686_80.png
centerX: 0.7342741935483871
centerY: 0.19122257053291536
width: 0.037096774193548385
height: 0.020518666286691366
Area: 0.00047780362018404285
CentroidX: 0.7541
CentroidY: 0.2006
