Location: Dedata_6.png_Otsu.png
Component: component_1755522877206_127.png
centerX: 0.8475806451612903
centerY: 0.22969506982046167
width: 0.039112903225806454
height: 0.020233684810487318
Area: 0.00041253366918247086
CentroidX: 0.8684
CentroidY: 0.2388
