Location: Dedata_6.png_Mean-Closing.png
Component: component_1755522877726_254.png
centerX: 0.8887096774193548
centerY: 0.7027643203191792
width: 0.04395161290322581
height: 0.026503277286976348
Area: 0.0006039768705356733
CentroidX: 0.9106
CentroidY: 0.7155
