Location: internet_11.png_Mean-Closing.png
Component: component_1755091163769_24.png
centerX: 0.4312777106005643
centerY: 0.05930995152552039
width: 0.05763804917372027
height: 0.027088679783290562
Area: 0.0006526935763987658
CentroidX: 0.4623
CentroidY: 0.0700
