Location: internet_11.png_Gaussian-Closing.png
Component: component_1755091164160_16.png
centerX: 0.015719467956469165
centerY: 0.05645851154833191
width: 0.04514308746473196
height: 0.027088679783290562
Area: 0.0005133971131842379
CentroidX: 0.0408
CentroidY: 0.0675
