Location: internet_11.png_Mean-Closing.png
Component: component_1755091163799_179.png
centerX: 0.25675130995566303
centerY: 0.6421442828628457
width: 0.05441354292623942
height: 0.027944111776447105
Area: 0.0005891366917802559
CentroidX: 0.2833
CentroidY: 0.6543
