Location: Dedata_6.png_Mean-Closing.png
Component: component_1755522877671_14.png
centerX: 0.17137096774193547
centerY: 0.01738387004844685
width: 0.04395161290322581
height: 0.0219435736677116
Area: 0.0005235385506393698
CentroidX: 0.1938
CentroidY: 0.0271
