Location: Dedata_6.png_Otsu.png
Component: component_1755522877248_321.png
centerX: 0.6286290322580645
centerY: 0.7224280421772585
width: 0.045564516129032256
height: 0.02536335138216016
Area: 0.0005699629524080935
CentroidX: 0.6529
CentroidY: 0.7339
