Location: Dedata_6.png_Mean-Medain.png
Component: component_1755522877468_50.png
centerX: 0.9266129032258065
centerY: 0.10629809062410943
width: 0.03508064516129032
height: 0.019663721858079224
Area: 0.00038656358304452144
CentroidX: 0.9454
CentroidY: 0.1158
