Location: internet_11.png_Otsu.png
Component: component_1755091163674_491.png
centerX: 0.9391374445787989
centerY: 0.34673510122611917
width: 0.036275695284159616
height: 0.026518391787852865
Area: 0.0002643414730968764
CentroidX: 0.9612
CentroidY: 0.3584
