Location: Dedata_6.png_Otsu.png
Component: component_1755522877199_83.png
centerX: 0.01975806451612903
centerY: 0.1365061271017384
width: 0.03790322580645161
height: 0.020518666286691366
Area: 0.0003355427058531518
CentroidX: 0.0404
CentroidY: 0.1458
