Location: internet_11.png_Otsu.png
Component: component_1755091163695_1208.png
centerX: 0.600161225312374
centerY: 0.6387225548902196
width: 0.049979846835953246
height: 0.0290846877673225
Area: 0.00048121641211157465
CentroidX: 0.6249
CentroidY: 0.6517
