Location: internet_11.png_Mean-Closing.png
Component: component_1755091163798_176.png
centerX: 0.5195485691253526
centerY: 0.6392928428856572
width: 0.0475614671503426
height: 0.027944111776447105
Area: 0.0005546573692024024
CentroidX: 0.5436
CentroidY: 0.6516
