Location: Dedata_6.png_Mean-Closing.png
Component: component_1755522877687_85.png
centerX: 0.41008064516129034
centerY: 0.2049016813907096
width: 0.042741935483870966
height: 0.019948703334283273
Area: 0.0004975684645014203
CentroidX: 0.4319
CentroidY: 0.2139
