Location: Dedata_6.png_Mean-Medain.png
Component: component_1755522877585_201.png
centerX: 0.35766129032258065
centerY: 0.5158164719293246
width: 0.049193548387096775
height: 0.024223425477343973
Area: 0.0006679827907960177
CentroidX: 0.3822
CentroidY: 0.5264
