Location: Dedata_6.png_Mean-Medain.png
Component: component_1755522877591_219.png
centerX: 0.2221774193548387
centerY: 0.5693929894556854
width: 0.04435483870967742
height: 0.025933314334568254
Area: 0.0006777503010691402
CentroidX: 0.2448
CentroidY: 0.5806
