Location: Dedata_6.png_Mean-Medain.png
Component: component_1755522877487_57.png
centerX: 0.46774193548387094
centerY: 0.1262467939583927
width: 0.036290322580645164
height: 0.01909375890567113
Area: 0.0004127634929536032
CentroidX: 0.4871
CentroidY: 0.1350
