Location: internet_11.png_Mean-Closing.png
Component: component_1755091163792_144.png
centerX: 0.18097541313986296
centerY: 0.4904476760764186
width: 0.04796453043127771
height: 0.02879954376960365
Area: 0.0006226965657560332
CentroidX: 0.2059
CentroidY: 0.5027
