Location: Dedata_6.png_Otsu.png
Component: component_1755522877224_225.png
centerX: 0.025403225806451612
centerY: 0.44115132516386435
width: 0.03185483870967742
height: 0.023938444001139925
Area: 0.000506646503461146
CentroidX: 0.0419
CentroidY: 0.4517
