Location: Dedata_6.png_Mean-Medain.png
Component: component_1755522877422_36.png
centerX: 0.8024193548387096
centerY: 0.07893986890852095
width: 0.0375
height: 0.023083499572527786
Area: 0.0004179345278040798
CentroidX: 0.8227
CentroidY: 0.0893
