Location: internet_11.png_Mean-Closing.png
Component: component_1755091163780_83.png
centerX: 0.7799274486094316
centerY: 0.3022526375819789
width: 0.049979846835953246
height: 0.032506415739948676
Area: 0.0006534980939255823
CentroidX: 0.8074
CentroidY: 0.3160
