Location: Dedata_6.png_Otsu.png
Component: component_1755522877206_124.png
centerX: 0.1403225806451613
centerY: 0.21687090339127957
width: 0.038306451612903226
height: 0.019663721858079224
Area: 0.0004297704520173931
CentroidX: 0.1601
CentroidY: 0.2259
