Location: Dedata_6.png_Gaussian-Median.png
Component: component_1755522877790_45.png
centerX: 0.0842741935483871
centerY: 0.09717868338557993
width: 0.04153225806451613
height: 0.022513536620119692
Area: 0.0004889500730839592
CentroidX: 0.1058
CentroidY: 0.1075
