Location: Dedata_6.png_Otsu.png
Component: component_1755522877231_253.png
centerX: 0.15685483870967742
centerY: 0.5229410088344257
width: 0.04233870967741935
height: 0.021373610715303505
Area: 0.0005396262146186305
CentroidX: 0.1786
CentroidY: 0.5325
