Location: internet_11.png_Gaussian-Median.png
Component: component_1755091163871_29.png
centerX: 0.6126561870213624
centerY: 0.05645851154833191
width: 0.0471584038694075
height: 0.0290846877673225
Area: 0.0006184441159714314
CentroidX: 0.6374
CentroidY: 0.0714
