Location: internet_11.png_Gaussian-Closing.png
Component: component_1755091164202_175.png
centerX: 0.7613865376864167
centerY: 0.637867122897063
width: 0.03990326481257558
height: 0.027944111776447105
Area: 0.0005008696259809511
CentroidX: 0.7812
CentroidY: 0.6510
