Location: internet_11.png_Mean-Closing.png
Component: component_1755091163789_132.png
centerX: 0.2773075372833535
centerY: 0.43570002851439976
width: 0.049979846835953246
height: 0.029940119760479042
Area: 0.0006101690785527465
CentroidX: 0.3022
CentroidY: 0.4491
