Location: internet_11.png_Mean-Closing.png
Component: component_1755091163801_185.png
centerX: 0.7625957275292221
centerY: 0.6880524664955803
width: 0.05199516324062878
height: 0.034787567721699456
Area: 0.0006630373731721218
CentroidX: 0.7881
CentroidY: 0.7027
