Location: Dedata_6.png_Otsu.png
Component: component_1755522877192_43.png
centerX: 0.9362903225806452
centerY: 0.07609005414648048
width: 0.04032258064516129
height: 0.020518666286691366
Area: 0.0003619724395333658
CentroidX: 0.9582
CentroidY: 0.0858
