Location: internet_11.png_Gaussian-Median.png
Component: component_1755091164012_112.png
centerX: 0.6170898831116485
centerY: 0.30367835757057315
width: 0.04514308746473196
height: 0.032506415739948676
Area: 0.0006322358450025728
CentroidX: 0.6404
CentroidY: 0.3189
