Location: Dedata_6.png_Mean-Medain.png
Component: component_1755522877548_134.png
centerX: 0.7120967741935483
centerY: 0.32345397549159305
width: 0.04153225806451613
height: 0.024793388429752067
Area: 0.0006390249956333483
CentroidX: 0.7331
CentroidY: 0.3348
