Location: Dedata_6.png_Mean-Closing.png
Component: component_1755522877684_69.png
centerX: 0.4737903225806452
centerY: 0.16272442291251069
width: 0.03870967741935484
height: 0.021658592191507554
Area: 0.0004783781796118736
CentroidX: 0.4932
CentroidY: 0.1723
