Location: Dedata_6.png_Mean-Medain.png
Component: component_1755522877578_183.png
centerX: 0.5983870967741935
centerY: 0.46366486178398403
width: 0.04233870967741935
height: 0.023938444001139925
Area: 0.0006405188501457082
CentroidX: 0.6193
CentroidY: 0.4745
