Location: internet_11.png_Gaussian-Closing.png
Component: component_1755091164165_29.png
centerX: 0.6054010479645304
centerY: 0.10635871114913031
width: 0.04514308746473196
height: 0.028229255774165955
Area: 0.0006237309454333689
CentroidX: 0.6279
CentroidY: 0.1196
