Location: Dedata_6.png_Mean-Closing.png
Component: component_1755522877696_127.png
centerX: 0.7120967741935483
centerY: 0.32345397549159305
width: 0.04153225806451613
height: 0.024793388429752067
Area: 0.0006383355243199515
CentroidX: 0.7331
CentroidY: 0.3348
