Location: internet_11.png_Otsu.png
Component: component_1755091163692_1176.png
centerX: 0.8480451430874647
centerY: 0.5799828913601369
width: 0.04353083434099154
height: 0.028229255774165955
Area: 0.0004115681805043107
CentroidX: 0.8700
CentroidY: 0.5917
