Location: Dedata_6.png_Gaussian-Median.png
Component: component_1755522877847_241.png
centerX: 0.024596774193548387
centerY: 0.6226845255058421
width: 0.04314516129032258
height: 0.027358221715588486
Area: 0.0006809678338649923
CentroidX: 0.0469
CentroidY: 0.6353
