Location: internet_11.png_Gaussian-Median.png
Component: component_1755091164096_309.png
centerX: 0.8976219266424829
centerY: 0.8363273453093812
width: 0.04393389762192664
height: 0.025092671799258625
Area: 0.0005066161797439267
CentroidX: 0.9197
CentroidY: 0.8478
