Location: internet_11.png_Mean-Closing.png
Component: component_1755091163791_142.png
centerX: 0.5296251511487303
centerY: 0.48303393213572854
width: 0.04796453043127771
height: 0.02879954376960365
Area: 0.000609824285326968
CentroidX: 0.5534
CentroidY: 0.4961
