Location: internet_11.png_Gaussian-Median.png
Component: component_1755091163971_66.png
centerX: 0.5251914550584442
centerY: 0.15996578272027373
width: 0.060459492140266025
height: 0.03136583974907328
Area: 0.000700389972631463
CentroidX: 0.5551
CentroidY: 0.1723
