Location: internet_11.png_Gaussian-Median.png
Component: component_1755091164020_125.png
centerX: 0.7021362353889561
centerY: 0.3473053892215569
width: 0.05239822652156389
height: 0.03307670373538637
Area: 0.0006271788776911542
CentroidX: 0.7299
CentroidY: 0.3620
