Location: Dedata_6.png_Mean-Closing.png
Component: component_1755522877710_185.png
centerX: 0.024596774193548387
centerY: 0.48389854659447135
width: 0.043548387096774194
height: 0.021658592191507554
Area: 0.0006160426185201188
CentroidX: 0.0468
CentroidY: 0.4937
