Location: Dedata_6.png_Gaussian-Median.png
Component: component_1755522877849_247.png
centerX: 0.42862903225806454
centerY: 0.6520376175548589
width: 0.053629032258064514
height: 0.025648332858364205
Area: 0.0006701661166217744
CentroidX: 0.4555
CentroidY: 0.6636
