Location: internet_11.png_Gaussian-Closing.png
Component: component_1755091164216_235.png
centerX: 0.6577992744860943
centerY: 0.8420302252637581
width: 0.05038291011688835
height: 0.02737382378100941
Area: 0.0005561514731807761
CentroidX: 0.6832
CentroidY: 0.8534
