Location: internet_11.png_Mean-Closing.png
Component: component_1755091163792_146.png
centerX: 0.019750100765820233
centerY: 0.4924436840604505
width: 0.041112454655380895
height: 0.029654975762760195
Area: 0.0004838598268425434
CentroidX: 0.0418
CentroidY: 0.5055
