Location: internet_11.png_Mean-Closing.png
Component: component_1755091163813_239.png
centerX: 0.324465941152761
centerY: 0.8944967208440262
width: 0.049576783555018135
height: 0.025092671799258625
Area: 0.0005906307957586295
CentroidX: 0.3502
CentroidY: 0.9061
