Location: Dedata_6.png_Mean-Medain.png
Component: component_1755522877516_88.png
centerX: 0.6072580645161291
centerY: 0.19863208891422057
width: 0.03669354838709677
height: 0.01909375890567113
Area: 0.0004665422553985604
CentroidX: 0.6262
CentroidY: 0.2076
