Location: internet_11.png_Gaussian-Closing.png
Component: component_1755091164173_59.png
centerX: 0.7819427650141072
centerY: 0.21043627031650983
width: 0.05038291011688835
height: 0.029940119760479042
Area: 0.0006376376055397697
CentroidX: 0.8085
CentroidY: 0.2241
