Location: Dedata_6.png_Otsu.png
Component: component_1755522877205_117.png
centerX: 0.4104838709677419
centerY: 0.2049016813907096
width: 0.041935483870967745
height: 0.019663721858079224
Area: 0.0004226459151122919
CentroidX: 0.4319
CentroidY: 0.2137
