Location: Dedata_6.png_Mean-Closing.png
Component: component_1755522877714_203.png
centerX: 0.8129032258064516
centerY: 0.5406098603590767
width: 0.042741935483870966
height: 0.025078369905956112
Area: 0.0006435065591704281
CentroidX: 0.8349
CentroidY: 0.5519
