Location: Dedata_6.png_Mean-Closing.png
Component: component_1755522877708_180.png
centerX: 0.3504032258064516
centerY: 0.4713593616414933
width: 0.039919354838709675
height: 0.02365346252493588
Area: 0.0005936348008347199
CentroidX: 0.3709
CentroidY: 0.4820
