Location: internet_11.png_Gaussian-Closing.png
Component: component_1755091164206_189.png
centerX: 0.9157597742845627
centerY: 0.6891930424864556
width: 0.04796453043127771
height: 0.02623324779013402
Area: 0.0005254648760864866
CentroidX: 0.9415
CentroidY: 0.7005
