Location: internet_11.png_Gaussian-Median.png
Component: component_1755091164096_305.png
centerX: 0.08948004836759371
centerY: 0.7986883376104933
width: 0.04877065699314793
height: 0.02423723980610208
Area: 0.000499490453077837
CentroidX: 0.1153
CentroidY: 0.8089
