Location: Dedata_6.png_Mean-Closing.png
Component: component_1755522877730_269.png
centerX: 0.29354838709677417
centerY: 0.7420917640353377
width: 0.04314516129032258
height: 0.024508406953548018
Area: 0.0005666305077266752
CentroidX: 0.3160
CentroidY: 0.7528
