Location: Dedata_6.png_Mean-Medain.png
Component: component_1755522877617_264.png
centerX: 0.22379032258064516
centerY: 0.7050441721288117
width: 0.044758064516129036
height: 0.028783129096608722
Area: 0.0007443991946975059
CentroidX: 0.2466
CentroidY: 0.7189
