Location: Dedata_6.png_Mean-Medain.png
Component: component_1755522877615_252.png
centerX: 0.08588709677419355
centerY: 0.6657167284126532
width: 0.04314516129032258
height: 0.027643203191792535
Area: 0.000672119618676399
CentroidX: 0.1083
CentroidY: 0.6791
