Location: internet_11.png_Mean-Closing.png
Component: component_1755091163805_210.png
centerX: 0.747279322853688
centerY: 0.7935557456515541
width: 0.05239822652156389
height: 0.024522383803820928
Area: 0.0005712074440397721
CentroidX: 0.7738
CentroidY: 0.8046
