Location: internet_11.png_Otsu.png
Component: component_1755091163684_926.png
centerX: 0.36960902861749295
centerY: 0.4345594525235244
width: 0.041515517936316
height: 0.028514399771884802
Area: 0.0003706527177119246
CentroidX: 0.3953
CentroidY: 0.4472
