Location: Dedata_6.png_Otsu.png
Component: component_1755522877201_94.png
centerX: 0.5358870967741935
centerY: 0.15958962667426618
width: 0.03225806451612903
height: 0.02108862923909946
Area: 0.0002617692753196849
CentroidX: 0.5543
CentroidY: 0.1696
