Location: Dedata_6.png_Otsu.png
Component: component_1755522877192_44.png
centerX: 0.8653225806451613
centerY: 0.07694499857509261
width: 0.04153225806451613
height: 0.019663721858079224
Area: 0.00032945237591814594
CentroidX: 0.8886
CentroidY: 0.0862
