Location: Dedata_6.png_Otsu.png
Component: component_1755522877222_217.png
centerX: 0.5362903225806451
centerY: 0.4194927329723568
width: 0.042741935483870966
height: 0.02336848104873183
Area: 0.0006005295139686888
CentroidX: 0.5584
CentroidY: 0.4303
