Location: Dedata_6.png_Gaussian-Median.png
Component: component_1755522877834_193.png
centerX: 0.16088709677419355
centerY: 0.48019378740381874
width: 0.039919354838709675
height: 0.02108862923909946
Area: 0.0005384770957629689
CentroidX: 0.1808
CentroidY: 0.4898
