Location: Dedata_6.png_Otsu.png
Component: component_1755522877246_315.png
centerX: 0.1620967741935484
centerY: 0.7081789683670562
width: 0.046370967741935484
height: 0.027358221715588486
Area: 0.0006718897949052667
CentroidX: 0.1849
CentroidY: 0.7213
