Location: Dedata_6.png_Gaussian-Median.png
Component: component_1755522877853_261.png
centerX: 0.49959677419354837
centerY: 0.6873753206041607
width: 0.046370967741935484
height: 0.026788258763180393
Area: 0.0006641906985723347
CentroidX: 0.5239
CentroidY: 0.6997
