Location: internet_11.png_Otsu.png
Component: component_1755091163690_1165.png
centerX: 0.6864167674324869
centerY: 0.5346449957228401
width: 0.04554615074566707
height: 0.028229255774165955
Area: 0.0005475316425363128
CentroidX: 0.7089
CentroidY: 0.5470
