Location: Dedata_6.png_Mean-Closing.png
Component: component_1755522877688_88.png
centerX: 0.2721774193548387
centerY: 0.21516101453405528
width: 0.038306451612903226
height: 0.019663721858079224
Area: 0.0004766545013283814
CentroidX: 0.2918
CentroidY: 0.2243
