Location: Dedata_6.png_Gaussian-Median.png
Component: component_1755522877784_19.png
centerX: 0.7620967741935484
centerY: 0.047591906526075804
width: 0.0375
height: 0.02336848104873183
Area: 0.00044505373279769074
CentroidX: 0.7818
CentroidY: 0.0585
