Location: Dedata_6.png_Mean-Medain.png
Component: component_1755522877619_271.png
centerX: 0.6282258064516129
centerY: 0.7221430607010544
width: 0.046370967741935484
height: 0.025933314334568254
Area: 0.0006360372866086285
CentroidX: 0.6529
CentroidY: 0.7340
