Location: internet_8.png_Mean-Closing.png
Component: component_1755092786819_137.png
centerX: 0.47158403869407495
centerY: 0.4174508126603935
width: 0.05280128980249899
height: 0.01853435985172512
Area: 0.0004259345649117496
CentroidX: 0.4951
CentroidY: 0.4261
