Location: Kurtxevani_1794_page_10.png_Mean-Medain.png
Component: component_1755610054808_754.png
centerX: 0.8503798947983635
centerY: 0.18201851035698546
width: 0.01694915254237288
height: 0.010136624063464082
Area: 0.00012956374111052353
CentroidX: 0.8589
CentroidY: 0.1871
