Location: internet_8.png_Otsu.png
Component: component_1755092787106_473.png
centerX: 0.6545747682386135
centerY: 0.32591958939264326
width: 0.07376058041112454
height: 0.016253207869974338
Area: 0.0004665052344783572
CentroidX: 0.6871
CentroidY: 0.3333
