Location: internet_8.png_Gaussian-Median.png
Component: component_1755092787421_144.png
centerX: 0.010882708585247884
centerY: 0.3410322212717422
width: 0.05965336557839581
height: 0.02594810379241517
Area: 0.0007391217449939185
CentroidX: 0.0355
CentroidY: 0.3549
