Location: internet_8.png_Gaussian-Closing.png
Component: component_1755092787258_57.png
centerX: 0.5804111245465539
centerY: 0.1628172226974622
width: 0.055219669488109635
height: 0.019104647847162818
Area: 0.00048638831049825263
CentroidX: 0.6055
CentroidY: 0.1713
