Location: internet_8.png_Gaussian-Closing.png
Component: component_1755092787270_115.png
centerX: 0.31076178960096734
centerY: 0.335899629312803
width: 0.053204353083434096
height: 0.015112631879098944
Area: 0.00039042086265656054
CentroidX: 0.3357
CentroidY: 0.3428
