Location: internet_8.png_Mean-Closing.png
Component: component_1755092786828_178.png
centerX: 0.08988311164852882
centerY: 0.5714285714285714
width: 0.06972994760177348
height: 0.019104647847162818
Area: 0.0005979863845752383
CentroidX: 0.1229
CentroidY: 0.5799
