Location: internet_8.png_Gaussian-Closing.png
Component: component_1755092787260_70.png
centerX: 0.8041112454655381
centerY: 0.19532363843741088
width: 0.0765820233776703
height: 0.018819503849443968
Area: 0.0005404059158702231
CentroidX: 0.8391
CentroidY: 0.2042
