Location: internet_8.png_Gaussian-Median.png
Component: component_1755092787726_293.png
centerX: 0.34582829504232165
centerY: 0.8021100655831195
width: 0.0592503022974607
height: 0.020815511833475905
Area: 0.0003580102994333783
CentroidX: 0.3734
CentroidY: 0.8130
