Location: internet_8.png_Gaussian-Median.png
Component: component_1755092787381_27.png
centerX: 0.15638855300282145
centerY: 0.06016538351867693
width: 0.06328093510681176
height: 0.025092671799258625
Area: 0.000610513871778525
CentroidX: 0.1866
CentroidY: 0.0715
