Location: internet_8.png_Gaussian-Closing.png
Component: component_1755092787253_31.png
centerX: 0.47642079806529625
centerY: 0.08411747932706017
width: 0.05804111245465538
height: 0.021956087824351298
Area: 0.0005336249824299118
CentroidX: 0.5043
CentroidY: 0.0944
