Location: internet_8.png_Gaussian-Closing.png
Component: component_1755092787299_228.png
centerX: 0.7033454252317614
centerY: 0.7658967778728257
width: 0.06408706166868199
height: 0.016823495865412035
Area: 0.0003866281371729967
CentroidX: 0.7325
CentroidY: 0.7745
