Location: internet_8.png_Mean-Closing.png
Component: component_1755092786825_164.png
centerX: 0.1700927045546151
centerY: 0.5240946678072427
width: 0.06650544135429262
height: 0.025377815796977475
Area: 0.0006447633322058595
CentroidX: 0.1994
CentroidY: 0.5361
