Location: internet_8.png_Gaussian-Closing.png
Component: component_1755092787289_190.png
centerX: 0.656590084643289
centerY: 0.6244653550042771
width: 0.06449012494961709
height: 0.019674935842600515
Area: 0.0004976515558736848
CentroidX: 0.6877
CentroidY: 0.6341
