Location: internet_8.png_Gaussian-Median.png
Component: component_1755092787666_234.png
centerX: 0.758565094719871
centerY: 0.6578272027373824
width: 0.06771463119709795
height: 0.01996007984031936
Area: 0.0005115582159800857
CentroidX: 0.7895
CentroidY: 0.6675
