Location: internet_8.png_Otsu.png
Component: component_1755092787187_995.png
centerX: 0.21080209592906085
centerY: 0.8023952095808383
width: 0.053607416364369206
height: 0.017964071856287425
Area: 0.0002560664356781916
CentroidX: 0.2359
CentroidY: 0.8101
