Location: internet_8.png_Otsu.png
Component: component_1755092787169_799.png
centerX: 0.920596533655784
centerY: 0.6655260906757913
width: 0.06247480854494156
height: 0.017393783860849728
Area: 0.0004569659552318177
CentroidX: 0.9491
CentroidY: 0.6737
