Location: internet_8.png_Gaussian-Median.png
Component: component_1755092787472_168.png
centerX: 0.3945989520354696
centerY: 0.4180211006558312
width: 0.0592503022974607
height: 0.021956087824351298
Area: 0.0005025935921098438
CentroidX: 0.4227
CentroidY: 0.4281
