Location: internet_8.png_Gaussian-Closing.png
Component: component_1755092787276_140.png
centerX: 0.3945989520354696
centerY: 0.4180211006558312
width: 0.058847239016525596
height: 0.021956087824351298
Area: 0.0004917900710354496
CentroidX: 0.4223
CentroidY: 0.4281
