Location: Kurtxevani_1764_page_10.png_Otsu.png
Component: component_1755610055971_1596.png
centerX: 0.4
centerY: 0.6618334892422825
width: 0.021359223300970873
height: 0.009822263797942002
Area: 0.00014924876105364176
CentroidX: 0.4095
CentroidY: 0.6663
