Location: internet_8.png_Otsu.png
Component: component_1755092787148_631.png
centerX: 0.2535268037081822
centerY: 0.6196179070430567
width: 0.06489318823055219
height: 0.021100655831194755
Area: 0.0004115681805043107
CentroidX: 0.2835
CentroidY: 0.6284
