Location: internet_8.png_Mean-Closing.png
Component: component_1755092786817_128.png
centerX: 0.1596130592503023
centerY: 0.38152266894781867
width: 0.06569931479242241
height: 0.017393783860849728
Area: 0.0005027085231851032
CentroidX: 0.1902
CentroidY: 0.3900
