Location: internet_8.png_Gaussian-Closing.png
Component: component_1755092787288_187.png
centerX: 0.16968964127367997
centerY: 0.6207584830339321
width: 0.0709391374445788
height: 0.020815511833475905
Area: 0.0005882172431781798
CentroidX: 0.2043
CentroidY: 0.6308
