Location: internet_8.png_Mean-Closing.png
Component: component_1755092786804_66.png
centerX: 0.8935912938331319
centerY: 0.1947533504419732
width: 0.06569931479242241
height: 0.018249215854006275
Area: 0.0006038478694134734
CentroidX: 0.9247
CentroidY: 0.2037
