Location: internet_8.png_Otsu.png
Component: component_1755092787177_875.png
centerX: 0.0036275695284159614
centerY: 0.7559167379526661
width: 0.062071745264006446
height: 0.023666951810664385
Area: 0.0004265092202880472
CentroidX: 0.0313
CentroidY: 0.7677
