Location: internet_8.png_Gaussian-Median.png
Component: component_1755092787718_267.png
centerX: 0.5646916565900847
centerY: 0.7613344739093242
width: 0.058847239016525596
height: 0.018819503849443968
Area: 0.00042030294222403355
CentroidX: 0.5893
CentroidY: 0.7716
