Location: internet_8.png_Mean-Closing.png
Component: component_1755092786810_96.png
centerX: 0.6743248690044337
centerY: 0.28885086968919305
width: 0.055219669488109635
height: 0.016538351867693184
Area: 0.00047661916910119416
CentroidX: 0.6999
CentroidY: 0.2965
