Location: internet_8.png_Gaussian-Median.png
Component: component_1755092787407_110.png
centerX: 0.8750503829101169
centerY: 0.23609923011120615
width: 0.06610237807335752
height: 0.018249215854006275
Area: 0.0005876425878018822
CentroidX: 0.9061
CentroidY: 0.2443
