Location: internet_8.png_Gaussian-Closing.png
Component: component_1755092787253_32.png
centerX: 0.3966142684401451
centerY: 0.08497291132021671
width: 0.0592503022974607
height: 0.017678927858568578
Area: 0.00040271848770932826
CentroidX: 0.4248
CentroidY: 0.0936
