Location: internet_8.png_Gaussian-Closing.png
Component: component_1755092787298_221.png
centerX: 0.07295445384925434
centerY: 0.7596236099230111
width: 0.06569931479242241
height: 0.019104647847162818
Area: 0.0004294974282447945
CentroidX: 0.1042
CentroidY: 0.7691
