Location: internet_8.png_Gaussian-Closing.png
Component: component_1755092787262_79.png
centerX: 0.07496977025392987
centerY: 0.21984602224123181
width: 0.0592503022974607
height: 0.017964071856287425
Area: 0.00044501312340482853
CentroidX: 0.1041
CentroidY: 0.2278
