Location: internet_8.png_Gaussian-Closing.png
Component: component_1755092787293_207.png
centerX: 0.5703345425231762
centerY: 0.7028799543769604
width: 0.05804111245465538
height: 0.016538351867693184
Area: 0.0003991556243762834
CentroidX: 0.5962
CentroidY: 0.7109
