Location: internet_8.png_Gaussian-Median.png
Component: component_1755092787655_202.png
centerX: 0.7613865376864167
centerY: 0.5677216994582264
width: 0.0592503022974607
height: 0.01710863986313088
Area: 0.00048041189458475803
CentroidX: 0.7877
CentroidY: 0.5765
