Location: internet_8.png_Gaussian-Closing.png
Component: component_1755092787246_2.png
centerX: 0.56590084643289
centerY: 0.00998003992015968
width: 0.06529625151148731
height: 0.023381807812945538
Area: 0.0006315462585510156
CentroidX: 0.5972
CentroidY: 0.0201
