Location: internet_8.png_Mean-Closing.png
Component: component_1755092786798_34.png
centerX: 0.16807738814993953
centerY: 0.09837467921300257
width: 0.07940346634421604
height: 0.020530367835757058
Area: 0.0005522438166219527
CentroidX: 0.2064
CentroidY: 0.1082
