Location: internet_8.png_Gaussian-Closing.png
Component: component_1755092787258_60.png
centerX: 0.43450221684804513
centerY: 0.1679498146564015
width: 0.05763804917372027
height: 0.018249215854006275
Area: 0.0004265092202880472
CentroidX: 0.4608
CentroidY: 0.1756
