Location: internet_8.png_Otsu.png
Component: component_1755092787084_339.png
centerX: 0.8012898024989923
centerY: 0.1585400627316795
width: 0.07174526400644901
height: 0.021100655831194755
Area: 0.0005032831785614008
CentroidX: 0.8346
CentroidY: 0.1675
