Location: internet_8.png_Otsu.png
Component: component_1755092787050_5.png
centerX: 0.8024989923417977
centerY: 0.012546335899629312
width: 0.07295445384925434
height: 0.023666951810664385
Area: 0.0006480963333883853
CentroidX: 0.8397
CentroidY: 0.0228
