Location: internet_8.png_Gaussian-Closing.png
Component: component_1755092787273_129.png
centerX: 0.23377670294236194
centerY: 0.37781579697747364
width: 0.083031035872632
height: 0.019389791844881665
Area: 0.0005895964160812939
CentroidX: 0.2738
CentroidY: 0.3864
