Location: internet_8.png_Otsu.png
Component: component_1755092787094_447.png
centerX: 0.7122128174123338
centerY: 0.2386655260906758
width: 0.07174526400644901
height: 0.020530367835757058
Area: 0.0006768291022032632
CentroidX: 0.7432
CentroidY: 0.2485
