Location: internet_8.png_Gaussian-Closing.png
Component: component_1755092787249_14.png
centerX: 0.7138250705360741
centerY: 0.04847447961220416
width: 0.0592503022974607
height: 0.020245223838038208
Area: 0.0004511044703935826
CentroidX: 0.7432
CentroidY: 0.0582
