Location: internet_8.png_Mean-Closing.png
Component: component_1755092786836_215.png
centerX: 0.16283756549778317
centerY: 0.7068719703450242
width: 0.06368399838774688
height: 0.018819503849443968
Area: 0.0005415552266228182
CentroidX: 0.1926
CentroidY: 0.7158
