Location: internet_8.png_Gaussian-Closing.png
Component: component_1755092787282_163.png
centerX: 0.011688835147118097
centerY: 0.5226689478186484
width: 0.07537283353486497
height: 0.02480752780153978
Area: 0.0006517741277966897
CentroidX: 0.0473
CentroidY: 0.5345
