Location: internet_8.png_Otsu.png
Component: component_1755092787175_854.png
centerX: 0.3264812575574365
centerY: 0.7060165383518677
width: 0.05642885933091495
height: 0.019674935842600515
Area: 0.0004247852541591545
CentroidX: 0.3541
CentroidY: 0.7154
