Location: internet_8.png_Mean-Closing.png
Component: component_1755092786821_147.png
centerX: 0.5485691253526803
centerY: 0.46678072426575423
width: 0.06368399838774688
height: 0.021670943826632448
Area: 0.0005846543798451349
CentroidX: 0.5787
CentroidY: 0.4771
