Location: internet_8.png_Gaussian-Closing.png
Component: component_1755092787269_107.png
centerX: 0.154776299879081
centerY: 0.3059595095523239
width: 0.05723498589278517
height: 0.019389791844881665
Area: 0.0005516691612456551
CentroidX: 0.1808
CentroidY: 0.3158
