Location: internet_8.png_Mean-Closing.png
Component: component_1755092786819_140.png
centerX: 0.2470777912132205
centerY: 0.4262902765896778
width: 0.0592503022974607
height: 0.017964071856287425
Area: 0.0004953529343684946
CentroidX: 0.2712
CentroidY: 0.4353
