Location: internet_8.png_Gaussian-Median.png
Component: component_1755092787660_223.png
centerX: 0.58484482063684
centerY: 0.6236099230111206
width: 0.05602579604997985
height: 0.019104647847162818
Area: 0.00040766052394548727
CentroidX: 0.6111
CentroidY: 0.6336
