Location: internet_8.png_Mean-Closing.png
Component: component_1755092786795_21.png
centerX: 0.15638855300282145
centerY: 0.06016538351867693
width: 0.06328093510681176
height: 0.02480752780153978
Area: 0.0006286729816695278
CentroidX: 0.1865
CentroidY: 0.0715
