Location: internet_8.png_Otsu.png
Component: component_1755092787188_1022.png
centerX: 0.860137041515518
centerY: 0.8046763615625891
width: 0.05723498589278517
height: 0.017393783860849728
Area: 0.0002892815164281904
CentroidX: 0.8872
CentroidY: 0.8137
