Location: internet_8.png_Mean-Closing.png
Component: component_1755092786808_88.png
centerX: 0.25191455058444173
centerY: 0.26147704590818366
width: 0.0765820233776703
height: 0.020815511833475905
Area: 0.0006902760380086261
CentroidX: 0.2888
CentroidY: 0.2712
