Location: internet_8.png_Mean-Closing.png
Component: component_1755092786817_129.png
centerX: 0.08020959290608626
centerY: 0.38294838893641286
width: 0.06529625151148731
height: 0.017393783860849728
Area: 0.0005122478024316427
CentroidX: 0.1105
CentroidY: 0.3902
