Location: internet_8.png_Gaussian-Closing.png
Component: component_1755092787250_19.png
centerX: 0.3147924224103184
centerY: 0.05360707157114343
width: 0.06368399838774688
height: 0.02623324779013402
Area: 0.0006278684641427113
CentroidX: 0.3436
CentroidY: 0.0663
