Location: internet_8.png_Mean-Closing.png
Component: component_1755092786807_82.png
centerX: 0.7956469165659008
centerY: 0.23781009409751924
width: 0.06610237807335752
height: 0.017964071856287425
Area: 0.000619248633498248
CentroidX: 0.8264
CentroidY: 0.2459
