Location: internet_8.png_Mean-Closing.png
Component: component_1755092786810_99.png
centerX: 0.4586860137041516
centerY: 0.2979754776161962
width: 0.062071745264006446
height: 0.017393783860849728
Area: 0.0005864932770492872
CentroidX: 0.4878
CentroidY: 0.3058
