Location: internet_8.png_Otsu.png
Component: component_1755092787117_489.png
centerX: 0.39862958484482064
centerY: 0.3735386370116909
width: 0.05038291011688835
height: 0.018249215854006275
Area: 0.00042938249716953494
CentroidX: 0.4230
CentroidY: 0.3824
