Location: internet_8.png_Gaussian-Median.png
Component: component_1755092787419_140.png
centerX: 0.3857315598548972
centerY: 0.33219275734245796
width: 0.08464328899637243
height: 0.019104647847162818
Area: 0.000585573828447211
CentroidX: 0.4275
CentroidY: 0.3407
