Location: internet_8.png_Gaussian-Median.png
Component: component_1755092787674_246.png
centerX: 0.5703345425231762
centerY: 0.7028799543769604
width: 0.05804111245465538
height: 0.016538351867693184
Area: 0.0004035230052361449
CentroidX: 0.5963
CentroidY: 0.7110
