Location: internet_8.png_Gaussian-Closing.png
Component: component_1755092787282_166.png
centerX: 0.1700927045546151
centerY: 0.5240946678072427
width: 0.06650544135429262
height: 0.025377815796977475
Area: 0.0006254549115622616
CentroidX: 0.1996
CentroidY: 0.5361
