Location: internet_8.png_Otsu.png
Component: component_1755092787051_18.png
centerX: 0.8782748891575978
centerY: 0.04704875962360992
width: 0.07214832728738411
height: 0.019104647847162818
Area: 0.00044099053577074563
CentroidX: 0.9108
CentroidY: 0.0564
