Location: internet_8.png_Gaussian-Median.png
Component: component_1755092787723_280.png
centerX: 0.008061265618702136
centerY: 0.7961220416310236
width: 0.046352277307537285
height: 0.01568291987453664
Area: 0.0003143364908347639
CentroidX: 0.0289
CentroidY: 0.8047
