Location: internet_8.png_Gaussian-Median.png
Component: component_1755092787497_185.png
centerX: 0.010479645304312777
centerY: 0.4750499001996008
width: 0.06368399838774688
height: 0.018819503849443968
Area: 0.0004647812683494645
CentroidX: 0.0419
CentroidY: 0.4838
