Location: internet_8.png_Otsu.png
Component: component_1755092787137_566.png
centerX: 0.6485288190245868
centerY: 0.5212432278300542
width: 0.06166868198307134
height: 0.020815511833475905
Area: 0.0005209825641513656
CentroidX: 0.6770
CentroidY: 0.5307
