Location: Samociqulo_1709_page_10.png_Gaussian-Median.png
Component: component_1755610056144_1243.png
centerX: 0.36412776412776415
centerY: 0.2815625
width: 0.026535626535626536
height: 0.01
Area: 0.0001534090909090909
CentroidX: 0.3762
CentroidY: 0.2860
