Location: internet_8.png_Otsu.png
Component: component_1755092787183_891.png
centerX: 0.7815397017331721
centerY: 0.7676076418591389
width: 0.05723498589278517
height: 0.015397775876817793
Area: 0.00024170005127075266
CentroidX: 0.8082
CentroidY: 0.7748
