Location: internet_8.png_Mean-Closing.png
Component: component_1755092786792_4.png
centerX: 0.2893994357114067
centerY: 0.012261191901910464
width: 0.0826279725916969
height: 0.02623324779013402
Area: 0.0008575007525112153
CentroidX: 0.3317
CentroidY: 0.0235
