Location: internet_8.png_Mean-Closing.png
Component: component_1755092786817_131.png
centerX: 0.9157597742845627
centerY: 0.4043341887653265
width: 0.06650544135429262
height: 0.020530367835757058
Area: 0.0005822408272646853
CentroidX: 0.9461
CentroidY: 0.4143
