Location: internet_8.png_Mean-Closing.png
Component: component_1755092786816_127.png
centerX: 0.23377670294236194
centerY: 0.3775306529797548
width: 0.083031035872632
height: 0.019674935842600515
Area: 0.0006161454944662411
CentroidX: 0.2737
CentroidY: 0.3864
