Location: internet_8.png_Otsu.png
Component: component_1755092787105_468.png
centerX: 0.08101571946795647
centerY: 0.3056743655546051
width: 0.06247480854494156
height: 0.017678927858568578
Area: 0.0005068460418944457
CentroidX: 0.1086
CentroidY: 0.3147
