Location: internet_8.png_Otsu.png
Component: component_1755092787122_500.png
centerX: 0.6199113260781943
centerY: 0.4126033646991731
width: 0.058444175735590485
height: 0.021100655831194755
Area: 0.00048340010254150533
CentroidX: 0.6461
CentroidY: 0.4222
