Location: internet_8.png_Mean-Closing.png
Component: component_1755092786804_63.png
centerX: 0.1475211608222491
centerY: 0.17678927858568577
width: 0.06368399838774688
height: 0.020245223838038208
Area: 0.0005566111974818141
CentroidX: 0.1786
CentroidY: 0.1864
