Location: internet_8.png_Otsu.png
Component: component_1755092787099_454.png
centerX: 0.1648528819024587
centerY: 0.2648987738808098
width: 0.07013301088270858
height: 0.021956087824351298
Area: 0.00063051187887368
CentroidX: 0.1983
CentroidY: 0.2755
