Location: internet_8.png_Gaussian-Median.png
Component: component_1755092787659_218.png
centerX: 0.3349455864570738
centerY: 0.6201881950384944
width: 0.07214832728738411
height: 0.019104647847162818
Area: 0.0005741956519965194
CentroidX: 0.3691
CentroidY: 0.6299
