Location: internet_8.png_Mean-Closing.png
Component: component_1755092786789_1.png
centerX: 0.3905683192261185
centerY: 0.009124607927003137
width: 0.06247480854494156
height: 0.023952095808383235
Area: 0.0006988958686530894
CentroidX: 0.4198
CentroidY: 0.0206
