Location: internet_8.png_Gaussian-Median.png
Component: component_1755092787677_248.png
centerX: 0.7106005642885933
centerY: 0.7037353863701169
width: 0.06126561870213623
height: 0.019389791844881665
Area: 0.00047041289103718053
CentroidX: 0.7391
CentroidY: 0.7136
