Location: internet_8.png_Mean-Closing.png
Component: component_1755092786795_20.png
centerX: 0.23055219669488108
centerY: 0.05902480752780154
width: 0.07053607416364369
height: 0.023666951810664385
Area: 0.000685563863922986
CentroidX: 0.2653
CentroidY: 0.0694
