Location: internet_8.png_Otsu.png
Component: component_1755092787187_1002.png
centerX: 0.14590890769850867
centerY: 0.802965497576276
width: 0.04796453043127771
height: 0.015968063872255488
Area: 0.00027962730610639144
CentroidX: 0.1692
CentroidY: 0.8110
