Location: internet_8.png_Gaussian-Closing.png
Component: component_1755092787280_155.png
centerX: 0.23982265215638857
centerY: 0.47305389221556887
width: 0.06328093510681176
height: 0.023096663815226688
Area: 0.0005441986413537869
CentroidX: 0.2703
CentroidY: 0.4833
