Location: internet_8.png_Gaussian-Closing.png
Component: component_1755092787305_239.png
centerX: 0.14389359129383314
centerY: 0.801254633589963
width: 0.051189036678758564
height: 0.017678927858568578
Area: 0.00032939246169375996
CentroidX: 0.1688
CentroidY: 0.8108
