Location: Kurtxevani_1764_page_10.png_Otsu.png
Component: component_1755610055854_747.png
centerX: 0.6394822006472491
centerY: 0.23479887745556596
width: 0.021359223300970873
height: 0.01028999064546305
Area: 0.0001583308357627883
CentroidX: 0.6498
CentroidY: 0.2396
