Location: internet_8.png_Mean-Closing.png
Component: component_1755092786827_177.png
centerX: 0.24909310761789602
centerY: 0.570287995437696
width: 0.08182184602982669
height: 0.021100655831194755
Area: 0.0006978614889757538
CentroidX: 0.2875
CentroidY: 0.5806
