Location: internet_8.png_Otsu.png
Component: component_1755092787177_876.png
centerX: 0.07335751713018944
centerY: 0.7596236099230111
width: 0.06489318823055219
height: 0.018819503849443968
Area: 0.00035352798749825734
CentroidX: 0.1026
CentroidY: 0.7686
