Location: internet_8.png_Mean-Closing.png
Component: component_1755092786823_157.png
centerX: 0.7243047158403869
centerY: 0.5189620758483033
width: 0.06126561870213623
height: 0.022241231822070145
Area: 0.0006083301813485944
CentroidX: 0.7530
CentroidY: 0.5303
