Location: internet_8.png_Mean-Closing.png
Component: component_1755092786830_188.png
centerX: 0.6561870213623539
centerY: 0.6244653550042771
width: 0.06489318823055219
height: 0.01996007984031936
Area: 0.0005221318749039607
CentroidX: 0.6872
CentroidY: 0.6339
