Location: internet_8.png_Gaussian-Closing.png
Component: component_1755092787263_83.png
centerX: 0.8750503829101169
centerY: 0.23609923011120615
width: 0.06610237807335752
height: 0.018249215854006275
Area: 0.0005869530013503252
CentroidX: 0.9061
CentroidY: 0.2442
