Location: internet_8.png_Gaussian-Median.png
Component: component_1755092787656_204.png
centerX: 0.6928657799274486
centerY: 0.568291987453664
width: 0.054816606207174524
height: 0.016823495865412035
Area: 0.00041926856254669796
CentroidX: 0.7176
CentroidY: 0.5769
