Location: internet_8.png_Otsu.png
Component: component_1755092787162_768.png
centerX: 0.758565094719871
centerY: 0.6581123467351012
width: 0.06731156791616284
height: 0.019674935842600515
Area: 0.00046363195759686936
CentroidX: 0.7888
CentroidY: 0.6674
