Location: internet_8.png_Gaussian-Closing.png
Component: component_1755092787255_43.png
centerX: 0.5171301894397421
centerY: 0.1223267750213858
width: 0.0709391374445788
height: 0.018819503849443968
Area: 0.0005871828635008442
CentroidX: 0.5501
CentroidY: 0.1313
