Location: internet_8.png_Mean-Closing.png
Component: component_1755092786820_145.png
centerX: 0.7972591696896413
centerY: 0.4656401482748788
width: 0.07053607416364369
height: 0.023952095808383235
Area: 0.0006821159316652007
CentroidX: 0.8302
CentroidY: 0.4761
