Location: internet_8.png_Otsu.png
Component: component_1755092787135_564.png
centerX: 0.8020959290608626
centerY: 0.5201026518391788
width: 0.07456670697299476
height: 0.017678927858568578
Area: 0.0005127075267326807
CentroidX: 0.8370
CentroidY: 0.5287
