Location: internet_8.png_Gaussian-Closing.png
Component: component_1755092787274_130.png
centerX: 0.1596130592503023
centerY: 0.38152266894781867
width: 0.06569931479242241
height: 0.017393783860849728
Area: 0.0004800671013589795
CentroidX: 0.1903
CentroidY: 0.3900
