Location: internet_8.png_Mean-Closing.png
Component: component_1755092786829_183.png
centerX: 0.3349455864570738
centerY: 0.6201881950384944
width: 0.07134220072551391
height: 0.019104647847162818
Area: 0.0006091346988754109
CentroidX: 0.3688
CentroidY: 0.6297
