Location: internet_8.png_Gaussian-Closing.png
Component: component_1755092787290_197.png
centerX: 0.758565094719871
centerY: 0.6578272027373824
width: 0.06731156791616284
height: 0.01996007984031936
Area: 0.0005097193187759334
CentroidX: 0.7894
CentroidY: 0.6675
