Location: internet_8.png_Mean-Closing.png
Component: component_1755092786816_125.png
centerX: 0.39822652156388555
centerY: 0.3735386370116909
width: 0.051189036678758564
height: 0.01853435985172512
Area: 0.0004729413746928898
CentroidX: 0.4230
CentroidY: 0.3825
