Location: internet_8.png_Mean-Closing.png
Component: component_1755092786838_226.png
centerX: 0.9318823055219669
centerY: 0.7656116338751069
width: 0.06489318823055219
height: 0.021100655831194755
Area: 0.000640166089195479
CentroidX: 0.9644
CentroidY: 0.7760
