Location: internet_8.png_Mean-Closing.png
Component: component_1755092786811_102.png
centerX: 0.005239822652156389
centerY: 0.30538922155688625
width: 0.06086255542120113
height: 0.017393783860849728
Area: 0.0005748852384480765
CentroidX: 0.0336
CentroidY: 0.3137
