Location: internet_8.png_Mean-Closing.png
Component: component_1755092786808_86.png
centerX: 0.42200725513905685
centerY: 0.24978614200171087
width: 0.09149536477226924
height: 0.022241231822070145
Area: 0.0008492257150925304
CentroidX: 0.4656
CentroidY: 0.2609
