Location: internet_8.png_Mean-Closing.png
Component: component_1755092786836_218.png
centerX: 0.0032245062474808546
centerY: 0.7559167379526661
width: 0.06247480854494156
height: 0.023952095808383235
Area: 0.0004809865499610556
CentroidX: 0.0319
CentroidY: 0.7678
