Location: internet_8.png_Gaussian-Closing.png
Component: component_1755092787268_106.png
centerX: 0.22047561467150342
centerY: 0.30510407755916735
width: 0.07859733978234583
height: 0.019389791844881665
Area: 0.000680621827686827
CentroidX: 0.2577
CentroidY: 0.3141
