Location: internet_8.png_Otsu.png
Component: component_1755092787156_766.png
centerX: 0.5026199113260782
centerY: 0.6555460507556315
width: 0.07013301088270858
height: 0.017964071856287425
Area: 0.0003709975109377031
CentroidX: 0.5323
CentroidY: 0.6645
