Location: internet_8.png_Gaussian-Closing.png
Component: component_1755092787305_236.png
centerX: 0.494155582426441
centerY: 0.7995437696036498
width: 0.058444175735590485
height: 0.021956087824351298
Area: 0.00042627935813752815
CentroidX: 0.5218
CentroidY: 0.8099
