Location: internet_8.png_Mean-Closing.png
Component: component_1755092786839_231.png
centerX: 0.008061265618702136
centerY: 0.7964071856287425
width: 0.046352277307537285
height: 0.01568291987453664
Area: 0.00033778243018770427
CentroidX: 0.0289
CentroidY: 0.8046
