Location: internet_8.png_Gaussian-Closing.png
Component: component_1755092787258_58.png
centerX: 0.6505441354292624
centerY: 0.16253207869974337
width: 0.05763804917372027
height: 0.019674935842600515
Area: 0.0005019040056582867
CentroidX: 0.6784
CentroidY: 0.1720
