Location: internet_8.png_Gaussian-Median.png
Component: component_1755092787375_10.png
centerX: 0.7198710197501008
centerY: 0.01311662389506701
width: 0.06529625151148731
height: 0.020530367835757058
Area: 0.0005868380702750657
CentroidX: 0.7519
CentroidY: 0.0222
