Location: internet_8.png_Gaussian-Closing.png
Component: component_1755092787266_97.png
centerX: 0.7420395002015316
centerY: 0.28599942971200454
width: 0.06489318823055219
height: 0.016253207869974338
Area: 0.000495008141142716
CentroidX: 0.7732
CentroidY: 0.2934
