Location: internet_8.png_Gaussian-Closing.png
Component: component_1755092787266_96.png
centerX: 0.8198307134220073
centerY: 0.2831479897348161
width: 0.05965336557839581
height: 0.017964071856287425
Area: 0.0004984560734005014
CentroidX: 0.8474
CentroidY: 0.2922
