Location: internet_8.png_Gaussian-Closing.png
Component: component_1755092787277_144.png
centerX: 0.09068923821039904
centerY: 0.4274308525805532
width: 0.06892382103990327
height: 0.01853435985172512
Area: 0.0005413253644722992
CentroidX: 0.1228
CentroidY: 0.4364
