Location: internet_8.png_Otsu.png
Component: component_1755092787135_563.png
centerX: 0.724707779121322
centerY: 0.5189620758483033
width: 0.06166868198307134
height: 0.021956087824351298
Area: 0.0005110984916790476
CentroidX: 0.7531
CentroidY: 0.5301
