Location: Kurtxevani_1794_page_10.png_Mean-Medain.png
Component: component_1755610055108_2582.png
centerX: 0.1636469900642899
centerY: 0.8162185985015425
width: 0.025131502045587374
height: 0.014103129131776113
Area: 0.00020477768227209983
CentroidX: 0.1759
CentroidY: 0.8230
