Location: internet_8.png_Mean-Closing.png
Component: component_1755092786798_33.png
centerX: 0.2591696896412737
centerY: 0.0943826632449387
width: 0.05441354292623942
height: 0.020530367835757058
Area: 0.00046753961415569277
CentroidX: 0.2842
CentroidY: 0.1041
