Location: internet_8.png_Mean-Closing.png
Component: component_1755092786823_156.png
centerX: 0.8859330914953648
centerY: 0.5181066438551468
width: 0.06690850463522773
height: 0.01853435985172512
Area: 0.0005414402955475587
CentroidX: 0.9154
CentroidY: 0.5264
