Location: internet_8.png_Mean-Closing.png
Component: component_1755092786793_9.png
centerX: 0.7198710197501008
centerY: 0.01311662389506701
width: 0.06489318823055219
height: 0.020530367835757058
Area: 0.0006069510084454802
CentroidX: 0.7517
CentroidY: 0.0222
