Location: internet_8.png_Gaussian-Closing.png
Component: component_1755092787306_241.png
centerX: 0.27972591696896415
centerY: 0.8018249215854006
width: 0.05562273276904474
height: 0.019104647847162818
Area: 0.000350309917390991
CentroidX: 0.3056
CentroidY: 0.8118
