Location: Kurtxevani_1794_page_10.png_Mean-Medain.png
Component: component_1755610054638_616.png
centerX: 0.7592051431911163
centerY: 0.13133539003966505
width: 0.018118059614260665
height: 0.009255178492728075
Area: 0.0001228666093632599
CentroidX: 0.7675
CentroidY: 0.1359
