Location: internet_8.png_Gaussian-Median.png
Component: component_1755092787719_268.png
centerX: 0.32043530834340994
centerY: 0.7639007698887939
width: 0.06892382103990327
height: 0.017678927858568578
Area: 0.0004607586807153816
CentroidX: 0.3539
CentroidY: 0.7726
