Location: internet_8.png_Mean-Closing.png
Component: component_1755092786794_13.png
centerX: 0.79242241031842
centerY: 0.04733390362132877
width: 0.06852075775896815
height: 0.01853435985172512
Area: 0.0004731712368434088
CentroidX: 0.8248
CentroidY: 0.0561
