Location: internet_8.png_Gaussian-Median.png
Component: component_1755092787727_296.png
centerX: 0.4207980652962515
centerY: 0.8032506415739948
width: 0.056831922611850064
height: 0.020530367835757058
Area: 0.0004521388500709182
CentroidX: 0.4480
CentroidY: 0.8129
