Location: internet_8.png_Mean-Closing.png
Component: component_1755092786840_236.png
centerX: 0.14389359129383314
centerY: 0.801254633589963
width: 0.051189036678758564
height: 0.017964071856287425
Area: 0.0003626075424437588
CentroidX: 0.1686
CentroidY: 0.8110
