Location: internet_8.png_Mean-Closing.png
Component: component_1755092786834_207.png
centerX: 0.7106005642885933
centerY: 0.7037353863701169
width: 0.06126561870213623
height: 0.019389791844881665
Area: 0.0004974216937231658
CentroidX: 0.7391
CentroidY: 0.7137
