Location: Kurtxevani_1764_page_10.png_Otsu.png
Component: component_1755610055951_1410.png
centerX: 0.6595469255663431
centerY: 0.568755846585594
width: 0.022006472491909384
height: 0.01028999064546305
Area: 0.00017346762694469924
CentroidX: 0.6705
CentroidY: 0.5737
