Location: internet_8.png_Gaussian-Closing.png
Component: component_1755092787268_104.png
centerX: 0.005239822652156389
centerY: 0.30538922155688625
width: 0.06086255542120113
height: 0.017393783860849728
Area: 0.0005424746752248943
CentroidX: 0.0337
CentroidY: 0.3138
