Location: internet_8.png_Otsu.png
Component: component_1755092787088_395.png
centerX: 0.007658202337767029
centerY: 0.1847733105218135
width: 0.06086255542120113
height: 0.016538351867693184
Area: 0.0003210024931998156
CentroidX: 0.0393
CentroidY: 0.1921
