Location: Kurtxevani_1794_page_10.png_Mean-Medain.png
Component: component_1755610054608_550.png
centerX: 0.8649912331969608
centerY: 0.10577346848832085
width: 0.017533606078316773
height: 0.010577346848832084
Area: 0.0001352305448966697
CentroidX: 0.8733
CentroidY: 0.1106
