Location: internet_8.png_Mean-Closing.png
Component: component_1755092786806_75.png
centerX: 0.22813381700927046
centerY: 0.21442828628457372
width: 0.06610237807335752
height: 0.017678927858568578
Area: 0.0005146613550120924
CentroidX: 0.2593
CentroidY: 0.2223
