Location: internet_8.png_Otsu.png
Component: component_1755092787100_458.png
centerX: 0.8198307134220073
centerY: 0.2834331337325349
width: 0.05965336557839581
height: 0.017678927858568578
Area: 0.000470068097811402
CentroidX: 0.8474
CentroidY: 0.2922
