Location: internet_8.png_Otsu.png
Component: component_1755092787189_1033.png
centerX: 0.9363160016122531
centerY: 0.8080980895352153
width: 0.051189036678758564
height: 0.019104647847162818
Area: 0.0003387018787897804
CentroidX: 0.9572
CentroidY: 0.8178
