Location: internet_8.png_Mean-Closing.png
Component: component_1755092786822_154.png
centerX: 0.3196291817815397
centerY: 0.47305389221556887
width: 0.06126561870213623
height: 0.022526375819788995
Area: 0.0005701730643624365
CentroidX: 0.3496
CentroidY: 0.4835
