Location: internet_8.png_Otsu.png
Component: component_1755092787103_465.png
centerX: 0.31559854897218864
centerY: 0.30424864556601083
width: 0.06287787182587666
height: 0.016823495865412035
Area: 0.0005627025444705682
CentroidX: 0.3448
CentroidY: 0.3120
