Location: Samociqulo_1709_page_10.png_Gaussian-Median.png
Component: component_1755610056271_2816.png
centerX: 0.06044226044226044
centerY: 0.6940625
width: 0.019164619164619166
height: 0.0125
Area: 0.00013006756756756756
CentroidX: 0.0678
CentroidY: 0.6999
