Location: internet_8.png_Mean-Closing.png
Component: component_1755092786807_83.png
centerX: 0.7118097541313986
centerY: 0.2386655260906758
width: 0.07255139056831923
height: 0.020815511833475905
Area: 0.000734984226284576
CentroidX: 0.7432
CentroidY: 0.2485
