Location: internet_8.png_Gaussian-Closing.png
Component: component_1755092787260_68.png
centerX: 0.005642885933091495
centerY: 0.18391787852865696
width: 0.06287787182587666
height: 0.017678927858568578
Area: 0.00042627935813752815
CentroidX: 0.0368
CentroidY: 0.1920
