Location: internet_8.png_Mean-Closing.png
Component: component_1755092786832_198.png
centerX: 0.0036275695284159614
centerY: 0.6606786427145709
width: 0.06771463119709795
height: 0.022526375819788995
Area: 0.0005173047697430613
CentroidX: 0.0333
CentroidY: 0.6742
