Location: internet_8.png_Otsu.png
Component: component_1755092787143_600.png
centerX: 0.3450221684804514
centerY: 0.5697177074422584
width: 0.06690850463522773
height: 0.018819503849443968
Area: 0.0004491506421141709
CentroidX: 0.3767
CentroidY: 0.5787
