Location: internet_8.png_Otsu.png
Component: component_1755092787174_851.png
centerX: 0.40386940749697703
centerY: 0.7057313943541489
width: 0.06811769447803305
height: 0.018249215854006275
Area: 0.00045926457673700795
CentroidX: 0.4383
CentroidY: 0.7139
