Location: internet_8.png_Otsu.png
Component: component_1755092787121_497.png
centerX: 0.8367593712212817
centerY: 0.4066153407470773
width: 0.06368399838774688
height: 0.019104647847162818
Area: 0.000480182032434239
CentroidX: 0.8658
CentroidY: 0.4159
