Location: internet_8.png_Mean-Closing.png
Component: component_1755092786794_17.png
centerX: 0.46432889963724305
centerY: 0.05075563159395495
width: 0.06932688432083838
height: 0.023381807812945538
Area: 0.0006144215283373485
CentroidX: 0.4984
CentroidY: 0.0604
