Location: internet_8.png_Gaussian-Median.png
Component: component_1755092787669_239.png
centerX: 0.6831922611850061
centerY: 0.660393498716852
width: 0.060056428859330914
height: 0.017964071856287425
Area: 0.0004800671013589795
CentroidX: 0.7108
CentroidY: 0.6692
