Location: internet_8.png_Gaussian-Closing.png
Component: component_1755092787253_33.png
centerX: 0.3305118903667876
centerY: 0.0926717992586256
width: 0.05441354292623942
height: 0.019104647847162818
Area: 0.0004109935251280131
CentroidX: 0.3547
CentroidY: 0.1017
