Location: internet_8.png_Gaussian-Closing.png
Component: component_1755092787281_159.png
centerX: 0.7243047158403869
centerY: 0.5189620758483033
width: 0.06126561870213623
height: 0.022241231822070145
Area: 0.0005720119615665887
CentroidX: 0.7531
CentroidY: 0.5303
