Location: Kurtxevani_1764_page_10.png_Otsu.png
Component: component_1755610055844_682.png
centerX: 0.6763754045307443
centerY: 0.2039289055191768
width: 0.020711974110032363
height: 0.009354536950420954
Area: 0.00012654357428077537
CentroidX: 0.6872
CentroidY: 0.2084
