Location: internet_8.png_Mean-Closing.png
Component: component_1755092786834_205.png
centerX: 0.5703345425231762
centerY: 0.7028799543769604
width: 0.05804111245465538
height: 0.016538351867693184
Area: 0.00042248663265396423
CentroidX: 0.5961
CentroidY: 0.7109
