Location: internet_8.png_Gaussian-Closing.png
Component: component_1755092787280_156.png
centerX: 0.3196291817815397
centerY: 0.47305389221556887
width: 0.06126561870213623
height: 0.022526375819788995
Area: 0.0005339697756556904
CentroidX: 0.3493
CentroidY: 0.4834
