Location: internet_8.png_Mean-Closing.png
Component: component_1755092786836_219.png
centerX: 0.07295445384925434
centerY: 0.7593384659252923
width: 0.06569931479242241
height: 0.019389791844881665
Area: 0.00046156319824219817
CentroidX: 0.1043
CentroidY: 0.7692
