Location: internet_8.png_Otsu.png
Component: component_1755092787089_424.png
centerX: 0.8041112454655381
centerY: 0.19532363843741088
width: 0.0769850866586054
height: 0.018819503849443968
Area: 0.0005114432849048262
CentroidX: 0.8392
CentroidY: 0.2042
