Location: internet_8.png_Otsu.png
Component: component_1755092787122_501.png
centerX: 0.5413139862958485
centerY: 0.4134587966923296
width: 0.06650544135429262
height: 0.019389791844881665
Area: 0.0004886869320034428
CentroidX: 0.5719
CentroidY: 0.4223
