Location: internet_8.png_Gaussian-Closing.png
Component: component_1755092787248_12.png
centerX: 0.8782748891575978
centerY: 0.04704875962360992
width: 0.07214832728738411
height: 0.018819503849443968
Area: 0.0005275336354411578
CentroidX: 0.9121
CentroidY: 0.0567
