Location: internet_8.png_Otsu.png
Component: component_1755092787060_96.png
centerX: 0.8730350665054414
centerY: 0.07755916737952666
width: 0.04232164449818621
height: 0.017393783860849728
Area: 0.0003090496613728264
CentroidX: 0.8954
CentroidY: 0.0864
