Location: internet_8.png_Otsu.png
Component: component_1755092787059_94.png
centerX: 0.550987505038291
centerY: 0.07784431137724551
width: 0.06892382103990327
height: 0.022241231822070145
Area: 0.0005204079087750681
CentroidX: 0.5825
CentroidY: 0.0891
