Location: internet_8.png_Gaussian-Closing.png
Component: component_1755092787269_109.png
centerX: 0.8311164852881903
centerY: 0.3196464214428286
width: 0.06569931479242241
height: 0.01710863986313088
Area: 0.0004568510241565582
CentroidX: 0.8613
CentroidY: 0.3284
