Location: internet_8.png_Gaussian-Closing.png
Component: component_1755092787278_149.png
centerX: 0.5485691253526803
centerY: 0.46678072426575423
width: 0.06368399838774688
height: 0.021670943826632448
Area: 0.0005508646437188386
CentroidX: 0.5788
CentroidY: 0.4771
