Location: internet_8.png_Gaussian-Closing.png
Component: component_1755092787287_183.png
centerX: 0.2535268037081822
centerY: 0.6196179070430567
width: 0.07134220072551391
height: 0.021100655831194755
Area: 0.0005508646437188386
CentroidX: 0.2866
CentroidY: 0.6293
