Location: internet_8.png_Gaussian-Closing.png
Component: component_1755092787279_153.png
centerX: 0.08424022571543732
centerY: 0.47276874821785003
width: 0.07053607416364369
height: 0.01996007984031936
Area: 0.0005533931273745479
CentroidX: 0.1174
CentroidY: 0.4829
