Location: internet_8.png_Mean-Closing.png
Component: component_1755092786792_5.png
centerX: 0.8024989923417977
centerY: 0.012261191901910464
width: 0.07295445384925434
height: 0.023666951810664385
Area: 0.0007187789446729849
CentroidX: 0.8400
CentroidY: 0.0227
