Location: internet_8.png_Gaussian-Median.png
Component: component_1755092787400_82.png
centerX: 0.43409915356711004
centerY: 0.1679498146564015
width: 0.0592503022974607
height: 0.018249215854006275
Area: 0.0004435190194264549
CentroidX: 0.4612
CentroidY: 0.1757
