Location: internet_8.png_Gaussian-Median.png
Component: component_1755092787464_164.png
centerX: 0.686819830713422
centerY: 0.40975192472198463
width: 0.06287787182587666
height: 0.021100655831194755
Area: 0.0005485660222136484
CentroidX: 0.7152
CentroidY: 0.4204
