Location: internet_8.png_Otsu.png
Component: component_1755092787186_993.png
centerX: 0.645304312777106
centerY: 0.8021100655831195
width: 0.049576783555018135
height: 0.01996007984031936
Area: 0.00034410363932697743
CentroidX: 0.6703
CentroidY: 0.8120
