Location: internet_8.png_Mean-Closing.png
Component: component_1755092786810_98.png
centerX: 0.5300282144296654
centerY: 0.2951240376390077
width: 0.06126561870213623
height: 0.01710863986313088
Area: 0.0005019040056582867
CentroidX: 0.5570
CentroidY: 0.3027
