Location: internet_8.png_Mean-Closing.png
Component: component_1755092786795_18.png
centerX: 0.3909713825070536
centerY: 0.05246649558026804
width: 0.05965336557839581
height: 0.024522383803820928
Area: 0.0005553469556539596
CentroidX: 0.4200
CentroidY: 0.0634
