Location: internet_8.png_Mean-Closing.png
Component: component_1755092786824_161.png
centerX: 0.011688835147118097
centerY: 0.5223838038209295
width: 0.07537283353486497
height: 0.025092671799258625
Area: 0.0006785530683321558
CentroidX: 0.0472
CentroidY: 0.5346
