Location: internet_8.png_Gaussian-Median.png
Component: component_1755092787657_208.png
centerX: 0.5175332527206772
centerY: 0.5697177074422584
width: 0.06650544135429262
height: 0.018249215854006275
Area: 0.0005509795747940981
CentroidX: 0.5488
CentroidY: 0.5783
