Location: internet_8.png_Gaussian-Median.png
Component: component_1755092787387_39.png
centerX: 0.47601773478436116
centerY: 0.08411747932706017
width: 0.058444175735590485
height: 0.021956087824351298
Area: 0.0005370729146876972
CentroidX: 0.5042
CentroidY: 0.0945
