Location: internet_8.png_Gaussian-Median.png
Component: component_1755092787402_98.png
centerX: 0.6392583635630794
centerY: 0.20017108639863132
width: 0.07376058041112454
height: 0.0213857998289136
Area: 0.0005602889918901186
CentroidX: 0.6754
CentroidY: 0.2097
