Location: internet_8.png_Gaussian-Median.png
Component: component_1755092787389_41.png
centerX: 0.3301088270858525
centerY: 0.0926717992586256
width: 0.055219669488109635
height: 0.019104647847162818
Area: 0.00041938349362195744
CentroidX: 0.3548
CentroidY: 0.1017
