Location: internet_8.png_Otsu.png
Component: component_1755092787069_163.png
centerX: 0.9330914953647723
centerY: 0.11291702309666382
width: 0.06247480854494156
height: 0.015112631879098944
Area: 0.00033215080749998823
CentroidX: 0.9663
CentroidY: 0.1203
