Location: internet_8.png_Otsu.png
Component: component_1755092787093_444.png
centerX: 0.9459895203546956
centerY: 0.23495865412033076
width: 0.051592099959693674
height: 0.015968063872255488
Area: 0.00045064474609254456
CentroidX: 0.9701
CentroidY: 0.2421
