Location: internet_8.png_Gaussian-Median.png
Component: component_1755092787657_207.png
centerX: 0.34461910519951633
centerY: 0.5697177074422584
width: 0.06892382103990327
height: 0.019104647847162818
Area: 0.0005261544625380436
CentroidX: 0.3774
CentroidY: 0.5792
