Location: internet_8.png_Mean-Closing.png
Component: component_1755092786814_113.png
centerX: 0.31076178960096734
centerY: 0.335899629312803
width: 0.053607416364369206
height: 0.015112631879098944
Area: 0.0004078903860960063
CentroidX: 0.3358
CentroidY: 0.3428
