Location: Kurtxevani_1764_page_10.png_Otsu.png
Component: component_1755610055951_1415.png
centerX: 0.4815533980582524
centerY: 0.5696913002806361
width: 0.020711974110032363
height: 0.009354536950420954
Area: 0.0001289654608698811
CentroidX: 0.4923
CentroidY: 0.5736
