Location: internet_8.png_Otsu.png
Component: component_1755092787114_486.png
centerX: 0.6158806932688432
centerY: 0.3652694610778443
width: 0.05804111245465538
height: 0.018249215854006275
Area: 0.0004551270580276655
CentroidX: 0.6420
CentroidY: 0.3738
