Location: internet_8.png_Otsu.png
Component: component_1755092787136_565.png
centerX: 0.5614671503426037
centerY: 0.5206729398346165
width: 0.06650544135429262
height: 0.024522383803820928
Area: 0.000569828271136658
CentroidX: 0.5936
CentroidY: 0.5308
