Location: Samociqulo_1709_page_10.png_Gaussian-Median.png
Component: component_1755610056300_3262.png
centerX: 0.4068796068796069
centerY: 0.8075
width: 0.023095823095823097
height: 0.0103125
Area: 0.0001421990171990172
CentroidX: 0.4172
CentroidY: 0.8122
