Location: internet_8.png_Gaussian-Closing.png
Component: component_1755092787248_11.png
centerX: 0.01652559451833938
centerY: 0.016253207869974338
width: 0.06489318823055219
height: 0.021956087824351298
Area: 0.0006548772668286965
CentroidX: 0.0476
CentroidY: 0.0271
