Location: internet_8.png_Mean-Closing.png
Component: component_1755092786827_173.png
centerX: 0.42563482466747277
centerY: 0.5688622754491018
width: 0.07577589681580008
height: 0.019389791844881665
Area: 0.000630052154572642
CentroidX: 0.4637
CentroidY: 0.5773
