Location: internet_8.png_Otsu.png
Component: component_1755092787087_353.png
centerX: 0.37162434502216846
centerY: 0.16966067864271456
width: 0.04796453043127771
height: 0.015397775876817793
Area: 0.00031077362750171907
CentroidX: 0.3939
CentroidY: 0.1770
