Location: internet_8.png_Gaussian-Closing.png
Component: component_1755092787292_204.png
centerX: 0.8460298266827891
centerY: 0.6646706586826348
width: 0.06368399838774688
height: 0.019389791844881665
Area: 0.00048167613641261265
CentroidX: 0.8747
CentroidY: 0.6737
