Location: Samociqulo_1709_page_10.png_Gaussian-Median.png
Component: component_1755610056300_3271.png
centerX: 0.5877149877149878
centerY: 0.80875
width: 0.022604422604422605
height: 0.01
Area: 0.00013544226044226045
CentroidX: 0.5981
CentroidY: 0.8132
