Location: internet_8.png_Otsu.png
Component: component_1755092787167_771.png
centerX: 0.5941152760983475
centerY: 0.6589677787282577
width: 0.06489318823055219
height: 0.018249215854006275
Area: 0.0004091546279238609
CentroidX: 0.6236
CentroidY: 0.6688
