Location: internet_8.png_Otsu.png
Component: component_1755092787170_845.png
centerX: 0.5703345425231762
centerY: 0.7028799543769604
width: 0.05804111245465538
height: 0.016538351867693184
Area: 0.0003718020284645197
CentroidX: 0.5958
CentroidY: 0.7109
