Location: internet_8.png_Otsu.png
Component: component_1755092787073_172.png
centerX: 0.8681983071342201
centerY: 0.11605360707157114
width: 0.05602579604997985
height: 0.015397775876817793
Area: 0.00030284338330881276
CentroidX: 0.8950
CentroidY: 0.1231
