Location: internet_8.png_Mean-Closing.png
Component: component_1755092786802_55.png
centerX: 0.8012898024989923
centerY: 0.1585400627316795
width: 0.07174526400644901
height: 0.021100655831194755
Area: 0.0005627025444705682
CentroidX: 0.8346
CentroidY: 0.1675
