Location: internet_8.png_Gaussian-Closing.png
Component: component_1755092787259_63.png
centerX: 0.22208786779524387
centerY: 0.17593384659252922
width: 0.060459492140266025
height: 0.018819503849443968
Area: 0.000395018105666941
CentroidX: 0.2514
CentroidY: 0.1855
