Location: internet_8.png_Otsu.png
Component: component_1755092787067_139.png
centerX: 0.08141878274889158
centerY: 0.10122611919019105
width: 0.07214832728738411
height: 0.021100655831194755
Area: 0.0004238658055570784
CentroidX: 0.1176
CentroidY: 0.1115
