Location: internet_8.png_Mean-Closing.png
Component: component_1755092786826_169.png
centerX: 0.8359532446594116
centerY: 0.5660108354719133
width: 0.07134220072551391
height: 0.015968063872255488
Area: 0.0005308666366236836
CentroidX: 0.8685
CentroidY: 0.5733
