Location: internet_8.png_Otsu.png
Component: component_1755092787101_460.png
centerX: 0.6747279322853688
centerY: 0.2891360136869119
width: 0.054816606207174524
height: 0.016253207869974338
Area: 0.0004282331864169398
CentroidX: 0.6998
CentroidY: 0.2966
