Location: internet_8.png_Mean-Closing.png
Component: component_1755092786813_110.png
centerX: 0.5642885933091495
centerY: 0.3282007413743941
width: 0.06771463119709795
height: 0.018249215854006275
Area: 0.0005438538481280084
CentroidX: 0.5968
CentroidY: 0.3364
