Location: internet_8.png_Otsu.png
Component: component_1755092787111_482.png
centerX: 0.9101168883514712
centerY: 0.35614485315084116
width: 0.07537283353486497
height: 0.01568291987453664
Area: 0.0005450031588806035
CentroidX: 0.9472
CentroidY: 0.3630
