Location: internet_8.png_Otsu.png
Component: component_1755092787081_309.png
centerX: 0.1128577186618299
centerY: 0.14114627887082976
width: 0.037484885126964934
height: 0.019104647847162818
Area: 0.00016343198901902536
CentroidX: 0.1344
CentroidY: 0.1502
