Location: internet_8.png_Otsu.png
Component: component_1755092787123_503.png
centerX: 0.3945989520354696
centerY: 0.4180211006558312
width: 0.0592503022974607
height: 0.021956087824351298
Area: 0.00044834612458735434
CentroidX: 0.4218
CentroidY: 0.4280
