Location: internet_8.png_Otsu.png
Component: component_1755092787103_463.png
centerX: 0.45908907698508666
centerY: 0.29826062161391503
width: 0.06166868198307134
height: 0.01710863986313088
Area: 0.0005376475700639947
CentroidX: 0.4879
CentroidY: 0.3059
