Location: internet_8.png_Otsu.png
Component: component_1755092787076_256.png
centerX: 0.34421604191858124
centerY: 0.1283147989734816
width: 0.060056428859330914
height: 0.020815511833475905
Area: 0.0004879973455518858
CentroidX: 0.3733
CentroidY: 0.1382
