Location: internet_8.png_Gaussian-Median.png
Component: component_1755092787396_57.png
centerX: 0.5167271261588069
centerY: 0.1223267750213858
width: 0.07134220072551391
height: 0.018819503849443968
Area: 0.0005990207642525739
CentroidX: 0.5498
CentroidY: 0.1313
