Location: internet_8.png_Gaussian-Median.png
Component: component_1755092787655_201.png
centerX: 0.8359532446594116
centerY: 0.5660108354719133
width: 0.07174526400644901
height: 0.015968063872255488
Area: 0.0005063863175934077
CentroidX: 0.8686
CentroidY: 0.5732
