Location: internet_8.png_Otsu.png
Component: component_1755092787083_314.png
centerX: 0.011688835147118097
centerY: 0.1442828628457371
width: 0.06166868198307134
height: 0.020815511833475905
Area: 0.00043673808598614365
CentroidX: 0.0417
CentroidY: 0.1539
