Location: internet_8.png_Gaussian-Closing.png
Component: component_1755092787305_238.png
centerX: 0.6444981862152358
centerY: 0.8009694895922441
width: 0.05038291011688835
height: 0.021100655831194755
Area: 0.00042237170157870474
CentroidX: 0.6697
CentroidY: 0.8118
