Location: internet_8.png_Gaussian-Closing.png
Component: component_1755092787278_148.png
centerX: 0.8847239016525594
centerY: 0.4656401482748788
width: 0.06892382103990327
height: 0.019104647847162818
Area: 0.0005616681647932326
CentroidX: 0.9168
CentroidY: 0.4743
