Location: internet_8.png_Mean-Closing.png
Component: component_1755092786805_70.png
centerX: 0.7239016525594518
centerY: 0.200741374394069
width: 0.06852075775896815
height: 0.018249215854006275
Area: 0.0005013293502819892
CentroidX: 0.7541
CentroidY: 0.2091
