Location: internet_8.png_Gaussian-Closing.png
Component: component_1755092787280_154.png
centerX: 0.17210802095929062
centerY: 0.47305389221556887
width: 0.05804111245465538
height: 0.0213857998289136
Area: 0.0005121328713563832
CentroidX: 0.1999
CentroidY: 0.4830
