Location: internet_8.png_Gaussian-Median.png
Component: component_1755092787658_215.png
centerX: 0.4179766223297058
centerY: 0.6190476190476191
width: 0.08141878274889158
height: 0.021956087824351298
Area: 0.0006337299489809464
CentroidX: 0.4566
CentroidY: 0.6289
