Location: internet_8.png_Mean-Closing.png
Component: component_1755092786809_89.png
centerX: 0.005642885933091495
centerY: 0.26404334188765327
width: 0.06126561870213623
height: 0.020530367835757058
Area: 0.0006162604255415007
CentroidX: 0.0341
CentroidY: 0.2743
