Location: internet_8.png_Mean-Closing.png
Component: component_1755092786805_67.png
centerX: 0.8041112454655381
centerY: 0.19532363843741088
width: 0.0765820233776703
height: 0.018819503849443968
Area: 0.000564886234900499
CentroidX: 0.8390
CentroidY: 0.2042
