Location: internet_8.png_Gaussian-Median.png
Component: component_1755092787413_124.png
centerX: 0.7420395002015316
centerY: 0.28599942971200454
width: 0.06529625151148731
height: 0.016253207869974338
Area: 0.0004967321072716086
CentroidX: 0.7733
CentroidY: 0.2934
