Location: internet_8.png_Gaussian-Closing.png
Component: component_1755092787275_139.png
centerX: 0.47158403869407495
centerY: 0.4174508126603935
width: 0.05280128980249899
height: 0.01853435985172512
Area: 0.00040271848770932826
CentroidX: 0.4952
CentroidY: 0.4261
