Location: internet_8.png_Gaussian-Closing.png
Component: component_1755092787261_73.png
centerX: 0.5558242644095123
centerY: 0.20387795836897632
width: 0.06449012494961709
height: 0.019104647847162818
Area: 0.0005040876960882174
CentroidX: 0.5860
CentroidY: 0.2128
