Location: internet_8.png_Gaussian-Median.png
Component: component_1755092787717_258.png
centerX: 0.010882708585247884
centerY: 0.7094382663244939
width: 0.055219669488109635
height: 0.01710863986313088
Area: 0.0004879973455518858
CentroidX: 0.0364
CentroidY: 0.7181
