Location: internet_8.png_Gaussian-Closing.png
Component: component_1755092787260_71.png
centerX: 0.6396614268440145
centerY: 0.20017108639863132
width: 0.07335751713018944
height: 0.0213857998289136
Area: 0.0005590247500622639
CentroidX: 0.6754
CentroidY: 0.2097
