Location: internet_8.png_Gaussian-Median.png
Component: component_1755092787385_35.png
centerX: 0.550987505038291
centerY: 0.07784431137724551
width: 0.06932688432083838
height: 0.022526375819788995
Area: 0.0006121229068321582
CentroidX: 0.5832
CentroidY: 0.0888
