Location: internet_8.png_Otsu.png
Component: component_1755092787138_569.png
centerX: 0.1007658202337767
centerY: 0.5243798118049615
width: 0.058444175735590485
height: 0.02480752780153978
Area: 0.0005386819497413303
CentroidX: 0.1263
CentroidY: 0.5365
