Location: internet_8.png_Gaussian-Median.png
Component: component_1755092787377_15.png
centerX: 0.713422007255139
centerY: 0.04847447961220416
width: 0.060056428859330914
height: 0.020245223838038208
Area: 0.00046225278469375525
CentroidX: 0.7433
CentroidY: 0.0583
