Location: Kurtxevani_1764_page_10.png_Otsu.png
Component: component_1755610055917_1118.png
centerX: 0.33915857605177996
centerY: 0.4200187090739008
width: 0.020711974110032363
height: 0.009354536950420954
Area: 0.00013441470569536905
CentroidX: 0.3491
CentroidY: 0.4246
