Location: internet_8.png_Mean-Closing.png
Component: component_1755092786819_141.png
centerX: 0.17654171704957677
centerY: 0.4265754205873966
width: 0.05562273276904474
height: 0.017678927858568578
Area: 0.000510293974152231
CentroidX: 0.2016
CentroidY: 0.4350
