Location: internet_8.png_Gaussian-Closing.png
Component: component_1755092787284_173.png
centerX: 0.6029826682789198
centerY: 0.568291987453664
width: 0.07295445384925434
height: 0.016253207869974338
Area: 0.0005045474203892555
CentroidX: 0.6364
CentroidY: 0.5759
