Location: internet_8.png_Gaussian-Median.png
Component: component_1755092787415_128.png
centerX: 0.45908907698508666
centerY: 0.2979754776161962
width: 0.062071745264006446
height: 0.017393783860849728
Area: 0.0005637369241479038
CentroidX: 0.4879
CentroidY: 0.3059
