Location: internet_8.png_Gaussian-Closing.png
Component: component_1755092787288_188.png
centerX: 0.011688835147118097
centerY: 0.6233247790134018
width: 0.06287787182587666
height: 0.017964071856287425
Area: 0.0004989157977015394
CentroidX: 0.0423
CentroidY: 0.6323
