Location: internet_8.png_Otsu.png
Component: component_1755092787065_133.png
centerX: 0.25957275292220877
centerY: 0.09466780724265754
width: 0.053204353083434096
height: 0.01996007984031936
Area: 0.00038076665233476156
CentroidX: 0.2834
CentroidY: 0.1041
