Location: internet_8.png_Gaussian-Closing.png
Component: component_1755092787290_198.png
centerX: 0.4139459895203547
centerY: 0.6586826347305389
width: 0.06932688432083838
height: 0.018249215854006275
Area: 0.0004989157977015394
CentroidX: 0.4450
CentroidY: 0.6675
