Location: internet_8.png_Gaussian-Median.png
Component: component_1755092787403_102.png
centerX: 0.392583635630794
centerY: 0.20929569432563444
width: 0.06287787182587666
height: 0.01853435985172512
Area: 0.00047340109899392783
CentroidX: 0.4225
CentroidY: 0.2172
