Location: internet_8.png_Mean-Closing.png
Component: component_1755092786796_23.png
centerX: 0.08746473196291818
centerY: 0.061305959509552324
width: 0.05804111245465538
height: 0.023666951810664385
Area: 0.0006124677000579368
CentroidX: 0.1164
CentroidY: 0.0717
