Location: internet_8.png_Gaussian-Closing.png
Component: component_1755092787287_184.png
centerX: 0.5110842402257154
centerY: 0.6196179070430567
width: 0.06086255542120113
height: 0.021670943826632448
Area: 0.0005621278890942707
CentroidX: 0.5400
CentroidY: 0.6300
