Location: internet_8.png_Mean-Closing.png
Component: component_1755092786838_229.png
centerX: 0.7803305118903668
centerY: 0.7670373538637012
width: 0.06972994760177348
height: 0.016253207869974338
Area: 0.00040271848770932826
CentroidX: 0.8113
CentroidY: 0.7755
