Location: internet_8.png_Gaussian-Closing.png
Component: component_1755092787298_225.png
centerX: 0.32083837162434503
centerY: 0.7639007698887939
width: 0.06811769447803305
height: 0.017678927858568578
Area: 0.000454782264801887
CentroidX: 0.3538
CentroidY: 0.7726
