Location: internet_8.png_Gaussian-Median.png
Component: component_1755092787563_193.png
centerX: 0.324465941152761
centerY: 0.5229540918163673
width: 0.06086255542120113
height: 0.024522383803820928
Area: 0.000580631792211052
CentroidX: 0.3532
CentroidY: 0.5345
