Location: internet_8.png_Gaussian-Closing.png
Component: component_1755092787253_34.png
centerX: 0.2591696896412737
centerY: 0.09466780724265754
width: 0.05441354292623942
height: 0.020245223838038208
Area: 0.00044524298555534755
CentroidX: 0.2844
CentroidY: 0.1042
