Location: internet_8.png_Gaussian-Median.png
Component: component_1755092787453_147.png
centerX: 0.9097138250705361
centerY: 0.35614485315084116
width: 0.0765820233776703
height: 0.01568291987453664
Area: 0.0005728164790934053
CentroidX: 0.9475
CentroidY: 0.3631
