Location: Scanned Documents-1.png_Otsu.png
Component: component_1744838523336_291.png
centerX: 0.18176470588235294
centerY: 0.23272727272727273
width: 0.01411764705882353
height: 0.014090909090909091
Area: 6.497326203208557e-05
CentroidX: 0.1897
CentroidY: 0.2393
