Location: Scanned Documents-1.png_Otsu.png
Component: component_1744838523385_339.png
centerX: 0.26823529411764707
centerY: 0.26681818181818184
width: 0.01647058823529412
height: 0.013636363636363636
Area: 5.294117647058824e-05
CentroidX: 0.2769
CentroidY: 0.2731
