Location: Scanned Documents-1.png_Mean-Closing.png
Component: component_1744838522809_351.png
centerX: 0.5570588235294117
centerY: 0.2686363636363636
width: 0.009411764705882352
height: 0.011363636363636364
Area: 4.8663101604278076e-05
CentroidX: 0.5622
CentroidY: 0.2736
