Location: Scanned Documents-1.png_Mean-Closing.png
Component: component_1744838522745_8.png
centerX: 0.2747058823529412
centerY: 0.04363636363636364
width: 0.02
height: 0.019090909090909092
Area: 9.705882352941177e-05
CentroidX: 0.2843
CentroidY: 0.0533
