Location: Scanned Documents-1.png_Gaussian-Median.png
Component: component_1744838523600_298.png
centerX: 0.5005882352941177
centerY: 0.2672727272727273
width: 0.012941176470588235
height: 0.012727272727272728
Area: 6.524064171122995e-05
CentroidX: 0.5061
CentroidY: 0.2735
