Location: Scanned Documents-1.png_Mean-Medain.png
Component: component_1744838522683_348.png
centerX: 0.30117647058823527
centerY: 0.29954545454545456
width: 0.017058823529411765
height: 0.01681818181818182
Area: 7.620320855614973e-05
CentroidX: 0.3081
CentroidY: 0.3070
