Location: Scanned Documents-1.png_Mean-Closing.png
Component: component_1744838522747_19.png
centerX: 0.3594117647058824
centerY: 0.045
width: 0.020588235294117647
height: 0.017727272727272727
Area: 0.00010668449197860962
CentroidX: 0.3680
CentroidY: 0.0535
