Location: Scanned Documents-1.png_Mean-Closing.png
Component: component_1744838522764_105.png
centerX: 0.5576470588235294
centerY: 0.10909090909090909
width: 0.014705882352941176
height: 0.015909090909090907
Area: 7.807486631016043e-05
CentroidX: 0.5664
CentroidY: 0.1163
