Location: Scanned Documents-1.png_Mean-Closing.png
Component: component_1744838522757_68.png
centerX: 0.6135294117647059
centerY: 0.07545454545454545
width: 0.012941176470588235
height: 0.015
Area: 8.048128342245989e-05
CentroidX: 0.6200
CentroidY: 0.0827
