Location: Scanned Documents-1.png_Otsu.png
Component: component_1744838523263_238.png
centerX: 0.1423529411764706
centerY: 0.19363636363636363
width: 0.01588235294117647
height: 0.012727272727272728
Area: 5e-05
CentroidX: 0.1497
CentroidY: 0.1992
