Location: easy26_Mean-Closing.png
Component: component_1744297382038_452.png
centerX: 0.3016129032258065
centerY: 0.32375478927203066
width: 0.02258064516129032
height: 0.014846743295019157
Area: 0.00012398034853540972
CentroidX: 0.3109
CentroidY: 0.3305
