Location: Scanned Documents-1.png_Otsu.png
Component: component_1744838523280_261.png
centerX: 0.5688235294117647
centerY: 0.21636363636363637
width: 0.011176470588235295
height: 0.011818181818181818
Area: 3.368983957219251e-05
CentroidX: 0.5745
CentroidY: 0.2214
