Location: Scanned Documents-1.png_Mean-Closing.png
Component: component_1744838522834_496.png
centerX: 0.4223529411764706
centerY: 0.35045454545454546
width: 0.01647058823529412
height: 0.018636363636363635
Area: 8.39572192513369e-05
CentroidX: 0.4296
CentroidY: 0.3595
