Location: Scanned Documents-1.png_Mean-Closing.png
Component: component_1744838522788_237.png
centerX: 0.30411764705882355
centerY: 0.2009090909090909
width: 0.011764705882352941
height: 0.013181818181818182
Area: 6.25668449197861e-05
CentroidX: 0.3104
CentroidY: 0.2064
