Location: Scanned Documents-1.png_Mean-Medain.png
Component: component_1744838522700_431.png
centerX: 0.67
centerY: 0.3840909090909091
width: 0.018823529411764704
height: 0.020454545454545454
Area: 0.00011550802139037433
CentroidX: 0.6788
CentroidY: 0.3944
