Location: Scanned Documents-1.png_Gaussian-Median.png
Component: component_1744838523630_377.png
centerX: 0.6441176470588236
centerY: 0.32136363636363635
width: 0.01411764705882353
height: 0.01681818181818182
Area: 7.593582887700535e-05
CentroidX: 0.6503
CentroidY: 0.3299
