Location: Scanned Documents-1.png_Mean-Closing.png
Component: component_1744838522756_61.png
centerX: 0.16588235294117648
centerY: 0.07590909090909091
width: 0.015294117647058824
height: 0.014090909090909091
Area: 8.20855614973262e-05
CentroidX: 0.1740
CentroidY: 0.0826
