Location: Scanned Documents-1.png_Gaussian-Median.png
Component: component_1744838523646_419.png
centerX: 0.2788235294117647
centerY: 0.355
width: 0.01764705882352941
height: 0.01818181818181818
Area: 8.556149732620321e-05
CentroidX: 0.2852
CentroidY: 0.3638
