Location: Scanned Documents-1.png_Otsu.png
Component: component_1744838523418_422.png
centerX: 0.5764705882352941
centerY: 0.3181818181818182
width: 0.013529411764705882
height: 0.01681818181818182
Area: 5.4010695187165774e-05
CentroidX: 0.5825
CentroidY: 0.3269
