Location: easy16_Gaussian-Median.png
Component: component_1744297381818_676.png
centerX: 0.12096774193548387
centerY: 0.44875478927203066
width: 0.02338709677419355
height: 0.014846743295019157
Area: 0.00012938759115066123
CentroidX: 0.1309
CentroidY: 0.4556
