Location: Scanned Documents-1.png_Mean-Closing.png
Component: component_1744838522802_306.png
centerX: 0.6952941176470588
centerY: 0.2390909090909091
width: 0.013529411764705882
height: 0.015454545454545455
Area: 6.898395721925133e-05
CentroidX: 0.7035
CentroidY: 0.2458
