Location: easy21_Mean-Medain.png
Component: component_1744297380826_305.png
centerX: 0.2903225806451613
centerY: 0.29310344827586204
width: 0.02338709677419355
height: 0.01532567049808429
Area: 0.00014097453961191446
CentroidX: 0.3000
CentroidY: 0.3003
