Location: Scanned Documents-1.png_Mean-Medain.png
Component: component_1744838522644_227.png
centerX: 0.7158823529411765
centerY: 0.22090909090909092
width: 0.012941176470588235
height: 0.013181818181818182
Area: 7.192513368983957e-05
CentroidX: 0.7209
CentroidY: 0.2271
