Location: Scanned Documents-1.png_Mean-Closing.png
Component: component_1744838522746_11.png
centerX: 0.4964705882352941
centerY: 0.04363636363636364
width: 0.013529411764705882
height: 0.017727272727272727
Area: 8.58288770053476e-05
CentroidX: 0.5044
CentroidY: 0.0521
