Location: Scanned Documents-1.png_Mean-Medain.png
Component: component_1744838522719_535.png
centerX: 0.28352941176470586
centerY: 0.4913636363636364
width: 0.01588235294117647
height: 0.017272727272727273
Area: 8.74331550802139e-05
CentroidX: 0.2896
CentroidY: 0.4993
