Location: Scanned Documents-1.png_Gaussian-Median.png
Component: component_1744838523595_282.png
centerX: 0.20470588235294118
centerY: 0.26454545454545453
width: 0.014705882352941176
height: 0.017727272727272727
Area: 8.181818181818182e-05
CentroidX: 0.2108
CentroidY: 0.2730
