Location: Scanned Documents-1.png_Mean-Closing.png
Component: component_1744838522870_677.png
centerX: 0.28352941176470586
centerY: 0.4913636363636364
width: 0.013529411764705882
height: 0.017272727272727273
Area: 8.422459893048129e-05
CentroidX: 0.2894
CentroidY: 0.4994
