Location: easy21_Mean-Medain.png
Component: component_1744297380782_148.png
centerX: 0.853225806451613
centerY: 0.12883141762452108
width: 0.024193548387096774
height: 0.014846743295019157
Area: 0.00015294771968854282
CentroidX: 0.8632
CentroidY: 0.1356
