Location: Scanned Documents-1.png_Otsu.png
Component: component_1744838523275_256.png
centerX: 0.40941176470588236
centerY: 0.2081818181818182
width: 0.01411764705882353
height: 0.011363636363636364
Area: 4.171122994652406e-05
CentroidX: 0.4163
CentroidY: 0.2131
