Location: Scanned Documents-1.png_Mean-Closing.png
Component: component_1744838522810_356.png
centerX: 0.5723529411764706
centerY: 0.2690909090909091
width: 0.010588235294117647
height: 0.012272727272727272
Area: 6.149732620320855e-05
CentroidX: 0.5778
CentroidY: 0.2749
