Location: Scanned Documents-1.png_Mean-Closing.png
Component: component_1744838522779_178.png
centerX: 0.8194117647058824
centerY: 0.15454545454545454
width: 0.01588235294117647
height: 0.015
Area: 8.663101604278074e-05
CentroidX: 0.8265
CentroidY: 0.1616
