Location: Scanned Documents-1.png_Otsu.png
Component: component_1744838523459_566.png
centerX: 0.68
centerY: 0.4481818181818182
width: 0.020588235294117647
height: 0.019090909090909092
Area: 6.60427807486631e-05
CentroidX: 0.6877
CentroidY: 0.4575
