Location: Scanned Documents-1.png_Mean-Closing.png
Component: component_1744838522825_432.png
centerX: 0.8682352941176471
centerY: 0.3118181818181818
width: 0.015294117647058824
height: 0.017272727272727273
Area: 0.00010080213903743315
CentroidX: 0.8746
CentroidY: 0.3210
