Location: Scanned Documents-1.png_Otsu.png
Component: component_1744838523073_59.png
centerX: 0.14470588235294118
centerY: 0.075
width: 0.014705882352941176
height: 0.014545454545454545
Area: 5.1871657754010694e-05
CentroidX: 0.1529
CentroidY: 0.0817
