Location: Scanned Documents-1.png_Otsu.png
Component: component_1744838523376_324.png
centerX: 0.83
centerY: 0.24863636363636363
width: 0.013529411764705882
height: 0.016363636363636365
Area: 5.935828877005347e-05
CentroidX: 0.8368
CentroidY: 0.2571
