Location: Scanned Documents-1.png_Mean-Medain.png
Component: component_1744838522606_61.png
centerX: 0.43470588235294116
centerY: 0.07590909090909091
width: 0.013529411764705882
height: 0.014090909090909091
Area: 7.834224598930482e-05
CentroidX: 0.4411
CentroidY: 0.0827
