Location: easy16_Gaussian-Median.png
Component: component_1744297381906_1167.png
centerX: 0.7483870967741936
centerY: 0.8223180076628352
width: 0.02338709677419355
height: 0.014846743295019157
Area: 0.00013981584476578914
CentroidX: 0.7582
CentroidY: 0.8290
