Location: Scanned Documents-1.png_Otsu.png
Component: component_1744838523188_172.png
centerX: 0.4264705882352941
centerY: 0.14227272727272727
width: 0.01588235294117647
height: 0.01681818181818182
Area: 6.443850267379679e-05
CentroidX: 0.4341
CentroidY: 0.1500
