Location: Scanned Documents-1.png_Mean-Medain.png
Component: component_1744838522676_319.png
centerX: 0.8817647058823529
centerY: 0.2759090909090909
width: 0.01588235294117647
height: 0.011363636363636364
Area: 7.780748663101604e-05
CentroidX: 0.8893
CentroidY: 0.2813
