Location: Scanned Documents-1.png_Mean-Medain.png
Component: component_1744838522607_67.png
centerX: 0.35352941176470587
centerY: 0.07636363636363637
width: 0.011176470588235295
height: 0.011818181818181818
Area: 5.855614973262032e-05
CentroidX: 0.3602
CentroidY: 0.0821
