Location: Scanned Documents-1.png_Otsu.png
Component: component_1744838523464_589.png
centerX: 0.3276470588235294
centerY: 0.4581818181818182
width: 0.014705882352941176
height: 0.015909090909090907
Area: 5.320855614973262e-05
CentroidX: 0.3342
CentroidY: 0.4650
