Location: Scanned Documents-1.png_Otsu.png
Component: component_1744838523422_438.png
centerX: 0.14588235294117646
centerY: 0.32272727272727275
width: 0.01588235294117647
height: 0.013636363636363636
Area: 5.641711229946524e-05
CentroidX: 0.1552
CentroidY: 0.3287
