Location: Scanned Documents-1.png_Otsu.png
Component: component_1744838523136_128.png
centerX: 0.54
centerY: 0.11045454545454546
width: 0.011764705882352941
height: 0.016363636363636365
Area: 5.320855614973262e-05
CentroidX: 0.5465
CentroidY: 0.1187
