Location: Scanned Documents-1.png_Mean-Closing.png
Component: component_1744838522815_382.png
centerX: 0.4176470588235294
centerY: 0.29409090909090907
width: 0.017058823529411765
height: 0.01681818181818182
Area: 7.566844919786096e-05
CentroidX: 0.4268
CentroidY: 0.3020
