Location: Scanned Documents-1.png_Mean-Medain.png
Component: component_1744838522637_200.png
centerX: 0.3247058823529412
centerY: 0.19954545454545455
width: 0.012941176470588235
height: 0.014545454545454545
Area: 6.497326203208557e-05
CentroidX: 0.3309
CentroidY: 0.2066
