Location: Scanned Documents-1.png_Mean-Medain.png
Component: component_1744838522699_424.png
centerX: 0.7529411764705882
centerY: 0.3568181818181818
width: 0.02
height: 0.015
Area: 9.652406417112299e-05
CentroidX: 0.7627
CentroidY: 0.3635
