Location: Scanned Documents-1.png_Otsu.png
Component: component_1744838523219_205.png
centerX: 0.17352941176470588
centerY: 0.16727272727272727
width: 0.01411764705882353
height: 0.011363636363636364
Area: 4.5989304812834224e-05
CentroidX: 0.1808
CentroidY: 0.1718
