Location: Scanned Documents-1.png_Gaussian-Median.png
Component: component_1744838523649_433.png
centerX: 0.5888235294117647
centerY: 0.385
width: 0.02
height: 0.019545454545454546
Area: 0.0001141711229946524
CentroidX: 0.5980
CentroidY: 0.3947
