Location: Scanned Documents-1.png_Otsu.png
Component: component_1744838523144_142.png
centerX: 0.7658823529411765
centerY: 0.11818181818181818
width: 0.01588235294117647
height: 0.017272727272727273
Area: 7.085561497326204e-05
CentroidX: 0.7742
CentroidY: 0.1266
