Location: Scanned Documents-1.png_Mean-Medain.png
Component: component_1744838522606_60.png
centerX: 0.27705882352941175
centerY: 0.07545454545454545
width: 0.01647058823529412
height: 0.011818181818181818
Area: 6.497326203208557e-05
CentroidX: 0.2865
CentroidY: 0.0805
