Location: Scanned Documents-1.png_Mean-Closing.png
Component: component_1744838522868_646.png
centerX: 0.11294117647058824
centerY: 0.46090909090909093
width: 0.015294117647058824
height: 0.015
Area: 7.941176470588236e-05
CentroidX: 0.1211
CentroidY: 0.4669
