Location: Scanned Documents-1.png_Mean-Closing.png
Component: component_1744838522794_260.png
centerX: 0.6364705882352941
centerY: 0.22045454545454546
width: 0.011764705882352941
height: 0.012272727272727272
Area: 7.032085561497326e-05
CentroidX: 0.6430
CentroidY: 0.2266
