Location: Scanned Documents-1.png_Otsu.png
Component: component_1744838523201_184.png
centerX: 0.6835294117647058
centerY: 0.14727272727272728
width: 0.017058823529411765
height: 0.017272727272727273
Area: 6.951871657754011e-05
CentroidX: 0.6916
CentroidY: 0.1554
