Location: Scanned Documents-1.png_Mean-Medain.png
Component: component_1744838522611_88.png
centerX: 0.26588235294117646
centerY: 0.10545454545454545
width: 0.017058823529411765
height: 0.01681818181818182
Area: 9.171122994652406e-05
CentroidX: 0.2741
CentroidY: 0.1137
