Location: Scanned Documents-1.png_Mean-Closing.png
Component: component_1744838522773_146.png
centerX: 0.3241176470588235
centerY: 0.14136363636363636
width: 0.011176470588235295
height: 0.017272727272727273
Area: 7.32620320855615e-05
CentroidX: 0.3296
CentroidY: 0.1494
