Location: Scanned Documents-1.png_Mean-Closing.png
Component: component_1744838522811_360.png
centerX: 0.7288235294117648
centerY: 0.27
width: 0.01
height: 0.014545454545454545
Area: 4.893048128342246e-05
CentroidX: 0.7345
CentroidY: 0.2760
