Location: Scanned Documents-1.png_Mean-Medain.png
Component: component_1744838522610_82.png
centerX: 0.1864705882352941
centerY: 0.105
width: 0.015294117647058824
height: 0.015909090909090907
Area: 8.181818181818182e-05
CentroidX: 0.1952
CentroidY: 0.1123
