Location: Scanned Documents-1.png_Mean-Closing.png
Component: component_1744838522810_353.png
centerX: 0.6182352941176471
centerY: 0.2686363636363636
width: 0.013529411764705882
height: 0.012727272727272728
Area: 6.25668449197861e-05
CentroidX: 0.6244
CentroidY: 0.2748
