Location: Scanned Documents-1.png_Mean-Medain.png
Component: component_1744838522711_489.png
centerX: 0.32529411764705884
centerY: 0.42772727272727273
width: 0.011764705882352941
height: 0.020454545454545454
Area: 7.887700534759358e-05
CentroidX: 0.3309
CentroidY: 0.4378
