Location: easy16_Gaussian-Median.png
Component: component_1744297381858_900.png
centerX: 0.7564516129032258
centerY: 0.64272030651341
width: 0.02338709677419355
height: 0.014367816091954023
Area: 0.0001374984550735385
CentroidX: 0.7662
CentroidY: 0.6493
