Location: Scanned Documents-1.png_Mean-Closing.png
Component: component_1744838522783_203.png
centerX: 0.4958823529411765
centerY: 0.175
width: 0.02235294117647059
height: 0.015
Area: 7.245989304812835e-05
CentroidX: 0.5083
CentroidY: 0.1807
