Location: Scanned Documents-1.png_Otsu.png
Component: component_1744838523337_292.png
centerX: 0.3276470588235294
centerY: 0.23318181818181818
width: 0.018235294117647058
height: 0.018636363636363635
Area: 6.684491978609626e-05
CentroidX: 0.3359
CentroidY: 0.2427
