Location: Scanned Documents-1.png_Otsu.png
Component: component_1744838523466_596.png
centerX: 0.11352941176470588
centerY: 0.46090909090909093
width: 0.014705882352941176
height: 0.015
Area: 5.561497326203208e-05
CentroidX: 0.1211
CentroidY: 0.4669
