Location: Scanned Documents-1.png_Mean-Closing.png
Component: component_1744838522774_148.png
centerX: 0.37529411764705883
centerY: 0.14136363636363636
width: 0.01
height: 0.015454545454545455
Area: 5.909090909090909e-05
CentroidX: 0.3816
CentroidY: 0.1476
