Location: Scanned Documents-1.png_Gaussian-Median.png
Component: component_1744838523653_452.png
centerX: 0.10294117647058823
centerY: 0.39454545454545453
width: 0.019411764705882354
height: 0.017727272727272727
Area: 0.000106951871657754
CentroidX: 0.1125
CentroidY: 0.4025
