Location: Scanned Documents-1.png_Mean-Medain.png
Component: component_1744838522718_530.png
centerX: 0.24058823529411766
centerY: 0.4890909090909091
width: 0.015294117647058824
height: 0.023181818181818182
Area: 0.00010668449197860962
CentroidX: 0.2487
CentroidY: 0.5001
