Location: Scanned Documents-1.png_Mean-Closing.png
Component: component_1744838522853_588.png
centerX: 0.4329411764705882
centerY: 0.425
width: 0.014705882352941176
height: 0.015454545454545455
Area: 8.58288770053476e-05
CentroidX: 0.4400
CentroidY: 0.4317
