Location: Scanned Documents-1.png_Otsu.png
Component: component_1744838523431_474.png
centerX: 0.1711764705882353
centerY: 0.355
width: 0.018823529411764704
height: 0.01818181818181818
Area: 6.06951871657754e-05
CentroidX: 0.1810
CentroidY: 0.3632
