Location: Scanned Documents-1.png_Mean-Medain.png
Component: component_1744838522672_293.png
centerX: 0.42764705882352944
centerY: 0.2677272727272727
width: 0.01588235294117647
height: 0.014090909090909091
Area: 7.51336898395722e-05
CentroidX: 0.4349
CentroidY: 0.2745
