Location: Scanned Documents-1.png_Otsu.png
Component: component_1744838523080_65.png
centerX: 0.10588235294117647
centerY: 0.07545454545454545
width: 0.012352941176470587
height: 0.011363636363636364
Area: 3.957219251336898e-05
CentroidX: 0.1126
CentroidY: 0.0806
