Location: Scanned Documents-1.png_Gaussian-Median.png
Component: component_1744838523570_216.png
centerX: 0.5688235294117647
centerY: 0.21636363636363637
width: 0.011176470588235295
height: 0.012272727272727272
Area: 4.679144385026738e-05
CentroidX: 0.5745
CentroidY: 0.2214
