Location: easy16_Gaussian-Median.png
Component: component_1744297381882_1037.png
centerX: 0.3008064516129032
centerY: 0.7332375478927203
width: 0.02258064516129032
height: 0.014846743295019157
Area: 0.00012861512791991102
CentroidX: 0.3102
CentroidY: 0.7401
