Location: Scanned Documents-1.png_Otsu.png
Component: component_1744838523422_441.png
centerX: 0.6617647058823529
centerY: 0.32272727272727275
width: 0.012352941176470587
height: 0.01818181818181818
Area: 5.935828877005347e-05
CentroidX: 0.6693
CentroidY: 0.3322
