Location: Scanned Documents-1.png_Otsu.png
Component: component_1744838523428_466.png
centerX: 0.3594117647058824
centerY: 0.3522727272727273
width: 0.019411764705882354
height: 0.017727272727272727
Area: 6.524064171122995e-05
CentroidX: 0.3688
CentroidY: 0.3611
