Location: Scanned Documents-1.png_Mean-Closing.png
Component: component_1744838522832_468.png
centerX: 0.7447058823529412
centerY: 0.3281818181818182
width: 0.012352941176470587
height: 0.014090909090909091
Area: 5.53475935828877e-05
CentroidX: 0.7517
CentroidY: 0.3341
