Location: Scanned Documents-1.png_Mean-Closing.png
Component: component_1744838522756_59.png
centerX: 0.10529411764705883
centerY: 0.07545454545454545
width: 0.012941176470588235
height: 0.011818181818181818
Area: 5.962566844919786e-05
CentroidX: 0.1125
CentroidY: 0.0806
