Location: Scanned Documents-1.png_Gaussian-Median.png
Component: component_1744838523509_14.png
centerX: 0.18705882352941178
centerY: 0.045
width: 0.01647058823529412
height: 0.018636363636363635
Area: 0.00010106951871657753
CentroidX: 0.1952
CentroidY: 0.0544
