Location: Scanned Documents-1.png_Otsu.png
Component: component_1744838523046_26.png
centerX: 0.3594117647058824
centerY: 0.045454545454545456
width: 0.012941176470588235
height: 0.01681818181818182
Area: 6.577540106951871e-05
CentroidX: 0.3675
CentroidY: 0.0531
