Location: Scanned Documents-1.png_Otsu.png
Component: component_1744838523376_323.png
centerX: 0.8141176470588235
centerY: 0.24636363636363637
width: 0.01588235294117647
height: 0.016363636363636365
Area: 6.60427807486631e-05
CentroidX: 0.8210
CentroidY: 0.2544
