Location: easy21_Mean-Medain.png
Component: component_1744297380939_834.png
centerX: 0.043548387096774194
centerY: 0.6542145593869731
width: 0.025806451612903226
height: 0.013888888888888888
Area: 0.00013595352861203806
CentroidX: 0.0556
CentroidY: 0.6606
