Location: Scanned Documents-1.png_Otsu.png
Component: component_1744838523045_24.png
centerX: 0.2088235294117647
centerY: 0.045909090909090906
width: 0.018235294117647058
height: 0.01681818181818182
Area: 6.550802139037433e-05
CentroidX: 0.2176
CentroidY: 0.0536
