Location: Scanned Documents-1.png_Mean-Closing.png
Component: component_1744838522776_154.png
centerX: 0.4576470588235294
centerY: 0.14272727272727273
width: 0.012352941176470587
height: 0.01818181818181818
Area: 8.58288770053476e-05
CentroidX: 0.4645
CentroidY: 0.1522
