Location: Scanned Documents-1.png_Mean-Closing.png
Component: component_1744838522848_571.png
centerX: 0.6376470588235295
centerY: 0.4209090909090909
width: 0.013529411764705882
height: 0.019545454545454546
Area: 9.224598930481283e-05
CentroidX: 0.6447
CentroidY: 0.4299
