Location: easy64_Gaussian-Closing.png
Component: component_1744297381319_639.png
centerX: 0.3827085852478839
centerY: 0.4313809320222317
width: 0.012696493349455865
height: 0.010260795211628902
Area: 6.74644183352263e-05
CentroidX: 0.3879
CentroidY: 0.4364
