Location: Scanned Documents-1.png_Mean-Closing.png
Component: component_1744838522767_117.png
centerX: 0.69
centerY: 0.11181818181818182
width: 0.013529411764705882
height: 0.02181818181818182
Area: 8.903743315508021e-05
CentroidX: 0.6967
CentroidY: 0.1218
