Location: Scanned Documents-1.png_Gaussian-Median.png
Component: component_1744838523521_35.png
centerX: 0.8229411764705883
centerY: 0.045909090909090906
width: 0.018235294117647058
height: 0.01818181818181818
Area: 8.716577540106952e-05
CentroidX: 0.8316
CentroidY: 0.0553
