Location: Scanned Documents-1.png_Mean-Medain.png
Component: component_1744838522699_427.png
centerX: 0.8441176470588235
centerY: 0.36272727272727273
width: 0.018823529411764704
height: 0.016363636363636365
Area: 9.866310160427808e-05
CentroidX: 0.8524
CentroidY: 0.3710
