Location: Scanned Documents-1.png_Mean-Medain.png
Component: component_1744838522631_178.png
centerX: 0.45235294117647057
centerY: 0.17363636363636364
width: 0.027647058823529413
height: 0.014090909090909091
Area: 9.866310160427808e-05
CentroidX: 0.4649
CentroidY: 0.1794
