Location: Scanned Documents-1.png_Mean-Medain.png
Component: component_1744838522619_115.png
centerX: 0.7858823529411765
centerY: 0.11954545454545455
width: 0.011176470588235295
height: 0.01681818181818182
Area: 7.379679144385027e-05
CentroidX: 0.7925
CentroidY: 0.1280
