Location: Scanned Documents-1.png_Mean-Medain.png
Component: component_1744838522712_498.png
centerX: 0.808235294117647
centerY: 0.4490909090909091
width: 0.026470588235294117
height: 0.017272727272727273
Area: 0.0001213903743315508
CentroidX: 0.8204
CentroidY: 0.4567
