Location: Scanned Documents-1.png_Gaussian-Median.png
Component: component_1744838523653_456.png
centerX: 0.26235294117647057
centerY: 0.395
width: 0.018235294117647058
height: 0.02090909090909091
Area: 0.00010855614973262033
CentroidX: 0.2729
CentroidY: 0.4045
