Location: Scanned Documents-1.png_Gaussian-Median.png
Component: component_1744838523604_310.png
centerX: 0.601764705882353
centerY: 0.2690909090909091
width: 0.011764705882352941
height: 0.013181818181818182
Area: 6.336898395721926e-05
CentroidX: 0.6074
CentroidY: 0.2748
