Location: Scanned Documents-1.png_Mean-Medain.png
Component: component_1744838522706_465.png
centerX: 0.6741176470588235
centerY: 0.4213636363636364
width: 0.013529411764705882
height: 0.016363636363636365
Area: 8.529411764705883e-05
CentroidX: 0.6808
CentroidY: 0.4292
