Location: Scanned Documents-1.png_Otsu.png
Component: component_1744838523458_565.png
centerX: 0.6505882352941177
centerY: 0.4481818181818182
width: 0.019411764705882354
height: 0.02
Area: 7.192513368983957e-05
CentroidX: 0.6573
CentroidY: 0.4576
