Location: Scanned Documents-1.png_Mean-Closing.png
Component: component_1744838522856_617.png
centerX: 0.6829411764705883
centerY: 0.4481818181818182
width: 0.017058823529411765
height: 0.017272727272727273
Area: 7.219251336898396e-05
CentroidX: 0.6894
CentroidY: 0.4559
