Location: Scanned Documents-1.png_Mean-Closing.png
Component: component_1744838522849_578.png
centerX: 0.4964705882352941
centerY: 0.42272727272727273
width: 0.013529411764705882
height: 0.015
Area: 7.754010695187165e-05
CentroidX: 0.5036
CentroidY: 0.4290
