Location: Scanned Documents-1.png_Otsu.png
Component: component_1744838523417_417.png
centerX: 0.47823529411764704
centerY: 0.31772727272727275
width: 0.011176470588235295
height: 0.017727272727272727
Area: 5.855614973262032e-05
CentroidX: 0.4850
CentroidY: 0.3262
