Location: Scanned Documents-1.png_Gaussian-Median.png
Component: component_1744838523666_524.png
centerX: 0.41
centerY: 0.48727272727272725
width: 0.018823529411764704
height: 0.01818181818181818
Area: 9.81283422459893e-05
CentroidX: 0.4172
CentroidY: 0.4957
