Location: Scanned Documents-1.png_Otsu.png
Component: component_1744838523378_327.png
centerX: 0.0988235294117647
centerY: 0.26
width: 0.01411764705882353
height: 0.022272727272727274
Area: 6.497326203208557e-05
CentroidX: 0.1042
CentroidY: 0.2714
