Location: Scanned Documents-1.png_Otsu.png
Component: component_1744838523200_180.png
centerX: 0.6270588235294118
centerY: 0.14363636363636365
width: 0.012941176470588235
height: 0.017727272727272727
Area: 7.058823529411764e-05
CentroidX: 0.6339
CentroidY: 0.1521
