Location: Scanned Documents-1.png_Otsu.png
Component: component_1744838523202_187.png
centerX: 0.7223529411764706
centerY: 0.14954545454545454
width: 0.014705882352941176
height: 0.015909090909090907
Area: 7.32620320855615e-05
CentroidX: 0.7312
CentroidY: 0.1559
