Location: Scanned Documents-1.png_Mean-Closing.png
Component: component_1744838522808_344.png
centerX: 0.48470588235294115
centerY: 0.2672727272727273
width: 0.012352941176470587
height: 0.012272727272727272
Area: 5.935828877005347e-05
CentroidX: 0.4913
CentroidY: 0.2734
