Location: Scanned Documents-1.png_Mean-Closing.png
Component: component_1744838522801_301.png
centerX: 0.6358823529411765
centerY: 0.2381818181818182
width: 0.013529411764705882
height: 0.017272727272727273
Area: 8.262032085561498e-05
CentroidX: 0.6415
CentroidY: 0.2463
