Location: easy26_Mean-Closing.png
Component: component_1744297381998_252.png
centerX: 0.2830645161290323
centerY: 0.18869731800766285
width: 0.02258064516129032
height: 0.014367816091954023
Area: 0.00012900135953528613
CentroidX: 0.2923
CentroidY: 0.1954
