Location: Scanned Documents-1.png_Otsu.png
Component: component_1744838523384_338.png
centerX: 0.2535294117647059
centerY: 0.26590909090909093
width: 0.01411764705882353
height: 0.014090909090909091
Area: 5.053475935828877e-05
CentroidX: 0.2598
CentroidY: 0.2727
