Location: Scanned Documents-1.png_Gaussian-Median.png
Component: component_1744838523560_169.png
centerX: 0.17352941176470588
centerY: 0.16727272727272727
width: 0.01411764705882353
height: 0.011363636363636364
Area: 6.390374331550802e-05
CentroidX: 0.1808
CentroidY: 0.1724
