Location: Scanned Documents-1.png_Otsu.png
Component: component_1744838523426_459.png
centerX: 0.4441176470588235
centerY: 0.34954545454545455
width: 0.018823529411764704
height: 0.020454545454545454
Area: 7.112299465240642e-05
CentroidX: 0.4514
CentroidY: 0.3599
