Location: Scanned Documents-1.png_Otsu.png
Component: component_1744838523161_163.png
centerX: 0.30823529411764705
centerY: 0.14
width: 0.015294117647058824
height: 0.016363636363636365
Area: 6.577540106951871e-05
CentroidX: 0.3167
CentroidY: 0.1476
