Location: Scanned Documents-1.png_Mean-Medain.png
Component: component_1744838522698_419.png
centerX: 0.25941176470588234
centerY: 0.35454545454545455
width: 0.018823529411764704
height: 0.017272727272727273
Area: 8.609625668449198e-05
CentroidX: 0.2673
CentroidY: 0.3634
