Location: Scanned Documents-1.png_Mean-Closing.png
Component: component_1744838522789_240.png
centerX: 0.3935294117647059
centerY: 0.20772727272727273
width: 0.012941176470588235
height: 0.011363636363636364
Area: 5.133689839572192e-05
CentroidX: 0.3990
CentroidY: 0.2125
