Location: Scanned Documents-1.png_Otsu.png
Component: component_1744838523396_354.png
centerX: 0.5570588235294117
centerY: 0.2686363636363636
width: 0.010588235294117647
height: 0.011818181818181818
Area: 4.0374331550802136e-05
CentroidX: 0.5622
CentroidY: 0.2739
