Location: easy21_Mean-Medain.png
Component: component_1744297380905_683.png
centerX: 0.33064516129032256
centerY: 0.5416666666666666
width: 0.024193548387096774
height: 0.014367816091954023
Area: 0.00013942961315041404
CentroidX: 0.3409
CentroidY: 0.5483
