Location: Scanned Documents-1.png_Otsu.png
Component: component_1744838523145_144.png
centerX: 0.7858823529411765
centerY: 0.12
width: 0.010588235294117647
height: 0.016363636363636365
Area: 5.802139037433155e-05
CentroidX: 0.7925
CentroidY: 0.1280
