Location: Scanned Documents-1.png_Gaussian-Median.png
Component: component_1744838523568_204.png
centerX: 0.23
centerY: 0.2009090909090909
width: 0.015294117647058824
height: 0.012727272727272728
Area: 6.390374331550802e-05
CentroidX: 0.2374
CentroidY: 0.2066
