Location: Scanned Documents-1.png_Gaussian-Median.png
Component: component_1744838523508_12.png
centerX: 0.5323529411764706
centerY: 0.04409090909090909
width: 0.026470588235294117
height: 0.019545454545454546
Area: 0.00010427807486631017
CentroidX: 0.5440
CentroidY: 0.0530
