Location: Scanned Documents-1.png_Otsu.png
Component: component_1744838523368_312.png
centerX: 0.6347058823529412
centerY: 0.23863636363636365
width: 0.01764705882352941
height: 0.01681818181818182
Area: 6.149732620320855e-05
CentroidX: 0.6419
CentroidY: 0.2462
