Location: Scanned Documents-1.png_Mean-Closing.png
Component: component_1744838522835_498.png
centerX: 0.5247058823529411
centerY: 0.35
width: 0.01764705882352941
height: 0.015454545454545455
Area: 8.609625668449198e-05
CentroidX: 0.5328
CentroidY: 0.3570
