Location: Scanned Documents-1.png_Mean-Medain.png
Component: component_1744838522678_330.png
centerX: 0.4747058823529412
centerY: 0.2959090909090909
width: 0.017058823529411765
height: 0.015
Area: 7.647058823529411e-05
CentroidX: 0.4828
CentroidY: 0.3033
