Location: Scanned Documents-1.png_Mean-Closing.png
Component: component_1744838522807_337.png
centerX: 0.41294117647058826
centerY: 0.26681818181818184
width: 0.012352941176470587
height: 0.013181818181818182
Area: 5.909090909090909e-05
CentroidX: 0.4183
CentroidY: 0.2731
