Location: Scanned Documents-1.png_Gaussian-Median.png
Component: component_1744838523661_494.png
centerX: 0.68
centerY: 0.4481818181818182
width: 0.021176470588235293
height: 0.019545454545454546
Area: 9.705882352941177e-05
CentroidX: 0.6878
CentroidY: 0.4579
