Location: Scanned Documents-1.png_Mean-Closing.png
Component: component_1744838522827_441.png
centerX: 0.5
centerY: 0.3181818181818182
width: 0.015294117647058824
height: 0.014090909090909091
Area: 5.588235294117647e-05
CentroidX: 0.5078
CentroidY: 0.3245
