Location: Scanned Documents-1.png_Mean-Medain.png
Component: component_1744838522693_406.png
centerX: 0.40058823529411763
centerY: 0.3509090909090909
width: 0.018823529411764704
height: 0.01818181818181818
Area: 8.663101604278074e-05
CentroidX: 0.4102
CentroidY: 0.3597
