Location: Scanned Documents-1.png_Mean-Medain.png
Component: component_1744838522667_271.png
centerX: 0.798235294117647
centerY: 0.24636363636363637
width: 0.014705882352941176
height: 0.01681818181818182
Area: 8.315508021390374e-05
CentroidX: 0.8047
CentroidY: 0.2551
