Location: Scanned Documents-1.png_Mean-Medain.png
Component: component_1744838522606_59.png
centerX: 0.2447058823529412
centerY: 0.07590909090909091
width: 0.010588235294117647
height: 0.012272727272727272
Area: 6.711229946524064e-05
CentroidX: 0.2505
CentroidY: 0.0817
