Location: Scanned Documents-1.png_Otsu.png
Component: component_1744838523377_326.png
centerX: 0.8470588235294118
centerY: 0.25045454545454543
width: 0.014705882352941176
height: 0.015
Area: 6.550802139037433e-05
CentroidX: 0.8538
CentroidY: 0.2575
