Location: Scanned Documents-1.png_Mean-Closing.png
Component: component_1744838522746_14.png
centerX: 0.18705882352941178
centerY: 0.045
width: 0.014705882352941176
height: 0.018636363636363635
Area: 9.973262032085561e-05
CentroidX: 0.1951
CentroidY: 0.0544
