Location: Scanned Documents-1.png_Mean-Medain.png
Component: component_1744838522638_203.png
centerX: 0.2641176470588235
centerY: 0.2009090909090909
width: 0.011176470588235295
height: 0.013636363636363636
Area: 6.0160427807486634e-05
CentroidX: 0.2695
CentroidY: 0.2075
