Location: Scanned Documents-1.png_Mean-Closing.png
Component: component_1744838522800_296.png
centerX: 0.5052941176470588
centerY: 0.23727272727272727
width: 0.014705882352941176
height: 0.015454545454545455
Area: 7.459893048128342e-05
CentroidX: 0.5121
CentroidY: 0.2442
