Location: Scanned Documents-1.png_Mean-Medain.png
Component: component_1744838522631_180.png
centerX: 0.4958823529411765
centerY: 0.175
width: 0.022941176470588236
height: 0.015
Area: 8.449197860962567e-05
CentroidX: 0.5080
CentroidY: 0.1817
