Location: Scanned Documents-1.png_Mean-Medain.png
Component: component_1744838522675_315.png
centerX: 0.7794117647058824
centerY: 0.2718181818181818
width: 0.013529411764705882
height: 0.01818181818181818
Area: 8.021390374331551e-05
CentroidX: 0.7858
CentroidY: 0.2809
