Location: Scanned Documents-1.png_Mean-Closing.png
Component: component_1744838522748_22.png
centerX: 0.5547058823529412
centerY: 0.04454545454545455
width: 0.02
height: 0.020454545454545454
Area: 0.0001053475935828877
CentroidX: 0.5652
CentroidY: 0.0542
