Location: Scanned Documents-1.png_Mean-Closing.png
Component: component_1744838522835_499.png
centerX: 0.40176470588235297
centerY: 0.3509090909090909
width: 0.014705882352941176
height: 0.01818181818181818
Area: 8.074866310160427e-05
CentroidX: 0.4101
CentroidY: 0.3598
