Location: Scanned Documents-1.png_Otsu.png
Component: component_1744838523442_513.png
centerX: 0.1588235294117647
centerY: 0.3940909090909091
width: 0.01588235294117647
height: 0.022727272727272728
Area: 6.871657754010695e-05
CentroidX: 0.1676
CentroidY: 0.4042
