Location: Scanned Documents-1.png_Gaussian-Median.png
Component: component_1744838523652_449.png
centerX: 0.13
centerY: 0.3931818181818182
width: 0.02235294117647059
height: 0.020454545454545454
Area: 0.00012032085561497327
CentroidX: 0.1406
CentroidY: 0.4037
