Location: Scanned Documents-1.png_Gaussian-Median.png
Component: component_1744838523552_125.png
centerX: 0.19117647058823528
centerY: 0.1368181818181818
width: 0.012941176470588235
height: 0.019090909090909092
Area: 8.475935828877005e-05
CentroidX: 0.1993
CentroidY: 0.1458
