Location: Scanned Documents-1.png_Otsu.png
Component: component_1744838523439_506.png
centerX: 0.40647058823529414
centerY: 0.3890909090909091
width: 0.015294117647058824
height: 0.024545454545454544
Area: 8.556149732620321e-05
CentroidX: 0.4135
CentroidY: 0.4014
