Location: easy26_Mean-Closing.png
Component: component_1744297382150_891.png
centerX: 0.4653225806451613
centerY: 0.703544061302682
width: 0.02258064516129032
height: 0.014367816091954023
Area: 0.0001371122234581634
CentroidX: 0.4750
CentroidY: 0.7102
