Location: Scanned Documents-1.png_Mean-Closing.png
Component: component_1744838522840_532.png
centerX: 0.6405882352941177
centerY: 0.3836363636363636
width: 0.014705882352941176
height: 0.020454545454545454
Area: 0.00010374331550802139
CentroidX: 0.6477
CentroidY: 0.3927
