Location: Scanned Documents-1.png_Otsu.png
Component: component_1744838523086_74.png
centerX: 0.12411764705882353
centerY: 0.07636363636363637
width: 0.014705882352941176
height: 0.011818181818181818
Area: 4.919786096256685e-05
CentroidX: 0.1315
CentroidY: 0.0817
