Location: Scanned Documents-1.png_Mean-Medain.png
Component: component_1744838522677_322.png
centerX: 0.13176470588235295
centerY: 0.29409090909090907
width: 0.020588235294117647
height: 0.017272727272727273
Area: 8.716577540106952e-05
CentroidX: 0.1411
CentroidY: 0.3015
