Location: easy21_Mean-Medain.png
Component: component_1744297381006_982.png
centerX: 0.3153225806451613
centerY: 0.7452107279693486
width: 0.02338709677419355
height: 0.014846743295019157
Area: 0.00013788468668891361
CentroidX: 0.3247
CentroidY: 0.7520
