Location: Scanned Documents-1.png_Mean-Closing.png
Component: component_1744838522785_215.png
centerX: 0.7394117647058823
centerY: 0.18136363636363637
width: 0.014705882352941176
height: 0.014545454545454545
Area: 6.711229946524064e-05
CentroidX: 0.7454
CentroidY: 0.1887
