Location: Scanned Documents-1.png_Mean-Closing.png
Component: component_1744838522807_335.png
centerX: 0.35823529411764704
centerY: 0.26636363636363636
width: 0.011764705882352941
height: 0.013181818181818182
Area: 5.7754010695187164e-05
CentroidX: 0.3648
CentroidY: 0.2722
