Location: Scanned Documents-1.png_Mean-Medain.png
Component: component_1744838522689_381.png
centerX: 0.12411764705882353
centerY: 0.32272727272727275
width: 0.018823529411764704
height: 0.015909090909090907
Area: 8.155080213903743e-05
CentroidX: 0.1328
CentroidY: 0.3304
