Location: Scanned Documents-1.png_Otsu.png
Component: component_1744838523412_392.png
centerX: 0.6194117647058823
centerY: 0.2963636363636364
width: 0.013529411764705882
height: 0.017727272727272727
Area: 5.3475935828877e-05
CentroidX: 0.6260
CentroidY: 0.3052
