Location: Scanned Documents-1.png_Mean-Medain.png
Component: component_1744838522618_107.png
centerX: 0.591764705882353
centerY: 0.11227272727272727
width: 0.019411764705882354
height: 0.015909090909090907
Area: 9.010695187165776e-05
CentroidX: 0.6025
CentroidY: 0.1196
