Location: easy16_Gaussian-Median.png
Component: component_1744297381867_946.png
centerX: 0.225
centerY: 0.6666666666666666
width: 0.02338709677419355
height: 0.014846743295019157
Area: 0.0001278426646891608
CentroidX: 0.2348
CentroidY: 0.6734
