Location: Scanned Documents-1.png_Gaussian-Median.png
Component: component_1744838523653_454.png
centerX: 0.2111764705882353
centerY: 0.395
width: 0.01764705882352941
height: 0.018636363636363635
Area: 9.331550802139037e-05
CentroidX: 0.2194
CentroidY: 0.4041
