Location: Scanned Documents-1.png_Gaussian-Median.png
Component: component_1744838523572_223.png
centerX: 0.6235294117647059
centerY: 0.2190909090909091
width: 0.011764705882352941
height: 0.013636363636363636
Area: 6.149732620320855e-05
CentroidX: 0.6283
CentroidY: 0.2258
