Location: easy21_Mean-Medain.png
Component: component_1744297380758_54.png
centerX: 0.41854838709677417
centerY: 0.06130268199233716
width: 0.02258064516129032
height: 0.01532567049808429
Area: 0.00014947163515016684
CentroidX: 0.4281
CentroidY: 0.0683
