Location: easy21_Mean-Medain.png
Component: component_1744297381145_1180.png
centerX: 0.0467741935483871
centerY: 0.8793103448275862
width: 0.025806451612903226
height: 0.014846743295019157
Area: 0.0001556513409961686
CentroidX: 0.0586
CentroidY: 0.8859
