Location: Scanned Documents-1.png_Mean-Medain.png
Component: component_1744838522652_246.png
centerX: 0.20352941176470588
centerY: 0.2340909090909091
width: 0.021176470588235293
height: 0.013636363636363636
Area: 7.967914438502674e-05
CentroidX: 0.2135
CentroidY: 0.2396
