Location: Scanned Documents-1.png_Gaussian-Median.png
Component: component_1744838523558_155.png
centerX: 0.7441176470588236
centerY: 0.14954545454545454
width: 0.017058823529411765
height: 0.015454545454545455
Area: 9.411764705882353e-05
CentroidX: 0.7516
CentroidY: 0.1567
