Location: Scanned Documents-1.png_Otsu.png
Component: component_1744838523436_493.png
centerX: 0.6705882352941176
centerY: 0.3840909090909091
width: 0.018235294117647058
height: 0.020454545454545454
Area: 8.556149732620321e-05
CentroidX: 0.6790
CentroidY: 0.3941
