Location: Scanned Documents-1.png_Mean-Medain.png
Component: component_1744838522717_525.png
centerX: 0.14
centerY: 0.48863636363636365
width: 0.021176470588235293
height: 0.02181818181818182
Area: 0.00011898395721925134
CentroidX: 0.1491
CentroidY: 0.4993
