Location: Scanned Documents-1.png_Mean-Closing.png
Component: component_1744838522763_97.png
centerX: 0.2858823529411765
centerY: 0.10636363636363637
width: 0.01647058823529412
height: 0.018636363636363635
Area: 9.037433155080214e-05
CentroidX: 0.2964
CentroidY: 0.1147
