Location: Scanned Documents-1.png_Mean-Closing.png
Component: component_1744838522818_394.png
centerX: 0.62
centerY: 0.2963636363636364
width: 0.011176470588235295
height: 0.01818181818181818
Area: 6.470588235294117e-05
CentroidX: 0.6265
CentroidY: 0.3049
