Location: Scanned Documents-1.png_Otsu.png
Component: component_1744838523206_197.png
centerX: 0.8364705882352941
centerY: 0.15454545454545454
width: 0.013529411764705882
height: 0.014545454545454545
Area: 6.149732620320855e-05
CentroidX: 0.8434
CentroidY: 0.1610
