Location: Scanned Documents-1.png_Gaussian-Median.png
Component: component_1744838523628_371.png
centerX: 0.2711764705882353
centerY: 0.32
width: 0.02823529411764706
height: 0.016363636363636365
Area: 8.957219251336898e-05
CentroidX: 0.2808
CentroidY: 0.3285
