Location: Scanned Documents-1.png_Mean-Closing.png
Component: component_1744838522862_623.png
centerX: 0.7764705882352941
centerY: 0.4509090909090909
width: 0.02411764705882353
height: 0.019545454545454546
Area: 0.00011470588235294118
CentroidX: 0.7890
CentroidY: 0.4595
