Location: Scanned Documents-1.png_Gaussian-Median.png
Component: component_1744838523666_521.png
centerX: 0.24411764705882352
centerY: 0.45954545454545453
width: 0.01764705882352941
height: 0.015909090909090907
Area: 7.834224598930482e-05
CentroidX: 0.2506
CentroidY: 0.4671
