Location: Scanned Documents-1.png_Mean-Medain.png
Component: component_1744838522628_165.png
centerX: 0.14941176470588236
centerY: 0.1668181818181818
width: 0.01647058823529412
height: 0.01090909090909091
Area: 7.13903743315508e-05
CentroidX: 0.1587
CentroidY: 0.1712
