Location: Scanned Documents-1.png_Otsu.png
Component: component_1744838523443_516.png
centerX: 0.2111764705882353
centerY: 0.395
width: 0.01764705882352941
height: 0.01818181818181818
Area: 6.524064171122995e-05
CentroidX: 0.2196
CentroidY: 0.4038
