Location: Scanned Documents-1.png_Mean-Closing.png
Component: component_1744838522759_79.png
centerX: 0.83
centerY: 0.07681818181818181
width: 0.012352941176470587
height: 0.013181818181818182
Area: 5.962566844919786e-05
CentroidX: 0.8378
CentroidY: 0.0820
