Location: Scanned Documents-1.png_Gaussian-Median.png
Component: component_1744838523574_229.png
centerX: 0.7282352941176471
centerY: 0.22090909090909092
width: 0.01588235294117647
height: 0.013181818181818182
Area: 6.577540106951871e-05
CentroidX: 0.7357
CentroidY: 0.2271
