Location: Scanned Documents-1.png_Otsu.png
Component: component_1744838523268_248.png
centerX: 0.2647058823529412
centerY: 0.2009090909090909
width: 0.009411764705882352
height: 0.013636363636363636
Area: 4.358288770053476e-05
CentroidX: 0.2695
CentroidY: 0.2071
