Location: Scanned Documents-1.png_Otsu.png
Component: component_1744838523457_554.png
centerX: 0.2817647058823529
centerY: 0.42727272727272725
width: 0.012352941176470587
height: 0.016363636363636365
Area: 6.310160427807486e-05
CentroidX: 0.2875
CentroidY: 0.4343
