Location: Scanned Documents-1.png_Mean-Closing.png
Component: component_1744838522757_66.png
centerX: 0.43529411764705883
centerY: 0.07590909090909091
width: 0.012352941176470587
height: 0.014090909090909091
Area: 7.620320855614973e-05
CentroidX: 0.4410
CentroidY: 0.0827
