Location: Scanned Documents-1.png_Mean-Medain.png
Component: component_1744838522711_491.png
centerX: 0.1111764705882353
centerY: 0.4304545454545455
width: 0.01411764705882353
height: 0.01818181818181818
Area: 9.224598930481283e-05
CentroidX: 0.1193
CentroidY: 0.4387
