Location: Scanned Documents-1.png_Mean-Closing.png
Component: component_1744838522817_389.png
centerX: 0.6005882352941176
centerY: 0.2959090909090909
width: 0.011176470588235295
height: 0.017272727272727273
Area: 7.272727272727273e-05
CentroidX: 0.6067
CentroidY: 0.3038
