Location: Scanned Documents-1.png_Gaussian-Median.png
Component: component_1744838523523_39.png
centerX: 0.841764705882353
centerY: 0.04681818181818182
width: 0.013529411764705882
height: 0.01681818181818182
Area: 7.272727272727273e-05
CentroidX: 0.8476
CentroidY: 0.0550
