Location: easy21_Mean-Medain.png
Component: component_1744297380945_856.png
centerX: 0.739516129032258
centerY: 0.6546934865900383
width: 0.025
height: 0.01532567049808429
Area: 0.00015796873068841922
CentroidX: 0.7503
CentroidY: 0.6615
