Location: Scanned Documents-1.png_Otsu.png
Component: component_1744838523104_93.png
centerX: 0.8705882352941177
centerY: 0.07863636363636364
width: 0.01647058823529412
height: 0.013181818181818182
Area: 6.149732620320855e-05
CentroidX: 0.8779
CentroidY: 0.0846
