Location: Scanned Documents-1.png_Mean-Medain.png
Component: component_1744838522621_124.png
centerX: 0.09176470588235294
centerY: 0.13727272727272727
width: 0.013529411764705882
height: 0.017272727272727273
Area: 9.518716577540106e-05
CentroidX: 0.0976
CentroidY: 0.1456
