Location: Scanned Documents-1.png_Mean-Medain.png
Component: component_1744838522699_425.png
centerX: 0.7788235294117647
centerY: 0.35863636363636364
width: 0.020588235294117647
height: 0.017272727272727273
Area: 0.00010828877005347593
CentroidX: 0.7884
CentroidY: 0.3671
