Location: Scanned Documents-1.png_Mean-Closing.png
Component: component_1744838522819_399.png
centerX: 0.3452941176470588
centerY: 0.29772727272727273
width: 0.02
height: 0.017272727272727273
Area: 7.379679144385027e-05
CentroidX: 0.3547
CentroidY: 0.3062
