Location: Scanned Documents-1.png_Otsu.png
Component: component_1744838523401_359.png
centerX: 0.6976470588235294
centerY: 0.2681818181818182
width: 0.010588235294117647
height: 0.015454545454545455
Area: 5.267379679144385e-05
CentroidX: 0.7039
CentroidY: 0.2759
