Location: Scanned Documents-1.png_Mean-Closing.png
Component: component_1744838522821_404.png
centerX: 0.6888235294117647
centerY: 0.2972727272727273
width: 0.01647058823529412
height: 0.015454545454545455
Area: 7.540106951871658e-05
CentroidX: 0.6959
CentroidY: 0.3048
