Location: Scanned Documents-1.png_Gaussian-Median.png
Component: component_1744838523597_293.png
centerX: 0.32235294117647056
centerY: 0.2677272727272727
width: 0.013529411764705882
height: 0.014545454545454545
Area: 6.76470588235294e-05
CentroidX: 0.3291
CentroidY: 0.2744
