Location: Scanned Documents-1.png_Otsu.png
Component: component_1744838523154_157.png
centerX: 0.12764705882352942
centerY: 0.13863636363636364
width: 0.012941176470588235
height: 0.018636363636363635
Area: 6.176470588235294e-05
CentroidX: 0.1362
CentroidY: 0.1468
