Location: Scanned Documents-1.png_Otsu.png
Component: component_1744838523269_250.png
centerX: 0.28294117647058825
centerY: 0.2018181818181818
width: 0.017058823529411765
height: 0.014545454545454545
Area: 5.7754010695187164e-05
CentroidX: 0.2917
CentroidY: 0.2080
