Location: Scanned Documents-1.png_Mean-Closing.png
Component: component_1744838522866_634.png
centerX: 0.44588235294117645
centerY: 0.45636363636363636
width: 0.018235294117647058
height: 0.017272727272727273
Area: 9.358288770053476e-05
CentroidX: 0.4564
CentroidY: 0.4639
