Location: easy64_Gaussian-Closing.png
Component: component_1744297381439_974.png
centerX: 0.6463119709794438
centerY: 0.639162035057717
width: 0.009068923821039904
height: 0.00983326207781103
Area: 6.720593397378865e-05
CentroidX: 0.6510
CentroidY: 0.6438
