Location: Scanned Documents-1.png_Mean-Closing.png
Component: component_1744838522822_409.png
centerX: 0.30117647058823527
centerY: 0.29954545454545456
width: 0.017058823529411765
height: 0.016363636363636365
Area: 7.219251336898396e-05
CentroidX: 0.3082
CentroidY: 0.3069
