Location: easy26_Mean-Closing.png
Component: component_1744297382143_859.png
centerX: 0.26129032258064516
centerY: 0.6810344827586207
width: 0.02258064516129032
height: 0.014367816091954023
Area: 0.00012591150661228525
CentroidX: 0.2709
CentroidY: 0.6877
