Location: Scanned Documents-1.png_Gaussian-Median.png
Component: component_1744838523566_195.png
centerX: 0.1264705882352941
centerY: 0.1940909090909091
width: 0.013529411764705882
height: 0.012272727272727272
Area: 7.032085561497326e-05
CentroidX: 0.1323
CentroidY: 0.1999
