Location: Scanned Documents-1.png_Mean-Closing.png
Component: component_1744838522822_405.png
centerX: 0.3170588235294118
centerY: 0.29818181818181816
width: 0.01411764705882353
height: 0.013181818181818182
Area: 5.320855614973262e-05
CentroidX: 0.3238
CentroidY: 0.3045
