Location: Scanned Documents-1.png_Mean-Closing.png
Component: component_1744838522794_259.png
centerX: 0.6747058823529412
centerY: 0.21954545454545454
width: 0.014705882352941176
height: 0.012272727272727272
Area: 7.433155080213904e-05
CentroidX: 0.6834
CentroidY: 0.2250
