Location: Scanned Documents-1.png_Mean-Closing.png
Component: component_1744838522867_638.png
centerX: 0.30411764705882355
centerY: 0.4586363636363636
width: 0.014705882352941176
height: 0.014090909090909091
Area: 6.657754010695188e-05
CentroidX: 0.3125
CentroidY: 0.4646
