Location: Scanned Documents-1.png_Mean-Closing.png
Component: component_1744838522771_139.png
centerX: 0.12764705882352942
centerY: 0.13818181818181818
width: 0.012941176470588235
height: 0.019090909090909092
Area: 8.663101604278074e-05
CentroidX: 0.1359
CentroidY: 0.1467
