Location: Scanned Documents-1.png_Mean-Medain.png
Component: component_1744838522628_164.png
centerX: 0.1288235294117647
centerY: 0.16636363636363635
width: 0.022941176470588236
height: 0.011363636363636364
Area: 7.807486631016043e-05
CentroidX: 0.1402
CentroidY: 0.1708
