Location: easy43_Mean-Closing.png
Component: component_1744297380697_1223.png
centerX: 0.6118500604594922
centerY: 0.698589140658401
width: 0.012091898428053204
height: 0.00983326207781103
Area: 7.160016811822868e-05
CentroidX: 0.6169
CentroidY: 0.7033
