Location: Scanned Documents-1.png_Mean-Medain.png
Component: component_1744838522699_426.png
centerX: 0.8135294117647058
centerY: 0.3609090909090909
width: 0.020588235294117647
height: 0.014545454545454545
Area: 9.11764705882353e-05
CentroidX: 0.8230
CentroidY: 0.3677
