Location: Scanned Documents-1.png_Otsu.png
Component: component_1744838523120_110.png
centerX: 0.24176470588235294
centerY: 0.10545454545454545
width: 0.01764705882352941
height: 0.015909090909090907
Area: 5.7754010695187164e-05
CentroidX: 0.2512
CentroidY: 0.1126
