Location: Scanned Documents-1.png_Gaussian-Median.png
Component: component_1744838523639_393.png
centerX: 0.82
centerY: 0.3322727272727273
width: 0.014705882352941176
height: 0.015909090909090907
Area: 7.994652406417112e-05
CentroidX: 0.8283
CentroidY: 0.3398
