Location: Scanned Documents-1.png_Otsu.png
Component: component_1744838523439_507.png
centerX: 0.8523529411764705
centerY: 0.38954545454545453
width: 0.01411764705882353
height: 0.01681818181818182
Area: 6.577540106951871e-05
CentroidX: 0.8592
CentroidY: 0.3976
