Location: Scanned Documents-1.png_Mean-Closing.png
Component: component_1744838522750_33.png
centerX: 0.8035294117647059
centerY: 0.045454545454545456
width: 0.018823529411764704
height: 0.018636363636363635
Area: 0.00010561497326203209
CentroidX: 0.8128
CentroidY: 0.0548
