Location: Scanned Documents-1.png_Mean-Medain.png
Component: component_1744838522688_374.png
centerX: 0.21941176470588236
centerY: 0.32136363636363635
width: 0.015294117647058824
height: 0.01681818181818182
Area: 7.593582887700535e-05
CentroidX: 0.2259
CentroidY: 0.3300
