Location: Scanned Documents-1.png_Otsu.png
Component: component_1744838523406_379.png
centerX: 0.1323529411764706
centerY: 0.29454545454545455
width: 0.019411764705882354
height: 0.01681818181818182
Area: 5.7754010695187164e-05
CentroidX: 0.1409
CentroidY: 0.3015
