Location: Scanned Documents-1.png_Gaussian-Median.png
Component: component_1744838523553_136.png
centerX: 0.6023529411764705
centerY: 0.14045454545454544
width: 0.01411764705882353
height: 0.019545454545454546
Area: 9.385026737967914e-05
CentroidX: 0.6107
CentroidY: 0.1505
