Location: easy43_Mean-Closing.png
Component: component_1744297380578_242.png
centerX: 0.41777509068923824
centerY: 0.19709277469003847
width: 0.013301088270858524
height: 0.00983326207781103
Area: 7.54774335397934e-05
CentroidX: 0.4231
CentroidY: 0.2017
