Location: Scanned Documents-1.png_Gaussian-Median.png
Component: component_1744838523616_343.png
centerX: 0.45647058823529413
centerY: 0.29772727272727273
width: 0.01764705882352941
height: 0.014545454545454545
Area: 6.951871657754011e-05
CentroidX: 0.4635
CentroidY: 0.3051
