Location: easy43_Mean-Closing.png
Component: component_1744297380678_1064.png
centerX: 0.5707376058041113
centerY: 0.6327490380504489
width: 0.013301088270858524
height: 0.00983326207781103
Area: 6.720593397378865e-05
CentroidX: 0.5763
CentroidY: 0.6376
