Location: Scanned Documents-1.png_Otsu.png
Component: component_1744838523264_244.png
centerX: 0.20941176470588235
centerY: 0.19818181818181818
width: 0.017058823529411765
height: 0.014545454545454545
Area: 5.4278074866310164e-05
CentroidX: 0.2175
CentroidY: 0.2049
