Location: Scanned Documents-1.png_Gaussian-Median.png
Component: component_1744838523550_115.png
centerX: 0.7658823529411765
centerY: 0.11818181818181818
width: 0.01647058823529412
height: 0.017727272727272727
Area: 9.064171122994652e-05
CentroidX: 0.7741
CentroidY: 0.1270
