Location: Scanned Documents-1.png_Gaussian-Median.png
Component: component_1744838523536_79.png
centerX: 0.4123529411764706
centerY: 0.07863636363636364
width: 0.01
height: 0.012272727272727272
Area: 6.06951871657754e-05
CentroidX: 0.4178
CentroidY: 0.0848
