Location: easy26_Mean-Closing.png
Component: component_1744297382040_461.png
centerX: 0.5443548387096774
centerY: 0.3242337164750958
width: 0.021774193548387097
height: 0.014367816091954023
Area: 0.00012707020145841057
CentroidX: 0.5534
CentroidY: 0.3309
