Location: Scanned Documents-1.png_Otsu.png
Component: component_1744838523439_505.png
centerX: 0.8241176470588235
centerY: 0.3886363636363636
width: 0.01647058823529412
height: 0.01681818181818182
Area: 7.192513368983957e-05
CentroidX: 0.8318
CentroidY: 0.3965
