Location: Scanned Documents-1.png_Mean-Medain.png
Component: component_1744838522713_504.png
centerX: 0.5135294117647059
centerY: 0.4536363636363636
width: 0.01411764705882353
height: 0.02
Area: 8.903743315508021e-05
CentroidX: 0.5192
CentroidY: 0.4640
