Location: Scanned Documents-1.png_Otsu.png
Component: component_1744838523249_215.png
centerX: 0.39294117647058824
centerY: 0.17181818181818181
width: 0.019411764705882354
height: 0.015909090909090907
Area: 6.443850267379679e-05
CentroidX: 0.4018
CentroidY: 0.1789
