Location: Scanned Documents-1.png_Otsu.png
Component: component_1744838523457_553.png
centerX: 0.25823529411764706
centerY: 0.42727272727272725
width: 0.01647058823529412
height: 0.019090909090909092
Area: 8.128342245989305e-05
CentroidX: 0.2665
CentroidY: 0.4354
