Location: Scanned Documents-1.png_Gaussian-Median.png
Component: component_1744838523536_75.png
centerX: 0.81
centerY: 0.07727272727272727
width: 0.013529411764705882
height: 0.017272727272727273
Area: 8.475935828877005e-05
CentroidX: 0.8172
CentroidY: 0.0855
