Location: easy64_Gaussian-Closing.png
Component: component_1744297381261_404.png
centerX: 0.3639661426844015
centerY: 0.3026934587430526
width: 0.012696493349455865
height: 0.011115861479264643
Area: 7.883773023848285e-05
CentroidX: 0.3695
CentroidY: 0.3082
