Location: Scanned Documents-1.png_Gaussian-Median.png
Component: component_1744838523609_326.png
centerX: 0.17294117647058824
centerY: 0.29454545454545455
width: 0.017058823529411765
height: 0.014545454545454545
Area: 7.647058823529411e-05
CentroidX: 0.1800
CentroidY: 0.3014
