Location: Scanned Documents-1.png_Gaussian-Median.png
Component: component_1744838523644_412.png
centerX: 0.34058823529411764
centerY: 0.35363636363636364
width: 0.01647058823529412
height: 0.01818181818181818
Area: 8.609625668449198e-05
CentroidX: 0.3476
CentroidY: 0.3627
