Location: Scanned Documents-1.png_Mean-Medain.png
Component: component_1744838522653_247.png
centerX: 0.22294117647058823
centerY: 0.2340909090909091
width: 0.020588235294117647
height: 0.015909090909090907
Area: 9.732620320855615e-05
CentroidX: 0.2313
CentroidY: 0.2410
