Location: Scanned Documents-1.png_Mean-Medain.png
Component: component_1744838522677_321.png
centerX: 0.09705882352941177
centerY: 0.29409090909090907
width: 0.015294117647058824
height: 0.017272727272727273
Area: 8.663101604278074e-05
CentroidX: 0.1053
CentroidY: 0.3016
