Location: Scanned Documents-1.png_Otsu.png
Component: component_1744838523465_591.png
centerX: 0.13470588235294118
centerY: 0.4590909090909091
width: 0.015294117647058824
height: 0.016363636363636365
Area: 4.919786096256685e-05
CentroidX: 0.1412
CentroidY: 0.4663
