Location: Scanned Documents-1.png_Mean-Closing.png
Component: component_1744838522787_231.png
centerX: 0.2088235294117647
centerY: 0.19772727272727272
width: 0.01588235294117647
height: 0.015
Area: 7.834224598930482e-05
CentroidX: 0.2173
CentroidY: 0.2047
