Location: Scanned Documents-1.png_Mean-Closing.png
Component: component_1744838522842_541.png
centerX: 0.4652941176470588
centerY: 0.38772727272727275
width: 0.01411764705882353
height: 0.02
Area: 0.00010909090909090909
CentroidX: 0.4728
CentroidY: 0.3972
