Location: Scanned Documents-1.png_Otsu.png
Component: component_1744838523155_159.png
centerX: 0.24411764705882352
centerY: 0.13818181818181818
width: 0.011764705882352941
height: 0.01681818181818182
Area: 5.7754010695187164e-05
CentroidX: 0.2509
CentroidY: 0.1453
