Location: Scanned Documents-1.png_Gaussian-Median.png
Component: component_1744838523550_116.png
centerX: 0.7858823529411765
centerY: 0.11954545454545455
width: 0.011176470588235295
height: 0.01681818181818182
Area: 7.299465240641711e-05
CentroidX: 0.7925
CentroidY: 0.1278
