Location: Scanned Documents-1.png_Mean-Closing.png
Component: component_1744838522847_570.png
centerX: 0.8429411764705882
centerY: 0.42
width: 0.027058823529411764
height: 0.01818181818181818
Area: 0.00012058823529411765
CentroidX: 0.8531
CentroidY: 0.4281
