Location: easy64_Gaussian-Closing.png
Component: component_1744297381389_808.png
centerX: 0.2756952841596131
centerY: 0.5673364685763147
width: 0.021160822249093107
height: 0.013253527148353997
Area: 9.770708862343119e-05
CentroidX: 0.2883
CentroidY: 0.5736
