Location: Scanned Documents-1.png_Otsu.png
Component: component_1744838523461_575.png
centerX: 0.7517647058823529
centerY: 0.45181818181818184
width: 0.02176470588235294
height: 0.019545454545454546
Area: 8.716577540106952e-05
CentroidX: 0.7620
CentroidY: 0.4595
