Location: Scanned Documents-1.png_Otsu.png
Component: component_1744838523027_11.png
centerX: 0.49529411764705883
centerY: 0.04409090909090909
width: 0.014705882352941176
height: 0.017272727272727273
Area: 6.550802139037433e-05
CentroidX: 0.5043
CentroidY: 0.0523
