Location: Scanned Documents-1.png_Mean-Closing.png
Component: component_1744838522870_672.png
centerX: 0.3635294117647059
centerY: 0.4890909090909091
width: 0.01588235294117647
height: 0.018636363636363635
Area: 0.0001
CentroidX: 0.3712
CentroidY: 0.4970
