Location: Scanned Documents-1.png_Mean-Medain.png
Component: component_1744838522694_408.png
centerX: 0.3588235294117647
centerY: 0.3522727272727273
width: 0.02
height: 0.017727272727272727
Area: 9.251336898395723e-05
CentroidX: 0.3687
CentroidY: 0.3610
