Location: Scanned Documents-1.png_Mean-Closing.png
Component: component_1744838522834_492.png
centerX: 0.6035294117647059
centerY: 0.3481818181818182
width: 0.01588235294117647
height: 0.017727272727272727
Area: 9.251336898395723e-05
CentroidX: 0.6109
CentroidY: 0.3571
