Location: easy16_Gaussian-Median.png
Component: component_1744297381869_963.png
centerX: 0.8959677419354839
centerY: 0.6872605363984674
width: 0.02338709677419355
height: 0.014367816091954023
Area: 0.00013402237053516253
CentroidX: 0.9059
CentroidY: 0.6938
