Location: Scanned Documents-1.png_Mean-Closing.png
Component: component_1744838522777_159.png
centerX: 0.5647058823529412
centerY: 0.14363636363636365
width: 0.013529411764705882
height: 0.016363636363636365
Area: 8.39572192513369e-05
CentroidX: 0.5709
CentroidY: 0.1516
