Location: Scanned Documents-1.png_Mean-Medain.png
Component: component_1744838522673_299.png
centerX: 0.5441176470588235
centerY: 0.2677272727272727
width: 0.011764705882352941
height: 0.013181818181818182
Area: 6.737967914438502e-05
CentroidX: 0.5497
CentroidY: 0.2742
