Location: Scanned Documents-1.png_Mean-Closing.png
Component: component_1744838522798_281.png
centerX: 0.3276470588235294
centerY: 0.23318181818181818
width: 0.012352941176470587
height: 0.019090909090909092
Area: 8.101604278074867e-05
CentroidX: 0.3355
CentroidY: 0.2420
