Location: easy43_Mean-Closing.png
Component: component_1744297380641_745.png
centerX: 0.21704957678355502
centerY: 0.47840957674219753
width: 0.013301088270858524
height: 0.00983326207781103
Area: 7.573591790123106e-05
CentroidX: 0.2227
CentroidY: 0.4833
