Location: Scanned Documents-1.png_Mean-Closing.png
Component: component_1744838522824_423.png
centerX: 0.8088235294117647
centerY: 0.30818181818181817
width: 0.010588235294117647
height: 0.013636363636363636
Area: 5.588235294117647e-05
CentroidX: 0.8141
CentroidY: 0.3143
