Location: Scanned Documents-1.png_Gaussian-Median.png
Component: component_1744838523527_46.png
centerX: 0.14470588235294118
centerY: 0.075
width: 0.015294117647058824
height: 0.014545454545454545
Area: 7.48663101604278e-05
CentroidX: 0.1530
CentroidY: 0.0818
