Location: Scanned Documents-1.png_Mean-Closing.png
Component: component_1744838522866_636.png
centerX: 0.4235294117647059
centerY: 0.4572727272727273
width: 0.01588235294117647
height: 0.018636363636363635
Area: 8.850267379679145e-05
CentroidX: 0.4319
CentroidY: 0.4650
