Location: Scanned Documents-1.png_Mean-Medain.png
Component: component_1744838522700_430.png
centerX: 0.6405882352941177
centerY: 0.3836363636363636
width: 0.014705882352941176
height: 0.020454545454545454
Area: 0.00010668449197860962
CentroidX: 0.6478
CentroidY: 0.3927
