Location: Scanned Documents-1.png_Mean-Medain.png
Component: component_1744838522628_167.png
centerX: 0.09352941176470589
centerY: 0.16727272727272727
width: 0.015294117647058824
height: 0.012727272727272728
Area: 7.834224598930482e-05
CentroidX: 0.1016
CentroidY: 0.1725
