Location: Scanned Documents-1.png_Otsu.png
Component: component_1744838523284_263.png
centerX: 0.5405882352941176
centerY: 0.21727272727272728
width: 0.011764705882352941
height: 0.012272727272727272
Area: 4.572192513368984e-05
CentroidX: 0.5466
CentroidY: 0.2227
