Location: Scanned Documents-1.png_Otsu.png
Component: component_1744838523268_249.png
centerX: 0.30411764705882355
centerY: 0.2009090909090909
width: 0.012941176470588235
height: 0.013636363636363636
Area: 5.053475935828877e-05
CentroidX: 0.3105
CentroidY: 0.2065
