Location: Scanned Documents-1.png_Otsu.png
Component: component_1744838523354_303.png
centerX: 0.45235294117647057
centerY: 0.23545454545454544
width: 0.01588235294117647
height: 0.015
Area: 5.374331550802139e-05
CentroidX: 0.4587
CentroidY: 0.2429
