Location: Scanned Documents-1.png_Otsu.png
Component: component_1744838523332_289.png
centerX: 0.40294117647058825
centerY: 0.2318181818181818
width: 0.027058823529411764
height: 0.01818181818181818
Area: 0.00011524064171122995
CentroidX: 0.4159
CentroidY: 0.2407
