Location: Scanned Documents-1.png_Gaussian-Median.png
Component: component_1744838523644_414.png
centerX: 0.15235294117647058
centerY: 0.35454545454545455
width: 0.019411764705882354
height: 0.020454545454545454
Area: 9.46524064171123e-05
CentroidX: 0.1620
CentroidY: 0.3648
