Location: Scanned Documents-1.png_Mean-Medain.png
Component: component_1744838522689_380.png
centerX: 0.37470588235294117
centerY: 0.32227272727272727
width: 0.012352941176470587
height: 0.014545454545454545
Area: 6.844919786096257e-05
CentroidX: 0.3805
CentroidY: 0.3293
