Location: Scanned Documents-1.png_Gaussian-Median.png
Component: component_1744838523554_139.png
centerX: 0.37470588235294117
centerY: 0.14136363636363636
width: 0.011176470588235295
height: 0.017727272727272727
Area: 8.23529411764706e-05
CentroidX: 0.3806
CentroidY: 0.1497
