Location: Scanned Documents-1.png_Otsu.png
Component: component_1744838523468_601.png
centerX: 0.32294117647058823
centerY: 0.48863636363636365
width: 0.01588235294117647
height: 0.01681818181818182
Area: 6.122994652406417e-05
CentroidX: 0.3314
CentroidY: 0.4955
