Location: easy16_Gaussian-Median.png
Component: component_1744297381912_1203.png
centerX: 0.7104838709677419
centerY: 0.8453065134099617
width: 0.02338709677419355
height: 0.014846743295019157
Area: 0.0001417470028426647
CentroidX: 0.7202
CentroidY: 0.8520
