Location: Scanned Documents-1.png_Mean-Closing.png
Component: component_1744838522810_354.png
centerX: 0.6464705882352941
centerY: 0.2686363636363636
width: 0.014705882352941176
height: 0.013181818181818182
Area: 6.229946524064171e-05
CentroidX: 0.6545
CentroidY: 0.2744
