Location: Scanned Documents-1.png_Mean-Medain.png
Component: component_1744838522672_292.png
centerX: 0.32235294117647056
centerY: 0.2677272727272727
width: 0.013529411764705882
height: 0.014545454545454545
Area: 6.711229946524064e-05
CentroidX: 0.3291
CentroidY: 0.2743
