Location: Scanned Documents-1.png_Mean-Medain.png
Component: component_1744838522617_99.png
centerX: 0.5576470588235294
centerY: 0.10909090909090909
width: 0.01588235294117647
height: 0.015909090909090907
Area: 8.475935828877005e-05
CentroidX: 0.5663
CentroidY: 0.1167
