Location: easy16_Gaussian-Median.png
Component: component_1744297381686_233.png
centerX: 0.09516129032258064
centerY: 0.15948275862068967
width: 0.02258064516129032
height: 0.014846743295019157
Area: 0.00012282165368928438
CentroidX: 0.1041
CentroidY: 0.1664
