Location: Scanned Documents-1.png_Mean-Medain.png
Component: component_1744838522605_54.png
centerX: 0.12352941176470589
centerY: 0.07590909090909091
width: 0.015294117647058824
height: 0.012272727272727272
Area: 7.433155080213904e-05
CentroidX: 0.1313
CentroidY: 0.0816
