Location: Scanned Documents-1.png_Otsu.png
Component: component_1744838523422_440.png
centerX: 0.35294117647058826
centerY: 0.32272727272727275
width: 0.012941176470588235
height: 0.015454545454545455
Area: 5.374331550802139e-05
CentroidX: 0.3602
CentroidY: 0.3304
