Location: Scanned Documents-1.png_Gaussian-Median.png
Component: component_1744838523641_399.png
centerX: 0.6311764705882353
centerY: 0.3481818181818182
width: 0.012352941176470587
height: 0.016363636363636365
Area: 8.155080213903743e-05
CentroidX: 0.6382
CentroidY: 0.3564
