Location: Scanned Documents-1.png_Otsu.png
Component: component_1744838523049_34.png
centerX: 0.8741176470588236
centerY: 0.045909090909090906
width: 0.029411764705882353
height: 0.016363636363636365
Area: 7.620320855614973e-05
CentroidX: 0.8833
CentroidY: 0.0551
