Location: Scanned Documents-1.png_Mean-Closing.png
Component: component_1744838522754_54.png
centerX: 0.3352941176470588
centerY: 0.075
width: 0.010588235294117647
height: 0.011818181818181818
Area: 5.695187165775401e-05
CentroidX: 0.3414
CentroidY: 0.0806
