Location: easy64_Gaussian-Closing.png
Component: component_1744297381405_890.png
centerX: 0.7738814993954051
centerY: 0.595981188542112
width: 0.013301088270858524
height: 0.00983326207781103
Area: 7.599440226266871e-05
CentroidX: 0.7795
CentroidY: 0.6008
