Location: Scanned Documents-1.png_Gaussian-Median.png
Component: component_1744838523622_365.png
centerX: 0.4582352941176471
centerY: 0.31863636363636366
width: 0.012352941176470587
height: 0.015909090909090907
Area: 6.470588235294117e-05
CentroidX: 0.4653
CentroidY: 0.3265
