Location: easy26_Mean-Closing.png
Component: component_1744297382003_288.png
centerX: 0.48870967741935484
centerY: 0.21168582375478928
width: 0.021774193548387097
height: 0.014846743295019157
Area: 0.00014097453961191446
CentroidX: 0.4975
CentroidY: 0.2185
