Location: easy43_Mean-Closing.png
Component: component_1744297380651_828.png
centerX: 0.37605804111245467
centerY: 0.5220179563916203
width: 0.012696493349455865
height: 0.010260795211628902
Area: 7.237562120254162e-05
CentroidX: 0.3812
CentroidY: 0.5269
