Location: Scanned Documents-1.png_Mean-Medain.png
Component: component_1744838522638_201.png
centerX: 0.24764705882352941
centerY: 0.2
width: 0.01588235294117647
height: 0.013636363636363636
Area: 7.005347593582888e-05
CentroidX: 0.2551
CentroidY: 0.2058
