Location: Scanned Documents-1.png_Mean-Medain.png
Component: component_1744838522603_46.png
centerX: 0.3
centerY: 0.075
width: 0.011764705882352941
height: 0.011363636363636364
Area: 6.176470588235294e-05
CentroidX: 0.3074
CentroidY: 0.0802
