Location: easy21_Mean-Medain.png
Component: component_1744297380855_434.png
centerX: 0.049193548387096775
centerY: 0.38362068965517243
width: 0.024193548387096774
height: 0.014846743295019157
Area: 0.00014329192930416512
CentroidX: 0.0601
CentroidY: 0.3905
