Location: Scanned Documents-1.png_Gaussian-Median.png
Component: component_1744838523535_68.png
centerX: 0.35352941176470587
centerY: 0.07636363636363637
width: 0.011764705882352941
height: 0.011818181818181818
Area: 5.962566844919786e-05
CentroidX: 0.3602
CentroidY: 0.0821
