Location: Scanned Documents-1.png_Otsu.png
Component: component_1744838523470_608.png
centerX: 0.30117647058823527
centerY: 0.4904545454545455
width: 0.018823529411764704
height: 0.01681818181818182
Area: 6.871657754010695e-05
CentroidX: 0.3093
CentroidY: 0.4977
