Location: Scanned Documents-1.png_Mean-Medain.png
Component: component_1744838522707_468.png
centerX: 0.5988235294117648
centerY: 0.4222727272727273
width: 0.015294117647058824
height: 0.017272727272727273
Area: 8.770053475935829e-05
CentroidX: 0.6063
CentroidY: 0.4298
