Location: easy26_Mean-Closing.png
Component: component_1744297382109_672.png
centerX: 0.04838709677419355
centerY: 0.46024904214559387
width: 0.02258064516129032
height: 0.014367816091954023
Area: 0.00012127672722778396
CentroidX: 0.0576
CentroidY: 0.4667
