Location: Scanned Documents-1.png_Otsu.png
Component: component_1744838523443_517.png
centerX: 0.26235294117647057
centerY: 0.395
width: 0.018235294117647058
height: 0.02090909090909091
Area: 8.342245989304812e-05
CentroidX: 0.2728
CentroidY: 0.4042
