Location: Scanned Documents-1.png_Mean-Medain.png
Component: component_1744838522714_510.png
centerX: 0.3952941176470588
centerY: 0.45636363636363636
width: 0.026470588235294117
height: 0.01681818181818182
Area: 9.491978609625668e-05
CentroidX: 0.4078
CentroidY: 0.4636
