Location: Scanned Documents-1.png_Otsu.png
Component: component_1744838523323_280.png
centerX: 0.87
centerY: 0.2268181818181818
width: 0.018823529411764704
height: 0.017272727272727273
Area: 7.754010695187165e-05
CentroidX: 0.8783
CentroidY: 0.2351
