Location: Scanned Documents-1.png_Gaussian-Median.png
Component: component_1744838523663_503.png
centerX: 0.53
centerY: 0.4531818181818182
width: 0.023529411764705882
height: 0.018636363636363635
Area: 9.786096256684492e-05
CentroidX: 0.5401
CentroidY: 0.4611
