Location: Scanned Documents-1.png_Otsu.png
Component: component_1744838523453_544.png
centerX: 0.47823529411764704
centerY: 0.42363636363636364
width: 0.012941176470588235
height: 0.016363636363636365
Area: 5.935828877005347e-05
CentroidX: 0.4841
CentroidY: 0.4304
