Location: Scanned Documents-1.png_Mean-Medain.png
Component: component_1744838522709_482.png
centerX: 0.1635294117647059
centerY: 0.4268181818181818
width: 0.025294117647058825
height: 0.02181818181818182
Area: 0.0001160427807486631
CentroidX: 0.1744
CentroidY: 0.4363
