Location: Scanned Documents-1.png_Gaussian-Median.png
Component: component_1744838523555_145.png
centerX: 0.4576470588235294
centerY: 0.14272727272727273
width: 0.012941176470588235
height: 0.01818181818181818
Area: 8.556149732620321e-05
CentroidX: 0.4647
CentroidY: 0.1522
