Location: Scanned Documents-1.png_Gaussian-Median.png
Component: component_1744838523560_170.png
centerX: 0.19411764705882353
centerY: 0.16772727272727272
width: 0.017058823529411765
height: 0.012727272727272728
Area: 7.192513368983957e-05
CentroidX: 0.2016
CentroidY: 0.1738
