Location: Scanned Documents-1.png_Gaussian-Median.png
Component: component_1744838523547_101.png
centerX: 0.5776470588235294
centerY: 0.10954545454545454
width: 0.01411764705882353
height: 0.017272727272727273
Area: 7.887700534759358e-05
CentroidX: 0.5839
CentroidY: 0.1186
