Location: Scanned Documents-1.png_Otsu.png
Component: component_1744838523414_404.png
centerX: 0.30117647058823527
centerY: 0.29954545454545456
width: 0.01764705882352941
height: 0.016363636363636365
Area: 5.4545454545454546e-05
CentroidX: 0.3081
CentroidY: 0.3070
