Location: Scanned Documents-1.png_Otsu.png
Component: component_1744838523462_584.png
centerX: 0.18411764705882352
centerY: 0.4577272727272727
width: 0.018235294117647058
height: 0.015454545454545455
Area: 6.711229946524064e-05
CentroidX: 0.1940
CentroidY: 0.4643
