Location: Scanned Documents-1.png_Mean-Medain.png
Component: component_1744838522597_17.png
centerX: 0.32
centerY: 0.04454545454545455
width: 0.01764705882352941
height: 0.019545454545454546
Area: 9.919786096256684e-05
CentroidX: 0.3279
CentroidY: 0.0542
