Location: Scanned Documents-1.png_Otsu.png
Component: component_1744838523404_368.png
centerX: 0.7794117647058824
centerY: 0.2718181818181818
width: 0.01411764705882353
height: 0.017727272727272727
Area: 6.550802139037433e-05
CentroidX: 0.7859
CentroidY: 0.2806
