Location: Scanned Documents-1.png_Otsu.png
Component: component_1744838523427_461.png
centerX: 0.47
centerY: 0.35
width: 0.018823529411764704
height: 0.017727272727272727
Area: 6.737967914438502e-05
CentroidX: 0.4787
CentroidY: 0.3585
