Location: Scanned Documents-1.png_Gaussian-Median.png
Component: component_1744838523563_183.png
centerX: 0.5964705882352941
centerY: 0.17681818181818182
width: 0.014705882352941176
height: 0.015909090909090907
Area: 8.101604278074867e-05
CentroidX: 0.6044
CentroidY: 0.1844
