Location: Scanned Documents-1.png_Otsu.png
Component: component_1744838523130_121.png
centerX: 0.3988235294117647
centerY: 0.10954545454545454
width: 0.018235294117647058
height: 0.017727272727272727
Area: 5.882352941176471e-05
CentroidX: 0.4092
CentroidY: 0.1172
