Location: Scanned Documents-1.png_Otsu.png
Component: component_1744838523446_528.png
centerX: 0.8429411764705882
centerY: 0.42
width: 0.026470588235294117
height: 0.017727272727272727
Area: 8.262032085561498e-05
CentroidX: 0.8528
CentroidY: 0.4279
