Location: Scanned Documents-1.png_Otsu.png
Component: component_1744838523435_491.png
centerX: 0.6141176470588235
centerY: 0.3840909090909091
width: 0.017058823529411765
height: 0.018636363636363635
Area: 8.20855614973262e-05
CentroidX: 0.6228
CentroidY: 0.3930
