Location: Scanned Documents-1.png_Mean-Medain.png
Component: component_1744838522605_57.png
centerX: 0.20470588235294118
centerY: 0.07545454545454545
width: 0.014705882352941176
height: 0.013636363636363636
Area: 7.673796791443851e-05
CentroidX: 0.2125
CentroidY: 0.0818
