Location: easy26_Mean-Closing.png
Component: component_1744297381994_229.png
centerX: 0.7975806451612903
centerY: 0.1671455938697318
width: 0.021774193548387097
height: 0.014367816091954023
Area: 0.00013595352861203806
CentroidX: 0.8068
CentroidY: 0.1736
