Location: easy21_Mean-Medain.png
Component: component_1744297380765_75.png
centerX: 0.08548387096774193
centerY: 0.08189655172413793
width: 0.02258064516129032
height: 0.01532567049808429
Area: 0.00014483685576566555
CentroidX: 0.0952
CentroidY: 0.0892
