Location: Scanned Documents-1.png_Otsu.png
Component: component_1744838523456_551.png
centerX: 0.21294117647058824
centerY: 0.42727272727272725
width: 0.022941176470588236
height: 0.021363636363636362
Area: 6.737967914438502e-05
CentroidX: 0.2228
CentroidY: 0.4353
