Location: Scanned Documents-1.png_Gaussian-Median.png
Component: component_1744838523577_234.png
centerX: 0.8464705882352941
centerY: 0.22727272727272727
width: 0.01588235294117647
height: 0.015909090909090907
Area: 8.128342245989305e-05
CentroidX: 0.8543
CentroidY: 0.2347
