Location: Scanned Documents-1.png_Mean-Closing.png
Component: component_1744838522842_540.png
centerX: 0.7429411764705882
centerY: 0.38636363636363635
width: 0.020588235294117647
height: 0.02090909090909091
Area: 0.0001216577540106952
CentroidX: 0.7542
CentroidY: 0.3968
