Location: Scanned Documents-1.png_Mean-Closing.png
Component: component_1744838522780_187.png
centerX: 0.14941176470588236
centerY: 0.1668181818181818
width: 0.01588235294117647
height: 0.010454545454545454
Area: 7.165775401069518e-05
CentroidX: 0.1586
CentroidY: 0.1712
