Location: Scanned Documents-1.png_Mean-Medain.png
Component: component_1744838522624_139.png
centerX: 0.39
centerY: 0.14136363636363636
width: 0.012352941176470587
height: 0.016363636363636365
Area: 8.689839572192514e-05
CentroidX: 0.3966
CentroidY: 0.1489
