Location: Scanned Documents-1.png_Gaussian-Median.png
Component: component_1744838523644_411.png
centerX: 0.3170588235294118
centerY: 0.35363636363636364
width: 0.022941176470588236
height: 0.016363636363636365
Area: 8.262032085561498e-05
CentroidX: 0.3285
CentroidY: 0.3611
