Location: Scanned Documents-1.png_Mean-Medain.png
Component: component_1744838522639_204.png
centerX: 0.28294117647058825
centerY: 0.20136363636363636
width: 0.017058823529411765
height: 0.015
Area: 7.433155080213904e-05
CentroidX: 0.2916
CentroidY: 0.2081
