Location: Scanned Documents-1.png_Gaussian-Median.png
Component: component_1744838523617_350.png
centerX: 0.5652941176470588
centerY: 0.2990909090909091
width: 0.015294117647058824
height: 0.014090909090909091
Area: 7.593582887700535e-05
CentroidX: 0.5716
CentroidY: 0.3059
