Location: Scanned Documents-1.png_Gaussian-Median.png
Component: component_1744838523649_431.png
centerX: 0.5347058823529411
centerY: 0.385
width: 0.019411764705882354
height: 0.018636363636363635
Area: 9.83957219251337e-05
CentroidX: 0.5436
CentroidY: 0.3937
