Location: Scanned Documents-1.png_Gaussian-Median.png
Component: component_1744838523577_237.png
centerX: 0.12588235294117647
centerY: 0.2309090909090909
width: 0.01647058823529412
height: 0.014545454545454545
Area: 7.058823529411764e-05
CentroidX: 0.1337
CentroidY: 0.2375
