Location: Scanned Documents-1.png_Otsu.png
Component: component_1744838523396_355.png
centerX: 0.6182352941176471
centerY: 0.2686363636363636
width: 0.01411764705882353
height: 0.012727272727272728
Area: 5.080213903743316e-05
CentroidX: 0.6245
CentroidY: 0.2749
