Location: easy16_Gaussian-Median.png
Component: component_1744297381899_1137.png
centerX: 0.7451612903225806
centerY: 0.7998084291187739
width: 0.02338709677419355
height: 0.014846743295019157
Area: 0.0001417470028426647
CentroidX: 0.7551
CentroidY: 0.8067
