Location: Scanned Documents-1.png_Otsu.png
Component: component_1744838523458_557.png
centerX: 0.11176470588235295
centerY: 0.4309090909090909
width: 0.012941176470588235
height: 0.017727272727272727
Area: 6.176470588235294e-05
CentroidX: 0.1198
CentroidY: 0.4386
