Location: easy43_Mean-Closing.png
Component: component_1744297380687_1164.png
centerX: 0.6553808948004837
centerY: 0.6759298845660539
width: 0.012696493349455865
height: 0.010260795211628902
Area: 7.289258992541693e-05
CentroidX: 0.6605
CentroidY: 0.6810
