Location: Scanned Documents-1.png_Gaussian-Median.png
Component: component_1744838523614_337.png
centerX: 0.43823529411764706
centerY: 0.2963636363636364
width: 0.014705882352941176
height: 0.014545454545454545
Area: 7.112299465240642e-05
CentroidX: 0.4445
CentroidY: 0.3037
