Location: Scanned Documents-1.png_Otsu.png
Component: component_1744838523374_319.png
centerX: 0.7458823529411764
centerY: 0.24272727272727274
width: 0.01647058823529412
height: 0.014090909090909091
Area: 5.641711229946524e-05
CentroidX: 0.7534
CentroidY: 0.2496
