Location: Scanned Documents-1.png_Gaussian-Median.png
Component: component_1744838523629_373.png
centerX: 0.1935294117647059
centerY: 0.32136363636363635
width: 0.015294117647058824
height: 0.017272727272727273
Area: 7.647058823529411e-05
CentroidX: 0.2000
CentroidY: 0.3300
