Location: Scanned Documents-1.png_Gaussian-Median.png
Component: component_1744838523591_275.png
centerX: 0.8694117647058823
centerY: 0.24863636363636363
width: 0.021176470588235293
height: 0.016363636363636365
Area: 9.197860962566845e-05
CentroidX: 0.8768
CentroidY: 0.2566
