Location: Scanned Documents-1.png_Gaussian-Median.png
Component: component_1744838523530_52.png
centerX: 0.6358823529411765
centerY: 0.075
width: 0.015294117647058824
height: 0.016363636363636365
Area: 8.903743315508021e-05
CentroidX: 0.6437
CentroidY: 0.0834
