Location: easy16_Gaussian-Median.png
Component: component_1744297381756_372.png
centerX: 0.0967741935483871
centerY: 0.24904214559386972
width: 0.02258064516129032
height: 0.014367816091954023
Area: 0.00011895933753553331
CentroidX: 0.1061
CentroidY: 0.2556
