Location: Scanned Documents-1.png_Gaussian-Median.png
Component: component_1744838523567_198.png
centerX: 0.16294117647058823
centerY: 0.19590909090909092
width: 0.013529411764705882
height: 0.012727272727272728
Area: 6.925133689839573e-05
CentroidX: 0.1694
CentroidY: 0.2015
