Location: Scanned Documents-1.png_Mean-Closing.png
Component: component_1744838522758_74.png
centerX: 0.7141176470588235
centerY: 0.07636363636363637
width: 0.015294117647058824
height: 0.017272727272727273
Area: 9.197860962566845e-05
CentroidX: 0.7215
CentroidY: 0.0843
