Location: Scanned Documents-1.png_Mean-Closing.png
Component: component_1744838522792_249.png
centerX: 0.5694117647058824
centerY: 0.21636363636363637
width: 0.008823529411764706
height: 0.011818181818181818
Area: 4.2780748663101606e-05
CentroidX: 0.5744
CentroidY: 0.2213
