Location: Scanned Documents-1.png_Mean-Closing.png
Component: component_1744838522755_55.png
centerX: 0.4723529411764706
centerY: 0.075
width: 0.011764705882352941
height: 0.011818181818181818
Area: 7.058823529411764e-05
CentroidX: 0.4788
CentroidY: 0.0809
