Location: easy21_Mean-Medain.png
Component: component_1744297380770_85.png
centerX: 0.3008064516129032
centerY: 0.0842911877394636
width: 0.02258064516129032
height: 0.01532567049808429
Area: 0.00014058830799653935
CentroidX: 0.3101
CentroidY: 0.0912
