Location: Scanned Documents-1.png_Mean-Medain.png
Component: component_1744838522618_109.png
centerX: 0.69
centerY: 0.11181818181818182
width: 0.013529411764705882
height: 0.02181818181818182
Area: 9.224598930481283e-05
CentroidX: 0.6968
CentroidY: 0.1220
