Location: Scanned Documents-1.png_Mean-Closing.png
Component: component_1744838522798_284.png
centerX: 0.20411764705882354
centerY: 0.2340909090909091
width: 0.02
height: 0.013181818181818182
Area: 7.754010695187165e-05
CentroidX: 0.2135
CentroidY: 0.2395
