Location: Scanned Documents-1.png_Gaussian-Median.png
Component: component_1744838523641_400.png
centerX: 0.4429411764705882
centerY: 0.34954545454545455
width: 0.020588235294117647
height: 0.02090909090909091
Area: 0.00010106951871657753
CentroidX: 0.4515
CentroidY: 0.3599
