Location: Scanned Documents-1.png_Mean-Closing.png
Component: component_1744838522804_323.png
centerX: 0.09823529411764706
centerY: 0.2595454545454545
width: 0.01411764705882353
height: 0.022727272727272728
Area: 9.598930481283423e-05
CentroidX: 0.1041
CentroidY: 0.2713
