Location: Scanned Documents-1.png_Otsu.png
Component: component_1744838523421_435.png
centerX: 0.32529411764705884
centerY: 0.32227272727272727
width: 0.018235294117647058
height: 0.016363636363636365
Area: 6.871657754010695e-05
CentroidX: 0.3334
CentroidY: 0.3311
