Location: Scanned Documents-1.png_Mean-Closing.png
Component: component_1744838522767_122.png
centerX: 0.7464705882352941
centerY: 0.11681818181818182
width: 0.01588235294117647
height: 0.01681818181818182
Area: 8.39572192513369e-05
CentroidX: 0.7555
CentroidY: 0.1249
