Location: Scanned Documents-1.png_Mean-Closing.png
Component: component_1744838522758_75.png
centerX: 0.7329411764705882
centerY: 0.07681818181818181
width: 0.01411764705882353
height: 0.015
Area: 8.556149732620321e-05
CentroidX: 0.7410
CentroidY: 0.0838
