Location: Scanned Documents-1.png_Otsu.png
Component: component_1744838523200_183.png
centerX: 0.6670588235294118
centerY: 0.14727272727272728
width: 0.02
height: 0.015
Area: 7.32620320855615e-05
CentroidX: 0.6755
CentroidY: 0.1546
