Location: Scanned Documents-1.png_Mean-Medain.png
Component: component_1744838522690_383.png
centerX: 0.3517647058823529
centerY: 0.32272727272727275
width: 0.014705882352941176
height: 0.015454545454545455
Area: 7.085561497326204e-05
CentroidX: 0.3600
CentroidY: 0.3304
