Location: Scanned Documents-1.png_Mean-Medain.png
Component: component_1744838522682_347.png
centerX: 0.6723529411764706
centerY: 0.29818181818181816
width: 0.012941176470588235
height: 0.014545454545454545
Area: 6.818181818181818e-05
CentroidX: 0.6789
CentroidY: 0.3055
