Location: Scanned Documents-1.png_Gaussian-Median.png
Component: component_1744838523642_402.png
centerX: 0.4958823529411765
centerY: 0.34954545454545455
width: 0.01588235294117647
height: 0.01818181818181818
Area: 9.037433155080214e-05
CentroidX: 0.5041
CentroidY: 0.3587
