Location: Scanned Documents-1.png_Gaussian-Median.png
Component: component_1744838523551_123.png
centerX: 0.10823529411764705
centerY: 0.1368181818181818
width: 0.01647058823529412
height: 0.01818181818181818
Area: 9.278074866310161e-05
CentroidX: 0.1157
CentroidY: 0.1459
