Location: easy64_Gaussian-Closing.png
Component: component_1744297381429_951.png
centerX: 0.2781136638452237
centerY: 0.6348867037195383
width: 0.012696493349455865
height: 0.00983326207781103
Area: 7.056623067247808e-05
CentroidX: 0.2834
CentroidY: 0.6395
