Location: Scanned Documents-1.png_Mean-Closing.png
Component: component_1744838522770_137.png
centerX: 0.21058823529411766
centerY: 0.13727272727272727
width: 0.012352941176470587
height: 0.01818181818181818
Area: 8.502673796791443e-05
CentroidX: 0.2177
CentroidY: 0.1457
