Location: Scanned Documents-1.png_Mean-Closing.png
Component: component_1744838522788_238.png
centerX: 0.34
centerY: 0.20272727272727273
width: 0.011176470588235295
height: 0.01090909090909091
Area: 5.561497326203208e-05
CentroidX: 0.3462
CentroidY: 0.2070
