Location: Scanned Documents-1.png_Otsu.png
Component: component_1744838523186_171.png
centerX: 0.35705882352941176
centerY: 0.14227272727272727
width: 0.01411764705882353
height: 0.017272727272727273
Area: 6.229946524064171e-05
CentroidX: 0.3630
CentroidY: 0.1502
