Location: Scanned Documents-1.png_Mean-Closing.png
Component: component_1744838522809_350.png
centerX: 0.5311764705882352
centerY: 0.2681818181818182
width: 0.009411764705882352
height: 0.012272727272727272
Area: 5.2406417112299466e-05
CentroidX: 0.5360
CentroidY: 0.2737
