Location: Scanned Documents-1.png_Mean-Closing.png
Component: component_1744838522822_407.png
centerX: 0.6735294117647059
centerY: 0.29818181818181816
width: 0.011176470588235295
height: 0.014545454545454545
Area: 6.149732620320855e-05
CentroidX: 0.6791
CentroidY: 0.3056
