Location: Scanned Documents-1.png_Otsu.png
Component: component_1744838523437_498.png
centerX: 0.6947058823529412
centerY: 0.3859090909090909
width: 0.018823529411764704
height: 0.01818181818181818
Area: 8.422459893048129e-05
CentroidX: 0.7043
CentroidY: 0.3938
