Location: Scanned Documents-1.png_Mean-Closing.png
Component: component_1744838522834_497.png
centerX: 0.4711764705882353
centerY: 0.35
width: 0.012352941176470587
height: 0.01818181818181818
Area: 8.262032085561498e-05
CentroidX: 0.4781
CentroidY: 0.3591
