Location: Scanned Documents-1.png_Mean-Closing.png
Component: component_1744838522770_135.png
centerX: 0.1711764705882353
centerY: 0.13772727272727273
width: 0.010588235294117647
height: 0.014545454545454545
Area: 6.844919786096257e-05
CentroidX: 0.1772
CentroidY: 0.1447
