Location: Scanned Documents-1.png_Mean-Closing.png
Component: component_1744838522813_372.png
centerX: 0.8817647058823529
centerY: 0.2759090909090909
width: 0.01411764705882353
height: 0.011363636363636364
Area: 7.566844919786096e-05
CentroidX: 0.8891
CentroidY: 0.2811
