Location: easy21_Mean-Medain.png
Component: component_1744297380824_296.png
centerX: 0.35
centerY: 0.29262452107279696
width: 0.02338709677419355
height: 0.014846743295019157
Area: 0.00014367816091954023
CentroidX: 0.3595
CentroidY: 0.2996
