Location: Scanned Documents-1.png_Mean-Medain.png
Component: component_1744838522607_65.png
centerX: 0.6976470588235294
centerY: 0.07590909090909091
width: 0.01764705882352941
height: 0.014545454545454545
Area: 9.037433155080214e-05
CentroidX: 0.7052
CentroidY: 0.0829
