Location: Scanned Documents-1.png_Gaussian-Median.png
Component: component_1744838523506_5.png
centerX: 0.12705882352941175
centerY: 0.04363636363636364
width: 0.017058823529411765
height: 0.01818181818181818
Area: 9.491978609625668e-05
CentroidX: 0.1355
CentroidY: 0.0524
