Location: Scanned Documents-1.png_Otsu.png
Component: component_1744838523046_27.png
centerX: 0.42823529411764705
centerY: 0.045454545454545456
width: 0.012941176470588235
height: 0.015909090909090907
Area: 6.470588235294117e-05
CentroidX: 0.4361
CentroidY: 0.0533
