Location: Scanned Documents-1.png_Otsu.png
Component: component_1744838523404_367.png
centerX: 0.7605882352941177
centerY: 0.27045454545454545
width: 0.01588235294117647
height: 0.015909090909090907
Area: 6.0160427807486634e-05
CentroidX: 0.7677
CentroidY: 0.2784
