Location: Scanned Documents-1.png_Mean-Closing.png
Component: component_1744838522817_390.png
centerX: 0.6570588235294118
centerY: 0.2959090909090909
width: 0.01411764705882353
height: 0.017272727272727273
Area: 7.700534759358289e-05
CentroidX: 0.6636
CentroidY: 0.3043
