Location: Scanned Documents-1.png_Mean-Medain.png
Component: component_1744838522673_303.png
centerX: 0.5570588235294117
centerY: 0.2686363636363636
width: 0.010588235294117647
height: 0.011818181818181818
Area: 5.320855614973262e-05
CentroidX: 0.5621
CentroidY: 0.2739
