Location: Scanned Documents-1.png_Mean-Closing.png
Component: component_1744838522776_156.png
centerX: 0.4958823529411765
centerY: 0.14272727272727273
width: 0.017058823529411765
height: 0.01818181818181818
Area: 0.0001
CentroidX: 0.5030
CentroidY: 0.1516
