Location: Scanned Documents-1.png_Mean-Medain.png
Component: component_1744838522685_363.png
centerX: 0.5547058823529412
centerY: 0.31772727272727275
width: 0.012941176470588235
height: 0.017727272727272727
Area: 7.700534759358289e-05
CentroidX: 0.5625
CentroidY: 0.3265
