Location: Scanned Documents-1.png_Gaussian-Median.png
Component: component_1744838523664_510.png
centerX: 0.3952941176470588
centerY: 0.45636363636363636
width: 0.026470588235294117
height: 0.01681818181818182
Area: 9.652406417112299e-05
CentroidX: 0.4077
CentroidY: 0.4636
