Location: Scanned Documents-1.png_Mean-Closing.png
Component: component_1744838522782_196.png
centerX: 0.2852941176470588
centerY: 0.17045454545454544
width: 0.018235294117647058
height: 0.015
Area: 7.32620320855615e-05
CentroidX: 0.2939
CentroidY: 0.1775
