Location: Scanned Documents-1.png_Mean-Medain.png
Component: component_1744838522621_125.png
centerX: 0.1711764705882353
centerY: 0.13772727272727273
width: 0.011176470588235295
height: 0.014545454545454545
Area: 6.97860962566845e-05
CentroidX: 0.1772
CentroidY: 0.1449
