Location: Scanned Documents-1.png_Mean-Closing.png
Component: component_1744838522825_427.png
centerX: 0.8335294117647059
centerY: 0.3104545454545454
width: 0.018823529411764704
height: 0.017272727272727273
Area: 8.74331550802139e-05
CentroidX: 0.8440
CentroidY: 0.3197
