Location: Scanned Documents-1.png_Otsu.png
Component: component_1744838523409_385.png
centerX: 0.6005882352941176
centerY: 0.2959090909090909
width: 0.013529411764705882
height: 0.017272727272727273
Area: 6.203208556149733e-05
CentroidX: 0.6068
CentroidY: 0.3043
