Location: easy64_Gaussian-Closing.png
Component: component_1744297381225_239.png
centerX: 0.6916565900846433
centerY: 0.23728088926891835
width: 0.013301088270858524
height: 0.010260795211628902
Area: 7.263410556397928e-05
CentroidX: 0.6969
CentroidY: 0.2424
