Location: Scanned Documents-1.png_Gaussian-Median.png
Component: component_1744838523616_346.png
centerX: 0.6894117647058824
centerY: 0.2972727272727273
width: 0.01588235294117647
height: 0.01681818181818182
Area: 7.86096256684492e-05
CentroidX: 0.6958
CentroidY: 0.3052
