Location: Scanned Documents-1.png_Mean-Closing.png
Component: component_1744838522778_165.png
centerX: 0.7223529411764706
centerY: 0.14954545454545454
width: 0.015294117647058824
height: 0.016363636363636365
Area: 8.877005347593583e-05
CentroidX: 0.7314
CentroidY: 0.1563
