Location: Scanned Documents-1.png_Mean-Closing.png
Component: component_1744838522853_587.png
centerX: 0.3688235294117647
centerY: 0.42454545454545456
width: 0.012352941176470587
height: 0.01818181818181818
Area: 8.155080213903743e-05
CentroidX: 0.3753
CentroidY: 0.4327
