Location: Scanned Documents-1.png_Mean-Closing.png
Component: component_1744838522841_535.png
centerX: 0.5617647058823529
centerY: 0.3845454545454545
width: 0.013529411764705882
height: 0.02
Area: 9.732620320855615e-05
CentroidX: 0.5686
CentroidY: 0.3939
