Location: Scanned Documents-1.png_Gaussian-Median.png
Component: component_1744838523585_259.png
centerX: 0.6488235294117647
centerY: 0.23772727272727273
width: 0.019411764705882354
height: 0.01681818181818182
Area: 8.101604278074867e-05
CentroidX: 0.6572
CentroidY: 0.2451
