Location: Scanned Documents-1.png_Gaussian-Median.png
Component: component_1744838523635_385.png
centerX: 0.678235294117647
centerY: 0.3231818181818182
width: 0.013529411764705882
height: 0.019545454545454546
Area: 8.556149732620321e-05
CentroidX: 0.6859
CentroidY: 0.3330
