Location: Scanned Documents-1.png_Mean-Medain.png
Component: component_1744838522717_527.png
centerX: 0.3458823529411765
centerY: 0.48818181818181816
width: 0.01647058823529412
height: 0.01818181818181818
Area: 9.491978609625668e-05
CentroidX: 0.3522
CentroidY: 0.4965
