Location: Scanned Documents-1.png_Mean-Medain.png
Component: component_1744838522702_441.png
centerX: 0.77
centerY: 0.3881818181818182
width: 0.024705882352941175
height: 0.020454545454545454
Area: 0.00013368983957219252
CentroidX: 0.7814
CentroidY: 0.3985
