Location: Scanned Documents-1.png_Mean-Medain.png
Component: component_1744838522645_231.png
centerX: 0.8264705882352941
centerY: 0.22590909090909092
width: 0.013529411764705882
height: 0.016363636363636365
Area: 7.994652406417112e-05
CentroidX: 0.8339
CentroidY: 0.2339
