Location: Scanned Documents-1.png_Mean-Closing.png
Component: component_1744838522802_309.png
centerX: 0.7282352941176471
centerY: 0.2409090909090909
width: 0.012352941176470587
height: 0.015454545454545455
Area: 6.737967914438502e-05
CentroidX: 0.7335
CentroidY: 0.2474
