Location: Scanned Documents-1.png_Mean-Medain.png
Component: component_1744838522594_5.png
centerX: 0.1264705882352941
centerY: 0.04363636363636364
width: 0.01764705882352941
height: 0.01818181818181818
Area: 0.00010053475935828877
CentroidX: 0.1354
CentroidY: 0.0523
