Location: Scanned Documents-1.png_Gaussian-Median.png
Component: component_1744838523604_311.png
centerX: 0.6629411764705883
centerY: 0.2690909090909091
width: 0.010588235294117647
height: 0.013181818181818182
Area: 5.2406417112299466e-05
CentroidX: 0.6685
CentroidY: 0.2749
