Location: Scanned Documents-1.png_Mean-Medain.png
Component: component_1744838522635_189.png
centerX: 0.7241176470588235
centerY: 0.18272727272727274
width: 0.015294117647058824
height: 0.014090909090909091
Area: 7.700534759358289e-05
CentroidX: 0.7318
CentroidY: 0.1882
