Location: Scanned Documents-1.png_Gaussian-Median.png
Component: component_1744838523604_309.png
centerX: 0.5723529411764706
centerY: 0.2690909090909091
width: 0.012941176470588235
height: 0.012272727272727272
Area: 6.310160427807486e-05
CentroidX: 0.5780
CentroidY: 0.2749
