Location: Scanned Documents-1.png_Mean-Closing.png
Component: component_1744838522841_536.png
centerX: 0.5888235294117647
centerY: 0.385
width: 0.02
height: 0.019545454545454546
Area: 0.00010989304812834224
CentroidX: 0.5982
CentroidY: 0.3945
