Location: Scanned Documents-1.png_Mean-Medain.png
Component: component_1744838522646_239.png
centerX: 0.1811764705882353
centerY: 0.23227272727272727
width: 0.015294117647058824
height: 0.015
Area: 8.529411764705883e-05
CentroidX: 0.1895
CentroidY: 0.2396
