Location: Scanned Documents-1.png_Otsu.png
Component: component_1744838523420_428.png
centerX: 0.2711764705882353
centerY: 0.32
width: 0.027647058823529413
height: 0.015909090909090907
Area: 5.935828877005347e-05
CentroidX: 0.2801
CentroidY: 0.3280
