Location: Scanned Documents-1.png_Mean-Closing.png
Component: component_1744838522751_37.png
centerX: 0.6611764705882353
centerY: 0.046363636363636364
width: 0.013529411764705882
height: 0.018636363636363635
Area: 9.09090909090909e-05
CentroidX: 0.6688
CentroidY: 0.0556
