Location: Scanned Documents-1.png_Gaussian-Median.png
Component: component_1744838523657_475.png
centerX: 0.39294117647058824
centerY: 0.4240909090909091
width: 0.015294117647058824
height: 0.016363636363636365
Area: 8.23529411764706e-05
CentroidX: 0.4006
CentroidY: 0.4315
