Location: Scanned Documents-1.png_Otsu.png
Component: component_1744838523212_201.png
centerX: 0.12941176470588237
centerY: 0.16636363636363635
width: 0.022941176470588236
height: 0.011363636363636364
Area: 6.0160427807486634e-05
CentroidX: 0.1400
CentroidY: 0.1708
