Location: Scanned Documents-1.png_Otsu.png
Component: component_1744838523412_393.png
centerX: 0.6352941176470588
centerY: 0.2963636363636364
width: 0.01647058823529412
height: 0.015909090909090907
Area: 6.06951871657754e-05
CentroidX: 0.6422
CentroidY: 0.3042
