Location: Scanned Documents-1.png_Gaussian-Median.png
Component: component_1744838523550_118.png
centerX: 0.8241176470588235
centerY: 0.12318181818181818
width: 0.03470588235294118
height: 0.017272727272727273
Area: 0.00016390374331550801
CentroidX: 0.8395
CentroidY: 0.1321
