Location: Scanned Documents-1.png_Gaussian-Median.png
Component: component_1744838523667_526.png
centerX: 0.32235294117647056
centerY: 0.48863636363636365
width: 0.017058823529411765
height: 0.017272727272727273
Area: 8.877005347593583e-05
CentroidX: 0.3313
CentroidY: 0.4960
