Location: Scanned Documents-1.png_Gaussian-Median.png
Component: component_1744838523559_160.png
centerX: 0.8547058823529412
centerY: 0.15363636363636363
width: 0.02176470588235294
height: 0.015
Area: 9.304812834224599e-05
CentroidX: 0.8633
CentroidY: 0.1610
