Location: Scanned Documents-1.png_Mean-Closing.png
Component: component_1744838522762_94.png
centerX: 0.2664705882352941
centerY: 0.10545454545454545
width: 0.014705882352941176
height: 0.01681818181818182
Area: 9.064171122994652e-05
CentroidX: 0.2740
CentroidY: 0.1137
