Location: Scanned Documents-1.png_Mean-Medain.png
Component: component_1744838522618_108.png
centerX: 0.6364705882352941
centerY: 0.11181818181818182
width: 0.017058823529411765
height: 0.015454545454545455
Area: 9.197860962566845e-05
CentroidX: 0.6461
CentroidY: 0.1187
