Location: Scanned Documents-1.png_Mean-Closing.png
Component: component_1744838522745_6.png
centerX: 0.14588235294117646
centerY: 0.04363636363636364
width: 0.011764705882352941
height: 0.017272727272727273
Area: 7.967914438502674e-05
CentroidX: 0.1532
CentroidY: 0.0519
