Location: Scanned Documents-1.png_Otsu.png
Component: component_1744838523260_227.png
centerX: 0.7029411764705882
centerY: 0.1809090909090909
width: 0.018823529411764704
height: 0.014545454545454545
Area: 6.336898395721926e-05
CentroidX: 0.7109
CentroidY: 0.1878
