Location: Scanned Documents-1.png_Mean-Closing.png
Component: component_1744838522855_594.png
centerX: 0.21411764705882352
centerY: 0.42727272727272725
width: 0.01411764705882353
height: 0.015909090909090907
Area: 6.203208556149733e-05
CentroidX: 0.2234
CentroidY: 0.4331
