Location: easy26_Mean-Closing.png
Component: component_1744297382167_975.png
centerX: 0.07258064516129033
centerY: 0.7705938697318008
width: 0.02258064516129032
height: 0.014846743295019157
Area: 0.00012900135953528613
CentroidX: 0.0819
CentroidY: 0.7774
