Location: Scanned Documents-1.png_Mean-Medain.png
Component: component_1744838522672_296.png
centerX: 0.4835294117647059
centerY: 0.2672727272727273
width: 0.01588235294117647
height: 0.012272727272727272
Area: 6.925133689839573e-05
CentroidX: 0.4909
CentroidY: 0.2735
