Location: Scanned Documents-1.png_Mean-Closing.png
Component: component_1744838522818_391.png
centerX: 0.20470588235294118
centerY: 0.2963636363636364
width: 0.010588235294117647
height: 0.015909090909090907
Area: 6.577540106951871e-05
CentroidX: 0.2099
CentroidY: 0.3033
