Location: Scanned Documents-1.png_Gaussian-Median.png
Component: component_1744838523557_151.png
centerX: 0.6447058823529411
centerY: 0.1440909090909091
width: 0.014705882352941176
height: 0.017727272727272727
Area: 9.010695187165776e-05
CentroidX: 0.6526
CentroidY: 0.1529
