Location: Scanned Documents-1.png_Gaussian-Median.png
Component: component_1744838523620_360.png
centerX: 0.8858823529411765
centerY: 0.31227272727272726
width: 0.018823529411764704
height: 0.02
Area: 0.00010802139037433155
CentroidX: 0.8933
CentroidY: 0.3225
