Location: Scanned Documents-1.png_Mean-Closing.png
Component: component_1744838522786_226.png
centerX: 0.1264705882352941
centerY: 0.1940909090909091
width: 0.013529411764705882
height: 0.011363636363636364
Area: 6.283422459893048e-05
CentroidX: 0.1323
CentroidY: 0.1993
