Location: Scanned Documents-1.png_Mean-Medain.png
Component: component_1744838522703_448.png
centerX: 0.31823529411764706
centerY: 0.3922727272727273
width: 0.018823529411764704
height: 0.022272727272727274
Area: 0.0001179144385026738
CentroidX: 0.3277
CentroidY: 0.4033
