Location: Scanned Documents-1.png_Mean-Medain.png
Component: component_1744838522693_404.png
centerX: 0.46941176470588236
centerY: 0.35
width: 0.02
height: 0.01818181818181818
Area: 9.331550802139037e-05
CentroidX: 0.4784
CentroidY: 0.3591
