Location: easy16_Gaussian-Median.png
Component: component_1744297381805_612.png
centerX: 0.19919354838709677
centerY: 0.4042145593869732
width: 0.02338709677419355
height: 0.014846743295019157
Area: 0.00013633976022741316
CentroidX: 0.2092
CentroidY: 0.4107
