Location: Scanned Documents-1.png_Mean-Medain.png
Component: component_1744838522617_100.png
centerX: 0.37588235294117645
centerY: 0.11
width: 0.01764705882352941
height: 0.017727272727272727
Area: 8.903743315508021e-05
CentroidX: 0.3845
CentroidY: 0.1189
