Location: Scanned Documents-1.png_Gaussian-Median.png
Component: component_1744838523560_171.png
centerX: 0.22941176470588234
centerY: 0.16727272727272727
width: 0.020588235294117647
height: 0.014090909090909091
Area: 8.796791443850267e-05
CentroidX: 0.2397
CentroidY: 0.1729
