Location: Scanned Documents-1.png_Otsu.png
Component: component_1744838523406_376.png
centerX: 0.11647058823529412
centerY: 0.29318181818181815
width: 0.012941176470588235
height: 0.01818181818181818
Area: 5.561497326203208e-05
CentroidX: 0.1231
CentroidY: 0.3011
