Location: Scanned Documents-1.png_Mean-Closing.png
Component: component_1744838522762_92.png
centerX: 0.14176470588235293
centerY: 0.10590909090909091
width: 0.020588235294117647
height: 0.015909090909090907
Area: 9.331550802139037e-05
CentroidX: 0.1508
CentroidY: 0.1139
