Location: Scanned Documents-1.png_Gaussian-Median.png
Component: component_1744838523588_269.png
centerX: 0.7258823529411764
centerY: 0.2409090909090909
width: 0.015294117647058824
height: 0.015909090909090907
Area: 7.780748663101604e-05
CentroidX: 0.7326
CentroidY: 0.2486
