Location: Scanned Documents-1.png_Gaussian-Median.png
Component: component_1744838523591_276.png
centerX: 0.8464705882352941
centerY: 0.25045454545454543
width: 0.014705882352941176
height: 0.015
Area: 7.994652406417112e-05
CentroidX: 0.8536
CentroidY: 0.2576
