Location: Scanned Documents-1.png_Gaussian-Median.png
Component: component_1744838523535_69.png
centerX: 0.7141176470588235
centerY: 0.07636363636363637
width: 0.017058823529411765
height: 0.017727272727272727
Area: 9.224598930481283e-05
CentroidX: 0.7216
CentroidY: 0.0847
