Location: Scanned Documents-1.png_Mean-Medain.png
Component: component_1744838522675_311.png
centerX: 0.7129411764705882
centerY: 0.27
width: 0.011764705882352941
height: 0.013181818181818182
Area: 6.60427807486631e-05
CentroidX: 0.7188
CentroidY: 0.2761
