Location: Scanned Documents-1.png_Mean-Closing.png
Component: component_1744838522801_298.png
centerX: 0.6670588235294118
centerY: 0.23772727272727273
width: 0.01
height: 0.016363636363636365
Area: 5.481283422459893e-05
CentroidX: 0.6730
CentroidY: 0.2444
