Location: Scanned Documents-1.png_Mean-Closing.png
Component: component_1744838522833_477.png
centerX: 0.8423529411764706
centerY: 0.3340909090909091
width: 0.01588235294117647
height: 0.017727272727272727
Area: 9.037433155080214e-05
CentroidX: 0.8502
CentroidY: 0.3421
