Location: Scanned Documents-1.png_Mean-Medain.png
Component: component_1744838522604_52.png
centerX: 0.6788235294117647
centerY: 0.07454545454545454
width: 0.013529411764705882
height: 0.015
Area: 7.51336898395722e-05
CentroidX: 0.6867
CentroidY: 0.0815
