Location: Scanned Documents-1.png_Otsu.png
Component: component_1744838523444_519.png
centerX: 0.23823529411764705
centerY: 0.39545454545454545
width: 0.020588235294117647
height: 0.021363636363636362
Area: 8.342245989304812e-05
CentroidX: 0.2465
CentroidY: 0.4057
