Location: Scanned Documents-1.png_Otsu.png
Component: component_1744838523086_76.png
centerX: 0.2447058823529412
centerY: 0.07636363636363637
width: 0.01
height: 0.011818181818181818
Area: 4.679144385026738e-05
CentroidX: 0.2504
CentroidY: 0.0818
