Location: Scanned Documents-1.png_Mean-Closing.png
Component: component_1744838522858_620.png
centerX: 0.8088235294117647
centerY: 0.4495454545454545
width: 0.02588235294117647
height: 0.01681818181818182
Area: 0.00011764705882352942
CentroidX: 0.8205
CentroidY: 0.4567
