Location: Scanned Documents-1.png_Mean-Closing.png
Component: component_1744838522849_576.png
centerX: 0.6176470588235294
centerY: 0.4222727272727273
width: 0.013529411764705882
height: 0.01681818181818182
Area: 7.941176470588236e-05
CentroidX: 0.6249
CentroidY: 0.4295
