Location: easy21_Mean-Medain.png
Component: component_1744297380757_52.png
centerX: 0.375
centerY: 0.06130268199233716
width: 0.02338709677419355
height: 0.01532567049808429
Area: 0.0001568100358422939
CentroidX: 0.3843
CentroidY: 0.0684
