Location: Scanned Documents-1.png_Mean-Closing.png
Component: component_1744838522832_470.png
centerX: 0.7858823529411765
centerY: 0.33045454545454545
width: 0.010588235294117647
height: 0.013636363636363636
Area: 5.1871657754010694e-05
CentroidX: 0.7911
CentroidY: 0.3366
