Location: Scanned Documents-1.png_Otsu.png
Component: component_1744838523381_333.png
centerX: 0.1864705882352941
centerY: 0.265
width: 0.017058823529411765
height: 0.017272727272727273
Area: 5.481283422459893e-05
CentroidX: 0.1923
CentroidY: 0.2739
