Location: Scanned Documents-1.png_Mean-Closing.png
Component: component_1744838522806_332.png
centerX: 0.2523529411764706
centerY: 0.26545454545454544
width: 0.012941176470588235
height: 0.014545454545454545
Area: 7.299465240641711e-05
CentroidX: 0.2594
CentroidY: 0.2724
