Location: Scanned Documents-1.png_Gaussian-Median.png
Component: component_1744838523601_299.png
centerX: 0.5158823529411765
centerY: 0.2672727272727273
width: 0.013529411764705882
height: 0.012272727272727272
Area: 5.909090909090909e-05
CentroidX: 0.5214
CentroidY: 0.2735
