Location: easy16_Gaussian-Median.png
Component: component_1744297381661_107.png
centerX: 0.8911290322580645
centerY: 0.08477011494252873
width: 0.024193548387096774
height: 0.014846743295019157
Area: 0.00014367816091954023
CentroidX: 0.9014
CentroidY: 0.0914
