Location: Scanned Documents-1.png_Otsu.png
Component: component_1744838523470_607.png
centerX: 0.22
centerY: 0.49
width: 0.01588235294117647
height: 0.020454545454545454
Area: 7.352941176470588e-05
CentroidX: 0.2273
CentroidY: 0.4992
