Location: easy16_Gaussian-Median.png
Component: component_1744297381859_902.png
centerX: 0.29193548387096774
centerY: 0.6441570881226054
width: 0.02338709677419355
height: 0.014367816091954023
Area: 0.00012513904338153504
CentroidX: 0.3016
CentroidY: 0.6506
