Location: Scanned Documents-1.png_Otsu.png
Component: component_1744838523272_252.png
centerX: 0.3588235294117647
centerY: 0.20318181818181819
width: 0.011764705882352941
height: 0.014090909090909091
Area: 5.160427807486631e-05
CentroidX: 0.3648
CentroidY: 0.2102
