Location: easy26_Mean-Closing.png
Component: component_1744297382151_895.png
centerX: 0.5911290322580646
centerY: 0.7030651340996169
width: 0.02338709677419355
height: 0.014846743295019157
Area: 0.00013363613891978742
CentroidX: 0.6009
CentroidY: 0.7097
