Location: Scanned Documents-1.png_Mean-Medain.png
Component: component_1744838522636_196.png
centerX: 0.09352941176470589
centerY: 0.19545454545454546
width: 0.017058823529411765
height: 0.011818181818181818
Area: 7.13903743315508e-05
CentroidX: 0.1011
CentroidY: 0.2011
