Location: easy21_Mean-Medain.png
Component: component_1744297380924_768.png
centerX: 0.14193548387096774
centerY: 0.6087164750957854
width: 0.02258064516129032
height: 0.014846743295019157
Area: 0.00012552527499691015
CentroidX: 0.1514
CentroidY: 0.6154
