Location: Scanned Documents-1.png_Gaussian-Median.png
Component: component_1744838523539_91.png
centerX: 0.16705882352941176
centerY: 0.10636363636363637
width: 0.01588235294117647
height: 0.015
Area: 8.021390374331551e-05
CentroidX: 0.1749
CentroidY: 0.1141
