Location: Scanned Documents-1.png_Mean-Medain.png
Component: component_1744838522709_478.png
centerX: 0.45705882352941174
centerY: 0.42363636363636364
width: 0.013529411764705882
height: 0.017272727272727273
Area: 8.663101604278074e-05
CentroidX: 0.4635
CentroidY: 0.4314
