Location: Scanned Documents-1.png_Mean-Closing.png
Component: component_1744838522823_411.png
centerX: 0.7047058823529412
centerY: 0.29954545454545456
width: 0.014705882352941176
height: 0.017272727272727273
Area: 8.021390374331551e-05
CentroidX: 0.7110
CentroidY: 0.3079
