Location: Scanned Documents-1.png_Otsu.png
Component: component_1744838523419_424.png
centerX: 0.5347058823529411
centerY: 0.3195454545454545
width: 0.017058823529411765
height: 0.01681818181818182
Area: 6.336898395721926e-05
CentroidX: 0.5420
CentroidY: 0.3283
