Location: Scanned Documents-1.png_Mean-Medain.png
Component: component_1744838522599_30.png
centerX: 0.5958823529411764
centerY: 0.045454545454545456
width: 0.01764705882352941
height: 0.019545454545454546
Area: 8.823529411764706e-05
CentroidX: 0.6042
CentroidY: 0.0549
