Location: Scanned Documents-1.png_Mean-Closing.png
Component: component_1744838522848_573.png
centerX: 0.7958823529411765
centerY: 0.4209090909090909
width: 0.01588235294117647
height: 0.01681818181818182
Area: 8.877005347593583e-05
CentroidX: 0.8044
CentroidY: 0.4286
