Location: Scanned Documents-1.png_Otsu.png
Component: component_1744838523143_137.png
centerX: 0.6152941176470588
centerY: 0.11318181818181818
width: 0.01764705882352941
height: 0.013636363636363636
Area: 5.7754010695187164e-05
CentroidX: 0.6239
CentroidY: 0.1195
