Location: Scanned Documents-1.png_Mean-Closing.png
Component: component_1744838522782_200.png
centerX: 0.4335294117647059
centerY: 0.17363636363636364
width: 0.018823529411764704
height: 0.012727272727272728
Area: 8.529411764705883e-05
CentroidX: 0.4408
CentroidY: 0.1791
