Location: easy43_Mean-Closing.png
Component: component_1744297380573_199.png
centerX: 0.7073760580411125
centerY: 0.1735784523300556
width: 0.013301088270858524
height: 0.00983326207781103
Area: 6.979077758816514e-05
CentroidX: 0.7128
CentroidY: 0.1785
