Location: easy26_Mean-Closing.png
Component: component_1744297382179_1032.png
centerX: 0.4064516129032258
centerY: 0.7935823754789272
width: 0.02258064516129032
height: 0.014846743295019157
Area: 0.00012591150661228525
CentroidX: 0.4153
CentroidY: 0.8004
