Location: Scanned Documents-1.png_Mean-Medain.png
Component: component_1744838522607_69.png
centerX: 0.7329411764705882
centerY: 0.07681818181818181
width: 0.01411764705882353
height: 0.015454545454545455
Area: 8.689839572192514e-05
CentroidX: 0.7411
CentroidY: 0.0839
