Location: Scanned Documents-1.png_Mean-Medain.png
Component: component_1744838522616_96.png
centerX: 0.3988235294117647
centerY: 0.10954545454545454
width: 0.018823529411764704
height: 0.017727272727272727
Area: 8.288770053475936e-05
CentroidX: 0.4094
CentroidY: 0.1178
