Location: Scanned Documents-1.png_Mean-Medain.png
Component: component_1744838522712_499.png
centerX: 0.5935294117647059
centerY: 0.45
width: 0.01588235294117647
height: 0.01818181818181818
Area: 8.850267379679145e-05
CentroidX: 0.6000
CentroidY: 0.4589
