Location: Scanned Documents-1.png_Mean-Closing.png
Component: component_1744838522745_5.png
centerX: 0.12705882352941175
centerY: 0.04363636363636364
width: 0.013529411764705882
height: 0.01818181818181818
Area: 9.46524064171123e-05
CentroidX: 0.1353
CentroidY: 0.0521
