Location: Scanned Documents-1.png_Mean-Medain.png
Component: component_1744838522644_228.png
centerX: 0.7282352941176471
centerY: 0.22090909090909092
width: 0.01588235294117647
height: 0.013181818181818182
Area: 6.76470588235294e-05
CentroidX: 0.7356
CentroidY: 0.2272
