Location: Scanned Documents-1.png_Otsu.png
Component: component_1744838523045_23.png
centerX: 0.18705882352941178
centerY: 0.045454545454545456
width: 0.01647058823529412
height: 0.01818181818181818
Area: 7.005347593582888e-05
CentroidX: 0.1954
CentroidY: 0.0543
