Location: Scanned Documents-1.png_Gaussian-Median.png
Component: component_1744838523642_401.png
centerX: 0.46941176470588236
centerY: 0.34954545454545455
width: 0.020588235294117647
height: 0.018636363636363635
Area: 9.518716577540106e-05
CentroidX: 0.4784
CentroidY: 0.3590
