Location: Scanned Documents-1.png_Gaussian-Median.png
Component: component_1744838523652_450.png
centerX: 0.1588235294117647
centerY: 0.3936363636363636
width: 0.01647058823529412
height: 0.023636363636363636
Area: 0.00010320855614973262
CentroidX: 0.1676
CentroidY: 0.4047
