Location: Scanned Documents-1.png_Gaussian-Median.png
Component: component_1744838523666_522.png
centerX: 0.11294117647058824
centerY: 0.46045454545454545
width: 0.01588235294117647
height: 0.015454545454545455
Area: 8.342245989304812e-05
CentroidX: 0.1210
CentroidY: 0.4673
