Location: easy16_Gaussian-Median.png
Component: component_1744297381775_463.png
centerX: 0.3258064516129032
centerY: 0.3146551724137931
width: 0.02258064516129032
height: 0.014367816091954023
Area: 0.00012591150661228525
CentroidX: 0.3352
CentroidY: 0.3212
