Location: Scanned Documents-1.png_Mean-Medain.png
Component: component_1744838522648_243.png
centerX: 0.3276470588235294
centerY: 0.23318181818181818
width: 0.018823529411764704
height: 0.019090909090909092
Area: 9.572192513368984e-05
CentroidX: 0.3357
CentroidY: 0.2427
