Location: Scanned Documents-1.png_Mean-Medain.png
Component: component_1744838522597_19.png
centerX: 0.3588235294117647
centerY: 0.045
width: 0.022941176470588236
height: 0.017727272727272727
Area: 0.00010855614973262033
CentroidX: 0.3681
CentroidY: 0.0535
