Location: Scanned Documents-1.png_Mean-Medain.png
Component: component_1744838522709_481.png
centerX: 0.4329411764705882
centerY: 0.425
width: 0.015294117647058824
height: 0.015454545454545455
Area: 8.663101604278074e-05
CentroidX: 0.4400
CentroidY: 0.4317
