Location: easy16_Gaussian-Median.png
Component: component_1744297381825_747.png
centerX: 0.8983870967741936
centerY: 0.5526819923371648
width: 0.024193548387096774
height: 0.014846743295019157
Area: 0.00014560931899641578
CentroidX: 0.9087
CentroidY: 0.5594
