Location: Scanned Documents-1.png_Mean-Closing.png
Component: component_1744838522845_564.png
centerX: 0.7111764705882353
centerY: 0.41909090909090907
width: 0.017058823529411765
height: 0.017727272727272727
Area: 8.957219251336898e-05
CentroidX: 0.7203
CentroidY: 0.4273
