Location: Scanned Documents-1.png_Gaussian-Median.png
Component: component_1744838523626_367.png
centerX: 0.5982352941176471
centerY: 0.31863636363636366
width: 0.011764705882352941
height: 0.01681818181818182
Area: 7.352941176470588e-05
CentroidX: 0.6046
CentroidY: 0.3274
