Location: Scanned Documents-1.png_Mean-Closing.png
Component: component_1744838522801_300.png
centerX: 0.6170588235294118
centerY: 0.23863636363636365
width: 0.01411764705882353
height: 0.012727272727272728
Area: 5.882352941176471e-05
CentroidX: 0.6254
CentroidY: 0.2438
