Location: Scanned Documents-1.png_Gaussian-Median.png
Component: component_1744838523668_536.png
centerX: 0.26235294117647057
centerY: 0.49227272727272725
width: 0.017058823529411765
height: 0.01681818181818182
Area: 9.81283422459893e-05
CentroidX: 0.2700
CentroidY: 0.5001
