Location: Scanned Documents-1.png_Otsu.png
Component: component_1744838523459_568.png
centerX: 0.8088235294117647
centerY: 0.4495454545454545
width: 0.025294117647058825
height: 0.01681818181818182
Area: 8.502673796791443e-05
CentroidX: 0.8203
CentroidY: 0.4565
