Location: Scanned Documents-1.png_Mean-Medain.png
Component: component_1744838522700_434.png
centerX: 0.5888235294117647
centerY: 0.385
width: 0.02
height: 0.019545454545454546
Area: 0.00011390374331550802
CentroidX: 0.5980
CentroidY: 0.3947
