Location: Scanned Documents-1.png_Mean-Closing.png
Component: component_1744838522865_633.png
centerX: 0.40294117647058825
centerY: 0.45681818181818185
width: 0.013529411764705882
height: 0.016363636363636365
Area: 6.657754010695188e-05
CentroidX: 0.4087
CentroidY: 0.4652
