Location: Scanned Documents-1.png_Otsu.png
Component: component_1744838523464_590.png
centerX: 0.34411764705882353
centerY: 0.4581818181818182
width: 0.01764705882352941
height: 0.015
Area: 5.935828877005347e-05
CentroidX: 0.3539
CentroidY: 0.4645
