Location: Scanned Documents-1.png_Mean-Closing.png
Component: component_1744838522818_393.png
centerX: 0.4388235294117647
centerY: 0.2963636363636364
width: 0.01
height: 0.014545454545454545
Area: 5.588235294117647e-05
CentroidX: 0.4447
CentroidY: 0.3031
