Location: Scanned Documents-1.png_Gaussian-Median.png
Component: component_1744838523571_219.png
centerX: 0.5829411764705882
centerY: 0.21727272727272728
width: 0.01
height: 0.012727272727272728
Area: 5.561497326203208e-05
CentroidX: 0.5871
CentroidY: 0.2234
