Location: Scanned Documents-1.png_Mean-Closing.png
Component: component_1744838522816_384.png
centerX: 0.3988235294117647
centerY: 0.295
width: 0.018235294117647058
height: 0.014545454545454545
Area: 7.219251336898396e-05
CentroidX: 0.4080
CentroidY: 0.3012
