Location: Scanned Documents-1.png_Mean-Closing.png
Component: component_1744838522753_51.png
centerX: 0.14470588235294118
centerY: 0.075
width: 0.012941176470588235
height: 0.014545454545454545
Area: 6.631016042780749e-05
CentroidX: 0.1529
CentroidY: 0.0815
