Location: Scanned Documents-1.png_Otsu.png
Component: component_1744838523267_246.png
centerX: 0.32529411764705884
centerY: 0.2
width: 0.011764705882352941
height: 0.014090909090909091
Area: 4.679144385026738e-05
CentroidX: 0.3309
CentroidY: 0.2065
