Location: Scanned Documents-1.png_Otsu.png
Component: component_1744838523415_409.png
centerX: 0.2788235294117647
centerY: 0.3004545454545455
width: 0.01588235294117647
height: 0.013636363636363636
Area: 5.695187165775401e-05
CentroidX: 0.2866
CentroidY: 0.3064
