Location: Scanned Documents-1.png_Gaussian-Median.png
Component: component_1744838523603_305.png
centerX: 0.5870588235294117
centerY: 0.2686363636363636
width: 0.010588235294117647
height: 0.012727272727272728
Area: 5.53475935828877e-05
CentroidX: 0.5925
CentroidY: 0.2748
