Location: Scanned Documents-1.png_Otsu.png
Component: component_1744838523377_325.png
centerX: 0.8694117647058823
centerY: 0.24909090909090909
width: 0.020588235294117647
height: 0.015454545454545455
Area: 6.951871657754011e-05
CentroidX: 0.8767
CentroidY: 0.2565
