Location: Scanned Documents-1.png_Gaussian-Median.png
Component: component_1744838523605_316.png
centerX: 0.7794117647058824
centerY: 0.2718181818181818
width: 0.01411764705882353
height: 0.01818181818181818
Area: 8.128342245989305e-05
CentroidX: 0.7858
CentroidY: 0.2809
