Location: Scanned Documents-1.png_Mean-Closing.png
Component: component_1744838522787_229.png
centerX: 0.16294117647058823
centerY: 0.19590909090909092
width: 0.012352941176470587
height: 0.012727272727272728
Area: 6.631016042780749e-05
CentroidX: 0.1693
CentroidY: 0.2014
