Location: Scanned Documents-1.png_Gaussian-Median.png
Component: component_1744838523662_501.png
centerX: 0.5529411764705883
centerY: 0.45181818181818184
width: 0.015294117647058824
height: 0.017272727272727273
Area: 8.101604278074867e-05
CentroidX: 0.5584
CentroidY: 0.4599
