Location: Scanned Documents-1.png_Mean-Closing.png
Component: component_1744838522757_65.png
centerX: 0.2776470588235294
centerY: 0.07545454545454545
width: 0.015294117647058824
height: 0.011818181818181818
Area: 6.229946524064171e-05
CentroidX: 0.2866
CentroidY: 0.0804
