Location: Scanned Documents-1.png_Mean-Medain.png
Component: component_1744838522603_44.png
centerX: 0.09117647058823529
centerY: 0.075
width: 0.01588235294117647
height: 0.013636363636363636
Area: 7.700534759358289e-05
CentroidX: 0.0977
CentroidY: 0.0821
