Location: Scanned Documents-1.png_Mean-Closing.png
Component: component_1744838522784_210.png
centerX: 0.68
centerY: 0.17909090909090908
width: 0.020588235294117647
height: 0.014090909090909091
Area: 8.342245989304812e-05
CentroidX: 0.6886
CentroidY: 0.1869
