Location: easy21_Mean-Medain.png
Component: component_1744297380883_576.png
centerX: 0.5306451612903226
centerY: 0.4731800766283525
width: 0.024193548387096774
height: 0.014846743295019157
Area: 0.0001421332344580398
CentroidX: 0.5407
CentroidY: 0.4800
