Location: Scanned Documents-1.png_Mean-Medain.png
Component: component_1744838522713_506.png
centerX: 0.4682352941176471
centerY: 0.455
width: 0.014705882352941176
height: 0.01681818181818182
Area: 8.850267379679145e-05
CentroidX: 0.4754
CentroidY: 0.4630
