Location: Scanned Documents-1.png_Gaussian-Median.png
Component: component_1744838523520_32.png
centerX: 0.6611764705882353
centerY: 0.045909090909090906
width: 0.013529411764705882
height: 0.019090909090909092
Area: 8.716577540106952e-05
CentroidX: 0.6686
CentroidY: 0.0554
