Location: Scanned Documents-1.png_Otsu.png
Component: component_1744838523433_483.png
centerX: 0.13588235294117648
centerY: 0.3563636363636364
width: 0.017058823529411765
height: 0.019090909090909092
Area: 6.470588235294117e-05
CentroidX: 0.1439
CentroidY: 0.3655
