Location: easy26_Mean-Closing.png
Component: component_1744297382075_507.png
centerX: 0.3790322580645161
centerY: 0.34674329501915707
width: 0.02258064516129032
height: 0.014367816091954023
Area: 0.00013170498084291187
CentroidX: 0.3887
CentroidY: 0.3533
