Location: Scanned Documents-1.png_Gaussian-Median.png
Component: component_1744838523549_110.png
centerX: 0.69
centerY: 0.11181818181818182
width: 0.013529411764705882
height: 0.02181818181818182
Area: 9.197860962566845e-05
CentroidX: 0.6969
CentroidY: 0.1220
