Location: Scanned Documents-1.png_Gaussian-Median.png
Component: component_1744838523505_1.png
centerX: 0.08647058823529412
centerY: 0.042272727272727274
width: 0.02176470588235294
height: 0.017727272727272727
Area: 0.00011711229946524064
CentroidX: 0.0970
CentroidY: 0.0505
