Location: Scanned Documents-1.png_Otsu.png
Component: component_1744838523133_124.png
centerX: 0.37588235294117645
centerY: 0.11
width: 0.018235294117647058
height: 0.017272727272727273
Area: 6.229946524064171e-05
CentroidX: 0.3848
CentroidY: 0.1184
