Location: Scanned Documents-1.png_Mean-Medain.png
Component: component_1744838522658_259.png
centerX: 0.6664705882352941
centerY: 0.23772727272727273
width: 0.012941176470588235
height: 0.016363636363636365
Area: 7.13903743315508e-05
CentroidX: 0.6724
CentroidY: 0.2455
