Location: Scanned Documents-1.png_Mean-Closing.png
Component: component_1744838522800_292.png
centerX: 0.4682352941176471
centerY: 0.23545454545454544
width: 0.01647058823529412
height: 0.019090909090909092
Area: 8.663101604278074e-05
CentroidX: 0.4756
CentroidY: 0.2442
