Location: Scanned Documents-1.png_Mean-Medain.png
Component: component_1744838522632_184.png
centerX: 0.5770588235294117
centerY: 0.17727272727272728
width: 0.021176470588235293
height: 0.01681818181818182
Area: 0.00010053475935828877
CentroidX: 0.5853
CentroidY: 0.1847
