Location: Scanned Documents-1.png_Mean-Medain.png
Component: component_1744838522710_486.png
centerX: 0.1376470588235294
centerY: 0.42772727272727273
width: 0.010588235294117647
height: 0.021363636363636362
Area: 8.58288770053476e-05
CentroidX: 0.1433
CentroidY: 0.4373
