Location: Scanned Documents-1.png_Mean-Medain.png
Component: component_1744838522603_47.png
centerX: 0.31823529411764706
centerY: 0.075
width: 0.012941176470588235
height: 0.01090909090909091
Area: 6.844919786096257e-05
CentroidX: 0.3244
CentroidY: 0.0805
