Location: Scanned Documents-1.png_Mean-Closing.png
Component: component_1744838522784_212.png
centerX: 0.6617647058823529
centerY: 0.18
width: 0.017058823529411765
height: 0.015
Area: 8.181818181818182e-05
CentroidX: 0.6714
CentroidY: 0.1877
