Location: Scanned Documents-1.png_Otsu.png
Component: component_1744838523326_286.png
centerX: 0.16117647058823528
centerY: 0.23136363636363635
width: 0.018235294117647058
height: 0.015
Area: 6.25668449197861e-05
CentroidX: 0.1703
CentroidY: 0.2378
