Location: Scanned Documents-1.png_Mean-Medain.png
Component: component_1744838522619_113.png
centerX: 0.7464705882352941
centerY: 0.11681818181818182
width: 0.01588235294117647
height: 0.01681818181818182
Area: 8.449197860962567e-05
CentroidX: 0.7554
CentroidY: 0.1250
