Location: Scanned Documents-1.png_Mean-Medain.png
Component: component_1744838522680_338.png
centerX: 0.6194117647058823
centerY: 0.2963636363636364
width: 0.013529411764705882
height: 0.01818181818181818
Area: 7.727272727272727e-05
CentroidX: 0.6260
CentroidY: 0.3056
