Location: Scanned Documents-1.png_Otsu.png
Component: component_1744838523046_28.png
centerX: 0.5747058823529412
centerY: 0.045454545454545456
width: 0.02
height: 0.021363636363636362
Area: 7.914438502673796e-05
CentroidX: 0.5855
CentroidY: 0.0561
