Location: easy21_Mean-Medain.png
Component: component_1744297380784_156.png
centerX: 0.6798387096774193
centerY: 0.12931034482758622
width: 0.02338709677419355
height: 0.014846743295019157
Area: 0.00015487887776541838
CentroidX: 0.6894
CentroidY: 0.1361
