Location: Scanned Documents-1.png_Otsu.png
Component: component_1744838523136_130.png
centerX: 0.46058823529411763
centerY: 0.11090909090909092
width: 0.02235294117647059
height: 0.017272727272727273
Area: 6.577540106951871e-05
CentroidX: 0.4694
CentroidY: 0.1197
