Location: Scanned Documents-1.png_Otsu.png
Component: component_1744838523203_188.png
centerX: 0.7447058823529412
centerY: 0.14954545454545454
width: 0.01647058823529412
height: 0.015
Area: 7.647058823529411e-05
CentroidX: 0.7520
CentroidY: 0.1564
