Location: Scanned Documents-1.png_Gaussian-Median.png
Component: component_1744838523633_382.png
centerX: 0.14529411764705882
centerY: 0.32272727272727275
width: 0.01647058823529412
height: 0.014090909090909091
Area: 7.967914438502674e-05
CentroidX: 0.1549
CentroidY: 0.3288
