Location: Scanned Documents-1.png_Gaussian-Median.png
Component: component_1744838523583_252.png
centerX: 0.28058823529411764
centerY: 0.23454545454545456
width: 0.012941176470588235
height: 0.01818181818181818
Area: 7.700534759358289e-05
CentroidX: 0.2866
CentroidY: 0.2431
