Location: Scanned Documents-1.png_Otsu.png
Component: component_1744838523195_175.png
centerX: 0.4958823529411765
centerY: 0.14272727272727273
width: 0.018235294117647058
height: 0.01818181818181818
Area: 7.914438502673796e-05
CentroidX: 0.5032
CentroidY: 0.1515
