Location: Scanned Documents-1.png_Mean-Medain.png
Component: component_1744838522619_114.png
centerX: 0.7658823529411765
centerY: 0.11818181818181818
width: 0.01647058823529412
height: 0.017727272727272727
Area: 9.144385026737968e-05
CentroidX: 0.7742
CentroidY: 0.1271
