Location: Scanned Documents-1.png_Mean-Closing.png
Component: component_1744838522843_547.png
centerX: 0.8523529411764705
centerY: 0.38954545454545453
width: 0.014705882352941176
height: 0.01681818181818182
Area: 8.983957219251337e-05
CentroidX: 0.8591
CentroidY: 0.3976
