Location: easy21_Mean-Medain.png
Component: component_1744297381036_1012.png
centerX: 0.11612903225806452
centerY: 0.7667624521072797
width: 0.02338709677419355
height: 0.014367816091954023
Area: 0.00012591150661228525
CentroidX: 0.1262
CentroidY: 0.7734
