Location: Scanned Documents-1.png_Otsu.png
Component: component_1744838523460_573.png
centerX: 0.7764705882352941
centerY: 0.45136363636363636
width: 0.02588235294117647
height: 0.019090909090909092
Area: 8.074866310160427e-05
CentroidX: 0.7893
CentroidY: 0.4593
