Location: Scanned Documents-1.png_Mean-Medain.png
Component: component_1744838522630_173.png
centerX: 0.2688235294117647
centerY: 0.1690909090909091
width: 0.01764705882352941
height: 0.01681818181818182
Area: 8.262032085561498e-05
CentroidX: 0.2769
CentroidY: 0.1766
