Location: Scanned Documents-1.png_Otsu.png
Component: component_1744838523094_80.png
centerX: 0.4541176470588235
centerY: 0.07636363636363637
width: 0.009411764705882352
height: 0.015909090909090907
Area: 4.625668449197861e-05
CentroidX: 0.4597
CentroidY: 0.0837
