Location: Scanned Documents-1.png_Mean-Closing.png
Component: component_1744838522821_402.png
centerX: 0.5505882352941176
centerY: 0.2972727272727273
width: 0.011176470588235295
height: 0.015909090909090907
Area: 6.443850267379679e-05
CentroidX: 0.5560
CentroidY: 0.3046
