Location: Scanned Documents-1.png_Otsu.png
Component: component_1744838523219_206.png
centerX: 0.19470588235294117
centerY: 0.16772727272727272
width: 0.01647058823529412
height: 0.012272727272727272
Area: 5.508021390374332e-05
CentroidX: 0.2014
CentroidY: 0.1733
