Location: Scanned Documents-1.png_Mean-Medain.png
Component: component_1744838522620_122.png
centerX: 0.10823529411764705
centerY: 0.1368181818181818
width: 0.01647058823529412
height: 0.01818181818181818
Area: 9.786096256684492e-05
CentroidX: 0.1157
CentroidY: 0.1459
