Location: Scanned Documents-1.png_Mean-Closing.png
Component: component_1744838522761_86.png
centerX: 0.8705882352941177
centerY: 0.07818181818181819
width: 0.01588235294117647
height: 0.013636363636363636
Area: 8.903743315508021e-05
CentroidX: 0.8779
CentroidY: 0.0847
