Location: Scanned Documents-1.png_Mean-Closing.png
Component: component_1744838522748_23.png
centerX: 0.5747058823529412
centerY: 0.045
width: 0.01588235294117647
height: 0.02181818181818182
Area: 0.00010026737967914439
CentroidX: 0.5852
CentroidY: 0.0557
