Location: Scanned Documents-1.png_Otsu.png
Component: component_1744838523371_316.png
centerX: 0.6952941176470588
centerY: 0.2390909090909091
width: 0.01411764705882353
height: 0.015454545454545455
Area: 5.53475935828877e-05
CentroidX: 0.7038
CentroidY: 0.2461
