Location: Scanned Documents-1.png_Otsu.png
Component: component_1744838523028_12.png
centerX: 0.5329411764705883
centerY: 0.04409090909090909
width: 0.025294117647058825
height: 0.019545454545454546
Area: 8.155080213903743e-05
CentroidX: 0.5444
CentroidY: 0.0532
