Location: Scanned Documents-1.png_Gaussian-Median.png
Component: component_1744838523550_117.png
centerX: 0.8058823529411765
centerY: 0.12136363636363637
width: 0.013529411764705882
height: 0.017727272727272727
Area: 8.58288770053476e-05
CentroidX: 0.8137
CentroidY: 0.1300
