Location: Scanned Documents-1.png_Otsu.png
Component: component_1744838523149_154.png
centerX: 0.1711764705882353
centerY: 0.13772727272727273
width: 0.011176470588235295
height: 0.014090909090909091
Area: 5.320855614973262e-05
CentroidX: 0.1772
CentroidY: 0.1447
