Location: Scanned Documents-1.png_Mean-Medain.png
Component: component_1744838522650_244.png
centerX: 0.36764705882352944
centerY: 0.23318181818181818
width: 0.018235294117647058
height: 0.015909090909090907
Area: 8.663101604278074e-05
CentroidX: 0.3760
CentroidY: 0.2403
