Location: Scanned Documents-1.png_Otsu.png
Component: component_1744838523115_94.png
centerX: 0.8864705882352941
centerY: 0.07818181818181819
width: 0.021176470588235293
height: 0.015454545454545455
Area: 6.737967914438502e-05
CentroidX: 0.8963
CentroidY: 0.0851
