Location: easy16_Gaussian-Median.png
Component: component_1744297381852_858.png
centerX: 0.44516129032258067
centerY: 0.6211685823754789
width: 0.02258064516129032
height: 0.014846743295019157
Area: 0.00014445062415029044
CentroidX: 0.4545
CentroidY: 0.6279
