Location: Scanned Documents-1.png_Mean-Closing.png
Component: component_1744838522841_537.png
centerX: 0.508235294117647
centerY: 0.3859090909090909
width: 0.01411764705882353
height: 0.019545454545454546
Area: 8.663101604278074e-05
CentroidX: 0.5164
CentroidY: 0.3957
