Location: Scanned Documents-1.png_Mean-Closing.png
Component: component_1744838522800_290.png
centerX: 0.2664705882352941
centerY: 0.2359090909090909
width: 0.01764705882352941
height: 0.013636363636363636
Area: 7.272727272727273e-05
CentroidX: 0.2737
CentroidY: 0.2418
