Location: Scanned Documents-1.png_Otsu.png
Component: component_1744838523260_228.png
centerX: 0.7394117647058823
centerY: 0.18136363636363637
width: 0.014705882352941176
height: 0.014545454545454545
Area: 5.160427807486631e-05
CentroidX: 0.7453
CentroidY: 0.1886
