Location: Scanned Documents-1.png_Gaussian-Median.png
Component: component_1744838523639_394.png
centerX: 0.8423529411764706
centerY: 0.3340909090909091
width: 0.01647058823529412
height: 0.017727272727272727
Area: 8.823529411764706e-05
CentroidX: 0.8500
CentroidY: 0.3425
