Location: Scanned Documents-1.png_Gaussian-Median.png
Component: component_1744838523524_43.png
centerX: 0.5888235294117647
centerY: 0.07318181818181818
width: 0.01647058823529412
height: 0.017272727272727273
Area: 9.11764705882353e-05
CentroidX: 0.5965
CentroidY: 0.0818
