Location: Scanned Documents-1.png_Gaussian-Median.png
Component: component_1744838523571_217.png
centerX: 0.48176470588235293
centerY: 0.2177272727272727
width: 0.018235294117647058
height: 0.011818181818181818
Area: 6.229946524064171e-05
CentroidX: 0.4894
CentroidY: 0.2229
