Location: Scanned Documents-1.png_Mean-Medain.png
Component: component_1744838522694_409.png
centerX: 0.38
centerY: 0.3522727272727273
width: 0.02
height: 0.017727272727272727
Area: 8.529411764705883e-05
CentroidX: 0.3883
CentroidY: 0.3611
