Location: easy21_Mean-Medain.png
Component: component_1744297380778_134.png
centerX: 0.5016129032258064
centerY: 0.10775862068965517
width: 0.02338709677419355
height: 0.01532567049808429
Area: 0.00014831294030404152
CentroidX: 0.5116
CentroidY: 0.1146
