Location: Scanned Documents-1.png_Mean-Medain.png
Component: component_1744838522712_496.png
centerX: 0.5711764705882353
centerY: 0.4495454545454545
width: 0.018823529411764704
height: 0.02
Area: 9.973262032085561e-05
CentroidX: 0.5807
CentroidY: 0.4587
