Location: Scanned Documents-1.png_Mean-Medain.png
Component: component_1744838522604_49.png
centerX: 0.4723529411764706
centerY: 0.075
width: 0.012352941176470587
height: 0.012272727272727272
Area: 7.192513368983957e-05
CentroidX: 0.4789
CentroidY: 0.0810
