Location: Scanned Documents-1.png_Otsu.png
Component: component_1744838523404_369.png
centerX: 0.7952941176470588
centerY: 0.2727272727272727
width: 0.018235294117647058
height: 0.018636363636363635
Area: 7.13903743315508e-05
CentroidX: 0.8022
CentroidY: 0.2815
