Location: Scanned Documents-1.png_Otsu.png
Component: component_1744838523459_569.png
centerX: 0.5711764705882353
centerY: 0.45
width: 0.018235294117647058
height: 0.019090909090909092
Area: 6.951871657754011e-05
CentroidX: 0.5808
CentroidY: 0.4583
