Location: Scanned Documents-1.png_Gaussian-Median.png
Component: component_1744838523641_398.png
centerX: 0.5470588235294118
centerY: 0.3481818181818182
width: 0.01764705882352941
height: 0.015909090909090907
Area: 8.689839572192514e-05
CentroidX: 0.5552
CentroidY: 0.3557
