Location: Scanned Documents-1.png_Otsu.png
Component: component_1744838523320_277.png
centerX: 0.7470588235294118
centerY: 0.22272727272727272
width: 0.01411764705882353
height: 0.014545454545454545
Area: 6.229946524064171e-05
CentroidX: 0.7543
CentroidY: 0.2290
