Location: Scanned Documents-1.png_Gaussian-Median.png
Component: component_1744838523551_124.png
centerX: 0.1476470588235294
centerY: 0.13636363636363635
width: 0.018235294117647058
height: 0.018636363636363635
Area: 9.385026737967914e-05
CentroidX: 0.1554
CentroidY: 0.1452
