Location: Scanned Documents-1.png_Otsu.png
Component: component_1744838523374_320.png
centerX: 0.7623529411764706
centerY: 0.24409090909090908
width: 0.014705882352941176
height: 0.014090909090909091
Area: 5.802139037433155e-05
CentroidX: 0.7689
CentroidY: 0.2510
