Location: Scanned Documents-1.png_Mean-Closing.png
Component: component_1744838522778_166.png
centerX: 0.7441176470588236
centerY: 0.14954545454545454
width: 0.01411764705882353
height: 0.015454545454545455
Area: 8.850267379679145e-05
CentroidX: 0.7514
CentroidY: 0.1565
