Location: Scanned Documents-1.png_Otsu.png
Component: component_1744838523461_579.png
centerX: 0.4688235294117647
centerY: 0.45545454545454545
width: 0.01411764705882353
height: 0.016363636363636365
Area: 6.363636363636364e-05
CentroidX: 0.4754
CentroidY: 0.4627
