Location: Scanned Documents-1.png_Mean-Medain.png
Component: component_1744838522641_210.png
centerX: 0.40941176470588236
centerY: 0.2081818181818182
width: 0.014705882352941176
height: 0.011818181818181818
Area: 5.855614973262032e-05
CentroidX: 0.4166
CentroidY: 0.2132
