Location: Scanned Documents-1.png_Gaussian-Median.png
Component: component_1744838523568_205.png
centerX: 0.2641176470588235
centerY: 0.2009090909090909
width: 0.011176470588235295
height: 0.013636363636363636
Area: 6.096256684491979e-05
CentroidX: 0.2695
CentroidY: 0.2075
