Location: easy43_Mean-Closing.png
Component: component_1744297380656_871.png
centerX: 0.46432889963724305
centerY: 0.5442496793501497
width: 0.013301088270858524
height: 0.00983326207781103
Area: 7.340955864829222e-05
CentroidX: 0.4699
CentroidY: 0.5489
