Location: Scanned Documents-1.png_Mean-Closing.png
Component: component_1744838522844_553.png
centerX: 0.1588235294117647
centerY: 0.3936363636363636
width: 0.01588235294117647
height: 0.022272727272727274
Area: 9.224598930481283e-05
CentroidX: 0.1675
CentroidY: 0.4036
