Location: Scanned Documents-1.png_Otsu.png
Component: component_1744838523434_489.png
centerX: 0.8447058823529412
centerY: 0.36318181818181816
width: 0.018235294117647058
height: 0.015454545454545455
Area: 7.48663101604278e-05
CentroidX: 0.8526
CentroidY: 0.3710
