Location: Scanned Documents-1.png_Gaussian-Median.png
Component: component_1744838523560_172.png
centerX: 0.25058823529411767
centerY: 0.16863636363636364
width: 0.02
height: 0.014545454545454545
Area: 7.967914438502674e-05
CentroidX: 0.2595
CentroidY: 0.1755
