Location: easy26_Mean-Closing.png
Component: component_1744297381954_24.png
centerX: 0.4596774193548387
centerY: 0.032567049808429116
width: 0.02258064516129032
height: 0.014367816091954023
Area: 0.00014290569768879002
CentroidX: 0.4694
CentroidY: 0.0393
