Location: Scanned Documents-1.png_Gaussian-Median.png
Component: component_1744838523608_324.png
centerX: 0.1535294117647059
centerY: 0.29409090909090907
width: 0.01764705882352941
height: 0.015454545454545455
Area: 7.673796791443851e-05
CentroidX: 0.1615
CentroidY: 0.3016
