Location: Scanned Documents-1.png_Gaussian-Median.png
Component: component_1744838523591_280.png
centerX: 0.16588235294117648
centerY: 0.2640909090909091
width: 0.018235294117647058
height: 0.01818181818181818
Area: 9.625668449197861e-05
CentroidX: 0.1739
CentroidY: 0.2732
