Location: Scanned Documents-1.png_Otsu.png
Component: component_1744838523426_458.png
centerX: 0.6317647058823529
centerY: 0.3481818181818182
width: 0.011764705882352941
height: 0.016363636363636365
Area: 5.561497326203208e-05
CentroidX: 0.6385
CentroidY: 0.3560
