Location: Scanned Documents-1.png_Mean-Closing.png
Component: component_1744838522834_494.png
centerX: 0.4441176470588235
centerY: 0.34954545454545455
width: 0.01647058823529412
height: 0.020454545454545454
Area: 9.572192513368984e-05
CentroidX: 0.4514
CentroidY: 0.3600
