Location: Scanned Documents-1.png_Otsu.png
Component: component_1744838523133_125.png
centerX: 0.42058823529411765
centerY: 0.11
width: 0.019411764705882354
height: 0.01681818181818182
Area: 6.443850267379679e-05
CentroidX: 0.4299
CentroidY: 0.1182
