Location: Scanned Documents-1.png_Mean-Medain.png
Component: component_1744838522608_72.png
centerX: 0.83
centerY: 0.07681818181818181
width: 0.012352941176470587
height: 0.013636363636363636
Area: 7.593582887700535e-05
CentroidX: 0.8370
CentroidY: 0.0832
