Location: Scanned Documents-1.png_Gaussian-Median.png
Component: component_1744838523664_512.png
centerX: 0.44588235294117645
centerY: 0.45636363636363636
width: 0.018823529411764704
height: 0.017272727272727273
Area: 9.518716577540106e-05
CentroidX: 0.4562
CentroidY: 0.4639
