Location: Scanned Documents-1.png_Otsu.png
Component: component_1744838523440_510.png
centerX: 0.37
centerY: 0.39181818181818184
width: 0.01411764705882353
height: 0.02181818181818182
Area: 8.128342245989305e-05
CentroidX: 0.3786
CentroidY: 0.4024
