Location: Scanned Documents-1.png_Mean-Medain.png
Component: component_1744838522718_531.png
centerX: 0.3629411764705882
centerY: 0.4890909090909091
width: 0.018823529411764704
height: 0.018636363636363635
Area: 0.00010882352941176471
CentroidX: 0.3714
CentroidY: 0.4973
