Location: Scanned Documents-1.png_Mean-Closing.png
Component: component_1744838522758_73.png
centerX: 0.3552941176470588
centerY: 0.07636363636363637
width: 0.008823529411764706
height: 0.011818181818181818
Area: 5.6149732620320855e-05
CentroidX: 0.3603
CentroidY: 0.0823
