Location: Scanned Documents-1.png_Mean-Medain.png
Component: component_1744838522702_445.png
centerX: 0.8523529411764705
centerY: 0.38954545454545453
width: 0.014705882352941176
height: 0.017272727272727273
Area: 9.171122994652406e-05
CentroidX: 0.8591
CentroidY: 0.3976
