Location: Scanned Documents-1.png_Mean-Closing.png
Component: component_1744838522867_639.png
centerX: 0.32588235294117646
centerY: 0.4581818181818182
width: 0.014705882352941176
height: 0.012727272727272728
Area: 6.631016042780749e-05
CentroidX: 0.3339
CentroidY: 0.4636
