Location: Scanned Documents-1.png_Otsu.png
Component: component_1744838523438_499.png
centerX: 0.7182352941176471
centerY: 0.38681818181818184
width: 0.02
height: 0.018636363636363635
Area: 8.903743315508021e-05
CentroidX: 0.7282
CentroidY: 0.3955
