Location: Scanned Documents-1.png_Gaussian-Median.png
Component: component_1744838523602_303.png
centerX: 0.5305882352941177
centerY: 0.2681818181818182
width: 0.011176470588235295
height: 0.012272727272727272
Area: 6.122994652406417e-05
CentroidX: 0.5358
CentroidY: 0.2738
