Location: Scanned Documents-1.png_Gaussian-Median.png
Component: component_1744838523608_323.png
centerX: 0.13176470588235295
centerY: 0.29409090909090907
width: 0.020588235294117647
height: 0.017272727272727273
Area: 8.529411764705883e-05
CentroidX: 0.1412
CentroidY: 0.3016
