Location: Scanned Documents-1.png_Mean-Closing.png
Component: component_1744838522788_234.png
centerX: 0.23
centerY: 0.2009090909090909
width: 0.012941176470588235
height: 0.012272727272727272
Area: 5.909090909090909e-05
CentroidX: 0.2370
CentroidY: 0.2063
