Location: Scanned Documents-1.png_Otsu.png
Component: component_1744838523381_330.png
centerX: 0.1323529411764706
centerY: 0.26272727272727275
width: 0.012352941176470587
height: 0.016363636363636365
Area: 5.481283422459893e-05
CentroidX: 0.1373
CentroidY: 0.2708
