Location: Scanned Documents-1.png_Otsu.png
Component: component_1744838523342_294.png
centerX: 0.3864705882352941
centerY: 0.23272727272727273
width: 0.01647058823529412
height: 0.015454545454545455
Area: 6.41711229946524e-05
CentroidX: 0.3945
CentroidY: 0.2397
