Location: easy26_Mean-Closing.png
Component: component_1744297382094_591.png
centerX: 0.4508064516129032
centerY: 0.4133141762452107
width: 0.02258064516129032
height: 0.014846743295019157
Area: 0.00012822889630453591
CentroidX: 0.4600
CentroidY: 0.4200
