Location: Scanned Documents-1.png_Otsu.png
Component: component_1744838523191_174.png
centerX: 0.47705882352941176
centerY: 0.14272727272727273
width: 0.014705882352941176
height: 0.019090909090909092
Area: 7.379679144385027e-05
CentroidX: 0.4844
CentroidY: 0.1516
