Location: Scanned Documents-1.png_Otsu.png
Component: component_1744838523354_302.png
centerX: 0.2664705882352941
centerY: 0.2359090909090909
width: 0.018823529411764704
height: 0.015
Area: 5.53475935828877e-05
CentroidX: 0.2737
CentroidY: 0.2421
