Location: Scanned Documents-1.png_Gaussian-Median.png
Component: component_1744838523567_199.png
centerX: 0.18352941176470589
centerY: 0.19636363636363635
width: 0.017058823529411765
height: 0.012727272727272728
Area: 7.379679144385027e-05
CentroidX: 0.1944
CentroidY: 0.2017
