Location: easy26_Mean-Closing.png
Component: component_1744297382074_503.png
centerX: 0.25887096774193546
centerY: 0.34674329501915707
width: 0.021774193548387097
height: 0.014846743295019157
Area: 0.00011586948461253245
CentroidX: 0.2675
CentroidY: 0.3531
