Location: Scanned Documents-1.png_Otsu.png
Component: component_1744838523096_82.png
centerX: 0.7141176470588235
centerY: 0.07636363636363637
width: 0.01647058823529412
height: 0.017727272727272727
Area: 7.780748663101604e-05
CentroidX: 0.7215
CentroidY: 0.0844
