Location: Scanned Documents-1.png_Gaussian-Median.png
Component: component_1744838523551_120.png
centerX: 0.8735294117647059
centerY: 0.12681818181818183
width: 0.015294117647058824
height: 0.01681818181818182
Area: 8.20855614973262e-05
CentroidX: 0.8804
CentroidY: 0.1355
