Location: Scanned Documents-1.png_Mean-Closing.png
Component: component_1744838522782_198.png
centerX: 0.39294117647058824
centerY: 0.17136363636363636
width: 0.01588235294117647
height: 0.015454545454545455
Area: 7.192513368983957e-05
CentroidX: 0.4014
CentroidY: 0.1783
