Location: Scanned Documents-1.png_Gaussian-Median.png
Component: component_1744838523651_441.png
centerX: 0.77
centerY: 0.3881818181818182
width: 0.024705882352941175
height: 0.020454545454545454
Area: 0.00012941176470588234
CentroidX: 0.7815
CentroidY: 0.3983
