Location: Scanned Documents-1.png_Mean-Closing.png
Component: component_1744838522846_565.png
centerX: 0.8147058823529412
centerY: 0.41909090909090907
width: 0.02235294117647059
height: 0.01818181818181818
Area: 0.00012379679144385025
CentroidX: 0.8285
CentroidY: 0.4275
