Location: Scanned Documents-1.png_Mean-Medain.png
Component: component_1744838522609_77.png
centerX: 0.3711764705882353
centerY: 0.07818181818181819
width: 0.01411764705882353
height: 0.011818181818181818
Area: 6.60427807486631e-05
CentroidX: 0.3784
CentroidY: 0.0844
