Location: Scanned Documents-1.png_Otsu.png
Component: component_1744838523098_89.png
centerX: 0.8305882352941176
centerY: 0.07727272727272727
width: 0.011764705882352941
height: 0.013181818181818182
Area: 4.518716577540107e-05
CentroidX: 0.8380
CentroidY: 0.0822
