Location: Scanned Documents-1.png_Mean-Closing.png
Component: component_1744838522801_297.png
centerX: 0.6488235294117647
centerY: 0.23772727272727273
width: 0.013529411764705882
height: 0.01681818181818182
Area: 7.673796791443851e-05
CentroidX: 0.6567
CentroidY: 0.2448
