Location: Scanned Documents-1.png_Gaussian-Median.png
Component: component_1744838523571_218.png
centerX: 0.54
centerY: 0.21727272727272728
width: 0.012352941176470587
height: 0.012272727272727272
Area: 6.390374331550802e-05
CentroidX: 0.5462
CentroidY: 0.2228
