Location: Scanned Documents-1.png_Otsu.png
Component: component_1744838523453_546.png
centerX: 0.4329411764705882
centerY: 0.425
width: 0.015294117647058824
height: 0.015
Area: 6.524064171122995e-05
CentroidX: 0.4403
CentroidY: 0.4311
