Location: Scanned Documents-1.png_Mean-Medain.png
Component: component_1744838522671_291.png
centerX: 0.3052941176470588
centerY: 0.2677272727272727
width: 0.014705882352941176
height: 0.012727272727272728
Area: 6.550802139037433e-05
CentroidX: 0.3112
CentroidY: 0.2739
