Location: Scanned Documents-1.png_Mean-Medain.png
Component: component_1744838522594_4.png
centerX: 0.5135294117647059
centerY: 0.04318181818181818
width: 0.018235294117647058
height: 0.019090909090909092
Area: 9.83957219251337e-05
CentroidX: 0.5223
CentroidY: 0.0525
