Location: Scanned Documents-1.png_Gaussian-Median.png
Component: component_1744838523574_228.png
centerX: 0.7158823529411765
centerY: 0.22090909090909092
width: 0.012941176470588235
height: 0.012727272727272728
Area: 6.925133689839573e-05
CentroidX: 0.7209
CentroidY: 0.2269
