Location: Scanned Documents-1.png_Gaussian-Median.png
Component: component_1744838523638_391.png
centerX: 0.7823529411764706
centerY: 0.33045454545454545
width: 0.014705882352941176
height: 0.016363636363636365
Area: 7.032085561497326e-05
CentroidX: 0.7896
CentroidY: 0.3385
