Location: Scanned Documents-1.png_Mean-Closing.png
Component: component_1744838522781_195.png
centerX: 0.2688235294117647
centerY: 0.1690909090909091
width: 0.017058823529411765
height: 0.01681818181818182
Area: 7.807486631016043e-05
CentroidX: 0.2768
CentroidY: 0.1763
