Location: Scanned Documents-1.png_Otsu.png
Component: component_1744838523162_164.png
centerX: 0.4088235294117647
centerY: 0.14
width: 0.01764705882352941
height: 0.01681818181818182
Area: 6.97860962566845e-05
CentroidX: 0.4170
CentroidY: 0.1484
