Location: Scanned Documents-1.png_Mean-Closing.png
Component: component_1744838522845_559.png
centerX: 0.26235294117647057
centerY: 0.395
width: 0.018235294117647058
height: 0.02090909090909091
Area: 0.000106951871657754
CentroidX: 0.2729
CentroidY: 0.4045
