Location: Scanned Documents-1.png_Mean-Closing.png
Component: component_1744838522766_114.png
centerX: 0.6717647058823529
centerY: 0.11136363636363636
width: 0.01588235294117647
height: 0.01818181818181818
Area: 9.358288770053476e-05
CentroidX: 0.6801
CentroidY: 0.1204
