Location: easy16_Gaussian-Median.png
Component: component_1744297381918_1231.png
centerX: 0.2693548387096774
centerY: 0.8467432950191571
width: 0.02338709677419355
height: 0.014846743295019157
Area: 0.00013942961315041404
CentroidX: 0.2791
CentroidY: 0.8534
