Location: easy16_Gaussian-Median.png
Component: component_1744297381803_604.png
centerX: 0.4483870967741935
centerY: 0.40373563218390807
width: 0.02338709677419355
height: 0.014367816091954023
Area: 0.0001367259918427883
CentroidX: 0.4583
CentroidY: 0.4102
