Location: Scanned Documents-1.png_Otsu.png
Component: component_1744838523052_39.png
centerX: 0.8241176470588235
centerY: 0.046363636363636364
width: 0.01647058823529412
height: 0.017727272727272727
Area: 6.443850267379679e-05
CentroidX: 0.8317
CentroidY: 0.0550
