Location: Scanned Documents-1.png_Otsu.png
Component: component_1744838523146_148.png
centerX: 0.8735294117647059
centerY: 0.12681818181818183
width: 0.015294117647058824
height: 0.016363636363636365
Area: 5.802139037433155e-05
CentroidX: 0.8804
CentroidY: 0.1351
