Location: Scanned Documents-1.png_Otsu.png
Component: component_1744838523371_315.png
centerX: 0.6811764705882353
centerY: 0.2390909090909091
width: 0.014705882352941176
height: 0.015909090909090907
Area: 5.53475935828877e-05
CentroidX: 0.6873
CentroidY: 0.2461
