Location: Scanned Documents-1.png_Otsu.png
Component: component_1744838523128_118.png
centerX: 0.12588235294117647
centerY: 0.10727272727272727
width: 0.011176470588235295
height: 0.013181818181818182
Area: 4.411764705882353e-05
CentroidX: 0.1325
CentroidY: 0.1135
