Location: Scanned Documents-1.png_Otsu.png
Component: component_1744838523403_366.png
centerX: 0.7429411764705882
centerY: 0.27045454545454545
width: 0.011764705882352941
height: 0.015
Area: 5.695187165775401e-05
CentroidX: 0.7498
CentroidY: 0.2778
