Location: Scanned Documents-1.png_Otsu.png
Component: component_1744838523460_574.png
centerX: 0.5529411764705883
centerY: 0.45227272727272727
width: 0.014705882352941176
height: 0.01681818181818182
Area: 5.8288770053475936e-05
CentroidX: 0.5584
CentroidY: 0.4598
