Location: Scanned Documents-1.png_Mean-Closing.png
Component: component_1744838522829_456.png
centerX: 0.30470588235294116
centerY: 0.32227272727272727
width: 0.013529411764705882
height: 0.014090909090909091
Area: 6.951871657754011e-05
CentroidX: 0.3105
CentroidY: 0.3295
