Location: Scanned Documents-1.png_Mean-Medain.png
Component: component_1744838522599_28.png
centerX: 0.2088235294117647
centerY: 0.045454545454545456
width: 0.02
height: 0.017272727272727273
Area: 0.00010614973262032086
CentroidX: 0.2179
CentroidY: 0.0536
