Location: easy26_Mean-Closing.png
Component: component_1744297381998_251.png
centerX: 0.175
centerY: 0.18869731800766285
width: 0.02258064516129032
height: 0.014846743295019157
Area: 0.00013788468668891361
CentroidX: 0.1841
CentroidY: 0.1956
