Location: easy16_Gaussian-Median.png
Component: component_1744297381926_1273.png
centerX: 0.7548387096774194
centerY: 0.889367816091954
width: 0.024193548387096774
height: 0.01532567049808429
Area: 0.00015449264615004324
CentroidX: 0.7653
CentroidY: 0.8963
