Location: Scanned Documents-1.png_Mean-Closing.png
Component: component_1744838522771_138.png
centerX: 0.24411764705882352
centerY: 0.13772727272727273
width: 0.011764705882352941
height: 0.017272727272727273
Area: 7.433155080213904e-05
CentroidX: 0.2508
CentroidY: 0.1454
