Location: Scanned Documents-1.png_Mean-Closing.png
Component: component_1744838522800_291.png
centerX: 0.45235294117647057
centerY: 0.23545454545454544
width: 0.015294117647058824
height: 0.015
Area: 7.620320855614973e-05
CentroidX: 0.4586
CentroidY: 0.2429
