Location: Scanned Documents-1.png_Mean-Closing.png
Component: component_1744838522763_96.png
centerX: 0.1676470588235294
centerY: 0.10636363636363637
width: 0.012352941176470587
height: 0.015
Area: 7.51336898395722e-05
CentroidX: 0.1747
CentroidY: 0.1140
