Location: Scanned Documents-1.png_Gaussian-Median.png
Component: component_1744838523647_423.png
centerX: 0.7529411764705882
centerY: 0.3568181818181818
width: 0.02
height: 0.015
Area: 9.946524064171123e-05
CentroidX: 0.7627
CentroidY: 0.3634
