Location: Scanned Documents-1.png_Gaussian-Median.png
Component: component_1744838523536_78.png
centerX: 0.39235294117647057
centerY: 0.07818181818181819
width: 0.01411764705882353
height: 0.011363636363636364
Area: 6.60427807486631e-05
CentroidX: 0.3994
CentroidY: 0.0838
