Location: Scanned Documents-1.png_Mean-Closing.png
Component: component_1744838522759_78.png
centerX: 0.7894117647058824
centerY: 0.07681818181818181
width: 0.01764705882352941
height: 0.015454545454545455
Area: 0.00010828877005347593
CentroidX: 0.8005
CentroidY: 0.0843
