Location: Scanned Documents-1.png_Gaussian-Median.png
Component: component_1744838523651_444.png
centerX: 0.8523529411764705
centerY: 0.38954545454545453
width: 0.01411764705882353
height: 0.017272727272727273
Area: 8.877005347593583e-05
CentroidX: 0.8590
CentroidY: 0.3976
