Location: Scanned Documents-1.png_Mean-Closing.png
Component: component_1744838522756_64.png
centerX: 0.2447058823529412
centerY: 0.07590909090909091
width: 0.010588235294117647
height: 0.012272727272727272
Area: 6.76470588235294e-05
CentroidX: 0.2504
CentroidY: 0.0817
