Location: Scanned Documents-1.png_Otsu.png
Component: component_1744838523368_313.png
centerX: 0.5594117647058824
centerY: 0.23954545454545453
width: 0.015294117647058824
height: 0.016363636363636365
Area: 5.641711229946524e-05
CentroidX: 0.5656
CentroidY: 0.2471
