Location: Scanned Documents-1.png_Gaussian-Median.png
Component: component_1744838523597_291.png
centerX: 0.28705882352941176
centerY: 0.2672727272727273
width: 0.014705882352941176
height: 0.012727272727272728
Area: 6.631016042780749e-05
CentroidX: 0.2938
CentroidY: 0.2737
