Location: Scanned Documents-1.png_Mean-Closing.png
Component: component_1744838522806_328.png
centerX: 0.20529411764705882
centerY: 0.26454545454545453
width: 0.011764705882352941
height: 0.017272727272727273
Area: 7.192513368983957e-05
CentroidX: 0.2107
CentroidY: 0.2726
