Location: Scanned Documents-1.png_Mean-Closing.png
Component: component_1744838522777_163.png
centerX: 0.6835294117647058
centerY: 0.14727272727272728
width: 0.015294117647058824
height: 0.017272727272727273
Area: 8.449197860962567e-05
CentroidX: 0.6915
CentroidY: 0.1554
