Location: easy64_Gaussian-Closing.png
Component: component_1744297381591_1313.png
centerX: 0.5139056831922612
centerY: 0.8550662676357418
width: 0.013301088270858524
height: 0.00983326207781103
Area: 8.65922610816123e-05
CentroidX: 0.5195
CentroidY: 0.8600
