Location: Scanned Documents-1.png_Mean-Medain.png
Component: component_1744838522668_275.png
centerX: 0.8464705882352941
centerY: 0.25045454545454543
width: 0.015294117647058824
height: 0.015454545454545455
Area: 8.449197860962567e-05
CentroidX: 0.8535
CentroidY: 0.2577
