Location: Scanned Documents-1.png_Mean-Closing.png
Component: component_1744838522765_107.png
centerX: 0.42058823529411765
centerY: 0.11
width: 0.019411764705882354
height: 0.01681818181818182
Area: 8.556149732620321e-05
CentroidX: 0.4300
CentroidY: 0.1182
