Location: Scanned Documents-1.png_Otsu.png
Component: component_1744838523140_133.png
centerX: 0.5935294117647059
centerY: 0.11227272727272727
width: 0.017058823529411765
height: 0.015909090909090907
Area: 6.390374331550802e-05
CentroidX: 0.6030
CentroidY: 0.1196
