Location: Scanned Documents-1.png_Mean-Medain.png
Component: component_1744838522627_155.png
centerX: 0.7629411764705882
centerY: 0.15045454545454545
width: 0.023529411764705882
height: 0.01681818181818182
Area: 0.00010401069518716577
CentroidX: 0.7740
CentroidY: 0.1579
