Location: Scanned Documents-1.png_Gaussian-Median.png
Component: component_1744838523658_479.png
centerX: 0.3688235294117647
centerY: 0.42454545454545456
width: 0.012352941176470587
height: 0.01818181818181818
Area: 8.529411764705883e-05
CentroidX: 0.3751
CentroidY: 0.4330
