Location: Scanned Documents-1.png_Otsu.png
Component: component_1744838523022_6.png
centerX: 0.14529411764705882
centerY: 0.04409090909090909
width: 0.015294117647058824
height: 0.01681818181818182
Area: 5.668449197860963e-05
CentroidX: 0.1537
CentroidY: 0.0518
