Location: Scanned Documents-1.png_Mean-Medain.png
Component: component_1744838522679_337.png
centerX: 0.55
centerY: 0.2968181818181818
width: 0.012941176470588235
height: 0.016363636363636365
Area: 6.657754010695188e-05
CentroidX: 0.5560
CentroidY: 0.3046
