Location: Scanned Documents-1.png_Gaussian-Median.png
Component: component_1744838523587_267.png
centerX: 0.5741176470588235
centerY: 0.23954545454545453
width: 0.013529411764705882
height: 0.01681818181818182
Area: 7.352941176470588e-05
CentroidX: 0.5811
CentroidY: 0.2470
