Location: Scanned Documents-1.png_Mean-Closing.png
Component: component_1744838522746_13.png
centerX: 0.1652941176470588
centerY: 0.045
width: 0.015294117647058824
height: 0.01681818181818182
Area: 0.00010802139037433155
CentroidX: 0.1742
CentroidY: 0.0524
