Location: Scanned Documents-1.png_Mean-Medain.png
Component: component_1744838522627_157.png
centerX: 0.8735294117647059
centerY: 0.15272727272727274
width: 0.013529411764705882
height: 0.015454545454545455
Area: 8.048128342245989e-05
CentroidX: 0.8817
CentroidY: 0.1603
