Location: Scanned Documents-1.png_Otsu.png
Component: component_1744838523420_433.png
centerX: 0.6441176470588236
centerY: 0.32136363636363635
width: 0.014705882352941176
height: 0.016363636363636365
Area: 5.481283422459893e-05
CentroidX: 0.6503
CentroidY: 0.3297
