Location: Scanned Documents-1.png_Gaussian-Median.png
Component: component_1744838523662_499.png
centerX: 0.711764705882353
centerY: 0.45136363636363636
width: 0.020588235294117647
height: 0.02
Area: 0.00010748663101604278
CentroidX: 0.7201
CentroidY: 0.4604
