Location: Scanned Documents-1.png_Mean-Closing.png
Component: component_1744838522811_362.png
centerX: 0.7611764705882353
centerY: 0.27045454545454545
width: 0.014705882352941176
height: 0.015909090909090907
Area: 6.97860962566845e-05
CentroidX: 0.7676
CentroidY: 0.2784
