Location: Scanned Documents-1.png_Mean-Medain.png
Component: component_1744838522700_429.png
centerX: 0.6135294117647059
centerY: 0.3840909090909091
width: 0.01764705882352941
height: 0.018636363636363635
Area: 0.0001106951871657754
CentroidX: 0.6227
CentroidY: 0.3932
