Location: Scanned Documents-1.png_Otsu.png
Component: component_1744838523053_43.png
centerX: 0.6447058823529411
centerY: 0.04727272727272727
width: 0.01588235294117647
height: 0.018636363636363635
Area: 6.951871657754011e-05
CentroidX: 0.6525
CentroidY: 0.0559
