Location: Scanned Documents-1.png_Gaussian-Median.png
Component: component_1744838523562_177.png
centerX: 0.39294117647058824
centerY: 0.17136363636363636
width: 0.019411764705882354
height: 0.016363636363636365
Area: 8.23529411764706e-05
CentroidX: 0.4017
CentroidY: 0.1792
