Location: Scanned Documents-1.png_Gaussian-Median.png
Component: component_1744838523653_453.png
centerX: 0.18470588235294116
centerY: 0.39454545454545453
width: 0.018235294117647058
height: 0.02
Area: 0.000106951871657754
CentroidX: 0.1929
CentroidY: 0.4044
