Location: Scanned Documents-1.png_Mean-Closing.png
Component: component_1744838522745_7.png
centerX: 0.23176470588235293
centerY: 0.04363636363636364
width: 0.02235294117647059
height: 0.020454545454545454
Area: 0.00011229946524064171
CentroidX: 0.2416
CentroidY: 0.0536
