Location: Scanned Documents-1.png_Mean-Closing.png
Component: component_1744838522831_462.png
centerX: 0.6647058823529411
centerY: 0.32272727272727275
width: 0.01
height: 0.01681818181818182
Area: 6.25668449197861e-05
CentroidX: 0.6703
CentroidY: 0.3306
