Location: Scanned Documents-1.png_Gaussian-Median.png
Component: component_1744838523660_487.png
centerX: 0.2811764705882353
centerY: 0.42727272727272725
width: 0.012941176470588235
height: 0.016363636363636365
Area: 8.422459893048129e-05
CentroidX: 0.2874
CentroidY: 0.4344
