Location: easy21_Mean-Medain.png
Component: component_1744297381127_1117.png
centerX: 0.13629032258064516
centerY: 0.8347701149425287
width: 0.02338709677419355
height: 0.014846743295019157
Area: 0.00013402237053516253
CentroidX: 0.1461
CentroidY: 0.8415
