Location: Scanned Documents-1.png_Gaussian-Median.png
Component: component_1744838523659_483.png
centerX: 0.2376470588235294
centerY: 0.4268181818181818
width: 0.017058823529411765
height: 0.01818181818181818
Area: 9.11764705882353e-05
CentroidX: 0.2461
CentroidY: 0.4346
