Location: Scanned Documents-1.png_Mean-Closing.png
Component: component_1744838522831_463.png
centerX: 0.678235294117647
centerY: 0.3231818181818182
width: 0.012941176470588235
height: 0.019545454545454546
Area: 8.342245989304812e-05
CentroidX: 0.6858
CentroidY: 0.3330
