Location: easy21_Mean-Medain.png
Component: component_1744297380879_558.png
centerX: 0.9112903225806451
centerY: 0.4707854406130268
width: 0.024193548387096774
height: 0.01532567049808429
Area: 0.00015989988876529478
CentroidX: 0.9219
CentroidY: 0.4778
