Location: Scanned Documents-1.png_Mean-Closing.png
Component: component_1744838522844_550.png
centerX: 0.31823529411764706
centerY: 0.3922727272727273
width: 0.01764705882352941
height: 0.022272727272727274
Area: 0.00010641711229946524
CentroidX: 0.3281
CentroidY: 0.4026
