Location: Scanned Documents-1.png_Mean-Medain.png
Component: component_1744838522689_379.png
centerX: 0.32529411764705884
centerY: 0.32181818181818184
width: 0.019411764705882354
height: 0.017272727272727273
Area: 9.973262032085561e-05
CentroidX: 0.3333
CentroidY: 0.3310
