Location: Scanned Documents-1.png_Otsu.png
Component: component_1744838523469_604.png
centerX: 0.11176470588235295
centerY: 0.48954545454545456
width: 0.022941176470588236
height: 0.02090909090909091
Area: 7.887700534759358e-05
CentroidX: 0.1219
CentroidY: 0.4991
