Location: Scanned Documents-1.png_Gaussian-Median.png
Component: component_1744838523643_409.png
centerX: 0.6852941176470588
centerY: 0.3522727272727273
width: 0.01588235294117647
height: 0.014090909090909091
Area: 6.925133689839573e-05
CentroidX: 0.6922
CentroidY: 0.3588
