Location: Scanned Documents-1.png_Mean-Closing.png
Component: component_1744838522769_133.png
centerX: 0.1476470588235294
centerY: 0.13636363636363635
width: 0.01764705882352941
height: 0.01818181818181818
Area: 9.304812834224599e-05
CentroidX: 0.1554
CentroidY: 0.1449
