Location: Scanned Documents-1.png_Gaussian-Median.png
Component: component_1744838523594_281.png
centerX: 0.18588235294117647
centerY: 0.26454545454545453
width: 0.018235294117647058
height: 0.01818181818181818
Area: 8.315508021390374e-05
CentroidX: 0.1926
CentroidY: 0.2742
