Location: Scanned Documents-1.png_Otsu.png
Component: component_1744838523434_488.png
centerX: 0.8135294117647058
centerY: 0.3613636363636364
width: 0.020588235294117647
height: 0.013636363636363636
Area: 6.951871657754011e-05
CentroidX: 0.8230
CentroidY: 0.3675
