Location: easy26_Mean-Closing.png
Component: component_1744297382184_1056.png
centerX: 0.7758064516129032
centerY: 0.8156130268199234
width: 0.02338709677419355
height: 0.014846743295019157
Area: 0.0001417470028426647
CentroidX: 0.7855
CentroidY: 0.8224
