Location: Scanned Documents-1.png_Otsu.png
Component: component_1744838523044_22.png
centerX: 0.1652941176470588
centerY: 0.045454545454545456
width: 0.015294117647058824
height: 0.016363636363636365
Area: 7.192513368983957e-05
CentroidX: 0.1742
CentroidY: 0.0522
