Location: easy21_Mean-Medain.png
Component: component_1744297380922_753.png
centerX: 0.2991935483870968
centerY: 0.5866858237547893
width: 0.02338709677419355
height: 0.014846743295019157
Area: 0.00013595352861203806
CentroidX: 0.3090
CentroidY: 0.5934
