Location: Scanned Documents-1.png_Mean-Closing.png
Component: component_1744838522798_280.png
centerX: 0.43470588235294116
centerY: 0.23227272727272727
width: 0.013529411764705882
height: 0.017727272727272727
Area: 7.540106951871658e-05
CentroidX: 0.4397
CentroidY: 0.2409
