Location: easy64_Gaussian-Closing.png
Component: component_1744297381392_824.png
centerX: 0.4449818621523579
centerY: 0.5724668661821292
width: 0.012696493349455865
height: 0.00983326207781103
Area: 6.84983557809769e-05
CentroidX: 0.4504
CentroidY: 0.5772
