Location: Scanned Documents-1.png_Mean-Medain.png
Component: component_1744838522715_515.png
centerX: 0.30411764705882355
centerY: 0.4581818181818182
width: 0.018823529411764704
height: 0.017272727272727273
Area: 8.796791443850267e-05
CentroidX: 0.3128
CentroidY: 0.4662
