Location: Scanned Documents-1.png_Otsu.png
Component: component_1744838523199_178.png
centerX: 0.44176470588235295
centerY: 0.14363636363636365
width: 0.012352941176470587
height: 0.017727272727272727
Area: 6.844919786096257e-05
CentroidX: 0.4480
CentroidY: 0.1517
