Location: 2025-04-16_190556-1.png_Mean-Medain.png
Component: component_1744834887432_418.png
centerX: 0.8987043580683156
centerY: 0.8955926401369276
width: 0.025323910482921083
height: 0.037655113393239195
Area: 0.00045108317923424725
CentroidX: 0.9101
CentroidY: 0.9153
