Location: 2025-04-16_190712-1.png_Gaussian-Median.png
Component: component_1744834887792_415.png
centerX: 0.7697290930506479
centerY: 0.7620881471972615
width: 0.02237926972909305
height: 0.031664527171587506
Area: 0.0002532617849890606
CentroidX: 0.7809
CentroidY: 0.7778
