Location: 2025-04-16_190556-1.png_Mean-Medain.png
Component: component_1744834887382_295.png
centerX: 0.044169611307420496
centerY: 0.5772357723577236
width: 0.02767962308598351
height: 0.03551561831407788
Area: 0.0004959394953815635
CentroidX: 0.0576
CentroidY: 0.5942
