Location: 2025-04-16_190650-1.png_Mean-Medain.png
Component: component_1744834887049_305.png
centerX: 0.1519434628975265
centerY: 0.5451433461703038
width: 0.023557126030624265
height: 0.0329482242190843
Area: 0.0003747266410733663
CentroidX: 0.1622
CentroidY: 0.5623
