Location: 2025-04-16_190650-1.png_Mean-Medain.png
Component: component_1744834887041_260.png
centerX: 0.7232037691401649
centerY: 0.4617030380830124
width: 0.02061248527679623
height: 0.02610183996576808
Area: 0.0002686338933316802
CentroidX: 0.7329
CentroidY: 0.4749
