Location: 2025-04-16_190650-1.png_Mean-Medain.png
Component: component_1744834887057_343.png
centerX: 0.39045936395759717
centerY: 0.6106118955926402
width: 0.024734982332155476
height: 0.026957637997432605
Area: 0.0002600658329439906
CentroidX: 0.4002
CentroidY: 0.6248
