Location: 2025-04-16_190650-1.png_Mean-Medain.png
Component: component_1744834887056_340.png
centerX: 0.5441696113074205
centerY: 0.6063329054343175
width: 0.023557126030624265
height: 0.028241335044929396
Area: 0.0002950940798230746
CentroidX: 0.5550
CentroidY: 0.6214
