Location: 2025-04-16_190712-1.png_Gaussian-Median.png
Component: component_1744834887801_463.png
centerX: 0.4216725559481743
centerY: 0.8622165169020112
width: 0.025323910482921083
height: 0.031664527171587506
Area: 0.00029837010291248534
CentroidX: 0.4354
CentroidY: 0.8771
