Location: 2025-04-16_190650-1.png_Gaussian-Closing.png
Component: component_1744834887561_229.png
centerX: 0.30683156654888105
centerY: 0.3607188703465982
width: 0.024734982332155476
height: 0.028241335044929396
Area: 0.00039513878493815626
CentroidX: 0.3192
CentroidY: 0.3736
