Location: 2025-04-16_190650-1.png_Gaussian-Closing.png
Component: component_1744834887508_94.png
centerX: 0.3992932862190813
centerY: 0.1069747539580659
width: 0.026501766784452298
height: 0.023106546854942234
Area: 0.0002887940354203616
CentroidX: 0.4119
CentroidY: 0.1186
