Location: 2025-04-16_190650-1.png_Gaussian-Closing.png
Component: component_1744834887608_337.png
centerX: 0.2750294464075383
centerY: 0.5793752674368849
width: 0.02120141342756184
height: 0.026529738981600343
Area: 0.00032961832314994154
CentroidX: 0.2845
CentroidY: 0.5936
