Location: 2025-04-16_190556-1.png_Mean-Medain.png
Component: component_1744834887339_234.png
centerX: 0.9240282685512368
centerY: 0.46598202824133506
width: 0.022968197879858657
height: 0.03551561831407788
Area: 0.0004226069785339847
CentroidX: 0.9348
CentroidY: 0.4840
