Location: 2025-04-16_190650-1.png_Mean-Medain.png
Component: component_1744834887050_311.png
centerX: 0.08775029446407538
centerY: 0.5485665382969619
width: 0.024146054181389872
height: 0.03080872913992298
Area: 0.00030315813665854715
CentroidX: 0.0990
CentroidY: 0.5647
