Location: 2025-04-16_190650-1.png_Gaussian-Closing.png
Component: component_1744834887644_491.png
centerX: 0.6501766784452296
centerY: 0.8750534873769791
width: 0.020023557126030624
height: 0.03337612323491656
Area: 0.0003155062236878646
CentroidX: 0.6602
CentroidY: 0.8908
