Location: 2025-04-16_190650-1.png_Mean-Medain.png
Component: component_1744834886992_23.png
centerX: 0.6890459363957597
centerY: 0.005134788189987163
width: 0.02237926972909305
height: 0.029097133076593923
Area: 0.0003119781988223453
CentroidX: 0.6996
CentroidY: 0.0190
