Location: 2025-04-16_190556-1.png_Mean-Medain.png
Component: component_1744834887135_53.png
centerX: 0.9051825677267373
centerY: 0.0928540864356012
width: 0.021790341578327443
height: 0.028241335044929396
Area: 0.00025830182051123096
CentroidX: 0.9158
CentroidY: 0.1063
