Location: 2025-04-16_190650-1.png_Gaussian-Closing.png
Component: component_1744834887510_105.png
centerX: 0.45641931684334514
centerY: 0.13906718014548566
width: 0.022968197879858657
height: 0.025673940949935817
Area: 0.00026812988977946314
CentroidX: 0.4683
CentroidY: 0.1510
