Location: 2025-04-16_190650-1.png_Gaussian-Closing.png
Component: component_1744834887508_95.png
centerX: 0.19434628975265017
centerY: 0.10825845100556268
width: 0.026501766784452298
height: 0.024818142918271287
Area: 0.0002890460371964702
CentroidX: 0.2071
CentroidY: 0.1203
