Location: 2025-04-16_190712-1.png_Gaussian-Median.png
Component: component_1744834887747_254.png
centerX: 0.3568904593639576
centerY: 0.43645699614890887
width: 0.02591283863368669
height: 0.029097133076593923
Area: 0.00027417793240606757
CentroidX: 0.3701
CentroidY: 0.4503
