Location: 2025-04-16_190650-1.png_Gaussian-Closing.png
Component: component_1744834887510_104.png
centerX: 0.3486454652532391
centerY: 0.1386392811296534
width: 0.02767962308598351
height: 0.024390243902439025
Area: 0.00030315813665854715
CentroidX: 0.3625
CentroidY: 0.1509
