Location: 2025-04-16_190650-1.png_Gaussian-Closing.png
Component: component_1744834887621_404.png
centerX: 0.715547703180212
centerY: 0.7103123662815576
width: 0.024146054181389872
height: 0.02995293110825845
Area: 0.00032205826986668603
CentroidX: 0.7270
CentroidY: 0.7262
