Location: 2025-04-16_190556-1.png_Mean-Medain.png
Component: component_1744834887189_114.png
centerX: 0.7850412249705536
centerY: 0.1878476679503637
width: 0.021790341578327443
height: 0.03209242618741977
Area: 0.00022680159849766622
CentroidX: 0.7950
CentroidY: 0.2045
