Location: 2025-04-16_190556-1.png_Mean-Medain.png
Component: component_1744834887433_425.png
centerX: 0.5930506478209658
centerY: 0.9007274283269149
width: 0.023557126030624265
height: 0.03936670945656825
Area: 0.0004588952342936113
CentroidX: 0.6045
CentroidY: 0.9197
