Location: easy64_Gaussian-Closing.png
Component: component_1744297381369_723.png
centerX: 0.5767835550181378
centerY: 0.4754168448054724
width: 0.008464328899637243
height: 0.00983326207781103
Area: 5.660807515484506e-05
CentroidX: 0.5807
CentroidY: 0.4801
