Location: 2025-04-16_190650-1.png_Mean-Medain.png
Component: component_1744834887034_227.png
centerX: 0.5547703180212014
centerY: 0.38767650834403083
width: 0.026501766784452298
height: 0.028241335044929396
Area: 0.0004140389181462951
CentroidX: 0.5678
CentroidY: 0.4013
