Location: 2025-04-16_190650-1.png_Gaussian-Closing.png
Component: component_1744834887625_426.png
centerX: 0.22379269729093051
centerY: 0.7454000855798032
width: 0.02120141342756184
height: 0.02866923406076166
Area: 0.0003744746392972578
CentroidX: 0.2332
CentroidY: 0.7617
