Location: 2025-04-16_190650-1.png_Gaussian-Closing.png
Component: component_1744834887510_103.png
centerX: 0.8928150765606596
centerY: 0.13821138211382114
width: 0.022968197879858657
height: 0.026529738981600343
Area: 0.0002824939910176487
CentroidX: 0.9040
CentroidY: 0.1511
