Location: 2025-04-16_190650-1.png_Mean-Medain.png
Component: component_1744834887035_231.png
centerX: 0.3498233215547703
centerY: 0.3940949935815148
width: 0.023557126030624265
height: 0.02866923406076166
Area: 0.0003396983941942823
CentroidX: 0.3613
CentroidY: 0.4080
