Location: 2025-04-16_190650-1.png_Mean-Medain.png
Component: component_1744834887015_129.png
centerX: 0.2968197879858657
centerY: 0.20453572956782198
width: 0.023557126030624265
height: 0.02781343602909713
Area: 0.0002807299785848891
CentroidX: 0.3081
CentroidY: 0.2185
