Location: 2025-04-16_190650-1.png_Mean-Medain.png
Component: component_1744834887045_279.png
centerX: 0.5647820965842167
centerY: 0.4985023534445871
width: 0.02120141342756184
height: 0.0329482242190843
Area: 0.000287030022987602
CentroidX: 0.5747
CentroidY: 0.5148
