Location: 2025-04-16_190650-1.png_Gaussian-Closing.png
Component: component_1744834887572_259.png
centerX: 0.4016489988221437
centerY: 0.4313222079589217
width: 0.026501766784452298
height: 0.02781343602909713
Area: 0.00034902245991029745
CentroidX: 0.4140
CentroidY: 0.4463
