Location: 2025-04-16_190712-1.png_Gaussian-Median.png
Component: component_1744834887801_458.png
centerX: 0.2508833922261484
centerY: 0.8472400513478819
width: 0.024734982332155476
height: 0.037227214377406934
Area: 0.0003102141863895857
CentroidX: 0.2624
CentroidY: 0.8655
