Location: 2025-04-16_190712-1.png_Gaussian-Median.png
Component: component_1744834887796_435.png
centerX: 0.7685512367491166
centerY: 0.7976037655113393
width: 0.01884570082449941
height: 0.03080872913992298
Area: 0.0002459537334819136
CentroidX: 0.7779
CentroidY: 0.8122
