Location: 2025-04-16_190712-1.png_Gaussian-Median.png
Component: component_1744834887736_209.png
centerX: 0.9057714958775029
centerY: 0.3423192126658109
width: 0.020023557126030624
height: 0.02396234488660676
Area: 0.00021294150081169772
CentroidX: 0.9154
CentroidY: 0.3549
