Location: 2025-04-16_190650-1.png_Mean-Medain.png
Component: component_1744834887030_198.png
centerX: 0.19905771495877503
centerY: 0.323063756953359
width: 0.026501766784452298
height: 0.026529738981600343
Area: 0.0002966060904797257
CentroidX: 0.2113
CentroidY: 0.3368
