Location: 2025-04-16_190556-1.png_Mean-Medain.png
Component: component_1744834887422_386.png
centerX: 0.32037691401649
centerY: 0.810012836970475
width: 0.025323910482921083
height: 0.03465982028241335
Area: 0.0004394910975332554
CentroidX: 0.3325
CentroidY: 0.8275
