Location: 2025-04-16_190712-1.png_Gaussian-Median.png
Component: component_1744834887757_292.png
centerX: 0.19375736160188456
centerY: 0.5074882327770646
width: 0.01884570082449941
height: 0.02781343602909713
Area: 0.0002308336269154025
CentroidX: 0.2031
CentroidY: 0.5220
