Location: 2025-04-16_190556-1.png_Mean-Medain.png
Component: component_1744834887362_249.png
centerX: 0.14075382803297998
centerY: 0.47839109970047067
width: 0.02120141342756184
height: 0.032520325203252036
Area: 0.00034196641017925897
CentroidX: 0.1516
CentroidY: 0.4940
