Location: 2025-04-16_190650-1.png_Gaussian-Closing.png
Component: component_1744834887640_471.png
centerX: 0.4752650176678445
centerY: 0.8421052631578947
width: 0.021790341578327443
height: 0.03465982028241335
Area: 0.00035910253095463814
CentroidX: 0.4849
CentroidY: 0.8602
