Location: 2025-04-16_190556-1.png_Mean-Medain.png
Component: component_1744834887362_248.png
centerX: 0.2826855123674912
centerY: 0.47796320068463843
width: 0.022968197879858657
height: 0.03337612323491656
Area: 0.00036842659667065336
CentroidX: 0.2936
CentroidY: 0.4947
