Location: 2025-04-16_190650-1.png_Mean-Medain.png
Component: component_1744834887065_389.png
centerX: 0.6095406360424028
centerY: 0.7086007702182285
width: 0.02120141342756184
height: 0.02738553701326487
Area: 0.0002935820691664235
CentroidX: 0.6190
CentroidY: 0.7235
