Location: 2025-04-16_190650-1.png_Gaussian-Closing.png
Component: component_1744834887620_400.png
centerX: 0.8115429917550059
centerY: 0.7090286692340607
width: 0.01884570082449941
height: 0.028241335044929396
Area: 0.00024721374236245615
CentroidX: 0.8200
CentroidY: 0.7234
