Location: 2025-04-16_190556-1.png_Mean-Medain.png
Component: component_1744834887377_287.png
centerX: 0.3392226148409894
centerY: 0.5729567821994009
width: 0.023557126030624265
height: 0.03380402225074882
Area: 0.00042991503004113175
CentroidX: 0.3507
CentroidY: 0.5894
