Location: 2025-04-16_190650-1.png_Gaussian-Closing.png
Component: component_1744834887547_203.png
centerX: 0.8981154299175501
centerY: 0.314933675652546
width: 0.02120141342756184
height: 0.02866923406076166
Area: 0.0003313823355827012
CentroidX: 0.9086
CentroidY: 0.3295
