Location: 2025-04-16_190650-1.png_Gaussian-Closing.png
Component: component_1744834887616_375.png
centerX: 0.08657243816254417
centerY: 0.6486949080017116
width: 0.020023557126030624
height: 0.028241335044929396
Area: 0.00028324999634597427
CentroidX: 0.0959
CentroidY: 0.6629
