Location: 2025-04-16_190650-1.png_Gaussian-Closing.png
Component: component_1744834887539_185.png
centerX: 0.6466431095406361
centerY: 0.2815575524176294
width: 0.024734982332155476
height: 0.028241335044929396
Area: 0.0002809819803609976
CentroidX: 0.6596
CentroidY: 0.2935
