Location: 2025-04-16_190650-1.png_Gaussian-Closing.png
Component: component_1744834887572_258.png
centerX: 0.35335689045936397
centerY: 0.4313222079589217
width: 0.02237926972909305
height: 0.02995293110825845
Area: 0.0003210502627622519
CentroidX: 0.3641
CentroidY: 0.4463
