Location: 2025-04-16_190650-1.png_Gaussian-Closing.png
Component: component_1744834887525_158.png
centerX: 0.40518256772673733
centerY: 0.24347454000855798
width: 0.02120141342756184
height: 0.025246041934103552
Area: 0.00024544972992969656
CentroidX: 0.4157
CentroidY: 0.2561
