Location: 2025-04-16_190650-1.png_Gaussian-Closing.png
Component: component_1744834887592_287.png
centerX: 0.8780918727915195
centerY: 0.4830979888746256
width: 0.01707891637220259
height: 0.031664527171587506
Area: 0.0002731699253016335
CentroidX: 0.8861
CentroidY: 0.4989
