Location: 2025-04-16_190650-1.png_Gaussian-Closing.png
Component: component_1744834887650_511.png
centerX: 0.5429917550058893
centerY: 0.9075738125802311
width: 0.027090694935217905
height: 0.02738553701326487
Area: 0.0003454944350447782
CentroidX: 0.5543
CentroidY: 0.9231
