Location: 2025-04-16_190650-1.png_Gaussian-Closing.png
Component: component_1744834887625_425.png
centerX: 0.6743227326266196
centerY: 0.7436884895164741
width: 0.020023557126030624
height: 0.025246041934103552
Area: 0.00027417793240606757
CentroidX: 0.6832
CentroidY: 0.7576
