Location: 2025-04-16_190556-1.png_Mean-Medain.png
Component: component_1744834887126_17.png
centerX: 0.5188457008244994
centerY: 0.008557980316645272
width: 0.0176678445229682
height: 0.02995293110825845
Area: 0.00022856561093042584
CentroidX: 0.5275
CentroidY: 0.0219
