Location: 2025-04-16_190650-1.png_Gaussian-Closing.png
Component: component_1744834887620_402.png
centerX: 0.7697290930506479
centerY: 0.7098844672657253
width: 0.035924617196702
height: 0.06161745827984596
Area: 0.0006335324651368143
CentroidX: 0.7862
CentroidY: 0.7423
