Location: 2025-04-16_190556-1.png_Mean-Medain.png
Component: component_1744834887306_179.png
centerX: 0.8833922261484098
centerY: 0.3290543431750107
width: 0.021790341578327443
height: 0.03337612323491656
Area: 0.0002940860727186405
CentroidX: 0.8944
CentroidY: 0.3446
