Location: 2025-04-16_190650-1.png_Mean-Medain.png
Component: component_1744834887037_240.png
centerX: 0.7691401648998822
centerY: 0.4206247325631151
width: 0.020023557126030624
height: 0.03080872913992298
Area: 0.00027946996970434646
CentroidX: 0.7785
CentroidY: 0.4362
