Location: 2025-04-16_190556-1.png_Mean-Medain.png
Component: component_1744834887392_308.png
centerX: 0.287396937573616
centerY: 0.6131792896876337
width: 0.023557126030624265
height: 0.03979460847240052
Area: 0.0004629272627113476
CentroidX: 0.2986
CentroidY: 0.6334
