Location: 2025-04-16_190556-1.png_Mean-Medain.png
Component: component_1744834887404_346.png
centerX: 0.408716136631331
centerY: 0.7124518613607189
width: 0.02237926972909305
height: 0.03594351732991014
Area: 0.00042638700517561246
CentroidX: 0.4199
CentroidY: 0.7299
