Location: 2025-04-16_190556-1.png_Mean-Medain.png
Component: component_1744834887439_451.png
centerX: 0.27326266195524146
centerY: 0.9512195121951219
width: 0.02591283863368669
height: 0.04150620453572957
Area: 0.0004901434545310676
CentroidX: 0.2867
CentroidY: 0.9717
