Location: 2025-04-16_190556-1.png_Mean-Medain.png
Component: component_1744834887232_141.png
centerX: 0.2308598351001178
centerY: 0.23919554985023533
width: 0.02237926972909305
height: 0.03123662815575524
Area: 0.0002336056464525962
CentroidX: 0.2421
CentroidY: 0.2527
