Location: 2025-04-16_190650-1.png_Gaussian-Closing.png
Component: component_1744834887508_97.png
centerX: 0.13839811542991756
centerY: 0.110397946084724
width: 0.025323910482921083
height: 0.02267864783910997
Area: 0.00027392593062995906
CentroidX: 0.1500
CentroidY: 0.1227
