Location: 2025-04-16_190556-1.png_Mean-Medain.png
Component: component_1744834887329_223.png
centerX: 0.5730270906949352
centerY: 0.4300385109114249
width: 0.02120141342756184
height: 0.032520325203252036
Area: 0.0002892980389725787
CentroidX: 0.5841
CentroidY: 0.4450
