Location: 2025-04-16_190556-1.png_Mean-Medain.png
Component: component_1744834887132_48.png
centerX: 0.4075382803297998
centerY: 0.0599058622165169
width: 0.02120141342756184
height: 0.0329482242190843
Area: 0.000294338074494749
CentroidX: 0.4182
CentroidY: 0.0751
