Location: 2025-04-16_190650-1.png_Mean-Medain.png
Component: component_1744834887050_310.png
centerX: 0.32744405182567726
centerY: 0.5472828412494651
width: 0.01884570082449941
height: 0.026957637997432605
Area: 0.0002560338045262543
CentroidX: 0.3362
CentroidY: 0.5602
