Location: 2025-04-16_190556-1.png_Mean-Medain.png
Component: component_1744834887397_328.png
centerX: 0.5459363957597173
centerY: 0.6649550706033376
width: 0.02591283863368669
height: 0.03508771929824561
Area: 0.0004377270851004958
CentroidX: 0.5592
CentroidY: 0.6816
