Location: 2025-04-16_190556-1.png_Mean-Medain.png
Component: component_1744834887438_445.png
centerX: 0.6525323910482921
centerY: 0.9473684210526315
width: 0.021790341578327443
height: 0.04236200256739409
Area: 0.0004926634722921527
CentroidX: 0.6624
CentroidY: 0.9690
