Location: 2025-04-16_190712-1.png_Gaussian-Median.png
Component: component_1744834887696_15.png
centerX: 0.6908127208480566
centerY: 0.01198117244330338
width: 0.01884570082449941
height: 0.02781343602909713
Area: 0.0002507417672279754
CentroidX: 0.6991
CentroidY: 0.0264
