Location: 2025-04-16_190650-1.png_Gaussian-Closing.png
Component: component_1744834887514_123.png
centerX: 0.29799764428739695
centerY: 0.17201540436456997
width: 0.02591283863368669
height: 0.024818142918271287
Area: 0.0002880380300920361
CentroidX: 0.3107
CentroidY: 0.1845
