Location: 2025-04-16_190650-1.png_Gaussian-Closing.png
Component: component_1744834887510_106.png
centerX: 0.5070671378091873
centerY: 0.13906718014548566
width: 0.026501766784452298
height: 0.024390243902439025
Area: 0.0002882900318681446
CentroidX: 0.5199
CentroidY: 0.1511
