Location: 2025-04-16_190556-1.png_Mean-Medain.png
Component: component_1744834887410_362.png
centerX: 0.6731448763250883
centerY: 0.7518185708172871
width: 0.025323910482921083
height: 0.03123662815575524
Area: 0.0004127789092657525
CentroidX: 0.6863
CentroidY: 0.7663
