Location: 2025-04-16_190712-1.png_Gaussian-Median.png
Component: component_1744834887811_507.png
centerX: 0.7061248527679623
centerY: 0.9469405220367993
width: 0.02591283863368669
height: 0.03080872913992298
Area: 0.0003344063568960034
CentroidX: 0.7186
CentroidY: 0.9619
