Location: 2025-04-16_190556-1.png_Mean-Medain.png
Component: component_1744834887359_242.png
centerX: 0.5429917550058893
centerY: 0.47282841249465124
width: 0.024734982332155476
height: 0.037227214377406934
Area: 0.0004180709465640314
CentroidX: 0.5551
CentroidY: 0.4907
