Location: 2025-04-16_190556-1.png_Mean-Medain.png
Component: component_1744834887325_210.png
centerX: 0.037102473498233215
centerY: 0.38596491228070173
width: 0.019434628975265017
height: 0.03465982028241335
Area: 0.00027493393773439317
CentroidX: 0.0466
CentroidY: 0.4015
