Location: 2025-04-16_190650-1.png_Gaussian-Closing.png
Component: component_1744834887654_530.png
centerX: 0.2879858657243816
centerY: 0.940094137783483
width: 0.025323910482921083
height: 0.02866923406076166
Area: 0.0003054261526435238
CentroidX: 0.2990
CentroidY: 0.9554
