Location: 2025-04-16_190650-1.png_Mean-Medain.png
Component: component_1744834887051_317.png
centerX: 0.6925795053003534
centerY: 0.5678219940094138
width: 0.022968197879858657
height: 0.029525032092426188
Area: 0.00030618215797184936
CentroidX: 0.7026
CentroidY: 0.5825
