Location: 2025-04-16_190650-1.png_Mean-Medain.png
Component: component_1744834886995_29.png
centerX: 0.7950530035335689
centerY: 0.037655113393239195
width: 0.024734982332155476
height: 0.026957637997432605
Area: 0.0003092061792851516
CentroidX: 0.8072
CentroidY: 0.0507
