Location: 2025-04-16_190650-1.png_Gaussian-Closing.png
Component: component_1744834887494_54.png
centerX: 0.08833922261484099
centerY: 0.043645699614890884
width: 0.023557126030624265
height: 0.02995293110825845
Area: 0.0003311303338065927
CentroidX: 0.0997
CentroidY: 0.0579
