Location: 2025-04-16_190712-1.png_Gaussian-Median.png
Component: component_1744834887747_256.png
centerX: 0.9623085983510011
centerY: 0.43774069319640563
width: 0.022968197879858657
height: 0.032520325203252036
Area: 0.0002628378524811843
CentroidX: 0.9731
CentroidY: 0.4525
