Location: 2025-04-16_190712-1.png_Gaussian-Median.png
Component: component_1744834887702_48.png
centerX: 0.568904593639576
centerY: 0.06332905434317501
width: 0.02767962308598351
height: 0.025246041934103552
Area: 0.00027694995194326127
CentroidX: 0.5824
CentroidY: 0.0770
