Location: 2025-04-16_190650-1.png_Gaussian-Closing.png
Component: component_1744834887496_56.png
centerX: 0.40518256772673733
centerY: 0.043645699614890884
width: 0.02061248527679623
height: 0.02610183996576808
Area: 0.00029005404430090424
CentroidX: 0.4152
CentroidY: 0.0564
