Location: 2025-04-16_190650-1.png_Gaussian-Closing.png
Component: component_1744834887542_190.png
centerX: 0.03651354534746761
centerY: 0.28840393667094566
width: 0.02237926972909305
height: 0.030380830124090714
Area: 0.0002966060904797257
CentroidX: 0.0478
CentroidY: 0.3039
