Location: 2025-04-16_190650-1.png_Gaussian-Closing.png
Component: component_1744834887576_269.png
centerX: 0.8704358068315665
centerY: 0.45186136071887034
width: 0.02120141342756184
height: 0.02781343602909713
Area: 0.000287030022987602
CentroidX: 0.8799
CentroidY: 0.4664
