Location: 2025-04-16_190650-1.png_Mean-Medain.png
Component: component_1744834887057_345.png
centerX: 0.2767962308598351
centerY: 0.6131792896876337
width: 0.02237926972909305
height: 0.029097133076593923
Area: 0.00029837010291248534
CentroidX: 0.2869
CentroidY: 0.6278
