Location: 2025-04-16_190650-1.png_Gaussian-Closing.png
Component: component_1744834887637_456.png
centerX: 0.34334511189634864
centerY: 0.8087291399229781
width: 0.024734982332155476
height: 0.02995293110825845
Area: 0.000314750218359539
CentroidX: 0.3547
CentroidY: 0.8242
