Location: 2025-04-16_190650-1.png_Gaussian-Closing.png
Component: component_1744834887605_329.png
centerX: 0.64075382803298
centerY: 0.5699614890885751
width: 0.02237926972909305
height: 0.02866923406076166
Area: 0.00029333006739031497
CentroidX: 0.6505
CentroidY: 0.5839
