Location: 2025-04-16_190712-1.png_Gaussian-Median.png
Component: component_1744834887769_334.png
centerX: 0.13604240282685512
centerY: 0.6093281985451433
width: 0.027090694935217905
height: 0.03209242618741977
Area: 0.0002950940798230746
CentroidX: 0.1506
CentroidY: 0.6246
