Location: 2025-04-16_190650-1.png_Mean-Medain.png
Component: component_1744834887034_222.png
centerX: 0.8144876325088339
centerY: 0.38254172015404364
width: 0.024734982332155476
height: 0.03123662815575524
Area: 0.0004064788648630396
CentroidX: 0.8263
CentroidY: 0.3977
