Location: 2025-04-16_190650-1.png_Mean-Medain.png
Component: component_1744834887030_203.png
centerX: 0.9081272084805654
centerY: 0.34830979888746255
width: 0.022968197879858657
height: 0.03209242618741977
Area: 0.00036767059134232776
CentroidX: 0.9201
CentroidY: 0.3633
