Location: 2025-04-16_190712-1.png_Gaussian-Median.png
Component: component_1744834887698_29.png
centerX: 0.12190812720848057
centerY: 0.038510911424903725
width: 0.023557126030624265
height: 0.02781343602909713
Area: 0.00027946996970434646
CentroidX: 0.1328
CentroidY: 0.0540
