Location: 2025-04-16_190650-1.png_Gaussian-Closing.png
Component: component_1744834887649_507.png
centerX: 0.6542991755005889
centerY: 0.905862216516902
width: 0.02591283863368669
height: 0.02866923406076166
Area: 0.0003507864723430571
CentroidX: 0.6661
CentroidY: 0.9219
