Location: 2025-04-16_190650-1.png_Gaussian-Closing.png
Component: component_1744834887601_308.png
centerX: 0.7367491166077739
centerY: 0.5301668806161746
width: 0.02120141342756184
height: 0.03380402225074882
Area: 0.0003265943018366393
CentroidX: 0.7467
CentroidY: 0.5466
