Location: 2025-04-16_190556-1.png_Mean-Medain.png
Component: component_1744834887124_3.png
centerX: 0.9063604240282686
centerY: 0.004706889174154899
width: 0.023557126030624265
height: 0.029097133076593923
Area: 0.00026661787912281206
CentroidX: 0.9186
CentroidY: 0.0188
