Location: 2025-04-16_190556-1.png_Mean-Medain.png
Component: component_1744834887126_15.png
centerX: 0.6254416961130742
centerY: 0.007702182284980745
width: 0.02061248527679623
height: 0.02738553701326487
Area: 0.00023436165178092176
CentroidX: 0.6351
CentroidY: 0.0210
