Location: 2025-04-16_190556-1.png_Mean-Medain.png
Component: component_1744834887124_5.png
centerX: 0.7408716136631331
centerY: 0.005134788189987163
width: 0.02120141342756184
height: 0.029525032092426188
Area: 0.0002643498631378354
CentroidX: 0.7513
CentroidY: 0.0188
