Location: 2025-04-16_190650-1.png_Gaussian-Closing.png
Component: component_1744834887641_476.png
centerX: 0.08362779740871613
centerY: 0.8438168592212237
width: 0.022968197879858657
height: 0.03508771929824561
Area: 0.0003064341597479579
CentroidX: 0.0934
CentroidY: 0.8629
