Location: 2025-04-16_190650-1.png_Mean-Medain.png
Component: component_1744834887004_59.png
centerX: 0.40518256772673733
centerY: 0.07274283269148481
width: 0.024734982332155476
height: 0.02610183996576808
Area: 0.000328862317821616
CentroidX: 0.4175
CentroidY: 0.0857
