Location: 2025-04-16_190650-1.png_Gaussian-Closing.png
Component: component_1744834887501_70.png
centerX: 0.46113074204946997
centerY: 0.07188703465982028
width: 0.024734982332155476
height: 0.025673940949935817
Area: 0.00032483028940387973
CentroidX: 0.4728
CentroidY: 0.0849
