Location: 2025-04-16_190650-1.png_Gaussian-Closing.png
Component: component_1744834887509_102.png
centerX: 0.8003533568904594
centerY: 0.13821138211382114
width: 0.02237926972909305
height: 0.024390243902439025
Area: 0.00026888589510778874
CentroidX: 0.8117
CentroidY: 0.1494
