Location: 2025-04-16_190556-1.png_Mean-Medain.png
Component: component_1744834887405_347.png
centerX: 0.31095406360424027
centerY: 0.7133076593923834
width: 0.026501766784452298
height: 0.03337612323491656
Area: 0.000440751106413798
CentroidX: 0.3234
CentroidY: 0.7297
