Location: 2025-04-16_190650-1.png_Mean-Medain.png
Component: component_1744834887045_281.png
centerX: 0.6295641931684335
centerY: 0.5002139495079161
width: 0.016489988221436984
height: 0.02995293110825845
Area: 0.0002535137867651691
CentroidX: 0.6374
CentroidY: 0.5143
