Location: 2025-04-16_190650-1.png_Gaussian-Closing.png
Component: component_1744834887518_138.png
centerX: 0.8934040047114252
centerY: 0.2032520325203252
width: 0.021790341578327443
height: 0.026529738981600343
Area: 0.00026636587734670355
CentroidX: 0.9042
CentroidY: 0.2161
