Location: 2025-04-16_190556-1.png_Mean-Medain.png
Component: component_1744834887181_101.png
centerX: 0.947585394581861
centerY: 0.1600342319212666
width: 0.0176678445229682
height: 0.03209242618741977
Area: 0.00020638945463287626
CentroidX: 0.9565
CentroidY: 0.1757
