Location: 2025-04-16_190650-1.png_Gaussian-Closing.png
Component: component_1744834887534_177.png
centerX: 0.9405182567726738
centerY: 0.2777064612751391
width: 0.019434628975265017
height: 0.02738553701326487
Area: 0.00026535787024226944
CentroidX: 0.9503
CentroidY: 0.2912
