Location: 2025-04-16_190650-1.png_Gaussian-Closing.png
Component: component_1744834887547_204.png
centerX: 0.8545347467608951
centerY: 0.3162173727000428
width: 0.02061248527679623
height: 0.02738553701326487
Area: 0.00028022597503267205
CentroidX: 0.8651
CentroidY: 0.3295
