Location: 2025-04-16_190556-1.png_Mean-Medain.png
Component: component_1744834887409_360.png
centerX: 0.4746760895170789
centerY: 0.7518185708172871
width: 0.02767962308598351
height: 0.036799315361574665
Area: 0.0004924114705160442
CentroidX: 0.4891
CentroidY: 0.7687
