Location: 2025-04-16_190650-1.png_Gaussian-Closing.png
Component: component_1744834887648_503.png
centerX: 0.8527679623085983
centerY: 0.9028669234060762
width: 0.019434628975265017
height: 0.02866923406076166
Area: 0.0002782099608238039
CentroidX: 0.8616
CentroidY: 0.9185
