Location: 2025-04-16_190712-1.png_Gaussian-Median.png
Component: component_1744834887773_342.png
centerX: 0.5341578327444052
centerY: 0.6157466837826273
width: 0.02120141342756184
height: 0.03423192126658109
Area: 0.0003054261526435238
CentroidX: 0.5448
CentroidY: 0.6325
