Location: 2025-04-16_190650-1.png_Mean-Medain.png
Component: component_1744834887056_342.png
centerX: 0.33156654888103654
centerY: 0.6093281985451433
width: 0.024146054181389872
height: 0.02738553701326487
Area: 0.00031172619704623677
CentroidX: 0.3420
CentroidY: 0.6238
