Location: 2025-04-16_190556-1.png_Mean-Medain.png
Component: component_1744834887206_131.png
centerX: 0.034746760895170786
centerY: 0.20154043645699615
width: 0.02061248527679623
height: 0.0329482242190843
Area: 0.00022831360915431733
CentroidX: 0.0447
CentroidY: 0.2186
