Location: 2025-04-16_190650-1.png_Mean-Medain.png
Component: component_1744834887006_73.png
centerX: 0.5106007067137809
centerY: 0.10526315789473684
width: 0.022968197879858657
height: 0.028241335044929396
Area: 0.0002812339821371061
CentroidX: 0.5225
CentroidY: 0.1179
