Location: 2025-04-16_190712-1.png_Gaussian-Median.png
Component: component_1744834887693_5.png
centerX: 0.6489988221436984
centerY: 0.008130081300813009
width: 0.019434628975265017
height: 0.02781343602909713
Area: 0.0002628378524811843
CentroidX: 0.6574
CentroidY: 0.0229
