Location: 2025-04-16_190556-1.png_Mean-Medain.png
Component: component_1744834887141_67.png
centerX: 0.0800942285041225
centerY: 0.09841677364142062
width: 0.020023557126030624
height: 0.029097133076593923
Area: 0.0002464577370341306
CentroidX: 0.0901
CentroidY: 0.1123
