Location: 2025-04-16_190712-1.png_Gaussian-Median.png
Component: component_1744834887811_503.png
centerX: 0.6442873969375736
centerY: 0.9426615318784767
width: 0.025323910482921083
height: 0.03080872913992298
Area: 0.00029811810113637683
CentroidX: 0.6569
CentroidY: 0.9580
