Location: 2025-04-16_190650-1.png_Gaussian-Closing.png
Component: component_1744834887561_228.png
centerX: 0.251472320376914
centerY: 0.3607188703465982
width: 0.022968197879858657
height: 0.02610183996576808
Area: 0.00034373042261201856
CentroidX: 0.2629
CentroidY: 0.3733
