Location: 2025-04-16_190712-1.png_Gaussian-Median.png
Component: component_1744834887796_434.png
centerX: 0.709658421672556
centerY: 0.7980316645271716
width: 0.01884570082449941
height: 0.029525032092426188
Area: 0.00023410965000481324
CentroidX: 0.7187
CentroidY: 0.8122
