Location: 2025-04-16_190650-1.png_Gaussian-Closing.png
Component: component_1744834887503_76.png
centerX: 0.1955241460541814
centerY: 0.07573812580231065
width: 0.023557126030624265
height: 0.025246041934103552
Area: 0.00030593015619574085
CentroidX: 0.2073
CentroidY: 0.0881
