Location: 2025-04-16_190712-1.png_Gaussian-Median.png
Component: component_1744834887716_115.png
centerX: 0.411660777385159
centerY: 0.16773641420624733
width: 0.021790341578327443
height: 0.029097133076593923
Area: 0.00027115391109276536
CentroidX: 0.4217
CentroidY: 0.1827
