Location: 2025-04-16_190556-1.png_Mean-Medain.png
Component: component_1744834887316_193.png
centerX: 0.5100117785630153
centerY: 0.37441163885323064
width: 0.021790341578327443
height: 0.032520325203252036
Area: 0.0002840060016742998
CentroidX: 0.5202
CentroidY: 0.3906
