Location: 2025-04-16_190650-1.png_Gaussian-Closing.png
Component: component_1744834887637_454.png
centerX: 0.8510011778563016
centerY: 0.808301240907146
width: 0.020023557126030624
height: 0.028241335044929396
Area: 0.0002918180567336639
CentroidX: 0.8601
CentroidY: 0.8242
