Location: 2025-04-16_190556-1.png_Mean-Medain.png
Component: component_1744834887330_227.png
centerX: 0.3138987043580683
centerY: 0.43046640992725715
width: 0.02120141342756184
height: 0.03594351732991014
Area: 0.0002547737956457117
CentroidX: 0.3236
CentroidY: 0.4470
