Location: 2025-04-16_190650-1.png_Mean-Medain.png
Component: component_1744834887074_429.png
centerX: 0.7926972909305064
centerY: 0.7753530166880617
width: 0.02120141342756184
height: 0.02781343602909713
Area: 0.00027342192707774203
CentroidX: 0.8037
CentroidY: 0.7899
