Location: 2025-04-16_190556-1.png_Mean-Medain.png
Component: component_1744834887404_344.png
centerX: 0.6054181389870436
centerY: 0.711168164313222
width: 0.02944640753828033
height: 0.036371416345742404
Area: 0.0004893874492027419
CentroidX: 0.6190
CentroidY: 0.7301
