Location: 2025-04-16_190650-1.png_Gaussian-Closing.png
Component: component_1744834887573_260.png
centerX: 0.4587750294464075
centerY: 0.4313222079589217
width: 0.022968197879858657
height: 0.031664527171587506
Area: 0.0003795146748194281
CentroidX: 0.4690
CentroidY: 0.4473
