Location: 2025-04-16_190650-1.png_Gaussian-Closing.png
Component: component_1744834887546_199.png
centerX: 0.6048292108362779
centerY: 0.31450577663671375
width: 0.022968197879858657
height: 0.029525032092426188
Area: 0.0003470064457014293
CentroidX: 0.6163
CentroidY: 0.3285
