Location: 2025-04-16_190650-1.png_Gaussian-Closing.png
Component: component_1744834887520_146.png
centerX: 0.8468786808009423
centerY: 0.20453572956782198
width: 0.022968197879858657
height: 0.02610183996576808
Area: 0.0002628378524811843
CentroidX: 0.8583
CentroidY: 0.2169
