Location: 2025-04-16_190556-1.png_Mean-Medain.png
Component: component_1744834887317_196.png
centerX: 0.4216725559481743
centerY: 0.3748395378690629
width: 0.02120141342756184
height: 0.0329482242190843
Area: 0.00028198998746543165
CentroidX: 0.4321
CentroidY: 0.3906
