Location: 2025-04-16_190650-1.png_Mean-Medain.png
Component: component_1744834887041_259.png
centerX: 0.8203769140164899
centerY: 0.4544287548138639
width: 0.021790341578327443
height: 0.029525032092426188
Area: 0.0003132382077028879
CentroidX: 0.8301
CentroidY: 0.4694
