Location: 2025-04-16_190650-1.png_Gaussian-Closing.png
Component: component_1744834887593_290.png
centerX: 0.7302709069493521
centerY: 0.49293966623876767
width: 0.020023557126030624
height: 0.029525032092426188
Area: 0.00027946996970434646
CentroidX: 0.7398
CentroidY: 0.5079
