Location: 2025-04-19_205627-1.png_Otsu.png
Component: component_1745099319364_931.png
centerX: 0.5353356890459364
centerY: 0.5430038510911425
width: 0.02767962308598351
height: 0.03423192126658109
Area: 0.0002935820691664235
CentroidX: 0.5486
CentroidY: 0.5609
