Location: 2025-04-19_205627-1.png_Otsu.png
Component: component_1745099319059_31.png
centerX: 0.13015312131919907
centerY: 0.028241335044929396
width: 0.030624263839811542
height: 0.03423192126658109
Area: 0.00036767059134232776
CentroidX: 0.1458
CentroidY: 0.0449
