Location: 2025-04-19_205532-1.png_Gaussian-Closing.png
Component: component_1745099318931_50.png
centerX: 0.5730270906949352
centerY: 0.10868635002139496
width: 0.03415783274440518
height: 0.02866923406076166
Area: 0.0004226069785339847
CentroidX: 0.5895
CentroidY: 0.1222
