Location: 2025-04-19_205627-1.png_Otsu.png
Component: component_1745099319320_708.png
centerX: 0.045936395759717315
centerY: 0.3923833975181857
width: 0.032391048292108364
height: 0.030380830124090714
Area: 0.0002575458151829054
CentroidX: 0.0610
CentroidY: 0.4069
