Location: 2025-04-19_205627-1.png_Otsu.png
Component: component_1745099319315_686.png
centerX: 0.6160188457008245
centerY: 0.3842533162173727
width: 0.030624263839811542
height: 0.03209242618741977
Area: 0.0002323456375720536
CentroidX: 0.6291
CentroidY: 0.4001
