Location: 2025-04-19_205627-1.png_Gaussian-Median.png
Component: component_1745099319507_260.png
centerX: 0.12661955241460543
centerY: 0.4454428754813864
width: 0.028268551236749116
height: 0.02995293110825845
Area: 0.00030139412422578756
CentroidX: 0.1391
CentroidY: 0.4607
