Location: 2025-04-19_205627-1.png_Gaussian-Median.png
Component: component_1745099319502_244.png
centerX: 0.9575971731448764
centerY: 0.43988018827556696
width: 0.03121319199057715
height: 0.03979460847240052
Area: 0.0004893874492027419
CentroidX: 0.9735
CentroidY: 0.4599
