Location: 2025-04-19_205627-1.png_Otsu.png
Component: component_1745099319061_34.png
centerX: 0.7826855123674912
centerY: 0.028241335044929396
width: 0.034746760895170786
height: 0.031664527171587506
Area: 0.0002913140531814468
CentroidX: 0.7972
CentroidY: 0.0432
