Location: 2025-04-19_205627-1.png_Gaussian-Median.png
Component: component_1745099319528_323.png
centerX: 0.29387514723203767
centerY: 0.5900727428326915
width: 0.03180212014134275
height: 0.038510911424903725
Area: 0.00043747508332438726
CentroidX: 0.3071
CentroidY: 0.6098
