Location: 2025-04-19_205532-1.png_Gaussian-Closing.png
Component: component_1745099318992_328.png
centerX: 0.6378091872791519
centerY: 0.762943945228926
width: 0.030035335689045935
height: 0.0329482242190843
Area: 0.0004309230371455658
CentroidX: 0.6524
CentroidY: 0.7795
