Location: 2025-04-19_205627-1.png_Otsu.png
Component: component_1745099319331_892.png
centerX: 0.6484098939929329
centerY: 0.4899443731279418
width: 0.030035335689045935
height: 0.03508771929824561
Area: 0.0003366743728809801
CentroidX: 0.6619
CentroidY: 0.5078
