Location: 2025-04-19_205532-1.png_Gaussian-Closing.png
Component: component_1745099318992_325.png
centerX: 0.892226148409894
centerY: 0.7612323491655969
width: 0.028268551236749116
height: 0.03337612323491656
Area: 0.0003772466588344515
CentroidX: 0.9050
CentroidY: 0.7776
