Location: 2025-04-19_205627-1.png_Otsu.png
Component: component_1745099319298_573.png
centerX: 0.5641931684334511
centerY: 0.3281985451433462
width: 0.02767962308598351
height: 0.031664527171587506
Area: 0.00026535787024226944
CentroidX: 0.5772
CentroidY: 0.3426
