Location: 2025-04-19_205627-1.png_Mean-Medain.png
Component: component_1745099319566_51.png
centerX: 0.044169611307420496
centerY: 0.025673940949935817
width: 0.030035335689045935
height: 0.03337612323491656
Area: 0.00040471485243027993
CentroidX: 0.0591
CentroidY: 0.0429
