Location: 2025-04-19_205627-1.png_Otsu.png
Component: component_1745099319376_996.png
centerX: 0.541813898704358
centerY: 0.5960633290543432
width: 0.03651354534746761
height: 0.036799315361574665
Area: 0.0002643498631378354
CentroidX: 0.5575
CentroidY: 0.6147
