Location: 2025-04-19_205627-1.png_Mean-Medain.png
Component: component_1745099319605_227.png
centerX: 0.22438162544169613
centerY: 0.3889602053915276
width: 0.030624263839811542
height: 0.03508771929824561
Area: 0.0004142909199224036
CentroidX: 0.2382
CentroidY: 0.4058
