Location: 2025-04-19_205627-1.png_Gaussian-Median.png
Component: component_1745099319495_215.png
centerX: 0.5294464075382803
centerY: 0.3842533162173727
width: 0.02944640753828033
height: 0.03123662815575524
Area: 0.00038682272632657516
CentroidX: 0.5428
CentroidY: 0.4000
