Location: 2025-04-19_205532-1.png_Gaussian-Closing.png
Component: component_1745099318939_82.png
centerX: 0.1690223792697291
centerY: 0.16174582798459564
width: 0.034746760895170786
height: 0.03123662815575524
Area: 0.00043747508332438726
CentroidX: 0.1871
CentroidY: 0.1769
