Location: 2025-04-19_205532-1.png_Gaussian-Closing.png
Component: component_1745099318974_247.png
centerX: 0.18845700824499412
centerY: 0.5596919127086007
width: 0.030624263839811542
height: 0.03337612323491656
Area: 0.0004394910975332554
CentroidX: 0.2023
CentroidY: 0.5765
