Location: 2025-04-19_205627-1.png_Gaussian-Median.png
Component: component_1745099319466_85.png
centerX: 0.7308598351001178
centerY: 0.12237911852802738
width: 0.032391048292108364
height: 0.0329482242190843
Area: 0.00036464657002902555
CentroidX: 0.7473
CentroidY: 0.1392
