Location: 2025-04-19_205627-1.png_Otsu.png
Component: component_1745099319359_921.png
centerX: 0.15665488810365136
centerY: 0.5412922550278134
width: 0.030035335689045935
height: 0.02995293110825845
Area: 0.00032281427519501157
CentroidX: 0.1717
CentroidY: 0.5559
