Location: 2025-04-19_205627-1.png_Mean-Medain.png
Component: component_1745099319625_291.png
centerX: 0.568904593639576
centerY: 0.542148053059478
width: 0.028857479387514724
height: 0.03423192126658109
Area: 0.00037573464817780035
CentroidX: 0.5837
CentroidY: 0.5605
