Location: 2025-04-19_205627-1.png_Gaussian-Median.png
Component: component_1745099319493_207.png
centerX: 0.7426383981154299
centerY: 0.3804022250748823
width: 0.028857479387514724
height: 0.03380402225074882
Area: 0.0003613705469396148
CentroidX: 0.7566
CentroidY: 0.3961
