Location: 2025-04-19_205532-1.png_Gaussian-Closing.png
Component: component_1745099318958_177.png
centerX: 0.5312131919905771
centerY: 0.3889602053915276
width: 0.030624263839811542
height: 0.03123662815575524
Area: 0.0004467991490404024
CentroidX: 0.5453
CentroidY: 0.4038
