Location: 2025-04-19_205627-1.png_Mean-Medain.png
Component: component_1745099319623_286.png
centerX: 0.2797408716136631
centerY: 0.540436456996149
width: 0.02944640753828033
height: 0.030380830124090714
Area: 0.00038430270856548997
CentroidX: 0.2944
CentroidY: 0.5564
