Location: 2025-04-19_205532-1.png_Gaussian-Closing.png
Component: component_1745099318957_173.png
centerX: 0.7703180212014135
centerY: 0.3808301240907146
width: 0.0353356890459364
height: 0.03551561831407788
Area: 0.00048233139947170345
CentroidX: 0.7851
CentroidY: 0.3982
