Location: 2025-04-19_205532-1.png_Gaussian-Closing.png
Component: component_1745099318991_323.png
centerX: 0.7255594817432274
centerY: 0.7603765511339324
width: 0.03180212014134275
height: 0.03465982028241335
Area: 0.00043218304602610837
CentroidX: 0.7389
CentroidY: 0.7780
