Location: 2025-04-19_205627-1.png_Otsu.png
Component: component_1745099319103_106.png
centerX: 0.9257950530035336
centerY: 0.07531022678647839
width: 0.032391048292108364
height: 0.032520325203252036
Area: 0.0002759419448388272
CentroidX: 0.9418
CentroidY: 0.0912
