Location: 2025-04-19_205532-1.png_Gaussian-Closing.png
Component: component_1745099318984_297.png
centerX: 0.04534746760895171
centerY: 0.6782199400941378
width: 0.032391048292108364
height: 0.030380830124090714
Area: 0.0003822866943566218
CentroidX: 0.0597
CentroidY: 0.6936
