Location: 2025-04-19_205532-1.png_Gaussian-Closing.png
Component: component_1745099318994_340.png
centerX: 0.16666666666666666
centerY: 0.7680787334189131
width: 0.035924617196702
height: 0.03080872913992298
Area: 0.00042865502116058913
CentroidX: 0.1845
CentroidY: 0.7837
