Location: 2025-04-19_205627-1.png_Mean-Medain.png
Component: component_1745099319573_78.png
centerX: 0.3386336866902238
centerY: 0.07188703465982028
width: 0.03356890459363958
height: 0.031664527171587506
Area: 0.0003444864279403441
CentroidX: 0.3541
CentroidY: 0.0868
