Location: 2025-04-19_205627-1.png_Otsu.png
Component: component_1745099319267_365.png
centerX: 0.6654888103651354
centerY: 0.22635857937526743
width: 0.030035335689045935
height: 0.03123662815575524
Area: 0.00024973376012354134
CentroidX: 0.6797
CentroidY: 0.2426
