Location: 2025-04-19_205627-1.png_Otsu.png
Component: component_1745099319296_560.png
centerX: 0.4752650176678445
centerY: 0.3256311510483526
width: 0.03121319199057715
height: 0.0329482242190843
Area: 0.00029761409758415975
CentroidX: 0.4906
CentroidY: 0.3420
