Location: 2025-04-19_205627-1.png_Gaussian-Median.png
Component: component_1745099319505_254.png
centerX: 0.5447585394581861
centerY: 0.441591784338896
width: 0.03651354534746761
height: 0.03209242618741977
Area: 0.0003593545327307467
CentroidX: 0.5608
CentroidY: 0.4574
