Location: 2025-04-19_205532-1.png_Gaussian-Closing.png
Component: component_1745099318961_196.png
centerX: 0.6083627797408716
centerY: 0.4454428754813864
width: 0.030035335689045935
height: 0.0329482242190843
Area: 0.00039186276184874553
CentroidX: 0.6217
CentroidY: 0.4625
