Location: 2025-04-19_205532-1.png_Gaussian-Closing.png
Component: component_1745099318956_165.png
centerX: 0.14723203769140164
centerY: 0.3551561831407788
width: 0.035924617196702
height: 0.02995293110825845
Area: 0.0004331910531305425
CentroidX: 0.1628
CentroidY: 0.3701
