Location: 2025-04-19_205532-1.png_Gaussian-Closing.png
Component: component_1745099318941_94.png
centerX: 0.6802120141342756
centerY: 0.20068463842533163
width: 0.034746760895170786
height: 0.03423192126658109
Area: 0.00045813922896528574
CentroidX: 0.6973
CentroidY: 0.2162
