Location: 2025-04-19_205627-1.png_Otsu.png
Component: component_1745099319063_92.png
centerX: 0.5848056537102474
centerY: 0.07060333761232349
width: 0.02944640753828033
height: 0.032520325203252036
Area: 0.00024494572637747953
CentroidX: 0.5997
CentroidY: 0.0854
