Location: 2025-04-19_205532-1.png_Gaussian-Closing.png
Component: component_1745099318959_183.png
centerX: 0.19022379269729092
centerY: 0.3970902866923406
width: 0.03356890459363958
height: 0.03123662815575524
Area: 0.00039413077783372215
CentroidX: 0.2048
CentroidY: 0.4120
