Location: 2025-04-19_205627-1.png_Gaussian-Median.png
Component: component_1745099319468_90.png
centerX: 0.9517078916372202
centerY: 0.12323491655969192
width: 0.034746760895170786
height: 0.03380402225074882
Area: 0.0004168109376834888
CentroidX: 0.9684
CentroidY: 0.1397
