Location: 2025-04-19_205627-1.png_Mean-Medain.png
Component: component_1745099319604_224.png
centerX: 0.2656065959952886
centerY: 0.38810440735986307
width: 0.02944640753828033
height: 0.03337612323491656
Area: 0.0004100068897285588
CentroidX: 0.2796
CentroidY: 0.4049
