Location: 2025-04-19_205532-1.png_Gaussian-Closing.png
Component: component_1745099319018_409.png
centerX: 0.21142520612485277
centerY: 0.9161317928968763
width: 0.03415783274440518
height: 0.0329482242190843
Area: 0.0003832947014610559
CentroidX: 0.2266
CentroidY: 0.9330
