Location: 2025-04-19_205627-1.png_Gaussian-Median.png
Component: component_1745099319472_105.png
centerX: 0.08716136631330977
centerY: 0.13136499786050493
width: 0.03651354534746761
height: 0.036371416345742404
Area: 0.0004117709021613184
CentroidX: 0.1035
CentroidY: 0.1493
