Location: 2025-04-19_205532-1.png_Gaussian-Closing.png
Component: component_1745099318926_24.png
centerX: 0.8557126030624264
centerY: 0.05477107402652974
width: 0.03121319199057715
height: 0.03209242618741977
Area: 0.0003822866943566218
CentroidX: 0.8712
CentroidY: 0.0704
