Location: 2025-04-19_205627-1.png_Gaussian-Median.png
Component: component_1745099319478_134.png
centerX: 0.7962308598351001
centerY: 0.2186563970902867
width: 0.034746760895170786
height: 0.03551561831407788
Area: 0.0004044628506541714
CentroidX: 0.8116
CentroidY: 0.2373
