Location: 2025-04-19_205532-1.png_Gaussian-Closing.png
Component: component_1745099318947_128.png
centerX: 0.04240282685512368
centerY: 0.2631578947368421
width: 0.03121319199057715
height: 0.03465982028241335
Area: 0.0004304190335933488
CentroidX: 0.0581
CentroidY: 0.2809
