Location: 2025-04-19_205627-1.png_Gaussian-Median.png
Component: component_1745099319481_150.png
centerX: 0.04770318021201413
centerY: 0.23234916559691912
width: 0.030624263839811542
height: 0.03508771929824561
Area: 0.000363386561148483
CentroidX: 0.0624
CentroidY: 0.2500
