Location: 2025-04-19_205627-1.png_Otsu.png
Component: component_1745099319345_908.png
centerX: 0.8521790341578327
centerY: 0.4959349593495935
width: 0.028268551236749116
height: 0.03209242618741977
Area: 0.0002920700585097724
CentroidX: 0.8636
CentroidY: 0.5120
