Location: 2025-04-19_205627-1.png_Otsu.png
Component: component_1745099319054_15.png
centerX: 0.044169611307420496
centerY: 0.025673940949935817
width: 0.02944640753828033
height: 0.03337612323491656
Area: 0.0003507864723430571
CentroidX: 0.0587
CentroidY: 0.0431
