Location: 2025-04-19_205627-1.png_Gaussian-Median.png
Component: component_1745099319514_287.png
centerX: 0.5200235571260307
centerY: 0.4942233632862644
width: 0.034746760895170786
height: 0.03465982028241335
Area: 0.0004281510176083721
CentroidX: 0.5330
CentroidY: 0.5115
