Location: 2025-04-19_205532-1.png_Gaussian-Closing.png
Component: component_1745099318959_184.png
centerX: 0.23498233215547704
centerY: 0.3970902866923406
width: 0.037102473498233215
height: 0.03080872913992298
Area: 0.0004221029749817677
CentroidX: 0.2502
CentroidY: 0.4118
