Location: 2025-04-19_205627-1.png_Gaussian-Median.png
Component: component_1745099319489_188.png
centerX: 0.5188457008244994
centerY: 0.3256311510483526
width: 0.032391048292108364
height: 0.03080872913992298
Area: 0.0003986668098036755
CentroidX: 0.5346
CentroidY: 0.3407
