Location: 2025-04-19_205627-1.png_Otsu.png
Component: component_1745099319122_196.png
centerX: 0.08775029446407538
centerY: 0.1317928968763372
width: 0.03651354534746761
height: 0.03551561831407788
Area: 0.00030618215797184936
CentroidX: 0.1030
CentroidY: 0.1487
