Location: 2025-04-19_205532-1.png_Gaussian-Closing.png
Component: component_1745099318967_223.png
centerX: 0.4045936395759717
centerY: 0.49293966623876767
width: 0.032391048292108364
height: 0.03080872913992298
Area: 0.0003963987938186988
CentroidX: 0.4169
CentroidY: 0.5082
