Location: 2025-04-19_205627-1.png_Mean-Medain.png
Component: component_1745099319584_137.png
centerX: 0.26325088339222613
centerY: 0.17800599058622166
width: 0.03180212014134275
height: 0.03080872913992298
Area: 0.00038379870501327294
CentroidX: 0.2793
CentroidY: 0.1935
