Location: 2025-04-19_205627-1.png_Gaussian-Median.png
Component: component_1745099319457_52.png
centerX: 0.7379269729093051
centerY: 0.02738553701326487
width: 0.03415783274440518
height: 0.030380830124090714
Area: 0.0003608665433873978
CentroidX: 0.7538
CentroidY: 0.0419
