Location: 2025-04-19_205627-1.png_Gaussian-Median.png
Component: component_1745099319499_240.png
centerX: 0.9234393404004712
centerY: 0.43859649122807015
width: 0.030624263839811542
height: 0.03423192126658109
Area: 0.00034171440840315045
CentroidX: 0.9390
CentroidY: 0.4576
