Location: 2025-04-19_205532-1.png_Gaussian-Closing.png
Component: component_1745099318976_262.png
centerX: 0.6448763250883393
centerY: 0.6084724005134788
width: 0.028857479387514724
height: 0.03337612323491656
Area: 0.0003822866943566218
CentroidX: 0.6593
CentroidY: 0.6258
