Location: 2025-04-19_205627-1.png_Otsu.png
Component: component_1745099319056_24.png
centerX: 0.6978798586572438
centerY: 0.026529738981600343
width: 0.030035335689045935
height: 0.0329482242190843
Area: 0.0002915660549575553
CentroidX: 0.7111
CentroidY: 0.0422
