Location: 2025-04-19_205532-1.png_Gaussian-Closing.png
Component: component_1745099318978_270.png
centerX: 0.3127208480565371
centerY: 0.6204535729567822
width: 0.034746760895170786
height: 0.0329482242190843
Area: 0.0004210949678773336
CentroidX: 0.3265
CentroidY: 0.6371
