Location: 2025-04-19_205627-1.png_Mean-Medain.png
Component: component_1745099319633_331.png
centerX: 0.7985865724381626
centerY: 0.5982028241335045
width: 0.03121319199057715
height: 0.037655113393239195
Area: 0.0004626752609352391
CentroidX: 0.8113
CentroidY: 0.6180
