Location: 2025-04-19_205627-1.png_Gaussian-Median.png
Component: component_1745099319531_338.png
centerX: 0.8380447585394581
centerY: 0.59734702610184
width: 0.03415783274440518
height: 0.03936670945656825
Area: 0.00046973131066627757
CentroidX: 0.8504
CentroidY: 0.6184
