Location: 2025-04-19_205627-1.png_Otsu.png
Component: component_1745099319360_923.png
centerX: 0.3168433451118963
centerY: 0.5412922550278134
width: 0.02944640753828033
height: 0.03209242618741977
Area: 0.0003046701473151983
CentroidX: 0.3302
CentroidY: 0.5576
