Location: 2025-04-19_205627-1.png_Otsu.png
Component: component_1745099319364_930.png
centerX: 0.464075382803298
centerY: 0.5430038510911425
width: 0.02944640753828033
height: 0.03508771929824561
Area: 0.000307442166852392
CentroidX: 0.4778
CentroidY: 0.5607
