Location: 2025-04-19_205532-1.png_Gaussian-Closing.png
Component: component_1745099318937_73.png
centerX: 0.5188457008244994
centerY: 0.15489944373127942
width: 0.035924617196702
height: 0.0329482242190843
Area: 0.00045385519877144095
CentroidX: 0.5356
CentroidY: 0.1706
