Location: 2025-04-19_205532-1.png_Gaussian-Closing.png
Component: component_1745099318983_295.png
centerX: 0.13957597173144876
centerY: 0.6739409499358151
width: 0.03297997644287397
height: 0.02866923406076166
Area: 0.00035456649898468485
CentroidX: 0.1528
CentroidY: 0.6884
