Location: 2025-04-19_205627-1.png_Gaussian-Median.png
Component: component_1745099319509_272.png
centerX: 0.08303886925795052
centerY: 0.4895164741121095
width: 0.030035335689045935
height: 0.03380402225074882
Area: 0.000391610760072637
CentroidX: 0.0981
CentroidY: 0.5062
