Location: 2025-04-19_205532-1.png_Gaussian-Closing.png
Component: component_1745099318965_214.png
centerX: 0.7673733804475854
centerY: 0.4852374839537869
width: 0.032391048292108364
height: 0.03337612323491656
Area: 0.0004478071561448365
CentroidX: 0.7817
CentroidY: 0.5010
