Location: 2025-04-19_205627-1.png_Otsu.png
Component: component_1745099319317_695.png
centerX: 0.3510011778563015
centerY: 0.38767650834403083
width: 0.030035335689045935
height: 0.03123662815575524
Area: 0.0002381416784225495
CentroidX: 0.3649
CentroidY: 0.4034
