Location: 2025-04-19_205627-1.png_Mean-Medain.png
Component: component_1745099319621_276.png
centerX: 0.519434628975265
centerY: 0.4942233632862644
width: 0.0353356890459364
height: 0.03465982028241335
Area: 0.00043722308154827875
CentroidX: 0.5331
CentroidY: 0.5115
