Location: 2025-04-19_205532-1.png_Gaussian-Closing.png
Component: component_1745099318932_54.png
centerX: 0.5265017667844523
centerY: 0.10997004706889174
width: 0.0353356890459364
height: 0.032520325203252036
Area: 0.000461667253830805
CentroidX: 0.5446
CentroidY: 0.1260
