Location: 2025-04-19_205532-1.png_Gaussian-Closing.png
Component: component_1745099318928_33.png
centerX: 0.49469964664310956
centerY: 0.058622165169020114
width: 0.030035335689045935
height: 0.031664527171587506
Area: 0.000405722859534714
CentroidX: 0.5104
CentroidY: 0.0745
