Location: 2025-04-19_205532-1.png_Gaussian-Closing.png
Component: component_1745099318928_31.png
centerX: 0.5341578327444052
centerY: 0.05733846812152332
width: 0.03180212014134275
height: 0.031664527171587506
Area: 0.000398414808027567
CentroidX: 0.5515
CentroidY: 0.0734
