Location: 2025-04-19_205627-1.png_Mean-Medain.png
Component: component_1745099319597_192.png
centerX: 0.4752650176678445
centerY: 0.3252032520325203
width: 0.03356890459363958
height: 0.03337612323491656
Area: 0.000447555154368728
CentroidX: 0.4917
CentroidY: 0.3416
