Location: 2025-04-19_205627-1.png_Mean-Medain.png
Component: component_1745099319580_118.png
centerX: 0.08716136631330977
centerY: 0.13136499786050493
width: 0.037102473498233215
height: 0.036371416345742404
Area: 0.00042638700517561246
CentroidX: 0.1038
CentroidY: 0.1493
