Location: 2025-04-19_205532-1.png_Gaussian-Closing.png
Component: component_1745099318970_233.png
centerX: 0.8032979976442874
centerY: 0.5515618314077878
width: 0.02944640753828033
height: 0.036371416345742404
Area: 0.0004737633390840139
CentroidX: 0.8159
CentroidY: 0.5698
