Location: 2025-04-19_205627-1.png_Mean-Medain.png
Component: component_1745099319576_99.png
centerX: 0.9063604240282686
centerY: 0.12237911852802738
width: 0.0353356890459364
height: 0.0329482242190843
Area: 0.0004059748613108225
CentroidX: 0.9214
CentroidY: 0.1385
