Location: 2025-04-19_205627-1.png_Otsu.png
Component: component_1745099319057_28.png
centerX: 0.610718492343934
centerY: 0.02738553701326487
width: 0.03121319199057715
height: 0.03551561831407788
Area: 0.0002882900318681446
CentroidX: 0.6259
CentroidY: 0.0444
