Location: 2025-04-19_205627-1.png_Gaussian-Median.png
Component: component_1745099319448_36.png
centerX: 0.1772673733804476
centerY: 0.025246041934103552
width: 0.028268551236749116
height: 0.03508771929824561
Area: 0.00042134696965344214
CentroidX: 0.1917
CentroidY: 0.0428
