Location: 2025-04-19_205627-1.png_Gaussian-Median.png
Component: component_1745099319504_249.png
centerX: 0.08480565371024736
centerY: 0.441591784338896
width: 0.02944640753828033
height: 0.0329482242190843
Area: 0.0003538104936563593
CentroidX: 0.0984
CentroidY: 0.4589
