Location: 2025-04-19_205532-1.png_Gaussian-Closing.png
Component: component_1745099318991_322.png
centerX: 0.964075382803298
centerY: 0.7590928540864356
width: 0.028268551236749116
height: 0.03551561831407788
Area: 0.00037321463041671516
CentroidX: 0.9778
CentroidY: 0.7773
