Location: 2025-04-19_205532-1.png_Gaussian-Closing.png
Component: component_1745099319010_374.png
centerX: 0.6277974087161367
centerY: 0.8635002139495079
width: 0.030035335689045935
height: 0.03465982028241335
Area: 0.00039438277960983066
CentroidX: 0.6422
CentroidY: 0.8807
