Location: 2025-04-19_205532-1.png_Gaussian-Closing.png
Component: component_1745099318938_78.png
centerX: 0.42343934040047115
centerY: 0.15960633290543433
width: 0.03651354534746761
height: 0.02738553701326487
Area: 0.00043016703181724027
CentroidX: 0.4426
CentroidY: 0.1735
