Location: 2025-04-19_205627-1.png_Gaussian-Median.png
Component: component_1745099319449_41.png
centerX: 0.08421672555948174
centerY: 0.02610183996576808
width: 0.03356890459363958
height: 0.03423192126658109
Area: 0.00043470306378719356
CentroidX: 0.1008
CentroidY: 0.0433
