Location: 2025-04-19_205627-1.png_Gaussian-Median.png
Component: component_1745099319492_197.png
centerX: 0.26148409893992935
centerY: 0.3346170303808301
width: 0.03415783274440518
height: 0.0329482242190843
Area: 0.0003752306446255833
CentroidX: 0.2766
CentroidY: 0.3511
