Location: 2025-04-19_205627-1.png_Otsu.png
Component: component_1745099319313_676.png
centerX: 0.6590106007067138
centerY: 0.3808301240907146
width: 0.027090694935217905
height: 0.03594351732991014
Area: 0.0002668698808989206
CentroidX: 0.6687
CentroidY: 0.3995
