Location: 2025-04-19_205627-1.png_Mean-Medain.png
Component: component_1745099319614_247.png
centerX: 0.502944640753828
centerY: 0.441591784338896
width: 0.03180212014134275
height: 0.03209242618741977
Area: 0.0004001788204603266
CentroidX: 0.5180
CentroidY: 0.4581
