Location: 2025-04-19_205532-1.png_Gaussian-Closing.png
Component: component_1745099318938_80.png
centerX: 0.2950530035335689
centerY: 0.16046213093709885
width: 0.035924617196702
height: 0.02995293110825845
Area: 0.0004465471472642939
CentroidX: 0.3135
CentroidY: 0.1752
