Location: 2025-04-19_205532-1.png_Gaussian-Closing.png
Component: component_1745099318991_324.png
centerX: 0.8533568904593639
centerY: 0.7612323491655969
width: 0.02591283863368669
height: 0.03337612323491656
Area: 0.0003752306446255833
CentroidX: 0.8653
CentroidY: 0.7778
