Location: 2025-04-19_205627-1.png_Mean-Medain.png
Component: component_1745099319628_306.png
centerX: 0.8286219081272085
centerY: 0.5477107402652974
width: 0.03297997644287397
height: 0.03551561831407788
Area: 0.0004089988826241247
CentroidX: 0.8430
CentroidY: 0.5652
