Location: 2025-04-19_205627-1.png_Mean-Medain.png
Component: component_1745099319632_329.png
centerX: 0.6719670200235571
centerY: 0.5982028241335045
width: 0.032391048292108364
height: 0.03551561831407788
Area: 0.0004871194332177653
CentroidX: 0.6858
CentroidY: 0.6167
