Location: 2025-04-19_205627-1.png_Gaussian-Median.png
Component: component_1745099319488_181.png
centerX: 0.9240282685512368
centerY: 0.3204963628583654
width: 0.03356890459363958
height: 0.037655113393239195
Area: 0.0004387350922049299
CentroidX: 0.9411
CentroidY: 0.3387
