Location: 2025-04-19_205532-1.png_Gaussian-Closing.png
Component: component_1745099318959_181.png
centerX: 0.38928150765606595
centerY: 0.39195549850235345
width: 0.0353356890459364
height: 0.031664527171587506
Area: 0.0004331910531305425
CentroidX: 0.4045
CentroidY: 0.4075
