Location: 2025-04-19_205627-1.png_Gaussian-Median.png
Component: component_1745099319492_198.png
centerX: 0.2137809187279152
centerY: 0.33547282841249465
width: 0.03297997644287397
height: 0.03123662815575524
Area: 0.00039740680092313293
CentroidX: 0.2304
CentroidY: 0.3507
