Location: 2025-04-19_205627-1.png_Gaussian-Median.png
Component: component_1745099319456_48.png
centerX: 0.8698468786808009
centerY: 0.026529738981600343
width: 0.030624263839811542
height: 0.03123662815575524
Area: 0.00037397063574504076
CentroidX: 0.8839
CentroidY: 0.0413
