Location: 2025-04-19_205532-1.png_Gaussian-Closing.png
Component: component_1745099318991_320.png
centerX: 0.04711425206124853
centerY: 0.7235772357723578
width: 0.028857479387514724
height: 0.03209242618741977
Area: 0.0003669145860140022
CentroidX: 0.0602
CentroidY: 0.7396
