Location: 2025-04-19_205532-1.png_Gaussian-Closing.png
Component: component_1745099318924_12.png
centerX: 0.5535924617196702
centerY: 0.013264869490800172
width: 0.03180212014134275
height: 0.03080872913992298
Area: 0.0004588952342936113
CentroidX: 0.5702
CentroidY: 0.0290
