Location: 2025-04-19_205627-1.png_Mean-Medain.png
Component: component_1745099319594_177.png
centerX: 0.3221436984687868
centerY: 0.2819854514334617
width: 0.03180212014134275
height: 0.03508771929824561
Area: 0.00041101489683299287
CentroidX: 0.3360
CentroidY: 0.2998
