Location: 2025-04-19_205627-1.png_Gaussian-Median.png
Component: component_1745099319529_329.png
centerX: 0.9140164899882215
centerY: 0.5943517329910141
width: 0.028857479387514724
height: 0.036371416345742404
Area: 0.00038102668547607924
CentroidX: 0.9264
CentroidY: 0.6129
