Location: 2025-04-19_205627-1.png_Mean-Medain.png
Component: component_1745099319568_55.png
centerX: 0.26914016489988224
centerY: 0.026529738981600343
width: 0.030624263839811542
height: 0.032520325203252036
Area: 0.0003936267742815051
CentroidX: 0.2841
CentroidY: 0.0421
