Location: 2025-04-19_205532-1.png_Gaussian-Closing.png
Component: component_1745099318949_135.png
centerX: 0.690223792697291
centerY: 0.2862644415917843
width: 0.03415783274440518
height: 0.0329482242190843
Area: 0.0004737633390840139
CentroidX: 0.7075
CentroidY: 0.3019
