Location: 2025-04-19_205532-1.png_Gaussian-Closing.png
Component: component_1745099318938_76.png
centerX: 0.212603062426384
centerY: 0.15875053487376978
width: 0.03297997644287397
height: 0.03337612323491656
Area: 0.0004432711241748832
CentroidX: 0.2292
CentroidY: 0.1746
