Location: 2025-04-19_205627-1.png_Mean-Medain.png
Component: component_1745099319572_69.png
centerX: 0.5465253239104829
centerY: 0.06889174154899444
width: 0.032391048292108364
height: 0.02995293110825845
Area: 0.0003369263746570886
CentroidX: 0.5617
CentroidY: 0.0837
