Location: 2025-04-19_205627-1.png_Gaussian-Median.png
Component: component_1745099319465_77.png
centerX: 0.9257950530035336
centerY: 0.07531022678647839
width: 0.03356890459363958
height: 0.0329482242190843
Area: 0.0003555745060891189
CentroidX: 0.9425
CentroidY: 0.0911
