Location: 2025-04-19_205627-1.png_Otsu.png
Component: component_1745099319371_985.png
centerX: 0.08362779740871613
centerY: 0.5905006418485238
width: 0.030035335689045935
height: 0.03209242618741977
Area: 0.00029862210468859385
CentroidX: 0.0972
CentroidY: 0.6070
