Location: 2025-04-19_205627-1.png_Gaussian-Median.png
Component: component_1745099319492_195.png
centerX: 0.30918727915194344
centerY: 0.3324775353016688
width: 0.030035335689045935
height: 0.03080872913992298
Area: 0.0003724586250883896
CentroidX: 0.3235
CentroidY: 0.3478
