Location: 2025-04-19_205627-1.png_Gaussian-Median.png
Component: component_1745099319515_288.png
centerX: 0.3027090694935218
centerY: 0.49507916131792895
width: 0.03651354534746761
height: 0.03508771929824561
Area: 0.000447555154368728
CentroidX: 0.3180
CentroidY: 0.5119
