Location: 2025-04-19_205627-1.png_Otsu.png
Component: component_1745099319329_819.png
centerX: 0.7626619552414605
centerY: 0.4462986735130509
width: 0.03651354534746761
height: 0.026529738981600343
Area: 0.00013104092357642936
CentroidX: 0.7767
CentroidY: 0.4619
