Location: 2025-04-19_205627-1.png_Otsu.png
Component: component_1745099319180_300.png
centerX: 0.3504122497055359
centerY: 0.1775780915703894
width: 0.02944640753828033
height: 0.03337612323491656
Area: 0.00023259763934816214
CentroidX: 0.3649
CentroidY: 0.1939
