Location: 2025-04-19_205627-1.png_Otsu.png
Component: component_1745099319124_278.png
centerX: 0.8621908127208481
centerY: 0.16260162601626016
width: 0.030624263839811542
height: 0.03209242618741977
Area: 0.00024292971216861137
CentroidX: 0.8765
CentroidY: 0.1793
