Location: 2025-04-19_205627-1.png_Gaussian-Median.png
Component: component_1745099319529_326.png
centerX: 0.20906949352179033
centerY: 0.5905006418485238
width: 0.03121319199057715
height: 0.03551561831407788
Area: 0.0004331910531305425
CentroidX: 0.2230
CentroidY: 0.6085
