Location: 2025-04-19_205627-1.png_Gaussian-Median.png
Component: component_1745099319480_147.png
centerX: 0.3080094228504123
centerY: 0.2293538724860933
width: 0.03121319199057715
height: 0.03337612323491656
Area: 0.00036162254871572333
CentroidX: 0.3230
CentroidY: 0.2460
