Location: 2025-04-19_205627-1.png_Mean-Medain.png
Component: component_1745099319582_130.png
centerX: 0.38987043580683156
centerY: 0.17415489944373128
width: 0.03121319199057715
height: 0.03508771929824561
Area: 0.0003830426996849474
CentroidX: 0.4044
CentroidY: 0.1922
