Location: 2025-04-19_205532-1.png_Gaussian-Closing.png
Component: component_1745099318932_52.png
centerX: 0.7538280329799765
centerY: 0.10868635002139496
width: 0.03415783274440518
height: 0.03123662815575524
Area: 0.00044805915792094504
CentroidX: 0.7699
CentroidY: 0.1230
