Location: 2025-04-19_205627-1.png_Otsu.png
Component: component_1745099319378_1000.png
centerX: 0.7131919905771495
centerY: 0.5969191270860077
width: 0.02061248527679623
height: 0.03808301240907146
Area: 0.00020311343154346553
CentroidX: 0.7222
CentroidY: 0.6139
