Location: 2025-04-19_205627-1.png_Otsu.png
Component: component_1745099319065_96.png
centerX: 0.25206124852767964
centerY: 0.07231493367565255
width: 0.02944640753828033
height: 0.031664527171587506
Area: 0.00027216191819719946
CentroidX: 0.2660
CentroidY: 0.0873
