Location: 2025-04-19_205532-1.png_Gaussian-Closing.png
Component: component_1745099318922_2.png
centerX: 0.28032979976442873
centerY: 0.01198117244330338
width: 0.03180212014134275
height: 0.032520325203252036
Area: 0.00046670728935297535
CentroidX: 0.2968
CentroidY: 0.0276
