Location: 2025-04-19_205532-1.png_Gaussian-Closing.png
Component: component_1745099318963_204.png
centerX: 0.23910482921083628
centerY: 0.4501497646555413
width: 0.03297997644287397
height: 0.03594351732991014
Area: 0.0004352070673394106
CentroidX: 0.2529
CentroidY: 0.4681
