Location: 2025-04-19_205532-1.png_Gaussian-Closing.png
Component: component_1745099318966_220.png
centerX: 0.5371024734982333
centerY: 0.4895164741121095
width: 0.03415783274440518
height: 0.03423192126658109
Area: 0.00044251511884655764
CentroidX: 0.5511
CentroidY: 0.5060
