Location: 2025-04-19_205532-1.png_Gaussian-Closing.png
Component: component_1745099318969_228.png
centerX: 0.13957597173144876
centerY: 0.5010697475395807
width: 0.030035335689045935
height: 0.03337612323491656
Area: 0.00039791080447534996
CentroidX: 0.1528
CentroidY: 0.5177
