Location: 2025-04-19_205532-1.png_Gaussian-Closing.png
Component: component_1745099318955_160.png
centerX: 0.43934040047114253
centerY: 0.3500213949507916
width: 0.03415783274440518
height: 0.02995293110825845
Area: 0.00042663900695172097
CentroidX: 0.4537
CentroidY: 0.3648
