Location: 2025-04-19_205627-1.png_Gaussian-Median.png
Component: component_1745099319497_220.png
centerX: 0.3945818610129564
centerY: 0.38724860932819855
width: 0.03297997644287397
height: 0.0329482242190843
Area: 0.0003963987938186988
CentroidX: 0.4092
CentroidY: 0.4036
