Location: internet_21.png_Gaussian-Closing.png
Component: component_1755082377502_67.png
centerX: 0.5578395808141878
centerY: 0.15483319076133448
width: 0.026602176541717048
height: 0.043341887653264896
Area: 0.00031778442309254927
CentroidX: 0.5717
CentroidY: 0.1757
