Location: Dedata_17.png_Mean-Medain.png
Component: component_1755512339296_138.png
centerX: 0.02056451612903226
centerY: 0.3149045312054716
width: 0.02258064516129032
height: 0.037902536335138216
Area: 0.0003156629496502082
CentroidX: 0.0329
CentroidY: 0.3310
