Location: internet_21.png_Gaussian-Closing.png
Component: component_1755082377567_301.png
centerX: 0.5501813784764208
centerY: 0.7060165383518677
width: 0.030229746070133012
height: 0.039635015682919876
Area: 0.00031353197330794734
CentroidX: 0.5666
CentroidY: 0.7258
