Location: Dedata_17.png_Gaussian-Median.png
Component: component_1755512339659_211.png
centerX: 0.18064516129032257
centerY: 0.4790538614990026
width: 0.02338709677419355
height: 0.036477628954117984
Area: 0.00029222092499471406
CentroidX: 0.1908
CentroidY: 0.4946
