Location: Dedata_17.png_Gaussian-Median.png
Component: component_1755512339650_173.png
centerX: 0.7137096774193549
centerY: 0.3804502707324024
width: 0.025403225806451612
height: 0.03619264747791394
Area: 0.00029877090247198447
CentroidX: 0.7244
CentroidY: 0.3957
