Location: internet_21.png_Gaussian-Closing.png
Component: component_1755082377517_114.png
centerX: 0.6924627166465135
centerY: 0.25805531793555747
width: 0.027408303103587262
height: 0.0427715996578272
Area: 0.0003691586137335509
CentroidX: 0.7091
CentroidY: 0.2800
