Location: internet_21.png_Otsu.png
Component: component_1755082376585_168.png
centerX: 0.6956872228939943
centerY: 0.09153122326775022
width: 0.03426037887948408
height: 0.045337895637296836
Area: 0.00032376083900604387
CentroidX: 0.7136
CentroidY: 0.1149
