Location: Dedata_17.png_Otsu.png
Component: component_1755512340179_24.png
centerX: 0.9556451612903226
centerY: 0.05443146195497293
width: 0.020967741935483872
height: 0.025648332858364205
Area: 0.00018776602101508563
CentroidX: 0.9656
CentroidY: 0.0652
