Location: Dedata_17.png_Mean-Medain.png
Component: component_1755512339277_50.png
centerX: 0.7995967741935484
centerY: 0.10800797948133371
width: 0.02217741935483871
height: 0.04103733257338273
Area: 0.0003365769128232471
CentroidX: 0.8099
CentroidY: 0.1248
