Location: internet_21.png_Otsu.png
Component: component_1755082377154_2527.png
centerX: 0.5300282144296654
centerY: 0.7676076418591389
width: 0.030632809351068116
height: 0.041060735671514116
Area: 0.0002892815164281904
CentroidX: 0.5458
CentroidY: 0.7881
