Location: Dedata_17.png_Gaussian-Median.png
Component: component_1755512339608_53.png
centerX: 0.8419354838709677
centerY: 0.1043032202906811
width: 0.02338709677419355
height: 0.037047591906526074
Area: 0.0003148585664512452
CentroidX: 0.8539
CentroidY: 0.1197
