Location: Dedata_17.png_Mean-Closing.png
Component: component_1755512339847_282.png
centerX: 0.5334677419354839
centerY: 0.6853804502707324
width: 0.02217741935483871
height: 0.04075235109717868
Area: 0.00037059083095082693
CentroidX: 0.5447
CentroidY: 0.7025
