Location: internet_21.png_Gaussian-Median.png
Component: component_1755082377331_166.png
centerX: 0.6307940346634422
centerY: 0.32221271742229823
width: 0.031035872632003223
height: 0.04020530367835757
Area: 0.00040041986620413804
CentroidX: 0.6476
CentroidY: 0.3406
