Location: Dedata_17.png_Mean-Closing.png
Component: component_1755512339767_116.png
centerX: 0.8237903225806451
centerY: 0.2653177543459675
width: 0.022983870967741935
height: 0.04075235109717868
Area: 0.0003241664291821032
CentroidX: 0.8334
CentroidY: 0.2815
