Location: Dedata_17.png_Mean-Medain.png
Component: component_1755512339339_318.png
centerX: 0.23709677419354838
centerY: 0.7748646337988031
width: 0.017741935483870968
height: 0.03818751781134226
Area: 0.00033209534928616734
CentroidX: 0.2467
CentroidY: 0.7907
