Location: Dedata_17.png_Gaussian-Median.png
Component: component_1755512339587_29.png
centerX: 0.9556451612903226
centerY: 0.05414648047876888
width: 0.021370967741935483
height: 0.026503277286976348
Area: 0.00023338603958484634
CentroidX: 0.9658
CentroidY: 0.0658
