Location: Dedata_17.png_Gaussian-Median.png
Component: component_1755512339590_37.png
centerX: 0.5665322580645161
centerY: 0.0652607580507267
width: 0.01935483870967742
height: 0.039042462239954404
Area: 0.00029417442704933857
CentroidX: 0.5757
CentroidY: 0.0821
