Location: Dedata_17.png_Otsu.png
Component: component_1755512340284_677.png
centerX: 0.6137096774193549
centerY: 0.6152750071245369
width: 0.02258064516129032
height: 0.039042462239954404
Area: 0.0002857858594030098
CentroidX: 0.6269
CentroidY: 0.6324
