Location: Dedata_17.png_Mean-Medain.png
Component: component_1755512339285_88.png
centerX: 0.2060483870967742
centerY: 0.1792533485323454
width: 0.01975806451612903
height: 0.04474209176403534
Area: 0.000376106601458002
CentroidX: 0.2165
CentroidY: 0.1981
