Location: internet_21.png_Mean-Medain.png
Component: component_1755082376288_24.png
centerX: 0.8230552196694881
centerY: 0.04562303963501568
width: 0.028214429665457477
height: 0.03877958368976333
Area: 0.0003110034896522381
CentroidX: 0.8370
CentroidY: 0.0638
