Location: internet_21.png_Mean-Medain.png
Component: component_1755082376311_126.png
centerX: 0.3490528012898025
centerY: 0.28371827773025377
width: 0.030229746070133012
height: 0.04305674365554605
Area: 0.00041041886975171554
CentroidX: 0.3650
CentroidY: 0.3061
