Location: Dedata_17.png_Gaussian-Median.png
Component: component_1755512339683_326.png
centerX: 0.9088709677419354
centerY: 0.7717298375605586
width: 0.021370967741935483
height: 0.037047591906526074
Area: 0.00030853841274510705
CentroidX: 0.9199
CentroidY: 0.7869
