Location: internet_21.png_Gaussian-Median.png
Component: component_1755082377329_157.png
centerX: 0.019347037484885126
centerY: 0.30253778157969774
width: 0.03184199919387344
height: 0.04220131166238951
Area: 0.0003942135881401244
CentroidX: 0.0359
CentroidY: 0.3234
