Location: internet_21.png_Mean-Medain.png
Component: component_1755082376330_209.png
centerX: 0.8016928657799275
centerY: 0.4984317080125463
width: 0.030229746070133012
height: 0.04505275163957799
Area: 0.00043145125652420613
CentroidX: 0.8194
CentroidY: 0.5204
