Location: Dedata_17.png_Gaussian-Median.png
Component: component_1755512339604_45.png
centerX: 0.3395161290322581
centerY: 0.07495012824166429
width: 0.01975806451612903
height: 0.04132231404958678
Area: 0.0003227874865553094
CentroidX: 0.3491
CentroidY: 0.0927
