Location: internet_21.png_Gaussian-Closing.png
Component: component_1755082377579_351.png
centerX: 0.580814187827489
centerY: 0.8243512974051896
width: 0.026602176541717048
height: 0.040490447676076416
Area: 0.0002790526507300939
CentroidX: 0.5963
CentroidY: 0.8452
