Location: Dedata_17.png_Mean-Medain.png
Component: component_1755512339298_147.png
centerX: 0.5504032258064516
centerY: 0.3394129381590197
width: 0.025403225806451612
height: 0.04018238814477059
Area: 0.000327154138206823
CentroidX: 0.5616
CentroidY: 0.3563
