Location: Dedata_17.png_Mean-Closing.png
Component: component_1755512339770_127.png
centerX: 0.39314516129032256
centerY: 0.2946708463949843
width: 0.025
height: 0.03733257338273012
Area: 0.0002880840971143327
CentroidX: 0.4046
CentroidY: 0.3100
