Location: Dedata_17.png_Otsu.png
Component: component_1755512340319_783.png
centerX: 0.18387096774193548
centerY: 0.8954117982331149
width: 0.020161290322580645
height: 0.03932744371615845
Area: 0.00029992002132764594
CentroidX: 0.1950
CentroidY: 0.9117
