Location: Dedata_17.png_Otsu.png
Component: component_1755512340251_632.png
centerX: 0.3350806451612903
centerY: 0.5192362496437731
width: 0.018548387096774192
height: 0.03676261043032203
Area: 0.00024855440847957786
CentroidX: 0.3462
CentroidY: 0.5343
