Location: internet_21.png_Gaussian-Closing.png
Component: component_1755082377550_235.png
centerX: 0.8432083837162434
centerY: 0.553464499572284
width: 0.03426037887948408
height: 0.04590818363273453
Area: 0.00034755157158476274
CentroidX: 0.8616
CentroidY: 0.5754
