Location: internet_21.png_Mean-Medain.png
Component: component_1755082376288_22.png
centerX: 0.9347037484885127
centerY: 0.04134587966923296
width: 0.03143893591293833
height: 0.03592814371257485
Area: 0.0003149111462110615
CentroidX: 0.9513
CentroidY: 0.0591
