Location: Dedata_17.png_Mean-Closing.png
Component: component_1755512339812_244.png
centerX: 0.26653225806451614
centerY: 0.5844970076944999
width: 0.022983870967741935
height: 0.04274722143060701
Area: 0.0003287629046047491
CentroidX: 0.2808
CentroidY: 0.6025
