Location: Dedata_17.png_Mean-Medain.png
Component: component_1755512339341_330.png
centerX: 0.5955645161290323
centerY: 0.7982331148475349
width: 0.020967741935483872
height: 0.03875748076375036
Area: 0.0003405988288180623
CentroidX: 0.6065
CentroidY: 0.8143
