Location: internet_21.png_Gaussian-Closing.png
Component: component_1755082377507_75.png
centerX: 0.016928657799274487
centerY: 0.17735956658112348
width: 0.03184199919387344
height: 0.043341887653264896
Area: 0.0003590446791107139
CentroidX: 0.0338
CentroidY: 0.1987
