Location: Dedata_17.png_Mean-Medain.png
Component: component_1755512339343_336.png
centerX: 0.35201612903225804
centerY: 0.8218865773724708
width: 0.020161290322580645
height: 0.04132231404958678
Area: 0.00033278482059956424
CentroidX: 0.3639
CentroidY: 0.8393
