Location: Dedata_17.png_Mean-Medain.png
Component: component_1755512339280_67.png
centerX: 0.013306451612903225
centerY: 0.13251638643488173
width: 0.02379032258064516
height: 0.03419777714448561
Area: 0.00030164369961113816
CentroidX: 0.0265
CentroidY: 0.1475
