Location: Dedata_17.png_Otsu.png
Component: component_1755512340267_654.png
centerX: 0.4620967741935484
centerY: 0.5693929894556854
width: 0.018951612903225806
height: 0.04417212881162724
Area: 0.0002798104413535701
CentroidX: 0.4716
CentroidY: 0.5872
