Location: Dedata_17.png_Gaussian-Median.png
Component: component_1755512339665_236.png
centerX: 0.17540322580645162
centerY: 0.5354801937874039
width: 0.021774193548387097
height: 0.040467369620974636
Area: 0.00032853308083361676
CentroidX: 0.1877
CentroidY: 0.5523
