Location: Dedata_17.png_Gaussian-Median.png
Component: component_1755512339674_279.png
centerX: 0.9346774193548387
centerY: 0.6506127101738387
width: 0.024193548387096774
height: 0.04217725847819892
Area: 0.0003622022633044981
CentroidX: 0.9458
CentroidY: 0.6686
