Location: Dedata_17.png_Mean-Medain.png
Component: component_1755512339330_282.png
centerX: 0.6306451612903226
centerY: 0.6796808207466515
width: 0.018951612903225806
height: 0.04075235109717868
Area: 0.0003514005460612802
CentroidX: 0.6407
CentroidY: 0.6968
