Location: internet_21.png_Gaussian-Closing.png
Component: component_1755082377573_326.png
centerX: 0.5300282144296654
centerY: 0.76732249786142
width: 0.031035872632003223
height: 0.04134587966923296
Area: 0.000375020098571786
CentroidX: 0.5466
CentroidY: 0.7879
