Location: Dedata_17.png_Mean-Medain.png
Component: component_1755512339315_221.png
centerX: 0.294758064516129
centerY: 0.5220860644058136
width: 0.01935483870967742
height: 0.038472499287546306
Area: 0.00031359453571001757
CentroidX: 0.3055
CentroidY: 0.5378
