Location: internet_21.png_Otsu.png
Component: component_1755082376597_319.png
centerX: 0.2966545747682386
centerY: 0.16937553464499572
width: 0.031035872632003223
height: 0.043912175648702596
Area: 0.0003227264593287083
CentroidX: 0.3117
CentroidY: 0.1916
