Location: Dedata_17.png_Mean-Medain.png
Component: component_1755512339293_125.png
centerX: 0.527016129032258
centerY: 0.2892561983471074
width: 0.024193548387096774
height: 0.03733257338273012
Area: 0.00031244541685435605
CentroidX: 0.5388
CentroidY: 0.3041
