Location: Dedata_17.png_Mean-Medain.png
Component: component_1755512339288_106.png
centerX: 0.37701612903225806
centerY: 0.2348247363921345
width: 0.02056451612903226
height: 0.040467369620974636
Area: 0.00034071374070362845
CentroidX: 0.3866
CentroidY: 0.2514
