Location: Dedata_17.png_Mean-Medain.png
Component: component_1755512339343_339.png
centerX: 0.22298387096774194
centerY: 0.835565688230265
width: 0.017741935483870968
height: 0.039897406668566546
Area: 0.0003241664291821032
CentroidX: 0.2340
CentroidY: 0.8530
