Location: Dedata_17.png_Mean-Medain.png
Component: component_1755512339270_18.png
centerX: 0.1721774193548387
centerY: 0.015958962667426618
width: 0.020967741935483872
height: 0.031917925334853235
Area: 0.00026199909909081716
CentroidX: 0.1817
CentroidY: 0.0287
