Location: internet_21.png_Gaussian-Closing.png
Component: component_1755082377531_163.png
centerX: 0.430068520757759
centerY: 0.3929284288565726
width: 0.030229746070133012
height: 0.04163102366695181
Area: 0.0003692735448088104
CentroidX: 0.4460
CentroidY: 0.4136
