Location: Dedata_17.png_Mean-Closing.png
Component: component_1755512339784_181.png
centerX: 0.02217741935483871
centerY: 0.4243374180678256
width: 0.02217741935483871
height: 0.04274722143060701
Area: 0.00029153145368131716
CentroidX: 0.0347
CentroidY: 0.4439
