Location: Dedata_17.png_Otsu.png
Component: component_1755512340314_759.png
centerX: 0.18508064516129033
centerY: 0.8389854659447136
width: 0.017338709677419354
height: 0.04075235109717868
Area: 0.0002909568942534864
CentroidX: 0.1959
CentroidY: 0.8562
