Location: internet_21.png_Otsu.png
Component: component_1755082376784_892.png
centerX: 0.2861749294639258
centerY: 0.3487311092101511
width: 0.03426037887948408
height: 0.033361847733105215
Area: 0.00017366085471712188
CentroidX: 0.3014
CentroidY: 0.3677
