Location: internet_21.png_Otsu.png
Component: component_1755082376809_1081.png
centerX: 0.3313180169286578
centerY: 0.3972055888223553
width: 0.026199113260781944
height: 0.04562303963501568
Area: 0.00021836904299307183
CentroidX: 0.3444
CentroidY: 0.4192
