Location: Dedata_17.png_Otsu.png
Component: component_1755512340279_665.png
centerX: 0.18588709677419354
centerY: 0.5924764890282131
width: 0.01975806451612903
height: 0.040467369620974636
Area: 0.0002467158183105195
CentroidX: 0.1950
CentroidY: 0.6089
