Location: Dedata_17.png_Otsu.png
Component: component_1755512340239_555.png
centerX: 0.9141129032258064
centerY: 0.42205756625819324
width: 0.016935483870967744
height: 0.03562268452550584
Area: 0.0002244229125106868
CentroidX: 0.9248
CentroidY: 0.4375
