Location: internet_21.png_Otsu.png
Component: component_1755082376989_2254.png
centerX: 0.46634421604191856
centerY: 0.6449957228400343
width: 0.029423619508262798
height: 0.039064727687482176
Area: 0.0002448031903027595
CentroidX: 0.4823
CentroidY: 0.6649
