Location: Dedata_17.png_Otsu.png
Component: component_1755512340311_750.png
centerX: 0.552016129032258
centerY: 0.8016528925619835
width: 0.01975806451612903
height: 0.042462239954402965
Area: 0.00030371211355132886
CentroidX: 0.5632
CentroidY: 0.8196
