Location: internet_21.png_Mean-Medain.png
Component: component_1755082376334_233.png
centerX: 0.9467956469165659
centerY: 0.5480467636156259
width: 0.027408303103587262
height: 0.04163102366695181
Area: 0.0002969818984705777
CentroidX: 0.9612
CentroidY: 0.5680
