Location: Dedata_17.png_Gaussian-Median.png
Component: component_1755512339685_335.png
centerX: 0.10766129032258065
centerY: 0.786263892846965
width: 0.018951612903225806
height: 0.04103733257338273
Area: 0.0003485277489221265
CentroidX: 0.1188
CentroidY: 0.8039
