Location: Dedata_17.png_Mean-Medain.png
Component: component_1755512339337_312.png
centerX: 0.3528225806451613
centerY: 0.7637503562268453
width: 0.02338709677419355
height: 0.038472499287546306
Area: 0.0003300269353459767
CentroidX: 0.3673
CentroidY: 0.7805
