Location: internet_21.png_Gaussian-Closing.png
Component: component_1755082377533_171.png
centerX: 0.8806932688432084
centerY: 0.4154548046763616
width: 0.02781136638452237
height: 0.0499001996007984
Area: 0.00032835808201642436
CentroidX: 0.8964
CentroidY: 0.4404
