Location: Dedata_17.png_Mean-Medain.png
Component: component_1755512339324_256.png
centerX: 0.06491935483870968
centerY: 0.6061555998860074
width: 0.018951612903225806
height: 0.04645198062125962
Area: 0.0003559970214839261
CentroidX: 0.0741
CentroidY: 0.6253
