Location: Dedata_17.png_Mean-Closing.png
Component: component_1755512339754_53.png
centerX: 0.6068548387096774
centerY: 0.11655742376745512
width: 0.024193548387096774
height: 0.03676261043032203
Area: 0.00035381369565816933
CentroidX: 0.6195
CentroidY: 0.1319
