Location: internet_21.png_Otsu.png
Component: component_1755082376979_2112.png
centerX: 0.8686013704151552
centerY: 0.6113487311092102
width: 0.032648125755743655
height: 0.043912175648702596
Area: 0.0002169898700899577
CentroidX: 0.8864
CentroidY: 0.6351
