Location: internet_21.png_Mean-Medain.png
Component: component_1755082376347_268.png
centerX: 0.7263200322450625
centerY: 0.628457370972341
width: 0.029423619508262798
height: 0.03735386370116909
Area: 0.0003130722490069093
CentroidX: 0.7415
CentroidY: 0.6462
