Location: internet_21.png_Otsu.png
Component: component_1755082376603_365.png
centerX: 0.7666263603385731
centerY: 0.19674935842600513
width: 0.029423619508262798
height: 0.038209295694325636
Area: 0.00024652715643165216
CentroidX: 0.7829
CentroidY: 0.2171
