Location: Dedata_17.png_Otsu.png
Component: component_1755512340177_17.png
centerX: 0.4415322580645161
centerY: 0.016243944143630663
width: 0.02056451612903226
height: 0.03163294385864919
Area: 0.00020603701082010315
CentroidX: 0.4519
CentroidY: 0.0293
