Location: Kurtxevani_1764_page_10.png_Otsu.png
Component: component_1755610056003_1925.png
centerX: 0.53915857605178
centerY: 0.813376987839102
width: 0.012944983818770227
height: 0.019176800748362956
Area: 0.00015590894917368256
CentroidX: 0.5456
CentroidY: 0.8220
