Location: internet_21.png_Mean-Medain.png
Component: component_1755082376464_338.png
centerX: 0.010479645304312777
centerY: 0.7989734816082121
width: 0.030229746070133012
height: 0.039635015682919876
Area: 0.00037145723523874114
CentroidX: 0.0272
CentroidY: 0.8192
