Location: internet_21.png_Mean-Medain.png
Component: component_1755082376312_133.png
centerX: 0.9375251914550584
centerY: 0.30538922155688625
width: 0.027408303103587262
height: 0.043341887653264896
Area: 0.0003928344152370103
CentroidX: 0.9522
CentroidY: 0.3248
