Location: internet_21.png_Otsu.png
Component: component_1755082376587_205.png
centerX: 0.44619105199516323
centerY: 0.11035072711719418
width: 0.03305118903667876
height: 0.03877958368976333
Area: 0.00032950739276901944
CentroidX: 0.4634
CentroidY: 0.1293
