Location: internet_21.png_Gaussian-Median.png
Component: component_1755082377369_344.png
centerX: 0.9572752922208787
centerY: 0.6104932991160537
width: 0.028617492946392584
height: 0.040490447676076416
Area: 0.00028560372201988604
CentroidX: 0.9730
CentroidY: 0.6302
