Location: internet_21.png_Otsu.png
Component: component_1755082376593_271.png
centerX: 0.7710600564288593
centerY: 0.14485315084117478
width: 0.02781136638452237
height: 0.036213287710293696
Area: 0.00021561069718684355
CentroidX: 0.7862
CentroidY: 0.1629
