Location: Dedata_17.png_Mean-Closing.png
Component: component_1755512339886_324.png
centerX: 0.06491935483870968
centerY: 0.7908235964662297
width: 0.01935483870967742
height: 0.03932744371615845
Area: 0.0003439312734994806
CentroidX: 0.0769
CentroidY: 0.8074
