Location: Dedata_17.png_Mean-Closing.png
Component: component_1755512339788_199.png
centerX: 0.9080645161290323
centerY: 0.46936449130806496
width: 0.02338709677419355
height: 0.04445711028783129
Area: 0.0003674882100405409
CentroidX: 0.9192
CentroidY: 0.4879
