Location: Dedata_17.png_Mean-Medain.png
Component: component_1755512339296_140.png
centerX: 0.8205645161290323
centerY: 0.3203191792533485
width: 0.024193548387096774
height: 0.04616699914505557
Area: 0.0003360023533954164
CentroidX: 0.8321
CentroidY: 0.3395
