Location: Dedata_17.png_Otsu.png
Component: component_1755512340235_531.png
centerX: 0.6717741935483871
centerY: 0.3830151040182388
width: 0.025
height: 0.03676261043032203
Area: 0.00024614125888268874
CentroidX: 0.6820
CentroidY: 0.3981
