Location: Dedata_17.png_Mean-Medain.png
Component: component_1755512339297_146.png
centerX: 0.6004032258064517
centerY: 0.3357081789683671
width: 0.02661290322580645
height: 0.04673696209746366
Area: 0.000339564621847967
CentroidX: 0.6106
CentroidY: 0.3555
