Location: Dedata_17.png_Mean-Medain.png
Component: component_1755512339275_37.png
centerX: 0.3870967741935484
centerY: 0.07267027643203192
width: 0.021774193548387097
height: 0.03619264747791394
Area: 0.00031612259719247283
CentroidX: 0.3975
CentroidY: 0.0881
