Location: Dedata_17.png_Gaussian-Median.png
Component: component_1755512339619_82.png
centerX: 0.5967741935483871
centerY: 0.16728412653177543
width: 0.022983870967741935
height: 0.0438871473354232
Area: 0.00036656891495601173
CentroidX: 0.6060
CentroidY: 0.1854
