Location: Dedata_17.png_Mean-Medain.png
Component: component_1755512339285_90.png
centerX: 0.10362903225806451
centerY: 0.18381305215161015
width: 0.02217741935483871
height: 0.03932744371615845
Area: 0.0003258901074655954
CentroidX: 0.1173
CentroidY: 0.2007
