Location: Dedata_17.png_Gaussian-Median.png
Component: component_1755512339645_148.png
centerX: 0.7415322580645162
centerY: 0.32630379025363354
width: 0.020161290322580645
height: 0.04274722143060701
Area: 0.00029118671802461874
CentroidX: 0.7499
CentroidY: 0.3438
