Location: internet_21.png_Otsu.png
Component: component_1755082376565_10.png
centerX: 0.7815397017331721
centerY: 0.007984031936127744
width: 0.027408303103587262
height: 0.03136583974907328
Area: 0.00029112041363234264
CentroidX: 0.7952
CentroidY: 0.0230
