Location: Dedata_17.png_Mean-Closing.png
Component: component_1755512339759_78.png
centerX: 0.5508064516129032
centerY: 0.16813907096038758
width: 0.02056451612903226
height: 0.037047591906526074
Area: 0.00032198310335634635
CentroidX: 0.5606
CentroidY: 0.1840
