Location: Dedata_17.png_Otsu.png
Component: component_1755512340253_640.png
centerX: 0.8181451612903226
centerY: 0.5340552864063836
width: 0.022983870967741935
height: 0.03590766600170989
Area: 0.0002853262118607452
CentroidX: 0.8301
CentroidY: 0.5490
