Location: Dedata_17.png_Mean-Medain.png
Component: component_1755512339287_101.png
centerX: 0.5512096774193549
centerY: 0.22542034767740096
width: 0.02258064516129032
height: 0.03932744371615845
Area: 0.0003204892488439864
CentroidX: 0.5616
CentroidY: 0.2420
