Location: internet_21.png_Gaussian-Median.png
Component: component_1755082377309_61.png
centerX: 0.17452640064490124
centerY: 0.12204163102366695
width: 0.028214429665457477
height: 0.036213287710293696
Area: 0.00028537385986936707
CentroidX: 0.1885
CentroidY: 0.1394
