Location: Dedata_17.png_Otsu.png
Component: component_1755512340307_731.png
centerX: 0.9520161290322581
centerY: 0.7688800227985181
width: 0.018951612903225806
height: 0.04075235109717868
Area: 0.00029992002132764594
CentroidX: 0.9623
CentroidY: 0.7855
