Location: internet_21.png_Otsu.png
Component: component_1755082376898_1322.png
centerX: 0.39500201531640466
centerY: 0.45708582834331335
width: 0.01652559451833938
height: 0.025377815796977475
Area: 0.00011378176450691638
CentroidX: 0.4019
CentroidY: 0.4727
