Location: internet_21.png_Gaussian-Closing.png
Component: component_1755082377511_94.png
centerX: 0.4546553808948005
centerY: 0.2226974622184203
width: 0.027408303103587262
height: 0.03849443969204448
Area: 0.00036042385201382805
CentroidX: 0.4700
CentroidY: 0.2403
