Location: internet_21.png_Gaussian-Closing.png
Component: component_1755082377558_261.png
centerX: 0.11729141475211609
centerY: 0.6147704590818364
width: 0.027005239822652155
height: 0.043912175648702596
Area: 0.0003257146672854556
CentroidX: 0.1321
CentroidY: 0.6368
