Location: Dedata_17.png_Mean-Medain.png
Component: component_1755512339333_293.png
centerX: 0.1875
centerY: 0.7161584497007695
width: 0.02056451612903226
height: 0.04331718438301511
Area: 0.000359789113707609
CentroidX: 0.1978
CentroidY: 0.7343
