Location: internet_21.png_Otsu.png
Component: component_1755082376751_700.png
centerX: 0.24022571543732366
centerY: 0.28999144568006846
width: 0.031035872632003223
height: 0.042486455660108356
Area: 0.0003160604569636566
CentroidX: 0.2559
CentroidY: 0.3090
