Location: internet_21.png_Otsu.png
Component: component_1755082376949_1590.png
centerX: 0.5308343409915357
centerY: 0.5115483319076134
width: 0.027408303103587262
height: 0.0504704875962361
Area: 0.00024250456879756926
CentroidX: 0.5454
CentroidY: 0.5373
