Location: internet_21.png_Mean-Medain.png
Component: component_1755082376286_16.png
centerX: 0.2619911326078194
centerY: 0.013972055888223553
width: 0.025796049979846837
height: 0.036213287710293696
Area: 0.00037835309975431185
CentroidX: 0.2774
CentroidY: 0.0323
