Location: Dedata_17.png_Mean-Closing.png
Component: component_1755512339746_19.png
centerX: 0.26653225806451614
centerY: 0.016813907096038756
width: 0.02338709677419355
height: 0.034482758620689655
Area: 0.0002850963880896129
CentroidX: 0.2769
CentroidY: 0.0308
