Location: Dedata_17.png_Otsu.png
Component: component_1755512340244_589.png
centerX: 0.49193548387096775
centerY: 0.4559703619264748
width: 0.020967741935483872
height: 0.04189227700199487
Area: 0.00023499480598277242
CentroidX: 0.5005
CentroidY: 0.4728
