Location: Dedata_17.png_Mean-Closing.png
Component: component_1755512339745_12.png
centerX: 0.6366935483870968
centerY: 0.011684240524365916
width: 0.021370967741935483
height: 0.02963807352522086
Area: 0.00026291839417534634
CentroidX: 0.6478
CentroidY: 0.0243
