Location: Dedata_17.png_Gaussian-Median.png
Component: component_1755512339638_131.png
centerX: 0.5274193548387097
centerY: 0.2892561983471074
width: 0.02379032258064516
height: 0.03733257338273012
Area: 0.000294519162706037
CentroidX: 0.5388
CentroidY: 0.3043
