Location: internet_21.png_Gaussian-Median.png
Component: component_1755082377400_439.png
centerX: 0.7948407900040306
centerY: 0.8143712574850299
width: 0.02902055622732769
height: 0.042486455660108356
Area: 0.00030180900363147717
CentroidX: 0.8118
CentroidY: 0.8357
