Location: internet_21.png_Gaussian-Median.png
Component: component_1755082377394_422.png
centerX: 0.4840790004030633
centerY: 0.7696036498431708
width: 0.02902055622732769
height: 0.04562303963501568
Area: 0.00038950141405448443
CentroidX: 0.4993
CentroidY: 0.7905
