Location: internet_21.png_Otsu.png
Component: component_1755082376803_1069.png
centerX: 0.430068520757759
centerY: 0.3929284288565726
width: 0.029826682789197905
height: 0.04163102366695181
Area: 0.00028238565191261977
CentroidX: 0.4452
CentroidY: 0.4140
