Location: internet_21.png_Mean-Medain.png
Component: component_1755082376317_152.png
centerX: 0.0769850866586054
centerY: 0.3555745651554035
width: 0.03143893591293833
height: 0.046193327630453376
Area: 0.0004629423711453123
CentroidX: 0.0928
CentroidY: 0.3767
