Location: internet_21.png_Otsu.png
Component: component_1755082376592_266.png
centerX: 0.8278919790407094
centerY: 0.14228685486170517
width: 0.028617492946392584
height: 0.03592814371257485
Area: 0.00022285135492819278
CentroidX: 0.8437
CentroidY: 0.1608
