Location: Dedata_17.png_Gaussian-Median.png
Component: component_1755512339588_31.png
centerX: 0.832258064516129
centerY: 0.05785123966942149
width: 0.02056451612903226
height: 0.03334283271587347
Area: 0.00028130429586593
CentroidX: 0.8421
CentroidY: 0.0720
