Location: internet_21.png_Mean-Medain.png
Component: component_1755082376320_163.png
centerX: 0.5413139862958485
centerY: 0.3835186769318506
width: 0.03184199919387344
height: 0.04704875962360992
Area: 0.00038628334394721816
CentroidX: 0.5567
CentroidY: 0.4064
