Location: internet_21.png_Gaussian-Median.png
Component: component_1755082377391_414.png
centerX: 0.7984683595324465
centerY: 0.7493584260051326
width: 0.02781136638452237
height: 0.041060735671514116
Area: 0.00032249659717818925
CentroidX: 0.8138
CentroidY: 0.7699
