Location: Dedata_17.png_Mean-Medain.png
Component: component_1755512339286_97.png
centerX: 0.7370967741935484
centerY: 0.21316614420062696
width: 0.025403225806451612
height: 0.045597036192647475
Area: 0.0003950670625764164
CentroidX: 0.7489
CentroidY: 0.2324
