Location: Dedata_17.png_Mean-Medain.png
Component: component_1755512339275_39.png
centerX: 0.10766129032258065
centerY: 0.07466514676546024
width: 0.020161290322580645
height: 0.03818751781134226
Area: 0.0003189953943316265
CentroidX: 0.1190
CentroidY: 0.0913
