Location: internet_21.png_Otsu.png
Component: component_1755082376999_2304.png
centerX: 0.06449012494961709
centerY: 0.6803535785571714
width: 0.029423619508262798
height: 0.04305674365554605
Area: 0.00022147218202507864
CentroidX: 0.0802
CentroidY: 0.7035
