Location: internet_21.png_Gaussian-Median.png
Component: component_1755082377353_285.png
centerX: 0.5304312777106006
centerY: 0.5112631879098944
width: 0.028214429665457477
height: 0.0510407755916738
Area: 0.0004121428358806082
CentroidX: 0.5460
CentroidY: 0.5366
