Location: internet_21.png_Gaussian-Median.png
Component: component_1755082377397_429.png
centerX: 0.19991938734381298
centerY: 0.7881380096948959
width: 0.032245062474808545
height: 0.043912175648702596
Area: 0.0003892715519039654
CentroidX: 0.2171
CentroidY: 0.8109
