Location: Dedata_17.png_Mean-Closing.png
Component: component_1755512339849_288.png
centerX: 0.2762096774193548
centerY: 0.7064690795098318
width: 0.01935483870967742
height: 0.04331718438301511
Area: 0.0003500216034344864
CentroidX: 0.2862
CentroidY: 0.7248
