Location: Dedata_17.png_Mean-Closing.png
Component: component_1755512339755_57.png
centerX: 0.42943548387096775
centerY: 0.12339697919635224
width: 0.02258064516129032
height: 0.03818751781134226
Area: 0.0003245111648388016
CentroidX: 0.4420
CentroidY: 0.1389
