Location: Dedata_17.png_Mean-Medain.png
Component: component_1755512339277_51.png
centerX: 0.7540322580645161
centerY: 0.11028783129096609
width: 0.02217741935483871
height: 0.04189227700199487
Area: 0.00033519797019645336
CentroidX: 0.7656
CentroidY: 0.1279
