Location: internet_21.png_Gaussian-Closing.png
Component: component_1755082377522_129.png
centerX: 0.9375251914550584
centerY: 0.3056743655546051
width: 0.027005239822652155
height: 0.04305674365554605
Area: 0.00036835409620673436
CentroidX: 0.9521
CentroidY: 0.3248
