Location: Dedata_17.png_Otsu.png
Component: component_1755512340320_786.png
centerX: 0.09919354838709678
centerY: 0.9022513536620119
width: 0.018548387096774192
height: 0.036477628954117984
Area: 0.0002686639884536537
CentroidX: 0.1107
CentroidY: 0.9179
