Location: Dedata_17.png_Gaussian-Median.png
Component: component_1755512339674_282.png
centerX: 0.13870967741935483
centerY: 0.6565973211741237
width: 0.021774193548387097
height: 0.04445711028783129
Area: 0.00036082332067770436
CentroidX: 0.1506
CentroidY: 0.6762
