Location: internet_21.png_Gaussian-Median.png
Component: component_1755082377327_146.png
centerX: 0.4111245465538089
centerY: 0.2731679498146564
width: 0.029423619508262798
height: 0.04134587966923296
Area: 0.00035145922814358615
CentroidX: 0.4280
CentroidY: 0.2942
