Location: internet_21.png_Gaussian-Median.png
Component: component_1755082377351_279.png
centerX: 0.7589681580008061
centerY: 0.5007128599942972
width: 0.029423619508262798
height: 0.04077559167379527
Area: 0.0003292775306185004
CentroidX: 0.7764
CentroidY: 0.5209
