Location: internet_21.png_Otsu.png
Component: component_1755082376563_4.png
centerX: 0.8806932688432084
centerY: 0.003421727972626176
width: 0.029826682789197905
height: 0.033932135728542916
Area: 0.0003212323553503346
CentroidX: 0.8966
CentroidY: 0.0197
