Location: Dedata_17.png_Gaussian-Median.png
Component: component_1755512339687_345.png
centerX: 0.42943548387096775
centerY: 0.8150470219435737
width: 0.016129032258064516
height: 0.04189227700199487
Area: 0.0003297971115748444
CentroidX: 0.4395
CentroidY: 0.8329
