Location: internet_21.png_Gaussian-Median.png
Component: component_1755082377382_377.png
centerX: 0.15598548972188633
centerY: 0.669803250641574
width: 0.030632809351068116
height: 0.05075563159395495
Area: 0.00034456336362801544
CentroidX: 0.1724
CentroidY: 0.6958
