Location: internet_21.png_Mean-Medain.png
Component: component_1755082376325_184.png
centerX: 0.588472390165256
centerY: 0.4394069004847448
width: 0.02418379685610641
height: 0.04077559167379527
Area: 0.0003482411580363198
CentroidX: 0.6023
CentroidY: 0.4594
