Location: internet_21.png_Otsu.png
Component: component_1755082376967_1887.png
centerX: 0.6070133010882709
centerY: 0.5717137154262902
width: 0.029826682789197905
height: 0.043341887653264896
Area: 0.0002259544939601996
CentroidX: 0.6230
CentroidY: 0.5958
