Location: internet_21.png_Gaussian-Median.png
Component: component_1755082377409_462.png
centerX: 0.11608222490931076
centerY: 0.8525805531793555
width: 0.03385731559854897
height: 0.042486455660108356
Area: 0.0004200730800735145
CentroidX: 0.1321
CentroidY: 0.8728
