Location: internet_21.png_Otsu.png
Component: component_1755082376762_733.png
centerX: 0.8899637243047158
centerY: 0.3045337895637297
width: 0.028214429665457477
height: 0.046193327630453376
Area: 0.00029043082718078556
CentroidX: 0.9071
CentroidY: 0.3281
