Location: Dedata_17.png_Otsu.png
Component: component_1755512340300_714.png
centerX: 0.10806451612903226
centerY: 0.7221430607010544
width: 0.01975806451612903
height: 0.039612425192362494
Area: 0.0002925656606514125
CentroidX: 0.1181
CentroidY: 0.7385
