Location: internet_21.png_Gaussian-Closing.png
Component: component_1755082377550_236.png
centerX: 0.7952438532849657
centerY: 0.5571713715426291
width: 0.03426037887948408
height: 0.04847447961220416
Area: 0.000360193989863309
CentroidX: 0.8141
CentroidY: 0.5817
