Location: internet_21.png_Gaussian-Closing.png
Component: component_1755082377491_36.png
centerX: 0.24385328496573963
centerY: 0.06729398346164814
width: 0.03990326481257558
height: 0.0427715996578272
Area: 0.00040926955899912046
CentroidX: 0.2636
CentroidY: 0.0869
