Location: internet_21.png_Gaussian-Closing.png
Component: component_1755082377490_32.png
centerX: 0.4349052801289803
centerY: 0.0575990875392073
width: 0.028617492946392584
height: 0.043341887653264896
Area: 0.0004161654235146911
CentroidX: 0.4494
CentroidY: 0.0790
