Location: Dedata_17.png_Mean-Medain.png
Component: component_1755512339304_172.png
centerX: 0.4568548387096774
centerY: 0.40381875178113424
width: 0.021774193548387097
height: 0.04474209176403534
Area: 0.0003381856792211732
CentroidX: 0.4666
CentroidY: 0.4226
