Location: Dedata_17.png_Otsu.png
Component: component_1755512340190_115.png
centerX: 0.37701612903225806
centerY: 0.12510686805357651
width: 0.020967741935483872
height: 0.037902536335138216
Area: 0.00019695897186037747
CentroidX: 0.3890
CentroidY: 0.1393
