Location: Kurtxevani_1764_page_10.png_Otsu.png
Component: component_1755610055973_1604.png
centerX: 0.34757281553398056
centerY: 0.6627689429373246
width: 0.013592233009708738
height: 0.018709073900841908
Area: 0.00015439527005549147
CentroidX: 0.3549
CentroidY: 0.6708
