Location: Dedata_17.png_Otsu.png
Component: component_1755512340317_772.png
centerX: 0.6548387096774193
centerY: 0.8609290396124252
width: 0.020161290322580645
height: 0.039612425192362494
Area: 0.0002965875766462277
CentroidX: 0.6648
CentroidY: 0.8773
