Location: Dedata_17.png_Gaussian-Median.png
Component: component_1755512339656_200.png
centerX: 0.5338709677419354
centerY: 0.4516956397834141
width: 0.024193548387096774
height: 0.045027073240239385
Area: 0.00035346896000147085
CentroidX: 0.5432
CentroidY: 0.4708
