Location: Dedata_17.png_Mean-Closing.png
Component: component_1755512339785_189.png
centerX: 0.6217741935483871
centerY: 0.4468509546879453
width: 0.022983870967741935
height: 0.03932744371615845
Area: 0.0003293374640325798
CentroidX: 0.6305
CentroidY: 0.4627
