Location: Dedata_17.png_Gaussian-Median.png
Component: component_1755512339680_308.png
centerX: 0.10766129032258065
centerY: 0.7218580792248503
width: 0.02056451612903226
height: 0.039897406668566546
Area: 0.0003280734332913522
CentroidX: 0.1181
CentroidY: 0.7387
