Location: internet_21.png_Mean-Medain.png
Component: component_1755082376466_344.png
centerX: 0.7948407900040306
centerY: 0.8143712574850299
width: 0.02902055622732769
height: 0.042486455660108356
Area: 0.0003346792911556975
CentroidX: 0.8117
CentroidY: 0.8358
