Location: internet_21.png_Mean-Medain.png
Component: component_1755082376304_94.png
centerX: 0.5006045949214026
centerY: 0.21756487025948104
width: 0.030632809351068116
height: 0.042486455660108356
Area: 0.00043742767243770073
CentroidX: 0.5174
CentroidY: 0.2381
