Location: internet_21.png_Mean-Medain.png
Component: component_1755082376473_361.png
centerX: 0.1608222490931076
centerY: 0.8460222412318221
width: 0.03184199919387344
height: 0.04448246364414029
Area: 0.0004129473534074248
CentroidX: 0.1773
CentroidY: 0.8692
