Location: internet_21.png_Mean-Medain.png
Component: component_1755082376307_106.png
centerX: 0.9532446594115276
centerY: 0.24493869404049046
width: 0.027408303103587262
height: 0.03792415169660679
Area: 0.000374560374270748
CentroidX: 0.9692
CentroidY: 0.2636
