Location: Dedata_17.png_Gaussian-Median.png
Component: component_1755512339654_193.png
centerX: 0.842741935483871
centerY: 0.42747221430607013
width: 0.02258064516129032
height: 0.0347677400968937
Area: 0.0002555640334991129
CentroidX: 0.8520
CentroidY: 0.4425
