Location: Dedata_17.png_Otsu.png
Component: component_1755512340198_186.png
centerX: 0.5137096774193548
centerY: 0.16984895981761186
width: 0.016935483870967744
height: 0.04274722143060701
Area: 0.00018994934684084244
CentroidX: 0.5220
CentroidY: 0.1919
