Location: Dedata_17.png_Gaussian-Median.png
Component: component_1755512339686_338.png
centerX: 0.02379032258064516
centerY: 0.7913935594186378
width: 0.01935483870967742
height: 0.04018238814477059
Area: 0.0003280734332913522
CentroidX: 0.0357
CentroidY: 0.8092
