Location: internet_21.png_Gaussian-Closing.png
Component: component_1755082377545_216.png
centerX: 0.39822652156388555
centerY: 0.5183917878528657
width: 0.032245062474808545
height: 0.05246649558026804
Area: 0.0004469669516842402
CentroidX: 0.4145
CentroidY: 0.5440
