Location: internet_21.png_Gaussian-Median.png
Component: component_1755082377342_222.png
centerX: 0.9266424828698105
centerY: 0.4180211006558312
width: 0.02176541717049577
height: 0.041060735671514116
Area: 0.00026755954320414275
CentroidX: 0.9394
CentroidY: 0.4380
