Location: Dedata_17.png_Mean-Closing.png
Component: component_1755512339765_106.png
centerX: 0.28830645161290325
centerY: 0.23795953263037903
width: 0.01935483870967742
height: 0.043032202906811055
Area: 0.00035094089851901564
CentroidX: 0.2979
CentroidY: 0.2561
