Location: Dedata_17.png_Mean-Closing.png
Component: component_1755512339788_203.png
centerX: 0.13669354838709677
centerY: 0.4827586206896552
width: 0.01975806451612903
height: 0.04018238814477059
Area: 0.0003156629496502082
CentroidX: 0.1454
CentroidY: 0.4996
