Location: internet_21.png_Otsu.png
Component: component_1755082377015_2390.png
centerX: 0.5082627972591697
centerY: 0.7071571143427431
width: 0.02902055622732769
height: 0.03934987168520103
Area: 0.00029181000008389967
CentroidX: 0.5245
CentroidY: 0.7277
