Location: Dedata_17.png_Gaussian-Median.png
Component: component_1755512339685_332.png
centerX: 0.14717741935483872
centerY: 0.780849244799088
width: 0.020161290322580645
height: 0.04132231404958678
Area: 0.0003480681013798619
CentroidX: 0.1587
CentroidY: 0.7984
