Location: Dedata_17.png_Mean-Closing.png
Component: component_1755512339784_182.png
centerX: 0.06411290322580646
centerY: 0.42405243659162156
width: 0.022983870967741935
height: 0.043032202906811055
Area: 0.0003458847755541051
CentroidX: 0.0764
CentroidY: 0.4424
