Location: internet_21.png_Gaussian-Median.png
Component: component_1755082377389_405.png
centerX: 0.18984280532043532
centerY: 0.7362418021100656
width: 0.027005239822652155
height: 0.03992015968063872
Area: 0.0003127274557811308
CentroidX: 0.2037
CentroidY: 0.7551
