Location: Dedata_17.png_Otsu.png
Component: component_1755512340174_4.png
centerX: 0.7270161290322581
centerY: 0.009974351667141636
width: 0.024596774193548387
height: 0.03134796238244514
Area: 0.00020890980795925683
CentroidX: 0.7393
CentroidY: 0.0242
