Location: Dedata_17.png_Gaussian-Median.png
Component: component_1755512339636_126.png
centerX: 0.7358870967741935
centerY: 0.2710173838700484
width: 0.02338709677419355
height: 0.037902536335138216
Area: 0.00028567094751744365
CentroidX: 0.7475
CentroidY: 0.2861
