Location: Dedata_17.png_Otsu.png
Component: component_1755512340288_688.png
centerX: 0.13911290322580644
centerY: 0.6571672841265318
width: 0.021370967741935483
height: 0.04360216585921915
Area: 0.00032301731032644167
CentroidX: 0.1506
CentroidY: 0.6760
