Location: internet_21.png_Otsu.png
Component: component_1755082376998_2296.png
centerX: 0.15598548972188633
centerY: 0.669803250641574
width: 0.030229746070133012
height: 0.0504704875962361
Area: 0.0002359534975077771
CentroidX: 0.1714
CentroidY: 0.6966
