Location: internet_21.png_Otsu.png
Component: component_1755082377185_2675.png
centerX: 0.6243450221684804
centerY: 0.8220701454234388
width: 0.0237807335751713
height: 0.04305674365554605
Area: 0.00023652815288407466
CentroidX: 0.6373
CentroidY: 0.8443
