Location: Dedata_17.png_Mean-Closing.png
Component: component_1755512339746_17.png
centerX: 0.4875
centerY: 0.01567398119122257
width: 0.02620967741935484
height: 0.03334283271587347
Area: 0.00029865599058641833
CentroidX: 0.5008
CentroidY: 0.0297
