Location: internet_21.png_Gaussian-Closing.png
Component: component_1755082377479_2.png
centerX: 0.833937928254736
centerY: 0.003421727972626176
width: 0.02902055622732769
height: 0.03792415169660679
Area: 0.0003482411580363198
CentroidX: 0.8490
CentroidY: 0.0211
