Location: Dedata_17.png_Mean-Closing.png
Component: component_1755512339902_366.png
centerX: 0.09879032258064516
centerY: 0.9019663721858079
width: 0.018951612903225806
height: 0.037047591906526074
Area: 0.0003075042057750117
CentroidX: 0.1106
CentroidY: 0.9180
