Location: internet_21.png_Gaussian-Median.png
Component: component_1755082377325_135.png
centerX: 0.7412333736396615
centerY: 0.2563444539492444
width: 0.02902055622732769
height: 0.044767607641859136
Area: 0.0003888118276029274
CentroidX: 0.7579
CentroidY: 0.2779
