Location: Dedata_17.png_Otsu.png
Component: component_1755512340231_488.png
centerX: 0.13830645161290323
centerY: 0.36078654887432315
width: 0.021370967741935483
height: 0.04160729552579082
Area: 0.0002085650723025584
CentroidX: 0.1499
CentroidY: 0.3789
