Location: internet_21.png_Otsu.png
Component: component_1755082376578_71.png
centerX: 0.4349052801289803
centerY: 0.0575990875392073
width: 0.028214429665457477
height: 0.04305674365554605
Area: 0.00022066766449826207
CentroidX: 0.4509
CentroidY: 0.0816
