Location: Dedata_17.png_Otsu.png
Component: component_1755512340230_480.png
centerX: 0.18346774193548387
centerY: 0.35822171558848676
width: 0.02056451612903226
height: 0.043032202906811055
Area: 0.00020753086533246306
CentroidX: 0.1936
CentroidY: 0.3757
