Location: Dedata_17.png_Mean-Medain.png
Component: component_1755512339282_75.png
centerX: 0.742741935483871
centerY: 0.1610145340552864
width: 0.021370967741935483
height: 0.043032202906811055
Area: 0.000353583871887037
CentroidX: 0.7517
CentroidY: 0.1793
