Location: internet_21.png_Mean-Medain.png
Component: component_1755082376314_139.png
centerX: 0.6307940346634422
centerY: 0.32221271742229823
width: 0.031035872632003223
height: 0.04020530367835757
Area: 0.0004237508744818189
CentroidX: 0.6475
CentroidY: 0.3405
