Location: internet_21.png_Gaussian-Median.png
Component: component_1755082377291_8.png
centerX: 0.7347843611446997
centerY: 0.006843455945252352
width: 0.022168480451430876
height: 0.041060735671514116
Area: 0.0003766291336254192
CentroidX: 0.7468
CentroidY: 0.0247
