Location: Dedata_17.png_Gaussian-Median.png
Component: component_1755512339686_340.png
centerX: 0.6366935483870968
centerY: 0.7939583927044742
width: 0.018548387096774192
height: 0.039042462239954404
Area: 0.0003300269353459767
CentroidX: 0.6470
CentroidY: 0.8108
