Location: internet_21.png_Gaussian-Closing.png
Component: component_1755082377540_194.png
centerX: 0.16041918581217252
centerY: 0.46649558026803534
width: 0.027005239822652155
height: 0.04305674365554605
Area: 0.00034709184728372474
CentroidX: 0.1763
CentroidY: 0.4888
