Location: Dedata_17.png_Mean-Closing.png
Component: component_1755512339827_260.png
centerX: 0.521774193548387
centerY: 0.6235394699344543
width: 0.024596774193548387
height: 0.03676261043032203
Area: 0.0003618575276477997
CentroidX: 0.5352
CentroidY: 0.6392
