Location: internet_21.png_Gaussian-Median.png
Component: component_1755082377324_124.png
centerX: 0.7944377267230955
centerY: 0.249500998003992
width: 0.032648125755743655
height: 0.045337895637296836
Area: 0.0004170848721167672
CentroidX: 0.8118
CentroidY: 0.2730
