Location: Dedata_17.png_Otsu.png
Component: component_1755512340233_515.png
centerX: 0.8717741935483871
centerY: 0.3741806782559134
width: 0.02258064516129032
height: 0.037902536335138216
Area: 0.00022890447604776657
CentroidX: 0.8805
CentroidY: 0.3895
