Location: internet_21.png_Gaussian-Closing.png
Component: component_1755082377563_281.png
centerX: 0.33252720677146314
centerY: 0.6569717707442259
width: 0.03426037887948408
height: 0.0427715996578272
Area: 0.00034352898395067984
CentroidX: 0.3504
CentroidY: 0.6783
