Location: Dedata_17.png_Mean-Closing.png
Component: component_1755512339765_108.png
centerX: 0.1971774193548387
centerY: 0.24536905101168424
width: 0.02056451612903226
height: 0.040467369620974636
Area: 0.00033979444561909927
CentroidX: 0.2067
CentroidY: 0.2621
