Location: Dedata_17.png_Mean-Medain.png
Component: component_1755512339292_123.png
centerX: 0.6088709677419355
centerY: 0.27899686520376177
width: 0.025403225806451612
height: 0.04018238814477059
Area: 0.0003464593349819359
CentroidX: 0.6214
CentroidY: 0.2950
