Location: internet_21.png_Mean-Medain.png
Component: component_1755082376292_40.png
centerX: 0.18097541313986296
centerY: 0.07242657542058739
width: 0.032245062474808545
height: 0.037639007698887936
Area: 0.00038904168975344643
CentroidX: 0.1982
CentroidY: 0.0908
