Location: Dedata_17.png_Otsu.png
Component: component_1755512340235_527.png
centerX: 0.7137096774193549
centerY: 0.38073525220860643
width: 0.025
height: 0.0353377030493018
Area: 0.0002462561707682549
CentroidX: 0.7243
CentroidY: 0.3951
