Location: Dedata_17.png_Mean-Closing.png
Component: component_1755512339799_231.png
centerX: 0.05443548387096774
centerY: 0.5463094898831576
width: 0.017741935483870968
height: 0.04018238814477059
Area: 0.00029509372213386775
CentroidX: 0.0640
CentroidY: 0.5630
