Location: Dedata_17.png_Mean-Medain.png
Component: component_1755512339341_327.png
centerX: 0.02338709677419355
centerY: 0.7913935594186378
width: 0.020161290322580645
height: 0.04018238814477059
Area: 0.0003454251280118405
CentroidX: 0.0355
CentroidY: 0.8090
