Location: internet_21.png_Gaussian-Median.png
Component: component_1755082377311_74.png
centerX: 0.8274889157597742
centerY: 0.14228685486170517
width: 0.029423619508262798
height: 0.03592814371257485
Area: 0.0003037628319108889
CentroidX: 0.8437
CentroidY: 0.1600
