Location: internet_21.png_Mean-Medain.png
Component: component_1755082376369_280.png
centerX: 0.2478839177750907
centerY: 0.6641003706871971
width: 0.031035872632003223
height: 0.05303678357570573
Area: 0.0003680093029809558
CentroidX: 0.2643
CentroidY: 0.6901
