Location: Dedata_17.png_Mean-Closing.png
Component: component_1755512339775_150.png
centerX: 0.3254032258064516
centerY: 0.3493872898261613
width: 0.02338709677419355
height: 0.04103733257338273
Area: 0.00033634708905211483
CentroidX: 0.3374
CentroidY: 0.3658
