Location: internet_21.png_Otsu.png
Component: component_1755082377203_2815.png
centerX: 0.16122531237404272
centerY: 0.8585685771314514
width: 0.031035872632003223
height: 0.03136583974907328
Area: 0.00019584255224220758
CentroidX: 0.1738
CentroidY: 0.8745
