Location: Dedata_17.png_Otsu.png
Component: component_1755512340294_694.png
centerX: 0.05806451612903226
centerY: 0.6705614135081219
width: 0.017741935483870968
height: 0.038472499287546306
Area: 0.00024924387979297476
CentroidX: 0.0689
CentroidY: 0.6875
