Location: Dedata_17.png_Otsu.png
Component: component_1755512340247_612.png
centerX: 0.09596774193548387
centerY: 0.4841835280706754
width: 0.024193548387096774
height: 0.04075235109717868
Area: 0.0002470605539672179
CentroidX: 0.1058
CentroidY: 0.5008
