Location: internet_21.png_Gaussian-Closing.png
Component: component_1755082377565_292.png
centerX: 0.8750503829101169
centerY: 0.6897633304818933
width: 0.02902055622732769
height: 0.03992015968063872
Area: 0.0003062913155665981
CentroidX: 0.8907
CentroidY: 0.7087
