Location: internet_21.png_Gaussian-Median.png
Component: component_1755082377401_441.png
centerX: 0.6662636033857315
centerY: 0.8195038494439693
width: 0.02539298669891173
height: 0.046193327630453376
Area: 0.0003520338835198837
CentroidX: 0.6805
CentroidY: 0.8422
