Location: Dedata_17.png_Mean-Closing.png
Component: component_1755512339822_251.png
centerX: 0.8157258064516129
centerY: 0.5981761185522941
width: 0.02338709677419355
height: 0.04588201766885153
Area: 0.0003734636280899806
CentroidX: 0.8266
CentroidY: 0.6179
