Location: Dedata_17.png_Gaussian-Median.png
Component: component_1755512339687_346.png
centerX: 0.3919354838709677
centerY: 0.8204616699914505
width: 0.016129032258064516
height: 0.04217725847819892
Area: 0.00031842083490379576
CentroidX: 0.4011
CentroidY: 0.8377
