Location: Dedata_17.png_Gaussian-Median.png
Component: component_1755512339686_341.png
centerX: 0.5955645161290323
centerY: 0.7982331148475349
width: 0.020967741935483872
height: 0.03875748076375036
Area: 0.000323247134097574
CentroidX: 0.6065
CentroidY: 0.8144
