Location: internet_21.png_Gaussian-Median.png
Component: component_1755082377377_362.png
centerX: 0.6360338573155986
centerY: 0.6301682349586541
width: 0.032648125755743655
height: 0.04077559167379527
Area: 0.0002916950690086402
CentroidX: 0.6528
CentroidY: 0.6510
