Location: internet_21.png_Otsu.png
Component: component_1755082377142_2470.png
centerX: 0.1479242241031842
centerY: 0.7425149700598802
width: 0.015719467956469165
height: 0.01996007984031936
Area: 7.275137063927078e-05
CentroidX: 0.1534
CentroidY: 0.7556
