Location: Dedata_17.png_Mean-Medain.png
Component: component_1755512339268_5.png
centerX: 0.7266129032258064
centerY: 0.00968937019093759
width: 0.025806451612903226
height: 0.031917925334853235
Area: 0.0002873946258009358
CentroidX: 0.7397
CentroidY: 0.0244
