Location: Dedata_17.png_Otsu.png
Component: component_1755512340184_54.png
centerX: 0.06129032258064516
centerY: 0.07950983186092904
width: 0.020967741935483872
height: 0.039612425192362494
Area: 0.00030428667297915956
CentroidX: 0.0728
CentroidY: 0.0954
