Location: Dedata_17.png_Otsu.png
Component: component_1755512340320_785.png
centerX: 0.1403225806451613
centerY: 0.9005414648047877
width: 0.018951612903225806
height: 0.0353377030493018
Area: 0.0002817639434081946
CentroidX: 0.1517
CentroidY: 0.9150
