Location: Dedata_17.png_Otsu.png
Component: component_1755512340269_660.png
centerX: 0.3092741935483871
centerY: 0.5830721003134797
width: 0.016935483870967744
height: 0.039897406668566546
Area: 0.0002555640334991129
CentroidX: 0.3175
CentroidY: 0.5992
