Location: Dedata_17.png_Mean-Medain.png
Component: component_1755512339329_273.png
centerX: 0.8903225806451613
centerY: 0.6580222285551439
width: 0.02056451612903226
height: 0.04075235109717868
Area: 0.00036518997232921793
CentroidX: 0.8997
CentroidY: 0.6750
