Location: internet_21.png_Gaussian-Median.png
Component: component_1755082377397_430.png
centerX: 0.1124546553808948
centerY: 0.7901340176789279
width: 0.027005239822652155
height: 0.043912175648702596
Area: 0.00037570968502334307
CentroidX: 0.1269
CentroidY: 0.8133
