Location: internet_21.png_Gaussian-Closing.png
Component: component_1755082377562_278.png
centerX: 0.46594115276098347
centerY: 0.6447105788423154
width: 0.029826682789197905
height: 0.03934987168520103
Area: 0.0003013492793304391
CentroidX: 0.4831
CentroidY: 0.6647
