Location: internet_21.png_Mean-Medain.png
Component: component_1755082376291_35.png
centerX: 0.12535268037081823
centerY: 0.06358711149130311
width: 0.03385731559854897
height: 0.05332192757342458
Area: 0.0005183391494203969
CentroidX: 0.1460
CentroidY: 0.0877
