Location: Dedata_17.png_Mean-Medain.png
Component: component_1755512339278_53.png
centerX: 0.6548387096774193
centerY: 0.11541749786263893
width: 0.022983870967741935
height: 0.03733257338273012
Area: 0.0003324400849428658
CentroidX: 0.6668
CentroidY: 0.1307
