Location: Dedata_17.png_Mean-Closing.png
Component: component_1755512339783_179.png
centerX: 0.10241935483870968
centerY: 0.4214876033057851
width: 0.021774193548387097
height: 0.045597036192647475
Area: 0.0003377260316789086
CentroidX: 0.1138
CentroidY: 0.4410
