Location: Dedata_17.png_Gaussian-Median.png
Component: component_1755512339690_360.png
centerX: 0.7733870967741936
centerY: 0.8520946138500998
width: 0.02217741935483871
height: 0.037902536335138216
Area: 0.0003439312734994806
CentroidX: 0.7838
CentroidY: 0.8682
