Location: Dedata_17.png_Mean-Medain.png
Component: component_1755512339309_193.png
centerX: 0.5338709677419354
centerY: 0.4516956397834141
width: 0.024193548387096774
height: 0.04474209176403534
Area: 0.0003723145092343191
CentroidX: 0.5433
CentroidY: 0.4706
