Location: internet_21.png_Gaussian-Median.png
Component: component_1755082377401_444.png
centerX: 0.6239419588875453
centerY: 0.8220701454234388
width: 0.024989923417976623
height: 0.043341887653264896
Area: 0.00032709384018856974
CentroidX: 0.6380
CentroidY: 0.8440
