Location: Dedata_17.png_Mean-Closing.png
Component: component_1755512339755_58.png
centerX: 0.37661290322580643
centerY: 0.12453690510116842
width: 0.021774193548387097
height: 0.03875748076375036
Area: 0.00032175327958521406
CentroidX: 0.3897
CentroidY: 0.1406
