Location: Dedata_17.png_Gaussian-Median.png
Component: component_1755512339625_94.png
centerX: 0.15846774193548388
centerY: 0.18153320034197779
width: 0.017741935483870968
height: 0.03761755485893417
Area: 0.0002962428409895292
CentroidX: 0.1679
CentroidY: 0.1972
