Location: internet_10.png_Mean-Closing.png
Component: component_1755091713852_157.png
centerX: 0.07940346634421604
centerY: 0.4513829483889364
width: 0.02539298669891173
height: 0.03592814371257485
Area: 0.00046765454523095226
CentroidX: 0.0923
CentroidY: 0.4688
