Location: internet_10.png_Gaussian-Closing.png
Component: component_1755091714647_155.png
centerX: 0.24828698105602579
centerY: 0.44453949244368407
width: 0.026602176541717048
height: 0.03421727972626176
Area: 0.00036674506115310116
CentroidX: 0.2613
CentroidY: 0.4607
