Location: internet_10.png_Mean-Closing.png
Component: component_1755091713859_192.png
centerX: 0.07255139056831923
centerY: 0.5714285714285714
width: 0.023377670294236194
height: 0.04163102366695181
Area: 0.00042535990953545204
CentroidX: 0.0851
CentroidY: 0.5906
