Location: Dedata_5.png_Mean-Closing.png
Component: component_1755523055830_213.png
centerX: 0.7245967741935484
centerY: 0.573097748646338
width: 0.02258064516129032
height: 0.0438871473354232
Area: 0.0004318388659575837
CentroidX: 0.7353
CentroidY: 0.5950
