Location: Dedata_5.png_Gaussian-Closing.png
Component: component_1755523055589_211.png
centerX: 0.05524193548387097
centerY: 0.5440296380735252
width: 0.021370967741935483
height: 0.047591906526075804
Area: 0.00043195377784314987
CentroidX: 0.0653
CentroidY: 0.5681
