Location: internet_10.png_Gaussian-Closing.png
Component: component_1755091714632_107.png
centerX: 0.1189036678758565
centerY: 0.28714000570287995
width: 0.03305118903667876
height: 0.032506415739948676
Area: 0.00048064175673527706
CentroidX: 0.1336
CentroidY: 0.3033
