Location: internet_10.png_Gaussian-Closing.png
Component: component_1755091714627_88.png
centerX: 0.35832325675130994
centerY: 0.22640433418876532
width: 0.0354695687222894
height: 0.030795551753635585
Area: 0.00045363295404929186
CentroidX: 0.3747
CentroidY: 0.2411
