Location: internet_10.png_Gaussian-Median.png
Component: component_1755091714076_174.png
centerX: 0.8669891172914147
centerY: 0.4861705161106359
width: 0.0237807335751713
height: 0.03450242372398061
Area: 0.00035180402136936466
CentroidX: 0.8779
CentroidY: 0.5030
