Location: internet_10.png_Mean-Closing.png
Component: component_1755091713847_137.png
centerX: 0.34784361144699716
centerY: 0.3857998289136014
width: 0.03788794840790004
height: 0.032506415739948676
Area: 0.0004947782789921969
CentroidX: 0.3634
CentroidY: 0.4027
