Location: internet_10.png_Gaussian-Median.png
Component: component_1755091714058_85.png
centerX: 0.8714228133817009
centerY: 0.20501853435985173
width: 0.03345425231761386
height: 0.03279155973766752
Area: 0.00043432453340569395
CentroidX: 0.8879
CentroidY: 0.2203
