Location: internet_10.png_Otsu.png
Component: component_1755091713962_280.png
centerX: 0.46432889963724305
centerY: 0.4376960364984317
width: 0.031035872632003223
height: 0.03307670373538637
Area: 0.00037145723523874114
CentroidX: 0.4796
CentroidY: 0.4536
