Location: Dedata_5.png_Gaussian-Median.png
Component: component_1755523055438_210.png
centerX: 0.3286290322580645
centerY: 0.5337703049301795
width: 0.02379032258064516
height: 0.0438871473354232
Area: 0.0004271274786493717
CentroidX: 0.3406
CentroidY: 0.5556
