Location: internet_10.png_Gaussian-Median.png
Component: component_1755091714045_19.png
centerX: 0.7706569931479242
centerY: 0.01283147989734816
width: 0.031035872632003223
height: 0.03592814371257485
Area: 0.000330082048145317
CentroidX: 0.7858
CentroidY: 0.0293
