Location: Dedata_5.png_Mean-Medain.png
Component: component_1755523055666_35.png
centerX: 0.7233870967741935
centerY: 0.06640068395554288
width: 0.020967741935483872
height: 0.04360216585921915
Area: 0.00040506439662067127
CentroidX: 0.7340
CentroidY: 0.0889
