Location: Dedata_5.png_Gaussian-Median.png
Component: component_1755523055350_156.png
centerX: 0.6306451612903226
centerY: 0.40153889997150183
width: 0.025
height: 0.04588201766885153
Area: 0.0004317239540720176
CentroidX: 0.6427
CentroidY: 0.4260
