Location: Dedata_5.png_Mean-Closing.png
Component: component_1755523055824_187.png
centerX: 0.13911290322580644
centerY: 0.4864633798803078
width: 0.02217741935483871
height: 0.04132231404958678
Area: 0.00039414776749188723
CentroidX: 0.1499
CentroidY: 0.5069
