Location: Dedata_5.png_Gaussian-Closing.png
Component: component_1755523055553_53.png
centerX: 0.20040322580645162
centerY: 0.12225705329153605
width: 0.02338709677419355
height: 0.043032202906811055
Area: 0.00040138721628255454
CentroidX: 0.2127
CentroidY: 0.1463
