Location: internet_10.png_Mean-Closing.png
Component: component_1755091713862_212.png
centerX: 0.8480451430874647
centerY: 0.6564014827487882
width: 0.026199113260781944
height: 0.029654975762760195
Area: 0.0003680093029809558
CentroidX: 0.8606
CentroidY: 0.6703
