Location: Dedata_5.png_Gaussian-Closing.png
Component: component_1755523055552_49.png
centerX: 0.10685483870967742
centerY: 0.12111712738671987
width: 0.024193548387096774
height: 0.04474209176403534
Area: 0.0003982845953722685
CentroidX: 0.1194
CentroidY: 0.1452
