Location: internet_10.png_Gaussian-Closing.png
Component: component_1755091714586_3.png
centerX: 0.07859733978234583
centerY: 0.007413743940690049
width: 0.03909713825070536
height: 0.028514399771884802
Area: 0.0003958226231937576
CentroidX: 0.0929
CentroidY: 0.0235
