Location: internet_10.png_Gaussian-Closing.png
Component: component_1755091714608_18.png
centerX: 0.7706569931479242
centerY: 0.01311662389506701
width: 0.030632809351068116
height: 0.035642999714856
Area: 0.0003243354943823414
CentroidX: 0.7859
CentroidY: 0.0294
