Location: internet_10.png_Gaussian-Median.png
Component: component_1755091714285_278.png
centerX: 0.2676340185409109
centerY: 0.7875677216994582
width: 0.03506650544135429
height: 0.03165098374679213
Area: 0.0003568609886807832
CentroidX: 0.2831
CentroidY: 0.8033
