Location: Dedata_5.png_Gaussian-Closing.png
Component: component_1755523055575_154.png
centerX: 0.8653225806451613
centerY: 0.40210886292390996
width: 0.020161290322580645
height: 0.04360216585921915
Area: 0.00037024609529412846
CentroidX: 0.8747
CentroidY: 0.4243
