Location: internet_10.png_Gaussian-Median.png
Component: component_1755091714150_214.png
centerX: 0.9209995969367191
centerY: 0.5956658112346735
width: 0.030632809351068116
height: 0.03421727972626176
Area: 0.0004112233872785321
CentroidX: 0.9358
CentroidY: 0.6116
