Location: Dedata_5.png_Mean-Medain.png
Component: component_1755523055727_294.png
centerX: 0.11733870967741936
centerY: 0.8005129666571673
width: 0.02620967741935484
height: 0.04787688800227985
Area: 0.0004896395443973561
CentroidX: 0.1307
CentroidY: 0.8241
