Location: internet_10.png_Mean-Closing.png
Component: component_1755091713872_261.png
centerX: 0.9314792422410318
centerY: 0.8283433133732535
width: 0.03426037887948408
height: 0.033361847733105215
Area: 0.0004017990391072522
CentroidX: 0.9470
CentroidY: 0.8452
