Location: internet_10.png_Gaussian-Closing.png
Component: component_1755091714625_79.png
centerX: 0.7593712212817413
centerY: 0.20958083832335328
width: 0.03385731559854897
height: 0.03364699173082407
Area: 0.00048661817264877166
CentroidX: 0.7751
CentroidY: 0.2267
