Location: Dedata_5.png_Mean-Medain.png
Component: component_1755523055661_12.png
centerX: 0.7024193548387097
centerY: 0.007694499857509262
width: 0.025403225806451612
height: 0.039897406668566546
Area: 0.00043528622252456817
CentroidX: 0.7156
CentroidY: 0.0286
