Location: internet_10.png_Otsu.png
Component: component_1755091713962_281.png
centerX: 0.40588472390165253
centerY: 0.43997718848018247
width: 0.035872632003224506
height: 0.03307670373538637
Area: 0.0003901910005060415
CentroidX: 0.4222
CentroidY: 0.4553
