Location: internet_10.png_Mean-Closing.png
Component: component_1755091713823_19.png
centerX: 0.9451833937928255
centerY: 0.01454234388366125
width: 0.022168480451430876
height: 0.03136583974907328
Area: 0.0002527334344956658
CentroidX: 0.9564
CentroidY: 0.0285
