Location: Dedata_5.png_Mean-Medain.png
Component: component_1755523055727_292.png
centerX: 0.21895161290322582
centerY: 0.7962382445141066
width: 0.03024193548387097
height: 0.04873183243089199
Area: 0.0005222745198981421
CentroidX: 0.2351
CentroidY: 0.8204
