Location: internet_10.png_Mean-Closing.png
Component: component_1755091713870_248.png
centerX: 0.6775493752519145
centerY: 0.7718848018249216
width: 0.02902055622732769
height: 0.03222127174222983
Area: 0.00036571068147576557
CentroidX: 0.6922
CentroidY: 0.7867
