Location: Dedata_5.png_Mean-Medain.png
Component: component_1755523055664_26.png
centerX: 0.5641129032258064
centerY: 0.06326588771729838
width: 0.025
height: 0.045027073240239385
Area: 0.000440572169260611
CentroidX: 0.5779
CentroidY: 0.0875
