Location: Dedata_5.png_Gaussian-Median.png
Component: component_1755523055300_126.png
centerX: 0.06935483870967742
centerY: 0.30407523510971785
width: 0.02258064516129032
height: 0.04103733257338273
Area: 0.00038920655641254284
CentroidX: 0.0800
CentroidY: 0.3260
