Location: Dedata_5.png_Gaussian-Closing.png
Component: component_1755523055573_144.png
centerX: 0.2838709677419355
centerY: 0.3585066970646908
width: 0.021774193548387097
height: 0.038472499287546306
Area: 0.00034358653784278214
CentroidX: 0.2941
CentroidY: 0.3783
