Location: Dedata_5.png_Mean-Closing.png
Component: component_1755523055833_229.png
centerX: 0.10443548387096774
centerY: 0.6087204331718439
width: 0.020967741935483872
height: 0.04673696209746366
Area: 0.00046148613243364987
CentroidX: 0.1144
CentroidY: 0.6321
