Location: internet_10.png_Mean-Closing.png
Component: component_1755091713837_86.png
centerX: 0.17936316001612254
centerY: 0.22526375819788994
width: 0.030632809351068116
height: 0.039635015682919876
Area: 0.0005208676330761061
CentroidX: 0.1938
CentroidY: 0.2442
