Location: internet_10.png_Otsu.png
Component: component_1755091713974_348.png
centerX: 0.12817412333736397
centerY: 0.6281722269746222
width: 0.031035872632003223
height: 0.030795551753635585
Area: 0.00034743664050950325
CentroidX: 0.1432
CentroidY: 0.6433
