Location: internet_10.png_Otsu.png
Component: component_1755091713978_368.png
centerX: 0.0177347843611447
centerY: 0.6880524664955803
width: 0.03426037887948408
height: 0.029654975762760195
Area: 0.00042961235932005397
CentroidX: 0.0333
CentroidY: 0.7036
