Location: Dedata_5.png_Mean-Medain.png
Component: component_1755523055685_126.png
centerX: 0.9407258064516129
centerY: 0.34169278996865204
width: 0.02338709677419355
height: 0.037047591906526074
Area: 0.00037162503792092226
CentroidX: 0.9522
CentroidY: 0.3613
