Location: internet_10.png_Mean-Closing.png
Component: component_1755091713849_145.png
centerX: 0.7952438532849657
centerY: 0.4305674365554605
width: 0.03345425231761386
height: 0.030795551753635585
Area: 0.0004115681805043107
CentroidX: 0.8092
CentroidY: 0.4459
