Location: internet_10.png_Gaussian-Closing.png
Component: component_1755091714659_201.png
centerX: 0.528415961305925
centerY: 0.6076418591388651
width: 0.037484885126964934
height: 0.033932135728542916
Area: 0.0004200730800735145
CentroidX: 0.5444
CentroidY: 0.6248
