Location: internet_10.png_Mean-Closing.png
Component: component_1755091713842_113.png
centerX: 0.7565497783151954
centerY: 0.3187909894496721
width: 0.03345425231761386
height: 0.026518391787852865
Area: 0.000440186018243929
CentroidX: 0.7727
CentroidY: 0.3321
