Location: internet_10.png_Otsu.png
Component: component_1755091713959_266.png
centerX: 0.3482466747279323
centerY: 0.3860849729113202
width: 0.037081821846029824
height: 0.031936127744510975
Area: 0.000449840228565728
CentroidX: 0.3634
CentroidY: 0.4027
