Location: Dedata_5.png_Mean-Closing.png
Component: component_1755523055781_33.png
centerX: 0.6713709677419355
centerY: 0.06583072100313479
width: 0.024193548387096774
height: 0.04132231404958678
Area: 0.00041781961591851367
CentroidX: 0.6837
CentroidY: 0.0881
