Location: Dedata_5.png_Gaussian-Median.png
Component: component_1755523055432_197.png
centerX: 0.8044354838709677
centerY: 0.5169563978341408
width: 0.02338709677419355
height: 0.04531205471644343
Area: 0.0004267827429926732
CentroidX: 0.8158
CentroidY: 0.5388
