Location: Kurtxevani_1764_page_10.png_Otsu.png
Component: component_1755610055857_771.png
centerX: 0.8485436893203884
centerY: 0.25350795135640786
width: 0.01488673139158576
height: 0.029466791393826006
Area: 0.000192539983833907
CentroidX: 0.8567
CentroidY: 0.2692
