Location: internet_10.png_Otsu.png
Component: component_1755091713941_182.png
centerX: 0.22208786779524387
centerY: 0.11690903906472769
width: 0.032245062474808545
height: 0.036213287710293696
Area: 0.00048765255232610725
CentroidX: 0.2381
CentroidY: 0.1336
