Location: internet_10.png_Gaussian-Median.png
Component: component_1755091714068_137.png
centerX: 0.013704151551793631
centerY: 0.34160250926717994
width: 0.037081821846029824
height: 0.038209295694325636
Area: 0.00046696495877939523
CentroidX: 0.0291
CentroidY: 0.3611
