Location: internet_10.png_Mean-Closing.png
Component: component_1755091713868_236.png
centerX: 0.4417573559048771
centerY: 0.7319646421442829
width: 0.029826682789197905
height: 0.03136583974907328
Area: 0.0004039827295371829
CentroidX: 0.4559
CentroidY: 0.7467
