Location: internet_10.png_Gaussian-Median.png
Component: component_1755091714071_149.png
centerX: 0.2861749294639258
centerY: 0.3877958368976333
width: 0.03184199919387344
height: 0.03364699173082407
Area: 0.00046225278469375525
CentroidX: 0.3002
CentroidY: 0.4047
