Location: Dedata_5.png_Gaussian-Closing.png
Component: component_1755523055558_77.png
centerX: 0.20120967741935483
centerY: 0.18010829296095754
width: 0.024193548387096774
height: 0.048446850954687946
Area: 0.0004684957574531849
CentroidX: 0.2125
CentroidY: 0.2056
