Location: Dedata_5.png_Mean-Medain.png
Component: component_1755523055692_155.png
centerX: 0.8221774193548387
centerY: 0.40381875178113424
width: 0.024193548387096774
height: 0.03761755485893417
Area: 0.0003996635379990623
CentroidX: 0.8342
CentroidY: 0.4229
