Location: internet_10.png_Gaussian-Median.png
Component: component_1755091714246_227.png
centerX: 0.12777106005642885
centerY: 0.6278870829769033
width: 0.03184199919387344
height: 0.03136583974907328
Area: 0.0003676645097551773
CentroidX: 0.1432
CentroidY: 0.6433
