Location: internet_10.png_Gaussian-Closing.png
Component: component_1755091714635_114.png
centerX: 0.7005239822652156
centerY: 0.31993156544054746
width: 0.03184199919387344
height: 0.031080695751354435
Area: 0.0004209925286755906
CentroidX: 0.7141
CentroidY: 0.3349
