Location: internet_10.png_Otsu.png
Component: component_1755091713953_241.png
centerX: 0.8141878274889157
centerY: 0.3176504134587967
width: 0.04514308746473196
height: 0.025377815796977475
Area: 0.00043329015372835835
CentroidX: 0.8309
CentroidY: 0.3323
