Location: internet_10.png_Mean-Closing.png
Component: component_1755091713870_249.png
centerX: 0.615074566706973
centerY: 0.7747362418021101
width: 0.03829101168883515
height: 0.03136583974907328
Area: 0.00041949842469721693
CentroidX: 0.6320
CentroidY: 0.7909
