Location: Dedata_5.png_Gaussian-Median.png
Component: component_1755523055357_164.png
centerX: 0.3834677419354839
centerY: 0.41293815901966374
width: 0.025403225806451612
height: 0.0438871473354232
Area: 0.00042011785362983665
CentroidX: 0.3956
CentroidY: 0.4350
