Location: Dedata_5.png_Gaussian-Closing.png
Component: component_1755523055570_130.png
centerX: 0.8524193548387097
centerY: 0.3445426047306925
width: 0.02258064516129032
height: 0.03619264747791394
Area: 0.00034531021612627436
CentroidX: 0.8632
CentroidY: 0.3643
