Location: Dedata_5.png_Mean-Medain.png
Component: component_1755523055672_59.png
centerX: 0.0657258064516129
centerY: 0.12482188657737248
width: 0.021370967741935483
height: 0.04217725847819892
Area: 0.00038369078590536776
CentroidX: 0.0761
CentroidY: 0.1471
