Location: internet_10.png_Otsu.png
Component: component_1755091713944_197.png
centerX: 0.23941958887545345
centerY: 0.16994582264043342
width: 0.031035872632003223
height: 0.045337895637296836
Area: 0.0004933991060890829
CentroidX: 0.2536
CentroidY: 0.1912
