Location: Dedata_5.png_Gaussian-Median.png
Component: component_1755523055276_13.png
centerX: 0.8032258064516129
centerY: 0.007694499857509262
width: 0.03225806451612903
height: 0.04189227700199487
Area: 0.00047562029435828607
CentroidX: 0.8197
CentroidY: 0.0293
