Location: Dedata_5.png_Mean-Closing.png
Component: component_1755523055781_34.png
centerX: 0.15846774193548388
centerY: 0.06611570247933884
width: 0.02258064516129032
height: 0.042462239954402965
Area: 0.0004150617306649261
CentroidX: 0.1693
CentroidY: 0.0889
