Location: internet_10.png_Gaussian-Median.png
Component: component_1755091714076_175.png
centerX: 0.8137847642079806
centerY: 0.4864556601083547
width: 0.030632809351068116
height: 0.03649843170801255
Area: 0.00040467231598873997
CentroidX: 0.8282
CentroidY: 0.5039
