Location: internet_10.png_Gaussian-Closing.png
Component: component_1755091714644_138.png
centerX: 0.2861749294639258
centerY: 0.3877958368976333
width: 0.03184199919387344
height: 0.033361847733105215
Area: 0.0004620229225432362
CentroidX: 0.3002
CentroidY: 0.4047
