Location: internet_10.png_Gaussian-Median.png
Component: component_1755091714044_15.png
centerX: 0.5465538089480049
centerY: 0.010550327915597377
width: 0.028214429665457477
height: 0.03022526375819789
Area: 0.00026618037030102864
CentroidX: 0.5623
CentroidY: 0.0252
