Location: internet_10.png_Gaussian-Median.png
Component: component_1755091714053_57.png
centerX: 0.2777106005642886
centerY: 0.1151981750784146
width: 0.03466344216041919
height: 0.03877958368976333
Area: 0.0005025935921098438
CentroidX: 0.2929
CentroidY: 0.1342
