Location: internet_10.png_Mean-Closing.png
Component: component_1755091713827_36.png
centerX: 0.06408706166868199
centerY: 0.061305959509552324
width: 0.03143893591293833
height: 0.035642999714856
Area: 0.0003559415400787071
CentroidX: 0.0786
CentroidY: 0.0770
