Location: internet_10.png_Mean-Closing.png
Component: component_1755091713845_129.png
centerX: 0.9137444578798871
centerY: 0.3678357570573139
width: 0.027005239822652155
height: 0.02879954376960365
Area: 0.0003919149666349342
CentroidX: 0.9270
CentroidY: 0.3828
