Location: internet_10.png_Mean-Closing.png
Component: component_1755091713836_81.png
centerX: 0.6428859330914953
centerY: 0.21471343028229256
width: 0.029826682789197905
height: 0.03507271171941831
Area: 0.00047995217028372003
CentroidX: 0.6569
CentroidY: 0.2319
