Location: internet_10.png_Otsu.png
Component: component_1755091713983_405.png
centerX: 0.6154776299879081
centerY: 0.7750213857998289
width: 0.037484885126964934
height: 0.031080695751354435
Area: 0.0003652509571747275
CentroidX: 0.6319
CentroidY: 0.7909
