Location: Dedata_5.png_Mean-Medain.png
Component: component_1755523055674_70.png
centerX: 0.39395161290322583
centerY: 0.17640353377030493
width: 0.02258064516129032
height: 0.048446850954687946
Area: 0.0005197464584156869
CentroidX: 0.4052
CentroidY: 0.2022
