Location: Dedata_5.png_Gaussian-Closing.png
Component: component_1755523055592_222.png
centerX: 0.5830645161290322
centerY: 0.5776574522656027
width: 0.020161290322580645
height: 0.04673696209746366
Area: 0.00043574587006683273
CentroidX: 0.5925
CentroidY: 0.6024
