Location: internet_10.png_Mean-Closing.png
Component: component_1755091713874_270.png
centerX: 0.4558645707376058
centerY: 0.8371827773025378
width: 0.03667875856509472
height: 0.03364699173082407
Area: 0.00041869390717040036
CentroidX: 0.4704
CentroidY: 0.8548
