Location: internet_10.png_Gaussian-Closing.png
Component: component_1755091714632_109.png
centerX: 0.06610237807335752
centerY: 0.2928428856572569
width: 0.029423619508262798
height: 0.03279155973766752
Area: 0.00042030294222403355
CentroidX: 0.0796
CentroidY: 0.3082
