Location: internet_10.png_Otsu.png
Component: component_1755091713935_76.png
centerX: 0.8464328899637243
centerY: 0.05588822355289421
width: 0.032245062474808545
height: 0.035357855717137156
Area: 0.00046397675082264793
CentroidX: 0.8596
CentroidY: 0.0734
