Location: Dedata_5.png_Mean-Medain.png
Component: component_1755523055689_145.png
centerX: 0.01532258064516129
centerY: 0.36078654887432315
width: 0.018951612903225806
height: 0.04531205471644343
Area: 0.0004065582511330312
CentroidX: 0.0242
CentroidY: 0.3852
