Location: internet_10.png_Gaussian-Closing.png
Component: component_1755091714612_34.png
centerX: 0.17412333736396615
centerY: 0.059880239520958084
width: 0.024989923417976623
height: 0.030795551753635585
Area: 0.00030422255621192693
CentroidX: 0.1863
CentroidY: 0.0754
