Location: internet_10.png_Gaussian-Closing.png
Component: component_1755091714651_167.png
centerX: 0.5268037081821846
centerY: 0.49729113202167097
width: 0.03143893591293833
height: 0.03022526375819789
Area: 0.0003429543285743823
CentroidX: 0.5418
CentroidY: 0.5118
