Location: Dedata_5.png_Gaussian-Closing.png
Component: component_1755523055567_116.png
centerX: 0.34153225806451615
centerY: 0.2995155314904531
width: 0.02217741935483871
height: 0.0438871473354232
Area: 0.00038035834122394945
CentroidX: 0.3519
CentroidY: 0.3231
