Location: Dedata_5.png_Mean-Closing.png
Component: component_1755523055820_174.png
centerX: 0.6911290322580645
centerY: 0.4645198062125962
width: 0.02258064516129032
height: 0.04445711028783129
Area: 0.0004422958475441032
CentroidX: 0.7025
CentroidY: 0.4865
