Location: internet_10.png_Gaussian-Closing.png
Component: component_1755091714660_207.png
centerX: 0.1837968561064087
centerY: 0.6253207869974337
width: 0.03345425231761386
height: 0.033932135728542916
Area: 0.0003928344152370103
CentroidX: 0.1988
CentroidY: 0.6420
