Location: internet_10.png_Otsu.png
Component: component_1755091713977_365.png
centerX: 0.3010882708585248
centerY: 0.6800684345594525
width: 0.032245062474808545
height: 0.03136583974907328
Area: 0.000360193989863309
CentroidX: 0.3166
CentroidY: 0.6936
