Location: internet_10.png_Otsu.png
Component: component_1755091713984_408.png
centerX: 0.4518339379282547
centerY: 0.780439121756487
width: 0.027005239822652155
height: 0.037639007698887936
Area: 0.00032755356448960774
CentroidX: 0.4632
CentroidY: 0.7987
