Location: Dedata_5.png_Mean-Closing.png
Component: component_1755523055848_281.png
centerX: 0.5189516129032258
centerY: 0.7902536335138216
width: 0.028225806451612902
height: 0.05072670276432032
Area: 0.0005110131551126596
CentroidX: 0.5317
CentroidY: 0.8158
