Location: internet_10.png_Otsu.png
Component: component_1755091713950_227.png
centerX: 0.5300282144296654
centerY: 0.2728828058169376
width: 0.02902055622732769
height: 0.033932135728542916
Area: 0.00040547683351555653
CentroidX: 0.5441
CentroidY: 0.2892
