Location: internet_10.png_Mean-Closing.png
Component: component_1755091713857_184.png
centerX: 0.5219669488109633
centerY: 0.5503279155973767
width: 0.03184199919387344
height: 0.02765896777872826
Area: 0.0003320358764247287
CentroidX: 0.5367
CentroidY: 0.5637
