Location: internet_10.png_Gaussian-Closing.png
Component: component_1755091714653_176.png
centerX: 0.07779121322047561
centerY: 0.5109780439121756
width: 0.035872632003224506
height: 0.037639007698887936
Area: 0.0004359335684593271
CentroidX: 0.0923
CentroidY: 0.5296
