Location: Dedata_5.png_Mean-Closing.png
Component: component_1755523055826_197.png
centerX: 0.5625
centerY: 0.5226560273582217
width: 0.024193548387096774
height: 0.04132231404958678
Area: 0.0004598773660357238
CentroidX: 0.5727
CentroidY: 0.5436
