Location: Dedata_5.png_Gaussian-Closing.png
Component: component_1755523055590_215.png
centerX: 0.8120967741935484
centerY: 0.5716728412653177
width: 0.024193548387096774
height: 0.0481618694784839
Area: 0.00046378437014497285
CentroidX: 0.8235
CentroidY: 0.5949
