Location: Dedata_5.png_Mean-Closing.png
Component: component_1755523055816_157.png
centerX: 0.4310483870967742
centerY: 0.40923339982901114
width: 0.024193548387096774
height: 0.04331718438301511
Area: 0.0004228757388834242
CentroidX: 0.4428
CentroidY: 0.4312
