Location: Dedata_5.png_Mean-Closing.png
Component: component_1755523055834_230.png
centerX: 0.014112903225806451
centerY: 0.6110002849814762
width: 0.02217741935483871
height: 0.04417212881162724
Area: 0.0004437897020564631
CentroidX: 0.0255
CentroidY: 0.6330
