Location: internet_10.png_Gaussian-Closing.png
Component: component_1755091714614_39.png
centerX: 0.8468359532446594
centerY: 0.10122611919019105
width: 0.027005239822652155
height: 0.035357855717137156
Area: 0.0004512194014688421
CentroidX: 0.8590
CentroidY: 0.1192
