Location: Dedata_5.png_Gaussian-Median.png
Component: component_1755523055346_152.png
centerX: 0.775
centerY: 0.39840410373325735
width: 0.025403225806451612
height: 0.047021943573667714
Area: 0.00046769137425422186
CentroidX: 0.7874
CentroidY: 0.4230
