Location: Dedata_5.png_Mean-Medain.png
Component: component_1755523055706_206.png
centerX: 0.3286290322580645
centerY: 0.5337703049301795
width: 0.024193548387096774
height: 0.0438871473354232
Area: 0.000461601044319216
CentroidX: 0.3406
CentroidY: 0.5556
