Location: Dedata_5.png_Mean-Closing.png
Component: component_1755523055835_235.png
centerX: 0.9532258064516129
centerY: 0.6412083214591051
width: 0.02217741935483871
height: 0.04531205471644343
Area: 0.00045252300535949033
CentroidX: 0.9634
CentroidY: 0.6635
