Location: internet_10.png_Mean-Closing.png
Component: component_1755091713846_130.png
centerX: 0.7533252720677146
centerY: 0.3706871970345024
width: 0.03385731559854897
height: 0.03792415169660679
Area: 0.0005153509414636496
CentroidX: 0.7680
CentroidY: 0.3901
