Location: Dedata_5.png_Mean-Closing.png
Component: component_1755523055777_16.png
centerX: 0.2213709677419355
centerY: 0.009404388714733543
width: 0.024596774193548387
height: 0.04531205471644343
Area: 0.00048274483126338724
CentroidX: 0.2332
CentroidY: 0.0319
