Location: internet_10.png_Mean-Closing.png
Component: component_1755091713850_150.png
centerX: 0.5223700120918985
centerY: 0.437125748502994
width: 0.02781136638452237
height: 0.029654975762760195
Area: 0.0003778933754532738
CentroidX: 0.5357
CentroidY: 0.4511
