Location: Dedata_5.png_Mean-Closing.png
Component: component_1755523055793_79.png
centerX: 0.1528225806451613
centerY: 0.1846679965802223
width: 0.02379032258064516
height: 0.04445711028783129
Area: 0.0004428704069719339
CentroidX: 0.1646
CentroidY: 0.2091
