Location: Dedata_5.png_Gaussian-Closing.png
Component: component_1755523055598_249.png
centerX: 0.28669354838709676
centerY: 0.6625819321744086
width: 0.022983870967741935
height: 0.04217725847819892
Area: 0.00042494415282361484
CentroidX: 0.2979
CentroidY: 0.6839
