Location: Dedata_5.png_Mean-Medain.png
Component: component_1755523055691_153.png
centerX: 0.8649193548387096
centerY: 0.40210886292390996
width: 0.020967741935483872
height: 0.04360216585921915
Area: 0.0003832311383631032
CentroidX: 0.8747
CentroidY: 0.4242
