Location: Dedata_5.png_Gaussian-Closing.png
Component: component_1755523055572_140.png
centerX: 0.14677419354838708
centerY: 0.35708178968367055
width: 0.020161290322580645
height: 0.03932744371615845
Area: 0.00034404618538504676
CentroidX: 0.1563
CentroidY: 0.3789
