Location: internet_10.png_Gaussian-Closing.png
Component: component_1755091714623_73.png
centerX: 0.12817412333736397
centerY: 0.17336755061305958
width: 0.037484885126964934
height: 0.03849443969204448
Area: 0.0005047772825397744
CentroidX: 0.1440
CentroidY: 0.1927
