Location: internet_10.png_Mean-Closing.png
Component: component_1755091713838_91.png
centerX: 0.0592503022974607
centerY: 0.22897063016823496
width: 0.030632809351068116
height: 0.034787567721699456
Area: 0.00048454941329410047
CentroidX: 0.0740
CentroidY: 0.2463
