Location: internet_10.png_Mean-Closing.png
Component: component_1755091713840_102.png
centerX: 0.3555018137847642
centerY: 0.2780153977758768
width: 0.030632809351068116
height: 0.03364699173082407
Area: 0.0004477714692110568
CentroidX: 0.3694
CentroidY: 0.2944
