Location: Dedata_5.png_Gaussian-Median.png
Component: component_1755523055295_99.png
centerX: 0.255241935483871
centerY: 0.2467939583927045
width: 0.021774193548387097
height: 0.04075235109717868
Area: 0.0004010424806258561
CentroidX: 0.2658
CentroidY: 0.2685
