Location: internet_10.png_Otsu.png
Component: component_1755091713955_251.png
centerX: 0.24465941152760984
centerY: 0.3378956372968349
width: 0.027005239822652155
height: 0.03051040775591674
Area: 0.00037134230416348166
CentroidX: 0.2584
CentroidY: 0.3526
