Location: Dedata_5.png_Gaussian-Median.png
Component: component_1755523055310_144.png
centerX: 0.4157258064516129
centerY: 0.35708178968367055
width: 0.021370967741935483
height: 0.037902536335138216
Area: 0.0003439312734994806
CentroidX: 0.4257
CentroidY: 0.3768
