Location: internet_10.png_Otsu.png
Component: component_1755091713949_220.png
centerX: 0.05965336557839581
centerY: 0.2292557741659538
width: 0.030229746070133012
height: 0.03421727972626176
Area: 0.00044259957082437877
CentroidX: 0.0739
CentroidY: 0.2463
