Location: internet_10.png_Gaussian-Closing.png
Component: component_1755091714655_186.png
centerX: 0.4139459895203547
centerY: 0.5566010835471913
width: 0.028214429665457477
height: 0.02594810379241517
Area: 0.00031077362750171907
CentroidX: 0.4269
CentroidY: 0.5695
