Location: Dedata_5.png_Gaussian-Median.png
Component: component_1755523055282_38.png
centerX: 0.06330645161290323
centerY: 0.06754060986035908
width: 0.02217741935483871
height: 0.03505272157309775
Area: 0.0003401391812757977
CentroidX: 0.0750
CentroidY: 0.0865
