Location: internet_10.png_Gaussian-Median.png
Component: component_1755091714042_9.png
centerX: 0.37001209189842804
centerY: 0.00855431993156544
width: 0.026602176541717048
height: 0.031080695751354435
Area: 0.0002969818984705777
CentroidX: 0.3829
CentroidY: 0.0233
