Location: internet_10.png_Mean-Closing.png
Component: component_1755091713834_71.png
centerX: 0.18500604594921402
centerY: 0.17137154262902765
width: 0.030229746070133012
height: 0.03992015968063872
Area: 0.0005379923632897733
CentroidX: 0.2001
CentroidY: 0.1902
