Location: internet_10.png_Gaussian-Median.png
Component: component_1755091714253_236.png
centerX: 0.60378879484079
centerY: 0.6675220986598233
width: 0.04191858121725111
height: 0.036213287710293696
Area: 0.00044731174491001875
CentroidX: 0.6235
CentroidY: 0.6839
