Location: internet_10.png_Gaussian-Closing.png
Component: component_1755091714670_258.png
centerX: 0.0769850866586054
centerY: 0.7964071856287425
width: 0.03184199919387344
height: 0.033932135728542916
Area: 0.0003901910005060415
CentroidX: 0.0924
CentroidY: 0.8126
