Location: Dedata_5.png_Mean-Medain.png
Component: component_1755523055662_18.png
centerX: 0.7504032258064516
centerY: 0.009404388714733543
width: 0.027419354838709678
height: 0.04274722143060701
Area: 0.000500441261640574
CentroidX: 0.7652
CentroidY: 0.0315
