Location: Dedata_5.png_Mean-Closing.png
Component: component_1755523055823_185.png
centerX: 0.017338709677419354
centerY: 0.48503847249928755
width: 0.02056451612903226
height: 0.0438871473354232
Area: 0.0004409169049173094
CentroidX: 0.0263
CentroidY: 0.5080
