Location: Dedata_5.png_Gaussian-Median.png
Component: component_1755523055285_53.png
centerX: 0.4508064516129032
centerY: 0.12168709033912796
width: 0.025
height: 0.04103733257338273
Area: 0.00039483723880528413
CentroidX: 0.4633
CentroidY: 0.1438
