Location: Dedata_5.png_Gaussian-Closing.png
Component: component_1755523055546_17.png
centerX: 0.5556451612903226
centerY: 0.009404388714733543
width: 0.02338709677419355
height: 0.042462239954402965
Area: 0.00038897673264141056
CentroidX: 0.5673
CentroidY: 0.0311
