Location: Dedata_5.png_Mean-Medain.png
Component: component_1755523055727_296.png
centerX: 0.017338709677419354
centerY: 0.8036477628954118
width: 0.027016129032258064
height: 0.047591906526075804
Area: 0.00048780095422829776
CentroidX: 0.0304
CentroidY: 0.8271
