Location: Dedata_5.png_Mean-Medain.png
Component: component_1755523055677_83.png
centerX: 0.9375
centerY: 0.2322599031062981
width: 0.024193548387096774
height: 0.0438871473354232
Area: 0.0004445940852554261
CentroidX: 0.9494
CentroidY: 0.2558
