Location: internet_10.png_Otsu.png
Component: component_1755091713944_195.png
centerX: 0.5251914550584442
centerY: 0.1662389506700884
width: 0.03184199919387344
height: 0.031936127744510975
Area: 0.00043547384415828903
CentroidX: 0.5396
CentroidY: 0.1815
