Location: internet_10.png_Otsu.png
Component: component_1755091713932_69.png
centerX: 0.6844014510278114
centerY: 0.0510407755916738
width: 0.029423619508262798
height: 0.03507271171941831
Area: 0.00042133732190136915
CentroidX: 0.7001
CentroidY: 0.0664
