Location: internet_10.png_Otsu.png
Component: component_1755091713955_248.png
centerX: 0.4135429262394196
centerY: 0.3299116053607072
width: 0.030229746070133012
height: 0.03279155973766752
Area: 0.0003969719339463527
CentroidX: 0.4277
CentroidY: 0.3454
