Location: Dedata_5.png_Mean-Medain.png
Component: component_1755523055727_295.png
centerX: 0.0657258064516129
centerY: 0.8022228555143915
width: 0.028629032258064516
height: 0.048446850954687946
Area: 0.0005188271633311577
CentroidX: 0.0804
CentroidY: 0.8258
