Location: Dedata_5.png_Mean-Medain.png
Component: component_1755523055707_214.png
centerX: 0.7685483870967742
centerY: 0.5719578227415218
width: 0.021370967741935483
height: 0.04331718438301511
Area: 0.00041172928598350787
CentroidX: 0.7791
CentroidY: 0.5944
