Location: internet_10.png_Gaussian-Median.png
Component: component_1755091714261_254.png
centerX: 0.6775493752519145
centerY: 0.7214143142286855
width: 0.03426037887948408
height: 0.031080695751354435
Area: 0.00042363594340655937
CentroidX: 0.6951
CentroidY: 0.7344
