Location: Dedata_5.png_Mean-Closing.png
Component: component_1755523055810_136.png
centerX: 0.14637096774193548
centerY: 0.35708178968367055
width: 0.02056451612903226
height: 0.03932744371615845
Area: 0.00036518997232921793
CentroidX: 0.1563
CentroidY: 0.3791
