Location: internet_10.png_Gaussian-Median.png
Component: component_1755091714059_92.png
centerX: 0.47803305118903666
centerY: 0.22070145423438836
width: 0.027408303103587262
height: 0.03450242372398061
Area: 0.00043145125652420613
CentroidX: 0.4899
CentroidY: 0.2384
