Location: Dedata_5.png_Mean-Medain.png
Component: component_1755523055660_10.png
centerX: 0.5008064516129033
centerY: 0.006839555428897122
width: 0.02379032258064516
height: 0.048446850954687946
Area: 0.0004694150525377141
CentroidX: 0.5121
CentroidY: 0.0332
