Location: Dedata_5.png_Mean-Medain.png
Component: component_1755523055680_100.png
centerX: 0.21048387096774193
centerY: 0.2493587916785409
width: 0.021774193548387097
height: 0.04417212881162724
Area: 0.00042471432905248255
CentroidX: 0.2209
CentroidY: 0.2717
