Location: Dedata_5.png_Mean-Medain.png
Component: component_1755523055722_272.png
centerX: 0.0125
centerY: 0.7324023938444001
width: 0.024193548387096774
height: 0.05585636933599316
Area: 0.0005395113027330643
CentroidX: 0.0255
CentroidY: 0.7603
