Location: Dedata_5.png_Mean-Closing.png
Component: component_1755523055845_269.png
centerX: 0.0125
centerY: 0.7324023938444001
width: 0.024193548387096774
height: 0.05585636933599316
Area: 0.0005391665670763659
CentroidX: 0.0255
CentroidY: 0.7603
