Location: internet_10.png_Gaussian-Closing.png
Component: component_1755091714636_118.png
centerX: 0.4683595324465941
centerY: 0.3270601653835187
width: 0.03909713825070536
height: 0.031080695751354435
Area: 0.00043972629394289095
CentroidX: 0.4834
CentroidY: 0.3442
