Location: Dedata_5.png_Mean-Medain.png
Component: component_1755523055676_79.png
centerX: 0.15241935483870966
centerY: 0.1846679965802223
width: 0.024193548387096774
height: 0.04445711028783129
Area: 0.00044310023074306624
CentroidX: 0.1646
CentroidY: 0.2091
