Location: internet_10.png_Otsu.png
Component: component_1755091713971_324.png
centerX: 0.2422410318419992
centerY: 0.5634445394924437
width: 0.026602176541717048
height: 0.02765896777872826
Area: 0.0003220368728771512
CentroidX: 0.2558
CentroidY: 0.5773
