Location: Dedata_5.png_Gaussian-Closing.png
Component: component_1755523055608_291.png
centerX: 0.37056451612903224
centerY: 0.7945283556568823
width: 0.02943548387096774
height: 0.04645198062125962
Area: 0.0004526379172450565
CentroidX: 0.3845
CentroidY: 0.8173
