Location: internet_10.png_Mean-Closing.png
Component: component_1755091713867_233.png
centerX: 0.6779524385328497
centerY: 0.7214143142286855
width: 0.03385731559854897
height: 0.030795551753635585
Area: 0.0004478864002863163
CentroidX: 0.6951
CentroidY: 0.7345
