Location: Dedata_5.png_Gaussian-Closing.png
Component: component_1755523055592_223.png
centerX: 0.5370967741935484
centerY: 0.5827871188372756
width: 0.021774193548387097
height: 0.045027073240239385
Area: 0.0004416063762307063
CentroidX: 0.5477
CentroidY: 0.6057
