Location: Dedata_5.png_Mean-Medain.png
Component: component_1755523055694_162.png
centerX: 0.2810483870967742
centerY: 0.4157879737817042
width: 0.021774193548387097
height: 0.04103733257338273
Area: 0.00039736530028773934
CentroidX: 0.2915
CentroidY: 0.4368
