Location: internet_10.png_Mean-Closing.png
Component: component_1755091713851_155.png
centerX: 0.24828698105602579
centerY: 0.44425434844596523
width: 0.026602176541717048
height: 0.03450242372398061
Area: 0.0003855937574956611
CentroidX: 0.2612
CentroidY: 0.4606
