Location: Dedata_5.png_Mean-Closing.png
Component: component_1755523055814_152.png
centerX: 0.6790322580645162
centerY: 0.40267882587631804
width: 0.02379032258064516
height: 0.04274722143060701
Area: 0.00044965020822033665
CentroidX: 0.6909
CentroidY: 0.4244
