Location: Dedata_5.png_Gaussian-Closing.png
Component: component_1755523055585_191.png
centerX: 0.05806451612903226
centerY: 0.48874323168994016
width: 0.022983870967741935
height: 0.04132231404958678
Area: 0.0004206924130576674
CentroidX: 0.0686
CentroidY: 0.5096
