Location: Dedata_5.png_Gaussian-Median.png
Component: component_1755523055361_168.png
centerX: 0.23508064516129032
centerY: 0.42034767740096896
width: 0.024193548387096774
height: 0.043032202906811055
Area: 0.00040000827365576074
CentroidX: 0.2471
CentroidY: 0.4413
