Location: Dedata_5.png_Gaussian-Closing.png
Component: component_1755523055581_174.png
centerX: 0.9112903225806451
centerY: 0.4608150470219436
width: 0.02338709677419355
height: 0.040467369620974636
Area: 0.00037817501539819267
CentroidX: 0.9226
CentroidY: 0.4820
