Location: Dedata_5.png_Mean-Medain.png
Component: component_1755523055660_7.png
centerX: 0.3963709677419355
centerY: 0.006554573952693075
width: 0.02258064516129032
height: 0.04873183243089199
Area: 0.00046079666112025297
CentroidX: 0.4076
CentroidY: 0.0315
