Location: internet_10.png_Gaussian-Median.png
Component: component_1755091714048_35.png
centerX: 0.894397420395002
centerY: 0.05617336755061306
width: 0.026199113260781944
height: 0.039635015682919876
Area: 0.0004435190194264549
CentroidX: 0.9068
CentroidY: 0.0744
