Location: internet_10.png_Gaussian-Median.png
Component: component_1755091714251_230.png
centerX: 0.7859733978234583
centerY: 0.6561163387510693
width: 0.037484885126964934
height: 0.033361847733105215
Area: 0.00041903870039617893
CentroidX: 0.8020
CentroidY: 0.6726
