Location: internet_10.png_Gaussian-Closing.png
Component: component_1755091714665_230.png
centerX: 0.8053204353083434
centerY: 0.7140005702879955
width: 0.041112454655380895
height: 0.029940119760479042
Area: 0.0004319109808252442
CentroidX: 0.8219
CentroidY: 0.7290
