Location: Dedata_5.png_Mean-Closing.png
Component: component_1755523055784_42.png
centerX: 0.505241935483871
centerY: 0.11940723852949559
width: 0.027016129032258064
height: 0.04274722143060701
Area: 0.00044298531885750004
CentroidX: 0.5183
CentroidY: 0.1425
