Location: internet_10.png_Gaussian-Closing.png
Component: component_1755091714648_157.png
centerX: 0.07940346634421604
centerY: 0.4513829483889364
width: 0.02539298669891173
height: 0.03592814371257485
Area: 0.0004481162624368353
CentroidX: 0.0924
CentroidY: 0.4688
