Location: internet_10.png_Mean-Closing.png
Component: component_1755091713875_273.png
centerX: 0.19911326078194277
centerY: 0.8474479612204163
width: 0.037081821846029824
height: 0.03022526375819789
Area: 0.00042846304856745883
CentroidX: 0.2165
CentroidY: 0.8620
