Location: internet_10.png_Gaussian-Median.png
Component: component_1755091714057_82.png
centerX: 0.06972994760177348
centerY: 0.17621899059024806
width: 0.032245062474808545
height: 0.037639007698887936
Area: 0.00048650324157351217
CentroidX: 0.0849
CentroidY: 0.1942
