Location: Dedata_5.png_Mean-Closing.png
Component: component_1755523055807_124.png
centerX: 0.9407258064516129
centerY: 0.34169278996865204
width: 0.02338709677419355
height: 0.03676261043032203
Area: 0.0003717399498064884
CentroidX: 0.9522
CentroidY: 0.3613
