Location: internet_10.png_Mean-Closing.png
Component: component_1755091713824_25.png
centerX: 0.4538492543329303
centerY: 0.05360707157114343
width: 0.030632809351068116
height: 0.03592814371257485
Area: 0.000510753698453269
CentroidX: 0.4670
CentroidY: 0.0719
