Location: Dedata_5.png_Mean-Closing.png
Component: component_1755523055794_80.png
centerX: 0.06169354838709677
centerY: 0.18552294100883443
width: 0.027016129032258064
height: 0.04360216585921915
Area: 0.0004766545013283814
CentroidX: 0.0751
CentroidY: 0.2088
