Location: Dedata_5.png_Gaussian-Closing.png
Component: component_1755523055592_221.png
centerX: 0.680241935483871
centerY: 0.5770874893131946
width: 0.02338709677419355
height: 0.04331718438301511
Area: 0.0004398826979472141
CentroidX: 0.6912
CentroidY: 0.5981
