Location: internet_10.png_Otsu.png
Component: component_1755091713932_29.png
centerX: 0.7710600564288593
centerY: 0.019674935842600515
width: 0.029826682789197905
height: 0.028514399771884802
Area: 0.00019653213869376467
CentroidX: 0.7884
CentroidY: 0.0313
