Location: Dedata_5.png_Gaussian-Median.png
Component: component_1755523055458_265.png
centerX: 0.7133064516129032
centerY: 0.7130236534625249
width: 0.02903225806451613
height: 0.04930179538330009
Area: 0.0005152648948786071
CentroidX: 0.7270
CentroidY: 0.7387
