Location: Dedata_5.png_Mean-Medain.png
Component: component_1755523055698_180.png
centerX: 0.4576612903225806
centerY: 0.4702194357366771
width: 0.021774193548387097
height: 0.04189227700199487
Area: 0.0004116143740979417
CentroidX: 0.4679
CentroidY: 0.4917
