Location: Dedata_5.png_Mean-Medain.png
Component: component_1755523055698_178.png
centerX: 0.5064516129032258
centerY: 0.46679965802222856
width: 0.021774193548387097
height: 0.04217725847819892
Area: 0.00041873891100304285
CentroidX: 0.5168
CentroidY: 0.4894
