Location: internet_10.png_Otsu.png
Component: component_1755091713965_291.png
centerX: 0.8673921805723499
centerY: 0.4864556601083547
width: 0.022974607013301087
height: 0.03421727972626176
Area: 0.0003280132887906458
CentroidX: 0.8778
CentroidY: 0.5029
