Location: internet_10.png_Gaussian-Median.png
Component: component_1755091714279_273.png
centerX: 0.5014107214832729
centerY: 0.7778728257770174
width: 0.02902055622732769
height: 0.03450242372398061
Area: 0.0003751350296470455
CentroidX: 0.5156
CentroidY: 0.7940
