Location: Dedata_5.png_Mean-Closing.png
Component: component_1755523055811_141.png
centerX: 0.28346774193548385
centerY: 0.3585066970646908
width: 0.02217741935483871
height: 0.038472499287546306
Area: 0.00037162503792092226
CentroidX: 0.2941
CentroidY: 0.3784
