Location: Dedata_5.png_Gaussian-Median.png
Component: component_1755523055285_55.png
centerX: 0.021370967741935483
centerY: 0.12339697919635224
width: 0.022983870967741935
height: 0.04673696209746366
Area: 0.00043287307292767905
CentroidX: 0.0328
CentroidY: 0.1489
