Location: Dedata_5.png_Gaussian-Median.png
Component: component_1755523055365_178.png
centerX: 0.7846774193548387
centerY: 0.46195497292675974
width: 0.02056451612903226
height: 0.0438871473354232
Area: 0.0004016170400536868
CentroidX: 0.7948
CentroidY: 0.4842
