Location: Dedata_5.png_Gaussian-Median.png
Component: component_1755523055449_240.png
centerX: 0.7161290322580646
centerY: 0.6412083214591051
width: 0.02620967741935484
height: 0.045027073240239385
Area: 0.0004865369234870701
CentroidX: 0.7290
CentroidY: 0.6636
