Location: Dedata_5.png_Mean-Medain.png
Component: component_1755523055721_270.png
centerX: 0.23588709677419356
centerY: 0.7284126531775434
width: 0.02620967741935484
height: 0.04873183243089199
Area: 0.0004963044337601927
CentroidX: 0.2499
CentroidY: 0.7519
