Location: Dedata_5.png_Gaussian-Median.png
Component: component_1755523055433_198.png
centerX: 0.8467741935483871
centerY: 0.5189512681675691
width: 0.02338709677419355
height: 0.04331718438301511
Area: 0.00039920389045679775
CentroidX: 0.8585
CentroidY: 0.5400
