Location: internet_10.png_Otsu.png
Component: component_1755091713966_294.png
centerX: 0.6420798065296252
centerY: 0.4893071000855432
width: 0.029423619508262798
height: 0.032506415739948676
Area: 0.00036513602609946803
CentroidX: 0.6549
CentroidY: 0.5050
