Location: Dedata_5.png_Mean-Closing.png
Component: component_1755523055827_201.png
centerX: 0.3786290322580645
centerY: 0.5300655457395269
width: 0.025
height: 0.04673696209746366
Area: 0.0004725176734480001
CentroidX: 0.3914
CentroidY: 0.5535
