Location: Dedata_5.png_Mean-Closing.png
Component: component_1755523055820_173.png
centerX: 0.5560483870967742
centerY: 0.46480478768880024
width: 0.02258064516129032
height: 0.04360216585921915
Area: 0.00043425201555447285
CentroidX: 0.5669
CentroidY: 0.4870
