Location: Handwritten_2025-04-19_210009-1.png_Gaussian-Closing.png
Component: component_1745101240051_172.png
centerX: 0.0800942285041225
centerY: 0.4313222079589217
width: 0.038869257950530034
height: 0.025246041934103552
Area: 0.000475779353292882
CentroidX: 0.0977
CentroidY: 0.4416
