Location: 2025-04-18_221326-1.png_Otsu.png
Component: component_1745101239885_19.png
centerX: 0.5241460541813898
centerY: 0.02866923406076166
width: 0.037102473498233215
height: 0.029097133076593923
Area: 0.0003878307334310092
CentroidX: 0.5404
CentroidY: 0.0395
