Location: 2025-04-18_221326-1.png_Otsu.png
Component: component_1745101239887_46.png
centerX: 0.6908127208480566
centerY: 0.07445442875481387
width: 0.03415783274440518
height: 0.02866923406076166
Area: 0.00033213834091102673
CentroidX: 0.7052
CentroidY: 0.0858
