Location: Handwritten_2025-04-19_210009-1.png_Gaussian-Closing.png
Component: component_1745101240174_303.png
centerX: 0.9522968197879859
centerY: 0.8018827556696619
width: 0.034746760895170786
height: 0.024390243902439025
Area: 0.00042915902471280616
CentroidX: 0.9702
CentroidY: 0.8123
