Location: Handwritten_2025-04-19_210009-1.png_Gaussian-Closing.png
Component: component_1745101240152_273.png
centerX: 0.287396937573616
centerY: 0.7017543859649122
width: 0.04004711425206125
height: 0.029525032092426188
Area: 0.0004795593799345098
CentroidX: 0.3067
CentroidY: 0.7130
