Location: Handwritten_2025-04-19_210009-1.png_Gaussian-Closing.png
Component: component_1745101239955_116.png
centerX: 0.30683156654888105
centerY: 0.2610183996576808
width: 0.035924617196702
height: 0.029097133076593923
Area: 0.00047174732487514573
CentroidX: 0.3238
CentroidY: 0.2724
