Location: 2025-04-18_221326-1.png_Otsu.png
Component: component_1745101239898_210.png
centerX: 0.7538280329799765
centerY: 0.1647411210954215
width: 0.04004711425206125
height: 0.02866923406076166
Area: 0.0004478071561448365
CentroidX: 0.7724
CentroidY: 0.1771
