Location: 2025-04-18_221326-1.png_Gaussian-Median.png
Component: component_1745101240398_108.png
centerX: 0.8468786808009423
centerY: 0.1210954214805306
width: 0.03415783274440518
height: 0.029525032092426188
Area: 0.00041781894478792284
CentroidX: 0.8634
CentroidY: 0.1318
