Location: Handwritten_2025-04-19_210009-1.png_Gaussian-Closing.png
Component: component_1745101239937_62.png
centerX: 0.3568904593639576
centerY: 0.1116816431322208
width: 0.04004711425206125
height: 0.024818142918271287
Area: 0.0004417591135182321
CentroidX: 0.3754
CentroidY: 0.1207
