Location: Handwritten_2025-04-19_204631-1.png_Otsu.png
Component: component_1745101240302_372.png
centerX: 0.29387514723203767
centerY: 0.3795464270432178
width: 0.048292108362779744
height: 0.02610183996576808
Area: 0.0003480144528058634
CentroidX: 0.3162
CentroidY: 0.3880
