Location: Handwritten_2025-04-19_210009-1.png_Gaussian-Closing.png
Component: component_1745101240124_234.png
centerX: 0.23674911660777384
centerY: 0.599058622165169
width: 0.03769140164899882
height: 0.026529738981600343
Area: 0.00046645528757686684
CentroidX: 0.2540
CentroidY: 0.6088
