Location: Handwritten_2025-04-19_204631-1.png_Otsu.png
Component: component_1745101240243_95.png
centerX: 0.7555948174322733
centerY: 0.11296534017971759
width: 0.039458186101295645
height: 0.0235344458707745
Area: 0.00036489857180513406
CentroidX: 0.7736
CentroidY: 0.1221
