Location: Handwritten_2025-04-19_210009-1.png_Gaussian-Closing.png
Component: component_1745101240180_321.png
centerX: 0.6189634864546525
centerY: 0.8510911424903723
width: 0.030035335689045935
height: 0.02738553701326487
Area: 0.0003832947014610559
CentroidX: 0.6346
CentroidY: 0.8621
