Location: 2025-04-18_221326-1.png_Otsu.png
Component: component_1745101239896_126.png
centerX: 0.38162544169611307
centerY: 0.13692768506632436
width: 0.04299175500588928
height: 0.02738553701326487
Area: 0.0002993781100169194
CentroidX: 0.4003
CentroidY: 0.1473
