Location: Handwritten_2025-04-19_210009-1.png_Gaussian-Closing.png
Component: component_1745101240059_180.png
centerX: 0.8321554770318021
centerY: 0.47839109970047067
width: 0.035924617196702
height: 0.025673940949935817
Area: 0.0004410031081899065
CentroidX: 0.8488
CentroidY: 0.4888
