Location: 2025-04-18_221326-1.png_Otsu.png
Component: component_1745101239897_134.png
centerX: 0.0983510011778563
centerY: 0.1386392811296534
width: 0.04122497055359246
height: 0.025246041934103552
Area: 0.0003132382077028879
CentroidX: 0.1169
CentroidY: 0.1476
