Location: Handwritten_2025-04-19_204631-1.png_Otsu.png
Component: component_1745101240349_1256.png
centerX: 0.29034157832744406
centerY: 0.8532306375695335
width: 0.039458186101295645
height: 0.02781343602909713
Area: 0.0003475104492536463
CentroidX: 0.3090
CentroidY: 0.8635
