Location: Handwritten_2025-04-19_210009-1.png_Gaussian-Closing.png
Component: component_1745101240182_329.png
centerX: 0.13663133097762073
centerY: 0.8579375267436885
width: 0.03651354534746761
height: 0.02396234488660676
Area: 0.0003797666765955366
CentroidX: 0.1528
CentroidY: 0.8671
