Location: Handwritten_2025-04-19_210009-1.png_Gaussian-Closing.png
Component: component_1745101239928_11.png
centerX: 0.7420494699646644
centerY: 0.016260162601626018
width: 0.039458186101295645
height: 0.026529738981600343
Area: 0.00042865502116058913
CentroidX: 0.7606
CentroidY: 0.0265
