Location: Handwritten_2025-04-19_204631-1.png_Otsu.png
Component: component_1745101240348_1244.png
centerX: 0.40577149587750294
centerY: 0.8493795464270432
width: 0.035924617196702
height: 0.022250748823277707
Area: 0.00031399421303121344
CentroidX: 0.4221
CentroidY: 0.8575
