Location: Handwritten_2025-04-19_204631-1.png_Otsu.png
Component: component_1745101240322_781.png
centerX: 0.7656065959952886
centerY: 0.5789473684210527
width: 0.043580683156654886
height: 0.029525032092426188
Area: 0.00038405070678938145
CentroidX: 0.7854
CentroidY: 0.5904
