Location: Handwritten_2025-04-19_204631-1.png_Otsu.png
Component: component_1745101240340_1028.png
centerX: 0.9305064782096584
centerY: 0.7389816003423192
width: 0.038869257950530034
height: 0.025673940949935817
Area: 0.00032231027164279454
CentroidX: 0.9488
CentroidY: 0.7483
