Location: Handwritten_2025-04-19_204631-1.png_Otsu.png
Component: component_1745101240279_254.png
centerX: 0.3586572438162544
centerY: 0.2862644415917843
width: 0.035924617196702
height: 0.029525032092426188
Area: 0.0003394463924181738
CentroidX: 0.3752
CentroidY: 0.2967
