Location: Handwritten_2025-04-19_204631-1.png_Otsu.png
Component: component_1745101240302_373.png
centerX: 0.18492343934040048
centerY: 0.3804022250748823
width: 0.03651354534746761
height: 0.029525032092426188
Area: 0.0003510384741191656
CentroidX: 0.2022
CentroidY: 0.3916
