Location: Handwritten_2025-04-19_204631-1.png_Otsu.png
Component: component_1745101240340_1029.png
centerX: 0.3928150765606596
centerY: 0.7394094993581515
width: 0.038869257950530034
height: 0.02781343602909713
Area: 0.00034625044037310375
CentroidX: 0.4093
CentroidY: 0.7501
