Location: 2025-04-18_221326-1.png_Gaussian-Median.png
Component: component_1745101240386_72.png
centerX: 0.6696113074204947
centerY: 0.02610183996576808
width: 0.03415783274440518
height: 0.026957637997432605
Area: 0.000405722859534714
CentroidX: 0.6838
CentroidY: 0.0372
