Location: 2025-04-18_221326-1.png_Otsu.png
Component: component_1745101239900_231.png
centerX: 0.3138987043580683
centerY: 0.18142918271287975
width: 0.032391048292108364
height: 0.024818142918271287
Area: 0.0002431817139447199
CentroidX: 0.3298
CentroidY: 0.1909
