Location: Handwritten_2025-04-19_204631-1.png_Otsu.png
Component: component_1745101240265_173.png
centerX: 0.37161366313309774
centerY: 0.20667522464698332
width: 0.035924617196702
height: 0.02610183996576808
Area: 0.0003339023533437864
CentroidX: 0.3884
CentroidY: 0.2159
