Location: Handwritten_2025-04-19_210009-1.png_Gaussian-Closing.png
Component: component_1745101239938_66.png
centerX: 0.19434628975265017
centerY: 0.11296534017971759
width: 0.0353356890459364
height: 0.024818142918271287
Area: 0.00041328291281796955
CentroidX: 0.2095
CentroidY: 0.1228
