Location: Handwritten_2025-04-19_204631-1.png_Otsu.png
Component: component_1745101240332_889.png
centerX: 0.7873969375736161
centerY: 0.6358579375267437
width: 0.038869257950530034
height: 0.02738553701326487
Area: 0.00032961832314994154
CentroidX: 0.8050
CentroidY: 0.6455
