Location: Handwritten_2025-04-19_210009-1.png_Gaussian-Closing.png
Component: component_1745101240062_184.png
centerX: 0.7826855123674912
centerY: 0.4818142918271288
width: 0.03828032979976443
height: 0.026957637997432605
Area: 0.00047225132842736275
CentroidX: 0.8000
CentroidY: 0.4920
