Location: Handwritten_2025-04-19_204631-1.png_Otsu.png
Component: component_1745101240335_973.png
centerX: 0.35630153121319197
centerY: 0.6803594351732991
width: 0.03651354534746761
height: 0.02995293110825845
Area: 0.0003825386961327303
CentroidX: 0.3728
CentroidY: 0.6921
