Location: Handwritten_2025-04-19_210009-1.png_Gaussian-Closing.png
Component: component_1745101240178_315.png
centerX: 0.08657243816254417
centerY: 0.811724433033804
width: 0.032391048292108364
height: 0.025246041934103552
Area: 0.0004354590691155191
CentroidX: 0.1023
CentroidY: 0.8225
