Location: Handwritten_2025-04-19_204631-1.png_Otsu.png
Component: component_1745101240299_316.png
centerX: 0.19081272084805653
centerY: 0.3380402225074882
width: 0.04181389870435807
height: 0.02866923406076166
Area: 0.000378002664162777
CentroidX: 0.2112
CentroidY: 0.3483
