Location: Handwritten_2025-04-19_210009-1.png_Gaussian-Closing.png
Component: component_1745101240098_203.png
centerX: 0.6719670200235571
centerY: 0.5365853658536586
width: 0.03769140164899882
height: 0.028241335044929396
Area: 0.00047527534974066497
CentroidX: 0.6903
CentroidY: 0.5475
