Location: Handwritten_2025-04-19_210009-1.png_Gaussian-Closing.png
Component: component_1745101239937_64.png
centerX: 0.25265017667844525
centerY: 0.11253744116388532
width: 0.037102473498233215
height: 0.02610183996576808
Area: 0.00041857495011624843
CentroidX: 0.2692
CentroidY: 0.1228
