Location: Handwritten_2025-04-19_204631-1.png_Otsu.png
Component: component_1745101240280_260.png
centerX: 0.25559481743227325
centerY: 0.28797603765511337
width: 0.03651354534746761
height: 0.02738553701326487
Area: 0.0003341543551198949
CentroidX: 0.2715
CentroidY: 0.2976
