Location: Handwritten_2025-04-19_204631-1.png_Otsu.png
Component: component_1745101240357_1428.png
centerX: 0.5618374558303887
centerY: 0.9602053915275995
width: 0.035924617196702
height: 0.025673940949935817
Area: 0.000342974417283693
CentroidX: 0.5775
CentroidY: 0.9694
