Location: Handwritten_2025-04-19_204631-1.png_Otsu.png
Component: component_1745101240320_695.png
centerX: 0.3545347467608952
centerY: 0.5305947796320069
width: 0.04004711425206125
height: 0.02781343602909713
Area: 0.0003641425664768085
CentroidX: 0.3722
CentroidY: 0.5408
