Location: Handwritten_2025-04-19_204631-1.png_Otsu.png
Component: component_1745101240293_303.png
centerX: 0.5859835100117785
centerY: 0.3324775353016688
width: 0.038869257950530034
height: 0.026529738981600343
Area: 0.000356582513193553
CentroidX: 0.6040
CentroidY: 0.3422
