Location: Handwritten_2025-04-19_204631-1.png_Otsu.png
Component: component_1745101240334_966.png
centerX: 0.8292108362779741
centerY: 0.676936243046641
width: 0.03651354534746761
height: 0.02995293110825845
Area: 0.0004001788204603266
CentroidX: 0.8448
CentroidY: 0.6889
