Location: Handwritten_2025-04-19_204631-1.png_Otsu.png
Component: component_1745101240337_1014.png
centerX: 0.028268551236749116
centerY: 0.7364142062473257
width: 0.04240282685512368
height: 0.03123662815575524
Area: 0.0004352070673394106
CentroidX: 0.0476
CentroidY: 0.7480
