Location: Handwritten_2025-04-19_210009-1.png_Gaussian-Closing.png
Component: component_1745101240150_268.png
centerX: 0.5100117785630153
centerY: 0.7000427899015832
width: 0.04240282685512368
height: 0.02781343602909713
Area: 0.0005009795309037338
CentroidX: 0.5310
CentroidY: 0.7113
