Location: 2025-04-18_221326-1.png_Gaussian-Median.png
Component: component_1745101240397_104.png
centerX: 0.05123674911660778
centerY: 0.08087291399229782
width: 0.037102473498233215
height: 0.025673940949935817
Area: 0.0004389870939810384
CentroidX: 0.0678
CentroidY: 0.0905
