Location: Handwritten_2025-04-19_210009-1.png_Gaussian-Closing.png
Component: component_1745101240189_366.png
centerX: 0.5482921083627798
centerY: 0.9623448866067608
width: 0.04122497055359246
height: 0.02396234488660676
Area: 0.0004001788204603266
CentroidX: 0.5673
CentroidY: 0.9714
