Location: Handwritten_2025-04-19_204631-1.png_Otsu.png
Component: component_1745101240270_210.png
centerX: 0.9210836277974087
centerY: 0.24390243902439024
width: 0.0353356890459364
height: 0.024390243902439025
Area: 0.00035456649898468485
CentroidX: 0.9378
CentroidY: 0.2539
