Location: 2025-04-18_221326-1.png_Otsu.png
Component: component_1745101239899_214.png
centerX: 0.5901060070671378
centerY: 0.17244330338040223
width: 0.03769140164899882
height: 0.024818142918271287
Area: 0.0002114294901550466
CentroidX: 0.6059
CentroidY: 0.1821
