Location: 2025-04-18_221326-1.png_Otsu.png
Component: component_1745101239885_21.png
centerX: 0.6260306242638398
centerY: 0.028241335044929396
width: 0.03180212014134275
height: 0.025673940949935817
Area: 0.00033818638353763116
CentroidX: 0.6405
CentroidY: 0.0375
