Location: Handwritten_2025-04-19_210009-1.png_Gaussian-Closing.png
Component: component_1745101239968_123.png
centerX: 0.917550058892815
centerY: 0.30124090714591356
width: 0.0353356890459364
height: 0.026957637997432605
Area: 0.00046091124850247944
CentroidX: 0.9343
CentroidY: 0.3119
