Location: 2025-04-18_221326-1.png_Gaussian-Median.png
Component: component_1745101240404_139.png
centerX: 0.3138987043580683
centerY: 0.18142918271287975
width: 0.03297997644287397
height: 0.024818142918271287
Area: 0.0003535584918802508
CentroidX: 0.3302
CentroidY: 0.1913
