Location: Handwritten_2025-04-19_204631-1.png_Otsu.png
Component: component_1745101240316_576.png
centerX: 0.13191990577149587
centerY: 0.480530594779632
width: 0.04004711425206125
height: 0.02396234488660676
Area: 0.00030315813665854715
CentroidX: 0.1508
CentroidY: 0.4897
