Location: Handwritten_2025-04-19_204631-1.png_Otsu.png
Component: component_1745101240259_163.png
centerX: 0.035924617196702
centerY: 0.20282413350449294
width: 0.039458186101295645
height: 0.024390243902439025
Area: 0.00033793438176152264
CentroidX: 0.0528
CentroidY: 0.2123
