Location: Handwritten_2025-04-19_204631-1.png_Otsu.png
Component: component_1745101240248_143.png
centerX: 0.49823321554770317
centerY: 0.16388532306375694
width: 0.04888103651354535
height: 0.022250748823277707
Area: 0.0003830426996849474
CentroidX: 0.5214
CentroidY: 0.1718
