Location: 2025-04-18_221326-1.png_Gaussian-Median.png
Component: component_1745101240401_124.png
centerX: 0.44110718492343937
centerY: 0.13778348309798888
width: 0.03356890459363958
height: 0.02781343602909713
Area: 0.0004440271295032087
CentroidX: 0.4565
CentroidY: 0.1478
