Location: Handwritten_2025-04-19_210009-1.png_Gaussian-Closing.png
Component: component_1745101240125_240.png
centerX: 0.7202591283863369
centerY: 0.646127513906718
width: 0.04122497055359246
height: 0.024818142918271287
Area: 0.00048207939769559494
CentroidX: 0.7396
CentroidY: 0.6563
