Location: Handwritten_2025-04-19_210009-1.png_Gaussian-Closing.png
Component: component_1745101239993_130.png
centerX: 0.4734982332155477
centerY: 0.3110825845100556
width: 0.037102473498233215
height: 0.02610183996576808
Area: 0.000461667253830805
CentroidX: 0.4906
CentroidY: 0.3212
