Location: Handwritten_2025-04-19_210009-1.png_Gaussian-Closing.png
Component: component_1745101240082_195.png
centerX: 0.032391048292108364
centerY: 0.4890885750962773
width: 0.04122497055359246
height: 0.02610183996576808
Area: 0.0004924114705160442
CentroidX: 0.0514
CentroidY: 0.4986
