Location: Handwritten_2025-04-19_204631-1.png_Otsu.png
Component: component_1745101240305_472.png
centerX: 0.6336866902237926
centerY: 0.4231921266581087
width: 0.03415783274440518
height: 0.026957637997432605
Area: 0.0003240742840755542
CentroidX: 0.6491
CentroidY: 0.4331
