Location: Handwritten_2025-04-19_210009-1.png_Gaussian-Closing.png
Component: component_1745101240153_274.png
centerX: 0.3462897526501767
centerY: 0.7021822849807445
width: 0.035924617196702
height: 0.025246041934103552
Area: 0.00044528713838375134
CentroidX: 0.3635
CentroidY: 0.7120
