Location: Handwritten_2025-04-19_204631-1.png_Otsu.png
Component: component_1745101240334_963.png
centerX: 0.7862190812720848
centerY: 0.6747967479674797
width: 0.03769140164899882
height: 0.029525032092426188
Area: 0.0003394463924181738
CentroidX: 0.8025
CentroidY: 0.6864
