Location: 2025-04-18_221326-1.png_Gaussian-Median.png
Component: component_1745101240397_101.png
centerX: 0.4740871613663133
centerY: 0.07916131792896876
width: 0.03828032979976443
height: 0.026957637997432605
Area: 0.0004349550655633021
CentroidX: 0.4918
CentroidY: 0.0890
