Location: Handwritten_2025-04-19_204631-1.png_Otsu.png
Component: component_1745101240266_176.png
centerX: 0.31802120141342755
centerY: 0.20753102267864784
width: 0.035924617196702
height: 0.02738553701326487
Area: 0.0003102141863895857
CentroidX: 0.3348
CentroidY: 0.2174
