Location: Handwritten_2025-04-19_210009-1.png_Gaussian-Closing.png
Component: component_1745101240123_228.png
centerX: 0.4034157832744405
centerY: 0.5964912280701754
width: 0.03828032979976443
height: 0.028241335044929396
Area: 0.0004903954563071761
CentroidX: 0.4207
CentroidY: 0.6074
