Location: Handwritten_2025-04-19_210009-1.png_Gaussian-Closing.png
Component: component_1745101239936_54.png
centerX: 0.6236749116607774
centerY: 0.10312366281557553
width: 0.03356890459363958
height: 0.0235344458707745
Area: 0.00035708651674577004
CentroidX: 0.6398
CentroidY: 0.1129
