Location: 2025-04-18_221326-1.png_Gaussian-Median.png
Component: component_1745101240392_80.png
centerX: 0.31625441696113077
centerY: 0.028241335044929396
width: 0.038869257950530034
height: 0.02610183996576808
Area: 0.00045335119521922393
CentroidX: 0.3337
CentroidY: 0.0380
