Location: Handwritten_2025-04-19_204631-1.png_Otsu.png
Component: component_1745101240314_555.png
centerX: 0.5276796230859835
centerY: 0.47454000855798034
width: 0.035924617196702
height: 0.02995293110825845
Area: 0.0003611185451635063
CentroidX: 0.5437
CentroidY: 0.4861
