Location: Handwritten_2025-04-19_204631-1.png_Otsu.png
Component: component_1745101240338_1017.png
centerX: 0.29034157832744406
centerY: 0.7372700042789901
width: 0.04063604240282685
height: 0.026957637997432605
Area: 0.0003593545327307467
CentroidX: 0.3088
CentroidY: 0.7466
