Location: Handwritten_2025-04-19_204631-1.png_Otsu.png
Component: component_1745101240353_1340.png
centerX: 0.8739693757361602
centerY: 0.9114249037227214
width: 0.037102473498233215
height: 0.02781343602909713
Area: 0.00033617036932876305
CentroidX: 0.8899
CentroidY: 0.9217
