Location: 2025-04-18_221326-1.png_Otsu.png
Component: component_1745101239891_61.png
centerX: 0.05123674911660778
centerY: 0.08130081300813008
width: 0.037102473498233215
height: 0.024818142918271287
Area: 0.00034070640129871634
CentroidX: 0.0677
CentroidY: 0.0895
