Location: Handwritten_2025-04-19_204631-1.png_Otsu.png
Component: component_1745101240325_794.png
centerX: 0.5647820965842167
centerY: 0.5845100556268721
width: 0.035924617196702
height: 0.025673940949935817
Area: 0.0003396983941942823
CentroidX: 0.5828
CentroidY: 0.5935
