Location: Handwritten_2025-04-19_204631-1.png_Otsu.png
Component: component_1745101240347_1241.png
centerX: 0.6195524146054181
centerY: 0.8480958493795464
width: 0.037102473498233215
height: 0.0235344458707745
Area: 0.0003444864279403441
CentroidX: 0.6378
CentroidY: 0.8573
