Location: Handwritten_2025-04-19_210009-1.png_Gaussian-Closing.png
Component: component_1745101239943_90.png
centerX: 0.7873969375736161
centerY: 0.19341035515618313
width: 0.03297997644287397
height: 0.029097133076593923
Area: 0.000454863205875875
CentroidX: 0.8029
CentroidY: 0.2057
