Location: Handwritten_2025-04-19_210009-1.png_Gaussian-Closing.png
Component: component_1745101240098_205.png
centerX: 0.5653710247349824
centerY: 0.537441163885323
width: 0.039458186101295645
height: 0.026529738981600343
Area: 0.00048485141723278864
CentroidX: 0.5821
CentroidY: 0.5470
