Location: 2025-04-18_221326-1.png_Otsu.png
Component: component_1745101239896_132.png
centerX: 0.44110718492343937
centerY: 0.13821138211382114
width: 0.03356890459363958
height: 0.026957637997432605
Area: 0.0003046701473151983
CentroidX: 0.4563
CentroidY: 0.1476
