Location: Handwritten_2025-04-19_210009-1.png_Gaussian-Closing.png
Component: component_1745101240014_145.png
centerX: 0.6183745583038869
centerY: 0.36585365853658536
width: 0.03651354534746761
height: 0.02866923406076166
Area: 0.00045687922008474317
CentroidX: 0.6345
CentroidY: 0.3774
