Location: Handwritten_2025-04-19_204631-1.png_Otsu.png
Component: component_1745101240343_1125.png
centerX: 0.30683156654888105
centerY: 0.7950363714163458
width: 0.03769140164899882
height: 0.028241335044929396
Area: 0.0003593545327307467
CentroidX: 0.3229
CentroidY: 0.8054
