Location: Handwritten_2025-04-19_210009-1.png_Gaussian-Closing.png
Component: component_1745101239930_21.png
centerX: 0.5223792697290931
centerY: 0.02011125374411639
width: 0.044169611307420496
height: 0.02139495079161318
Area: 0.0004210949678773336
CentroidX: 0.5439
CentroidY: 0.0279
