Location: Handwritten_2025-04-19_204631-1.png_Otsu.png
Component: component_1745101240306_474.png
centerX: 0.40636042402826855
centerY: 0.4240479246897732
width: 0.038869257950530034
height: 0.029525032092426188
Area: 0.0003339023533437864
CentroidX: 0.4236
CentroidY: 0.4350
