Location: Handwritten_2025-04-19_204631-1.png_Otsu.png
Component: component_1745101240301_367.png
centerX: 0.9098939929328622
centerY: 0.3756953359007274
width: 0.03356890459363958
height: 0.02738553701326487
Area: 0.0003344063568960034
CentroidX: 0.9264
CentroidY: 0.3852
