Location: Handwritten_2025-04-19_210009-1.png_Gaussian-Closing.png
Component: component_1745101240103_219.png
centerX: 0.9163722025912838
centerY: 0.5896448438168592
width: 0.03297997644287397
height: 0.025673940949935817
Area: 0.0004634312662635646
CentroidX: 0.9326
CentroidY: 0.6004
