Location: Handwritten_2025-04-19_204631-1.png_Otsu.png
Component: component_1745101240234_7.png
centerX: 0.10129564193168433
centerY: 0.014548566538296961
width: 0.04004711425206125
height: 0.025246041934103552
Area: 0.000433443054906651
CentroidX: 0.1198
CentroidY: 0.0241
