Location: Handwritten_2025-04-19_204631-1.png_Otsu.png
Component: component_1745101240342_1119.png
centerX: 0.1978798586572438
centerY: 0.793752674368849
width: 0.04299175500588928
height: 0.028241335044929396
Area: 0.00034877045813418893
CentroidX: 0.2160
CentroidY: 0.8036
