Location: 2025-04-18_221326-1.png_Otsu.png
Component: component_1745101239895_120.png
centerX: 0.3250883392226148
centerY: 0.13521608900299528
width: 0.03651354534746761
height: 0.026957637997432605
Area: 0.0002799739732565635
CentroidX: 0.3408
CentroidY: 0.1456
