Location: Handwritten_2025-04-19_204631-1.png_Otsu.png
Component: component_1745101240337_1013.png
centerX: 0.23792697290930506
centerY: 0.7355584082156611
width: 0.039458186101295645
height: 0.02995293110825845
Area: 0.0003585985274024211
CentroidX: 0.2549
CentroidY: 0.7465
