Location: Handwritten_2025-04-19_204631-1.png_Otsu.png
Component: component_1745101240301_369.png
centerX: 0.5323910482921084
centerY: 0.3774069319640565
width: 0.043580683156654886
height: 0.023106546854942234
Area: 0.00035759052029798706
CentroidX: 0.5537
CentroidY: 0.3868
