Location: Handwritten_2025-04-19_210009-1.png_Gaussian-Closing.png
Component: component_1745101240124_232.png
centerX: 0.030624263839811542
centerY: 0.5986307231493367
width: 0.03297997644287397
height: 0.025673940949935817
Area: 0.0004200869607728995
CentroidX: 0.0460
CentroidY: 0.6090
