Location: Handwritten_2025-04-19_204631-1.png_Otsu.png
Component: component_1745101240358_1434.png
centerX: 0.8904593639575972
centerY: 0.9619169875909286
width: 0.034746760895170786
height: 0.02995293110825845
Area: 0.0003260902982844223
CentroidX: 0.9072
CentroidY: 0.9737
