Location: Handwritten_2025-04-19_204631-1.png_Otsu.png
Component: component_1745101240258_148.png
centerX: 0.693168433451119
centerY: 0.1668806161745828
width: 0.04181389870435807
height: 0.025246041934103552
Area: 0.00035633051141744444
CentroidX: 0.7128
CentroidY: 0.1758
