Location: Handwritten_2025-04-19_204631-1.png_Otsu.png
Component: component_1745101240356_1424.png
centerX: 0.4575971731448763
centerY: 0.9584937954642704
width: 0.032391048292108364
height: 0.02610183996576808
Area: 0.0003081981721807175
CentroidX: 0.4732
CentroidY: 0.9686
