Location: Handwritten_2025-04-19_204631-1.png_Otsu.png
Component: component_1745101240324_791.png
centerX: 0.3027090694935218
centerY: 0.5845100556268721
width: 0.03297997644287397
height: 0.028241335044929396
Area: 0.00036515057358124263
CentroidX: 0.3180
CentroidY: 0.5953
