Location: Handwritten_2025-04-19_204631-1.png_Otsu.png
Component: component_1745101240340_1027.png
centerX: 0.591283863368669
centerY: 0.7389816003423192
width: 0.034746760895170786
height: 0.026957637997432605
Area: 0.00033516236222432894
CentroidX: 0.6074
CentroidY: 0.7486
