Location: Handwritten_2025-04-19_204631-1.png_Otsu.png
Component: component_1745101240307_480.png
centerX: 0.2326266195524146
centerY: 0.4278990158322636
width: 0.038869257950530034
height: 0.025673940949935817
Area: 0.00030971018283736866
CentroidX: 0.2490
CentroidY: 0.4370
