Location: Handwritten_2025-04-19_204631-1.png_Otsu.png
Component: component_1745101240323_785.png
centerX: 0.8722025912838633
centerY: 0.5798031664527171
width: 0.03356890459363958
height: 0.025246041934103552
Area: 0.0003311303338065927
CentroidX: 0.8883
CentroidY: 0.5895
