Location: 2025-04-18_221326-1.png_Gaussian-Median.png
Component: component_1745101240401_123.png
centerX: 0.0983510011778563
centerY: 0.13821138211382114
width: 0.04122497055359246
height: 0.02610183996576808
Area: 0.0004798113817106183
CentroidX: 0.1176
CentroidY: 0.1476
