Location: Handwritten_2025-04-19_210009-1.png_Gaussian-Closing.png
Component: component_1745101240174_300.png
centerX: 0.9028268551236749
centerY: 0.8001711596063329
width: 0.037102473498233215
height: 0.025246041934103552
Area: 0.00039740680092313293
CentroidX: 0.9207
CentroidY: 0.8100
