Location: Handwritten_2025-04-19_204631-1.png_Otsu.png
Component: component_1745101240339_1026.png
centerX: 0.5406360424028268
centerY: 0.7385537013264869
width: 0.04063604240282685
height: 0.030380830124090714
Area: 0.00036817459489454484
CentroidX: 0.5599
CentroidY: 0.7495
