Location: Handwritten_2025-04-19_210009-1.png_Gaussian-Closing.png
Component: component_1745101240098_202.png
centerX: 0.7773851590106007
centerY: 0.5340179717586649
width: 0.04004711425206125
height: 0.02781343602909713
Area: 0.0004914034634116101
CentroidX: 0.7971
CentroidY: 0.5441
