Location: Handwritten_2025-04-19_204631-1.png_Otsu.png
Component: component_1745101240314_565.png
centerX: 0.38810365135453473
centerY: 0.47753530166880614
width: 0.034746760895170786
height: 0.029525032092426188
Area: 0.00033087833203048416
CentroidX: 0.4038
CentroidY: 0.4881
