Location: Handwritten_2025-04-19_204631-1.png_Otsu.png
Component: component_1745101240306_475.png
centerX: 0.6819787985865724
centerY: 0.42362002567394097
width: 0.04004711425206125
height: 0.02738553701326487
Area: 0.00031979025388170936
CentroidX: 0.7002
CentroidY: 0.4333
