Location: Handwritten_2025-04-19_210009-1.png_Gaussian-Closing.png
Component: component_1745101240042_152.png
centerX: 0.4540636042402827
centerY: 0.37398373983739835
width: 0.04004711425206125
height: 0.028241335044929396
Area: 0.00047729136394953313
CentroidX: 0.4722
CentroidY: 0.3845
