Location: Handwritten_2025-04-19_204631-1.png_Otsu.png
Component: component_1745101240352_1337.png
centerX: 0.7314487632508834
centerY: 0.9114249037227214
width: 0.04122497055359246
height: 0.02396234488660676
Area: 0.00030618215797184936
CentroidX: 0.7491
CentroidY: 0.9206
