Location: Handwritten_2025-04-19_204631-1.png_Otsu.png
Component: component_1745101240238_35.png
centerX: 0.8775029446407538
centerY: 0.06290115532734275
width: 0.043580683156654886
height: 0.0235344458707745
Area: 0.0003805226819238622
CentroidX: 0.8997
CentroidY: 0.0718
