Location: Handwritten_2025-04-19_210009-1.png_Gaussian-Closing.png
Component: component_1745101240023_147.png
centerX: 0.6725559481743227
centerY: 0.36628155755241765
width: 0.03828032979976443
height: 0.02610183996576808
Area: 0.00047930737815840124
CentroidX: 0.6901
CentroidY: 0.3762
