Location: Handwritten_2025-04-19_210009-1.png_Gaussian-Closing.png
Component: component_1745101240080_192.png
centerX: 0.4163722025912839
centerY: 0.48737697903294824
width: 0.0353356890459364
height: 0.026529738981600343
Area: 0.000454863205875875
CentroidX: 0.4327
CentroidY: 0.4976
