Location: Handwritten_2025-04-19_204631-1.png_Otsu.png
Component: component_1745101240235_13.png
centerX: 0.7997644287396938
centerY: 0.01668806161745828
width: 0.038869257950530034
height: 0.02610183996576808
Area: 0.00035204648122359966
CentroidX: 0.8165
CentroidY: 0.0264
