Location: Handwritten_2025-04-19_204631-1.png_Otsu.png
Component: component_1745101240274_246.png
centerX: 0.7962308598351001
centerY: 0.2811296534017972
width: 0.0353356890459364
height: 0.028241335044929396
Area: 0.0003641425664768085
CentroidX: 0.8123
CentroidY: 0.2912
