Location: Handwritten_2025-04-19_204631-1.png_Otsu.png
Component: component_1745101240335_968.png
centerX: 0.5429917550058893
centerY: 0.6782199400941378
width: 0.035924617196702
height: 0.02995293110825845
Area: 0.0003873267298787922
CentroidX: 0.5595
CentroidY: 0.6907
