Location: Handwritten_2025-04-19_210009-1.png_Gaussian-Closing.png
Component: component_1745101239929_15.png
centerX: 0.3551236749116608
centerY: 0.017543859649122806
width: 0.0353356890459364
height: 0.025673940949935817
Area: 0.00040748687196747363
CentroidX: 0.3711
CentroidY: 0.0269
