Location: 2025-04-18_221326-1.png_Gaussian-Median.png
Component: component_1745101240394_88.png
centerX: 0.9199057714958775
centerY: 0.07103123662815576
width: 0.03121319199057715
height: 0.029097133076593923
Area: 0.0004014388293408692
CentroidX: 0.9338
CentroidY: 0.0822
