Location: 2025-04-18_221326-1.png_Otsu.png
Component: component_1745101239886_23.png
centerX: 0.46996466431095407
centerY: 0.029097133076593923
width: 0.039458186101295645
height: 0.028241335044929396
Area: 0.0004032028417736288
CentroidX: 0.4883
CentroidY: 0.0389
