Location: Handwritten_2025-04-19_210009-1.png_Gaussian-Closing.png
Component: component_1745101239934_40.png
centerX: 0.46466431095406363
centerY: 0.06290115532734275
width: 0.044169611307420496
height: 0.0235344458707745
Area: 0.0003679225931184363
CentroidX: 0.4845
CentroidY: 0.0714
