Location: Handwritten_2025-04-19_204631-1.png_Otsu.png
Component: component_1745101240358_1435.png
centerX: 0.9411071849234394
centerY: 0.9632006846384253
width: 0.037102473498233215
height: 0.03508771929824561
Area: 0.0003845547103415985
CentroidX: 0.9590
CentroidY: 0.9772
