Location: Handwritten_2025-04-19_204631-1.png_Otsu.png
Component: component_1745101240241_89.png
centerX: 0.37985865724381623
centerY: 0.1116816431322208
width: 0.037102473498233215
height: 0.024818142918271287
Area: 0.0003568345149696615
CentroidX: 0.3980
CentroidY: 0.1208
