Location: Dedata_7.png_Mean-Closing.png
Component: component_1755522663521_88.png
centerX: 0.9528225806451613
centerY: 0.23624964377315474
width: 0.03870967741935484
height: 0.029068110572812767
Area: 0.00037955395802498647
CentroidX: 0.9764
CentroidY: 0.2505
