Location: Dedata_7.png_Otsu.png
Component: component_1755522663863_182.png
centerX: 0.19919354838709677
centerY: 0.24422912510686806
width: 0.04879032258064516
height: 0.03220290681105728
Area: 0.0004336774561266421
CentroidX: 0.2288
CentroidY: 0.2628
