Location: Dedata_7.png_Mean-Closing.png
Component: component_1755522663544_166.png
centerX: 0.9137096774193548
centerY: 0.4591051581647193
width: 0.037096774193548385
height: 0.025648332858364205
Area: 0.0004675764623686557
CentroidX: 0.9351
CentroidY: 0.4713
