Location: Dedata_7.png_Mean-Closing.png
Component: component_1755522663595_318.png
centerX: 0.8435483870967742
centerY: 0.8754630948988316
width: 0.0407258064516129
height: 0.030208036477628954
Area: 0.00033221026117173354
CentroidX: 0.8670
CentroidY: 0.8938
