Location: Dedata_7.png_Mean-Medain.png
Component: component_1755522664024_117.png
centerX: 0.4092741935483871
centerY: 0.292675976061556
width: 0.045564516129032256
height: 0.029923055001424906
Area: 0.0004828597431489534
CentroidX: 0.4364
CentroidY: 0.3089
