Location: Dedata_7.png_Mean-Medain.png
Component: component_1755522664013_72.png
centerX: 0.1975806451612903
centerY: 0.1578797378170419
width: 0.03387096774193549
height: 0.02963807352522086
Area: 0.00037185486169205454
CentroidX: 0.2166
CentroidY: 0.1759
