Location: Dedata_7.png_Gaussian-Median.png
Component: component_1755522664181_169.png
centerX: 0.33991935483870966
centerY: 0.4231974921630094
width: 0.055645161290322584
height: 0.03134796238244514
Area: 0.000525262228922862
CentroidX: 0.3738
CentroidY: 0.4399
