Location: Dedata_7.png_Otsu.png
Component: component_1755522663885_239.png
centerX: 0.7141129032258065
centerY: 0.41293815901966374
width: 0.03669354838709677
height: 0.02963807352522086
Area: 0.0003700162715229962
CentroidX: 0.7361
CentroidY: 0.4296
