Location: Dedata_7.png_Otsu.png
Component: component_1755522663868_193.png
centerX: 0.6733870967741935
centerY: 0.2872613280136791
width: 0.04596774193548387
height: 0.026788258763180393
Area: 0.00040138721628255454
CentroidX: 0.7009
CentroidY: 0.3022
