Location: Dedata_7.png_Otsu.png
Component: component_1755522663940_415.png
centerX: 0.7870967741935484
centerY: 0.8757480763750356
width: 0.04395161290322581
height: 0.029068110572812767
Area: 0.0002657911913145
CentroidX: 0.8134
CentroidY: 0.8939
