Location: Dedata_7.png_Mean-Closing.png
Component: component_1755522663520_81.png
centerX: 0.38911290322580644
centerY: 0.1974921630094044
width: 0.03185483870967742
height: 0.03305785123966942
Area: 0.000418853822888609
CentroidX: 0.4067
CentroidY: 0.2170
