Location: Dedata_7.png_Gaussian-Median.png
Component: component_1755522664205_275.png
centerX: 0.8245967741935484
centerY: 0.7278426902251354
width: 0.03951612903225806
height: 0.027643203191792535
Area: 0.00030784894143171015
CentroidX: 0.8495
CentroidY: 0.7437
