Location: Dedata_7.png_Otsu.png
Component: component_1755522663866_187.png
centerX: 0.33911290322580645
centerY: 0.24593901396409235
width: 0.04798387096774193
height: 0.031062980906241093
Area: 0.00043091957087305454
CentroidX: 0.3681
CentroidY: 0.2631
