Location: Dedata_7.png_Mean-Closing.png
Component: component_1755522663569_254.png
centerX: 0.3834677419354839
centerY: 0.689085209461385
width: 0.05685483870967742
height: 0.031917925334853235
Area: 0.000567319979040072
CentroidX: 0.4179
CentroidY: 0.7061
