Location: Dedata_7.png_Otsu.png
Component: component_1755522663705_42.png
centerX: 0.37701612903225806
centerY: 0.06497577657452265
width: 0.03508064516129032
height: 0.03334283271587347
Area: 0.00031164103365539307
CentroidX: 0.3958
CentroidY: 0.0853
