Location: Dedata_7.png_Gaussian-Median.png
Component: component_1755522664161_90.png
centerX: 0.3318548387096774
centerY: 0.20005699629524082
width: 0.03669354838709677
height: 0.030493017953833
Area: 0.0004396528741760818
CentroidX: 0.3537
CentroidY: 0.2165
