Location: Dedata_7.png_Mean-Medain.png
Component: component_1755522664034_168.png
centerX: 0.09153225806451613
centerY: 0.4288971216870903
width: 0.04435483870967742
height: 0.027643203191792535
Area: 0.00042827659750503314
CentroidX: 0.1174
CentroidY: 0.4442
