Location: Dedata_7.png_Mean-Closing.png
Component: component_1755522663520_83.png
centerX: 0.22379032258064516
centerY: 0.20034197777144486
width: 0.03346774193548387
height: 0.03334283271587347
Area: 0.0004428704069719339
CentroidX: 0.2417
CentroidY: 0.2205
