Location: Dedata_7.png_Otsu.png
Component: component_1755522663935_397.png
centerX: 0.6826612903225806
centerY: 0.8304360216585922
width: 0.0467741935483871
height: 0.023083499572527786
Area: 0.00020431333253661093
CentroidX: 0.7131
CentroidY: 0.8440
