Location: Dedata_7.png_Mean-Medain.png
Component: component_1755522664040_188.png
centerX: 0.6645161290322581
centerY: 0.5101168424052437
width: 0.052016129032258066
height: 0.029923055001424906
Area: 0.0005280201141764495
CentroidX: 0.6962
CentroidY: 0.5262
