Location: Dedata_7.png_Mean-Medain.png
Component: component_1755522664053_245.png
centerX: 0.3721774193548387
centerY: 0.6486178398404103
width: 0.03588709677419355
height: 0.02821316614420063
Area: 0.0004318388659575837
CentroidX: 0.3926
CentroidY: 0.6641
