Location: Dedata_7.png_Mean-Closing.png
Component: component_1755522663586_300.png
centerX: 0.8076612903225806
centerY: 0.8261612995155315
width: 0.04435483870967742
height: 0.026788258763180393
Area: 0.00043655025326579577
CentroidX: 0.8342
CentroidY: 0.8397
