Location: Dedata_7.png_Gaussian-Median.png
Component: component_1755522664155_61.png
centerX: 0.9209677419354839
centerY: 0.1450555713878598
width: 0.04314516129032258
height: 0.027643203191792535
Area: 0.00046309489883157595
CentroidX: 0.9479
CentroidY: 0.1586
