Location: Dedata_7.png_Mean-Closing.png
Component: component_1755522663517_68.png
centerX: 0.1975806451612903
centerY: 0.1578797378170419
width: 0.03346774193548387
height: 0.029353092049016812
Area: 0.0003708206547219592
CentroidX: 0.2166
CentroidY: 0.1759
