Location: Dedata_7.png_Mean-Closing.png
Component: component_1755522663532_139.png
centerX: 0.6362903225806451
centerY: 0.3713308634938729
width: 0.052016129032258066
height: 0.0262182958107723
Area: 0.000491937782108679
CentroidX: 0.6674
CentroidY: 0.3851
