Location: Dedata_7.png_Mean-Closing.png
Component: component_1755522663552_200.png
centerX: 0.29193548387096774
centerY: 0.5511541749786264
width: 0.04717741935483871
height: 0.03676261043032203
Area: 0.0004875711304571654
CentroidX: 0.3182
CentroidY: 0.5738
