Location: Dedata_7.png_Mean-Medain.png
Component: component_1755522664052_241.png
centerX: 0.31048387096774194
centerY: 0.646053006554574
width: 0.04112903225806452
height: 0.02963807352522086
Area: 0.0005083701817446382
CentroidX: 0.3329
CentroidY: 0.6628
