Location: Dedata_7.png_Gaussian-Median.png
Component: component_1755522664177_154.png
centerX: 0.15766129032258064
centerY: 0.3815901966372186
width: 0.04153225806451613
height: 0.02792818466799658
Area: 0.00041218893352577244
CentroidX: 0.1814
CentroidY: 0.3973
