Location: Dedata_7.png_Mean-Closing.png
Component: component_1755522663503_3.png
centerX: 0.7375
centerY: 0.007409518381305215
width: 0.04435483870967742
height: 0.037047591906526074
Area: 0.0004815957124077258
CentroidX: 0.7628
CentroidY: 0.0301
