Location: Dedata_7.png_Gaussian-Median.png
Component: component_1755522664176_148.png
centerX: 0.5782258064516129
centerY: 0.37475064120832147
width: 0.039919354838709675
height: 0.027643203191792535
Area: 0.0004206924130576674
CentroidX: 0.6012
CentroidY: 0.3893
