Location: Dedata_7.png_Otsu.png
Component: component_1755522663862_181.png
centerX: 0.5383064516129032
centerY: 0.24337418067825592
width: 0.05443548387096774
height: 0.029353092049016812
Area: 0.0004850430689747102
CentroidX: 0.5709
CentroidY: 0.2600
