Location: Dedata_7.png_Otsu.png
Component: component_1755522663901_286.png
centerX: 0.6564516129032258
centerY: 0.5517241379310345
width: 0.056451612903225805
height: 0.02792818466799658
Area: 0.0005227341674404067
CentroidX: 0.6897
CentroidY: 0.5672
