Location: Kurtxevani_1764_page_10.png_Otsu.png
Component: component_1755610055950_1401.png
centerX: 0.17928802588996764
centerY: 0.5640785781103835
width: 0.017475728155339806
height: 0.018709073900841908
Area: 0.00020919045413400904
CentroidX: 0.1871
CentroidY: 0.5737
