Location: Dedata_7.png_Otsu.png
Component: component_1755522663926_369.png
centerX: 0.031048387096774193
centerY: 0.7526360786548875
width: 0.03185483870967742
height: 0.02821316614420063
Area: 0.00035576719771279383
CentroidX: 0.0482
CentroidY: 0.7692
