Location: Dedata_7.png_Mean-Medain.png
Component: component_1755522664026_129.png
centerX: 0.5020161290322581
centerY: 0.33257338273012255
width: 0.0467741935483871
height: 0.02792818466799658
Area: 0.0004612563086625176
CentroidX: 0.5299
CentroidY: 0.3472
