Location: Dedata_7.png_Otsu.png
Component: component_1755522663898_280.png
centerX: 0.475
centerY: 0.5175263607865489
width: 0.04516129032258064
height: 0.02707324023938444
Area: 0.0004548212430708133
CentroidX: 0.5025
CentroidY: 0.5318
