Location: Dedata_7.png_Mean-Medain.png
Component: component_1755522664071_310.png
centerX: 0.35685483870967744
centerY: 0.8332858364206327
width: 0.050806451612903224
height: 0.030493017953833
Area: 0.00043712481269362653
CentroidX: 0.3869
CentroidY: 0.8502
