Location: Dedata_7.png_Gaussian-Median.png
Component: component_1755522664168_111.png
centerX: 0.9338709677419355
centerY: 0.2767170133941294
width: 0.03024193548387097
height: 0.029068110572812767
Area: 0.0003370365603655117
CentroidX: 0.9499
CentroidY: 0.2937
