Location: Dedata_7.png_Otsu.png
Component: component_1755522663698_34.png
centerX: 0.32217741935483873
centerY: 0.060986035907666
width: 0.03669354838709677
height: 0.03505272157309775
Area: 0.0003280734332913522
CentroidX: 0.3443
CentroidY: 0.0792
