Location: Dedata_7.png_Mean-Closing.png
Component: component_1755522663546_175.png
centerX: 0.16733870967741934
centerY: 0.4699344542604731
width: 0.03669354838709677
height: 0.028498147620404674
Area: 0.0004150617306649261
CentroidX: 0.1877
CentroidY: 0.4869
