Location: Dedata_7.png_Mean-Medain.png
Component: component_1755522664051_234.png
centerX: 0.822983870967742
centerY: 0.640638358506697
width: 0.04435483870967742
height: 0.02707324023938444
Area: 0.00046022210169242226
CentroidX: 0.8487
CentroidY: 0.6550
