Location: Dedata_7.png_Gaussian-Median.png
Component: component_1755522664178_158.png
centerX: 0.8810483870967742
centerY: 0.4072385294955828
width: 0.04032258064516129
height: 0.029923055001424906
Area: 0.0004560852738120409
CentroidX: 0.9051
CentroidY: 0.4219
