Location: Dedata_7.png_Otsu.png
Component: component_1755522663924_362.png
centerX: 0.4064516129032258
centerY: 0.737817041892277
width: 0.04314516129032258
height: 0.03305785123966942
Area: 0.00032945237591814594
CentroidX: 0.4327
CentroidY: 0.7569
