Location: Dedata_7.png_Otsu.png
Component: component_1755522663856_169.png
centerX: 0.22419354838709676
centerY: 0.2006269592476489
width: 0.03306451612903226
height: 0.03305785123966942
Area: 0.0003915047941238658
CentroidX: 0.2418
CentroidY: 0.2207
