Location: Dedata_7.png_Otsu.png
Component: component_1755522663844_131.png
centerX: 0.0842741935483871
centerY: 0.15645483043602165
width: 0.0407258064516129
height: 0.03163294385864919
Area: 0.00023097288998795724
CentroidX: 0.1073
CentroidY: 0.1752
