Location: Dedata_7.png_Mean-Closing.png
Component: component_1755522663582_287.png
centerX: 0.6064516129032258
centerY: 0.7831290966087204
width: 0.044758064516129036
height: 0.029923055001424906
Area: 0.000463899282030539
CentroidX: 0.6340
CentroidY: 0.7984
