Location: Dedata_7.png_Mean-Medain.png
Component: component_1755522664056_265.png
centerX: 0.1431451612903226
centerY: 0.7001994870333428
width: 0.03790322580645161
height: 0.03419777714448561
Area: 0.0005033140587797277
CentroidX: 0.1644
CentroidY: 0.7194
