Location: Dedata_7.png_Otsu.png
Component: component_1755522663737_73.png
centerX: 0.20766129032258066
centerY: 0.10715303505272157
width: 0.03588709677419355
height: 0.034482758620689655
Area: 0.00023189218507248642
CentroidX: 0.2265
CentroidY: 0.1273
