Location: Dedata_7.png_Mean-Medain.png
Component: component_1755522664074_327.png
centerX: 0.4439516129032258
centerY: 0.8825876318039327
width: 0.04838709677419355
height: 0.03134796238244514
Area: 0.0005189420752167238
CentroidX: 0.4737
CentroidY: 0.8989
