Location: Dedata_7.png_Mean-Closing.png
Component: component_1755522663511_37.png
centerX: 0.805241935483871
centerY: 0.10515816471929325
width: 0.03306451612903226
height: 0.02821316614420063
Area: 0.0003641557653591226
CentroidX: 0.8230
CentroidY: 0.1217
