Location: Dedata_7.png_Mean-Closing.png
Component: component_1755522663573_255.png
centerX: 0.7879032258064517
centerY: 0.6896551724137931
width: 0.04959677419354839
height: 0.026503277286976348
Area: 0.0004986026714715157
CentroidX: 0.8173
CentroidY: 0.7029
