Location: Dedata_7.png_Mean-Medain.png
Component: component_1755522664041_190.png
centerX: 0.5951612903225807
centerY: 0.5109717868338558
width: 0.05604838709677419
height: 0.027358221715588486
Area: 0.0005581270281947802
CentroidX: 0.6293
CentroidY: 0.5250
