Location: Dedata_7.png_Mean-Closing.png
Component: component_1755522663519_79.png
centerX: 0.5556451612903226
centerY: 0.1963522371045882
width: 0.032661290322580645
height: 0.03220290681105728
Area: 0.0004214967962566304
CentroidX: 0.5737
CentroidY: 0.2154
