Location: Dedata_7.png_Otsu.png
Component: component_1755522663918_341.png
centerX: 0.5681451612903226
centerY: 0.6879452835565688
width: 0.03870967741935484
height: 0.028498147620404674
Area: 0.00038725305435791834
CentroidX: 0.5910
CentroidY: 0.7035
