Location: Dedata_7.png_Otsu.png
Component: component_1755522663888_253.png
centerX: 0.8620967741935484
centerY: 0.46053006554573955
width: 0.02943548387096774
height: 0.029068110572812767
Area: 0.0003700162715229962
CentroidX: 0.8783
CentroidY: 0.4771
