Location: Dedata_7.png_Gaussian-Median.png
Component: component_1755522664192_214.png
centerX: 0.22056451612903225
centerY: 0.554573952693075
width: 0.04596774193548387
height: 0.0353377030493018
Area: 0.0004169003208339845
CentroidX: 0.2466
CentroidY: 0.5746
