Location: Dedata_7.png_Gaussian-Median.png
Component: component_1755522664156_65.png
centerX: 0.5556451612903226
centerY: 0.14990025648332858
width: 0.04596774193548387
height: 0.02963807352522086
Area: 0.00033152078985833664
CentroidX: 0.5827
CentroidY: 0.1671
