Location: Dedata_7.png_Otsu.png
Component: component_1755522663893_265.png
centerX: 0.5419354838709678
centerY: 0.4719293245939014
width: 0.04596774193548387
height: 0.031062980906241093
Area: 0.0004671168148263911
CentroidX: 0.5695
CentroidY: 0.4891
