Location: Dedata_7.png_Gaussian-Median.png
Component: component_1755522664178_157.png
centerX: 0.8306451612903226
centerY: 0.4072385294955828
width: 0.032661290322580645
height: 0.030493017953833
Area: 0.00042080732494323355
CentroidX: 0.8492
CentroidY: 0.4240
