Location: Dedata_7.png_Gaussian-Median.png
Component: component_1755522664190_204.png
centerX: 0.8467741935483871
centerY: 0.54858934169279
width: 0.04395161290322581
height: 0.028783129096608722
Area: 0.0004796422103531012
CentroidX: 0.8724
CentroidY: 0.5646
