Location: Dedata_7.png_Mean-Medain.png
Component: component_1755522664032_162.png
centerX: 0.4181451612903226
centerY: 0.42034767740096896
width: 0.04112903225806452
height: 0.0347677400968937
Area: 0.000488835161198393
CentroidX: 0.4413
CentroidY: 0.4412
