Location: Dedata_7.png_Mean-Medain.png
Component: component_1755522664044_206.png
centerX: 0.4713709677419355
centerY: 0.5522941008834426
width: 0.036290322580645164
height: 0.03277286976346538
Area: 0.00044700723485231525
CentroidX: 0.4921
CentroidY: 0.5712
