Location: Dedata_7.png_Otsu.png
Component: component_1755522663687_11.png
centerX: 0.5455645161290322
centerY: 0.01054431461954973
width: 0.0407258064516129
height: 0.037047591906526074
Area: 0.0003646154129013872
CentroidX: 0.5702
CentroidY: 0.0315
