Location: Dedata_7.png_Gaussian-Median.png
Component: component_1755522664178_159.png
centerX: 0.9395161290322581
centerY: 0.4078084924479909
width: 0.03588709677419355
height: 0.026788258763180393
Area: 0.00038989602772593974
CentroidX: 0.9611
CentroidY: 0.4213
