Location: Dedata_7.png_Mean-Medain.png
Component: component_1755522664001_22.png
centerX: 0.542741935483871
centerY: 0.05956112852664577
width: 0.03024193548387097
height: 0.036477628954117984
Area: 0.00040862666507322185
CentroidX: 0.5573
CentroidY: 0.0824
