Location: Dedata_7.png_Mean-Closing.png
Component: component_1755522663521_91.png
centerX: 0.9040322580645161
centerY: 0.23653462524935878
width: 0.04516129032258064
height: 0.02821316614420063
Area: 0.0004451686446832569
CentroidX: 0.9302
CentroidY: 0.2515
