Location: Dedata_7.png_Gaussian-Median.png
Component: component_1755522664165_102.png
centerX: 0.5379032258064517
centerY: 0.24308919920205185
width: 0.05524193548387097
height: 0.029923055001424906
Area: 0.0005127368333961519
CentroidX: 0.5704
CentroidY: 0.2598
