Location: Dedata_7.png_Mean-Medain.png
Component: component_1755522664016_87.png
centerX: 0.3318548387096774
centerY: 0.20005699629524082
width: 0.037096774193548385
height: 0.030777999430037048
Area: 0.00046734663859752343
CentroidX: 0.3538
CentroidY: 0.2165
