Location: Dedata_7.png_Mean-Medain.png
Component: component_1755522664016_85.png
centerX: 0.2762096774193548
centerY: 0.19806212596181247
width: 0.036290322580645164
height: 0.03733257338273012
Area: 0.00046343963448827437
CentroidX: 0.2963
CentroidY: 0.2207
