Location: Dedata_7.png_Mean-Medain.png
Component: component_1755522664013_70.png
centerX: 0.25483870967741934
centerY: 0.15673981191222572
width: 0.038306451612903226
height: 0.028498147620404674
Area: 0.0003646154129013872
CentroidX: 0.2771
CentroidY: 0.1729
