Location: Dedata_7.png_Mean-Closing.png
Component: component_1755522663505_10.png
centerX: 0.5447580645161291
centerY: 0.010259333143345683
width: 0.041935483870967745
height: 0.037902536335138216
Area: 0.0004594177184934592
CentroidX: 0.5702
CentroidY: 0.0317
