Location: Dedata_7.png_Gaussian-Median.png
Component: component_1755522664212_304.png
centerX: 0.1342741935483871
centerY: 0.7933884297520661
width: 0.038306451612903226
height: 0.028783129096608722
Area: 0.000294519162706037
CentroidX: 0.1568
CentroidY: 0.8099
