Location: Dedata_7.png_Mean-Closing.png
Component: component_1755522663511_39.png
centerX: 0.3016129032258065
centerY: 0.10572812767170134
width: 0.036290322580645164
height: 0.031917925334853235
Area: 0.0003900109396115059
CentroidX: 0.3212
CentroidY: 0.1251
