Location: Dedata_7.png_Gaussian-Median.png
Component: component_1755522664195_230.png
centerX: 0.3334677419354839
centerY: 0.6013109147905387
width: 0.05443548387096774
height: 0.030208036477628954
Area: 0.0005034289706652939
CentroidX: 0.3654
CentroidY: 0.6176
