Location: Dedata_7.png_Mean-Medain.png
Component: component_1755522664030_149.png
centerX: 0.21774193548387097
centerY: 0.38073525220860643
width: 0.045564516129032256
height: 0.029068110572812767
Area: 0.0004734369685325293
CentroidX: 0.2435
CentroidY: 0.3977
