Location: Dedata_7.png_Gaussian-Median.png
Component: component_1755522664168_112.png
centerX: 0.867741935483871
centerY: 0.27871188372755773
width: 0.039112903225806454
height: 0.028783129096608722
Area: 0.0003888618207558444
CentroidX: 0.8905
CentroidY: 0.2950
