Location: Dedata_7.png_Mean-Closing.png
Component: component_1755522663546_176.png
centerX: 0.08951612903225807
centerY: 0.47107438016528924
width: 0.05
height: 0.02792818466799658
Area: 0.000453787036100718
CentroidX: 0.1188
CentroidY: 0.4864
