Location: Dedata_7.png_Otsu.png
Component: component_1755522663879_225.png
centerX: 0.5092741935483871
centerY: 0.3738956967797093
width: 0.04959677419354839
height: 0.027358221715588486
Area: 0.00043023009955965764
CentroidX: 0.5388
CentroidY: 0.3887
