Location: Dedata_7.png_Otsu.png
Component: component_1755522663898_278.png
centerX: 0.028629032258064516
centerY: 0.5158164719293246
width: 0.03387096774193549
height: 0.030493017953833
Area: 0.00033967953373353313
CentroidX: 0.0472
CentroidY: 0.5351
