Location: Dedata_7.png_Otsu.png
Component: component_1755522663881_230.png
centerX: 0.2770161290322581
centerY: 0.38016528925619836
width: 0.0375
height: 0.027643203191792535
Area: 0.00033117605420163816
CentroidX: 0.2982
CentroidY: 0.3961
