Location: Dedata_7.png_Otsu.png
Component: component_1755522663938_408.png
centerX: 0.09193548387096774
centerY: 0.8421202621829581
width: 0.05040322580645161
height: 0.027643203191792535
Area: 0.0003424374189871207
CentroidX: 0.1220
CentroidY: 0.8570
