Location: Dedata_7.png_Gaussian-Median.png
Component: component_1755522664170_121.png
centerX: 0.4088709677419355
centerY: 0.29239099458535195
width: 0.04596774193548387
height: 0.030208036477628954
Area: 0.0004530975647873211
CentroidX: 0.4361
CentroidY: 0.3087
