Location: Dedata_7.png_Gaussian-Median.png
Component: component_1755522664158_77.png
centerX: 0.8330645161290322
centerY: 0.18723282986605871
width: 0.03588709677419355
height: 0.032487888287261325
Area: 0.00042666783110710706
CentroidX: 0.8536
CentroidY: 0.2058
