Location: Dedata_7.png_Mean-Medain.png
Component: component_1755522664023_116.png
centerX: 0.26895161290322583
centerY: 0.292675976061556
width: 0.04314516129032258
height: 0.030493017953833
Area: 0.0004589580709511946
CentroidX: 0.2942
CentroidY: 0.3101
