Location: Dedata_7.png_Otsu.png
Component: component_1755522663894_267.png
centerX: 0.8649193548387096
centerY: 0.5038472499287546
width: 0.039919354838709675
height: 0.0262182958107723
Area: 0.0004474668823945798
CentroidX: 0.8885
CentroidY: 0.5179
