Location: Dedata_7.png_Gaussian-Median.png
Component: component_1755522664158_74.png
centerX: 0.1971774193548387
centerY: 0.15759475634083783
width: 0.03346774193548387
height: 0.029923055001424906
Area: 0.00034887248457882495
CentroidX: 0.2161
CentroidY: 0.1756
