Location: Dedata_7.png_Mean-Medain.png
Component: component_1755522664053_249.png
centerX: 0.13306451612903225
centerY: 0.6514676546024508
width: 0.03951612903225806
height: 0.029353092049016812
Area: 0.0004347116630967374
CentroidX: 0.1557
CentroidY: 0.6686
