Location: Dedata_7.png_Mean-Medain.png
Component: component_1755522664052_242.png
centerX: 0.7048387096774194
centerY: 0.64576802507837
width: 0.04717741935483871
height: 0.027643203191792535
Area: 0.0005507726675185468
CentroidX: 0.7334
CentroidY: 0.6597
