Location: Dedata_7.png_Mean-Closing.png
Component: component_1755522663513_46.png
centerX: 0.35443548387096774
centerY: 0.10800797948133371
width: 0.03185483870967742
height: 0.03362781419207751
Area: 0.00037518730637347284
CentroidX: 0.3703
CentroidY: 0.1285
