Location: Dedata_7.png_Otsu.png
Component: component_1755522663910_314.png
centerX: 0.8798387096774194
centerY: 0.6392134511256768
width: 0.04314516129032258
height: 0.02536335138216016
Area: 0.00035381369565816933
CentroidX: 0.9036
CentroidY: 0.6540
