Location: Dedata_7.png_Otsu.png
Component: component_1755522663709_65.png
centerX: 0.9568548387096775
centerY: 0.10002849814762041
width: 0.028225806451612902
height: 0.03134796238244514
Area: 0.00018397392879140276
CentroidX: 0.9713
CentroidY: 0.1178
