Location: Dedata_7.png_Mean-Medain.png
Component: component_1755522664025_124.png
centerX: 0.6911290322580645
centerY: 0.3265887717298376
width: 0.04959677419354839
height: 0.0262182958107723
Area: 0.0004547063311852472
CentroidX: 0.7211
CentroidY: 0.3397
