Location: Dedata_7.png_Mean-Closing.png
Component: component_1755522663585_296.png
centerX: 0.08508064516129032
centerY: 0.7959532630379025
width: 0.03185483870967742
height: 0.026503277286976348
Area: 0.0002946340745916032
CentroidX: 0.1026
CentroidY: 0.8114
