Location: Dedata_7.png_Otsu.png
Component: component_1755522663886_243.png
centerX: 0.5887096774193549
centerY: 0.4194927329723568
width: 0.04112903225806452
height: 0.027358221715588486
Area: 0.0004304599233307899
CentroidX: 0.6151
CentroidY: 0.4318
