Location: Kurtxevani_1784_page_10.png_Gaussian-Closing.png
Component: component_1755610055753_433.png
centerX: 0.7664155005382132
centerY: 0.5984063745019921
width: 0.017222820236813777
height: 0.02390438247011952
Area: 0.0002444473987794784
CentroidX: 0.7745
CentroidY: 0.6107
