Location: Dedata_7.png_Otsu.png
Component: component_1755522663913_320.png
centerX: 0.4274193548387097
centerY: 0.6434881732687375
width: 0.028225806451612902
height: 0.030208036477628954
Area: 0.0003639259415879903
CentroidX: 0.4422
CentroidY: 0.6610
