Location: Dedata_7.png_Otsu.png
Component: component_1755522663884_237.png
centerX: 0.9399193548387097
centerY: 0.4080934739241949
width: 0.03508064516129032
height: 0.0262182958107723
Area: 0.0003624320870756304
CentroidX: 0.9613
CentroidY: 0.4215
