Location: Dedata_7.png_Gaussian-Median.png
Component: component_1755522664191_209.png
centerX: 0.47096774193548385
centerY: 0.5520091194072385
width: 0.03669354838709677
height: 0.03277286976346538
Area: 0.0004214967962566304
CentroidX: 0.4919
CentroidY: 0.5710
