Location: Dedata_7.png_Mean-Medain.png
Component: component_1755522664016_86.png
centerX: 0.22379032258064516
centerY: 0.20034197777144486
width: 0.03346774193548387
height: 0.03334283271587347
Area: 0.00044206602377297086
CentroidX: 0.2417
CentroidY: 0.2205
