Location: Dedata_7.png_Mean-Closing.png
Component: component_1755522663527_117.png
centerX: 0.20443548387096774
centerY: 0.29524080934739244
width: 0.04032258064516129
height: 0.030493017953833
Area: 0.0004350563987534359
CentroidX: 0.2270
CentroidY: 0.3128
