Location: Dedata_7.png_Mean-Closing.png
Component: component_1755522663540_148.png
centerX: 0.08588709677419355
centerY: 0.38273012254203476
width: 0.04959677419354839
height: 0.03220290681105728
Area: 0.0004718282021346032
CentroidX: 0.1139
CentroidY: 0.4016
