Location: Dedata_7.png_Mean-Medain.png
Component: component_1755522664015_83.png
centerX: 0.4963709677419355
centerY: 0.19663721858079225
width: 0.0375
height: 0.031917925334853235
Area: 0.00044436426148429384
CentroidX: 0.5182
CentroidY: 0.2151
