Location: Dedata_7.png_Otsu.png
Component: component_1755522663930_378.png
centerX: 0.48951612903225805
centerY: 0.7856939298945569
width: 0.03790322580645161
height: 0.028498147620404674
Area: 0.0002726859044484689
CentroidX: 0.5127
CentroidY: 0.8014
