Location: Dedata_7.png_Otsu.png
Component: component_1755522663694_30.png
centerX: 0.5991935483870968
centerY: 0.05984611000284981
width: 0.028629032258064516
height: 0.034482758620689655
Area: 0.0002541850908723191
CentroidX: 0.6157
CentroidY: 0.0797
