Location: Dedata_7.png_Mean-Medain.png
Component: component_1755522664029_147.png
centerX: 0.3895161290322581
centerY: 0.37817041892277004
width: 0.05161290322580645
height: 0.027643203191792535
Area: 0.0004937763722777374
CentroidX: 0.4201
CentroidY: 0.3929
