Location: Dedata_7.png_Mean-Medain.png
Component: component_1755522664075_331.png
centerX: 0.5169354838709678
centerY: 0.8840125391849529
width: 0.050806451612903224
height: 0.025078369905956112
Area: 0.0004755053824727199
CentroidX: 0.5478
CentroidY: 0.8955
