Location: Dedata_7.png_Mean-Closing.png
Component: component_1755522663597_326.png
centerX: 0.5169354838709678
centerY: 0.8842975206611571
width: 0.050806451612903224
height: 0.024793388429752067
Area: 0.00047424135173149227
CentroidX: 0.5478
CentroidY: 0.8954
