Location: Dedata_7.png_Gaussian-Median.png
Component: component_1755522664189_202.png
centerX: 0.4745967741935484
centerY: 0.5172413793103449
width: 0.04596774193548387
height: 0.027358221715588486
Area: 0.0004852728927458425
CentroidX: 0.5023
CentroidY: 0.5317
