Location: Dedata_7.png_Otsu.png
Component: component_1755522663887_249.png
centerX: 0.15806451612903225
centerY: 0.426902251353662
width: 0.03387096774193549
height: 0.028498147620404674
Area: 0.00036105314444883664
CentroidX: 0.1764
CentroidY: 0.4443
