Location: Dedata_7.png_Otsu.png
Component: component_1755522663933_390.png
centerX: 0.8717741935483871
centerY: 0.823311484753491
width: 0.039919354838709675
height: 0.02792818466799658
Area: 0.00024269390231570432
CentroidX: 0.8979
CentroidY: 0.8406
