Location: Dedata_7.png_Gaussian-Median.png
Component: component_1755522664203_268.png
centerX: 0.25967741935483873
centerY: 0.6942148760330579
width: 0.042741935483870966
height: 0.03277286976346538
Area: 0.00045194844593165963
CentroidX: 0.2843
CentroidY: 0.7131
