Location: Dedata_7.png_Gaussian-Median.png
Component: component_1755522664175_146.png
centerX: 0.6362903225806451
centerY: 0.3713308634938729
width: 0.052016129032258066
height: 0.025933314334568254
Area: 0.00046022210169242226
CentroidX: 0.6670
CentroidY: 0.3850
