Location: Dedata_7.png_Mean-Medain.png
Component: component_1755522664019_99.png
centerX: 0.5383064516129032
centerY: 0.24308919920205185
width: 0.054838709677419356
height: 0.029923055001424906
Area: 0.0005424990117577841
CentroidX: 0.5708
CentroidY: 0.2599
