Location: Dedata_7.png_Gaussian-Median.png
Component: component_1755522664197_238.png
centerX: 0.8794354838709677
centerY: 0.6389284696494728
width: 0.04395161290322581
height: 0.025933314334568254
Area: 0.0003910451465816012
CentroidX: 0.9035
CentroidY: 0.6541
