Location: Dedata_7.png_Gaussian-Median.png
Component: component_1755522664162_95.png
centerX: 0.9040322580645161
centerY: 0.23624964377315474
width: 0.044758064516129036
height: 0.02821316614420063
Area: 0.00042494415282361484
CentroidX: 0.9299
CentroidY: 0.2513
