Location: Dedata_7.png_Mean-Medain.png
Component: component_1755522664035_169.png
centerX: 0.9137096774193548
centerY: 0.4591051581647193
width: 0.0375
height: 0.025648332858364205
Area: 0.0004667720791696927
CentroidX: 0.9351
CentroidY: 0.4713
