Location: Dedata_7.png_Mean-Closing.png
Component: component_1755522663527_116.png
centerX: 0.021370967741935483
centerY: 0.2955257908235965
width: 0.03669354838709677
height: 0.02792818466799658
Area: 0.0004313792184153191
CentroidX: 0.0413
CentroidY: 0.3117
