Location: Dedata_7.png_Gaussian-Median.png
Component: component_1755522664207_281.png
centerX: 0.4637096774193548
centerY: 0.7355371900826446
width: 0.04596774193548387
height: 0.03134796238244514
Area: 0.0003897811158403736
CentroidX: 0.4915
CentroidY: 0.7525
