Location: Dedata_7.png_Mean-Medain.png
Component: component_1755522664000_16.png
centerX: 0.8524193548387097
centerY: 0.010829296095753777
width: 0.039112903225806454
height: 0.03362781419207751
Area: 0.000440572169260611
CentroidX: 0.8767
CentroidY: 0.0294
