Location: Dedata_7.png_Mean-Closing.png
Component: component_1755522663544_164.png
centerX: 0.15766129032258064
centerY: 0.426902251353662
width: 0.03467741935483871
height: 0.029068110572812767
Area: 0.0004136827880381324
CentroidX: 0.1764
CentroidY: 0.4441
