Location: Dedata_7.png_Otsu.png
Component: component_1755522663699_37.png
centerX: 0.2645161290322581
centerY: 0.06184098033627814
width: 0.031048387096774193
height: 0.031062980906241093
Area: 0.0002785464106123425
CentroidX: 0.2820
CentroidY: 0.0797
