Location: Dedata_7.png_Mean-Medain.png
Component: component_1755522664031_155.png
centerX: 0.9399193548387097
centerY: 0.4078084924479909
width: 0.035483870967741936
height: 0.026788258763180393
Area: 0.0004163257614061538
CentroidX: 0.9615
CentroidY: 0.4215
