Location: Dedata_7.png_Mean-Medain.png
Component: component_1755522664041_191.png
centerX: 0.3495967741935484
centerY: 0.512396694214876
width: 0.038306451612903226
height: 0.029068110572812767
Area: 0.0004560852738120409
CentroidX: 0.3705
CentroidY: 0.5292
