Location: Dedata_7.png_Mean-Medain.png
Component: component_1755522664059_271.png
centerX: 0.7661290322580645
centerY: 0.7301225420347678
width: 0.041935483870967745
height: 0.030493017953833
Area: 0.00034818301326542805
CentroidX: 0.7917
CentroidY: 0.7467
