Location: Dedata_7.png_Gaussian-Median.png
Component: component_1755522664163_97.png
centerX: 0.7883064516129032
centerY: 0.23681960672556285
width: 0.03870967741935484
height: 0.02792818466799658
Area: 0.0004169003208339845
CentroidX: 0.8101
CentroidY: 0.2525
