Location: Dedata_7.png_Otsu.png
Component: component_1755522663903_291.png
centerX: 0.5919354838709677
centerY: 0.5540039897406669
width: 0.049193548387096775
height: 0.03163294385864919
Area: 0.0004416063762307063
CentroidX: 0.6216
CentroidY: 0.5717
