Location: Dedata_7.png_Mean-Closing.png
Component: component_1755522663505_12.png
centerX: 0.27903225806451615
centerY: 0.011114277571957822
width: 0.04435483870967742
height: 0.033912795668281565
Area: 0.0004428704069719339
CentroidX: 0.3036
CentroidY: 0.0308
