Location: Dedata_7.png_Mean-Medain.png
Component: component_1755522664049_228.png
centerX: 0.22056451612903225
centerY: 0.6050156739811913
width: 0.03467741935483871
height: 0.02963807352522086
Area: 0.0004536721242151518
CentroidX: 0.2397
CentroidY: 0.6226
