Location: Dedata_7.png_Otsu.png
Component: component_1755522663913_322.png
centerX: 0.7048387096774194
centerY: 0.64576802507837
width: 0.0467741935483871
height: 0.027358221715588486
Area: 0.0004795272984675351
CentroidX: 0.7333
CentroidY: 0.6596
