Location: Dedata_7.png_Otsu.png
Component: component_1755522663921_353.png
centerX: 0.8810483870967742
centerY: 0.7247078939868908
width: 0.0375
height: 0.03220290681105728
Area: 0.00031279015251105453
CentroidX: 0.9040
CentroidY: 0.7431
