Location: Dedata_7.png_Mean-Medain.png
Component: component_1755522664032_160.png
centerX: 0.5887096774193549
centerY: 0.41920775149615275
width: 0.04153225806451613
height: 0.02792818466799658
Area: 0.0004935465485066051
CentroidX: 0.6152
CentroidY: 0.4319
