Location: Dedata_7.png_Mean-Medain.png
Component: component_1755522664069_301.png
centerX: 0.08508064516129032
centerY: 0.7959532630379025
width: 0.03185483870967742
height: 0.026503277286976348
Area: 0.0002940595151637724
CentroidX: 0.1026
CentroidY: 0.8114
