Location: Dedata_7.png_Mean-Medain.png
Component: component_1755522664073_321.png
centerX: 0.9653225806451613
centerY: 0.8743231689940154
width: 0.02661290322580645
height: 0.03676261043032203
Area: 0.00036427067724468875
CentroidX: 0.9785
CentroidY: 0.8969
