Location: Dedata_7.png_Otsu.png
Component: component_1755522663688_14.png
centerX: 0.6068548387096774
centerY: 0.011684240524365916
width: 0.043548387096774194
height: 0.03761755485893417
Area: 0.00035025142720561874
CentroidX: 0.6332
CentroidY: 0.0323
