Location: Dedata_7.png_Mean-Closing.png
Component: component_1755522663555_214.png
centerX: 0.8306451612903226
centerY: 0.5941863778854375
width: 0.044758064516129036
height: 0.029923055001424906
Area: 0.000506646503461146
CentroidX: 0.8568
CentroidY: 0.6107
