Location: Dedata_7.png_Gaussian-Median.png
Component: component_1755522664206_279.png
centerX: 0.6991935483870968
centerY: 0.7326873753206041
width: 0.05282258064516129
height: 0.026788258763180393
Area: 0.0003890916445269767
CentroidX: 0.7313
CentroidY: 0.7467
