Location: Dedata_7.png_Mean-Medain.png
Component: component_1755522664004_34.png
centerX: 0.02943548387096774
centerY: 0.06469079509831861
width: 0.04112903225806452
height: 0.031917925334853235
Area: 0.0004189687347741752
CentroidX: 0.0531
CentroidY: 0.0833
