Location: Dedata_7.png_Mean-Medain.png
Component: component_1755522664071_312.png
centerX: 0.28830645161290325
centerY: 0.8349957252778569
width: 0.04838709677419355
height: 0.030493017953833
Area: 0.00046068174923468683
CentroidX: 0.3183
CentroidY: 0.8514
