Location: Dedata_7.png_Gaussian-Median.png
Component: component_1755522664210_295.png
centerX: 0.6697580645161291
centerY: 0.780849244799088
width: 0.03790322580645161
height: 0.03220290681105728
Area: 0.0004265529192215409
CentroidX: 0.6921
CentroidY: 0.7984
