Location: Dedata_7.png_Gaussian-Median.png
Component: component_1755522664217_340.png
centerX: 0.7189516129032258
centerY: 0.878312909660872
width: 0.04838709677419355
height: 0.02536335138216016
Area: 0.00032853308083361676
CentroidX: 0.7469
CentroidY: 0.8922
