Location: Dedata_7.png_Otsu.png
Component: component_1755522663687_12.png
centerX: 0.2794354838709677
centerY: 0.011114277571957822
width: 0.04314516129032258
height: 0.03362781419207751
Area: 0.0003835758740198016
CentroidX: 0.3038
CentroidY: 0.0310
