Location: Dedata_7.png_Otsu.png
Component: component_1755522663910_316.png
centerX: 0.7733870967741936
centerY: 0.6414933029353092
width: 0.036290322580645164
height: 0.029068110572812767
Area: 0.00043229851349984834
CentroidX: 0.7937
CentroidY: 0.6577
