Location: Dedata_7.png_Gaussian-Median.png
Component: component_1755522664180_167.png
centerX: 0.28024193548387094
centerY: 0.42205756625819324
width: 0.05
height: 0.03362781419207751
Area: 0.0005199762821868192
CentroidX: 0.3091
CentroidY: 0.4412
