Location: Dedata_7.png_Gaussian-Median.png
Component: component_1755522664153_51.png
centerX: 0.0935483870967742
centerY: 0.10914790538614991
width: 0.04153225806451613
height: 0.0347677400968937
Area: 0.00035645666902619073
CentroidX: 0.1169
CentroidY: 0.1297
