Location: Dedata_7.png_Gaussian-Median.png
Component: component_1755522664193_218.png
centerX: 0.02620967741935484
centerY: 0.5619834710743802
width: 0.038306451612903226
height: 0.030208036477628954
Area: 0.0004402274336039125
CentroidX: 0.0469
CentroidY: 0.5799
