Location: Dedata_7.png_Otsu.png
Component: component_1755522663688_13.png
centerX: 0.6701612903225806
centerY: 0.010829296095753777
width: 0.04233870967741935
height: 0.034482758620689655
Area: 0.00031336471193888524
CentroidX: 0.6944
CentroidY: 0.0312
