Location: Dedata_7.png_Otsu.png
Component: component_1755522663728_68.png
centerX: 0.30201612903225805
centerY: 0.10572812767170134
width: 0.03467741935483871
height: 0.029923055001424906
Area: 0.00022913429981889888
CentroidX: 0.3201
CentroidY: 0.1235
