Location: Dedata_7.png_Otsu.png
Component: component_1755522663861_178.png
centerX: 0.6040322580645161
centerY: 0.24109432886862353
width: 0.04758064516129032
height: 0.030493017953833
Area: 0.00042862133316173156
CentroidX: 0.6316
CentroidY: 0.2589
