Location: Dedata_7.png_Gaussian-Median.png
Component: component_1755522664159_81.png
centerX: 0.882258064516129
centerY: 0.19093758905671132
width: 0.0375
height: 0.027643203191792535
Area: 0.0004035705421083113
CentroidX: 0.9039
CentroidY: 0.2049
