Location: Dedata_7.png_Mean-Medain.png
Component: component_1755522664029_145.png
centerX: 0.455241935483871
centerY: 0.3767455115417498
width: 0.03790322580645161
height: 0.02821316614420063
Area: 0.0003888618207558444
CentroidX: 0.4758
CentroidY: 0.3935
