Location: Dedata_7.png_Mean-Closing.png
Component: component_1755522663548_183.png
centerX: 0.805241935483871
centerY: 0.505842120262183
width: 0.04153225806451613
height: 0.03134796238244514
Area: 0.0005173333088187977
CentroidX: 0.8294
CentroidY: 0.5241
