Location: Dedata_7.png_Otsu.png
Component: component_1755522663698_35.png
centerX: 0.8008064516129032
centerY: 0.060986035907666
width: 0.03951612903225806
height: 0.030208036477628954
Area: 0.0002561385929269436
CentroidX: 0.8225
CentroidY: 0.0779
