Location: Dedata_7.png_Gaussian-Median.png
Component: component_1755522664145_29.png
centerX: 0.26411290322580644
centerY: 0.06127101738387005
width: 0.03185483870967742
height: 0.03305785123966942
Area: 0.0003619724395333658
CentroidX: 0.2822
CentroidY: 0.0806
