Location: Dedata_7.png_Otsu.png
Component: component_1755522663941_417.png
centerX: 0.9040322580645161
centerY: 0.8771729837560559
width: 0.037096774193548385
height: 0.028498147620404674
Area: 0.000257977183096002
CentroidX: 0.9258
CentroidY: 0.8943
