Location: Dedata_7.png_Mean-Medain.png
Component: component_1755522664030_153.png
centerX: 0.8306451612903226
centerY: 0.4072385294955828
width: 0.032661290322580645
height: 0.030493017953833
Area: 0.0004495352963347705
CentroidX: 0.8494
CentroidY: 0.4241
