Location: Dedata_7.png_Gaussian-Median.png
Component: component_1755522664189_198.png
centerX: 0.2830645161290323
centerY: 0.5138216015958963
width: 0.04435483870967742
height: 0.029923055001424906
Area: 0.00047228784967686776
CentroidX: 0.3079
CentroidY: 0.5307
