Location: Dedata_7.png_Mean-Closing.png
Component: component_1755522663526_113.png
centerX: 0.26895161290322583
centerY: 0.292675976061556
width: 0.04314516129032258
height: 0.030493017953833
Area: 0.00045918789472232694
CentroidX: 0.2942
CentroidY: 0.3101
