Location: Dedata_7.png_Otsu.png
Component: component_1755522663851_157.png
centerX: 0.9330645161290323
centerY: 0.1897976631518951
width: 0.045564516129032256
height: 0.03220290681105728
Area: 0.000425059064709181
CentroidX: 0.9603
CentroidY: 0.2078
