Location: Dedata_7.png_Mean-Closing.png
Component: component_1755522663523_100.png
centerX: 0.0842741935483871
centerY: 0.24536905101168424
width: 0.03588709677419355
height: 0.0347677400968937
Area: 0.00041517664255049226
CentroidX: 0.1030
CentroidY: 0.2661
