Location: Dedata_7.png_Gaussian-Median.png
Component: component_1755522664206_277.png
centerX: 0.6419354838709678
centerY: 0.7312624679395839
width: 0.04032258064516129
height: 0.029923055001424906
Area: 0.00035128563417571407
CentroidX: 0.6662
CentroidY: 0.7494
