Location: Dedata_7.png_Mean-Medain.png
Component: component_1755522663998_7.png
centerX: 0.03024193548387097
centerY: 0.007979481333713309
width: 0.0375
height: 0.04217725847819892
Area: 0.000518252603903327
CentroidX: 0.0504
CentroidY: 0.0323
