Location: Dedata_7.png_Mean-Medain.png
Component: component_1755522664017_89.png
centerX: 0.02379032258064516
centerY: 0.20575662581932175
width: 0.050806451612903224
height: 0.023938444001139925
Area: 0.0005211254010424806
CentroidX: 0.0544
CentroidY: 0.2169
