Location: Dedata_7.png_Mean-Medain.png
Component: component_1755522664027_134.png
centerX: 0.16532258064516128
centerY: 0.34055286406383584
width: 0.04314516129032258
height: 0.030777999430037048
Area: 0.0004428704069719339
CentroidX: 0.1901
CentroidY: 0.3583
