Location: Dedata_7.png_Otsu.png
Component: component_1755522663690_16.png
centerX: 0.917741935483871
centerY: 0.011969222000569962
width: 0.05443548387096774
height: 0.03163294385864919
Area: 0.0004541317717574164
CentroidX: 0.9499
CentroidY: 0.0291
