Location: Dedata_7.png_Mean-Medain.png
Component: component_1755522664046_211.png
centerX: 0.9024193548387097
centerY: 0.554573952693075
width: 0.007661290322580645
height: 0.007979481333713309
Area: 2.1258698829737356e-05
CentroidX: 0.9050
CentroidY: 0.5595
