Location: Dedata_7.png_Otsu.png
Component: component_1755522663944_425.png
centerX: 0.23870967741935484
centerY: 0.8874323168994015
width: 0.05
height: 0.030777999430037048
Area: 0.0003432418021860837
CentroidX: 0.2669
CentroidY: 0.9038
