Location: Dedata_7.png_Gaussian-Median.png
Component: component_1755522664140_12.png
centerX: 0.5447580645161291
centerY: 0.010259333143345683
width: 0.041935483870967745
height: 0.037902536335138216
Area: 0.0004317239540720176
CentroidX: 0.5700
CentroidY: 0.0316
