Location: Dedata_7.png_Gaussian-Median.png
Component: component_1755522664217_341.png
centerX: 0.5919354838709677
centerY: 0.8820176688515247
width: 0.04596774193548387
height: 0.028783129096608722
Area: 0.000389321468298109
CentroidX: 0.6196
CentroidY: 0.8977
