Location: Dedata_7.png_Otsu.png
Component: component_1755522663928_374.png
centerX: 0.7330645161290322
centerY: 0.7802792818466799
width: 0.02943548387096774
height: 0.029068110572812767
Area: 0.0003018735233822705
CentroidX: 0.7505
CentroidY: 0.7956
