Location: Dedata_7.png_Gaussian-Median.png
Component: component_1755522664218_342.png
centerX: 0.4439516129032258
centerY: 0.8825876318039327
width: 0.04798387096774193
height: 0.03134796238244514
Area: 0.0004605668373491207
CentroidX: 0.4736
CentroidY: 0.8990
