Location: Dedata_7.png_Otsu.png
Component: component_1755522663895_270.png
centerX: 0.6645161290322581
centerY: 0.5104018238814477
width: 0.05120967741935484
height: 0.029353092049016812
Area: 0.00046998961196554484
CentroidX: 0.6961
CentroidY: 0.5262
