Location: Kurtxevani_1794_page_10.png_Mean-Medain.png
Component: component_1755610054917_1339.png
centerX: 0.6458211572180012
centerY: 0.3829881004847951
width: 0.017533606078316773
height: 0.013662406346408109
Area: 0.00013239714300359662
CentroidX: 0.6535
CentroidY: 0.3906
