Location: Dedata_7.png_Gaussian-Median.png
Component: component_1755522664189_199.png
centerX: 0.5379032258064517
centerY: 0.5141065830721003
width: 0.041935483870967745
height: 0.028498147620404674
Area: 0.00043459675121117127
CentroidX: 0.5624
CentroidY: 0.5300
