Location: Dedata_7.png_Gaussian-Median.png
Component: component_1755522664147_34.png
centerX: 0.37661290322580643
centerY: 0.06469079509831861
width: 0.03588709677419355
height: 0.033912795668281565
Area: 0.0003516303698324125
CentroidX: 0.3954
CentroidY: 0.0850
