Location: Dedata_7.png_Mean-Medain.png
Component: component_1755522664031_157.png
centerX: 0.7137096774193549
centerY: 0.41265317754345965
width: 0.0375
height: 0.030208036477628954
Area: 0.00043310289669881133
CentroidX: 0.7360
CentroidY: 0.4294
