Location: Dedata_7.png_Mean-Medain.png
Component: component_1755522664060_274.png
centerX: 0.6995967741935484
centerY: 0.7326873753206041
width: 0.05241935483870968
height: 0.02707324023938444
Area: 0.0004189687347741752
CentroidX: 0.7318
CentroidY: 0.7469
