Location: Dedata_7.png_Otsu.png
Component: component_1755522663926_371.png
centerX: 0.959274193548387
centerY: 0.7774294670846394
width: 0.03870967741935484
height: 0.029923055001424906
Area: 0.000300724404526609
CentroidX: 0.9823
CentroidY: 0.7935
