Location: Dedata_7.png_Mean-Medain.png
Component: component_1755522664050_232.png
centerX: 0.9395161290322581
centerY: 0.6355086919350242
width: 0.039112903225806454
height: 0.025078369905956112
Area: 0.0004104652552422802
CentroidX: 0.9602
CentroidY: 0.6495
