Location: Dedata_7.png_Gaussian-Median.png
Component: component_1755522664172_130.png
centerX: 0.6911290322580645
centerY: 0.3265887717298376
width: 0.04959677419354839
height: 0.0262182958107723
Area: 0.00043023009955965764
CentroidX: 0.7209
CentroidY: 0.3396
