Location: Dedata_7.png_Mean-Medain.png
Component: component_1755522664048_224.png
centerX: 0.39838709677419354
centerY: 0.6004559703619264
width: 0.05120967741935484
height: 0.028498147620404674
Area: 0.000527675378519751
CentroidX: 0.4292
CentroidY: 0.6163
