Location: Dedata_7.png_Mean-Medain.png
Component: component_1755522664072_315.png
centerX: 0.03185483870967742
centerY: 0.8418352807067541
width: 0.04153225806451613
height: 0.03277286976346538
Area: 0.00042172662002776273
CentroidX: 0.0549
CentroidY: 0.8622
