Location: Dedata_7.png_Mean-Closing.png
Component: component_1755522663513_49.png
centerX: 0.025403225806451612
centerY: 0.109717868338558
width: 0.046370967741935484
height: 0.03362781419207751
Area: 0.00039644600520321016
CentroidX: 0.0528
CentroidY: 0.1285
