Location: Dedata_7.png_Otsu.png
Component: component_1755522663923_359.png
centerX: 0.7
centerY: 0.7329723567968082
width: 0.05161290322580645
height: 0.025933314334568254
Area: 0.00030566561560595336
CentroidX: 0.7315
CentroidY: 0.7465
