Location: Dedata_7.png_Otsu.png
Component: component_1755522663894_268.png
centerX: 0.8056451612903226
centerY: 0.505842120262183
width: 0.0407258064516129
height: 0.031062980906241093
Area: 0.00045620018569760706
CentroidX: 0.8295
CentroidY: 0.5241
