Location: Dedata_7.png_Mean-Medain.png
Component: component_1755522664038_181.png
centerX: 0.4842741935483871
centerY: 0.4716443431176974
width: 0.0407258064516129
height: 0.03134796238244514
Area: 0.0004925123415365098
CentroidX: 0.5078
CentroidY: 0.4889
