Location: Dedata_7.png_Otsu.png
Component: component_1755522663858_173.png
centerX: 0.8463709677419354
centerY: 0.23681960672556285
width: 0.03951612903225806
height: 0.029353092049016812
Area: 0.00041586611386388916
CentroidX: 0.8693
CentroidY: 0.2532
