Location: Dedata_7.png_Gaussian-Median.png
Component: component_1755522664219_349.png
centerX: 0.04395161290322581
centerY: 0.8954117982331149
width: 0.036290322580645164
height: 0.030777999430037048
Area: 0.00033186552551503506
CentroidX: 0.0650
CentroidY: 0.9139
