Location: Dedata_7.png_Gaussian-Median.png
Component: component_1755522664189_197.png
centerX: 0.21733870967741936
centerY: 0.5129666571672842
width: 0.04112903225806452
height: 0.030208036477628954
Area: 0.00040403018965057594
CentroidX: 0.2409
CentroidY: 0.5303
