Location: Dedata_7.png_Gaussian-Median.png
Component: component_1755522664218_343.png
centerX: 0.3116935483870968
centerY: 0.8828726132801368
width: 0.045564516129032256
height: 0.028498147620404674
Area: 0.0003747276588312082
CentroidX: 0.3378
CentroidY: 0.8985
