Location: Dedata_7.png_Mean-Medain.png
Component: component_1755522664004_33.png
centerX: 0.1528225806451613
centerY: 0.06298090624109433
width: 0.03508064516129032
height: 0.0353377030493018
Area: 0.0004324134253854145
CentroidX: 0.1708
CentroidY: 0.0842
