Location: Dedata_7.png_Otsu.png
Component: component_1755522663877_217.png
centerX: 0.22983870967741934
centerY: 0.34112282701624397
width: 0.041935483870967745
height: 0.028783129096608722
Area: 0.0003740381875178113
CentroidX: 0.2530
CentroidY: 0.3576
