Location: Dedata_7.png_Mean-Closing.png
Component: component_1755522663594_311.png
centerX: 0.03185483870967742
centerY: 0.8418352807067541
width: 0.04112903225806452
height: 0.03277286976346538
Area: 0.0004224160913411596
CentroidX: 0.0549
CentroidY: 0.8622
