Location: Dedata_7.png_Mean-Closing.png
Component: component_1755522663505_13.png
centerX: 0.8524193548387097
centerY: 0.010829296095753777
width: 0.039112903225806454
height: 0.03362781419207751
Area: 0.0004398826979472141
CentroidX: 0.8767
CentroidY: 0.0294
