Location: Dedata_7.png_Gaussian-Median.png
Component: component_1755522664157_71.png
centerX: 0.08346774193548387
centerY: 0.15588486748361358
width: 0.04153225806451613
height: 0.03277286976346538
Area: 0.0003547329907426985
CentroidX: 0.1070
CentroidY: 0.1759
