Location: Dedata_7.png_Gaussian-Median.png
Component: component_1755522664164_98.png
centerX: 0.6669354838709678
centerY: 0.2390994585351952
width: 0.03790322580645161
height: 0.033912795668281565
Area: 0.00043195377784314987
CentroidX: 0.6886
CentroidY: 0.2581
