Location: Dedata_7.png_Gaussian-Median.png
Component: component_1755522664191_212.png
centerX: 0.41330645161290325
centerY: 0.5528640638358506
width: 0.036290322580645164
height: 0.03362781419207751
Area: 0.00042011785362983665
CentroidX: 0.4331
CentroidY: 0.5730
