Location: Dedata_7.png_Otsu.png
Component: component_1755522663858_174.png
centerX: 0.9044354838709677
centerY: 0.23681960672556285
width: 0.04435483870967742
height: 0.027643203191792535
Area: 0.00039874424291453314
CentroidX: 0.9304
CentroidY: 0.2516
