Location: Dedata_7.png_Mean-Medain.png
Component: component_1755522664045_209.png
centerX: 0.5915322580645161
centerY: 0.5537190082644629
width: 0.05
height: 0.03220290681105728
Area: 0.0005071061510034106
CentroidX: 0.6215
CentroidY: 0.5716
