Location: Dedata_7.png_Otsu.png
Component: component_1755522663702_41.png
centerX: 0.029838709677419355
centerY: 0.0652607580507267
width: 0.039919354838709675
height: 0.031062980906241093
Area: 0.0003360023533954164
CentroidX: 0.0533
CentroidY: 0.0832
