Location: Dedata_7.png_Gaussian-Median.png
Component: component_1755522664155_63.png
centerX: 0.7443548387096774
centerY: 0.14847534910230836
width: 0.04717741935483871
height: 0.026503277286976348
Area: 0.00045849842340893004
CentroidX: 0.7722
CentroidY: 0.1623
