Location: Dedata_7.png_Gaussian-Median.png
Component: component_1755522664138_5.png
centerX: 0.7375
centerY: 0.007409518381305215
width: 0.04395161290322581
height: 0.037047591906526074
Area: 0.00044080199303174326
CentroidX: 0.7627
CentroidY: 0.0300
