Location: Dedata_7.png_Mean-Medain.png
Component: component_1755522664022_112.png
centerX: 0.6072580645161291
centerY: 0.28868623539469934
width: 0.04758064516129032
height: 0.030208036477628954
Area: 0.0004385037553204203
CentroidX: 0.6347
CentroidY: 0.3059
