Location: Dedata_7.png_Gaussian-Median.png
Component: component_1755522664215_320.png
centerX: 0.2245967741935484
centerY: 0.8367056141350813
width: 0.04314516129032258
height: 0.030493017953833
Area: 0.00035749087599628606
CentroidX: 0.2511
CentroidY: 0.8540
