Location: Dedata_7.png_Otsu.png
Component: component_1755522663698_36.png
centerX: 0.8548387096774194
centerY: 0.06127101738387005
width: 0.03387096774193549
height: 0.026503277286976348
Area: 0.00024280881420127046
CentroidX: 0.8735
CentroidY: 0.0764
