Location: Dedata_7.png_Otsu.png
Component: component_1755522663855_167.png
centerX: 0.2770161290322581
centerY: 0.19863208891422057
width: 0.03508064516129032
height: 0.036477628954117984
Area: 0.0004042600134217082
CentroidX: 0.2965
CentroidY: 0.2209
