Location: Dedata_7.png_Mean-Closing.png
Component: component_1755522663578_270.png
centerX: 0.5225806451612903
centerY: 0.7341122827016244
width: 0.042741935483870966
height: 0.030777999430037048
Area: 0.0003787495748260234
CentroidX: 0.5477
CentroidY: 0.7515
