Location: Dedata_7.png_Otsu.png
Component: component_1755522663866_188.png
centerX: 0.40846774193548385
centerY: 0.24565403248788828
width: 0.0375
height: 0.030777999430037048
Area: 0.000359789113707609
CentroidX: 0.4297
CentroidY: 0.2636
