Location: Dedata_7.png_Gaussian-Median.png
Component: component_1755522664207_283.png
centerX: 0.34596774193548385
centerY: 0.7389569677970932
width: 0.046370967741935484
height: 0.03562268452550584
Area: 0.00043000027578852536
CentroidX: 0.3710
CentroidY: 0.7578
