Location: Dedata_7.png_Gaussian-Median.png
Component: component_1755522664145_28.png
centerX: 0.8540322580645161
centerY: 0.060701054431461954
width: 0.03508064516129032
height: 0.028783129096608722
Area: 0.00035611193336949226
CentroidX: 0.8738
CentroidY: 0.0773
