Location: Dedata_7.png_Mean-Closing.png
Component: component_1755522663532_140.png
centerX: 0.5088709677419355
centerY: 0.3738956967797093
width: 0.05040322580645161
height: 0.027643203191792535
Area: 0.0004968789931880234
CentroidX: 0.5388
CentroidY: 0.3886
