Location: Dedata_7.png_Mean-Closing.png
Component: component_1755522663555_212.png
centerX: 0.9443548387096774
centerY: 0.5887717298375605
width: 0.04153225806451613
height: 0.033912795668281565
Area: 0.00043195377784314987
CentroidX: 0.9684
CentroidY: 0.6073
