Location: internet_20.png_Gaussian-Median.png
Component: component_1755083652844_241.png
centerX: 0.06368399838774688
centerY: 0.3664100370687197
width: 0.03788794840790004
height: 0.029940119760479042
Area: 0.0004009945215804356
CentroidX: 0.0808
CentroidY: 0.3800
