Location: internet_20.png_Gaussian-Closing.png
Component: component_1755083652712_120.png
centerX: 0.2652156388553003
centerY: 0.21927573424579413
width: 0.03143893591293833
height: 0.02765896777872826
Area: 0.00033835708556400186
CentroidX: 0.2792
CentroidY: 0.2329
