Location: internet_20.png_Otsu.png
Component: component_1755083652509_1194.png
centerX: 0.8008867392180572
centerY: 0.6726546906187625
width: 0.03385731559854897
height: 0.028514399771884802
Area: 0.0003099691099749025
CentroidX: 0.8173
CentroidY: 0.6851
