Location: internet_20.png_Mean-Medain.png
Component: component_1755083652245_29.png
centerX: 0.23861346231358324
centerY: 0.00427715996578272
width: 0.03829101168883515
height: 0.036213287710293696
Area: 0.000524430496409151
CentroidX: 0.2543
CentroidY: 0.0221
