Location: internet_20.png_Gaussian-Median.png
Component: component_1755083652882_396.png
centerX: 0.9278516727126159
centerY: 0.7137154262902766
width: 0.03345425231761386
height: 0.02737382378100941
Area: 0.00039628234749479566
CentroidX: 0.9436
CentroidY: 0.7273
