Location: internet_20.png_Mean-Medain.png
Component: component_1755083652293_285.png
centerX: 0.40507859733978235
centerY: 0.4930139720558882
width: 0.031035872632003223
height: 0.02879954376960365
Area: 0.0003706527177119246
CentroidX: 0.4182
CentroidY: 0.5064
