Location: internet_20.png_Gaussian-Median.png
Component: component_1755083652854_296.png
centerX: 0.54695687222894
centerY: 0.4881665240946678
width: 0.036275695284159616
height: 0.0290846877673225
Area: 0.0003490456755631364
CentroidX: 0.5630
CentroidY: 0.5008
