Location: internet_20.png_Mean-Medain.png
Component: component_1755083652257_92.png
centerX: 0.5796049979846836
centerY: 0.1223267750213858
width: 0.03788794840790004
height: 0.03364699173082407
Area: 0.00037341106351815285
CentroidX: 0.5944
CentroidY: 0.1370
