Location: internet_20.png_Mean-Medain.png
Component: component_1755083652305_342.png
centerX: 0.600161225312374
centerY: 0.6270316509837468
width: 0.035872632003224506
height: 0.02594810379241517
Area: 0.00042926756609427545
CentroidX: 0.6145
CentroidY: 0.6403
