Location: internet_20.png_Mean-Medain.png
Component: component_1755083652312_378.png
centerX: 0.8839177750906893
centerY: 0.7182777302537782
width: 0.030632809351068116
height: 0.026803535785571715
Area: 0.0003911104491081176
CentroidX: 0.8979
CentroidY: 0.7317
