Location: internet_20.png_Mean-Medain.png
Component: component_1755083652277_209.png
centerX: 0.15074566706972994
centerY: 0.3219275734245794
width: 0.029826682789197905
height: 0.02879954376960365
Area: 0.0003978913825484288
CentroidX: 0.1650
CentroidY: 0.3350
