Location: internet_20.png_Gaussian-Median.png
Component: component_1755083652835_196.png
centerX: 0.3655783958081419
centerY: 0.25777017393783863
width: 0.03869407496977025
height: 0.03022526375819789
Area: 0.0004019139701825117
CentroidX: 0.3813
CentroidY: 0.2713
