Location: internet_20.png_Mean-Medain.png
Component: component_1755083652267_150.png
centerX: 0.5796049979846836
centerY: 0.20929569432563444
width: 0.024989923417976623
height: 0.027944111776447105
Area: 0.0003252549429844175
CentroidX: 0.5921
CentroidY: 0.2215
