Location: internet_20.png_Otsu.png
Component: component_1755083652437_876.png
centerX: 0.11003627569528417
centerY: 0.5044197319646422
width: 0.03345425231761386
height: 0.02879954376960365
Area: 0.000340195982768154
CentroidX: 0.1252
CentroidY: 0.5181
