Location: internet_20.png_Mean-Medain.png
Component: component_1755083652302_330.png
centerX: 0.25675130995566303
centerY: 0.5942400912460792
width: 0.03426037887948408
height: 0.025377815796977475
Area: 0.0003472067783589842
CentroidX: 0.2719
CentroidY: 0.6068
