Location: Paraklitoni_1720_page_10.png_Mean-Medain.png
Component: component_1755610055252_474.png
centerX: 0.3871951219512195
centerY: 0.17944862155388472
width: 0.010670731707317074
height: 0.012531328320802004
Area: 9.13105935570634e-05
CentroidX: 0.3925
CentroidY: 0.1852
