Location: internet_20.png_Mean-Medain.png
Component: component_1755083652301_324.png
centerX: 0.49496170898831116
centerY: 0.5811234673510123
width: 0.03990326481257558
height: 0.03022526375819789
Area: 0.00041375187093424136
CentroidX: 0.5110
CentroidY: 0.5977
