Location: internet_20.png_Mean-Medain.png
Component: component_1755083652259_99.png
centerX: 0.8577186618299073
centerY: 0.12574850299401197
width: 0.030632809351068116
height: 0.028229255774165955
Area: 0.00037731872007697626
CentroidX: 0.8721
CentroidY: 0.1383
