Location: internet_20.png_Gaussian-Closing.png
Component: component_1755083652730_211.png
centerX: 0.7912132204756147
centerY: 0.4322783005417736
width: 0.03143893591293833
height: 0.030795551753635585
Area: 0.00038306527383995183
CentroidX: 0.8065
CentroidY: 0.4459
