Location: internet_20.png_Mean-Medain.png
Component: component_1755083652263_126.png
centerX: 0.422813381700927
centerY: 0.16880524664955804
width: 0.030632809351068116
height: 0.029369831765041345
Area: 0.00037352599459341233
CentroidX: 0.4372
CentroidY: 0.1814
