Location: internet_20.png_Gaussian-Closing.png
Component: component_1755083652720_158.png
centerX: 0.25312374042724706
centerY: 0.30795551753635586
width: 0.03869407496977025
height: 0.03051040775591674
Area: 0.000420188011148774
CentroidX: 0.2688
CentroidY: 0.3221
