Location: internet_20.png_Otsu.png
Component: component_1755083652580_1412.png
centerX: 0.751309955663039
centerY: 0.7801539777587682
width: 0.03990326481257558
height: 0.028514399771884802
Area: 0.0003057166601903006
CentroidX: 0.7681
CentroidY: 0.7938
