Location: internet_20.png_Gaussian-Median.png
Component: component_1755083652814_43.png
centerX: 0.7380088673921805
centerY: 0.017678927858568578
width: 0.037484885126964934
height: 0.029369831765041345
Area: 0.00041938349362195744
CentroidX: 0.7530
CentroidY: 0.0311
