Location: internet_20.png_Gaussian-Closing.png
Component: component_1755083652739_262.png
centerX: 0.3047158403869408
centerY: 0.5397775876817793
width: 0.029423619508262798
height: 0.03364699173082407
Area: 0.0003416900867465277
CentroidX: 0.3167
CentroidY: 0.5556
