Location: internet_20.png_Mean-Medain.png
Component: component_1755083652308_359.png
centerX: 0.8008867392180572
centerY: 0.6726546906187625
width: 0.03385731559854897
height: 0.02879954376960365
Area: 0.0004091546279238609
CentroidX: 0.8175
CentroidY: 0.6853
