Location: internet_20.png_Mean-Medain.png
Component: component_1755083652280_226.png
centerX: 0.20878677952438532
centerY: 0.3644140290846878
width: 0.032648125755743655
height: 0.025377815796977475
Area: 0.00035008005524047204
CentroidX: 0.2223
CentroidY: 0.3761
