Location: internet_20.png_Gaussian-Closing.png
Component: component_1755083652737_250.png
centerX: 0.5525997581620314
centerY: 0.5275163957798689
width: 0.039500201531640466
height: 0.03307670373538637
Area: 0.00036651519900258214
CentroidX: 0.5698
CentroidY: 0.5423
