Location: internet_20.png_Otsu.png
Component: component_1755083652382_79.png
centerX: 0.7464731962918179
centerY: 0.08582834331337326
width: 0.0237807335751713
height: 0.02594810379241517
Area: 0.0002520438480441087
CentroidX: 0.7582
CentroidY: 0.0980
