Location: internet_20.png_Gaussian-Closing.png
Component: component_1755083652748_300.png
centerX: 0.3966142684401451
centerY: 0.6390076988879384
width: 0.04030632809351068
height: 0.027944111776447105
Area: 0.00041639528566521014
CentroidX: 0.4130
CentroidY: 0.6530
