Location: internet_20.png_Gaussian-Median.png
Component: component_1755083652816_54.png
centerX: 0.8166062071745264
centerY: 0.05189620758483034
width: 0.041112454655380895
height: 0.02480752780153978
Area: 0.0003977764514731693
CentroidX: 0.8334
CentroidY: 0.0644
