Location: internet_20.png_Gaussian-Closing.png
Component: component_1755083652740_267.png
centerX: 0.055219669488109635
centerY: 0.5563159395494724
width: 0.036275695284159616
height: 0.03136583974907328
Area: 0.00034674705405794617
CentroidX: 0.0702
CentroidY: 0.5700
