Location: internet_20.png_Otsu.png
Component: component_1755083652385_100.png
centerX: 0.11567916162837566
centerY: 0.09808953521528371
width: 0.032245062474808545
height: 0.02765896777872826
Area: 0.0002976714849221348
CentroidX: 0.1303
CentroidY: 0.1108
