Location: internet_20.png_Otsu.png
Component: component_1755083652390_231.png
centerX: 0.9488109633212415
centerY: 0.13743940690048476
width: 0.03345425231761386
height: 0.01568291987453664
Area: 6.528085074740252e-05
CentroidX: 0.9669
CentroidY: 0.1490
