Location: internet_20.png_Gaussian-Median.png
Component: component_1755083652884_402.png
centerX: 0.6549778315195486
centerY: 0.7362418021100656
width: 0.028214429665457477
height: 0.0290846877673225
Area: 0.00033743763696192575
CentroidX: 0.6685
CentroidY: 0.7501
