Location: internet_20.png_Gaussian-Closing.png
Component: component_1755083652692_48.png
centerX: 0.6928657799274486
centerY: 0.09153122326775022
width: 0.031035872632003223
height: 0.021956087824351298
Area: 0.0003113482828780166
CentroidX: 0.7062
CentroidY: 0.1020
