Location: internet_20.png_Gaussian-Closing.png
Component: component_1755083652761_365.png
centerX: 0.26440951229343007
centerY: 0.8018249215854006
width: 0.03990326481257558
height: 0.03307670373538637
Area: 0.0004530582986729943
CentroidX: 0.2808
CentroidY: 0.8185
