Location: internet_20.png_Mean-Medain.png
Component: component_1755083652296_301.png
centerX: 0.4534461910519952
centerY: 0.5335044197319646
width: 0.03345425231761386
height: 0.03136583974907328
Area: 0.00034111543137023013
CentroidX: 0.4668
CentroidY: 0.5470
