Location: internet_20.png_Gaussian-Median.png
Component: component_1755083652851_278.png
centerX: 0.4417573559048771
centerY: 0.44682064442543484
width: 0.032245062474808545
height: 0.033932135728542916
Area: 0.0003996153486773215
CentroidX: 0.4563
CentroidY: 0.4611
