Location: internet_20.png_Otsu.png
Component: component_1755083652387_164.png
centerX: 0.4808544941555824
centerY: 0.12574850299401197
width: 0.032648125755743655
height: 0.02879954376960365
Area: 0.00026284736911850277
CentroidX: 0.4943
CentroidY: 0.1378
