Location: internet_20.png_Mean-Medain.png
Component: component_1755083652318_408.png
centerX: 0.4191858121725111
centerY: 0.7989734816082121
width: 0.03869407496977025
height: 0.03022526375819789
Area: 0.00044731174491001875
CentroidX: 0.4353
CentroidY: 0.8135
