Location: internet_20.png_Otsu.png
Component: component_1755083652413_755.png
centerX: 0.8468359532446594
centerY: 0.3823781009409752
width: 0.030229746070133012
height: 0.032506415739948676
Area: 0.00037479023642126696
CentroidX: 0.8614
CentroidY: 0.3954
