Location: internet_20.png_Otsu.png
Component: component_1755083652384_95.png
centerX: 0.06690850463522773
centerY: 0.09637867122897063
width: 0.028214429665457477
height: 0.02737382378100941
Area: 0.00028951137857870945
CentroidX: 0.0800
CentroidY: 0.1088
