Location: internet_20.png_Gaussian-Closing.png
Component: component_1755083652699_67.png
centerX: 0.7460701330108828
centerY: 0.12432278300541774
width: 0.0354695687222894
height: 0.027944111776447105
Area: 0.00031675004341521367
CentroidX: 0.7600
CentroidY: 0.1375
