Location: internet_20.png_Mean-Medain.png
Component: component_1755083652274_197.png
centerX: 0.8085449415558242
centerY: 0.2934131736526946
width: 0.037484885126964934
height: 0.029940119760479042
Area: 0.0004129473534074248
CentroidX: 0.8244
CentroidY: 0.3071
