Location: internet_20.png_Otsu.png
Component: component_1755083652380_46.png
centerX: 0.8166062071745264
centerY: 0.05189620758483034
width: 0.04070939137444579
height: 0.02480752780153978
Area: 0.0003492755377136554
CentroidX: 0.8334
CentroidY: 0.0641
