Location: internet_20.png_Gaussian-Closing.png
Component: component_1755083652723_172.png
centerX: 0.6960902861749295
centerY: 0.34074707727402337
width: 0.03184199919387344
height: 0.031936127744510975
Area: 0.0003882371722266298
CentroidX: 0.7105
CentroidY: 0.3539
