Location: internet_20.png_Otsu.png
Component: component_1755083652377_31.png
centerX: 0.79242241031842
centerY: 0.016538351867693184
width: 0.032245062474808545
height: 0.02594810379241517
Area: 0.00034054077599393254
CentroidX: 0.8071
CentroidY: 0.0272
