Location: internet_20.png_Gaussian-Median.png
Component: component_1755083652822_92.png
centerX: 0.7460701330108828
centerY: 0.12432278300541774
width: 0.035872632003224506
height: 0.028229255774165955
Area: 0.0003228413904039678
CentroidX: 0.7600
CentroidY: 0.1376
