Location: internet_20.png_Gaussian-Median.png
Component: component_1755083652861_316.png
centerX: 0.7013301088270859
centerY: 0.5329341317365269
width: 0.037484885126964934
height: 0.02765896777872826
Area: 0.00033536887760725456
CentroidX: 0.7168
CentroidY: 0.5462
