Location: internet_20.png_Gaussian-Closing.png
Component: component_1755083652715_139.png
centerX: 0.4191858121725111
centerY: 0.2549187339606501
width: 0.03667875856509472
height: 0.029369831765041345
Area: 0.00042547484061071153
CentroidX: 0.4364
CentroidY: 0.2690
