Location: internet_20.png_Otsu.png
Component: component_1755083652412_749.png
centerX: 0.06368399838774688
centerY: 0.3664100370687197
width: 0.03788794840790004
height: 0.029940119760479042
Area: 0.00037444544319548844
CentroidX: 0.0806
CentroidY: 0.3799
