Location: internet_20.png_Mean-Medain.png
Component: component_1755083652251_50.png
centerX: 0.924627166465135
centerY: 0.04818933561448532
width: 0.03506650544135429
height: 0.026518391787852865
Area: 0.0004155907681383936
CentroidX: 0.9412
CentroidY: 0.0601
