Location: internet_20.png_Otsu.png
Component: component_1755083652466_1043.png
centerX: 0.8363563079403467
centerY: 0.6136298830909609
width: 0.030229746070133012
height: 0.029369831765041345
Area: 0.00032042783782351806
CentroidX: 0.8496
CentroidY: 0.6278
