Location: internet_20.png_Otsu.png
Component: component_1755083652405_720.png
centerX: 0.5695284159613059
centerY: 0.29826062161391503
width: 0.02902055622732769
height: 0.0290846877673225
Area: 0.0003606537141643471
CentroidX: 0.5824
CentroidY: 0.3116
