Location: internet_20.png_Gaussian-Median.png
Component: component_1755083652857_307.png
centerX: 0.009270455461507456
centerY: 0.5058454519532364
width: 0.037081821846029824
height: 0.029940119760479042
Area: 0.00039042086265656054
CentroidX: 0.0257
CentroidY: 0.5193
