Location: internet_20.png_Gaussian-Closing.png
Component: component_1755083652737_247.png
centerX: 0.009270455461507456
centerY: 0.5058454519532364
width: 0.037081821846029824
height: 0.029940119760479042
Area: 0.00038973127620500346
CentroidX: 0.0257
CentroidY: 0.5194
