Location: internet_20.png_Otsu.png
Component: component_1755083652407_727.png
centerX: 0.31237404272470776
centerY: 0.3136583974907328
width: 0.032245062474808545
height: 0.029940119760479042
Area: 0.00037410064996970993
CentroidX: 0.3273
CentroidY: 0.3263
