Location: internet_20.png_Mean-Medain.png
Component: component_1755083652313_382.png
centerX: 0.701733172108021
centerY: 0.7319646421442829
width: 0.032648125755743655
height: 0.029369831765041345
Area: 0.00042869291071797786
CentroidX: 0.7156
CentroidY: 0.7473
