Location: internet_20.png_Mean-Medain.png
Component: component_1755083652290_274.png
centerX: 0.871825876662636
centerY: 0.4793270601653835
width: 0.029826682789197905
height: 0.029369831765041345
Area: 0.00030445241836244596
CentroidX: 0.8846
CentroidY: 0.4925
