Location: internet_20.png_Gaussian-Closing.png
Component: component_1755083652737_248.png
centerX: 0.060056428859330914
centerY: 0.5058454519532364
width: 0.03829101168883515
height: 0.028514399771884802
Area: 0.00037168709738926017
CentroidX: 0.0755
CentroidY: 0.5186
