Location: internet_20.png_Mean-Medain.png
Component: component_1755083652270_175.png
centerX: 0.7339782345828295
centerY: 0.2469347020245224
width: 0.03667875856509472
height: 0.02879954376960365
Area: 0.00042673908243856615
CentroidX: 0.7492
CentroidY: 0.2605
