Location: internet_20.png_Mean-Medain.png
Component: component_1755083652275_201.png
centerX: 0.45425231761386536
centerY: 0.3045337895637297
width: 0.037081821846029824
height: 0.029369831765041345
Area: 0.0004009945215804356
CentroidX: 0.4706
CentroidY: 0.3178
