Location: internet_20.png_Gaussian-Closing.png
Component: component_1755083652707_102.png
centerX: 0.11043933897621927
centerY: 0.1822070145423439
width: 0.028214429665457477
height: 0.02879954376960365
Area: 0.00031077362750171907
CentroidX: 0.1232
CentroidY: 0.1948
