Location: internet_20.png_Mean-Medain.png
Component: component_1755083652292_280.png
centerX: 0.5989520354695688
centerY: 0.487881380096949
width: 0.03385731559854897
height: 0.028514399771884802
Area: 0.000344678294703275
CentroidX: 0.6144
CentroidY: 0.5008
