Location: internet_20.png_Gaussian-Closing.png
Component: component_1755083652725_184.png
centerX: 0.06368399838774688
centerY: 0.3664100370687197
width: 0.03788794840790004
height: 0.029940119760479042
Area: 0.0004005347972793976
CentroidX: 0.0807
CentroidY: 0.3800
