Location: internet_20.png_Otsu.png
Component: component_1755083652408_731.png
centerX: 0.15114873035066506
centerY: 0.32221271742229823
width: 0.02902055622732769
height: 0.028229255774165955
Area: 0.00036352699104583484
CentroidX: 0.1649
CentroidY: 0.3351
