Location: internet_20.png_Gaussian-Closing.png
Component: component_1755083652728_199.png
centerX: 0.48246674727932287
centerY: 0.4023381807812946
width: 0.031035872632003223
height: 0.028514399771884802
Area: 0.0003561714022292261
CentroidX: 0.4965
CentroidY: 0.4153
