Location: internet_20.png_Gaussian-Closing.png
Component: component_1755083652759_356.png
centerX: 0.751309955663039
centerY: 0.780439121756487
width: 0.04030632809351068
height: 0.028514399771884802
Area: 0.00040237369448354975
CentroidX: 0.7684
CentroidY: 0.7937
