Location: internet_20.png_Otsu.png
Component: component_1755083652376_26.png
centerX: 0.8512696493349455
centerY: 0.013686911890504704
width: 0.029423619508262798
height: 0.031080695751354435
Area: 0.0003781232376037928
CentroidX: 0.8642
CentroidY: 0.0271
