Location: internet_20.png_Gaussian-Closing.png
Component: component_1755083652741_273.png
centerX: 0.7517130189439742
centerY: 0.5742800114057599
width: 0.0354695687222894
height: 0.02765896777872826
Area: 0.000380191996958464
CentroidX: 0.7689
CentroidY: 0.5863
