Location: internet_20.png_Otsu.png
Component: component_1755083652576_1362.png
centerX: 0.36920596533655786
centerY: 0.7524950099800399
width: 0.032245062474808545
height: 0.02879954376960365
Area: 0.0003368629815856282
CentroidX: 0.3829
CentroidY: 0.7659
