Location: internet_20.png_Mean-Medain.png
Component: component_1755083652249_41.png
centerX: 0.8508665860540104
centerY: 0.013686911890504704
width: 0.030229746070133012
height: 0.031080695751354435
Area: 0.0004221418394281857
CentroidX: 0.8641
CentroidY: 0.0272
