Location: internet_20.png_Mean-Medain.png
Component: component_1755083652264_131.png
centerX: 0.25836356307940345
centerY: 0.17593384659252922
width: 0.03385731559854897
height: 0.0290846877673225
Area: 0.00038605348179669913
CentroidX: 0.2733
CentroidY: 0.1888
