Location: internet_20.png_Gaussian-Closing.png
Component: component_1755083652715_135.png
centerX: 0.5723498589278516
centerY: 0.25149700598802394
width: 0.03466344216041919
height: 0.029369831765041345
Area: 0.00038869689652766787
CentroidX: 0.5884
CentroidY: 0.2643
