Location: internet_20.png_Gaussian-Median.png
Component: component_1755083652861_317.png
centerX: 0.4534461910519952
centerY: 0.5335044197319646
width: 0.03345425231761386
height: 0.03136583974907328
Area: 0.00032847301309168385
CentroidX: 0.4670
CentroidY: 0.5472
