Location: internet_20.png_Gaussian-Median.png
Component: component_1755083652831_166.png
centerX: 0.36920596533655786
centerY: 0.21243227830054176
width: 0.03506650544135429
height: 0.026803535785571715
Area: 0.0003203129067482585
CentroidX: 0.3828
CentroidY: 0.2250
