Location: internet_20.png_Otsu.png
Component: component_1755083652405_718.png
centerX: 0.6219266424828698
centerY: 0.29369831765041343
width: 0.03466344216041919
height: 0.03022526375819789
Area: 0.00036111343846538513
CentroidX: 0.6365
CentroidY: 0.3075
