Location: internet_20.png_Otsu.png
Component: component_1755083652539_1270.png
centerX: 0.3599355098750504
centerY: 0.701739378386085
width: 0.029826682789197905
height: 0.03136583974907328
Area: 0.0003478963648105413
CentroidX: 0.3735
CentroidY: 0.7158
