Location: internet_20.png_Mean-Medain.png
Component: component_1755083652272_185.png
centerX: 0.3063280935106812
centerY: 0.25862560593099515
width: 0.03506650544135429
height: 0.031936127744510975
Area: 0.00043202591190050373
CentroidX: 0.3202
CentroidY: 0.2739
