Location: internet_20.png_Gaussian-Median.png
Component: component_1755083652867_340.png
centerX: 0.4502216848045143
centerY: 0.5822640433418876
width: 0.029423619508262798
height: 0.028514399771884802
Area: 0.00034180501782178716
CentroidX: 0.4639
CentroidY: 0.5962
