Location: internet_20.png_Otsu.png
Component: component_1755083652444_901.png
centerX: 0.7916162837565498
centerY: 0.5323638437410892
width: 0.031035872632003223
height: 0.02737382378100941
Area: 0.0002730762348165993
CentroidX: 0.8048
CentroidY: 0.5451
