Location: internet_20.png_Gaussian-Median.png
Component: component_1755083652868_344.png
centerX: 0.30874647319629184
centerY: 0.5919589392643285
width: 0.03909713825070536
height: 0.026803535785571715
Area: 0.00036651519900258214
CentroidX: 0.3250
CentroidY: 0.6053
