Location: internet_20.png_Gaussian-Median.png
Component: component_1755083652827_132.png
centerX: 0.5715437323659814
centerY: 0.16823495865412033
width: 0.032648125755743655
height: 0.0290846877673225
Area: 0.00033755256803718524
CentroidX: 0.5850
CentroidY: 0.1821
