Location: internet_20.png_Gaussian-Median.png
Component: component_1755083652829_160.png
centerX: 0.6807738814993954
centerY: 0.20473339036213287
width: 0.03829101168883515
height: 0.029369831765041345
Area: 0.0003608835763148661
CentroidX: 0.6972
CentroidY: 0.2181
