Location: internet_20.png_Gaussian-Closing.png
Component: component_1755083652744_283.png
centerX: 0.20556227327690446
centerY: 0.5933846592529227
width: 0.037081821846029824
height: 0.031080695751354435
Area: 0.0003720318906150387
CentroidX: 0.2209
CentroidY: 0.6068
