Location: internet_20.png_Mean-Medain.png
Component: component_1755083652314_388.png
centerX: 0.4143490528012898
centerY: 0.7502138579982891
width: 0.032245062474808545
height: 0.029654975762760195
Area: 0.00042248663265396423
CentroidX: 0.4284
CentroidY: 0.7652
