Location: internet_20.png_Mean-Medain.png
Component: component_1755083652296_302.png
centerX: 0.5026199113260782
centerY: 0.5349301397205589
width: 0.03869407496977025
height: 0.02765896777872826
Area: 0.00039639727857005515
CentroidX: 0.5181
CentroidY: 0.5484
