Location: internet_20.png_Otsu.png
Component: component_1755083652383_81.png
centerX: 0.6324062877871826
centerY: 0.0872540633019675
width: 0.03788794840790004
height: 0.02566295979469632
Area: 0.0002957176566427231
CentroidX: 0.6480
CentroidY: 0.0993
