Location: internet_20.png_Mean-Medain.png
Component: component_1755083652307_352.png
centerX: 0.053607416364369206
centerY: 0.6544054747647562
width: 0.03426037887948408
height: 0.03136583974907328
Area: 0.0004138668020095009
CentroidX: 0.0682
CentroidY: 0.6693
