Location: internet_20.png_Gaussian-Closing.png
Component: component_1755083652723_173.png
centerX: 0.6428859330914953
centerY: 0.34302822925577414
width: 0.03869407496977025
height: 0.03364699173082407
Area: 0.000434784257706732
CentroidX: 0.6608
CentroidY: 0.3574
