Location: internet_20.png_Gaussian-Closing.png
Component: component_1755083652758_353.png
centerX: 0.8952035469568722
centerY: 0.7721699458226404
width: 0.030632809351068116
height: 0.03022526375819789
Area: 0.00037731872007697626
CentroidX: 0.9103
CentroidY: 0.7851
