Location: internet_20.png_Otsu.png
Component: component_1755083652403_706.png
centerX: 0.3067311567916163
centerY: 0.258910749928714
width: 0.03426037887948408
height: 0.03165098374679213
Area: 0.00038835210330188935
CentroidX: 0.3200
CentroidY: 0.2739
