Location: internet_20.png_Mean-Medain.png
Component: component_1755083652296_297.png
centerX: 0.7448609431680774
centerY: 0.5300826917593384
width: 0.03345425231761386
height: 0.027088679783290562
Area: 0.00034375884610119887
CentroidX: 0.7589
CentroidY: 0.5427
