Location: internet_20.png_Mean-Medain.png
Component: component_1755083652249_40.png
centerX: 0.6259572752922209
centerY: 0.013972055888223553
width: 0.03869407496977025
height: 0.03279155973766752
Area: 0.0004975366247984253
CentroidX: 0.6414
CentroidY: 0.0295
