Location: internet_20.png_Gaussian-Closing.png
Component: component_1755083652725_186.png
centerX: 0.11567916162837566
centerY: 0.36897633304818933
width: 0.028617492946392584
height: 0.028514399771884802
Area: 0.0003650210950242085
CentroidX: 0.1300
CentroidY: 0.3812
