Location: internet_20.png_Mean-Medain.png
Component: component_1755083652301_325.png
centerX: 0.4502216848045143
centerY: 0.5822640433418876
width: 0.029423619508262798
height: 0.028514399771884802
Area: 0.0003562863333044856
CentroidX: 0.4638
CentroidY: 0.5961
