Location: internet_20.png_Otsu.png
Component: component_1755083652579_1389.png
centerX: 0.8956066102378073
centerY: 0.7721699458226404
width: 0.030229746070133012
height: 0.03051040775591674
Area: 0.00030284338330881276
CentroidX: 0.9104
CentroidY: 0.7851
