Location: internet_20.png_Gaussian-Median.png
Component: component_1755083652811_26.png
centerX: 0.12454655380894801
centerY: 0.00570287995437696
width: 0.036275695284159616
height: 0.033361847733105215
Area: 0.000509374525550155
CentroidX: 0.1404
CentroidY: 0.0213
