Location: internet_20.png_Otsu.png
Component: component_1755083652381_50.png
centerX: 0.07013301088270858
centerY: 0.05389221556886228
width: 0.03426037887948408
height: 0.027088679783290562
Area: 0.0003410005002949706
CentroidX: 0.0870
CentroidY: 0.0643
