Location: internet_20.png_Otsu.png
Component: component_1755083652385_98.png
centerX: 0.16767432486900444
centerY: 0.09723410322212718
width: 0.03143893591293833
height: 0.02765896777872826
Area: 0.0002733060969671183
CentroidX: 0.1817
CentroidY: 0.1100
