Location: internet_20.png_Otsu.png
Component: component_1755083652453_929.png
centerX: 0.16444981862152358
centerY: 0.5491873396065012
width: 0.028617492946392584
height: 0.03136583974907328
Area: 0.0002800870304074295
CentroidX: 0.1767
CentroidY: 0.5643
