Location: internet_20.png_Otsu.png
Component: component_1755083652499_1106.png
centerX: 0.3970173317210802
centerY: 0.6390076988879384
width: 0.03990326481257558
height: 0.02765896777872826
Area: 0.00034870088233735787
CentroidX: 0.4126
CentroidY: 0.6527
