Location: internet_20.png_Gaussian-Closing.png
Component: component_1755083652705_89.png
centerX: 0.6783555018137848
centerY: 0.16538351867693185
width: 0.029826682789197905
height: 0.026518391787852865
Area: 0.00032111742427507514
CentroidX: 0.6915
CentroidY: 0.1776
