Location: internet_20.png_Mean-Medain.png
Component: component_1755083652296_300.png
centerX: 0.7013301088270859
centerY: 0.5329341317365269
width: 0.037081821846029824
height: 0.027088679783290562
Area: 0.0003415751556712682
CentroidX: 0.7165
CentroidY: 0.5459
