Location: internet_20.png_Mean-Medain.png
Component: component_1755083652310_370.png
centerX: 0.31035872632003225
centerY: 0.7043056743655546
width: 0.037484885126964934
height: 0.029369831765041345
Area: 0.00041731473426728625
CentroidX: 0.3266
CentroidY: 0.7168
