Location: internet_20.png_Otsu.png
Component: component_1755083652438_877.png
centerX: 0.15800080612656187
centerY: 0.5044197319646422
width: 0.03385731559854897
height: 0.029369831765041345
Area: 0.0003182441473935873
CentroidX: 0.1726
CentroidY: 0.5173
