Location: internet_20.png_Gaussian-Closing.png
Component: component_1755083652759_354.png
centerX: 0.848851269649335
centerY: 0.7750213857998289
width: 0.028214429665457477
height: 0.028514399771884802
Area: 0.000329852185994798
CentroidX: 0.8638
CentroidY: 0.7872
