Location: internet_20.png_Mean-Medain.png
Component: component_1755083652284_242.png
centerX: 0.38855300282144295
centerY: 0.4009124607927003
width: 0.03345425231761386
height: 0.03222127174222983
Area: 0.0003819159630873567
CentroidX: 0.4028
CentroidY: 0.4154
