Location: internet_20.png_Mean-Medain.png
Component: component_1755083652309_363.png
centerX: 0.6029826682789198
centerY: 0.6814941545480467
width: 0.03829101168883515
height: 0.03051040775591674
Area: 0.0005113283538295667
CentroidX: 0.6180
CentroidY: 0.6976
