Location: internet_20.png_Gaussian-Closing.png
Component: component_1755083652751_311.png
centerX: 0.8948004836759371
centerY: 0.6675220986598233
width: 0.030632809351068116
height: 0.024522383803820928
Area: 0.00021630028363840063
CentroidX: 0.9045
CentroidY: 0.6831
