Location: internet_20.png_Gaussian-Median.png
Component: component_1755083652842_234.png
centerX: 0.4502216848045143
centerY: 0.352723125178215
width: 0.0354695687222894
height: 0.03307670373538637
Area: 0.0004080053171712658
CentroidX: 0.4653
CentroidY: 0.3674
