Location: internet_20.png_Mean-Medain.png
Component: component_1755083652302_331.png
centerX: 0.15437323659814592
centerY: 0.6013686911890505
width: 0.037484885126964934
height: 0.025377815796977475
Area: 0.0003778933754532738
CentroidX: 0.1701
CentroidY: 0.6146
