Location: internet_20.png_Gaussian-Median.png
Component: component_1755083652824_108.png
centerX: 0.06650544135429262
centerY: 0.1371542629027659
width: 0.028214429665457477
height: 0.02879954376960365
Area: 0.00031514100836158054
CentroidX: 0.0790
CentroidY: 0.1495
