Location: internet_20.png_Gaussian-Closing.png
Component: component_1755083652721_165.png
centerX: 0.15074566706972994
centerY: 0.3219275734245794
width: 0.029826682789197905
height: 0.02879954376960365
Area: 0.00038375486029150886
CentroidX: 0.1651
CentroidY: 0.3351
