Location: internet_20.png_Gaussian-Median.png
Component: component_1755083652869_349.png
centerX: 0.10640870616686819
centerY: 0.604220131166239
width: 0.032245062474808545
height: 0.02765896777872826
Area: 0.00034054077599393254
CentroidX: 0.1203
CentroidY: 0.6186
