Location: internet_20.png_Gaussian-Median.png
Component: component_1755083652817_63.png
centerX: 0.7976622329705764
centerY: 0.08440262332477902
width: 0.030229746070133012
height: 0.0290846877673225
Area: 0.00037479023642126696
CentroidX: 0.8106
CentroidY: 0.0982
