Location: internet_20.png_Gaussian-Median.png
Component: component_1755083652842_231.png
centerX: 0.5937122128174124
centerY: 0.34416880524664956
width: 0.03345425231761386
height: 0.032506415739948676
Area: 0.0004252449784601925
CentroidX: 0.6084
CentroidY: 0.3589
