Location: internet_20.png_Gaussian-Median.png
Component: component_1755083652883_398.png
centerX: 0.8375654977831519
centerY: 0.7208440262332478
width: 0.03305118903667876
height: 0.0290846877673225
Area: 0.0003685839583572534
CentroidX: 0.8513
CentroidY: 0.7363
