Location: internet_20.png_Gaussian-Median.png
Component: component_1755083652878_375.png
centerX: 0.8492543329302701
centerY: 0.6683775306529798
width: 0.030229746070133012
height: 0.02879954376960365
Area: 0.0004481162624368353
CentroidX: 0.8633
CentroidY: 0.6823
