Location: internet_20.png_Gaussian-Median.png
Component: component_1755083652831_167.png
centerX: 0.4723901652559452
centerY: 0.21271742229826063
width: 0.03143893591293833
height: 0.027088679783290562
Area: 0.0003238757700813034
CentroidX: 0.4854
CentroidY: 0.2252
