Location: internet_20.png_Mean-Medain.png
Component: component_1755083652312_376.png
centerX: 0.06569931479242241
centerY: 0.71285999429712
width: 0.03385731559854897
height: 0.0290846877673225
Area: 0.0004501850217915065
CentroidX: 0.0800
CentroidY: 0.7279
