Location: internet_20.png_Gaussian-Closing.png
Component: component_1755083652720_157.png
centerX: 0.45425231761386536
centerY: 0.3048189335614485
width: 0.037081821846029824
height: 0.029369831765041345
Area: 0.00038605348179669913
CentroidX: 0.4707
CentroidY: 0.3178
