Location: internet_20.png_Gaussian-Closing.png
Component: component_1755083652705_93.png
centerX: 0.3083434099153567
centerY: 0.17137154262902765
width: 0.04312777106005643
height: 0.028229255774165955
Area: 0.00042857797964271837
CentroidX: 0.3256
CentroidY: 0.1854
