Location: internet_20.png_Gaussian-Closing.png
Component: component_1755083652740_266.png
centerX: 0.10882708585247884
centerY: 0.549757627601939
width: 0.04030632809351068
height: 0.029654975762760195
Area: 0.0003561714022292261
CentroidX: 0.1235
CentroidY: 0.5635
