Location: internet_20.png_Otsu.png
Component: component_1755083652488_1047.png
centerX: 0.7916162837565498
centerY: 0.6184773310521814
width: 0.02902055622732769
height: 0.02765896777872826
Area: 0.0003222667350276702
CentroidX: 0.8038
CentroidY: 0.6307
