Location: internet_20.png_Gaussian-Median.png
Component: component_1755083652873_362.png
centerX: 0.4482063683998388
centerY: 0.6353008269175934
width: 0.03143893591293833
height: 0.026518391787852865
Area: 0.0003992705554515429
CentroidX: 0.4626
CentroidY: 0.6486
