Location: internet_20.png_Gaussian-Closing.png
Component: component_1755083652762_371.png
centerX: 0.0177347843611447
centerY: 0.8138009694895922
width: 0.031035872632003223
height: 0.032506415739948676
Area: 0.0004581152659844128
CentroidX: 0.0315
CentroidY: 0.8291
