Location: internet_20.png_Otsu.png
Component: component_1755083652457_971.png
centerX: 0.6960902861749295
centerY: 0.5748502994011976
width: 0.04312777106005643
height: 0.02623324779013402
Area: 0.00036168809384168267
CentroidX: 0.7129
CentroidY: 0.5885
