Location: internet_20.png_Otsu.png
Component: component_1755083652405_719.png
centerX: 0.8089480048367593
centerY: 0.29369831765041343
width: 0.037081821846029824
height: 0.029369831765041345
Area: 0.00038168610093683767
CentroidX: 0.8244
CentroidY: 0.3071
