Location: internet_20.png_Gaussian-Closing.png
Component: component_1755083652739_261.png
centerX: 0.6545747682386135
centerY: 0.5372112917023096
width: 0.03466344216041919
height: 0.02594810379241517
Area: 0.0003410005002949706
CentroidX: 0.6696
CentroidY: 0.5499
