Location: internet_20.png_Gaussian-Closing.png
Component: component_1755083652696_55.png
centerX: 0.012494961708988311
centerY: 0.09723410322212718
width: 0.037081821846029824
height: 0.02594810379241517
Area: 0.00038065172125950207
CentroidX: 0.0280
CentroidY: 0.1103
