Location: internet_20.png_Gaussian-Closing.png
Component: component_1755083652700_73.png
centerX: 0.37162434502216846
centerY: 0.1300256629597947
width: 0.03667875856509472
height: 0.027944111776447105
Area: 0.00027652416707438465
CentroidX: 0.3852
CentroidY: 0.1438
