Location: internet_20.png_Otsu.png
Component: component_1755083652385_97.png
centerX: 0.012898024989923419
centerY: 0.09723410322212718
width: 0.036275695284159616
height: 0.02594810379241517
Area: 0.0003176694920172898
CentroidX: 0.0282
CentroidY: 0.1106
