Location: internet_20.png_Mean-Medain.png
Component: component_1755083652317_401.png
centerX: 0.751309955663039
centerY: 0.7801539777587682
width: 0.04030632809351068
height: 0.0290846877673225
Area: 0.00042535990953545204
CentroidX: 0.7684
CentroidY: 0.7938
