Location: internet_20.png_Gaussian-Closing.png
Component: component_1755083652686_38.png
centerX: 0.7553405884723902
centerY: 0.054177359566581124
width: 0.0354695687222894
height: 0.024522383803820928
Area: 0.00038835210330188935
CentroidX: 0.7715
CentroidY: 0.0661
