Location: internet_20.png_Mean-Medain.png
Component: component_1755083652255_77.png
centerX: 0.4135429262394196
centerY: 0.09210151126318791
width: 0.04312777106005643
height: 0.029369831765041345
Area: 0.00043432453340569395
CentroidX: 0.4307
CentroidY: 0.1063
