Location: internet_20.png_Gaussian-Median.png
Component: component_1755083652816_57.png
centerX: 0.2926239419588875
centerY: 0.05246649558026804
width: 0.029826682789197905
height: 0.033932135728542916
Area: 0.0004182341828693623
CentroidX: 0.3065
CentroidY: 0.0667
