Location: internet_20.png_Gaussian-Closing.png
Component: component_1755083652671_23.png
centerX: 0.5118903667875857
centerY: 0.04790419161676647
width: 0.03305118903667876
height: 0.028229255774165955
Area: 0.00038341006706573035
CentroidX: 0.5255
CentroidY: 0.0603
