Location: internet_20.png_Gaussian-Closing.png
Component: component_1755083652724_180.png
centerX: 0.2555421201128577
centerY: 0.3618477331052181
width: 0.035872632003224506
height: 0.029369831765041345
Area: 0.00037479023642126696
CentroidX: 0.2707
CentroidY: 0.3746
