Location: internet_20.png_Mean-Medain.png
Component: component_1755083652287_260.png
centerX: 0.5892785167271262
centerY: 0.44026233247790136
width: 0.032245062474808545
height: 0.033361847733105215
Area: 0.0004188088382456599
CentroidX: 0.6034
CentroidY: 0.4547
