Location: internet_20.png_Otsu.png
Component: component_1755083652389_226.png
centerX: 0.06650544135429262
centerY: 0.1371542629027659
width: 0.027408303103587262
height: 0.028514399771884802
Area: 0.0002762943049238656
CentroidX: 0.0790
CentroidY: 0.1492
