Location: internet_20.png_Gaussian-Median.png
Component: component_1755083652847_258.png
centerX: 0.20878677952438532
centerY: 0.4037639007698888
width: 0.03506650544135429
height: 0.03279155973766752
Area: 0.0004177744585683243
CentroidX: 0.2232
CentroidY: 0.4182
