Location: internet_20.png_Mean-Medain.png
Component: component_1755083652293_283.png
centerX: 0.35792019347037485
centerY: 0.49187339606501285
width: 0.03667875856509472
height: 0.02737382378100941
Area: 0.0003731812013676338
CentroidX: 0.3738
CentroidY: 0.5041
