Location: internet_20.png_Gaussian-Median.png
Component: component_1755083652849_269.png
centerX: 0.7912132204756147
centerY: 0.4322783005417736
width: 0.03184199919387344
height: 0.031080695751354435
Area: 0.0003852489642698825
CentroidX: 0.8065
CentroidY: 0.4460
