Location: internet_20.png_Gaussian-Closing.png
Component: component_1755083652697_58.png
centerX: 0.11567916162837566
centerY: 0.09780439121756487
width: 0.032245062474808545
height: 0.027944111776447105
Area: 0.0003419199488970467
CentroidX: 0.1301
CentroidY: 0.1110
