Location: internet_20.png_Otsu.png
Component: component_1755083652459_983.png
centerX: 0.49496170898831116
centerY: 0.5811234673510123
width: 0.03990326481257558
height: 0.029940119760479042
Area: 0.0003182441473935873
CentroidX: 0.5108
CentroidY: 0.5973
