Location: internet_20.png_Mean-Medain.png
Component: component_1755083652299_316.png
centerX: 0.9532446594115276
centerY: 0.5677216994582264
width: 0.03143893591293833
height: 0.025377815796977475
Area: 0.0003609985073901256
CentroidX: 0.9685
CentroidY: 0.5800
