Location: internet_20.png_Gaussian-Closing.png
Component: component_1755083652728_197.png
centerX: 0.43450221684804513
centerY: 0.4006273167949815
width: 0.029826682789197905
height: 0.03165098374679213
Area: 0.0003809965144852806
CentroidX: 0.4476
CentroidY: 0.4148
