Location: internet_20.png_Gaussian-Median.png
Component: component_1755083652819_70.png
centerX: 0.6324062877871826
centerY: 0.0872540633019675
width: 0.03788794840790004
height: 0.02594810379241517
Area: 0.0003721468216902982
CentroidX: 0.6480
CentroidY: 0.1001
