Location: internet_20.png_Otsu.png
Component: component_1755083652414_756.png
centerX: 0.7525191455058444
centerY: 0.3840889649272883
width: 0.030229746070133012
height: 0.035642999714856
Area: 0.0003739857188944504
CentroidX: 0.7662
CentroidY: 0.3989
