Location: internet_20.png_Otsu.png
Component: component_1755083652449_908.png
centerX: 0.4026602176541717
centerY: 0.536641003706872
width: 0.03506650544135429
height: 0.028229255774165955
Area: 0.00026227271374220523
CentroidX: 0.4157
CentroidY: 0.5496
