Location: internet_20.png_Gaussian-Median.png
Component: component_1755083652844_240.png
centerX: 0.013704151551793631
centerY: 0.365839749073282
width: 0.03506650544135429
height: 0.03136583974907328
Area: 0.00040168410803199267
CentroidX: 0.0297
CentroidY: 0.3800
