Location: internet_20.png_Mean-Medain.png
Component: component_1755083652268_154.png
centerX: 0.4719871019750101
centerY: 0.21271742229826063
width: 0.03184199919387344
height: 0.027088679783290562
Area: 0.0003482411580363198
CentroidX: 0.4851
CentroidY: 0.2249
