Location: internet_20.png_Otsu.png
Component: component_1755083652418_796.png
centerX: 0.6811769447803305
centerY: 0.43741089250071286
width: 0.03305118903667876
height: 0.0290846877673225
Area: 0.00034870088233735787
CentroidX: 0.6968
CentroidY: 0.4493
