Location: internet_20.png_Gaussian-Median.png
Component: component_1755083652821_84.png
centerX: 0.11527609834744054
centerY: 0.09780439121756487
width: 0.032648125755743655
height: 0.028229255774165955
Area: 0.00034536788115483206
CentroidX: 0.1302
CentroidY: 0.1111
