Location: internet_20.png_Mean-Medain.png
Component: component_1755083652249_39.png
centerX: 0.5727529222087868
centerY: 0.01311662389506701
width: 0.03385731559854897
height: 0.02765896777872826
Area: 0.00042030294222403355
CentroidX: 0.5870
CentroidY: 0.0252
