Location: internet_20.png_Otsu.png
Component: component_1755083652511_1211.png
centerX: 0.7025392986698912
centerY: 0.677216994582264
width: 0.03466344216041919
height: 0.02879954376960365
Area: 0.0003596193344870115
CentroidX: 0.7169
CentroidY: 0.6918
