Location: internet_20.png_Gaussian-Closing.png
Component: component_1755083652761_364.png
centerX: 0.3720274083031036
centerY: 0.801254633589963
width: 0.03305118903667876
height: 0.029369831765041345
Area: 0.00039570769211849806
CentroidX: 0.3858
CentroidY: 0.8155
