Location: internet_20.png_Mean-Medain.png
Component: component_1755083652248_33.png
centerX: 0.015719467956469165
centerY: 0.0071285999429712005
width: 0.02902055622732769
height: 0.033932135728542916
Area: 0.0004767341001764537
CentroidX: 0.0296
CentroidY: 0.0221
