Location: internet_20.png_Gaussian-Median.png
Component: component_1755083652826_128.png
centerX: 0.9415558242644095
centerY: 0.16481323068149414
width: 0.021362353889560662
height: 0.024522383803820928
Area: 0.00024560770782957605
CentroidX: 0.9521
CentroidY: 0.1753
