Location: internet_20.png_Otsu.png
Component: component_1755083652411_743.png
centerX: 0.40185409109230147
centerY: 0.3581408611348731
width: 0.029826682789197905
height: 0.029369831765041345
Area: 0.0003255997362101961
CentroidX: 0.4160
CentroidY: 0.3712
