Location: internet_20.png_Gaussian-Closing.png
Component: component_1755083652749_308.png
centerX: 0.012898024989923419
centerY: 0.654690618762475
width: 0.03184199919387344
height: 0.03364699173082407
Area: 0.00045064474609254456
CentroidX: 0.0267
CentroidY: 0.6723
