Location: internet_20.png_Mean-Medain.png
Component: component_1755083652254_69.png
centerX: 0.5771866182990729
centerY: 0.08525805531793555
width: 0.03305118903667876
height: 0.027088679783290562
Area: 0.000374560374270748
CentroidX: 0.5903
CentroidY: 0.0974
