Location: internet_20.png_Otsu.png
Component: component_1755083652572_1326.png
centerX: 0.747279322853688
centerY: 0.7274023381807813
width: 0.036275695284159616
height: 0.02879954376960365
Area: 0.0003568609886807832
CentroidX: 0.7626
CentroidY: 0.7419
