Location: internet_20.png_Mean-Medain.png
Component: component_1755083652266_144.png
centerX: 0.6807738814993954
centerY: 0.20444824636441403
width: 0.03788794840790004
height: 0.029654975762760195
Area: 0.00039042086265656054
CentroidX: 0.6970
CentroidY: 0.2177
