Location: internet_20.png_Mean-Medain.png
Component: component_1755083652268_158.png
centerX: 0.26481257557436516
centerY: 0.21927573424579413
width: 0.03143893591293833
height: 0.02765896777872826
Area: 0.00037479023642126696
CentroidX: 0.2785
CentroidY: 0.2326
