Location: internet_20.png_Gaussian-Median.png
Component: component_1755083652862_321.png
centerX: 0.3555018137847642
centerY: 0.5372112917023096
width: 0.03184199919387344
height: 0.028229255774165955
Area: 0.0003143364908347639
CentroidX: 0.3668
CentroidY: 0.5533
