Location: internet_20.png_Otsu.png
Component: component_1755083652591_1476.png
centerX: 0.166062071745264
centerY: 0.8092386655260907
width: 0.036275695284159616
height: 0.029654975762760195
Area: 0.00036777944083043676
CentroidX: 0.1793
CentroidY: 0.8246
