Location: internet_20.png_Gaussian-Closing.png
Component: component_1755083652732_222.png
centerX: 0.2910116888351471
centerY: 0.44796122041631026
width: 0.03466344216041919
height: 0.033361847733105215
Area: 0.00039065072480707957
CentroidX: 0.3061
CentroidY: 0.4632
