Location: internet_20.png_Mean-Medain.png
Component: component_1755083652249_38.png
centerX: 0.9500201531640468
centerY: 0.012546335899629312
width: 0.024989923417976623
height: 0.02594810379241517
Area: 0.0003438737771764584
CentroidX: 0.9613
CentroidY: 0.0243
