Location: internet_20.png_Gaussian-Median.png
Component: component_1755083652891_435.png
centerX: 0.017331721080209594
centerY: 0.8138009694895922
width: 0.03184199919387344
height: 0.032506415739948676
Area: 0.00046328716437109085
CentroidX: 0.0315
CentroidY: 0.8291
