Location: internet_20.png_Gaussian-Closing.png
Component: component_1755083652706_100.png
centerX: 0.20878677952438532
centerY: 0.17907043056743654
width: 0.031035872632003223
height: 0.029654975762760195
Area: 0.00025457233169981795
CentroidX: 0.2205
CentroidY: 0.1923
