Location: internet_20.png_Mean-Medain.png
Component: component_1755083652273_192.png
centerX: 0.7198710197501008
centerY: 0.2891360136869119
width: 0.030632809351068116
height: 0.029654975762760195
Area: 0.0003608835763148661
CentroidX: 0.7334
CentroidY: 0.3024
