Location: internet_20.png_Otsu.png
Component: component_1755083652401_694.png
centerX: 0.6267634018540911
centerY: 0.24893071000855432
width: 0.0354695687222894
height: 0.029369831765041345
Area: 0.00041628035458995066
CentroidX: 0.6420
CentroidY: 0.2628
