Location: internet_20.png_Gaussian-Median.png
Component: component_1755083652848_261.png
centerX: 0.25836356307940345
centerY: 0.40633019674935844
width: 0.03506650544135429
height: 0.028514399771884802
Area: 0.00036743464760465825
CentroidX: 0.2727
CentroidY: 0.4194
