Location: internet_20.png_Mean-Medain.png
Component: component_1755083652311_374.png
centerX: 0.11648528819024587
centerY: 0.7085828343313373
width: 0.03869407496977025
height: 0.029940119760479042
Area: 0.0004407606736202266
CentroidX: 0.1323
CentroidY: 0.7234
