Location: internet_20.png_Mean-Medain.png
Component: component_1755083652256_80.png
centerX: 0.31600161225312373
centerY: 0.09552323923581409
width: 0.02781136638452237
height: 0.02623324779013402
Area: 0.00032640425373701266
CentroidX: 0.3292
CentroidY: 0.1063
