Location: internet_20.png_Gaussian-Closing.png
Component: component_1755083652724_178.png
centerX: 0.4014510278113664
centerY: 0.3581408611348731
width: 0.030632809351068116
height: 0.029654975762760195
Area: 0.00034651719190742714
CentroidX: 0.4161
CentroidY: 0.3712
