Location: Dedata_18.png_Mean-Closing.png
Component: component_1755511906642_225.png
centerX: 0.4657258064516129
centerY: 0.49586776859504134
width: 0.027419354838709678
height: 0.03419777714448561
Area: 0.00040701789867529577
CentroidX: 0.4803
CentroidY: 0.5126
