Location: Dedata_18.png_Otsu.png
Component: component_1755511906296_336.png
centerX: 0.9407258064516129
centerY: 0.3713308634938729
width: 0.025403225806451612
height: 0.03619264747791394
Area: 0.00038461008098989694
CentroidX: 0.9532
CentroidY: 0.3895
