Location: Dedata_18.png_Mean-Closing.png
Component: component_1755511906635_211.png
centerX: 0.05685483870967742
centerY: 0.44770589911655745
width: 0.025806451612903226
height: 0.033912795668281565
Area: 0.00044723705862344753
CentroidX: 0.0698
CentroidY: 0.4646
