Location: Dedata_18.png_Otsu.png
Component: component_1755511906331_476.png
centerX: 0.16008064516129034
centerY: 0.6739811912225705
width: 0.021370967741935483
height: 0.03761755485893417
Area: 0.0003438163616139145
CentroidX: 0.1718
CentroidY: 0.6924
