Location: Dedata_18.png_Gaussian-Closing.png
Component: component_1755511905962_25.png
centerX: 0.925
centerY: 0.01396409233399829
width: 0.024193548387096774
height: 0.03505272157309775
Area: 0.0003441610972706129
CentroidX: 0.9380
CentroidY: 0.0323
