Location: Dedata_18.png_Mean-Closing.png
Component: component_1755511906605_114.png
centerX: 0.015725806451612902
centerY: 0.23168994015389
width: 0.02620967741935484
height: 0.0347677400968937
Area: 0.00043459675121117127
CentroidX: 0.0281
CentroidY: 0.2495
