Location: Dedata_18.png_Otsu.png
Component: component_1755511906297_340.png
centerX: 0.771774193548387
centerY: 0.37731547449415787
width: 0.03024193548387097
height: 0.038472499287546306
Area: 0.0003972503884021732
CentroidX: 0.7882
CentroidY: 0.3955
