Location: Dedata_18.png_Gaussian-Closing.png
Component: component_1755511906065_209.png
centerX: 0.22903225806451613
centerY: 0.44314619549729267
width: 0.028225806451612902
height: 0.036477628954117984
Area: 0.0004691852287665818
CentroidX: 0.2441
CentroidY: 0.4607
