Location: Dedata_18.png_Otsu.png
Component: component_1755511906350_547.png
centerX: 0.18991935483870967
centerY: 0.8489598176118552
width: 0.02258064516129032
height: 0.037902536335138216
Area: 0.0003588698186230798
CentroidX: 0.2020
CentroidY: 0.8679
