Location: Dedata_18.png_Otsu.png
Component: component_1755511906279_231.png
centerX: 0.507258064516129
centerY: 0.17896836705614136
width: 0.025403225806451612
height: 0.03676261043032203
Area: 0.0003454251280118405
CentroidX: 0.5210
CentroidY: 0.1967
