Location: Dedata_18.png_Mean-Closing.png
Component: component_1755511906654_277.png
centerX: 0.1504032258064516
centerY: 0.6135651182673126
width: 0.02661290322580645
height: 0.03419777714448561
Area: 0.00043160904218645144
CentroidX: 0.1647
CentroidY: 0.6304
