Location: Samociqulo_1709_page_10.png_Gaussian-Median.png
Component: component_1755610056306_3383.png
centerX: 0.6329238329238329
centerY: 0.8321875
width: 0.020638820638820637
height: 0.0190625
Area: 0.0001643120393120393
CentroidX: 0.6432
CentroidY: 0.8410
