Location: Dedata_18.png_Gaussian-Median.png
Component: component_1755511906415_44.png
centerX: 0.2955645161290323
centerY: 0.0706754060986036
width: 0.027016129032258064
height: 0.04160729552579082
Area: 0.0004106950790134125
CentroidX: 0.3102
CentroidY: 0.0912
