Location: Dedata_18.png_Mean-Closing.png
Component: component_1755511906555_16.png
centerX: 0.2068548387096774
centerY: 0.009974351667141636
width: 0.027419354838709678
height: 0.03733257338273012
Area: 0.0003950670625764164
CentroidX: 0.2221
CentroidY: 0.0295
