Location: Dedata_18.png_Otsu.png
Component: component_1755511906236_1.png
centerX: 0.5524193548387096
centerY: 0.007124536905101168
width: 0.031451612903225803
height: 0.04217725847819892
Area: 0.00025694297612590663
CentroidX: 0.5688
CentroidY: 0.0269
