Location: Dedata_18.png_Gaussian-Closing.png
Component: component_1755511906134_283.png
centerX: 0.11008064516129032
centerY: 0.6141350812197207
width: 0.024596774193548387
height: 0.04160729552579082
Area: 0.00047699923698507987
CentroidX: 0.1232
CentroidY: 0.6346
