Location: Dedata_18.png_Gaussian-Median.png
Component: component_1755511906490_382.png
centerX: 0.2633064516129032
centerY: 0.8489598176118552
width: 0.022983870967741935
height: 0.037902536335138216
Area: 0.0003809329006517802
CentroidX: 0.2768
CentroidY: 0.8677
