Location: Dedata_18.png_Gaussian-Median.png
Component: component_1755511906427_97.png
centerX: 0.8512096774193548
centerY: 0.22200056996295242
width: 0.02338709677419355
height: 0.03761755485893417
Area: 0.00038070307688064793
CentroidX: 0.8638
CentroidY: 0.2419
