Location: Dedata_18.png_Gaussian-Closing.png
Component: component_1755511905976_90.png
centerX: 0.18669354838709679
centerY: 0.1775434596751211
width: 0.02217741935483871
height: 0.034482758620689655
Area: 0.0003871381424723522
CentroidX: 0.1983
CentroidY: 0.1947
