Location: Dedata_18.png_Otsu.png
Component: component_1755511906257_74.png
centerX: 0.7423387096774193
centerY: 0.06355086919350242
width: 0.021370967741935483
height: 0.03305785123966942
Area: 0.0003376111197933425
CentroidX: 0.7538
CentroidY: 0.0804
