Location: Dedata_18.png_Gaussian-Closing.png
Component: component_1755511905965_40.png
centerX: 0.37983870967741934
centerY: 0.06782559133656313
width: 0.027419354838709678
height: 0.04103733257338273
Area: 0.0004131082286103016
CentroidX: 0.3949
CentroidY: 0.0892
