Location: Dedata_18.png_Gaussian-Closing.png
Component: component_1755511905985_126.png
centerX: 0.6512096774193549
centerY: 0.27956682815616984
width: 0.024193548387096774
height: 0.03676261043032203
Area: 0.00038920655641254284
CentroidX: 0.6636
CentroidY: 0.2980
