Location: Dedata_18.png_Mean-Closing.png
Component: component_1755511906589_83.png
centerX: 0.5508064516129032
centerY: 0.17640353377030493
width: 0.02620967741935484
height: 0.040467369620974636
Area: 0.00046079666112025297
CentroidX: 0.5642
CentroidY: 0.1963
