Location: Dedata_18.png_Gaussian-Closing.png
Component: component_1755511905988_141.png
centerX: 0.05766129032258065
centerY: 0.28583642063265885
width: 0.025
height: 0.036477628954117984
Area: 0.000389321468298109
CentroidX: 0.0706
CentroidY: 0.3030
