Location: Dedata_18.png_Otsu.png
Component: component_1755511906308_389.png
centerX: 0.8004032258064516
centerY: 0.4918780279281847
width: 0.021774193548387097
height: 0.03562268452550584
Area: 0.00034404618538504676
CentroidX: 0.8106
CentroidY: 0.5101
