Location: Dedata_18.png_Otsu.png
Component: component_1755511906271_204.png
centerX: 0.19193548387096773
centerY: 0.13023653462524937
width: 0.02620967741935484
height: 0.037902536335138216
Area: 0.00039357320806405647
CentroidX: 0.2049
CentroidY: 0.1492
