Location: Dedata_18.png_Gaussian-Closing.png
Component: component_1755511905969_54.png
centerX: 0.7209677419354839
centerY: 0.12111712738671987
width: 0.024596774193548387
height: 0.037902536335138216
Area: 0.00043517131063900203
CentroidX: 0.7321
CentroidY: 0.1403
