Location: Dedata_18.png_Mean-Closing.png
Component: component_1755511906623_170.png
centerX: 0.7334677419354839
centerY: 0.377885437446566
width: 0.025806451612903226
height: 0.037902536335138216
Area: 0.0004433300545141985
CentroidX: 0.7467
CentroidY: 0.3971
