Location: Dedata_18.png_Otsu.png
Component: component_1755511906292_310.png
centerX: 0.5693548387096774
centerY: 0.33143345682530634
width: 0.022983870967741935
height: 0.03163294385864919
Area: 0.00037219959734875296
CentroidX: 0.5807
CentroidY: 0.3477
