Location: Dedata_18.png_Otsu.png
Component: component_1755511906313_406.png
centerX: 0.930241935483871
centerY: 0.5414648047876888
width: 0.020161290322580645
height: 0.036477628954117984
Area: 0.0003258901074655954
CentroidX: 0.9418
CentroidY: 0.5597
