Location: Dedata_18.png_Gaussian-Closing.png
Component: component_1755511906132_279.png
centerX: 0.4342741935483871
centerY: 0.6127101738387005
width: 0.024193548387096774
height: 0.037047591906526074
Area: 0.00038070307688064793
CentroidX: 0.4486
CentroidY: 0.6307
