Location: Dedata_18.png_Gaussian-Closing.png
Component: component_1755511906160_344.png
centerX: 0.6524193548387097
centerY: 0.7828441151325164
width: 0.021370967741935483
height: 0.03875748076375036
Area: 0.0003727741567765837
CentroidX: 0.6627
CentroidY: 0.8021
