Location: Dedata_18.png_Otsu.png
Component: component_1755511906332_480.png
centerX: 0.9298387096774193
centerY: 0.7187232829866058
width: 0.021774193548387097
height: 0.034482758620689655
Area: 0.00030830858897397476
CentroidX: 0.9419
CentroidY: 0.7352
