Location: Dedata_18.png_Gaussian-Median.png
Component: component_1755511906469_295.png
centerX: 0.7080645161290322
centerY: 0.6682815616984896
width: 0.020967741935483872
height: 0.03818751781134226
Area: 0.0004189687347741752
CentroidX: 0.7196
CentroidY: 0.6871
