Location: Dedata_18.png_Otsu.png
Component: component_1755511906285_260.png
centerX: 0.8064516129032258
centerY: 0.27785693929894556
width: 0.021774193548387097
height: 0.036477628954117984
Area: 0.00026946837165261675
CentroidX: 0.8169
CentroidY: 0.2958
