Location: Dedata_18.png_Gaussian-Closing.png
Component: component_1755511905960_18.png
centerX: 0.6366935483870968
centerY: 0.00968937019093759
width: 0.027419354838709678
height: 0.04103733257338273
Area: 0.000375302218259039
CentroidX: 0.6508
CentroidY: 0.0304
