Location: Dedata_18.png_Gaussian-Median.png
Component: component_1755511906418_59.png
centerX: 0.018145161290322582
centerY: 0.12425192362496437
width: 0.02217741935483871
height: 0.03619264747791394
Area: 0.0004166704970628522
CentroidX: 0.0299
CentroidY: 0.1432
