Location: Dedata_18.png_Mean-Closing.png
Component: component_1755511906672_368.png
centerX: 0.592741935483871
centerY: 0.8466799658022228
width: 0.02379032258064516
height: 0.03419777714448561
Area: 0.00038311622647753705
CentroidX: 0.6048
CentroidY: 0.8641
