Location: Dedata_18.png_Gaussian-Median.png
Component: component_1755511906434_133.png
centerX: 0.5004032258064516
centerY: 0.2818466799658022
width: 0.02258064516129032
height: 0.034482758620689655
Area: 0.0003754171301446051
CentroidX: 0.5121
CentroidY: 0.2997
