Location: Dedata_18.png_Gaussian-Median.png
Component: component_1755511906461_259.png
centerX: 0.2375
centerY: 0.5577087489313195
width: 0.021370967741935483
height: 0.0347677400968937
Area: 0.0003612829682199689
CentroidX: 0.2491
CentroidY: 0.5754
