Location: Dedata_18.png_Gaussian-Closing.png
Component: component_1755511905996_171.png
centerX: 0.8556451612903225
centerY: 0.3730407523510972
width: 0.027822580645161292
height: 0.0347677400968937
Area: 0.00041218893352577244
CentroidX: 0.8708
CentroidY: 0.3908
