Location: Dedata_18.png_Gaussian-Closing.png
Component: component_1755511906140_298.png
centerX: 0.4366935483870968
centerY: 0.6697064690795098
width: 0.021774193548387097
height: 0.04132231404958678
Area: 0.00042804677373390086
CentroidX: 0.4487
CentroidY: 0.6897
