Location: Dedata_18.png_Mean-Closing.png
Component: component_1755511906630_194.png
centerX: 0.8524193548387097
centerY: 0.4380165289256198
width: 0.03064516129032258
height: 0.034482758620689655
Area: 0.00047826326772630747
CentroidX: 0.8682
CentroidY: 0.4551
