Location: Dedata_18.png_Gaussian-Median.png
Component: component_1755511906463_268.png
centerX: 0.8798387096774194
centerY: 0.6015958962667427
width: 0.02217741935483871
height: 0.039897406668566546
Area: 0.00042138188437106425
CentroidX: 0.8912
CentroidY: 0.6220
