Location: Dedata_18.png_Mean-Closing.png
Component: component_1755511906639_223.png
centerX: 0.507258064516129
centerY: 0.4955827871188373
width: 0.027822580645161292
height: 0.037047591906526074
Area: 0.0004567747451254378
CentroidX: 0.5217
CentroidY: 0.5133
