Location: Dedata_18.png_Gaussian-Median.png
Component: component_1755511906420_67.png
centerX: 0.36935483870967745
centerY: 0.12909660872043316
width: 0.028629032258064516
height: 0.037902536335138216
Area: 0.00048113606486546116
CentroidX: 0.3839
CentroidY: 0.1480
