Location: Dedata_18.png_Gaussian-Median.png
Component: component_1755511906439_160.png
centerX: 0.1907258064516129
centerY: 0.3348532345397549
width: 0.022983870967741935
height: 0.03761755485893417
Area: 0.00039851441914340085
CentroidX: 0.2032
CentroidY: 0.3535
