Location: Dedata_18.png_Mean-Closing.png
Component: component_1755511906550_2.png
centerX: 0.552016129032258
centerY: 0.006554573952693075
width: 0.032661290322580645
height: 0.043032202906811055
Area: 0.00042034767740096893
CentroidX: 0.5692
CentroidY: 0.0280
