Location: Dedata_18.png_Gaussian-Median.png
Component: component_1755511906463_269.png
centerX: 0.8407258064516129
centerY: 0.6027358221715589
width: 0.02379032258064516
height: 0.04274722143060701
Area: 0.00043781428400702343
CentroidX: 0.8533
CentroidY: 0.6244
