Location: Dedata_18.png_Otsu.png
Component: component_1755511906351_552.png
centerX: 0.06653225806451613
centerY: 0.8509546879452835
width: 0.02258064516129032
height: 0.036477628954117984
Area: 0.00034427600915617904
CentroidX: 0.0794
CentroidY: 0.8682
