Location: Dedata_18.png_Otsu.png
Component: component_1755511906327_459.png
centerX: 0.7084677419354839
centerY: 0.6685665431746937
width: 0.02056451612903226
height: 0.03761755485893417
Area: 0.0003798986936816849
CentroidX: 0.7197
CentroidY: 0.6871
