Location: Dedata_18.png_Gaussian-Closing.png
Component: component_1755511905982_115.png
centerX: 0.3540322580645161
centerY: 0.23083499572527785
width: 0.025806451612903226
height: 0.038472499287546306
Area: 0.00042333538642568875
CentroidX: 0.3685
CentroidY: 0.2508
