Location: Dedata_18.png_Gaussian-Median.png
Component: component_1755511906415_45.png
centerX: 0.11330645161290323
centerY: 0.07181533200341977
width: 0.022983870967741935
height: 0.04673696209746366
Area: 0.0004290809807039962
CentroidX: 0.1256
CentroidY: 0.0943
