Location: Dedata_18.png_Gaussian-Median.png
Component: component_1755511906458_245.png
centerX: 0.8911290322580645
centerY: 0.5434596751211171
width: 0.020967741935483872
height: 0.03590766600170989
Area: 0.00035645666902619073
CentroidX: 0.9026
CentroidY: 0.5614
