Location: Dedata_18.png_Gaussian-Median.png
Component: component_1755511906446_188.png
centerX: 0.2314516129032258
centerY: 0.3887147335423197
width: 0.02338709677419355
height: 0.03761755485893417
Area: 0.00042103714871436583
CentroidX: 0.2431
CentroidY: 0.4071
