Location: Dedata_18.png_Gaussian-Closing.png
Component: component_1755511905988_139.png
centerX: 0.016935483870967744
centerY: 0.28498147620404674
width: 0.02338709677419355
height: 0.03562268452550584
Area: 0.00040598369170520045
CentroidX: 0.0290
CentroidY: 0.3034
