Location: Dedata_18.png_Mean-Closing.png
Component: component_1755511906653_274.png
centerX: 0.3995967741935484
centerY: 0.6115702479338843
width: 0.021370967741935483
height: 0.03761755485893417
Area: 0.0003811627244229125
CentroidX: 0.4106
CentroidY: 0.6302
