Location: Dedata_18.png_Gaussian-Closing.png
Component: component_1755511905995_168.png
centerX: 0.3439516129032258
centerY: 0.33998290111142776
width: 0.020967741935483872
height: 0.03163294385864919
Area: 0.00031911030621719266
CentroidX: 0.3549
CentroidY: 0.3562
