Location: Dedata_18.png_Otsu.png
Component: component_1755511906303_367.png
centerX: 0.31451612903225806
centerY: 0.44001139925904814
width: 0.025
height: 0.0353377030493018
Area: 0.00039093023469603507
CentroidX: 0.3282
CentroidY: 0.4575
