Location: Dedata_18.png_Gaussian-Closing.png
Component: component_1755511906013_183.png
centerX: 0.37943548387096776
centerY: 0.3847249928754631
width: 0.025
height: 0.032487888287261325
Area: 0.0004235652101968211
CentroidX: 0.3931
CentroidY: 0.4014
