Location: Dedata_18.png_Otsu.png
Component: component_1755511906299_349.png
centerX: 0.4189516129032258
centerY: 0.38444001139925904
width: 0.021370967741935483
height: 0.03505272157309775
Area: 0.0003664540030704456
CentroidX: 0.4298
CentroidY: 0.4027
