Location: Dedata_18.png_Mean-Closing.png
Component: component_1755511906674_376.png
centerX: 0.43266129032258066
centerY: 0.8486748361356512
width: 0.025403225806451612
height: 0.0353377030493018
Area: 0.00041816435157521214
CentroidX: 0.4463
CentroidY: 0.8665
