Location: Dedata_18.png_Gaussian-Median.png
Component: component_1755511906421_74.png
centerX: 0.7536290322580645
centerY: 0.17184383015104018
width: 0.025806451612903226
height: 0.039612425192362494
Area: 0.00042701256676380553
CentroidX: 0.7663
CentroidY: 0.1919
