Location: Dedata_18.png_Gaussian-Median.png
Component: component_1755511906436_141.png
centerX: 0.41451612903225804
centerY: 0.2852664576802508
width: 0.02379032258064516
height: 0.03277286976346538
Area: 0.0002896928635122588
CentroidX: 0.4256
CentroidY: 0.3012
