Location: Dedata_18.png_Mean-Closing.png
Component: component_1755511906578_47.png
centerX: 0.9298387096774193
centerY: 0.11313764605300655
width: 0.027016129032258064
height: 0.039897406668566546
Area: 0.00046068174923468683
CentroidX: 0.9443
CentroidY: 0.1336
