Location: Dedata_18.png_Otsu.png
Component: component_1755511906310_397.png
centerX: 0.3790322580645161
centerY: 0.49786263892846966
width: 0.025
height: 0.03419777714448561
Area: 0.00038104781253734635
CentroidX: 0.3919
CentroidY: 0.5143
