Location: Dedata_18.png_Mean-Closing.png
Component: component_1755511906637_216.png
centerX: 0.7181451612903226
centerY: 0.49130806497577656
width: 0.02258064516129032
height: 0.03875748076375036
Area: 0.0004291958925895623
CentroidX: 0.7304
CentroidY: 0.5102
