Location: Dedata_18.png_Mean-Closing.png
Component: component_1755511906669_351.png
centerX: 0.24274193548387096
centerY: 0.7911085779424337
width: 0.02661290322580645
height: 0.03619264747791394
Area: 0.0003653048842147841
CentroidX: 0.2576
CentroidY: 0.8088
