Location: Dedata_18.png_Gaussian-Closing.png
Component: component_1755511905987_137.png
centerX: 0.24717741935483872
centerY: 0.2846964947278427
width: 0.02338709677419355
height: 0.03676261043032203
Area: 0.00037059083095082693
CentroidX: 0.2594
CentroidY: 0.3024
