Location: Dedata_18.png_Mean-Closing.png
Component: component_1755511906643_227.png
centerX: 0.2875
centerY: 0.49843260188087773
width: 0.028629032258064516
height: 0.039612425192362494
Area: 0.00046045192546355455
CentroidX: 0.3041
CentroidY: 0.5165
