Location: Dedata_18.png_Mean-Closing.png
Component: component_1755511906620_161.png
centerX: 0.09637096774193549
centerY: 0.33684810487318323
width: 0.02903225806451613
height: 0.03505272157309775
Area: 0.00041322314049586776
CentroidX: 0.1118
CentroidY: 0.3536
