Location: Dedata_18.png_Mean-Closing.png
Component: component_1755511906557_20.png
centerX: 0.7645161290322581
centerY: 0.01310914790538615
width: 0.02379032258064516
height: 0.03419777714448561
Area: 0.00032749887386352144
CentroidX: 0.7778
CentroidY: 0.0309
