Location: Dedata_18.png_Gaussian-Closing.png
Component: component_1755511905988_140.png
centerX: 0.4149193548387097
centerY: 0.2852664576802508
width: 0.02338709677419355
height: 0.03277286976346538
Area: 0.00028923321596999424
CentroidX: 0.4256
CentroidY: 0.3012
