Location: Dedata_18.png_Gaussian-Median.png
Component: component_1755511906479_335.png
centerX: 0.15443548387096775
centerY: 0.7358221715588487
width: 0.022983870967741935
height: 0.03505272157309775
Area: 0.0003609382325632705
CentroidX: 0.1673
CentroidY: 0.7531
