Location: Dedata_18.png_Otsu.png
Component: component_1755511906339_508.png
centerX: 0.8423387096774193
centerY: 0.7774294670846394
width: 0.01975806451612903
height: 0.03419777714448561
Area: 0.00028141920775149617
CentroidX: 0.8529
CentroidY: 0.7936
