Location: Dedata_18.png_Gaussian-Median.png
Component: component_1755511906414_41.png
centerX: 0.25725806451612904
centerY: 0.07039042462239954
width: 0.024596774193548387
height: 0.04075235109717868
Area: 0.0003857591998455584
CentroidX: 0.2698
CentroidY: 0.0912
