Location: Dedata_18.png_Gaussian-Median.png
Component: component_1755511906481_343.png
centerX: 0.9193548387096774
centerY: 0.7771444856084354
width: 0.02217741935483871
height: 0.03362781419207751
Area: 0.000343471625957216
CentroidX: 0.9315
CentroidY: 0.7944
