Location: Dedata_18.png_Otsu.png
Component: component_1755511906254_69.png
centerX: 0.8991935483870968
centerY: 0.06127101738387005
width: 0.021774193548387097
height: 0.03619264747791394
Area: 0.0003641557653591226
CentroidX: 0.9101
CentroidY: 0.0798
