Location: Dedata_18.png_Otsu.png
Component: component_1755511906292_309.png
centerX: 0.6838709677419355
centerY: 0.3302935309204902
width: 0.021370967741935483
height: 0.034482758620689655
Area: 0.00035220492926024325
CentroidX: 0.6950
CentroidY: 0.3477
