Location: Dedata_18.png_Gaussian-Closing.png
Component: component_1755511906128_270.png
centerX: 0.6048387096774194
centerY: 0.6047306925049871
width: 0.025403225806451612
height: 0.043032202906811055
Area: 0.00044631776353891835
CentroidX: 0.6191
CentroidY: 0.6261
