Location: Dedata_18.png_Otsu.png
Component: component_1755511906315_416.png
centerX: 0.4375
centerY: 0.5500142490738102
width: 0.025
height: 0.039897406668566546
Area: 0.0003969056527454748
CentroidX: 0.4507
CentroidY: 0.5693
