Location: Dedata_18.png_Otsu.png
Component: component_1755511906328_464.png
centerX: 0.4366935483870968
centerY: 0.6699914505557139
width: 0.021370967741935483
height: 0.04075235109717868
Area: 0.00038564428795999226
CentroidX: 0.4487
CentroidY: 0.6897
