Location: Dedata_18.png_Gaussian-Closing.png
Component: component_1755511905976_88.png
centerX: 0.4338709677419355
centerY: 0.17668851524650897
width: 0.027419354838709678
height: 0.04160729552579082
Area: 0.0004464326754244845
CentroidX: 0.4467
CentroidY: 0.1965
