Location: Dedata_18.png_Gaussian-Median.png
Component: component_1755511906431_117.png
centerX: 0.015725806451612902
centerY: 0.23168994015389
width: 0.02620967741935484
height: 0.0347677400968937
Area: 0.00040908631261548647
CentroidX: 0.0282
CentroidY: 0.2494
