Location: Dedata_18.png_Gaussian-Closing.png
Component: component_1755511906129_273.png
centerX: 0.5233870967741936
centerY: 0.6081504702194357
width: 0.02258064516129032
height: 0.042462239954402965
Area: 0.0004193134704308736
CentroidX: 0.5355
CentroidY: 0.6298
