Location: Dedata_18.png_Mean-Closing.png
Component: component_1755511906650_264.png
centerX: 0.8036290322580645
centerY: 0.6030208036477629
width: 0.02258064516129032
height: 0.04075235109717868
Area: 0.0004279318618483347
CentroidX: 0.8152
CentroidY: 0.6241
