Location: Dedata_18.png_Otsu.png
Component: component_1755511906304_374.png
centerX: 0.535483870967742
centerY: 0.44115132516386435
width: 0.02338709677419355
height: 0.03505272157309775
Area: 0.00040207668759595144
CentroidX: 0.5467
CentroidY: 0.4597
