Location: Dedata_18.png_Gaussian-Closing.png
Component: component_1755511905981_110.png
centerX: 0.22338709677419355
centerY: 0.22969506982046167
width: 0.02943548387096774
height: 0.037902536335138216
Area: 0.00045999227792128993
CentroidX: 0.2386
CentroidY: 0.2491
