Location: Dedata_18.png_Otsu.png
Component: component_1755511906274_218.png
centerX: 0.5508064516129032
centerY: 0.17640353377030493
width: 0.025806451612903226
height: 0.04018238814477059
Area: 0.0003866784949300876
CentroidX: 0.5641
CentroidY: 0.1964
