Location: Dedata_18.png_Mean-Closing.png
Component: component_1755511906660_301.png
centerX: 0.3528225806451613
centerY: 0.6722713023653463
width: 0.025403225806451612
height: 0.03761755485893417
Area: 0.0004140275236948308
CentroidX: 0.3672
CentroidY: 0.6909
