Location: Dedata_18.png_Otsu.png
Component: component_1755511906311_402.png
centerX: 0.020967741935483872
centerY: 0.5007124536905101
width: 0.025
height: 0.039042462239954404
Area: 0.00042471432905248255
CentroidX: 0.0341
CentroidY: 0.5204
