Location: Dedata_18.png_Otsu.png
Component: component_1755511906316_420.png
centerX: 0.2725806451612903
centerY: 0.5565688230265032
width: 0.02661290322580645
height: 0.03562268452550584
Area: 0.00038920655641254284
CentroidX: 0.2859
CentroidY: 0.5758
