Location: Dedata_18.png_Otsu.png
Component: component_1755511906321_437.png
centerX: 0.6858870967741936
centerY: 0.6058706184098034
width: 0.021370967741935483
height: 0.03305785123966942
Area: 0.0003196848656450234
CentroidX: 0.6973
CentroidY: 0.6220
