Location: Dedata_18.png_Gaussian-Median.png
Component: component_1755511906448_197.png
centerX: 0.9451612903225807
centerY: 0.43687660302080367
width: 0.02217741935483871
height: 0.03733257338273012
Area: 0.0003897811158403736
CentroidX: 0.9572
CentroidY: 0.4559
