Location: Dedata_18.png_Mean-Closing.png
Component: component_1755511906657_293.png
centerX: 0.7782258064516129
centerY: 0.6694214876033058
width: 0.02258064516129032
height: 0.03562268452550584
Area: 0.0003983995072578347
CentroidX: 0.7894
CentroidY: 0.6874
