Location: Dedata_18.png_Otsu.png
Component: component_1755511906261_92.png
centerX: 0.11370967741935484
centerY: 0.07210031347962383
width: 0.02217741935483871
height: 0.045597036192647475
Area: 0.0002286746522766343
CentroidX: 0.1245
CentroidY: 0.0904
