Location: Dedata_18.png_Gaussian-Median.png
Component: component_1755511906411_34.png
centerX: 0.6556451612903226
centerY: 0.06469079509831861
width: 0.025806451612903226
height: 0.03277286976346538
Area: 0.00038725305435791834
CentroidX: 0.6681
CentroidY: 0.0814
