Location: Dedata_18.png_Otsu.png
Component: component_1755511906349_542.png
centerX: 0.5931451612903226
centerY: 0.8469649472784269
width: 0.022983870967741935
height: 0.03305785123966942
Area: 0.00031807609924709734
CentroidX: 0.6048
CentroidY: 0.8638
