Location: Dedata_18.png_Mean-Closing.png
Component: component_1755511906658_295.png
centerX: 0.4366935483870968
centerY: 0.6699914505557139
width: 0.021774193548387097
height: 0.04103733257338273
Area: 0.000441376552459574
CentroidX: 0.4487
CentroidY: 0.6897
