Location: Dedata_18.png_Gaussian-Closing.png
Component: component_1755511905994_162.png
centerX: 0.38266129032258067
centerY: 0.3359931604445711
width: 0.022983870967741935
height: 0.03334283271587347
Area: 0.00032634975500785997
CentroidX: 0.3946
CentroidY: 0.3531
