Location: Dedata_18.png_Gaussian-Median.png
Component: component_1755511906452_218.png
centerX: 0.95
centerY: 0.48874323168994016
width: 0.02620967741935484
height: 0.040467369620974636
Area: 0.00040506439662067127
CentroidX: 0.9644
CentroidY: 0.5096
