Location: Dedata_18.png_Gaussian-Median.png
Component: component_1755511906482_347.png
centerX: 0.6931451612903226
centerY: 0.7819891707039043
width: 0.01975806451612903
height: 0.03761755485893417
Area: 0.00035772069976741834
CentroidX: 0.7033
CentroidY: 0.8002
