Location: Dedata_18.png_Gaussian-Median.png
Component: component_1755511906452_215.png
centerX: 0.09717741935483871
centerY: 0.4462809917355372
width: 0.02943548387096774
height: 0.03305785123966942
Area: 0.00044804144182241057
CentroidX: 0.1126
CentroidY: 0.4625
