Location: Dedata_18.png_Otsu.png
Component: component_1755511906348_537.png
centerX: 0.6314516129032258
centerY: 0.8444001139925905
width: 0.024193548387096774
height: 0.03419777714448561
Area: 0.00032922255214701366
CentroidX: 0.6438
CentroidY: 0.8621
