Location: Dedata_18.png_Mean-Closing.png
Component: component_1755511906652_270.png
centerX: 0.5233870967741936
centerY: 0.6081504702194357
width: 0.02258064516129032
height: 0.042462239954402965
Area: 0.00043655025326579577
CentroidX: 0.5355
CentroidY: 0.6297
