Location: Dedata_18.png_Mean-Closing.png
Component: component_1755511906667_344.png
centerX: 0.5713709677419355
centerY: 0.786833855799373
width: 0.024193548387096774
height: 0.037902536335138216
Area: 0.0004136827880381324
CentroidX: 0.5849
CentroidY: 0.8051
