Location: Dedata_18.png_Gaussian-Closing.png
Component: component_1755511905985_129.png
centerX: 0.6903225806451613
centerY: 0.2801367911085779
width: 0.02379032258064516
height: 0.03505272157309775
Area: 0.00039299864863622577
CentroidX: 0.7028
CentroidY: 0.2983
