Location: Dedata_18.png_Mean-Closing.png
Component: component_1755511906655_283.png
centerX: 0.9629032258064516
centerY: 0.658592191507552
width: 0.01935483870967742
height: 0.03761755485893417
Area: 0.00035151545794684635
CentroidX: 0.9739
CentroidY: 0.6780
