Location: Dedata_18.png_Otsu.png
Component: component_1755511906304_373.png
centerX: 0.5778225806451613
centerY: 0.4405813622114563
width: 0.021370967741935483
height: 0.037902536335138216
Area: 0.0004179345278040798
CentroidX: 0.5890
CentroidY: 0.4594
