Location: Dedata_18.png_Gaussian-Closing.png
Component: component_1755511906063_207.png
centerX: 0.5774193548387097
centerY: 0.4405813622114563
width: 0.02217741935483871
height: 0.03818751781134226
Area: 0.00045585545004090864
CentroidX: 0.5890
CentroidY: 0.4594
