Location: Dedata_18.png_Otsu.png
Component: component_1755511906335_491.png
centerX: 0.5080645161290323
centerY: 0.7312624679395839
width: 0.021774193548387097
height: 0.03619264747791394
Area: 0.00034427600915617904
CentroidX: 0.5192
CentroidY: 0.7494
