Location: Dedata_18.png_Mean-Closing.png
Component: component_1755511906651_268.png
centerX: 0.5673387096774194
centerY: 0.6061555998860074
width: 0.020967741935483872
height: 0.03932744371615845
Area: 0.0004398826979472141
CentroidX: 0.5786
CentroidY: 0.6258
