Location: Dedata_18.png_Otsu.png
Component: component_1755511906348_538.png
centerX: 0.6709677419354839
centerY: 0.8441151325163865
width: 0.021370967741935483
height: 0.03334283271587347
Area: 0.00029865599058641833
CentroidX: 0.6823
CentroidY: 0.8603
