Location: Dedata_18.png_Otsu.png
Component: component_1755511906252_19.png
centerX: 0.8044354838709677
centerY: 0.012824166429182103
width: 0.025
height: 0.034482758620689655
Area: 0.00028888848031329576
CentroidX: 0.8171
CentroidY: 0.0310
