Location: Dedata_18.png_Gaussian-Closing.png
Component: component_1755511905975_84.png
centerX: 0.27419354838709675
centerY: 0.17640353377030493
width: 0.02338709677419355
height: 0.039042462239954404
Area: 0.0004065582511330312
CentroidX: 0.2880
CentroidY: 0.1966
