Location: Dedata_18.png_Gaussian-Closing.png
Component: component_1755511905994_164.png
centerX: 0.015725806451612902
centerY: 0.33684810487318323
width: 0.024596774193548387
height: 0.03334283271587347
Area: 0.00041218893352577244
CentroidX: 0.0291
CentroidY: 0.3547
