Location: Dedata_18.png_Otsu.png
Component: component_1755511906291_303.png
centerX: 0.7919354838709678
centerY: 0.3257338273012254
width: 0.025403225806451612
height: 0.033912795668281565
Area: 0.00035944437805091056
CentroidX: 0.8055
CentroidY: 0.3437
