Location: Paraklitoni_1720_page_10.png_Mean-Medain.png
Component: component_1755610055303_947.png
centerX: 0.3704268292682927
centerY: 0.34536340852130326
width: 0.010670731707317074
height: 0.012531328320802004
Area: 9.169264624977077e-05
CentroidX: 0.3754
CentroidY: 0.3513
