Location: Dedata_18.png_Gaussian-Closing.png
Component: component_1755511905987_136.png
centerX: 0.14596774193548387
centerY: 0.28441151325163866
width: 0.027822580645161292
height: 0.03875748076375036
Area: 0.0004205775011721012
CentroidX: 0.1608
CentroidY: 0.3038
