Location: Dedata_18.png_Mean-Closing.png
Component: component_1755511906611_131.png
centerX: 0.19798387096774195
centerY: 0.2841265317754346
width: 0.022983870967741935
height: 0.03932744371615845
Area: 0.0004373546364647588
CentroidX: 0.2111
CentroidY: 0.3039
