Location: Dedata_18.png_Gaussian-Median.png
Component: component_1755511906411_36.png
centerX: 0.5137096774193548
centerY: 0.06640068395554288
width: 0.027822580645161292
height: 0.04360216585921915
Area: 0.00044988003199146893
CentroidX: 0.5280
CentroidY: 0.0870
