Location: Dedata_18.png_Gaussian-Median.png
Component: component_1755511906448_196.png
centerX: 0.7298387096774194
centerY: 0.43659162154459963
width: 0.027016129032258064
height: 0.037902536335138216
Area: 0.00045493615495637946
CentroidX: 0.7441
CentroidY: 0.4551
