Location: Dedata_18.png_Mean-Closing.png
Component: component_1755511906633_204.png
centerX: 0.6169354838709677
centerY: 0.44115132516386435
width: 0.02620967741935484
height: 0.031917925334853235
Area: 0.00041655558517728606
CentroidX: 0.6296
CentroidY: 0.4580
