Location: Dedata_18.png_Mean-Closing.png
Component: component_1755511906622_169.png
centerX: 0.7713709677419355
centerY: 0.3770304930179538
width: 0.031048387096774193
height: 0.039042462239954404
Area: 0.00045585545004090864
CentroidX: 0.7882
CentroidY: 0.3956
