Location: Dedata_18.png_Mean-Closing.png
Component: component_1755511906586_72.png
centerX: 0.9112903225806451
centerY: 0.17184383015104018
width: 0.025806451612903226
height: 0.039042462239954404
Area: 0.00041126963844124325
CentroidX: 0.9258
CentroidY: 0.1915
