Location: Dedata_18.png_Gaussian-Median.png
Component: component_1755511906479_334.png
centerX: 0.3100806451612903
centerY: 0.7346822456540325
width: 0.02258064516129032
height: 0.0353377030493018
Area: 0.00037449783506007594
CentroidX: 0.3217
CentroidY: 0.7524
