Location: Dedata_18.png_Otsu.png
Component: component_1755511906306_384.png
centerX: 0.9112903225806451
centerY: 0.4895981761185523
width: 0.021774193548387097
height: 0.0347677400968937
Area: 0.0003565715809117569
CentroidX: 0.9228
CentroidY: 0.5081
