Location: Dedata_18.png_Gaussian-Median.png
Component: component_1755511906487_371.png
centerX: 0.6705645161290322
centerY: 0.8435451695639783
width: 0.02217741935483871
height: 0.03419777714448561
Area: 0.00034404618538504676
CentroidX: 0.6823
CentroidY: 0.8604
