Location: Dedata_18.png_Mean-Closing.png
Component: component_1755511906590_85.png
centerX: 0.23024193548387098
centerY: 0.17668851524650897
width: 0.02217741935483871
height: 0.03818751781134226
Area: 0.0004399976098327802
CentroidX: 0.2421
CentroidY: 0.1966
