Location: Dedata_18.png_Mean-Closing.png
Component: component_1755511906667_342.png
centerX: 0.6137096774193549
centerY: 0.7854089484183528
width: 0.02217741935483871
height: 0.03818751781134226
Area: 0.00037679607277139887
CentroidX: 0.6250
CentroidY: 0.8045
