Location: Dedata_18.png_Gaussian-Median.png
Component: component_1755511906423_84.png
centerX: 0.1431451612903226
centerY: 0.17640353377030493
width: 0.02338709677419355
height: 0.03676261043032203
Area: 0.0004189687347741752
CentroidX: 0.1556
CentroidY: 0.1951
