Location: Dedata_18.png_Gaussian-Closing.png
Component: component_1755511906062_204.png
centerX: 0.35766129032258065
centerY: 0.44029638073525224
width: 0.02661290322580645
height: 0.03334283271587347
Area: 0.00041058016712784635
CentroidX: 0.3714
CentroidY: 0.4571
