Location: Dedata_18.png_Otsu.png
Component: component_1755511906314_409.png
centerX: 0.8169354838709677
centerY: 0.5437446565973212
width: 0.021774193548387097
height: 0.033912795668281565
Area: 0.00035772069976741834
CentroidX: 0.8286
CentroidY: 0.5615
