Location: Dedata_18.png_Mean-Closing.png
Component: component_1755511906671_361.png
centerX: 0.8258064516129032
centerY: 0.8384155029923055
width: 0.02379032258064516
height: 0.033912795668281565
Area: 0.0003946074150341518
CentroidX: 0.8383
CentroidY: 0.8557
