Location: Dedata_18.png_Gaussian-Closing.png
Component: component_1755511906133_282.png
centerX: 0.06491935483870968
centerY: 0.6141350812197207
width: 0.02661290322580645
height: 0.04103733257338273
Area: 0.00047826326772630747
CentroidX: 0.0797
CentroidY: 0.6343
