Location: Dedata_18.png_Otsu.png
Component: component_1755511906287_268.png
centerX: 0.5370967741935484
centerY: 0.2818466799658022
width: 0.02379032258064516
height: 0.03334283271587347
Area: 0.00021396593092416736
CentroidX: 0.5515
CentroidY: 0.3017
