Location: Dedata_18.png_Mean-Closing.png
Component: component_1755511906627_183.png
centerX: 0.26491935483870965
centerY: 0.3887147335423197
width: 0.02217741935483871
height: 0.037047591906526074
Area: 0.0004164406732917199
CentroidX: 0.2765
CentroidY: 0.4072
