Location: Dedata_18.png_Gaussian-Closing.png
Component: component_1755511905974_82.png
centerX: 0.09798387096774193
centerY: 0.17640353377030493
width: 0.02379032258064516
height: 0.036477628954117984
Area: 0.00039391794372075495
CentroidX: 0.1102
CentroidY: 0.1946
