Location: Dedata_18.png_Gaussian-Closing.png
Component: component_1755511906135_286.png
centerX: 0.9633064516129032
centerY: 0.658877172983756
width: 0.018548387096774192
height: 0.03733257338273012
Area: 0.000331061142316072
CentroidX: 0.9739
CentroidY: 0.6780
