Location: Dedata_18.png_Otsu.png
Component: component_1755511906331_477.png
centerX: 0.0717741935483871
centerY: 0.6742661726987745
width: 0.02217741935483871
height: 0.037902536335138216
Area: 0.00033634708905211483
CentroidX: 0.0835
CentroidY: 0.6921
