Location: Dedata_18.png_Gaussian-Closing.png
Component: component_1755511906148_310.png
centerX: 0.16008064516129034
centerY: 0.6736962097463665
width: 0.021774193548387097
height: 0.038472499287546306
Area: 0.0003996635379990623
CentroidX: 0.1719
CentroidY: 0.6927
