Location: Dedata_18.png_Mean-Closing.png
Component: component_1755511906663_320.png
centerX: 0.5076612903225807
centerY: 0.7312624679395839
width: 0.02258064516129032
height: 0.036477628954117984
Area: 0.00041414243558039694
CentroidX: 0.5194
CentroidY: 0.7495
