Location: Dedata_18.png_Mean-Closing.png
Component: component_1755511906669_354.png
centerX: 0.2806451612903226
centerY: 0.7931034482758621
width: 0.02258064516129032
height: 0.034482758620689655
Area: 0.00033324446814182886
CentroidX: 0.2939
CentroidY: 0.8093
