Location: Dedata_18.png_Gaussian-Median.png
Component: component_1755511906472_308.png
centerX: 0.11653225806451613
centerY: 0.6728412653177543
width: 0.025806451612903226
height: 0.04075235109717868
Area: 0.00039357320806405647
CentroidX: 0.1315
CentroidY: 0.6925
