Location: Dedata_18.png_Otsu.png
Component: component_1755511906259_80.png
centerX: 0.5608870967741936
centerY: 0.06668566543174693
width: 0.02620967741935484
height: 0.03562268452550584
Area: 0.000411844197869074
CentroidX: 0.5733
CentroidY: 0.0845
