Location: Dedata_18.png_Gaussian-Median.png
Component: component_1755511906434_132.png
centerX: 0.45120967741935486
centerY: 0.2818466799658022
width: 0.027419354838709678
height: 0.032487888287261325
Area: 0.000375302218259039
CentroidX: 0.4668
CentroidY: 0.2995
