Location: Dedata_18.png_Gaussian-Closing.png
Component: component_1755511906158_335.png
centerX: 0.10887096774193548
centerY: 0.737532060416073
width: 0.02379032258064516
height: 0.039042462239954404
Area: 0.0003931135605217919
CentroidX: 0.1226
CentroidY: 0.7563
