Location: Dedata_18.png_Otsu.png
Component: component_1755511906347_534.png
centerX: 0.9391129032258064
centerY: 0.8384155029923055
width: 0.02217741935483871
height: 0.0347677400968937
Area: 0.0003181910111326635
CentroidX: 0.9503
CentroidY: 0.8552
