Location: Dedata_18.png_Otsu.png
Component: component_1755511906314_411.png
centerX: 0.7362903225806452
centerY: 0.5448845825021373
width: 0.020161290322580645
height: 0.036477628954117984
Area: 0.0003319804374006012
CentroidX: 0.7470
CentroidY: 0.5628
