Location: Dedata_18.png_Mean-Closing.png
Component: component_1755511906606_117.png
centerX: 0.8870967741935484
centerY: 0.2755770874893132
width: 0.021774193548387097
height: 0.039612425192362494
Area: 0.0003588698186230798
CentroidX: 0.8990
CentroidY: 0.2956
