Location: Dedata_18.png_Gaussian-Closing.png
Component: component_1755511906159_337.png
centerX: 0.8419354838709677
centerY: 0.7771444856084354
width: 0.02056451612903226
height: 0.03505272157309775
Area: 0.0003297971115748444
CentroidX: 0.8528
CentroidY: 0.7939
