Location: Dedata_18.png_Gaussian-Median.png
Component: component_1755511906441_165.png
centerX: 0.09637096774193549
centerY: 0.3365631233969792
width: 0.028629032258064516
height: 0.0353377030493018
Area: 0.0003888618207558444
CentroidX: 0.1117
CentroidY: 0.3535
