Location: Dedata_18.png_Otsu.png
Component: component_1755511906282_241.png
centerX: 0.567741935483871
centerY: 0.2285551439156455
width: 0.020161290322580645
height: 0.0347677400968937
Area: 0.00026360786548874324
CentroidX: 0.5780
CentroidY: 0.2461
