Location: Dedata_18.png_Otsu.png
Component: component_1755511906296_338.png
centerX: 0.8556451612903225
centerY: 0.3733257338273012
width: 0.027419354838709678
height: 0.03419777714448561
Area: 0.0003782899272837588
CentroidX: 0.8708
CentroidY: 0.3908
