Location: Dedata_18.png_Gaussian-Closing.png
Component: component_1755511905985_125.png
centerX: 0.7274193548387097
centerY: 0.27871188372755773
width: 0.022983870967741935
height: 0.037047591906526074
Area: 0.0003805881649950818
CentroidX: 0.7396
CentroidY: 0.2976
