Location: Dedata_18.png_Gaussian-Median.png
Component: component_1755511906433_125.png
centerX: 0.7677419354838709
centerY: 0.27842690225135364
width: 0.02661290322580645
height: 0.03676261043032203
Area: 0.0003687522407817685
CentroidX: 0.7803
CentroidY: 0.2964
