Location: Dedata_18.png_Gaussian-Closing.png
Component: component_1755511906066_211.png
centerX: 0.18669354838709679
centerY: 0.4442861214021089
width: 0.028629032258064516
height: 0.033912795668281565
Area: 0.00043746954835032495
CentroidX: 0.2019
CentroidY: 0.4603
