Location: Dedata_18.png_Otsu.png
Component: component_1755511906286_261.png
centerX: 0.7274193548387097
centerY: 0.27899686520376177
width: 0.02258064516129032
height: 0.03619264747791394
Area: 0.00029877090247198447
CentroidX: 0.7395
CentroidY: 0.2973
