Location: Dedata_18.png_Gaussian-Closing.png
Component: component_1755511906138_294.png
centerX: 0.6653225806451613
centerY: 0.6688515246508977
width: 0.02661290322580645
height: 0.040467369620974636
Area: 0.0004391932266338172
CentroidX: 0.6795
CentroidY: 0.6892
