Location: Dedata_18.png_Otsu.png
Component: component_1755511906349_539.png
centerX: 0.4754032258064516
centerY: 0.8452550584212026
width: 0.024596774193548387
height: 0.03733257338273012
Area: 0.00034622951121080354
CentroidX: 0.4897
CentroidY: 0.8638
