Location: Dedata_18.png_Otsu.png
Component: component_1755511906283_249.png
centerX: 0.05403225806451613
centerY: 0.23083499572527785
width: 0.02258064516129032
height: 0.03590766600170989
Area: 0.00034209268333042225
CentroidX: 0.0661
CentroidY: 0.2498
