Location: Dedata_18.png_Gaussian-Median.png
Component: component_1755511906464_274.png
centerX: 0.5673387096774194
centerY: 0.6061555998860074
width: 0.020967741935483872
height: 0.03932744371615845
Area: 0.00041655558517728606
CentroidX: 0.5786
CentroidY: 0.6258
