Location: Dedata_18.png_Gaussian-Median.png
Component: component_1755511906460_253.png
centerX: 0.4854838709677419
centerY: 0.5514391564548304
width: 0.027419354838709678
height: 0.03505272157309775
Area: 0.00043126430652975297
CentroidX: 0.4988
CentroidY: 0.5701
