Location: Dedata_18.png_Otsu.png
Component: component_1755511906282_245.png
centerX: 0.31209677419354837
centerY: 0.22969506982046167
width: 0.02338709677419355
height: 0.036477628954117984
Area: 0.0003415181239025915
CentroidX: 0.3250
CentroidY: 0.2488
