Location: Dedata_18.png_Gaussian-Median.png
Component: component_1755511906418_60.png
centerX: 0.5479838709677419
centerY: 0.12567683100598462
width: 0.027419354838709678
height: 0.03676261043032203
Area: 0.0004239099458535195
CentroidX: 0.5618
CentroidY: 0.1434
