Location: Dedata_18.png_Gaussian-Closing.png
Component: component_1755511905963_30.png
centerX: 0.7008064516129032
centerY: 0.06269592476489028
width: 0.02379032258064516
height: 0.03419777714448561
Area: 0.00037817501539819267
CentroidX: 0.7118
CentroidY: 0.0800
