Location: Dedata_18.png_Gaussian-Closing.png
Component: component_1755511906167_368.png
centerX: 0.6310483870967742
centerY: 0.8441151325163865
width: 0.024596774193548387
height: 0.0347677400968937
Area: 0.0003749574826023405
CentroidX: 0.6438
CentroidY: 0.8622
