Location: Dedata_18.png_Otsu.png
Component: component_1755511906330_473.png
centerX: 0.20201612903225807
centerY: 0.6731262467939584
width: 0.02217741935483871
height: 0.03562268452550584
Area: 0.0003091129721729378
CentroidX: 0.2138
CentroidY: 0.6908
