Location: Dedata_18.png_Otsu.png
Component: component_1755511906317_423.png
centerX: 0.14798387096774193
centerY: 0.5579937304075235
width: 0.025806451612903226
height: 0.03733257338273012
Area: 0.00037093556660752536
CentroidX: 0.1617
CentroidY: 0.5764
