Location: Dedata_18.png_Gaussian-Closing.png
Component: component_1755511906165_360.png
centerX: 0.75
centerY: 0.8372755770874893
width: 0.02217741935483871
height: 0.03676261043032203
Area: 0.00038828726132801366
CentroidX: 0.7612
CentroidY: 0.8560
