Location: Dedata_18.png_Gaussian-Median.png
Component: component_1755511906404_12.png
centerX: 0.6366935483870968
centerY: 0.009404388714733543
width: 0.027419354838709678
height: 0.04132231404958678
Area: 0.00037679607277139887
CentroidX: 0.6508
CentroidY: 0.0303
