Location: Dedata_18.png_Otsu.png
Component: component_1755511906336_496.png
centerX: 0.3540322580645161
centerY: 0.7343972641778285
width: 0.020161290322580645
height: 0.03562268452550584
Area: 0.00029773669550188915
CentroidX: 0.3649
CentroidY: 0.7522
