Location: Dedata_18.png_Otsu.png
Component: component_1755511906302_363.png
centerX: 0.7774193548387097
centerY: 0.4377315474494158
width: 0.025403225806451612
height: 0.0353377030493018
Area: 0.00039426267937745337
CentroidX: 0.7897
CentroidY: 0.4561
