Location: Dedata_18.png_Mean-Closing.png
Component: component_1755511906645_238.png
centerX: 0.8169354838709677
centerY: 0.5434596751211171
width: 0.02217741935483871
height: 0.034482758620689655
Area: 0.0004127634929536032
CentroidX: 0.8286
CentroidY: 0.5617
