Location: Dedata_18.png_Otsu.png
Component: component_1755511906258_75.png
centerX: 0.8185483870967742
centerY: 0.06355086919350242
width: 0.02338709677419355
height: 0.036477628954117984
Area: 0.00037426801128894366
CentroidX: 0.8302
CentroidY: 0.0819
