Location: Dedata_18.png_Gaussian-Median.png
Component: component_1755511906442_168.png
centerX: 0.05766129032258065
centerY: 0.33741806782559136
width: 0.02258064516129032
height: 0.03362781419207751
Area: 0.0004010424806258561
CentroidX: 0.0692
CentroidY: 0.3551
