Location: Dedata_18.png_Mean-Closing.png
Component: component_1755511906620_160.png
centerX: 0.015725806451612902
centerY: 0.33684810487318323
width: 0.025
height: 0.03362781419207751
Area: 0.00043723972457919267
CentroidX: 0.0289
CentroidY: 0.3547
