Location: Dedata_18.png_Gaussian-Median.png
Component: component_1755511906416_53.png
centerX: 0.7987903225806452
centerY: 0.11997720148190368
width: 0.029838709677419355
height: 0.039612425192362494
Area: 0.00047056417139337554
CentroidX: 0.8128
CentroidY: 0.1398
