Location: Dedata_18.png_Mean-Closing.png
Component: component_1755511906669_352.png
centerX: 0.03669354838709677
centerY: 0.7919635223710458
width: 0.02379032258064516
height: 0.03362781419207751
Area: 0.000411844197869074
CentroidX: 0.0493
CentroidY: 0.8093
