Location: Dedata_18.png_Mean-Closing.png
Component: component_1755511906579_51.png
centerX: 0.6737903225806452
centerY: 0.12054716443431177
width: 0.025806451612903226
height: 0.04018238814477059
Area: 0.000484928157089144
CentroidX: 0.6868
CentroidY: 0.1407
