Location: Dedata_18.png_Mean-Closing.png
Component: component_1755511906657_291.png
centerX: 0.6653225806451613
centerY: 0.6688515246508977
width: 0.02661290322580645
height: 0.040467369620974636
Area: 0.00045137388650382887
CentroidX: 0.6794
CentroidY: 0.6891
