Location: Dedata_18.png_Gaussian-Median.png
Component: component_1755511906437_148.png
centerX: 0.9504032258064516
centerY: 0.32345397549159305
width: 0.022983870967741935
height: 0.031917925334853235
Area: 0.00034990669154892027
CentroidX: 0.9629
CentroidY: 0.3403
