Location: Dedata_18.png_Gaussian-Closing.png
Component: component_1755511905964_36.png
centerX: 0.46491935483870966
centerY: 0.06583072100313479
width: 0.024193548387096774
height: 0.042462239954402965
Area: 0.00040770736998869267
CentroidX: 0.4791
CentroidY: 0.0880
