Location: Paraklitoni_1720_page_10.png_Mean-Medain.png
Component: component_1755610055322_1187.png
centerX: 0.2621951219512195
centerY: 0.4280701754385965
width: 0.011432926829268292
height: 0.012531328320802004
Area: 0.00010086191087474784
CentroidX: 0.2673
CentroidY: 0.4342
