Location: Dedata_18.png_Gaussian-Median.png
Component: component_1755511906444_179.png
centerX: 0.5790322580645161
centerY: 0.38187517811342264
width: 0.02258064516129032
height: 0.038472499287546306
Area: 0.0004560852738120409
CentroidX: 0.5906
CentroidY: 0.4018
