Location: Dedata_18.png_Otsu.png
Component: component_1755511906346_529.png
centerX: 0.07661290322580645
centerY: 0.7945283556568823
width: 0.025806451612903226
height: 0.03505272157309775
Area: 0.0003280734332913522
CentroidX: 0.0913
CentroidY: 0.8110
