Location: Dedata_18.png_Mean-Closing.png
Component: component_1755511906595_95.png
centerX: 0.8951612903225806
centerY: 0.22228555143915646
width: 0.024596774193548387
height: 0.03676261043032203
Area: 0.0004074775462175604
CentroidX: 0.9073
CentroidY: 0.2411
