Location: Dedata_18.png_Gaussian-Median.png
Component: component_1755511906483_349.png
centerX: 0.6137096774193549
centerY: 0.7854089484183528
width: 0.02217741935483871
height: 0.03818751781134226
Area: 0.0003635812059312919
CentroidX: 0.6250
CentroidY: 0.8045
