Location: Dedata_18.png_Mean-Closing.png
Component: component_1755511906670_359.png
centerX: 0.9004032258064516
centerY: 0.8378455400398974
width: 0.021370967741935483
height: 0.03562268452550584
Area: 0.0003655347079859164
CentroidX: 0.9130
CentroidY: 0.8545
