Location: Dedata_18.png_Mean-Closing.png
Component: component_1755511906585_68.png
centerX: 0.14475806451612902
centerY: 0.1310914790538615
width: 0.027419354838709678
height: 0.03590766600170989
Area: 0.00041195910975464015
CentroidX: 0.1582
CentroidY: 0.1489
