Location: Dedata_18.png_Otsu.png
Component: component_1755511906349_543.png
centerX: 0.35685483870967744
centerY: 0.8478198917070391
width: 0.022983870967741935
height: 0.03562268452550584
Area: 0.0003252006361521985
CentroidX: 0.3689
CentroidY: 0.8668
