Location: Dedata_18.png_Otsu.png
Component: component_1755511906292_308.png
centerX: 0.6096774193548387
centerY: 0.3302935309204902
width: 0.02379032258064516
height: 0.030493017953833
Area: 0.00034990669154892027
CentroidX: 0.6223
CentroidY: 0.3464
