Location: Dedata_18.png_Gaussian-Median.png
Component: component_1755511906420_69.png
centerX: 0.23548387096774193
centerY: 0.13023653462524937
width: 0.025403225806451612
height: 0.03676261043032203
Area: 0.0004206924130576674
CentroidX: 0.2477
CentroidY: 0.1490
