Location: Kurtxevani_1794_page_10.png_Mean-Medain.png
Component: component_1755610055110_2602.png
centerX: 0.8170660432495617
centerY: 0.8223887174966946
width: 0.019871420222092345
height: 0.022917584839136182
Area: 0.00022744489741668446
CentroidX: 0.8270
CentroidY: 0.8332
