Location: Dedata_18.png_Otsu.png
Component: component_1755511906334_490.png
centerX: 0.5455645161290322
centerY: 0.7301225420347678
width: 0.021370967741935483
height: 0.0353377030493018
Area: 0.000320948896386251
CentroidX: 0.5573
CentroidY: 0.7477
