Location: Dedata_18.png_Gaussian-Closing.png
Component: component_1755511905965_41.png
centerX: 0.33911290322580645
centerY: 0.06868053576517526
width: 0.024596774193548387
height: 0.04274722143060701
Area: 0.0004136827880381324
CentroidX: 0.3524
CentroidY: 0.0906
