Location: Dedata_18.png_Otsu.png
Component: component_1755511906285_254.png
centerX: 0.2709677419354839
centerY: 0.23282986605870618
width: 0.02056451612903226
height: 0.03419777714448561
Area: 0.0002932551319648094
CentroidX: 0.2820
CentroidY: 0.2497
