Location: Dedata_18.png_Otsu.png
Component: component_1755511906326_454.png
centerX: 0.9193548387096774
centerY: 0.6622969506982046
width: 0.025
height: 0.03733257338273012
Area: 0.0003754171301446051
CentroidX: 0.9345
CentroidY: 0.6798
