Location: Dedata_18.png_Mean-Closing.png
Component: component_1755511906668_345.png
centerX: 0.48870967741935484
centerY: 0.7879737817041892
width: 0.021370967741935483
height: 0.03562268452550584
Area: 0.0003750723944879067
CentroidX: 0.5004
CentroidY: 0.8058
