Location: Dedata_18.png_Otsu.png
Component: component_1755511906237_2.png
centerX: 0.592741935483871
centerY: 0.007124536905101168
width: 0.02903225806451613
height: 0.0438871473354232
Area: 0.00021017383870048446
CentroidX: 0.6069
CentroidY: 0.0264
