Location: Dedata_18.png_Gaussian-Median.png
Component: component_1755511906404_9.png
centerX: 0.3471774193548387
centerY: 0.007979481333713309
width: 0.03387096774193549
height: 0.04531205471644343
Area: 0.0004257485360225779
CentroidX: 0.3653
CentroidY: 0.0306
