Location: Dedata_18.png_Gaussian-Median.png
Component: component_1755511906451_213.png
centerX: 0.18669354838709679
centerY: 0.4442861214021089
width: 0.028629032258064516
height: 0.033912795668281565
Area: 0.00043861866720598647
CentroidX: 0.2019
CentroidY: 0.4603
