Location: Dedata_18.png_Mean-Closing.png
Component: component_1755511906559_23.png
centerX: 0.925
centerY: 0.01396409233399829
width: 0.024596774193548387
height: 0.03505272157309775
Area: 0.00036139788010553506
CentroidX: 0.9381
CentroidY: 0.0321
