Location: Dedata_18.png_Gaussian-Median.png
Component: component_1755511906461_258.png
centerX: 0.14758064516129032
centerY: 0.5574237674551155
width: 0.02661290322580645
height: 0.03818751781134226
Area: 0.0004195432942020059
CentroidX: 0.1616
CentroidY: 0.5765
