Location: Dedata_18.png_Otsu.png
Component: component_1755511906286_263.png
centerX: 0.6516129032258065
centerY: 0.2798518096323739
width: 0.02338709677419355
height: 0.03590766600170989
Area: 0.00029750687173075687
CentroidX: 0.6629
CentroidY: 0.2970
