Location: Dedata_18.png_Gaussian-Median.png
Component: component_1755511906410_32.png
centerX: 0.6088709677419355
centerY: 0.06355086919350242
width: 0.02379032258064516
height: 0.03590766600170989
Area: 0.0004097757839288833
CentroidX: 0.6203
CentroidY: 0.0819
