Location: Dedata_18.png_Gaussian-Median.png
Component: component_1755511906460_252.png
centerX: 0.5294354838709677
centerY: 0.5508691935024224
width: 0.022983870967741935
height: 0.03505272157309775
Area: 0.00036335138216015957
CentroidX: 0.5419
CentroidY: 0.5681
