Location: Dedata_18.png_Mean-Closing.png
Component: component_1755511906671_365.png
centerX: 0.6310483870967742
centerY: 0.8441151325163865
width: 0.025
height: 0.0347677400968937
Area: 0.00039391794372075495
CentroidX: 0.6439
CentroidY: 0.8622
