Location: Dedata_18.png_Gaussian-Median.png
Component: component_1755511906451_212.png
centerX: 0.2717741935483871
centerY: 0.44314619549729267
width: 0.02661290322580645
height: 0.03305785123966942
Area: 0.00042172662002776273
CentroidX: 0.2855
CentroidY: 0.4590
