Location: Dedata_18.png_Gaussian-Median.png
Component: component_1755511906454_224.png
centerX: 0.8709677419354839
centerY: 0.49130806497577656
width: 0.02379032258064516
height: 0.03505272157309775
Area: 0.0003785197510548911
CentroidX: 0.8825
CentroidY: 0.5095
