Location: Dedata_18.png_Gaussian-Median.png
Component: component_1755511906439_159.png
centerX: 0.49435483870967745
centerY: 0.33371330863493875
width: 0.022983870967741935
height: 0.03277286976346538
Area: 0.0003526645768025078
CentroidX: 0.5066
CentroidY: 0.3496
