Location: Dedata_18.png_Gaussian-Median.png
Component: component_1755511906466_286.png
centerX: 0.11008064516129032
centerY: 0.6141350812197207
width: 0.024596774193548387
height: 0.04160729552579082
Area: 0.0004761948537861168
CentroidX: 0.1232
CentroidY: 0.6346
