Location: Dedata_18.png_Mean-Closing.png
Component: component_1755511906618_149.png
centerX: 0.6838709677419355
centerY: 0.33000854944428615
width: 0.021370967741935483
height: 0.03505272157309775
Area: 0.0003983995072578347
CentroidX: 0.6949
CentroidY: 0.3478
