Location: Dedata_18.png_Gaussian-Median.png
Component: component_1755511906429_107.png
centerX: 0.6072580645161291
centerY: 0.22884012539184953
width: 0.02217741935483871
height: 0.03590766600170989
Area: 0.0003559970214839261
CentroidX: 0.6194
CentroidY: 0.2460
