Location: Dedata_18.png_Otsu.png
Component: component_1755511906291_305.png
centerX: 0.7556451612903226
centerY: 0.32715873468224566
width: 0.02338709677419355
height: 0.03305785123966942
Area: 0.00034910230834995723
CentroidX: 0.7681
CentroidY: 0.3438
