Location: Dedata_18.png_Otsu.png
Component: component_1755511906261_88.png
centerX: 0.016935483870967744
centerY: 0.07124536905101168
width: 0.022983870967741935
height: 0.03761755485893417
Area: 0.0002352246297539047
CentroidX: 0.0302
CentroidY: 0.0916
