Location: Dedata_18.png_Otsu.png
Component: component_1755511906269_195.png
centerX: 0.018548387096774192
centerY: 0.12453690510116842
width: 0.021370967741935483
height: 0.03562268452550584
Area: 0.0003749574826023405
CentroidX: 0.0299
CentroidY: 0.1434
