Location: Dedata_18.png_Gaussian-Closing.png
Component: component_1755511905976_91.png
centerX: 0.39153225806451614
centerY: 0.17725847819891707
width: 0.027822580645161292
height: 0.04103733257338273
Area: 0.0004645887533439359
CentroidX: 0.4043
CentroidY: 0.1973
