Location: Dedata_18.png_Mean-Closing.png
Component: component_1755511906616_142.png
centerX: 0.9133064516129032
centerY: 0.3237389569677971
width: 0.020967741935483872
height: 0.03163294385864919
Area: 0.0003732338043188483
CentroidX: 0.9240
CentroidY: 0.3399
