Location: Dedata_18.png_Gaussian-Closing.png
Component: component_1755511906118_252.png
centerX: 0.39556451612903226
centerY: 0.5537190082644629
width: 0.025403225806451612
height: 0.037047591906526074
Area: 0.0004267827429926732
CentroidX: 0.4089
CentroidY: 0.5728
