Location: Dedata_18.png_Otsu.png
Component: component_1755511906345_525.png
centerX: 0.037096774193548385
centerY: 0.792533485323454
width: 0.022983870967741935
height: 0.03277286976346538
Area: 0.0003405988288180623
CentroidX: 0.0493
CentroidY: 0.8092
