Location: Dedata_18.png_Gaussian-Closing.png
Component: component_1755511906157_333.png
centerX: 0.07096774193548387
centerY: 0.7363921345112567
width: 0.021774193548387097
height: 0.03619264747791394
Area: 0.0003713952141497899
CentroidX: 0.0827
CentroidY: 0.7546
