Location: Dedata_18.png_Mean-Closing.png
Component: component_1755511906551_6.png
centerX: 0.4346774193548387
centerY: 0.007694499857509262
width: 0.03064516129032258
height: 0.038472499287546306
Area: 0.00038725305435791834
CentroidX: 0.4500
CentroidY: 0.0268
