Location: Dedata_18.png_Gaussian-Median.png
Component: component_1755511906413_39.png
centerX: 0.37983870967741934
centerY: 0.06782559133656313
width: 0.027419354838709678
height: 0.04103733257338273
Area: 0.0004143722593515292
CentroidX: 0.3949
CentroidY: 0.0892
