Location: Dedata_18.png_Mean-Closing.png
Component: component_1755511906647_248.png
centerX: 0.39556451612903226
centerY: 0.5537190082644629
width: 0.025806451612903226
height: 0.037047591906526074
Area: 0.00044539846845438916
CentroidX: 0.4089
CentroidY: 0.5727
