Location: Dedata_18.png_Otsu.png
Component: component_1755511906297_341.png
centerX: 0.7338709677419355
centerY: 0.377885437446566
width: 0.025403225806451612
height: 0.03761755485893417
Area: 0.0003919644416661304
CentroidX: 0.7468
CentroidY: 0.3970
