Location: Dedata_18.png_Mean-Closing.png
Component: component_1755511906662_317.png
centerX: 0.6915322580645161
centerY: 0.7272727272727273
width: 0.02620967741935484
height: 0.0353377030493018
Area: 0.000392424089208395
CentroidX: 0.7065
CentroidY: 0.7449
