Location: Dedata_18.png_Gaussian-Closing.png
Component: component_1755511906078_225.png
centerX: 0.5935483870967742
centerY: 0.493872898261613
width: 0.02943548387096774
height: 0.03562268452550584
Area: 0.00041414243558039694
CentroidX: 0.6080
CentroidY: 0.5100
