Location: Dedata_18.png_Gaussian-Median.png
Component: component_1755511906450_208.png
centerX: 0.5350806451612903
centerY: 0.4408663436876603
width: 0.024193548387096774
height: 0.03562268452550584
Area: 0.0004376993721214573
CentroidX: 0.5468
CentroidY: 0.4596
