Location: Dedata_18.png_Mean-Closing.png
Component: component_1755511906617_146.png
centerX: 0.717741935483871
centerY: 0.32772869763465373
width: 0.024596774193548387
height: 0.03277286976346538
Area: 0.0003940328556063211
CentroidX: 0.7314
CentroidY: 0.3445
