Location: Dedata_18.png_Gaussian-Median.png
Component: component_1755511906427_99.png
centerX: 0.8080645161290323
centerY: 0.2231404958677686
width: 0.02661290322580645
height: 0.039612425192362494
Area: 0.00039495215069085027
CentroidX: 0.8213
CentroidY: 0.2429
