Location: Dedata_18.png_Mean-Closing.png
Component: component_1755511906660_305.png
centerX: 0.028225806451612902
centerY: 0.6736962097463665
width: 0.025806451612903226
height: 0.03676261043032203
Area: 0.0004285064212761654
CentroidX: 0.0415
CentroidY: 0.6926
