Location: Dedata_18.png_Otsu.png
Component: component_1755511906279_230.png
centerX: 0.4737903225806452
centerY: 0.1792533485323454
width: 0.024596774193548387
height: 0.03818751781134226
Area: 0.00036990135963743003
CentroidX: 0.4875
CentroidY: 0.1984
