Location: Dedata_18.png_Gaussian-Median.png
Component: component_1755511906406_22.png
centerX: 0.8435483870967742
centerY: 0.01310914790538615
width: 0.02620967741935484
height: 0.036477628954117984
Area: 0.00032336204598314015
CentroidX: 0.8579
CentroidY: 0.0321
