Location: Dedata_18.png_Otsu.png
Component: component_1755511906284_253.png
centerX: 0.09596774193548387
centerY: 0.2322599031062981
width: 0.025403225806451612
height: 0.034482758620689655
Area: 0.00031359453571001757
CentroidX: 0.1103
CentroidY: 0.2494
