Location: Dedata_18.png_Gaussian-Closing.png
Component: component_1755511905992_155.png
centerX: 0.5310483870967742
centerY: 0.3331433456825306
width: 0.021774193548387097
height: 0.03134796238244514
Area: 0.000353583871887037
CentroidX: 0.5424
CentroidY: 0.3490
