Location: Dedata_18.png_Gaussian-Median.png
Component: component_1755511906404_10.png
centerX: 0.3951612903225806
centerY: 0.008264462809917356
width: 0.02943548387096774
height: 0.03505272157309775
Area: 0.0003470338944097666
CentroidX: 0.4096
CentroidY: 0.0258
