Location: Dedata_18.png_Gaussian-Closing.png
Component: component_1755511906154_327.png
centerX: 0.27056451612903226
centerY: 0.7341122827016244
width: 0.02379032258064516
height: 0.036477628954117984
Area: 0.000358984730508646
CentroidX: 0.2838
CentroidY: 0.7523
