Location: Dedata_18.png_Otsu.png
Component: component_1755511906310_399.png
centerX: 0.1596774193548387
centerY: 0.49957252778569394
width: 0.031451612903225803
height: 0.03761755485893417
Area: 0.0004205775011721012
CentroidX: 0.1748
CentroidY: 0.5182
