Location: Dedata_18.png_Otsu.png
Component: component_1755511906311_401.png
centerX: 0.3310483870967742
centerY: 0.500142490738102
width: 0.02661290322580645
height: 0.034482758620689655
Area: 0.00035450316697156623
CentroidX: 0.3469
CentroidY: 0.5168
