Location: Dedata_18.png_Gaussian-Median.png
Component: component_1755511906449_203.png
centerX: 0.49556451612903224
centerY: 0.4397264177828441
width: 0.02338709677419355
height: 0.037047591906526074
Area: 0.00041345296426700004
CentroidX: 0.5085
CentroidY: 0.4581
