Location: Dedata_18.png_Gaussian-Median.png
Component: component_1755511906413_40.png
centerX: 0.33911290322580645
centerY: 0.06868053576517526
width: 0.024596774193548387
height: 0.04274722143060701
Area: 0.00041345296426700004
CentroidX: 0.3524
CentroidY: 0.0905
