Location: Dedata_18.png_Mean-Closing.png
Component: component_1755511906584_62.png
centerX: 0.28024193548387094
centerY: 0.12881162724422912
width: 0.02379032258064516
height: 0.03875748076375036
Area: 0.00044539846845438916
CentroidX: 0.2914
CentroidY: 0.1480
