Location: Dedata_18.png_Otsu.png
Component: component_1755511906292_307.png
centerX: 0.6483870967741936
centerY: 0.32972356796808205
width: 0.02338709677419355
height: 0.02963807352522086
Area: 0.00032267257466974325
CentroidX: 0.6610
CentroidY: 0.3452
