Location: Dedata_18.png_Mean-Closing.png
Component: component_1755511906632_202.png
centerX: 0.5350806451612903
centerY: 0.4408663436876603
width: 0.024193548387096774
height: 0.03562268452550584
Area: 0.00045654492135430554
CentroidX: 0.5467
CentroidY: 0.4596
