Location: Dedata_18.png_Gaussian-Median.png
Component: component_1755511906445_184.png
centerX: 0.41854838709677417
centerY: 0.384155029923055
width: 0.021774193548387097
height: 0.0353377030493018
Area: 0.0004019617757103853
CentroidX: 0.4297
CentroidY: 0.4026
