Location: Dedata_18.png_Mean-Closing.png
Component: component_1755511906649_254.png
centerX: 0.19233870967741937
centerY: 0.5579937304075235
width: 0.028629032258064516
height: 0.03362781419207751
Area: 0.0004303450114452238
CentroidX: 0.2073
CentroidY: 0.5746
