Location: Dedata_18.png_Gaussian-Closing.png
Component: component_1755511905977_95.png
centerX: 0.47338709677419355
centerY: 0.1792533485323454
width: 0.025
height: 0.038472499287546306
Area: 0.00041483190689379384
CentroidX: 0.4873
CentroidY: 0.1986
