Location: Dedata_18.png_Gaussian-Median.png
Component: component_1755511906492_387.png
centerX: 0.39475806451612905
centerY: 0.8515246508976917
width: 0.024596774193548387
height: 0.032487888287261325
Area: 0.00037311889243328214
CentroidX: 0.4078
CentroidY: 0.8674
