Location: Dedata_18.png_Mean-Closing.png
Component: component_1755511906567_42.png
centerX: 0.06532258064516129
centerY: 0.07096038757480763
width: 0.02258064516129032
height: 0.04132231404958678
Area: 0.0004171301446051168
CentroidX: 0.0784
CentroidY: 0.0918
