Location: Dedata_18.png_Otsu.png
Component: component_1755511906333_486.png
centerX: 0.6616935483870968
centerY: 0.7272727272727273
width: 0.01975806451612903
height: 0.037047591906526074
Area: 0.0003035972016657627
CentroidX: 0.6725
CentroidY: 0.7456
