Location: Dedata_18.png_Gaussian-Median.png
Component: component_1755511906456_237.png
centerX: 0.11129032258064517
centerY: 0.500142490738102
width: 0.029838709677419355
height: 0.03875748076375036
Area: 0.00047630976567168297
CentroidX: 0.1261
CentroidY: 0.5201
