Location: Dedata_18.png_Mean-Closing.png
Component: component_1755511906655_282.png
centerX: 0.3193548387096774
centerY: 0.6149900256483328
width: 0.02379032258064516
height: 0.03419777714448561
Area: 0.00040115739251142226
CentroidX: 0.3323
CentroidY: 0.6324
