Location: Dedata_18.png_Gaussian-Median.png
Component: component_1755511906436_139.png
centerX: 0.37298387096774194
centerY: 0.2846964947278427
width: 0.024596774193548387
height: 0.03277286976346538
Area: 0.00029946037378538137
CentroidX: 0.3871
CentroidY: 0.3004
