Location: Dedata_18.png_Otsu.png
Component: component_1755511906298_344.png
centerX: 0.49516129032258066
centerY: 0.3824451410658307
width: 0.02661290322580645
height: 0.037902536335138216
Area: 0.0004301151876740915
CentroidX: 0.5086
CentroidY: 0.4014
