Location: Dedata_18.png_Mean-Closing.png
Component: component_1755511906649_257.png
centerX: 0.06532258064516129
centerY: 0.5599886007409518
width: 0.021774193548387097
height: 0.036477628954117984
Area: 0.00039679074085990863
CentroidX: 0.0774
CentroidY: 0.5786
