Location: Dedata_18.png_Mean-Closing.png
Component: component_1755511906653_273.png
centerX: 0.19475806451612904
centerY: 0.6118552294100883
width: 0.025403225806451612
height: 0.03305785123966942
Area: 0.0004325283372709806
CentroidX: 0.2075
CentroidY: 0.6293
