Location: Dedata_18.png_Otsu.png
Component: component_1755511906320_432.png
centerX: 0.8040322580645162
centerY: 0.6033057851239669
width: 0.021774193548387097
height: 0.04018238814477059
Area: 0.0003618575276477997
CentroidX: 0.8150
CentroidY: 0.6237
