Location: Dedata_18.png_Gaussian-Closing.png
Component: component_1755511905971_65.png
centerX: 0.3233870967741935
centerY: 0.12909660872043316
width: 0.028629032258064516
height: 0.038472499287546306
Area: 0.00047102381893564016
CentroidX: 0.3371
CentroidY: 0.1475
