Location: Dedata_18.png_Otsu.png
Component: component_1755511906288_273.png
centerX: 0.19838709677419356
centerY: 0.28441151325163866
width: 0.02217741935483871
height: 0.03875748076375036
Area: 0.00032566028369446307
CentroidX: 0.2106
CentroidY: 0.3033
