Location: Dedata_18.png_Mean-Closing.png
Component: component_1755511906646_243.png
centerX: 0.6133064516129032
centerY: 0.54858934169279
width: 0.025403225806451612
height: 0.03562268452550584
Area: 0.00040828192941652343
CentroidX: 0.6270
CentroidY: 0.5654
