Location: Dedata_18.png_Gaussian-Closing.png
Component: component_1755511906115_245.png
centerX: 0.6959677419354838
centerY: 0.5457395269307495
width: 0.021774193548387097
height: 0.03362781419207751
Area: 0.0003604785850210059
CentroidX: 0.7075
CentroidY: 0.5628
