Location: Dedata_18.png_Gaussian-Median.png
Component: component_1755511906403_7.png
centerX: 0.4346774193548387
centerY: 0.007694499857509262
width: 0.03064516129032258
height: 0.038472499287546306
Area: 0.0003717399498064884
CentroidX: 0.4499
CentroidY: 0.0269
