Location: Dedata_18.png_Otsu.png
Component: component_1755511906302_362.png
centerX: 0.9455645161290323
centerY: 0.4371615844970077
width: 0.021774193548387097
height: 0.03676261043032203
Area: 0.00034691898252420044
CentroidX: 0.9573
CentroidY: 0.4559
