Location: Dedata_18.png_Gaussian-Closing.png
Component: component_1755511905994_165.png
centerX: 0.09637096774193549
centerY: 0.33684810487318323
width: 0.028629032258064516
height: 0.03505272157309775
Area: 0.0003904705871537705
CentroidX: 0.1117
CentroidY: 0.3535
