Location: Dedata_18.png_Mean-Closing.png
Component: component_1755511906660_304.png
centerX: 0.3161290322580645
centerY: 0.6731262467939584
width: 0.02258064516129032
height: 0.034482758620689655
Area: 0.0003977100359444378
CentroidX: 0.3287
CentroidY: 0.6906
