Location: Dedata_18.png_Otsu.png
Component: component_1755511906296_324.png
centerX: 0.3443548387096774
centerY: 0.34055286406383584
width: 0.01975806451612903
height: 0.030493017953833
Area: 0.0002460263469971226
CentroidX: 0.3544
CentroidY: 0.3557
