Location: Dedata_18.png_Otsu.png
Component: component_1755511906350_546.png
centerX: 0.11088709677419355
centerY: 0.8489598176118552
width: 0.02056451612903226
height: 0.03619264747791394
Area: 0.0003424374189871207
CentroidX: 0.1218
CentroidY: 0.8666
