Location: Dedata_18.png_Gaussian-Median.png
Component: component_1755511906443_177.png
centerX: 0.6983870967741935
centerY: 0.3804502707324024
width: 0.022983870967741935
height: 0.03619264747791394
Area: 0.0004297704520173931
CentroidX: 0.7101
CentroidY: 0.3986
