Location: Dedata_18.png_Gaussian-Median.png
Component: component_1755511906448_199.png
centerX: 0.8149193548387097
centerY: 0.43744656597321174
width: 0.024193548387096774
height: 0.03590766600170989
Area: 0.00039483723880528413
CentroidX: 0.8278
CentroidY: 0.4557
