Location: Dedata_18.png_Gaussian-Closing.png
Component: component_1755511905959_10.png
centerX: 0.3471774193548387
centerY: 0.008264462809917356
width: 0.03387096774193549
height: 0.045027073240239385
Area: 0.000425863447908144
CentroidX: 0.3653
CentroidY: 0.0306
