Location: Dedata_18.png_Otsu.png
Component: component_1755511906294_318.png
centerX: 0.38306451612903225
centerY: 0.33627814192077515
width: 0.02258064516129032
height: 0.03277286976346538
Area: 0.0002853262118607452
CentroidX: 0.3948
CentroidY: 0.3533
