Location: Dedata_18.png_Gaussian-Closing.png
Component: component_1755511906005_179.png
centerX: 0.6532258064516129
centerY: 0.3824451410658307
width: 0.03024193548387097
height: 0.03562268452550584
Area: 0.000477114148870646
CentroidX: 0.6688
CentroidY: 0.3999
