Location: Dedata_18.png_Otsu.png
Component: component_1755511906347_535.png
centerX: 0.7891129032258064
centerY: 0.8398404103733257
width: 0.020161290322580645
height: 0.0353377030493018
Area: 0.0003107217385708639
CentroidX: 0.7995
CentroidY: 0.8575
