Location: Dedata_18.png_Mean-Closing.png
Component: component_1755511906647_244.png
centerX: 0.5741935483870968
centerY: 0.549159304645198
width: 0.01975806451612903
height: 0.0347677400968937
Area: 0.00038771270190018296
CentroidX: 0.5843
CentroidY: 0.5662
