Location: Dedata_18.png_Gaussian-Median.png
Component: component_1755511906477_326.png
centerX: 0.5076612903225807
centerY: 0.7309774864633799
width: 0.02258064516129032
height: 0.037047591906526074
Area: 0.0003983995072578347
CentroidX: 0.5193
CentroidY: 0.7496
