Location: Dedata_18.png_Otsu.png
Component: component_1755511906247_10.png
centerX: 0.16088709677419355
centerY: 0.009974351667141636
width: 0.031451612903225803
height: 0.03875748076375036
Area: 0.0003278436095202199
CentroidX: 0.1770
CentroidY: 0.0299
