Location: Dedata_18.png_Gaussian-Median.png
Component: component_1755511906409_27.png
centerX: 0.8612903225806452
centerY: 0.06184098033627814
width: 0.02056451612903226
height: 0.033912795668281565
Area: 0.000388517085099146
CentroidX: 0.8718
CentroidY: 0.0794
