Location: Dedata_18.png_Gaussian-Closing.png
Component: component_1755511905959_12.png
centerX: 0.30443548387096775
centerY: 0.009404388714733543
width: 0.027419354838709678
height: 0.04018238814477059
Area: 0.00035772069976741834
CentroidX: 0.3182
CentroidY: 0.0298
