Location: Dedata_18.png_Gaussian-Closing.png
Component: component_1755511906130_276.png
centerX: 0.19475806451612904
centerY: 0.6115702479338843
width: 0.025403225806451612
height: 0.03334283271587347
Area: 0.0004147169950082277
CentroidX: 0.2075
CentroidY: 0.6292
