Location: Dedata_18.png_Mean-Closing.png
Component: component_1755511906668_350.png
centerX: 0.2028225806451613
centerY: 0.7913935594186378
width: 0.02620967741935484
height: 0.039042462239954404
Area: 0.0004096608720433172
CentroidX: 0.2173
CentroidY: 0.8111
