Location: Dedata_18.png_Mean-Closing.png
Component: component_1755511906618_153.png
centerX: 0.49435483870967745
centerY: 0.33371330863493875
width: 0.022983870967741935
height: 0.032487888287261325
Area: 0.0003619724395333658
CentroidX: 0.5067
CentroidY: 0.3496
