Location: Dedata_18.png_Mean-Closing.png
Component: component_1755511906632_201.png
centerX: 0.45241935483870965
centerY: 0.44029638073525224
width: 0.025403225806451612
height: 0.0347677400968937
Area: 0.0004228757388834242
CentroidX: 0.4666
CentroidY: 0.4574
