Location: Dedata_18.png_Gaussian-Closing.png
Component: component_1755511906159_338.png
centerX: 0.8774193548387097
centerY: 0.7768595041322314
width: 0.022983870967741935
height: 0.036477628954117984
Area: 0.0004034556302227452
CentroidX: 0.8891
CentroidY: 0.7957
