Location: Dedata_18.png_Gaussian-Median.png
Component: component_1755511906449_200.png
centerX: 0.8524193548387097
centerY: 0.4380165289256198
width: 0.03064516129032258
height: 0.034482758620689655
Area: 0.0004560852738120409
CentroidX: 0.8681
CentroidY: 0.4551
