Location: Dedata_18.png_Gaussian-Median.png
Component: component_1755511906407_24.png
centerX: 0.9245967741935484
centerY: 0.01396409233399829
width: 0.025
height: 0.03505272157309775
Area: 0.0003439312734994806
CentroidX: 0.9380
CentroidY: 0.0323
