Location: Dedata_18.png_Gaussian-Closing.png
Component: component_1755511906010_182.png
centerX: 0.41854838709677417
centerY: 0.384155029923055
width: 0.021774193548387097
height: 0.0353377030493018
Area: 0.00040207668759595144
CentroidX: 0.4297
CentroidY: 0.4026
