Location: Dedata_18.png_Otsu.png
Component: component_1755511906323_445.png
centerX: 0.4346774193548387
centerY: 0.6127101738387005
width: 0.02338709677419355
height: 0.036477628954117984
Area: 0.000320948896386251
CentroidX: 0.4484
CentroidY: 0.6304
