Location: Dedata_18.png_Gaussian-Closing.png
Component: component_1755511905960_16.png
centerX: 0.16008064516129034
centerY: 0.009974351667141636
width: 0.032661290322580645
height: 0.039042462239954404
Area: 0.00043448183932560513
CentroidX: 0.1765
CentroidY: 0.0298
