Location: Dedata_18.png_Mean-Closing.png
Component: component_1755511906616_143.png
centerX: 0.7919354838709678
centerY: 0.3257338273012254
width: 0.025403225806451612
height: 0.03419777714448561
Area: 0.0004094310482721849
CentroidX: 0.8054
CentroidY: 0.3437
