Location: Dedata_18.png_Otsu.png
Component: component_1755511906341_515.png
centerX: 0.614516129032258
centerY: 0.7856939298945569
width: 0.020967741935483872
height: 0.03733257338273012
Area: 0.00031244541685435605
CentroidX: 0.6250
CentroidY: 0.8042
