Location: Dedata_18.png_Gaussian-Median.png
Component: component_1755511906485_359.png
centerX: 0.03669354838709677
centerY: 0.7922485038472499
width: 0.02379032258064516
height: 0.03334283271587347
Area: 0.0003848399047610292
CentroidX: 0.0493
CentroidY: 0.8092
