Location: Dedata_18.png_Gaussian-Median.png
Component: component_1755511906491_384.png
centerX: 0.14838709677419354
centerY: 0.8500997435166714
width: 0.02379032258064516
height: 0.03562268452550584
Area: 0.00038392060967650004
CentroidX: 0.1615
CentroidY: 0.8678
