Location: Dedata_18.png_Gaussian-Median.png
Component: component_1755511906431_114.png
centerX: 0.053629032258064514
centerY: 0.23055001424907381
width: 0.02338709677419355
height: 0.036477628954117984
Area: 0.0003888618207558444
CentroidX: 0.0661
CentroidY: 0.2500
