Location: Dedata_18.png_Mean-Closing.png
Component: component_1755511906608_119.png
centerX: 0.9298387096774193
centerY: 0.2761470504417213
width: 0.02620967741935484
height: 0.0347677400968937
Area: 0.00044080199303174326
CentroidX: 0.9440
CentroidY: 0.2942
