Location: Dedata_18.png_Otsu.png
Component: component_1755511906268_191.png
centerX: 0.7209677419354839
centerY: 0.12140210886292391
width: 0.024193548387096774
height: 0.03761755485893417
Area: 0.00039288373675065957
CentroidX: 0.7321
CentroidY: 0.1405
