Location: Dedata_18.png_Mean-Closing.png
Component: component_1755511906552_9.png
centerX: 0.39475806451612905
centerY: 0.008264462809917356
width: 0.029838709677419355
height: 0.03505272157309775
Area: 0.0003707057428363931
CentroidX: 0.4095
CentroidY: 0.0259
