Location: Dedata_18.png_Otsu.png
Component: component_1755511906318_427.png
centerX: 0.02620967741935484
centerY: 0.5602735822171558
width: 0.02258064516129032
height: 0.03220290681105728
Area: 0.00036518997232921793
CentroidX: 0.0386
CentroidY: 0.5769
