Location: Dedata_18.png_Otsu.png
Component: component_1755511906338_502.png
centerX: 0.19556451612903225
centerY: 0.7363921345112567
width: 0.018548387096774192
height: 0.034482758620689655
Area: 0.00028429200489064985
CentroidX: 0.2058
CentroidY: 0.7531
