Location: Dedata_18.png_Mean-Closing.png
Component: component_1755511906645_236.png
centerX: 0.7745967741935483
centerY: 0.542604730692505
width: 0.02258064516129032
height: 0.040467369620974636
Area: 0.00044218093565853706
CentroidX: 0.7857
CentroidY: 0.5625
