Location: Dedata_18.png_Otsu.png
Component: component_1755511906308_387.png
centerX: 0.8713709677419355
centerY: 0.4915930464519806
width: 0.02338709677419355
height: 0.034482758620689655
Area: 0.0003392198861912685
CentroidX: 0.8826
CentroidY: 0.5096
