Location: Dedata_18.png_Gaussian-Closing.png
Component: component_1755511906026_199.png
centerX: 0.4032258064516129
centerY: 0.439156454830436
width: 0.02943548387096774
height: 0.037047591906526074
Area: 0.00045757912832440086
CentroidX: 0.4185
CentroidY: 0.4571
