Location: Dedata_18.png_Gaussian-Median.png
Component: component_1755511906427_95.png
centerX: 0.3532258064516129
centerY: 0.17896836705614136
width: 0.020967741935483872
height: 0.03932744371615845
Area: 0.0004051793085062374
CentroidX: 0.3643
CentroidY: 0.1992
