Location: Dedata_18.png_Otsu.png
Component: component_1755511906303_369.png
centerX: 0.6540322580645161
centerY: 0.44001139925904814
width: 0.02661290322580645
height: 0.03362781419207751
Area: 0.0003798986936816849
CentroidX: 0.6670
CentroidY: 0.4576
