Location: Dedata_18.png_Gaussian-Closing.png
Component: component_1755511906172_379.png
centerX: 0.43266129032258066
centerY: 0.8486748361356512
width: 0.025403225806451612
height: 0.0353377030493018
Area: 0.0003952968863475487
CentroidX: 0.4463
CentroidY: 0.8665
