Location: Dedata_18.png_Otsu.png
Component: component_1755511906299_350.png
centerX: 0.37943548387096776
centerY: 0.3850099743516671
width: 0.025
height: 0.031917925334853235
Area: 0.00039483723880528413
CentroidX: 0.3931
CentroidY: 0.4014
