Location: Dedata_18.png_Otsu.png
Component: component_1755511906334_488.png
centerX: 0.5814516129032258
centerY: 0.7278426902251354
width: 0.024596774193548387
height: 0.037902536335138216
Area: 0.0003181910111326635
CentroidX: 0.5972
CentroidY: 0.7461
