Location: Dedata_18.png_Gaussian-Median.png
Component: component_1755511906453_221.png
centerX: 0.6774193548387096
centerY: 0.4915930464519806
width: 0.022983870967741935
height: 0.03818751781134226
Area: 0.00041218893352577244
CentroidX: 0.6892
CentroidY: 0.5107
