Location: Dedata_18.png_Otsu.png
Component: component_1755511906333_485.png
centerX: 0.8540322580645161
centerY: 0.7232829866058706
width: 0.02056451612903226
height: 0.03505272157309775
Area: 0.00030463140863585804
CentroidX: 0.8645
CentroidY: 0.7414
