Location: Dedata_18.png_Gaussian-Closing.png
Component: component_1755511906020_190.png
centerX: 0.09475806451612903
centerY: 0.39355941863778854
width: 0.02620967741935484
height: 0.030208036477628954
Area: 0.0003894363801836752
CentroidX: 0.1091
CentroidY: 0.4090
