Location: Dedata_18.png_Gaussian-Median.png
Component: component_1755511906435_134.png
centerX: 0.28830645161290325
centerY: 0.2827016243944144
width: 0.027822580645161292
height: 0.04274722143060701
Area: 0.0003897811158403736
CentroidX: 0.3035
CentroidY: 0.3038
