Location: Dedata_18.png_Gaussian-Closing.png
Component: component_1755511906130_275.png
centerX: 0.23669354838709677
centerY: 0.6104303220290681
width: 0.025
height: 0.034482758620689655
Area: 0.00041322314049586776
CentroidX: 0.2500
CentroidY: 0.6285
