Location: Dedata_18.png_Otsu.png
Component: component_1755511906288_270.png
centerX: 0.5008064516129033
centerY: 0.28213166144200624
width: 0.021774193548387097
height: 0.03362781419207751
Area: 0.0003132498000533191
CentroidX: 0.5121
CentroidY: 0.2994
