Location: Dedata_18.png_Gaussian-Median.png
Component: component_1755511906403_8.png
centerX: 0.2508064516129032
centerY: 0.008264462809917356
width: 0.03064516129032258
height: 0.04132231404958678
Area: 0.00044045725737504483
CentroidX: 0.2669
CentroidY: 0.0293
