Location: Dedata_18.png_Gaussian-Median.png
Component: component_1755511906461_256.png
centerX: 0.2721774193548387
centerY: 0.5562838415502992
width: 0.027016129032258064
height: 0.03619264747791394
Area: 0.0004298853639029592
CentroidX: 0.2859
CentroidY: 0.5757
