Location: Kurtxevani_1794_page_10.png_Mean-Medain.png
Component: component_1755610055117_2708.png
centerX: 0.7130333138515488
centerY: 0.8567650947553989
width: 0.018702513150204558
height: 0.02247686205376818
Area: 0.00020091395241790926
CentroidX: 0.7223
CentroidY: 0.8671
