Location: Dedata_18.png_Mean-Closing.png
Component: component_1755511906584_64.png
centerX: 0.3689516129032258
centerY: 0.12909660872043316
width: 0.02943548387096774
height: 0.037902536335138216
Area: 0.0005041184419786907
CentroidX: 0.3840
CentroidY: 0.1480
