Location: Dedata_18.png_Mean-Closing.png
Component: component_1755511906601_107.png
centerX: 0.18024193548387096
centerY: 0.2299800512966657
width: 0.024596774193548387
height: 0.03676261043032203
Area: 0.0004104652552422802
CentroidX: 0.1932
CentroidY: 0.2481
