Location: Dedata_18.png_Gaussian-Closing.png
Component: component_1755511906018_187.png
centerX: 0.26491935483870965
centerY: 0.3887147335423197
width: 0.021774193548387097
height: 0.03733257338273012
Area: 0.00040736263433199425
CentroidX: 0.2765
CentroidY: 0.4073
