Location: Dedata_18.png_Gaussian-Median.png
Component: component_1755511906467_287.png
centerX: 0.025403225806451612
centerY: 0.6147050441721288
width: 0.022983870967741935
height: 0.036477628954117984
Area: 0.0004154064663216246
CentroidX: 0.0381
CentroidY: 0.6333
