Location: Dedata_18.png_Gaussian-Closing.png
Component: component_1755511905960_15.png
centerX: 0.1125
centerY: 0.009974351667141636
width: 0.027419354838709678
height: 0.03761755485893417
Area: 0.0003681776813539378
CentroidX: 0.1279
CentroidY: 0.0300
