Location: Dedata_18.png_Gaussian-Closing.png
Component: component_1755511905962_27.png
centerX: 0.8991935483870968
centerY: 0.060986035907666
width: 0.02217741935483871
height: 0.03676261043032203
Area: 0.0003988591548000993
CentroidX: 0.9101
CentroidY: 0.0797
