Location: Dedata_18.png_Mean-Closing.png
Component: component_1755511906630_195.png
centerX: 0.4028225806451613
centerY: 0.43944143630664007
width: 0.029838709677419355
height: 0.03676261043032203
Area: 0.0004795272984675351
CentroidX: 0.4186
CentroidY: 0.4572
