Location: Dedata_18.png_Gaussian-Closing.png
Component: component_1755511906113_240.png
centerX: 0.775
centerY: 0.542604730692505
width: 0.02217741935483871
height: 0.040467369620974636
Area: 0.00042666783110710706
CentroidX: 0.7857
CentroidY: 0.5625
