Location: Dedata_18.png_Mean-Closing.png
Component: component_1755511906578_48.png
centerX: 0.8858870967741935
centerY: 0.11741236819606725
width: 0.027419354838709678
height: 0.04132231404958678
Area: 0.0005098640362569981
CentroidX: 0.8999
CentroidY: 0.1375
