Location: Dedata_18.png_Gaussian-Closing.png
Component: component_1755511905961_20.png
centerX: 0.7258064516129032
centerY: 0.012254203476774009
width: 0.02258064516129032
height: 0.031917925334853235
Area: 0.00031669715662030354
CentroidX: 0.7384
CentroidY: 0.0290
