Location: Dedata_18.png_Gaussian-Closing.png
Component: component_1755511905962_24.png
centerX: 0.8846774193548387
centerY: 0.013394129381590196
width: 0.021370967741935483
height: 0.03419777714448561
Area: 0.0003340488513407919
CentroidX: 0.8962
CentroidY: 0.0306
