Location: Dedata_18.png_Gaussian-Median.png
Component: component_1755511906470_299.png
centerX: 0.7782258064516129
centerY: 0.6694214876033058
width: 0.02258064516129032
height: 0.03562268452550584
Area: 0.0003861039355022569
CentroidX: 0.7893
CentroidY: 0.6875
