Location: Dedata_18.png_Gaussian-Median.png
Component: component_1755511906415_47.png
centerX: 0.20806451612903226
centerY: 0.07210031347962383
width: 0.027822580645161292
height: 0.04274722143060701
Area: 0.00040380036587944366
CentroidX: 0.2224
CentroidY: 0.0925
