Location: Dedata_18.png_Gaussian-Closing.png
Component: component_1755511905970_60.png
centerX: 0.059274193548387095
centerY: 0.1268167569108008
width: 0.02338709677419355
height: 0.03590766600170989
Area: 0.00041414243558039694
CentroidX: 0.0721
CentroidY: 0.1453
