Location: Dedata_18.png_Gaussian-Closing.png
Component: component_1755511906125_267.png
centerX: 0.8036290322580645
centerY: 0.6030208036477629
width: 0.02258064516129032
height: 0.04075235109717868
Area: 0.00041414243558039694
CentroidX: 0.8152
CentroidY: 0.6241
