Location: Dedata_18.png_Gaussian-Median.png
Component: component_1755511906484_356.png
centerX: 0.41008064516129034
centerY: 0.7899686520376176
width: 0.024596774193548387
height: 0.033912795668281565
Area: 0.0003514005460612802
CentroidX: 0.4243
CentroidY: 0.8058
