Location: Dedata_18.png_Otsu.png
Component: component_1755511906327_462.png
centerX: 0.665725806451613
centerY: 0.6691365061271017
width: 0.025806451612903226
height: 0.039612425192362494
Area: 0.0003887469088702783
CentroidX: 0.6795
CentroidY: 0.6891
