Location: Dedata_18.png_Otsu.png
Component: component_1755511906339_506.png
centerX: 0.8044354838709677
centerY: 0.7768595041322314
width: 0.021774193548387097
height: 0.03676261043032203
Area: 0.0003185357467893619
CentroidX: 0.8165
CentroidY: 0.7944
