Location: Dedata_18.png_Otsu.png
Component: component_1755511906305_379.png
centerX: 0.14556451612903226
centerY: 0.445141065830721
width: 0.02620967741935484
height: 0.03305785123966942
Area: 0.0003867934068156538
CentroidX: 0.1596
CentroidY: 0.4614
