Location: Dedata_18.png_Otsu.png
Component: component_1755511906295_322.png
centerX: 0.05806451612903226
centerY: 0.3377030493017954
width: 0.021774193548387097
height: 0.03277286976346538
Area: 0.0003060103512626518
CentroidX: 0.0691
CentroidY: 0.3552
