Location: Dedata_18.png_Mean-Closing.png
Component: component_1755511906596_97.png
centerX: 0.9411290322580645
centerY: 0.22485038472499289
width: 0.024193548387096774
height: 0.0347677400968937
Area: 0.00038150746007961097
CentroidX: 0.9542
CentroidY: 0.2424
