Location: Dedata_18.png_Mean-Closing.png
Component: component_1755511906600_104.png
centerX: 0.6072580645161291
centerY: 0.22884012539184953
width: 0.02217741935483871
height: 0.03562268452550584
Area: 0.0003708206547219592
CentroidX: 0.6193
CentroidY: 0.2460
