Location: Dedata_18.png_Gaussian-Closing.png
Component: component_1755511905972_72.png
centerX: 0.7536290322580645
centerY: 0.17184383015104018
width: 0.025806451612903226
height: 0.039612425192362494
Area: 0.00042609327167927635
CentroidX: 0.7663
CentroidY: 0.1919
