Location: Dedata_18.png_Otsu.png
Component: component_1755511906341_512.png
centerX: 0.7314516129032258
centerY: 0.7794243374180678
width: 0.01935483870967742
height: 0.036477628954117984
Area: 0.0003165822447347374
CentroidX: 0.7418
CentroidY: 0.7973
