Location: Dedata_18.png_Gaussian-Median.png
Component: component_1755511906449_204.png
centerX: 0.6536290322580646
centerY: 0.4397264177828441
width: 0.027419354838709678
height: 0.03419777714448561
Area: 0.0004140275236948308
CentroidX: 0.6669
CentroidY: 0.4575
