Location: Dedata_18.png_Mean-Closing.png
Component: component_1755511906643_230.png
centerX: 0.33064516129032256
centerY: 0.49957252778569394
width: 0.027419354838709678
height: 0.0353377030493018
Area: 0.0004221862675700273
CentroidX: 0.3469
CentroidY: 0.5169
