Location: Dedata_18.png_Mean-Closing.png
Component: component_1755511906651_266.png
centerX: 0.7217741935483871
centerY: 0.603590766600171
width: 0.025403225806451612
height: 0.039612425192362494
Area: 0.0004264380073359748
CentroidX: 0.7348
CentroidY: 0.6231
