Location: Dedata_18.png_Mean-Closing.png
Component: component_1755511906656_289.png
centerX: 0.8088709677419355
centerY: 0.6682815616984896
width: 0.022983870967741935
height: 0.036477628954117984
Area: 0.00038173728385074325
CentroidX: 0.8217
CentroidY: 0.6868
