Location: Dedata_18.png_Mean-Closing.png
Component: component_1755511906556_17.png
centerX: 0.06330645161290323
centerY: 0.010259333143345683
width: 0.03064516129032258
height: 0.037047591906526074
Area: 0.00039736530028773934
CentroidX: 0.0817
CentroidY: 0.0282
