Location: Dedata_18.png_Otsu.png
Component: component_1755511906306_383.png
centerX: 0.9504032258064516
centerY: 0.48931319464234824
width: 0.025403225806451612
height: 0.039612425192362494
Area: 0.0003595592899364767
CentroidX: 0.9644
CentroidY: 0.5095
