Location: Dedata_18.png_Gaussian-Median.png
Component: component_1755511906471_305.png
centerX: 0.2407258064516129
centerY: 0.6719863208891422
width: 0.02258064516129032
height: 0.03676261043032203
Area: 0.00035323913623033857
CentroidX: 0.2534
CentroidY: 0.6901
