Location: Dedata_18.png_Gaussian-Median.png
Component: component_1755511906428_101.png
centerX: 0.7677419354838709
centerY: 0.22513536620119692
width: 0.024596774193548387
height: 0.038472499287546306
Area: 0.00038081798876621407
CentroidX: 0.7808
CentroidY: 0.2442
