Location: Dedata_18.png_Otsu.png
Component: component_1755511906291_304.png
centerX: 0.8314516129032258
centerY: 0.3265887717298376
width: 0.021774193548387097
height: 0.031917925334853235
Area: 0.0003335892037985273
CentroidX: 0.8435
CentroidY: 0.3432
