Location: Dedata_18.png_Mean-Closing.png
Component: component_1755511906578_50.png
centerX: 0.7987903225806452
centerY: 0.11997720148190368
width: 0.029838709677419355
height: 0.039612425192362494
Area: 0.0004889500730839592
CentroidX: 0.8128
CentroidY: 0.1398
