Location: Dedata_18.png_Otsu.png
Component: component_1755511906334_489.png
centerX: 0.6254032258064516
centerY: 0.7284126531775434
width: 0.02056451612903226
height: 0.03619264747791394
Area: 0.0003195699537594572
CentroidX: 0.6359
CentroidY: 0.7473
