Location: Dedata_18.png_Mean-Closing.png
Component: component_1755511906647_247.png
centerX: 0.4854838709677419
centerY: 0.5514391564548304
width: 0.027419354838709678
height: 0.03505272157309775
Area: 0.0004610264848913853
CentroidX: 0.4988
CentroidY: 0.5701
