Location: Dedata_18.png_Otsu.png
Component: component_1755511906333_484.png
centerX: 0.7322580645161291
centerY: 0.7232829866058706
width: 0.02217741935483871
height: 0.037902536335138216
Area: 0.00030233317092453506
CentroidX: 0.7451
CentroidY: 0.7415
