Location: Dedata_18.png_Mean-Closing.png
Component: component_1755511906613_133.png
centerX: 0.14596774193548387
centerY: 0.2846964947278427
width: 0.027822580645161292
height: 0.03875748076375036
Area: 0.000438273931549288
CentroidX: 0.1608
CentroidY: 0.3040
