Location: Dedata_18.png_Mean-Closing.png
Component: component_1755511906617_148.png
centerX: 0.6092741935483871
centerY: 0.33000854944428615
width: 0.024596774193548387
height: 0.031062980906241093
Area: 0.0003996635379990623
CentroidX: 0.6223
CentroidY: 0.3463
