Location: Dedata_18.png_Gaussian-Median.png
Component: component_1755511906439_158.png
centerX: 0.22701612903225807
centerY: 0.33371330863493875
width: 0.02338709677419355
height: 0.038472499287546306
Area: 0.0003887469088702783
CentroidX: 0.2395
CentroidY: 0.3539
