Location: Dedata_18.png_Otsu.png
Component: component_1755511906321_436.png
centerX: 0.6056451612903225
centerY: 0.6050156739811913
width: 0.024193548387096774
height: 0.042462239954402965
Area: 0.0003855293760744261
CentroidX: 0.6190
CentroidY: 0.6260
