Location: Dedata_18.png_Mean-Closing.png
Component: component_1755511906668_347.png
centerX: 0.36451612903225805
centerY: 0.7888287261328014
width: 0.025
height: 0.033912795668281565
Area: 0.00040265124702378214
CentroidX: 0.3789
CentroidY: 0.8054
