Location: Dedata_18.png_Mean-Closing.png
Component: component_1755511906631_196.png
centerX: 0.49556451612903224
centerY: 0.4397264177828441
width: 0.02338709677419355
height: 0.037047591906526074
Area: 0.00042701256676380553
CentroidX: 0.5084
CentroidY: 0.4579
