Location: Dedata_18.png_Gaussian-Median.png
Component: component_1755511906478_328.png
centerX: 0.47016129032258064
centerY: 0.7324023938444001
width: 0.02217741935483871
height: 0.03562268452550584
Area: 0.00034726371818089886
CentroidX: 0.4819
CentroidY: 0.7495
