Location: Dedata_18.png_Mean-Closing.png
Component: component_1755511906609_121.png
centerX: 0.7677419354838709
centerY: 0.27842690225135364
width: 0.02661290322580645
height: 0.03619264747791394
Area: 0.00037553204203017126
CentroidX: 0.7803
CentroidY: 0.2962
