Location: Dedata_18.png_Otsu.png
Component: component_1755511906325_450.png
centerX: 0.025403225806451612
centerY: 0.6149900256483328
width: 0.02258064516129032
height: 0.03590766600170989
Area: 0.00037426801128894366
CentroidX: 0.0381
CentroidY: 0.6332
