Location: Dedata_18.png_Mean-Closing.png
Component: component_1755511906609_122.png
centerX: 0.7274193548387097
centerY: 0.27871188372755773
width: 0.022983870967741935
height: 0.03676261043032203
Area: 0.0003875977900146168
CentroidX: 0.7395
CentroidY: 0.2974
