Location: Dedata_18.png_Gaussian-Median.png
Component: component_1755511906405_18.png
centerX: 0.06330645161290323
centerY: 0.01054431461954973
width: 0.03024193548387097
height: 0.03676261043032203
Area: 0.00037840483916932495
CentroidX: 0.0815
CentroidY: 0.0283
