Location: Dedata_18.png_Otsu.png
Component: component_1755511906317_422.png
centerX: 0.3548387096774194
centerY: 0.5568538045027073
width: 0.02338709677419355
height: 0.0347677400968937
Area: 0.0003547329907426985
CentroidX: 0.3671
CentroidY: 0.5746
