Location: Dedata_18.png_Otsu.png
Component: component_1755511906253_23.png
centerX: 0.8846774193548387
centerY: 0.013679110857794243
width: 0.020967741935483872
height: 0.03362781419207751
Area: 0.00024981843922080546
CentroidX: 0.8956
CentroidY: 0.0298
