Location: Dedata_18.png_Otsu.png
Component: component_1755511906262_93.png
centerX: 0.16008064516129034
centerY: 0.07238529495582788
width: 0.025
height: 0.039042462239954404
Area: 0.00023648866049513233
CentroidX: 0.1728
CentroidY: 0.0900
