Location: Dedata_18.png_Mean-Closing.png
Component: component_1755511906628_185.png
centerX: 0.1407258064516129
centerY: 0.3912795668281562
width: 0.02620967741935484
height: 0.033912795668281565
Area: 0.0004702194357366771
CentroidX: 0.1543
CentroidY: 0.4088
