Location: Dedata_18.png_Gaussian-Closing.png
Component: component_1755511906115_243.png
centerX: 0.8911290322580645
centerY: 0.5437446565973212
width: 0.020967741935483872
height: 0.03562268452550584
Area: 0.0003565715809117569
CentroidX: 0.9026
CentroidY: 0.5615
