Location: Dedata_18.png_Gaussian-Closing.png
Component: component_1755511905969_58.png
centerX: 0.018145161290322582
centerY: 0.12425192362496437
width: 0.02217741935483871
height: 0.03619264747791394
Area: 0.0004159810257494553
CentroidX: 0.0299
CentroidY: 0.1432
