Location: Samociqulo_1709_page_10.png_Gaussian-Median.png
Component: component_1755610056100_600.png
centerX: 0.21179361179361178
centerY: 0.090625
width: 0.019164619164619166
height: 0.0171875
Area: 0.0001603194103194103
CentroidX: 0.2210
CentroidY: 0.0991
