Location: Dedata_18.png_Otsu.png
Component: component_1755511906321_438.png
centerX: 0.567741935483871
centerY: 0.6064405813622115
width: 0.02056451612903226
height: 0.03875748076375036
Area: 0.0003697864477518639
CentroidX: 0.5785
CentroidY: 0.6256
