Location: Dedata_18.png_Mean-Closing.png
Component: component_1755511906622_166.png
centerX: 0.8959677419354839
centerY: 0.3724707893986891
width: 0.027016129032258064
height: 0.0347677400968937
Area: 0.00042689765487823934
CentroidX: 0.9110
CentroidY: 0.3898
