Location: Dedata_18.png_Gaussian-Closing.png
Component: component_1755511906023_195.png
centerX: 0.9451612903225807
centerY: 0.43687660302080367
width: 0.02217741935483871
height: 0.03733257338273012
Area: 0.00038966620395480746
CentroidX: 0.9572
CentroidY: 0.4559
