Location: Dedata_18.png_Mean-Closing.png
Component: component_1755511906632_200.png
centerX: 0.35766129032258065
centerY: 0.44029638073525224
width: 0.02661290322580645
height: 0.03334283271587347
Area: 0.00043091957087305454
CentroidX: 0.3715
CentroidY: 0.4572
