Location: Dedata_18.png_Mean-Closing.png
Component: component_1755511906605_115.png
centerX: 0.09556451612903226
centerY: 0.23197492163009403
width: 0.02620967741935484
height: 0.03505272157309775
Area: 0.0003820820195074417
CentroidX: 0.1102
CentroidY: 0.2494
