Location: Dedata_18.png_Gaussian-Median.png
Component: component_1755511906479_333.png
centerX: 0.23306451612903226
centerY: 0.7346822456540325
width: 0.02338709677419355
height: 0.03505272157309775
Area: 0.00036346629404572576
CentroidX: 0.2459
CentroidY: 0.7513
