Location: Dedata_18.png_Gaussian-Closing.png
Component: component_1755511906160_345.png
centerX: 0.6141129032258065
centerY: 0.7854089484183528
width: 0.021774193548387097
height: 0.03818751781134226
Area: 0.00036300664650346114
CentroidX: 0.6250
CentroidY: 0.8045
