Location: Dedata_18.png_Otsu.png
Component: component_1755511906349_540.png
centerX: 0.5201612903225806
centerY: 0.8463949843260188
width: 0.020967741935483872
height: 0.0353377030493018
Area: 0.0003602487612498736
CentroidX: 0.5307
CentroidY: 0.8644
