Location: Dedata_18.png_Otsu.png
Component: component_1755511906351_551.png
centerX: 0.22782258064516128
centerY: 0.8506697064690795
width: 0.021774193548387097
height: 0.03362781419207751
Area: 0.0003317506136294689
CentroidX: 0.2395
CentroidY: 0.8673
