Location: Samociqulo_1709_page_10.png_Gaussian-Median.png
Component: component_1755610056321_3606.png
centerX: 0.4614250614250614
centerY: 0.8859375
width: 0.01818181818181818
height: 0.016875
Area: 0.00015125921375921375
CentroidX: 0.4699
CentroidY: 0.8941
