Location: Dedata_18.png_Otsu.png
Component: component_1755511906273_213.png
centerX: 0.7137096774193549
centerY: 0.17326873753206043
width: 0.022983870967741935
height: 0.03761755485893417
Area: 0.00034301197841495143
CentroidX: 0.7261
CentroidY: 0.1917
