Location: Dedata_18.png_Mean-Closing.png
Component: component_1755511906639_220.png
centerX: 0.5540322580645162
centerY: 0.493587916785409
width: 0.02338709677419355
height: 0.037047591906526074
Area: 0.00042804677373390086
CentroidX: 0.5657
CentroidY: 0.5118
