Location: Dedata_18.png_Gaussian-Median.png
Component: component_1755511906423_80.png
centerX: 0.8282258064516129
centerY: 0.17412368196067254
width: 0.025403225806451612
height: 0.03676261043032203
Area: 0.00041414243558039694
CentroidX: 0.8412
CentroidY: 0.1923
