Location: Dedata_18.png_Otsu.png
Component: component_1755511906285_258.png
centerX: 0.8459677419354839
centerY: 0.2767170133941294
width: 0.024193548387096774
height: 0.03676261043032203
Area: 0.0003018735233822705
CentroidX: 0.8579
CentroidY: 0.2959
