Location: Kurtxevani_1794_page_10.png_Mean-Medain.png
Component: component_1755610055026_1852.png
centerX: 0.27001753360607833
centerY: 0.5557514323490524
width: 0.02162478082992402
height: 0.024239753195240195
Area: 0.00022049018367914145
CentroidX: 0.2809
CentroidY: 0.5678
