Location: Dedata_18.png_Mean-Closing.png
Component: component_1755511906644_232.png
centerX: 0.02056451612903226
centerY: 0.5004274722143061
width: 0.025403225806451612
height: 0.039897406668566546
Area: 0.0005010158210684047
CentroidX: 0.0339
CentroidY: 0.5203
