Location: Dedata_18.png_Gaussian-Closing.png
Component: component_1755511905961_21.png
centerX: 0.8040322580645162
centerY: 0.012539184952978056
width: 0.025806451612903226
height: 0.03505272157309775
Area: 0.00038150746007961097
CentroidX: 0.8175
CentroidY: 0.0312
