Location: Dedata_18.png_Otsu.png
Component: component_1755511906332_481.png
centerX: 0.8927419354838709
centerY: 0.7204331718438302
width: 0.02056451612903226
height: 0.038472499287546306
Area: 0.0003257751955800292
CentroidX: 0.9042
CentroidY: 0.7389
