Location: Dedata_18.png_Otsu.png
Component: component_1755511906287_269.png
centerX: 0.45564516129032256
centerY: 0.28213166144200624
width: 0.02258064516129032
height: 0.03163294385864919
Area: 0.00020867998418812455
CentroidX: 0.4696
CentroidY: 0.3019
