Location: Dedata_18.png_Mean-Closing.png
Component: component_1755511906652_272.png
centerX: 0.23669354838709677
centerY: 0.6104303220290681
width: 0.025403225806451612
height: 0.034482758620689655
Area: 0.00043907831474825104
CentroidX: 0.2501
CentroidY: 0.6286
