Location: Dedata_18.png_Gaussian-Median.png
Component: component_1755511906424_87.png
centerX: 0.05766129032258065
centerY: 0.17668851524650897
width: 0.02217741935483871
height: 0.03562268452550584
Area: 0.0004129933167247355
CentroidX: 0.0697
CentroidY: 0.1952
