Location: Dedata_18.png_Mean-Closing.png
Component: component_1755511906560_27.png
centerX: 0.7782258064516129
centerY: 0.06241094328868624
width: 0.025403225806451612
height: 0.03761755485893417
Area: 0.0004175897921473814
CentroidX: 0.7915
CentroidY: 0.0821
