Location: Dedata_18.png_Mean-Closing.png
Component: component_1755511906565_35.png
centerX: 0.5137096774193548
centerY: 0.06640068395554288
width: 0.027419354838709678
height: 0.04360216585921915
Area: 0.00046447384145836975
CentroidX: 0.5279
CentroidY: 0.0867
