Location: Dedata_18.png_Otsu.png
Component: component_1755511906330_472.png
centerX: 0.11653225806451613
centerY: 0.6731262467939584
width: 0.025
height: 0.04018238814477059
Area: 0.00032554537180889693
CentroidX: 0.1313
CentroidY: 0.6920
