Location: Dedata_18.png_Otsu.png
Component: component_1755511906309_392.png
centerX: 0.635483870967742
centerY: 0.493872898261613
width: 0.028629032258064516
height: 0.0353377030493018
Area: 0.0003754171301446051
CentroidX: 0.6502
CentroidY: 0.5106
