Location: Dedata_18.png_Otsu.png
Component: component_1755511906324_448.png
centerX: 0.06532258064516129
centerY: 0.6144200626959248
width: 0.025806451612903226
height: 0.040467369620974636
Area: 0.0004190836466597413
CentroidX: 0.0796
CentroidY: 0.6342
