Location: Dedata_18.png_Gaussian-Closing.png
Component: component_1755511905970_61.png
centerX: 0.4637096774193548
centerY: 0.1273867198632089
width: 0.028225806451612902
height: 0.039042462239954404
Area: 0.0004541317717574164
CentroidX: 0.4777
CentroidY: 0.1463
