Location: Dedata_18.png_Mean-Closing.png
Component: component_1755511906579_54.png
centerX: 0.5939516129032258
centerY: 0.1225420347677401
width: 0.025
height: 0.03932744371615845
Area: 0.00045068441519043197
CentroidX: 0.6077
CentroidY: 0.1427
