Location: Dedata_18.png_Otsu.png
Component: component_1755511906288_272.png
centerX: 0.3375
centerY: 0.2841265317754346
width: 0.020967741935483872
height: 0.030777999430037048
Area: 0.00022924921170446502
CentroidX: 0.3475
CentroidY: 0.2986
