Location: Dedata_18.png_Otsu.png
Component: component_1755511906248_11.png
centerX: 0.30524193548387096
centerY: 0.00968937019093759
width: 0.02620967741935484
height: 0.039612425192362494
Area: 0.00020626683459123543
CentroidX: 0.3182
CentroidY: 0.0294
