Location: Dedata_18.png_Gaussian-Median.png
Component: component_1755511906431_116.png
centerX: 0.3536290322580645
centerY: 0.23083499572527785
width: 0.02620967741935484
height: 0.038472499287546306
Area: 0.0004228757388834242
CentroidX: 0.3685
CentroidY: 0.2508
