Location: Dedata_18.png_Gaussian-Closing.png
Component: component_1755511905987_134.png
centerX: 0.19798387096774195
centerY: 0.2841265317754346
width: 0.022983870967741935
height: 0.03932744371615845
Area: 0.0004171301446051168
CentroidX: 0.2110
CentroidY: 0.3040
