Location: Dedata_18.png_Gaussian-Closing.png
Component: component_1755511906071_219.png
centerX: 0.6774193548387096
centerY: 0.4915930464519806
width: 0.022983870967741935
height: 0.03818751781134226
Area: 0.0004120740216402063
CentroidX: 0.6892
CentroidY: 0.5107
