Location: Dedata_18.png_Mean-Closing.png
Component: component_1755511906665_333.png
centerX: 0.8040322580645162
centerY: 0.7765745226560273
width: 0.022983870967741935
height: 0.037047591906526074
Area: 0.00038300131459197086
CentroidX: 0.8166
CentroidY: 0.7947
