Location: Dedata_18.png_Gaussian-Closing.png
Component: component_1755511905994_163.png
centerX: 0.26370967741935486
centerY: 0.3365631233969792
width: 0.024193548387096774
height: 0.03619264747791394
Area: 0.00036725838626940863
CentroidX: 0.2767
CentroidY: 0.3554
