Location: Dedata_18.png_Gaussian-Median.png
Component: component_1755511906461_257.png
centerX: 0.35443548387096774
centerY: 0.5565688230265032
width: 0.024193548387096774
height: 0.0353377030493018
Area: 0.00039518197446198255
CentroidX: 0.3671
CentroidY: 0.5747
