Location: Dedata_18.png_Gaussian-Closing.png
Component: component_1755511905989_146.png
centerX: 0.9137096774193548
centerY: 0.3237389569677971
width: 0.02056451612903226
height: 0.031917925334853235
Area: 0.0003618575276477997
CentroidX: 0.9240
CentroidY: 0.3399
