Location: Dedata_18.png_Mean-Closing.png
Component: component_1755511906648_250.png
centerX: 0.2721774193548387
centerY: 0.5562838415502992
width: 0.027419354838709678
height: 0.03619264747791394
Area: 0.0004451686446832569
CentroidX: 0.2859
CentroidY: 0.5757
