Location: Dedata_18.png_Gaussian-Median.png
Component: component_1755511906409_28.png
centerX: 0.7008064516129032
centerY: 0.06241094328868624
width: 0.024193548387096774
height: 0.034482758620689655
Area: 0.000379209222368288
CentroidX: 0.7118
CentroidY: 0.0800
