Location: Dedata_18.png_Otsu.png
Component: component_1755511906336_497.png
centerX: 0.23346774193548386
centerY: 0.7346822456540325
width: 0.02217741935483871
height: 0.033912795668281565
Area: 0.0003047463205214242
CentroidX: 0.2457
CentroidY: 0.7509
