Location: Dedata_18.png_Mean-Closing.png
Component: component_1755511906566_37.png
centerX: 0.4217741935483871
centerY: 0.06725562838415503
width: 0.027822580645161292
height: 0.04474209176403534
Area: 0.0004533273885584534
CentroidX: 0.4370
CentroidY: 0.0897
