Location: Dedata_18.png_Mean-Closing.png
Component: component_1755511906615_137.png
centerX: 0.4149193548387097
centerY: 0.2852664576802508
width: 0.02338709677419355
height: 0.03277286976346538
Area: 0.0002985410787008522
CentroidX: 0.4256
CentroidY: 0.3011
