Location: Dedata_18.png_Gaussian-Median.png
Component: component_1755511906470_301.png
centerX: 0.4366935483870968
centerY: 0.6697064690795098
width: 0.021774193548387097
height: 0.04132231404958678
Area: 0.00042735730242050396
CentroidX: 0.4487
CentroidY: 0.6897
