Location: Dedata_18.png_Gaussian-Median.png
Component: component_1755511906489_378.png
centerX: 0.3100806451612903
centerY: 0.847534910230835
width: 0.02217741935483871
height: 0.03761755485893417
Area: 0.00037943904613942027
CentroidX: 0.3219
CentroidY: 0.8656
