Location: Dedata_18.png_Mean-Closing.png
Component: component_1755511906577_46.png
centerX: 0.20806451612903226
centerY: 0.07210031347962383
width: 0.027822580645161292
height: 0.042462239954402965
Area: 0.000425863447908144
CentroidX: 0.2227
CentroidY: 0.0920
