Location: Dedata_18.png_Mean-Closing.png
Component: component_1755511906599_103.png
centerX: 0.4830645161290323
centerY: 0.22884012539184953
width: 0.022983870967741935
height: 0.03619264747791394
Area: 0.00038794252567131524
CentroidX: 0.4955
CentroidY: 0.2474
