Location: Dedata_18.png_Gaussian-Closing.png
Component: component_1755511906152_321.png
centerX: 0.625
centerY: 0.7281276717013394
width: 0.021370967741935483
height: 0.037047591906526074
Area: 0.00037093556660752536
CentroidX: 0.6360
CentroidY: 0.7474
