Location: Dedata_18.png_Otsu.png
Component: component_1755511906322_440.png
centerX: 0.4814516129032258
centerY: 0.6101453405528641
width: 0.02258064516129032
height: 0.03590766600170989
Area: 0.0003618575276477997
CentroidX: 0.4927
CentroidY: 0.6284
