Location: Dedata_18.png_Mean-Closing.png
Component: component_1755511906559_25.png
centerX: 0.8987903225806452
centerY: 0.06127101738387005
width: 0.02258064516129032
height: 0.036477628954117984
Area: 0.0004154064663216246
CentroidX: 0.9102
CentroidY: 0.0798
