Location: Dedata_18.png_Gaussian-Median.png
Component: component_1755511906433_127.png
centerX: 0.6508064516129032
centerY: 0.27956682815616984
width: 0.024596774193548387
height: 0.03676261043032203
Area: 0.0003890916445269767
CentroidX: 0.6636
CentroidY: 0.2981
