Location: Dedata_18.png_Mean-Closing.png
Component: component_1755511906629_190.png
centerX: 0.7294354838709678
centerY: 0.43687660302080367
width: 0.027419354838709678
height: 0.03761755485893417
Area: 0.0004750457349304553
CentroidX: 0.7440
CentroidY: 0.4550
