Location: Dedata_18.png_Gaussian-Median.png
Component: component_1755511906434_131.png
centerX: 0.6129032258064516
centerY: 0.2809917355371901
width: 0.024193548387096774
height: 0.036477628954117984
Area: 0.00039495215069085027
CentroidX: 0.6260
CentroidY: 0.2993
