Location: Dedata_18.png_Mean-Closing.png
Component: component_1755511906614_134.png
centerX: 0.24717741935483872
centerY: 0.2846964947278427
width: 0.02338709677419355
height: 0.03676261043032203
Area: 0.0003897811158403736
CentroidX: 0.2595
CentroidY: 0.3022
