Location: Dedata_18.png_Otsu.png
Component: component_1755511906267_184.png
centerX: 0.9298387096774193
centerY: 0.11370760900541464
width: 0.02661290322580645
height: 0.039042462239954404
Area: 0.00039357320806405647
CentroidX: 0.9442
CentroidY: 0.1336
