Location: Dedata_18.png_Otsu.png
Component: component_1755511906278_227.png
centerX: 0.3919354838709677
centerY: 0.1775434596751211
width: 0.027016129032258064
height: 0.04075235109717868
Area: 0.0004209222368287997
CentroidX: 0.4045
CentroidY: 0.1973
