Location: Dedata_18.png_Mean-Closing.png
Component: component_1755511906634_209.png
centerX: 0.09717741935483871
centerY: 0.4462809917355372
width: 0.02943548387096774
height: 0.03305785123966942
Area: 0.0004730922328758308
CentroidX: 0.1126
CentroidY: 0.4627
