Location: Dedata_18.png_Mean-Closing.png
Component: component_1755511906615_139.png
centerX: 0.1028225806451613
centerY: 0.28583642063265885
width: 0.022983870967741935
height: 0.03419777714448561
Area: 0.00039943371422793004
CentroidX: 0.1160
CentroidY: 0.3030
