Location: Dedata_18.png_Mean-Closing.png
Component: component_1755511906567_41.png
centerX: 0.01653225806451613
centerY: 0.07096038757480763
width: 0.02379032258064516
height: 0.03818751781134226
Area: 0.00040207668759595144
CentroidX: 0.0300
CentroidY: 0.0907
