Location: easy21_Mean-Medain.png
Component: component_1744297381066_1051.png
centerX: 0.175
centerY: 0.789272030651341
width: 0.021774193548387097
height: 0.01532567049808429
Area: 0.00012011803238165864
CentroidX: 0.1832
CentroidY: 0.7963
