Location: easy26_Mean-Closing.png
Component: component_1744297382154_910.png
centerX: 0.49516129032258066
centerY: 0.7255747126436781
width: 0.020967741935483872
height: 0.014846743295019157
Area: 0.00012436658015078483
CentroidX: 0.5038
CentroidY: 0.7320
