Location: 20250501_171042.jpg_Gaussian-Closing.png
Component: component_1746113322401_51.png
centerX: 0.012826603325415678
centerY: 0.712784588441331
width: 0.044180522565320665
height: 0.043782837127845885
Area: 0.0006647503442308572
CentroidX: 0.0353
CentroidY: 0.7371
