Location: 20250501_171042.jpg_Gaussian-Median.png
Component: component_1746113322355_24.png
centerX: 0.22280285035629455
centerY: 0.2714535901926445
width: 0.05320665083135392
height: 0.11558669001751314
Area: 0.0015990615289257918
CentroidX: 0.2445
CentroidY: 0.3298
