Location: easy16_Gaussian-Median.png
Component: component_1744297381895_1116.png
centerX: 0.525
centerY: 0.7777777777777778
width: 0.020967741935483872
height: 0.014846743295019157
Area: 0.00011934556915090841
CentroidX: 0.5332
CentroidY: 0.7843
