Location: 20250501_171042.jpg_Gaussian-Median.png
Component: component_1746113322354_15.png
centerX: 0.604750593824228
centerY: 0.07880910683012259
width: 0.04655581947743468
height: 0.1085814360770578
Area: 0.0013636117824710576
CentroidX: 0.6286
CentroidY: 0.1261
