Location: easy43_Mean-Closing.png
Component: component_1744297380697_1219.png
centerX: 0.5592503022974608
centerY: 0.698589140658401
width: 0.013301088270858524
height: 0.00983326207781103
Area: 4.911202867315325e-05
CentroidX: 0.5640
CentroidY: 0.7037
