Location: easy16_Gaussian-Median.png
Component: component_1744297381895_1113.png
centerX: 0.4258064516129032
centerY: 0.7782567049808429
width: 0.020967741935483872
height: 0.01532567049808429
Area: 0.00012166295884315906
CentroidX: 0.4339
CentroidY: 0.7848
