Location: easy16_Gaussian-Median.png
Component: component_1744297381901_1147.png
centerX: 0.2709677419354839
centerY: 0.8012452107279694
width: 0.021774193548387097
height: 0.01532567049808429
Area: 0.0001181868743047831
CentroidX: 0.2797
CentroidY: 0.8082
