Location: easy16_Gaussian-Median.png
Component: component_1744297381616_6.png
centerX: 0.7887096774193548
centerY: 0.01867816091954023
width: 0.02258064516129032
height: 0.01532567049808429
Area: 0.0001232078853046595
CentroidX: 0.7980
CentroidY: 0.0256
