Location: easy43_Mean-Closing.png
Component: component_1744297380686_1141.png
centerX: 0.21281741233373638
centerY: 0.6571184266780675
width: 0.013905683192261185
height: 0.010260795211628902
Area: 6.720593397378865e-05
CentroidX: 0.2189
CentroidY: 0.6617
