Location: easy21_Mean-Medain.png
Component: component_1744297381152_1208.png
centerX: 0.7879032258064517
centerY: 0.8855363984674329
width: 0.02338709677419355
height: 0.016283524904214558
Area: 0.0001514027932270424
CentroidX: 0.7972
CentroidY: 0.8925
