Location: easy21_Mean-Medain.png
Component: component_1744297380892_628.png
centerX: 0.7991935483870968
centerY: 0.5167624521072797
width: 0.02258064516129032
height: 0.01532567049808429
Area: 0.0001374984550735385
CentroidX: 0.8079
CentroidY: 0.5235
