Location: 20250501_171042.jpg_Gaussian-Median.png
Component: component_1746113322359_45.png
centerX: 0.5121140142517815
centerY: 0.5464098073555166
width: 0.043705463182897863
height: 0.1138353765323993
Area: 0.0014160263903390726
CentroidX: 0.5348
CentroidY: 0.5973
