Location: easy21_Mean-Medain.png
Component: component_1744297381089_1080.png
centerX: 0.04435483870967742
centerY: 0.810823754789272
width: 0.024193548387096774
height: 0.01532567049808429
Area: 0.00012552527499691015
CentroidX: 0.0553
CentroidY: 0.8174
