Location: 20250501_171042.jpg_Gaussian-Closing.png
Component: component_1746113322403_61.png
centerX: 0.019477434679334917
centerY: 0.7758318739054291
width: 0.04655581947743468
height: 0.0647985989492119
Area: 0.0008036906539762304
CentroidX: 0.0390
CentroidY: 0.8189
