Location: easy43_Mean-Closing.png
Component: component_1744297380577_236.png
centerX: 0.5870616686819831
centerY: 0.19623770842240273
width: 0.013905683192261185
height: 0.00983326207781103
Area: 6.332866855222392e-05
CentroidX: 0.5930
CentroidY: 0.2005
