Location: easy21_Mean-Medain.png
Component: component_1744297381143_1169.png
centerX: 0.7193548387096774
centerY: 0.8620689655172413
width: 0.02338709677419355
height: 0.015804597701149427
Area: 0.00013402237053516253
CentroidX: 0.7285
CentroidY: 0.8692
