Location: easy16_Gaussian-Median.png
Component: component_1744297381677_190.png
centerX: 0.27338709677419354
centerY: 0.13553639846743296
width: 0.020967741935483872
height: 0.01532567049808429
Area: 0.00011780064268940799
CentroidX: 0.2817
CentroidY: 0.1423
