Location: easy26_Mean-Closing.png
Component: component_1744297382015_349.png
centerX: 0.1588709677419355
centerY: 0.2567049808429119
width: 0.021774193548387097
height: 0.014846743295019157
Area: 0.0001185731059201582
CentroidX: 0.1673
CentroidY: 0.2633
