Location: easy26_Mean-Closing.png
Component: component_1744297382205_1161.png
centerX: 0.10967741935483871
centerY: 0.8831417624521073
width: 0.020967741935483872
height: 0.01532567049808429
Area: 0.00012127672722778396
CentroidX: 0.1180
CentroidY: 0.8897
