Location: easy21_Mean-Medain.png
Component: component_1744297380887_601.png
centerX: 0.7193548387096774
centerY: 0.4942528735632184
width: 0.02338709677419355
height: 0.01532567049808429
Area: 0.0001421332344580398
CentroidX: 0.7288
CentroidY: 0.5009
