Location: easy64_Gaussian-Closing.png
Component: component_1744297381401_873.png
centerX: 0.5193470374848851
centerY: 0.5938435228730227
width: 0.013905683192261185
height: 0.00983326207781103
Area: 5.169687228752973e-05
CentroidX: 0.5244
CentroidY: 0.5989
