Location: 20250501_171042.jpg_Gaussian-Closing.png
Component: component_1746113322392_6.png
centerX: 0.015201900237529691
centerY: 0.050788091068301226
width: 0.048456057007125894
height: 0.09632224168126094
Area: 0.0015591265895977802
CentroidX: 0.0353
CentroidY: 0.1000
