Location: easy64_Gaussian-Closing.png
Component: component_1744297381207_159.png
centerX: 0.6789600967351874
centerY: 0.195382642154767
width: 0.013905683192261185
height: 0.010260795211628902
Area: 6.6947449612351e-05
CentroidX: 0.6849
CentroidY: 0.2001
