Location: easy21_Mean-Medain.png
Component: component_1744297380860_462.png
centerX: 0.5338709677419354
centerY: 0.4042145593869732
width: 0.021774193548387097
height: 0.01532567049808429
Area: 0.00012204919045853417
CentroidX: 0.5420
CentroidY: 0.4113
