Location: easy26_Mean-Closing.png
Component: component_1744297382139_836.png
centerX: 0.7516129032258064
centerY: 0.6795977011494253
width: 0.020967741935483872
height: 0.01532567049808429
Area: 0.00011934556915090841
CentroidX: 0.7602
CentroidY: 0.6865
