Location: easy16_Gaussian-Median.png
Component: component_1744297381898_1131.png
centerX: 0.5443548387096774
centerY: 0.8002873563218391
width: 0.020967741935483872
height: 0.01532567049808429
Area: 0.00011741441107403287
CentroidX: 0.5527
CentroidY: 0.8072
