Location: easy16_Gaussian-Median.png
Component: component_1744297381664_117.png
centerX: 0.5741935483870968
centerY: 0.08908045977011494
width: 0.020967741935483872
height: 0.014846743295019157
Area: 0.00011973180076628352
CentroidX: 0.5823
CentroidY: 0.0955
