Location: easy26_Mean-Closing.png
Component: component_1744297382007_305.png
centerX: 0.8459677419354839
centerY: 0.2332375478927203
width: 0.020967741935483872
height: 0.01532567049808429
Area: 0.0001328636756890372
CentroidX: 0.8545
CentroidY: 0.2401
