Location: 20250501_171042.jpg_Gaussian-Median.png
Component: component_1746113322358_39.png
centerX: 0.011876484560570071
centerY: 0.4956217162872154
width: 0.05415676959619953
height: 0.10157618213660245
Area: 0.0016165330648817968
CentroidX: 0.0365
CentroidY: 0.5446
