Location: easy21_Mean-Medain.png
Component: component_1744297380921_748.png
centerX: 0.14758064516129032
centerY: 0.5866858237547893
width: 0.020967741935483872
height: 0.014367816091954023
Area: 0.0001135520949202818
CentroidX: 0.1556
CentroidY: 0.5931
