Location: easy21_Mean-Medain.png
Component: component_1744297380818_277.png
centerX: 0.7838709677419354
centerY: 0.28879310344827586
width: 0.02258064516129032
height: 0.01532567049808429
Area: 0.00012977382276603634
CentroidX: 0.7928
CentroidY: 0.2957
