Location: 20250501_171042.jpg_Gaussian-Closing.png
Component: component_1746113322404_66.png
centerX: 0.923040380047506
centerY: 0.830122591943958
width: 0.04560570071258908
height: 0.07005253940455342
Area: 0.0012937256386470375
CentroidX: 0.9427
CentroidY: 0.8655
