Location: easy21_Mean-Medain.png
Component: component_1744297380779_139.png
centerX: 0.6387096774193548
centerY: 0.10727969348659004
width: 0.02258064516129032
height: 0.01532567049808429
Area: 0.00013324990730441232
CentroidX: 0.6478
CentroidY: 0.1139
