Location: easy26_Mean-Closing.png
Component: component_1744297382108_663.png
centerX: 0.23870967741935484
centerY: 0.4583333333333333
width: 0.020967741935483872
height: 0.014846743295019157
Area: 0.00012166295884315906
CentroidX: 0.2474
CentroidY: 0.4649
