Location: easy21_Mean-Medain.png
Component: component_1744297380927_784.png
centerX: 0.8209677419354838
centerY: 0.6082375478927203
width: 0.02338709677419355
height: 0.01532567049808429
Area: 0.00013479483376591274
CentroidX: 0.8302
CentroidY: 0.6148
