Location: easy64_Gaussian-Closing.png
Component: component_1744297381234_287.png
centerX: 0.5151148730350665
centerY: 0.26036767849508335
width: 0.012696493349455865
height: 0.00983326207781103
Area: 4.6010216335901465e-05
CentroidX: 0.5195
CentroidY: 0.2642
