Location: easy16_Gaussian-Median.png
Component: component_1744297381816_664.png
centerX: 0.8443548387096774
centerY: 0.4454022988505747
width: 0.021774193548387097
height: 0.014846743295019157
Area: 0.00012436658015078483
CentroidX: 0.8526
CentroidY: 0.4518
