Location: easy16_Gaussian-Median.png
Component: component_1744297381887_1071.png
centerX: 0.7362903225806452
centerY: 0.7547892720306514
width: 0.021774193548387097
height: 0.014846743295019157
Area: 0.00012359411692003462
CentroidX: 0.7447
CentroidY: 0.7612
