Location: easy21_Mean-Medain.png
Component: component_1744297380886_594.png
centerX: 0.7806451612903226
centerY: 0.4932950191570881
width: 0.02258064516129032
height: 0.01532567049808429
Area: 0.0001232078853046595
CentroidX: 0.7892
CentroidY: 0.5005
