Location: easy16_Gaussian-Median.png
Component: component_1744297381865_941.png
centerX: 0.07741935483870968
centerY: 0.6671455938697318
width: 0.020967741935483872
height: 0.014846743295019157
Area: 0.00011046224199728093
CentroidX: 0.0856
CentroidY: 0.6735
