Location: easy64_Gaussian-Closing.png
Component: component_1744297381258_386.png
centerX: 0.6257557436517533
centerY: 0.30183839247541683
width: 0.014510278113663845
height: 0.010260795211628902
Area: 6.151927802216038e-05
CentroidX: 0.6317
CentroidY: 0.3062
