Location: easy21_Mean-Medain.png
Component: component_1744297380753_28.png
centerX: 0.7895161290322581
centerY: 0.03975095785440613
width: 0.02258064516129032
height: 0.01532567049808429
Area: 0.0001374984550735385
CentroidX: 0.7981
CentroidY: 0.0464
