Location: easy21_Mean-Medain.png
Component: component_1744297380949_868.png
centerX: 0.07258064516129033
centerY: 0.6762452107279694
width: 0.020967741935483872
height: 0.014846743295019157
Area: 0.0001181868743047831
CentroidX: 0.0810
CentroidY: 0.6826
