Location: easy21_Mean-Medain.png
Component: component_1744297381077_1067.png
centerX: 0.6475806451612903
centerY: 0.7921455938697318
width: 0.02338709677419355
height: 0.01532567049808429
Area: 0.00013209121245828697
CentroidX: 0.6569
CentroidY: 0.7987
