Location: easy43_Mean-Closing.png
Component: component_1744297380690_1180.png
centerX: 0.8041112454655381
centerY: 0.6763574176998718
width: 0.013905683192261185
height: 0.00983326207781103
Area: 6.591351216660041e-05
CentroidX: 0.8102
CentroidY: 0.6807
