Location: easy43_Mean-Closing.png
Component: component_1744297380643_771.png
centerX: 0.4957678355501814
centerY: 0.4989311671654553
width: 0.013905683192261185
height: 0.010260795211628902
Area: 6.332866855222392e-05
CentroidX: 0.5017
CentroidY: 0.5036
