Location: easy21_Mean-Medain.png
Component: component_1744297381044_1024.png
centerX: 0.4620967741935484
centerY: 0.7686781609195402
width: 0.02258064516129032
height: 0.01532567049808429
Area: 0.00012475281176615993
CentroidX: 0.4711
CentroidY: 0.7752
