Location: 20250501_171042.jpg_Gaussian-Closing.png
Component: component_1746113322394_11.png
centerX: 0.2489311163895487
centerY: 0.07355516637478109
width: 0.05320665083135392
height: 0.10332749562171628
Area: 0.0014509694622510826
CentroidX: 0.2746
CentroidY: 0.1240
