Location: easy16_Gaussian-Median.png
Component: component_1744297381818_673.png
centerX: 0.442741935483871
centerY: 0.44731800766283525
width: 0.021774193548387097
height: 0.014846743295019157
Area: 0.00012243542207390927
CentroidX: 0.4512
CentroidY: 0.4537
