Location: 20250501_171042.jpg_Mean-Medain.png
Component: component_1746113322377_31.png
centerX: 0.4850356294536817
centerY: 0.3222416812609457
width: 0.052256532066508314
height: 0.10332749562171628
Area: 0.0016015574626337924
CentroidX: 0.5124
CentroidY: 0.3652
