Location: 20250501_171042.jpg_Gaussian-Median.png
Component: component_1746113322362_57.png
centerX: 0.23610451306413302
centerY: 0.7320490367775832
width: 0.048456057007125894
height: 0.1190893169877408
Area: 0.0016631238274311434
CentroidX: 0.2574
CentroidY: 0.7930
