Location: 20250501_171042.jpg_Gaussian-Closing.png
Component: component_1746113322396_22.png
centerX: 0.14726840855106887
centerY: 0.2732049036777583
width: 0.05320665083135392
height: 0.11733800350262696
Area: 0.0017488175514058346
CentroidX: 0.1741
CentroidY: 0.3233
