Location: easy26_Mean-Closing.png
Component: component_1744297381964_75.png
centerX: 0.22903225806451613
centerY: 0.07471264367816093
width: 0.020161290322580645
height: 0.01532567049808429
Area: 0.0001135520949202818
CentroidX: 0.2371
CentroidY: 0.0816
