Location: easy21_Mean-Medain.png
Component: component_1744297380883_575.png
centerX: 0.4838709677419355
centerY: 0.4731800766283525
width: 0.02258064516129032
height: 0.014846743295019157
Area: 0.00012822889630453591
CentroidX: 0.4932
CentroidY: 0.4797
