Location: easy26_Mean-Closing.png
Component: component_1744297382001_275.png
centerX: 0.9258064516129032
centerY: 0.2092911877394636
width: 0.02338709677419355
height: 0.01532567049808429
Area: 0.00014483685576566555
CentroidX: 0.9355
CentroidY: 0.2165
