Location: easy16_Gaussian-Median.png
Component: component_1744297381839_806.png
centerX: 0.8911290322580645
centerY: 0.5972222222222222
width: 0.021774193548387097
height: 0.014846743295019157
Area: 0.00012127672722778396
CentroidX: 0.9000
CentroidY: 0.6034
