Location: easy16_Gaussian-Median.png
Component: component_1744297381665_119.png
centerX: 0.6282258064516129
centerY: 0.08908045977011494
width: 0.021774193548387097
height: 0.01532567049808429
Area: 0.00011973180076628352
CentroidX: 0.6368
CentroidY: 0.0957
