Location: easy26_Mean-Closing.png
Component: component_1744297382011_323.png
centerX: 0.5975806451612903
centerY: 0.23419540229885058
width: 0.020967741935483872
height: 0.014846743295019157
Area: 0.00011471078976640712
CentroidX: 0.6060
CentroidY: 0.2406
