Location: 20250501_171042.jpg_Mean-Medain.png
Component: component_1746113322382_56.png
centerX: 0.012826603325415678
centerY: 0.712784588441331
width: 0.05320665083135392
height: 0.12784588441331
Area: 0.0016597959158204758
CentroidX: 0.0366
CentroidY: 0.7814
