Location: easy16_Gaussian-Median.png
Component: component_1744297381855_885.png
centerX: 0.8145161290322581
centerY: 0.6422413793103449
width: 0.02258064516129032
height: 0.014846743295019157
Area: 0.00012822889630453591
CentroidX: 0.8234
CentroidY: 0.6489
