Location: 20250501_171042.jpg_Gaussian-Closing.png
Component: component_1746113322403_57.png
centerX: 0.436104513064133
centerY: 0.7478108581436077
width: 0.048931116389548696
height: 0.09457092819614711
Area: 0.0013927310090643993
CentroidX: 0.4598
CentroidY: 0.7889
