Location: easy16_Gaussian-Median.png
Component: component_1744297381676_182.png
centerX: 0.7701612903225806
centerY: 0.13218390804597702
width: 0.021774193548387097
height: 0.014846743295019157
Area: 0.00012552527499691015
CentroidX: 0.7793
CentroidY: 0.1386
