Location: 20250501_171042.jpg_Mean-Medain.png
Component: component_1746113322373_6.png
centerX: 0.015201900237529691
centerY: 0.050788091068301226
width: 0.048456057007125894
height: 0.09807355516637478
Area: 0.0016988988772458204
CentroidX: 0.0352
CentroidY: 0.1004
