Location: 20250501_171042.jpg_Mean-Medain.png
Component: component_1746113322383_60.png
centerX: 0.29833729216152016
centerY: 0.7390542907180385
width: 0.05463182897862233
height: 0.08756567425569177
Area: 0.001719698324812493
CentroidX: 0.3232
CentroidY: 0.7789
