Location: easy16_Gaussian-Median.png
Component: component_1744297381880_1026.png
centerX: 0.6153225806451613
centerY: 0.7318007662835249
width: 0.021774193548387097
height: 0.01532567049808429
Area: 0.0001278426646891608
CentroidX: 0.6243
CentroidY: 0.7385
