Location: easy21_Mean-Medain.png
Component: component_1744297380813_250.png
centerX: 0.9491935483870968
centerY: 0.2662835249042146
width: 0.021774193548387097
height: 0.01532567049808429
Area: 0.0001324774440736621
CentroidX: 0.9576
CentroidY: 0.2732
