Location: 20250501_171042.jpg_Gaussian-Median.png
Component: component_1746113322353_11.png
centerX: 0.5330166270783848
centerY: 0.06830122591943957
width: 0.057007125890736345
height: 0.09807355516637478
Area: 0.0013644437603737244
CentroidX: 0.5628
CentroidY: 0.1172
