Location: easy16_Gaussian-Median.png
Component: component_1744297381750_349.png
centerX: 0.7161290322580646
centerY: 0.24473180076628354
width: 0.020967741935483872
height: 0.01532567049808429
Area: 0.00012127672722778396
CentroidX: 0.7244
CentroidY: 0.2518
