Location: easy43_Mean-Closing.png
Component: component_1744297380660_910.png
centerX: 0.6608222490931076
centerY: 0.5651988029072254
width: 0.013905683192261185
height: 0.00983326207781103
Area: 6.332866855222392e-05
CentroidX: 0.6669
CentroidY: 0.5695
