Location: 20250501_171042.jpg_Gaussian-Median.png
Component: component_1746113322356_26.png
centerX: 0.29501187648456056
centerY: 0.287215411558669
width: 0.052256532066508314
height: 0.09281961471103327
Area: 0.0015624545012084478
CentroidX: 0.3221
CentroidY: 0.3277
