Location: 20250501_171042.jpg_Gaussian-Median.png
Component: component_1746113322364_62.png
centerX: 0.5078384798099762
centerY: 0.7635726795096323
width: 0.04703087885985748
height: 0.11033274956217162
Area: 0.0015399910978364415
CentroidX: 0.5277
CentroidY: 0.8136
