Location: easy64_Gaussian-Closing.png
Component: component_1744297381379_778.png
centerX: 0.30773881499395406
centerY: 0.5485250106883284
width: 0.013301088270858524
height: 0.00983326207781103
Area: 6.0743824937847434e-05
CentroidX: 0.3138
CentroidY: 0.5532
