Location: easy26_Mean-Closing.png
Component: component_1744297381971_111.png
centerX: 0.2411290322580645
centerY: 0.09770114942528736
width: 0.020161290322580645
height: 0.01532567049808429
Area: 0.00011973180076628352
CentroidX: 0.2491
CentroidY: 0.1044
