Location: easy21_Mean-Medain.png
Component: component_1744297380924_770.png
centerX: 0.21693548387096775
centerY: 0.6087164750957854
width: 0.021774193548387097
height: 0.01532567049808429
Area: 0.00012359411692003462
CentroidX: 0.2258
CentroidY: 0.6152
