Location: easy16_Gaussian-Median.png
Component: component_1744297381801_590.png
centerX: 0.8048387096774193
centerY: 0.40086206896551724
width: 0.021774193548387097
height: 0.014846743295019157
Area: 0.00012822889630453591
CentroidX: 0.8134
CentroidY: 0.4072
