Location: easy26_Mean-Closing.png
Component: component_1744297382156_921.png
centerX: 0.10161290322580645
centerY: 0.7260536398467433
width: 0.020161290322580645
height: 0.014846743295019157
Area: 0.00010930354715115561
CentroidX: 0.1094
CentroidY: 0.7324
