Location: easy26_Mean-Closing.png
Component: component_1744297381958_49.png
centerX: 0.325
centerY: 0.05316091954022988
width: 0.020967741935483872
height: 0.01532567049808429
Area: 0.00012011803238165864
CentroidX: 0.3329
CentroidY: 0.0602
