Location: easy43_Mean-Closing.png
Component: component_1744297380668_972.png
centerX: 0.31680773881499397
centerY: 0.589568191534844
width: 0.013905683192261185
height: 0.010260795211628902
Area: 6.513805908228747e-05
CentroidX: 0.3226
CentroidY: 0.5940
