Location: easy16_Gaussian-Median.png
Component: component_1744297381757_383.png
centerX: 0.7258064516129032
centerY: 0.26676245210727967
width: 0.020967741935483872
height: 0.014846743295019157
Area: 0.00012513904338153504
CentroidX: 0.7340
CentroidY: 0.2732
