Location: easy16_Gaussian-Median.png
Component: component_1744297381925_1272.png
centerX: 0.7298387096774194
centerY: 0.889367816091954
width: 0.02258064516129032
height: 0.015804597701149427
Area: 0.00014020207638116425
CentroidX: 0.7388
CentroidY: 0.8966
