Location: easy21_Mean-Medain.png
Component: component_1744297380969_942.png
centerX: 0.15080645161290324
centerY: 0.7212643678160919
width: 0.020967741935483872
height: 0.01532567049808429
Area: 0.00012127672722778396
CentroidX: 0.1590
CentroidY: 0.7279
