Location: easy21_Mean-Medain.png
Component: component_1744297381144_1172.png
centerX: 0.8451612903225807
centerY: 0.8630268199233716
width: 0.02258064516129032
height: 0.015804597701149427
Area: 0.0001367259918427883
CentroidX: 0.8540
CentroidY: 0.8701
