Location: easy16_Gaussian-Median.png
Component: component_1744297381887_1072.png
centerX: 0.7943548387096774
centerY: 0.7547892720306514
width: 0.021774193548387097
height: 0.01532567049808429
Area: 0.00013324990730441232
CentroidX: 0.8030
CentroidY: 0.7613
