Location: 20250501_171042.jpg_Mean-Medain.png
Component: component_1746113322380_47.png
centerX: 0.5719714964370546
centerY: 0.5464098073555166
width: 0.0503562945368171
height: 0.11208406304728546
Area: 0.0014684409982070876
CentroidX: 0.5961
CentroidY: 0.6020
