Location: easy64_Gaussian-Closing.png
Component: component_1744297381370_740.png
centerX: 0.27448609431680776
centerY: 0.5258657545959812
width: 0.013301088270858524
height: 0.010260795211628902
Area: 6.332866855222392e-05
CentroidX: 0.2802
CentroidY: 0.5306
