Location: 20250501_171042.jpg_Gaussian-Closing.png
Component: component_1746113322396_24.png
centerX: 0.3619952494061758
centerY: 0.29947460595446584
width: 0.04608076009501188
height: 0.0840630472854641
Area: 0.0015017201143137638
CentroidX: 0.3863
CentroidY: 0.3339
