Location: easy16_Gaussian-Median.png
Component: component_1744297381872_980.png
centerX: 0.15080645161290324
centerY: 0.689176245210728
width: 0.020967741935483872
height: 0.014846743295019157
Area: 0.00010814485230503028
CentroidX: 0.1593
CentroidY: 0.6956
