Location: easy16_Gaussian-Median.png
Component: component_1744297381793_557.png
centerX: 0.7967741935483871
centerY: 0.3783524904214559
width: 0.020967741935483872
height: 0.014846743295019157
Area: 0.00012398034853540972
CentroidX: 0.8049
CentroidY: 0.3848
