Location: easy26_Mean-Closing.png
Component: component_1744297381969_97.png
centerX: 0.6024193548387097
centerY: 0.07806513409961686
width: 0.020967741935483872
height: 0.01532567049808429
Area: 0.00013093251761216165
CentroidX: 0.6107
CentroidY: 0.0848
