Location: easy26_Mean-Closing.png
Component: component_1744297382191_1097.png
centerX: 0.5290322580645161
centerY: 0.8386015325670498
width: 0.020967741935483872
height: 0.01532567049808429
Area: 0.00012475281176615993
CentroidX: 0.5373
CentroidY: 0.8453
