Location: easy21_Mean-Medain.png
Component: component_1744297380806_220.png
centerX: 0.22580645161290322
centerY: 0.17624521072796934
width: 0.021774193548387097
height: 0.015804597701149427
Area: 0.00013016005438141144
CentroidX: 0.2346
CentroidY: 0.1832
