Location: 20250501_171042.jpg_Gaussian-Median.png
Component: component_1746113322362_55.png
centerX: 0.09738717339667459
centerY: 0.7197898423817863
width: 0.05320665083135392
height: 0.10683012259194395
Area: 0.0015932376836071233
CentroidX: 0.1218
CentroidY: 0.7715
