Location: easy16_Gaussian-Median.png
Component: component_1744297381852_859.png
centerX: 0.47096774193548385
centerY: 0.6206896551724138
width: 0.020967741935483872
height: 0.01532567049808429
Area: 0.00011780064268940799
CentroidX: 0.4790
CentroidY: 0.6276
