Location: easy26_Mean-Closing.png
Component: component_1744297382153_909.png
centerX: 0.23306451612903226
centerY: 0.7255747126436781
width: 0.020967741935483872
height: 0.01532567049808429
Area: 0.00011471078976640712
CentroidX: 0.2413
CentroidY: 0.7325
