Location: 20250501_171042.jpg_Gaussian-Median.png
Component: component_1746113322361_52.png
centerX: 0.8750593824228029
centerY: 0.5814360770577933
width: 0.04513064133016627
height: 0.09982486865148861
Area: 0.0013261727768510468
CentroidX: 0.8966
CentroidY: 0.6266
