Location: easy16_Gaussian-Median.png
Component: component_1744297381777_481.png
centerX: 0.9306451612903226
centerY: 0.3314176245210728
width: 0.02338709677419355
height: 0.01532567049808429
Area: 0.0001371122234581634
CentroidX: 0.9400
CentroidY: 0.3385
