Location: easy21_Mean-Medain.png
Component: component_1744297381045_1026.png
centerX: 0.5564516129032258
centerY: 0.7686781609195402
width: 0.02258064516129032
height: 0.015804597701149427
Area: 0.00013209121245828697
CentroidX: 0.5652
CentroidY: 0.7754
