Location: easy21_Mean-Medain.png
Component: component_1744297380938_832.png
centerX: 0.0717741935483871
centerY: 0.6537356321839081
width: 0.021774193548387097
height: 0.014846743295019157
Area: 0.0001089173155357805
CentroidX: 0.0804
CentroidY: 0.6605
