Location: easy64_Gaussian-Closing.png
Component: component_1744297381394_831.png
centerX: 0.5332527206771464
centerY: 0.5733219324497648
width: 0.013905683192261185
height: 0.00983326207781103
Area: 6.0743824937847434e-05
CentroidX: 0.5391
CentroidY: 0.5776
