Location: easy16_Gaussian-Median.png
Component: component_1744297381921_1248.png
centerX: 0.38064516129032255
centerY: 0.8682950191570882
width: 0.021774193548387097
height: 0.01532567049808429
Area: 0.0001324774440736621
CentroidX: 0.3897
CentroidY: 0.8752
