Location: easy21_Mean-Medain.png
Component: component_1744297380900_669.png
centerX: 0.5806451612903226
centerY: 0.5407088122605364
width: 0.02258064516129032
height: 0.014846743295019157
Area: 0.00012668396984303546
CentroidX: 0.5894
CentroidY: 0.5472
