Location: easy43_Mean-Closing.png
Component: component_1744297380587_307.png
centerX: 0.5429262394195888
centerY: 0.27960666951688756
width: 0.013301088270858524
height: 0.00983326207781103
Area: 6.177776238359803e-05
CentroidX: 0.5484
CentroidY: 0.2840
