Location: easy26_Mean-Closing.png
Component: component_1744297382197_1124.png
centerX: 0.7580645161290323
centerY: 0.8601532567049809
width: 0.020967741935483872
height: 0.01532567049808429
Area: 0.00013016005438141144
CentroidX: 0.7666
CentroidY: 0.8667
