Location: easy16_Gaussian-Median.png
Component: component_1744297381800_588.png
centerX: 0.9298387096774193
centerY: 0.3989463601532567
width: 0.02338709677419355
height: 0.01532567049808429
Area: 0.00013479483376591274
CentroidX: 0.9393
CentroidY: 0.4060
