Location: easy26_Mean-Closing.png
Component: component_1744297382101_625.png
centerX: 0.5758064516129032
centerY: 0.4353448275862069
width: 0.020967741935483872
height: 0.01532567049808429
Area: 0.00012513904338153504
CentroidX: 0.5842
CentroidY: 0.4422
