Location: easy26_Mean-Closing.png
Component: component_1744297382206_1170.png
centerX: 0.7411290322580645
centerY: 0.8831417624521073
width: 0.020161290322580645
height: 0.014846743295019157
Area: 0.00011316586330490669
CentroidX: 0.7494
CentroidY: 0.8896
