Location: 20250501_171042.jpg_Gaussian-Closing.png
Component: component_1746113322395_16.png
centerX: 0.7268408551068883
centerY: 0.09106830122591944
width: 0.05843230403800475
height: 0.09457092819614711
Area: 0.001710546567883157
CentroidX: 0.7576
CentroidY: 0.1281
