Location: easy43_Mean-Closing.png
Component: component_1744297380704_1278.png
centerX: 0.8089480048367593
centerY: 0.7195382642154767
width: 0.015114873035066506
height: 0.010260795211628902
Area: 7.211713684110397e-05
CentroidX: 0.8160
CentroidY: 0.7239
