Location: easy26_Mean-Closing.png
Component: component_1744297382033_430.png
centerX: 0.45725806451612905
centerY: 0.3017241379310345
width: 0.020161290322580645
height: 0.014846743295019157
Area: 0.0001139383265356569
CentroidX: 0.4651
CentroidY: 0.3083
