Location: easy26_Mean-Closing.png
Component: component_1744297382171_993.png
centerX: 0.09838709677419355
centerY: 0.7710727969348659
width: 0.021774193548387097
height: 0.014846743295019157
Area: 0.00011123470522803115
CentroidX: 0.1068
CentroidY: 0.7778
