Location: easy16_Gaussian-Median.png
Component: component_1744297381915_1213.png
centerX: 0.0814516129032258
centerY: 0.8462643678160919
width: 0.020967741935483872
height: 0.014846743295019157
Area: 0.0001135520949202818
CentroidX: 0.0895
CentroidY: 0.8527
