Location: easy21_Mean-Medain.png
Component: component_1744297380925_771.png
centerX: 0.41935483870967744
centerY: 0.6087164750957854
width: 0.021774193548387097
height: 0.01532567049808429
Area: 0.00012629773822766036
CentroidX: 0.4283
CentroidY: 0.6155
