Location: easy16_Gaussian-Median.png
Component: component_1744297381792_553.png
centerX: 0.9306451612903226
centerY: 0.3764367816091954
width: 0.02258064516129032
height: 0.01532567049808429
Area: 0.00013209121245828697
CentroidX: 0.9401
CentroidY: 0.3833
