Location: easy43_Mean-Closing.png
Component: component_1744297380684_1132.png
centerX: 0.7896009673518742
centerY: 0.6549807610089782
width: 0.013905683192261185
height: 0.010260795211628902
Area: 5.867595004634624e-05
CentroidX: 0.7954
CentroidY: 0.6594
