Location: easy43_Mean-Closing.png
Component: component_1744297380585_299.png
centerX: 0.6185006045949214
centerY: 0.2791791363830697
width: 0.014510278113663845
height: 0.00983326207781103
Area: 6.927380886528984e-05
CentroidX: 0.6248
CentroidY: 0.2834
