Location: easy16_Gaussian-Median.png
Component: component_1744297381743_312.png
centerX: 0.8556451612903225
centerY: 0.22030651340996169
width: 0.021774193548387097
height: 0.01532567049808429
Area: 0.00012900135953528613
CentroidX: 0.8642
CentroidY: 0.2269
