Location: easy26_Mean-Closing.png
Component: component_1744297382108_664.png
centerX: 0.07419354838709677
centerY: 0.4592911877394636
width: 0.020967741935483872
height: 0.014846743295019157
Area: 0.00011702817945865776
CentroidX: 0.0827
CentroidY: 0.4658
