Location: easy16_Gaussian-Median.png
Component: component_1744297381763_412.png
centerX: 0.9298387096774193
centerY: 0.28639846743295017
width: 0.02338709677419355
height: 0.01532567049808429
Area: 0.00013170498084291187
CentroidX: 0.9391
CentroidY: 0.2930
