Location: easy21_Mean-Medain.png
Component: component_1744297380762_70.png
centerX: 0.8774193548387097
centerY: 0.06226053639846743
width: 0.021774193548387097
height: 0.01532567049808429
Area: 0.0001367259918427883
CentroidX: 0.8860
CentroidY: 0.0688
