Location: easy26_Mean-Closing.png
Component: component_1744297382189_1085.png
centerX: 0.8
centerY: 0.8376436781609196
width: 0.021774193548387097
height: 0.01532567049808429
Area: 0.0001371122234581634
CentroidX: 0.8084
CentroidY: 0.8444
