Location: easy64_Gaussian-Closing.png
Component: component_1744297381251_342.png
centerX: 0.40084643288996374
centerY: 0.2817443351859769
width: 0.013301088270858524
height: 0.00983326207781103
Area: 5.660807515484506e-05
CentroidX: 0.4064
CentroidY: 0.2860
