Location: easy64_Gaussian-Closing.png
Component: component_1744297381304_609.png
centerX: 0.619105199516324
centerY: 0.4117144078666097
width: 0.013905683192261185
height: 0.00983326207781103
Area: 6.100230929928509e-05
CentroidX: 0.6251
CentroidY: 0.4162
