Location: easy21_Mean-Medain.png
Component: component_1744297380896_654.png
centerX: 0.22822580645161292
centerY: 0.5191570881226054
width: 0.021774193548387097
height: 0.01532567049808429
Area: 0.00012900135953528613
CentroidX: 0.2372
CentroidY: 0.5260
