Location: 20250501_171042.jpg_Mean-Medain.png
Component: component_1746113322375_18.png
centerX: 0.7273159144893112
centerY: 0.09106830122591944
width: 0.057482185273159146
height: 0.09457092819614711
Area: 0.001553302744279112
CentroidX: 0.7578
CentroidY: 0.1291
