Location: easy26_Mean-Closing.png
Component: component_1744297382198_1126.png
centerX: 0.807258064516129
centerY: 0.8601532567049809
width: 0.021774193548387097
height: 0.014846743295019157
Area: 0.00013054628599678655
CentroidX: 0.8155
CentroidY: 0.8666
