Location: easy21_Mean-Medain.png
Component: component_1744297380912_720.png
centerX: 0.11451612903225807
centerY: 0.564176245210728
width: 0.020967741935483872
height: 0.014846743295019157
Area: 0.00011625571622790755
CentroidX: 0.1228
CentroidY: 0.5706
