Location: 20250501_171042.jpg_Mean-Medain.png
Component: component_1746113322375_22.png
centerX: 0.010451306413301662
centerY: 0.2469352014010508
width: 0.04513064133016627
height: 0.09106830122591944
Area: 0.0012970535502577051
CentroidX: 0.0340
CentroidY: 0.2867
