Location: easy26_Mean-Closing.png
Component: component_1744297382110_678.png
centerX: 0.7032258064516129
centerY: 0.4794061302681992
width: 0.020967741935483872
height: 0.014846743295019157
Area: 0.00012475281176615993
CentroidX: 0.7114
CentroidY: 0.4860
