Location: easy21_Mean-Medain.png
Component: component_1744297380957_899.png
centerX: 0.9225806451612903
centerY: 0.6776819923371648
width: 0.02258064516129032
height: 0.015804597701149427
Area: 0.00014367816091954023
CentroidX: 0.9316
CentroidY: 0.6845
