Location: 20250501_171042.jpg_Mean-Medain.png
Component: component_1746113322380_48.png
centerX: 0.6375296912114015
centerY: 0.5551663747810858
width: 0.048456057007125894
height: 0.11208406304728546
Area: 0.0016548040484044744
CentroidX: 0.6619
CentroidY: 0.6060
