Location: 20250501_171042.jpg_Mean-Medain.png
Component: component_1746113322373_7.png
centerX: 0.13064133016627077
centerY: 0.05604203152364273
width: 0.0342042755344418
height: 0.09982486865148861
Area: 0.0012238394948230174
CentroidX: 0.1449
CentroidY: 0.1074
