Location: easy16_Gaussian-Median.png
Component: component_1744297381868_959.png
centerX: 0.7806451612903226
centerY: 0.6872605363984674
width: 0.021774193548387097
height: 0.01532567049808429
Area: 0.00012900135953528613
CentroidX: 0.7892
CentroidY: 0.6938
