Location: easy64_Gaussian-Closing.png
Component: component_1744297381392_821.png
centerX: 0.39600967351874244
centerY: 0.5720393330483112
width: 0.012091898428053204
height: 0.00940572894399316
Area: 4.807809122740265e-05
CentroidX: 0.4012
CentroidY: 0.5767
