Location: easy26_Mean-Closing.png
Component: component_1744297381956_34.png
centerX: 0.614516129032258
centerY: 0.033524904214559385
width: 0.020161290322580645
height: 0.01532567049808429
Area: 0.00013170498084291187
CentroidX: 0.6225
CentroidY: 0.0404
