Location: easy16_Gaussian-Median.png
Component: component_1744297381866_944.png
centerX: 0.15403225806451612
centerY: 0.6671455938697318
width: 0.021774193548387097
height: 0.014846743295019157
Area: 0.00011046224199728093
CentroidX: 0.1622
CentroidY: 0.6736
