Location: easy26_Mean-Closing.png
Component: component_1744297382153_907.png
centerX: 0.910483870967742
centerY: 0.7246168582375478
width: 0.021774193548387097
height: 0.01532567049808429
Area: 0.00013827091830428872
CentroidX: 0.9189
CentroidY: 0.7314
