Location: easy21_Mean-Medain.png
Component: component_1744297380825_302.png
centerX: 0.17580645161290323
centerY: 0.29310344827586204
width: 0.020967741935483872
height: 0.01532567049808429
Area: 0.00012050426399703374
CentroidX: 0.1840
CentroidY: 0.2998
