Location: easy26_Mean-Closing.png
Component: component_1744297381957_41.png
centerX: 0.2346774193548387
centerY: 0.05220306513409962
width: 0.020967741935483872
height: 0.014846743295019157
Area: 0.00011741441107403287
CentroidX: 0.2428
CentroidY: 0.0590
