Location: easy26_Mean-Closing.png
Component: component_1744297381958_47.png
centerX: 0.27983870967741936
centerY: 0.05268199233716475
width: 0.020967741935483872
height: 0.014846743295019157
Area: 0.00012166295884315906
CentroidX: 0.2884
CentroidY: 0.0594
