Location: easy43_Mean-Closing.png
Component: component_1744297380644_772.png
centerX: 0.5241837968561064
centerY: 0.4989311671654553
width: 0.013905683192261185
height: 0.010260795211628902
Area: 6.126079366072273e-05
CentroidX: 0.5304
CentroidY: 0.5035
