Location: easy26_Mean-Closing.png
Component: component_1744297381967_86.png
centerX: 0.842741935483871
centerY: 0.07614942528735633
width: 0.02258064516129032
height: 0.01532567049808429
Area: 0.0001324774440736621
CentroidX: 0.8518
CentroidY: 0.0833
