Location: easy16_Gaussian-Median.png
Component: component_1744297381845_829.png
centerX: 0.1338709677419355
centerY: 0.600095785440613
width: 0.020967741935483872
height: 0.014846743295019157
Area: 0.00010814485230503028
CentroidX: 0.1420
CentroidY: 0.6064
