Location: easy21_Mean-Medain.png
Component: component_1744297380889_612.png
centerX: 0.34274193548387094
centerY: 0.49616858237547895
width: 0.021774193548387097
height: 0.014846743295019157
Area: 0.0001232078853046595
CentroidX: 0.3511
CentroidY: 0.5025
