Location: easy21_Mean-Medain.png
Component: component_1744297380947_863.png
centerX: 0.9362903225806452
centerY: 0.6546934865900383
width: 0.021774193548387097
height: 0.015804597701149427
Area: 0.00013402237053516253
CentroidX: 0.9449
CentroidY: 0.6614
