Location: easy16_Gaussian-Median.png
Component: component_1744297381657_80.png
centerX: 0.3379032258064516
centerY: 0.06752873563218391
width: 0.020967741935483872
height: 0.014846743295019157
Area: 0.00010312384130515387
CentroidX: 0.3462
CentroidY: 0.0746
