Location: easy16_Gaussian-Median.png
Component: component_1744297381879_1019.png
centerX: 0.22016129032258064
centerY: 0.7116858237547893
width: 0.021774193548387097
height: 0.014846743295019157
Area: 0.00011471078976640712
CentroidX: 0.2287
CentroidY: 0.7180
