Location: easy26_Mean-Closing.png
Component: component_1744297382153_906.png
centerX: 0.782258064516129
centerY: 0.7246168582375478
width: 0.020967741935483872
height: 0.01532567049808429
Area: 0.00011586948461253245
CentroidX: 0.7905
CentroidY: 0.7315
