Location: 20250501_171042.jpg_Gaussian-Closing.png
Component: component_1746113322402_55.png
centerX: 0.298812351543943
centerY: 0.7408056042031523
width: 0.05415676959619953
height: 0.08581436077057793
Area: 0.0016240208660057989
CentroidX: 0.3235
CentroidY: 0.7786
