Location: easy26_Mean-Closing.png
Component: component_1744297382036_443.png
centerX: 0.8548387096774194
centerY: 0.3227969348659004
width: 0.020967741935483872
height: 0.01532567049808429
Area: 0.00012282165368928438
CentroidX: 0.8631
CentroidY: 0.3300
