Location: 20250501_171042.jpg_Mean-Medain.png
Component: component_1746113322373_8.png
centerX: 0.1824228028503563
centerY: 0.05779334500875657
width: 0.048931116389548696
height: 0.10157618213660245
Area: 0.0013037093734790403
CentroidX: 0.2065
CentroidY: 0.1069
