Location: 20250501_171042.jpg_Gaussian-Closing.png
Component: component_1746113322403_59.png
centerX: 0.578147268408551
centerY: 0.7565674255691769
width: 0.04513064133016627
height: 0.10157618213660245
Area: 0.0014268421030737425
CentroidX: 0.5988
CentroidY: 0.8044
