Location: easy16_Gaussian-Median.png
Component: component_1744297381872_978.png
centerX: 0.0814516129032258
centerY: 0.689176245210728
width: 0.020967741935483872
height: 0.014846743295019157
Area: 0.00010775862068965517
CentroidX: 0.0897
CentroidY: 0.6959
