Location: easy16_Gaussian-Median.png
Component: component_1744297381689_251.png
centerX: 0.5403225806451613
centerY: 0.17911877394636017
width: 0.020967741935483872
height: 0.01532567049808429
Area: 0.00012204919045853417
CentroidX: 0.5491
CentroidY: 0.1860
