Location: easy21_Mean-Medain.png
Component: component_1744297380938_828.png
centerX: 0.9346774193548387
centerY: 0.6312260536398467
width: 0.021774193548387097
height: 0.015804597701149427
Area: 0.00012591150661228525
CentroidX: 0.9429
CentroidY: 0.6383
