Location: Dedata_26.png_Gaussian-Median.png
Component: component_1755507055305_244.png
centerX: 0.22701612903225807
centerY: 0.5300655457395269
width: 0.03387096774193549
height: 0.0347677400968937
Area: 0.00045160371027496115
CentroidX: 0.2431
CentroidY: 0.5455
