Location: Dedata_26.png_Gaussian-Median.png
Component: component_1755507055313_278.png
centerX: 0.2794354838709677
centerY: 0.6144200626959248
width: 0.032661290322580645
height: 0.038472499287546306
Area: 0.0004960746099890603
CentroidX: 0.2949
CentroidY: 0.6327
