Location: Dedata_26.png_Mean-Closing.png
Component: component_1755507054614_33.png
centerX: 0.3967741935483871
centerY: 0.047021943573667714
width: 0.03790322580645161
height: 0.02821316614420063
Area: 0.00039391794372075495
CentroidX: 0.4133
CentroidY: 0.0603
