Location: Dedata_26.png_Gaussian-Closing.png
Component: component_1755507055003_191.png
centerX: 0.12459677419354839
centerY: 0.3949843260188088
width: 0.03185483870967742
height: 0.037047591906526074
Area: 0.00042632309545040864
CentroidX: 0.1394
CentroidY: 0.4122
