Location: Dedata_26.png_Gaussian-Closing.png
Component: component_1755507055038_282.png
centerX: 0.8758064516129033
centerY: 0.6261043032202906
width: 0.02943548387096774
height: 0.03419777714448561
Area: 0.00040770736998869267
CentroidX: 0.8905
CentroidY: 0.6424
