Location: Dedata_26.png_Gaussian-Closing.png
Component: component_1755507055046_319.png
centerX: 0.8991935483870968
centerY: 0.7210031347962382
width: 0.03346774193548387
height: 0.0353377030493018
Area: 0.0004468923229667491
CentroidX: 0.9169
CentroidY: 0.7367
