Location: Dedata_26.png_Gaussian-Closing.png
Component: component_1755507054941_86.png
centerX: 0.5919354838709677
centerY: 0.15702479338842976
width: 0.0407258064516129
height: 0.034482758620689655
Area: 0.00041609593763502144
CentroidX: 0.6101
CentroidY: 0.1730
