Location: Dedata_26.png_Mean-Closing.png
Component: component_1755507054663_242.png
centerX: 0.7713709677419355
centerY: 0.5383300085494442
width: 0.03951612903225806
height: 0.03875748076375036
Area: 0.0005177929563610624
CentroidX: 0.7903
CentroidY: 0.5557
