Location: Dedata_26.png_Gaussian-Closing.png
Component: component_1755507054912_62.png
centerX: 0.8806451612903226
centerY: 0.10572812767170134
width: 0.03669354838709677
height: 0.031917925334853235
Area: 0.0003894363801836752
CentroidX: 0.8992
CentroidY: 0.1200
