Location: Dedata_26.png_Gaussian-Closing.png
Component: component_1755507055046_318.png
centerX: 0.1443548387096774
centerY: 0.7210031347962382
width: 0.03306451612903226
height: 0.036477628954117984
Area: 0.0004935465485066051
CentroidX: 0.1606
CentroidY: 0.7373
