Location: Dedata_26.png_Gaussian-Median.png
Component: component_1755507055315_288.png
centerX: 0.7701612903225806
centerY: 0.6375035622684525
width: 0.032661290322580645
height: 0.03305785123966942
Area: 0.000402536335138216
CentroidX: 0.7853
CentroidY: 0.6523
