Location: Dedata_26.png_Gaussian-Closing.png
Component: component_1755507054913_63.png
centerX: 0.7649193548387097
centerY: 0.11028783129096609
width: 0.03951612903225806
height: 0.03334283271587347
Area: 0.00041873891100304285
CentroidX: 0.7821
CentroidY: 0.1262
