Location: Dedata_26.png_Mean-Closing.png
Component: component_1755507054621_63.png
centerX: 0.646774193548387
centerY: 0.11541749786263893
width: 0.03669354838709677
height: 0.031062980906241093
Area: 0.00041586611386388916
CentroidX: 0.6649
CentroidY: 0.1296
