Location: Dedata_26.png_Mean-Closing.png
Component: component_1755507054615_36.png
centerX: 0.06693548387096775
centerY: 0.05443146195497293
width: 0.03387096774193549
height: 0.027643203191792535
Area: 0.0002798104413535701
CentroidX: 0.0832
CentroidY: 0.0669
