Location: Dedata_26.png_Mean-Medain.png
Component: component_1755507055166_265.png
centerX: 0.6641129032258064
centerY: 0.5981761185522941
width: 0.03669354838709677
height: 0.036477628954117984
Area: 0.0005575524687669495
CentroidX: 0.6817
CentroidY: 0.6147
