Location: Dedata_26.png_Mean-Closing.png
Component: component_1755507054635_122.png
centerX: 0.47258064516129034
centerY: 0.2476489028213166
width: 0.03669354838709677
height: 0.029353092049016812
Area: 0.0004170152327195506
CentroidX: 0.4910
CentroidY: 0.2609
