Location: Dedata_26.png_Gaussian-Closing.png
Component: component_1755507054924_68.png
centerX: 0.646774193548387
centerY: 0.11541749786263893
width: 0.037096774193548385
height: 0.031062980906241093
Area: 0.00039276882486509343
CentroidX: 0.6648
CentroidY: 0.1296
