Location: Dedata_26.png_Gaussian-Closing.png
Component: component_1755507055043_304.png
centerX: 0.775
centerY: 0.6822456540324879
width: 0.03588709677419355
height: 0.03733257338273012
Area: 0.0004730922328758308
CentroidX: 0.7925
CentroidY: 0.6989
