Location: Dedata_26.png_Mean-Closing.png
Component: component_1755507054686_339.png
centerX: 0.6306451612903226
centerY: 0.7854089484183528
width: 0.03346774193548387
height: 0.03277286976346538
Area: 0.0004089714007299203
CentroidX: 0.6468
CentroidY: 0.8000
