Location: Dedata_26.png_Gaussian-Median.png
Component: component_1755507055286_144.png
centerX: 0.6435483870967742
centerY: 0.2767170133941294
width: 0.037096774193548385
height: 0.02963807352522086
Area: 0.0003827714908208386
CentroidX: 0.6608
CentroidY: 0.2913
