Location: Dedata_26.png_Mean-Medain.png
Component: component_1755507055151_200.png
centerX: 0.23266129032258065
centerY: 0.4263322884012539
width: 0.04435483870967742
height: 0.03220290681105728
Area: 0.0005214701366991791
CentroidX: 0.2547
CentroidY: 0.4419
