Location: Dedata_26.png_Gaussian-Median.png
Component: component_1755507055295_192.png
centerX: 0.12459677419354839
centerY: 0.39469934454260475
width: 0.03185483870967742
height: 0.03733257338273012
Area: 0.0004257485360225779
CentroidX: 0.1394
CentroidY: 0.4121
