Location: Dedata_26.png_Gaussian-Median.png
Component: component_1755507055319_308.png
centerX: 0.6669354838709678
centerY: 0.6865203761755486
width: 0.039919354838709675
height: 0.03362781419207751
Area: 0.0004510291508471304
CentroidX: 0.6858
CentroidY: 0.7030
