Location: Dedata_26.png_Mean-Medain.png
Component: component_1755507055160_237.png
centerX: 0.9266129032258065
centerY: 0.5286406383585067
width: 0.032661290322580645
height: 0.03220290681105728
Area: 0.00046183086809034834
CentroidX: 0.9423
CentroidY: 0.5433
