Location: Dedata_26.png_Gaussian-Median.png
Component: component_1755507055286_143.png
centerX: 0.692741935483871
centerY: 0.274437161584497
width: 0.037096774193548385
height: 0.03220290681105728
Area: 0.0004019617757103853
CentroidX: 0.7100
CentroidY: 0.2889
