Location: Dedata_26.png_Mean-Closing.png
Component: component_1755507054649_183.png
centerX: 0.9342741935483871
centerY: 0.39099458535195214
width: 0.031451612903225803
height: 0.03419777714448561
Area: 0.0004845834214324456
CentroidX: 0.9490
CentroidY: 0.4076
