Location: Dedata_26.png_Gaussian-Closing.png
Component: component_1755507055042_302.png
centerX: 0.8798387096774194
centerY: 0.676546024508407
width: 0.03185483870967742
height: 0.0353377030493018
Area: 0.0004540168598718503
CentroidX: 0.8950
CentroidY: 0.6920
