Location: Dedata_26.png_Mean-Closing.png
Component: component_1755507054644_161.png
centerX: 0.34233870967741936
centerY: 0.3268737532060416
width: 0.03951612903225806
height: 0.029068110572812767
Area: 0.0004170152327195506
CentroidX: 0.3612
CentroidY: 0.3410
