Location: Dedata_26.png_Mean-Closing.png
Component: component_1755507054665_254.png
centerX: 0.2245967741935484
centerY: 0.5770874893131946
width: 0.03508064516129032
height: 0.030777999430037048
Area: 0.00045976245415015765
CentroidX: 0.2406
CentroidY: 0.5906
