Location: Dedata_26.png_Mean-Closing.png
Component: component_1755507054647_173.png
centerX: 0.677016129032258
centerY: 0.3633513821601596
width: 0.034274193548387094
height: 0.031917925334853235
Area: 0.00044838617747910905
CentroidX: 0.6928
CentroidY: 0.3774
