Location: Dedata_26.png_Mean-Medain.png
Component: component_1755507055116_50.png
centerX: 0.2217741935483871
centerY: 0.08121972071815332
width: 0.04112903225806452
height: 0.032487888287261325
Area: 0.00047607994190055063
CentroidX: 0.2393
CentroidY: 0.0970
