Location: Dedata_26.png_Mean-Medain.png
Component: component_1755507055106_5.png
centerX: 0.8991935483870968
centerY: 0.004844685095468795
width: 0.0375
height: 0.0262182958107723
Area: 0.00040621351547633273
CentroidX: 0.9178
CentroidY: 0.0185
