Location: Dedata_26.png_Mean-Closing.png
Component: component_1755507054673_288.png
centerX: 0.3479838709677419
centerY: 0.658877172983756
width: 0.03185483870967742
height: 0.03875748076375036
Area: 0.0005200911940723853
CentroidX: 0.3643
CentroidY: 0.6770
