Location: Dedata_26.png_Mean-Closing.png
Component: component_1755507054635_123.png
centerX: 0.3681451612903226
centerY: 0.25049871758335707
width: 0.037096774193548385
height: 0.03134796238244514
Area: 0.0004221862675700273
CentroidX: 0.3858
CentroidY: 0.2648
