Location: Dedata_26.png_Mean-Medain.png
Component: component_1755507055154_211.png
centerX: 0.6036290322580645
centerY: 0.4585351952123112
width: 0.03669354838709677
height: 0.03362781419207751
Area: 0.0005002114378694417
CentroidX: 0.6207
CentroidY: 0.4735
