Location: Dedata_26.png_Mean-Medain.png
Component: component_1755507055117_52.png
centerX: 0.3858870967741935
centerY: 0.0829296095753776
width: 0.03790322580645161
height: 0.029923055001424906
Area: 0.00042873624504729776
CentroidX: 0.4053
CentroidY: 0.0967
