Location: Dedata_26.png_Mean-Closing.png
Component: component_1755507054640_144.png
centerX: 0.2616935483870968
centerY: 0.29438586491878027
width: 0.03870967741935484
height: 0.033912795668281565
Area: 0.00042758712619163624
CentroidX: 0.2795
CentroidY: 0.3101
