Location: Dedata_26.png_Mean-Closing.png
Component: component_1755507054663_246.png
centerX: 0.6641129032258064
centerY: 0.5520091194072385
width: 0.032661290322580645
height: 0.032487888287261325
Area: 0.0004949254911333989
CentroidX: 0.6795
CentroidY: 0.5663
