Location: Dedata_26.png_Mean-Closing.png
Component: component_1755507054657_218.png
centerX: 0.9548387096774194
centerY: 0.48304360216585923
width: 0.03064516129032258
height: 0.03305785123966942
Area: 0.0004521782697027919
CentroidX: 0.9701
CentroidY: 0.4981
