Location: Dedata_26.png_Gaussian-Closing.png
Component: component_1755507054898_42.png
centerX: 0.9334677419354839
centerY: 0.06469079509831861
width: 0.034274193548387094
height: 0.030777999430037048
Area: 0.0004349414868678697
CentroidX: 0.9508
CentroidY: 0.0793
