Location: Dedata_26.png_Mean-Closing.png
Component: component_1755507054636_126.png
centerX: 0.26895161290322583
centerY: 0.25705329153605017
width: 0.0375
height: 0.03305785123966942
Area: 0.0004170152327195506
CentroidX: 0.2860
CentroidY: 0.2720
