Location: Dedata_26.png_Gaussian-Median.png
Component: component_1755507055323_325.png
centerX: 0.7116935483870968
centerY: 0.7335423197492164
width: 0.031451612903225803
height: 0.032487888287261325
Area: 0.0004226459151122919
CentroidX: 0.7279
CentroidY: 0.7492
