Location: Dedata_26.png_Mean-Closing.png
Component: component_1755507054662_237.png
centerX: 0.22741935483870968
centerY: 0.5297805642633229
width: 0.03346774193548387
height: 0.0347677400968937
Area: 0.00048711148291490086
CentroidX: 0.2432
CentroidY: 0.5452
