Location: Dedata_26.png_Gaussian-Closing.png
Component: component_1755507055048_331.png
centerX: 0.47016129032258064
centerY: 0.7514961527500712
width: 0.03346774193548387
height: 0.03619264747791394
Area: 0.00046183086809034834
CentroidX: 0.4845
CentroidY: 0.7673
