Location: Dedata_26.png_Mean-Closing.png
Component: component_1755507054607_2.png
centerX: 0.9540322580645161
centerY: 0.002564833285836421
width: 0.031048387096774193
height: 0.025933314334568254
Area: 0.0003798986936816849
CentroidX: 0.9705
CentroidY: 0.0155
