Location: Dedata_26.png_Gaussian-Closing.png
Component: component_1755507054945_96.png
centerX: 0.11451612903225807
centerY: 0.17355371900826447
width: 0.039112903225806454
height: 0.03220290681105728
Area: 0.00042517397659474717
CentroidX: 0.1323
CentroidY: 0.1890
