Location: Dedata_26.png_Gaussian-Median.png
Component: component_1755507055285_140.png
centerX: 0.7979838709677419
centerY: 0.2670276432031918
width: 0.038306451612903226
height: 0.03134796238244514
Area: 0.000362891734617895
CentroidX: 0.8175
CentroidY: 0.2811
