Location: Dedata_26.png_Gaussian-Median.png
Component: component_1755507055314_282.png
centerX: 0.9237903225806452
centerY: 0.6252493587916785
width: 0.034274193548387094
height: 0.03590766600170989
Area: 0.00046447384145836975
CentroidX: 0.9407
CentroidY: 0.6415
