Location: Dedata_26.png_Mean-Closing.png
Component: component_1755507054611_20.png
centerX: 0.9241935483870968
centerY: 0.033912795668281565
width: 0.03508064516129032
height: 0.025648332858364205
Area: 0.0003825416670497063
CentroidX: 0.9405
CentroidY: 0.0459
