Location: Dedata_26.png_Gaussian-Closing.png
Component: component_1755507054952_118.png
centerX: 0.8798387096774194
centerY: 0.22143060701054432
width: 0.03387096774193549
height: 0.027643203191792535
Area: 0.0003317506136294689
CentroidX: 0.8960
CentroidY: 0.2350
