Location: Dedata_26.png_Gaussian-Closing.png
Component: component_1755507054939_80.png
centerX: 0.01653225806451613
centerY: 0.1365061271017384
width: 0.03588709677419355
height: 0.029923055001424906
Area: 0.0004159810257494553
CentroidX: 0.0336
CentroidY: 0.1507
