Location: Dedata_26.png_Mean-Closing.png
Component: component_1755507054635_121.png
centerX: 0.4165322580645161
centerY: 0.24707893986890853
width: 0.0375
height: 0.028498147620404674
Area: 0.0004169003208339845
CentroidX: 0.4353
CentroidY: 0.2609
