Location: Dedata_26.png_Gaussian-Median.png
Component: component_1755507055322_320.png
centerX: 0.8991935483870968
centerY: 0.7210031347962382
width: 0.03346774193548387
height: 0.0353377030493018
Area: 0.00044654758731005063
CentroidX: 0.9170
CentroidY: 0.7367
