Location: Dedata_26.png_Mean-Medain.png
Component: component_1755507055131_120.png
centerX: 0.567741935483871
centerY: 0.24194927329723567
width: 0.037096774193548385
height: 0.033912795668281565
Area: 0.000445283556568823
CentroidX: 0.5868
CentroidY: 0.2572
