Location: Dedata_26.png_Gaussian-Closing.png
Component: component_1755507054938_78.png
centerX: 0.06411290322580646
centerY: 0.1353662011969222
width: 0.038306451612903226
height: 0.029068110572812767
Area: 0.0004036854539938775
CentroidX: 0.0823
CentroidY: 0.1485
