Location: Dedata_26.png_Mean-Medain.png
Component: component_1755507055106_7.png
centerX: 0.6915322580645161
centerY: 0.006554573952693075
width: 0.032661290322580645
height: 0.029068110572812767
Area: 0.0003809329006517802
CentroidX: 0.7094
CentroidY: 0.0195
