Location: Dedata_26.png_Gaussian-Median.png
Component: component_1755507055308_256.png
centerX: 0.5016129032258064
centerY: 0.5582787118837276
width: 0.036290322580645164
height: 0.03619264747791394
Area: 0.0004574642164388347
CentroidX: 0.5179
CentroidY: 0.5752
