Location: Dedata_26.png_Mean-Closing.png
Component: component_1755507054652_197.png
centerX: 0.3467741935483871
centerY: 0.4226275292106013
width: 0.036290322580645164
height: 0.03419777714448561
Area: 0.0005119324501971888
CentroidX: 0.3645
CentroidY: 0.4385
