Location: Dedata_26.png_Gaussian-Median.png
Component: component_1755507055320_309.png
centerX: 0.5560483870967742
centerY: 0.6927899686520376
width: 0.03669354838709677
height: 0.03875748076375036
Area: 0.0004949254911333989
CentroidX: 0.5725
CentroidY: 0.7109
