Location: Dedata_26.png_Gaussian-Closing.png
Component: component_1755507054975_151.png
centerX: 0.9540322580645161
centerY: 0.29609575377600456
width: 0.032661290322580645
height: 0.02821316614420063
Area: 0.0003646154129013872
CentroidX: 0.9691
CentroidY: 0.3107
