Location: Dedata_26.png_Gaussian-Median.png
Component: component_1755507055271_70.png
centerX: 0.37540322580645163
centerY: 0.1188372755770875
width: 0.036290322580645164
height: 0.030493017953833
Area: 0.00038047325310951565
CentroidX: 0.3927
CentroidY: 0.1332
