Location: Dedata_26.png_Gaussian-Median.png
Component: component_1755507055266_43.png
centerX: 0.8721774193548387
centerY: 0.06640068395554288
width: 0.043548387096774194
height: 0.03818751781134226
Area: 0.0005230789030971052
CentroidX: 0.8911
CentroidY: 0.0850
