Location: Dedata_26.png_Mean-Closing.png
Component: component_1755507054662_240.png
centerX: 0.8286290322580645
centerY: 0.5349102308349957
width: 0.03387096774193549
height: 0.03134796238244514
Area: 0.00045953263037902536
CentroidX: 0.8434
CentroidY: 0.5492
