Location: Dedata_26.png_Gaussian-Median.png
Component: component_1755507055295_193.png
centerX: 0.8375
centerY: 0.39555428897121686
width: 0.032661290322580645
height: 0.031062980906241093
Area: 0.0004221862675700273
CentroidX: 0.8547
CentroidY: 0.4097
