Location: Dedata_26.png_Gaussian-Closing.png
Component: component_1755507054944_92.png
centerX: 0.32016129032258067
centerY: 0.1615844970076945
width: 0.034274193548387094
height: 0.03362781419207751
Area: 0.00042276082699785805
CentroidX: 0.3376
CentroidY: 0.1772
