Location: Dedata_26.png_Mean-Medain.png
Component: component_1755507055123_82.png
centerX: 0.4879032258064516
centerY: 0.15702479338842976
width: 0.034274193548387094
height: 0.0353377030493018
Area: 0.00042184153191332887
CentroidX: 0.5036
CentroidY: 0.1733
