Location: Dedata_26.png_Mean-Medain.png
Component: component_1755507055179_320.png
centerX: 0.04153225806451613
centerY: 0.7341122827016244
width: 0.03467741935483871
height: 0.03505272157309775
Area: 0.000531582382629
CentroidX: 0.0582
CentroidY: 0.7496
