Location: Dedata_26.png_Gaussian-Median.png
Component: component_1755507055272_74.png
centerX: 0.5959677419354839
centerY: 0.12140210886292391
width: 0.0375
height: 0.030208036477628954
Area: 0.00036174261576223354
CentroidX: 0.6135
CentroidY: 0.1357
