Location: Dedata_26.png_Gaussian-Median.png
Component: component_1755507055272_75.png
centerX: 0.21814516129032258
centerY: 0.12396694214876033
width: 0.038306451612903226
height: 0.03362781419207751
Area: 0.00042563362413701174
CentroidX: 0.2350
CentroidY: 0.1410
