Location: Dedata_26.png_Mean-Medain.png
Component: component_1755507055140_158.png
centerX: 0.5830645161290322
centerY: 0.31889427187232827
width: 0.035483870967741936
height: 0.030493017953833
Area: 0.0004301151876740915
CentroidX: 0.6004
CentroidY: 0.3329
