Location: Dedata_26.png_Gaussian-Median.png
Component: component_1755507055297_200.png
centerX: 0.5100806451612904
centerY: 0.4106583072100313
width: 0.03387096774193549
height: 0.03761755485893417
Area: 0.000497338640730288
CentroidX: 0.5264
CentroidY: 0.4283
