Location: Dedata_26.png_Mean-Medain.png
Component: component_1755507055158_229.png
centerX: 0.6504032258064516
centerY: 0.5021373610715304
width: 0.03467741935483871
height: 0.03818751781134226
Area: 0.0005375578006784398
CentroidX: 0.6682
CentroidY: 0.5208
