Location: Dedata_26.png_Mean-Closing.png
Component: component_1755507054651_192.png
centerX: 0.6209677419354839
centerY: 0.40894841835280704
width: 0.038306451612903226
height: 0.03134796238244514
Area: 0.0004658527840851635
CentroidX: 0.6389
CentroidY: 0.4243
