Location: Dedata_26.png_Gaussian-Closing.png
Component: component_1755507054861_28.png
centerX: 0.6104838709677419
centerY: 0.03875748076375036
width: 0.037096774193548385
height: 0.023938444001139925
Area: 0.0003786346629404573
CentroidX: 0.6290
CentroidY: 0.0509
