Location: Dedata_26.png_Mean-Closing.png
Component: component_1755507054633_115.png
centerX: 0.7737903225806452
centerY: 0.22941008834425763
width: 0.03467741935483871
height: 0.031062980906241093
Area: 0.000415751201978323
CentroidX: 0.7913
CentroidY: 0.2446
