Location: Dedata_26.png_Mean-Closing.png
Component: component_1755507054678_304.png
centerX: 0.5092741935483871
centerY: 0.6982046166999145
width: 0.03306451612903226
height: 0.03362781419207751
Area: 0.0004704492595078094
CentroidX: 0.5238
CentroidY: 0.7147
