Location: Dedata_26.png_Gaussian-Median.png
Component: component_1755507055279_109.png
centerX: 0.4036290322580645
centerY: 0.20205186662866914
width: 0.039112903225806454
height: 0.02792818466799658
Area: 0.0003650750604436518
CentroidX: 0.4224
CentroidY: 0.2158
