Location: Dedata_26.png_Gaussian-Median.png
Component: component_1755507055310_266.png
centerX: 0.12379032258064517
centerY: 0.5827871188372756
width: 0.03669354838709677
height: 0.029068110572812767
Area: 0.00042253100322672577
CentroidX: 0.1408
CentroidY: 0.5970
