Location: Dedata_26.png_Mean-Medain.png
Component: component_1755507055163_249.png
centerX: 0.5532258064516129
centerY: 0.5568538045027073
width: 0.03346774193548387
height: 0.036477628954117984
Area: 0.0005107833313415274
CentroidX: 0.5706
CentroidY: 0.5729
