Location: Dedata_26.png_Gaussian-Median.png
Component: component_1755507055299_215.png
centerX: 0.7120967741935483
centerY: 0.44913080649757764
width: 0.03669354838709677
height: 0.03676261043032203
Area: 0.00048205535994999034
CentroidX: 0.7280
CentroidY: 0.4651
