Location: Dedata_26.png_Mean-Medain.png
Component: component_1755507055177_311.png
centerX: 0.19516129032258064
centerY: 0.7175833570817897
width: 0.03346774193548387
height: 0.039612425192362494
Area: 0.0005381323601062705
CentroidX: 0.2128
CentroidY: 0.7362
