Location: Dedata_26.png_Gaussian-Closing.png
Component: component_1755507054943_89.png
centerX: 0.4879032258064516
centerY: 0.1573097748646338
width: 0.034274193548387094
height: 0.03505272157309775
Area: 0.0003970205646310409
CentroidX: 0.5036
CentroidY: 0.1734
