Location: Dedata_26.png_Gaussian-Median.png
Component: component_1755507055269_59.png
centerX: 0.06330645161290323
centerY: 0.091479053861499
width: 0.04153225806451613
height: 0.03134796238244514
Area: 0.00044310023074306624
CentroidX: 0.0812
CentroidY: 0.1072
