Location: Dedata_26.png_Gaussian-Closing.png
Component: component_1755507055040_291.png
centerX: 0.5576612903225806
centerY: 0.6480478768880022
width: 0.03467741935483871
height: 0.033912795668281565
Area: 0.00045125897461826273
CentroidX: 0.5745
CentroidY: 0.6645
