Location: Dedata_26.png_Gaussian-Median.png
Component: component_1755507055275_92.png
centerX: 0.3713709677419355
centerY: 0.15901966372185808
width: 0.043548387096774194
height: 0.03305785123966942
Area: 0.0004533273885584534
CentroidX: 0.3900
CentroidY: 0.1751
