Location: Dedata_26.png_Mean-Closing.png
Component: component_1755507054624_78.png
centerX: 0.8040322580645162
centerY: 0.14562553434026787
width: 0.039112903225806454
height: 0.03220290681105728
Area: 0.0003907004109249028
CentroidX: 0.8226
CentroidY: 0.1605
