Location: Dedata_26.png_Mean-Medain.png
Component: component_1755507055162_248.png
centerX: 0.6016129032258064
centerY: 0.5534340267882588
width: 0.03508064516129032
height: 0.040467369620974636
Area: 0.0005234236387538036
CentroidX: 0.6198
CentroidY: 0.5707
