Location: Dedata_26.png_Gaussian-Closing.png
Component: component_1755507055054_355.png
centerX: 0.09758064516129032
centerY: 0.8198917070390425
width: 0.037096774193548385
height: 0.029353092049016812
Area: 0.00040575386793406817
CentroidX: 0.1146
CentroidY: 0.8343
