Location: Dedata_26.png_Mean-Closing.png
Component: component_1755507054638_135.png
centerX: 0.7463709677419355
centerY: 0.2690225135366201
width: 0.04112903225806452
height: 0.033912795668281565
Area: 0.00046332472260270823
CentroidX: 0.7649
CentroidY: 0.2854
