Location: Dedata_26.png_Mean-Closing.png
Component: component_1755507054631_104.png
centerX: 0.3439516129032258
centerY: 0.20319179253348532
width: 0.04758064516129032
height: 0.03676261043032203
Area: 0.0005077956223168075
CentroidX: 0.3652
CentroidY: 0.2205
