Location: Dedata_26.png_Gaussian-Median.png
Component: component_1755507055308_258.png
centerX: 0.38911290322580644
centerY: 0.5659732117412368
width: 0.03508064516129032
height: 0.031062980906241093
Area: 0.0004303450114452238
CentroidX: 0.4061
CentroidY: 0.5809
