Location: Dedata_26.png_Gaussian-Median.png
Component: component_1755507055309_262.png
centerX: 0.17137096774193547
centerY: 0.5793673411228271
width: 0.031048387096774193
height: 0.032487888287261325
Area: 0.00041195910975464015
CentroidX: 0.1874
CentroidY: 0.5942
