Location: Dedata_26.png_Gaussian-Median.png
Component: component_1755507055296_198.png
centerX: 0.6774193548387096
centerY: 0.40581362211456257
width: 0.031048387096774193
height: 0.0353377030493018
Area: 0.0004632098107171421
CentroidX: 0.6926
CentroidY: 0.4218
