Location: Dedata_26.png_Mean-Closing.png
Component: component_1755507054620_58.png
centerX: 0.7649193548387097
centerY: 0.11028783129096609
width: 0.039112903225806454
height: 0.03334283271587347
Area: 0.00044149146434514016
CentroidX: 0.7821
CentroidY: 0.1261
