Location: Dedata_26.png_Gaussian-Median.png
Component: component_1755507055274_84.png
centerX: 0.8040322580645162
centerY: 0.14562553434026787
width: 0.039112903225806454
height: 0.032487888287261325
Area: 0.00037357853997554676
CentroidX: 0.8226
CentroidY: 0.1604
