Location: Dedata_26.png_Mean-Closing.png
Component: component_1755507054668_266.png
centerX: 0.5512096774193549
centerY: 0.6015958962667427
width: 0.035483870967741936
height: 0.03619264747791394
Area: 0.0004935465485066051
CentroidX: 0.5673
CentroidY: 0.6178
