Location: Dedata_26.png_Mean-Closing.png
Component: component_1755507054623_70.png
centerX: 0.1625
centerY: 0.12596181248218866
width: 0.039919354838709675
height: 0.031062980906241093
Area: 0.0004067880749041635
CentroidX: 0.1824
CentroidY: 0.1401
