Location: Dedata_26.png_Gaussian-Median.png
Component: component_1755507055323_326.png
centerX: 0.041935483870967745
centerY: 0.7341122827016244
width: 0.034274193548387094
height: 0.03505272157309775
Area: 0.0005006710854117063
CentroidX: 0.0584
CentroidY: 0.7496
