Location: Dedata_26.png_Gaussian-Median.png
Component: component_1755507055300_217.png
centerX: 0.6036290322580645
centerY: 0.4585351952123112
width: 0.03669354838709677
height: 0.03362781419207751
Area: 0.00046700190294082496
CentroidX: 0.6206
CentroidY: 0.4737
