Location: Dedata_26.png_Mean-Medain.png
Component: component_1755507055186_351.png
centerX: 0.04798387096774193
centerY: 0.823026503277287
width: 0.03508064516129032
height: 0.029923055001424906
Area: 0.0004989474071282141
CentroidX: 0.0645
CentroidY: 0.8383
