Location: Dedata_26.png_Gaussian-Median.png
Component: component_1755507055311_269.png
centerX: 0.022983870967741935
centerY: 0.5882017668851525
width: 0.0407258064516129
height: 0.03134796238244514
Area: 0.00047401152796036
CentroidX: 0.0420
CentroidY: 0.6034
