Location: Dedata_26.png_Gaussian-Closing.png
Component: component_1755507054794_6.png
centerX: 0.6915322580645161
centerY: 0.006554573952693075
width: 0.032661290322580645
height: 0.029068110572812767
Area: 0.00035703122845402144
CentroidX: 0.7093
CentroidY: 0.0197
