Location: Dedata_26.png_Mean-Medain.png
Component: component_1755507055169_277.png
centerX: 0.8758064516129033
centerY: 0.6261043032202906
width: 0.02943548387096774
height: 0.03419777714448561
Area: 0.00043264324915654676
CentroidX: 0.8904
CentroidY: 0.6424
