Location: Dedata_26.png_Mean-Medain.png
Component: component_1755507055138_149.png
centerX: 0.16532258064516128
centerY: 0.3017953833000855
width: 0.031048387096774193
height: 0.03419777714448561
Area: 0.0004241397696246518
CentroidX: 0.1813
CentroidY: 0.3182
