Location: Dedata_26.png_Gaussian-Closing.png
Component: component_1755507055026_239.png
centerX: 0.392741935483871
centerY: 0.5195212311199772
width: 0.03387096774193549
height: 0.032487888287261325
Area: 0.0004334476323555098
CentroidX: 0.4094
CentroidY: 0.5344
