Location: Dedata_26.png_Mean-Closing.png
Component: component_1755507054674_292.png
centerX: 0.18266129032258063
centerY: 0.6702764320319179
width: 0.04153225806451613
height: 0.038472499287546306
Area: 0.0005572077331102511
CentroidX: 0.1999
CentroidY: 0.6889
