Location: Dedata_26.png_Gaussian-Closing.png
Component: component_1755507055044_312.png
centerX: 0.3995967741935484
centerY: 0.7061840980336278
width: 0.03951612903225806
height: 0.033912795668281565
Area: 0.0004713685545923386
CentroidX: 0.4175
CentroidY: 0.7227
