Location: Dedata_26.png_Gaussian-Closing.png
Component: component_1755507054967_132.png
centerX: 0.26895161290322583
centerY: 0.25705329153605017
width: 0.03790322580645161
height: 0.03334283271587347
Area: 0.00039564162200424717
CentroidX: 0.2860
CentroidY: 0.2721
