Location: Dedata_26.png_Gaussian-Median.png
Component: component_1755507055252_19.png
centerX: 0.014112903225806451
centerY: 0.016813907096038756
width: 0.03508064516129032
height: 0.02707324023938444
Area: 0.00040173195193925296
CentroidX: 0.0311
CentroidY: 0.0299
