Location: Dedata_26.png_Mean-Closing.png
Component: component_1755507054683_328.png
centerX: 0.9354838709677419
centerY: 0.7648902821316614
width: 0.032661290322580645
height: 0.038472499287546306
Area: 0.0005011307329539709
CentroidX: 0.9512
CentroidY: 0.7819
