Location: Dedata_26.png_Mean-Medain.png
Component: component_1755507055154_212.png
centerX: 0.552016129032258
centerY: 0.4591051581647193
width: 0.03508064516129032
height: 0.036477628954117984
Area: 0.0004963044337601927
CentroidX: 0.5682
CentroidY: 0.4751
