Location: Dedata_26.png_Mean-Medain.png
Component: component_1755507055168_274.png
centerX: 0.9709677419354839
centerY: 0.6209746366486179
width: 0.027016129032258064
height: 0.031917925334853235
Area: 0.0004156362900927569
CentroidX: 0.9837
CentroidY: 0.6361
