Location: Dedata_26.png_Mean-Medain.png
Component: component_1755507055167_271.png
centerX: 0.3350806451612903
centerY: 0.6110002849814762
width: 0.034274193548387094
height: 0.03619264747791394
Area: 0.00048182553617885806
CentroidX: 0.3494
CentroidY: 0.6276
