Location: Dedata_26.png_Gaussian-Closing.png
Component: component_1755507055033_265.png
centerX: 0.12419354838709677
centerY: 0.5827871188372756
width: 0.036290322580645164
height: 0.029068110572812767
Area: 0.00042299065076899033
CentroidX: 0.1408
CentroidY: 0.5970
