Location: Dedata_26.png_Gaussian-Median.png
Component: component_1755507055279_106.png
centerX: 0.6266129032258064
centerY: 0.19834710743801653
width: 0.039919354838709675
height: 0.029923055001424906
Area: 0.00039610126954651173
CentroidX: 0.6442
CentroidY: 0.2133
