Location: Dedata_26.png_Mean-Medain.png
Component: component_1755507055185_347.png
centerX: 0.2584677419354839
centerY: 0.8076375035622685
width: 0.031048387096774193
height: 0.034482758620689655
Area: 0.00045493615495637946
CentroidX: 0.2739
CentroidY: 0.8245
