Location: Dedata_26.png_Mean-Medain.png
Component: component_1755507055160_239.png
centerX: 0.8721774193548387
centerY: 0.5326303790253634
width: 0.03467741935483871
height: 0.034482758620689655
Area: 0.00046240542751817905
CentroidX: 0.8904
CentroidY: 0.5481
