Location: Dedata_26.png_Gaussian-Closing.png
Component: component_1755507055047_326.png
centerX: 0.6608870967741935
centerY: 0.7392419492732972
width: 0.03669354838709677
height: 0.03163294385864919
Area: 0.0003848399047610292
CentroidX: 0.6761
CentroidY: 0.7538
