Location: Dedata_26.png_Mean-Closing.png
Component: component_1755507054648_178.png
centerX: 0.3987903225806452
centerY: 0.3741806782559134
width: 0.031451612903225803
height: 0.033912795668281565
Area: 0.0004347116630967374
CentroidX: 0.4146
CentroidY: 0.3889
