Location: Dedata_26.png_Gaussian-Closing.png
Component: component_1755507054907_53.png
centerX: 0.2217741935483871
centerY: 0.08121972071815332
width: 0.04112903225806452
height: 0.032487888287261325
Area: 0.0004572343926677024
CentroidX: 0.2394
CentroidY: 0.0971
