Location: Dedata_26.png_Gaussian-Median.png
Component: component_1755507055293_182.png
centerX: 0.5661290322580645
centerY: 0.36791108577942433
width: 0.0375
height: 0.03277286976346538
Area: 0.0004439046139420293
CentroidX: 0.5839
CentroidY: 0.3827
