Location: Dedata_26.png_Gaussian-Closing.png
Component: component_1755507055042_301.png
centerX: 0.08669354838709678
centerY: 0.676546024508407
width: 0.03346774193548387
height: 0.03761755485893417
Area: 0.0004829746550345195
CentroidX: 0.1029
CentroidY: 0.6953
