Location: Dedata_26.png_Mean-Closing.png
Component: component_1755507054637_130.png
centerX: 0.8620967741935484
centerY: 0.26246793958392706
width: 0.031048387096774193
height: 0.0262182958107723
Area: 0.00036139788010553506
CentroidX: 0.8788
CentroidY: 0.2744
