Location: Dedata_26.png_Gaussian-Closing.png
Component: component_1755507054947_102.png
centerX: 0.8
centerY: 0.18922770019948704
width: 0.04596774193548387
height: 0.032487888287261325
Area: 0.00039748021217330553
CentroidX: 0.8202
CentroidY: 0.2055
