Location: Dedata_26.png_Gaussian-Median.png
Component: component_1755507055288_154.png
centerX: 0.9048387096774193
centerY: 0.3000854944428612
width: 0.03508064516129032
height: 0.03305785123966942
Area: 0.00041414243558039694
CentroidX: 0.9235
CentroidY: 0.3152
