Location: Dedata_26.png_Mean-Closing.png
Component: component_1755507054658_223.png
centerX: 0.8620967741935484
centerY: 0.48931319464234824
width: 0.03346774193548387
height: 0.030777999430037048
Area: 0.00045137388650382887
CentroidX: 0.8791
CentroidY: 0.5045
