Location: Dedata_26.png_Mean-Closing.png
Component: component_1755507054622_67.png
centerX: 0.5362903225806451
centerY: 0.11969222000569962
width: 0.03951612903225806
height: 0.030493017953833
Area: 0.00042609327167927635
CentroidX: 0.5545
CentroidY: 0.1343
