Location: Dedata_26.png_Mean-Medain.png
Component: component_1755507055178_314.png
centerX: 0.8991935483870968
centerY: 0.7210031347962382
width: 0.03346774193548387
height: 0.03505272157309775
Area: 0.0004706790832789417
CentroidX: 0.9170
CentroidY: 0.7365
