Location: Dedata_26.png_Gaussian-Median.png
Component: component_1755507055293_180.png
centerX: 0.677016129032258
centerY: 0.3633513821601596
width: 0.03467741935483871
height: 0.031917925334853235
Area: 0.0004202327655154028
CentroidX: 0.6928
CentroidY: 0.3775
