Location: Dedata_26.png_Mean-Closing.png
Component: component_1755507054654_204.png
centerX: 0.08346774193548387
centerY: 0.4397264177828441
width: 0.031048387096774193
height: 0.03818751781134226
Area: 0.0004953851386756635
CentroidX: 0.0977
CentroidY: 0.4576
