Location: Dedata_26.png_Mean-Medain.png
Component: component_1755507055165_259.png
centerX: 0.8266129032258065
centerY: 0.5816471929324594
width: 0.034274193548387094
height: 0.04360216585921915
Area: 0.0006016786328243502
CentroidX: 0.8442
CentroidY: 0.6008
