Location: Dedata_26.png_Mean-Medain.png
Component: component_1755507055111_28.png
centerX: 0.555241935483871
centerY: 0.04132231404958678
width: 0.039112903225806454
height: 0.030208036477628954
Area: 0.00037357853997554676
CentroidX: 0.5726
CentroidY: 0.0553
