Location: Dedata_26.png_Mean-Closing.png
Component: component_1755507054620_56.png
centerX: 0.9314516129032258
centerY: 0.10373325733827302
width: 0.03346774193548387
height: 0.031917925334853235
Area: 0.00039656091708877635
CentroidX: 0.9484
CentroidY: 0.1177
