Location: Dedata_26.png_Mean-Medain.png
Component: component_1755507055120_70.png
centerX: 0.21814516129032258
centerY: 0.12396694214876033
width: 0.038306451612903226
height: 0.03334283271587347
Area: 0.00044298531885750004
CentroidX: 0.2349
CentroidY: 0.1409
