Location: Dedata_26.png_Gaussian-Median.png
Component: component_1755507055315_290.png
centerX: 0.6608870967741935
centerY: 0.6429182103163295
width: 0.0375
height: 0.036477628954117984
Area: 0.0004968789931880234
CentroidX: 0.6781
CentroidY: 0.6603
