Location: Dedata_26.png_Gaussian-Median.png
Component: component_1755507055251_14.png
centerX: 0.06733870967741935
centerY: 0.013394129381590196
width: 0.04395161290322581
height: 0.031062980906241093
Area: 0.0004336774561266421
CentroidX: 0.0868
CentroidY: 0.0291
