Location: Dedata_26.png_Gaussian-Closing.png
Component: component_1755507054982_170.png
centerX: 0.9387096774193548
centerY: 0.3422627529210601
width: 0.03306451612903226
height: 0.030777999430037048
Area: 0.00038794252567131524
CentroidX: 0.9532
CentroidY: 0.3567
