Location: Dedata_26.png_Mean-Medain.png
Component: component_1755507055147_180.png
centerX: 0.3419354838709677
centerY: 0.37817041892277004
width: 0.043548387096774194
height: 0.032487888287261325
Area: 0.00045551071438421016
CentroidX: 0.3632
CentroidY: 0.3931
