Location: Dedata_26.png_Mean-Closing.png
Component: component_1755507054681_318.png
centerX: 0.7112903225806452
centerY: 0.7335423197492164
width: 0.03185483870967742
height: 0.03220290681105728
Area: 0.0004579238639810993
CentroidX: 0.7280
CentroidY: 0.7491
