Location: Dedata_26.png_Gaussian-Closing.png
Component: component_1755507055002_189.png
centerX: 0.9342741935483871
centerY: 0.39099458535195214
width: 0.031451612903225803
height: 0.034482758620689655
Area: 0.000451488798389395
CentroidX: 0.9489
CentroidY: 0.4077
