Location: Dedata_26.png_Mean-Closing.png
Component: component_1755507054677_302.png
centerX: 0.5560483870967742
centerY: 0.6927899686520376
width: 0.03669354838709677
height: 0.038472499287546306
Area: 0.000529973616231074
CentroidX: 0.5726
CentroidY: 0.7109
