Location: Dedata_26.png_Mean-Closing.png
Component: component_1755507054673_287.png
centerX: 0.4528225806451613
centerY: 0.6540324878882873
width: 0.03508064516129032
height: 0.038472499287546306
Area: 0.0005118175383116226
CentroidX: 0.4689
CentroidY: 0.6718
