Location: Dedata_26.png_Mean-Medain.png
Component: component_1755507055126_99.png
centerX: 0.7411290322580645
centerY: 0.19065260758050726
width: 0.039919354838709675
height: 0.03562268452550584
Area: 0.0004667720791696927
CentroidX: 0.7597
CentroidY: 0.2074
