Location: Dedata_26.png_Mean-Closing.png
Component: component_1755507054630_103.png
centerX: 0.4036290322580645
centerY: 0.20205186662866914
width: 0.039112903225806454
height: 0.02792818466799658
Area: 0.00039058549903933664
CentroidX: 0.4225
CentroidY: 0.2159
