Location: Dedata_26.png_Mean-Closing.png
Component: component_1755507054688_349.png
centerX: 0.09758064516129032
centerY: 0.8196067255628384
width: 0.037096774193548385
height: 0.02963807352522086
Area: 0.00042931080447512846
CentroidX: 0.1146
CentroidY: 0.8343
