Location: Dedata_26.png_Mean-Medain.png
Component: component_1755507055178_313.png
centerX: 0.1443548387096774
centerY: 0.7210031347962382
width: 0.03306451612903226
height: 0.036477628954117984
Area: 0.0005200911940723853
CentroidX: 0.1607
CentroidY: 0.7373
