Location: Dedata_26.png_Gaussian-Closing.png
Component: component_1755507054896_36.png
centerX: 0.33991935483870966
centerY: 0.04730692504987176
width: 0.03387096774193549
height: 0.02821316614420063
Area: 0.0003485277489221265
CentroidX: 0.3568
CentroidY: 0.0602
