Location: Dedata_26.png_Gaussian-Median.png
Component: component_1755507055249_7.png
centerX: 0.6915322580645161
centerY: 0.006554573952693075
width: 0.032661290322580645
height: 0.029353092049016812
Area: 0.0003578356116529845
CentroidX: 0.7093
CentroidY: 0.0197
