Location: Dedata_26.png_Gaussian-Closing.png
Component: component_1755507054943_91.png
centerX: 0.3713709677419355
centerY: 0.15901966372185808
width: 0.043548387096774194
height: 0.03305785123966942
Area: 0.00045424668364298256
CentroidX: 0.3900
CentroidY: 0.1751
