Location: Dedata_26.png_Gaussian-Median.png
Component: component_1755507055266_40.png
centerX: 0.06653225806451613
centerY: 0.05443146195497293
width: 0.03467741935483871
height: 0.027643203191792535
Area: 0.0002599306851506265
CentroidX: 0.0831
CentroidY: 0.0671
