Location: Dedata_26.png_Mean-Medain.png
Component: component_1755507055135_141.png
centerX: 0.4217741935483871
centerY: 0.2841265317754346
width: 0.04032258064516129
height: 0.032487888287261325
Area: 0.00044436426148429384
CentroidX: 0.4418
CentroidY: 0.2997
