Location: Dedata_26.png_Mean-Closing.png
Component: component_1755507054644_159.png
centerX: 0.5278225806451613
centerY: 0.3240239384440011
width: 0.035483870967741936
height: 0.03305785123966942
Area: 0.00045229318158835805
CentroidX: 0.5441
CentroidY: 0.3392
