Location: Dedata_26.png_Gaussian-Closing.png
Component: component_1755507055047_325.png
centerX: 0.041935483870967745
centerY: 0.7341122827016244
width: 0.034274193548387094
height: 0.03505272157309775
Area: 0.0005011307329539709
CentroidX: 0.0584
CentroidY: 0.7496
