Location: Dedata_26.png_Gaussian-Median.png
Component: component_1755507055261_28.png
centerX: 0.6612903225806451
centerY: 0.03761755485893417
width: 0.03508064516129032
height: 0.025648332858364205
Area: 0.00037576186580130354
CentroidX: 0.6788
CentroidY: 0.0497
