Location: Dedata_26.png_Mean-Medain.png
Component: component_1755507055109_18.png
centerX: 0.014112903225806451
centerY: 0.01652892561983471
width: 0.03508064516129032
height: 0.027358221715588486
Area: 0.00043551604629570045
CentroidX: 0.0310
CentroidY: 0.0298
