Location: Dedata_26.png_Mean-Closing.png
Component: component_1755507054685_335.png
centerX: 0.16088709677419355
centerY: 0.7745796523225991
width: 0.034274193548387094
height: 0.03419777714448561
Area: 0.0004714834664779047
CentroidX: 0.1769
CentroidY: 0.7906
