Location: Dedata_26.png_Mean-Closing.png
Component: component_1755507054662_241.png
centerX: 0.12217741935483871
centerY: 0.5357651752636079
width: 0.036290322580645164
height: 0.034482758620689655
Area: 0.000477114148870646
CentroidX: 0.1394
CentroidY: 0.5520
