Location: Dedata_26.png_Mean-Medain.png
Component: component_1755507055173_294.png
centerX: 0.9274193548387096
centerY: 0.6739811912225705
width: 0.03467741935483871
height: 0.03619264747791394
Area: 0.0004955000505612296
CentroidX: 0.9447
CentroidY: 0.6901
