Location: Dedata_26.png_Mean-Closing.png
Component: component_1755507054653_203.png
centerX: 0.031451612903225803
centerY: 0.43944143630664007
width: 0.03588709677419355
height: 0.039897406668566546
Area: 0.0005512323150608113
CentroidX: 0.0497
CentroidY: 0.4579
