Location: Dedata_26.png_Gaussian-Closing.png
Component: component_1755507054975_152.png
centerX: 0.2129032258064516
centerY: 0.2992305500142491
width: 0.0375
height: 0.031917925334853235
Area: 0.00039058549903933664
CentroidX: 0.2320
CentroidY: 0.3133
