Location: Dedata_26.png_Mean-Closing.png
Component: component_1755507054621_60.png
centerX: 0.7088709677419355
centerY: 0.11313764605300655
width: 0.03870967741935484
height: 0.028783129096608722
Area: 0.0004159810257494553
CentroidX: 0.7291
CentroidY: 0.1268
