Location: Dedata_26.png_Gaussian-Closing.png
Component: component_1755507054901_47.png
centerX: 0.6508064516129032
centerY: 0.07324023938444
width: 0.035483870967741936
height: 0.039612425192362494
Area: 0.0005059570321477491
CentroidX: 0.6695
CentroidY: 0.0913
