Location: Dedata_26.png_Gaussian-Closing.png
Component: component_1755507054984_176.png
centerX: 0.8290322580645161
centerY: 0.3530920490168139
width: 0.03508064516129032
height: 0.027358221715588486
Area: 0.0003595592899364767
CentroidX: 0.8437
CentroidY: 0.3653
