Location: Dedata_26.png_Gaussian-Median.png
Component: component_1755507055306_251.png
centerX: 0.7201612903225807
centerY: 0.542604730692505
width: 0.034274193548387094
height: 0.037047591906526074
Area: 0.000490329015710753
CentroidX: 0.7362
CentroidY: 0.5596
