Location: Dedata_26.png_Gaussian-Closing.png
Component: component_1755507054897_38.png
centerX: 0.44879032258064516
centerY: 0.05129666571672841
width: 0.03185483870967742
height: 0.01909375890567113
Area: 0.00020730104156133078
CentroidX: 0.4638
CentroidY: 0.0615
