Location: Dedata_26.png_Mean-Medain.png
Component: component_1755507055156_224.png
centerX: 0.8620967741935484
centerY: 0.48931319464234824
width: 0.03346774193548387
height: 0.030777999430037048
Area: 0.0004510291508471304
CentroidX: 0.8791
CentroidY: 0.5045
