Location: Dedata_26.png_Mean-Medain.png
Component: component_1755507055182_331.png
centerX: 0.885483870967742
centerY: 0.7660302080364776
width: 0.03024193548387097
height: 0.03277286976346538
Area: 0.0003759916895724359
CentroidX: 0.8985
CentroidY: 0.7806
