Location: Dedata_26.png_Gaussian-Median.png
Component: component_1755507055260_26.png
centerX: 0.7185483870967742
centerY: 0.03733257338273012
width: 0.038306451612903226
height: 0.024508406953548018
Area: 0.0003612829682199689
CentroidX: 0.7378
CentroidY: 0.0491
