Location: Dedata_26.png_Mean-Closing.png
Component: component_1755507054630_101.png
centerX: 0.4637096774193548
centerY: 0.20091194072385296
width: 0.0407258064516129
height: 0.030777999430037048
Area: 0.0004283915093905993
CentroidX: 0.4841
CentroidY: 0.2150
