Location: Dedata_26.png_Gaussian-Closing.png
Component: component_1755507055040_293.png
centerX: 0.4528225806451613
centerY: 0.6540324878882873
width: 0.03508064516129032
height: 0.038472499287546306
Area: 0.00048044659355206426
CentroidX: 0.4688
CentroidY: 0.6720
