Location: Dedata_26.png_Mean-Medain.png
Component: component_1755507055129_111.png
centerX: 0.9245967741935484
centerY: 0.21858079224850385
width: 0.03467741935483871
height: 0.029353092049016812
Area: 0.00037886448671158957
CentroidX: 0.9429
CentroidY: 0.2321
