Location: Dedata_26.png_Gaussian-Median.png
Component: component_1755507055324_332.png
centerX: 0.5229838709677419
centerY: 0.7495012824166429
width: 0.032661290322580645
height: 0.030493017953833
Area: 0.00037576186580130354
CentroidX: 0.5383
CentroidY: 0.7625
