Location: Dedata_26.png_Gaussian-Closing.png
Component: component_1755507054973_144.png
centerX: 0.5891129032258065
centerY: 0.27956682815616984
width: 0.038306451612903226
height: 0.031062980906241093
Area: 0.0004036854539938775
CentroidX: 0.6069
CentroidY: 0.2944
