Location: Dedata_26.png_Mean-Medain.png
Component: component_1755507055113_36.png
centerX: 0.11975806451612903
centerY: 0.053006554573952695
width: 0.04717741935483871
height: 0.027358221715588486
Area: 0.00035220492926024325
CentroidX: 0.1401
CentroidY: 0.0671
