Location: Dedata_26.png_Gaussian-Closing.png
Component: component_1755507055034_267.png
centerX: 0.7721774193548387
centerY: 0.5876318039327444
width: 0.031451612903225803
height: 0.038472499287546306
Area: 0.0005183675157888931
CentroidX: 0.7883
CentroidY: 0.6056
