Location: Dedata_26.png_Gaussian-Closing.png
Component: component_1755507055031_255.png
centerX: 0.5016129032258064
centerY: 0.5582787118837276
width: 0.03588709677419355
height: 0.03619264747791394
Area: 0.00045757912832440086
CentroidX: 0.5179
CentroidY: 0.5752
