Location: Dedata_26.png_Mean-Medain.png
Component: component_1755507055133_132.png
centerX: 0.12217741935483871
centerY: 0.26417782844115134
width: 0.03669354838709677
height: 0.031062980906241093
Area: 0.0004193134704308736
CentroidX: 0.1395
CentroidY: 0.2783
