Location: Dedata_26.png_Mean-Medain.png
Component: component_1755507055136_143.png
centerX: 0.36451612903225805
centerY: 0.28754630948988313
width: 0.04516129032258064
height: 0.029353092049016812
Area: 0.00044861600125024133
CentroidX: 0.3839
CentroidY: 0.3014
