Location: Dedata_26.png_Gaussian-Median.png
Component: component_1755507055281_120.png
centerX: 0.8254032258064516
centerY: 0.22599031062980907
width: 0.037096774193548385
height: 0.02707324023938444
Area: 0.0003526645768025078
CentroidX: 0.8437
CentroidY: 0.2390
