Location: Dedata_26.png_Mean-Closing.png
Component: component_1755507054655_210.png
centerX: 0.6036290322580645
centerY: 0.4585351952123112
width: 0.03669354838709677
height: 0.03334283271587347
Area: 0.0005010158210684047
CentroidX: 0.6207
CentroidY: 0.4735
