Location: Dedata_26.png_Gaussian-Median.png
Component: component_1755507055324_329.png
centerX: 0.6129032258064516
centerY: 0.743801652892562
width: 0.03387096774193549
height: 0.03562268452550584
Area: 0.0004334476323555098
CentroidX: 0.6276
CentroidY: 0.7606
