Location: Dedata_26.png_Gaussian-Closing.png
Component: component_1755507054981_165.png
centerX: 0.5278225806451613
centerY: 0.3240239384440011
width: 0.03588709677419355
height: 0.03305785123966942
Area: 0.00041586611386388916
CentroidX: 0.5440
CentroidY: 0.3393
