Location: Dedata_26.png_Gaussian-Median.png
Component: component_1755507055291_174.png
centerX: 0.12580645161290321
centerY: 0.34625249358791677
width: 0.042741935483870966
height: 0.03220290681105728
Area: 0.00045137388650382887
CentroidX: 0.1455
CentroidY: 0.3611
