Location: Dedata_26.png_Mean-Closing.png
Component: component_1755507054688_348.png
centerX: 0.15443548387096775
centerY: 0.8167569108007979
width: 0.03467741935483871
height: 0.033912795668281565
Area: 0.000457694040209967
CentroidX: 0.1704
CentroidY: 0.8323
