Location: Dedata_26.png_Gaussian-Closing.png
Component: component_1755507055005_196.png
centerX: 0.728225806451613
centerY: 0.40210886292390996
width: 0.036290322580645164
height: 0.03505272157309775
Area: 0.0004612563086625176
CentroidX: 0.7440
CentroidY: 0.4181
