Location: Dedata_26.png_Gaussian-Median.png
Component: component_1755507055292_177.png
centerX: 0.8290322580645161
centerY: 0.3530920490168139
width: 0.03508064516129032
height: 0.027358221715588486
Area: 0.0003599040255931752
CentroidX: 0.8437
CentroidY: 0.3653
