Location: Dedata_26.png_Mean-Closing.png
Component: component_1755507054617_44.png
centerX: 0.6068548387096774
centerY: 0.07409518381305215
width: 0.029838709677419355
height: 0.037047591906526074
Area: 0.00045390194798628413
CentroidX: 0.6221
CentroidY: 0.0911
