Location: Dedata_26.png_Mean-Closing.png
Component: component_1755507054629_97.png
centerX: 0.8
centerY: 0.18922770019948704
width: 0.04596774193548387
height: 0.032487888287261325
Area: 0.0004163257614061538
CentroidX: 0.8201
CentroidY: 0.2054
