Location: Dedata_26.png_Gaussian-Median.png
Component: component_1755507055313_281.png
centerX: 0.16975806451612904
centerY: 0.6241094328868624
width: 0.03508064516129032
height: 0.03419777714448561
Area: 0.0004445940852554261
CentroidX: 0.1874
CentroidY: 0.6395
