Location: 2025-04-16_190712-1.png_Gaussian-Median.png
Component: component_1744834887727_163.png
centerX: 0.5247349823321554
centerY: 0.2558836114676936
width: 0.021790341578327443
height: 0.025673940949935817
Area: 0.0002600658329439906
CentroidX: 0.5354
CentroidY: 0.2691
