Location: 2025-04-16_190650-1.png_Mean-Medain.png
Component: component_1744834887043_272.png
centerX: 0.038869257950530034
centerY: 0.4766795036371416
width: 0.024734982332155476
height: 0.031664527171587506
Area: 0.0003207982609861434
CentroidX: 0.0515
CentroidY: 0.4913
