Location: 2025-04-16_190650-1.png_Mean-Medain.png
Component: component_1744834887040_253.png
centerX: 0.1348645465253239
centerY: 0.43517329910141206
width: 0.018256772673733806
height: 0.03123662815575524
Area: 0.0003245782876277712
CentroidX: 0.1429
CentroidY: 0.4528
