Location: 2025-04-16_190650-1.png_Mean-Medain.png
Component: component_1744834887028_185.png
centerX: 0.508833922261484
centerY: 0.31364997860504923
width: 0.024146054181389872
height: 0.024818142918271287
Area: 0.00031928625032949233
CentroidX: 0.5198
CentroidY: 0.3267
