Location: 2025-04-16_190650-1.png_Mean-Medain.png
Component: component_1744834887024_165.png
centerX: 0.9405182567726738
centerY: 0.2772785622593068
width: 0.020023557126030624
height: 0.028241335044929396
Area: 0.00027216191819719946
CentroidX: 0.9502
CentroidY: 0.2911
