Location: 2025-04-16_190712-1.png_Gaussian-Median.png
Component: component_1744834887698_25.png
centerX: 0.7420494699646644
centerY: 0.036371416345742404
width: 0.024734982332155476
height: 0.02139495079161318
Area: 0.0002462057352580221
CentroidX: 0.7524
CentroidY: 0.0481
