Location: 2025-04-16_190556-1.png_Mean-Medain.png
Component: component_1744834887175_96.png
centerX: 0.5082449941107184
centerY: 0.15875053487376978
width: 0.02061248527679623
height: 0.02995293110825845
Area: 0.0002197455487666277
CentroidX: 0.5181
CentroidY: 0.1733
