Location: 2025-04-16_190650-1.png_Gaussian-Closing.png
Component: component_1744834887517_135.png
centerX: 0.03415783274440518
centerY: 0.1775780915703894
width: 0.024734982332155476
height: 0.0329482242190843
Area: 0.00034347842083591005
CentroidX: 0.0467
CentroidY: 0.1936
