Location: 2025-04-16_190650-1.png_Mean-Medain.png
Component: component_1744834887003_55.png
centerX: 0.5106007067137809
centerY: 0.07145913564398802
width: 0.024146054181389872
height: 0.026957637997432605
Area: 0.00030693816330017496
CentroidX: 0.5224
CentroidY: 0.0847
