Location: 2025-04-16_190650-1.png_Gaussian-Closing.png
Component: component_1744834887636_451.png
centerX: 0.947585394581861
centerY: 0.8061617458279846
width: 0.021790341578327443
height: 0.026529738981600343
Area: 0.0002953460815991831
CentroidX: 0.9569
CentroidY: 0.8215
