Location: 2025-04-16_190556-1.png_Mean-Medain.png
Component: component_1744834887439_449.png
centerX: 0.21731448763250882
centerY: 0.9499358151476252
width: 0.022968197879858657
height: 0.03808301240907146
Area: 0.00043974309930936394
CentroidX: 0.2291
CentroidY: 0.9686
