Location: 2025-04-16_190556-1.png_Mean-Medain.png
Component: component_1744834887143_73.png
centerX: 0.7149587750294464
centerY: 0.1258023106546855
width: 0.020023557126030624
height: 0.02995293110825845
Area: 0.00021596552212499993
CentroidX: 0.7242
CentroidY: 0.1406
