Location: 2025-04-16_190556-1.png_Mean-Medain.png
Component: component_1744834887396_324.png
centerX: 0.29740871613663133
centerY: 0.6645271715875053
width: 0.022968197879858657
height: 0.036799315361574665
Area: 0.00045083117745813874
CentroidX: 0.3082
CentroidY: 0.6824
