Location: 2025-04-16_190712-1.png_Gaussian-Median.png
Component: component_1744834887708_71.png
centerX: 0.7750294464075382
centerY: 0.09542148053059478
width: 0.024734982332155476
height: 0.022250748823277707
Area: 0.00024166970328806878
CentroidX: 0.7847
CentroidY: 0.1085
