Location: 2025-04-16_190556-1.png_Mean-Medain.png
Component: component_1744834887317_195.png
centerX: 0.3250883392226148
centerY: 0.3748395378690629
width: 0.021790341578327443
height: 0.03209242618741977
Area: 0.00027367392885385054
CentroidX: 0.3363
CentroidY: 0.3897
