Location: 2025-04-16_190650-1.png_Gaussian-Closing.png
Component: component_1744834887517_137.png
centerX: 0.9387514723203769
centerY: 0.20239623448866068
width: 0.022968197879858657
height: 0.028241335044929396
Area: 0.0002890460371964702
CentroidX: 0.9503
CentroidY: 0.2149
