Location: 2025-04-16_190650-1.png_Gaussian-Closing.png
Component: component_1744834887621_403.png
centerX: 0.8621908127208481
centerY: 0.7098844672657253
width: 0.023557126030624265
height: 0.02738553701326487
Area: 0.00027946996970434646
CentroidX: 0.8734
CentroidY: 0.7237
