Location: 2025-04-16_190712-1.png_Gaussian-Median.png
Component: component_1744834887724_148.png
centerX: 0.4623085983510012
centerY: 0.23192126658108686
width: 0.024734982332155476
height: 0.0235344458707745
Area: 0.0002512457707801925
CentroidX: 0.4742
CentroidY: 0.2437
