Location: 2025-04-16_190556-1.png_Mean-Medain.png
Component: component_1744834887397_326.png
centerX: 0.34393404004711425
centerY: 0.6653829696191699
width: 0.02120141342756184
height: 0.03508771929824561
Area: 0.00042033896254900803
CentroidX: 0.3550
CentroidY: 0.6813
