Location: 2025-04-16_190650-1.png_Gaussian-Closing.png
Component: component_1744834887614_371.png
centerX: 0.3957597173144876
centerY: 0.6427043217800599
width: 0.021790341578327443
height: 0.030380830124090714
Area: 0.0003235702805233371
CentroidX: 0.4059
CentroidY: 0.6582
