Location: 2025-04-16_190712-1.png_Gaussian-Median.png
Component: component_1744834887718_127.png
centerX: 0.23439340400471143
centerY: 0.19940094137783482
width: 0.02767962308598351
height: 0.029097133076593923
Area: 0.0002625858507050758
CentroidX: 0.2480
CentroidY: 0.2153
