Location: easy26_Mean-Closing.png
Component: component_1744297382091_575.png
centerX: 0.842741935483871
centerY: 0.39080459770114945
width: 0.016129032258064516
height: 0.014367816091954023
Area: 9.96477567667779e-05
CentroidX: 0.8501
CentroidY: 0.3983
