Location: 2025-04-16_190650-1.png_Gaussian-Closing.png
Component: component_1744834887571_253.png
centerX: 0.817432273262662
centerY: 0.42105263157894735
width: 0.024146054181389872
height: 0.025246041934103552
Area: 0.0002950940798230746
CentroidX: 0.8289
CentroidY: 0.4337
