Location: 2025-04-16_190650-1.png_Gaussian-Closing.png
Component: component_1744834887538_184.png
centerX: 0.7055359246171967
centerY: 0.2807017543859649
width: 0.023557126030624265
height: 0.025673940949935817
Area: 0.00028778602831592756
CentroidX: 0.7176
CentroidY: 0.2926
