Location: 2025-04-16_190650-1.png_Mean-Medain.png
Component: component_1744834887086_450.png
centerX: 0.2797408716136631
centerY: 0.8095849379546427
width: 0.023557126030624265
height: 0.03080872913992298
Area: 0.00033062633025437565
CentroidX: 0.2908
CentroidY: 0.8260
