Location: 2025-04-16_190650-1.png_Gaussian-Closing.png
Component: component_1744834887653_525.png
centerX: 0.4876325088339223
centerY: 0.9375267436884895
width: 0.021790341578327443
height: 0.02995293110825845
Area: 0.00030315813665854715
CentroidX: 0.4969
CentroidY: 0.9547
