Location: 2025-04-16_190650-1.png_Mean-Medain.png
Component: component_1744834887097_508.png
centerX: 0.04711425206124853
centerY: 0.9135643988018828
width: 0.021790341578327443
height: 0.030380830124090714
Area: 0.00031928625032949233
CentroidX: 0.0571
CentroidY: 0.9288
