Location: 2025-04-16_190712-1.png_Gaussian-Median.png
Component: component_1744834887731_185.png
centerX: 0.29328621908127206
centerY: 0.30038510911424904
width: 0.025323910482921083
height: 0.030380830124090714
Area: 0.00028778602831592756
CentroidX: 0.3055
CentroidY: 0.3156
