Location: 2025-04-16_190650-1.png_Mean-Medain.png
Component: component_1744834887011_103.png
centerX: 0.1330977620730271
centerY: 0.14377406931964057
width: 0.02591283863368669
height: 0.025246041934103552
Area: 0.00029005404430090424
CentroidX: 0.1455
CentroidY: 0.1564
