Location: 2025-04-16_190650-1.png_Gaussian-Closing.png
Component: component_1744834887596_293.png
centerX: 0.6295641931684335
centerY: 0.5002139495079161
width: 0.016489988221436984
height: 0.02995293110825845
Area: 0.00025300978321295207
CentroidX: 0.6374
CentroidY: 0.5143
