Location: 2025-04-16_190712-1.png_Gaussian-Median.png
Component: component_1744834887714_103.png
centerX: 0.9740871613663133
centerY: 0.1621737270004279
width: 0.0176678445229682
height: 0.03080872913992298
Area: 0.00022201356475160436
CentroidX: 0.9818
CentroidY: 0.1785
