Location: 2025-04-16_190712-1.png_Gaussian-Median.png
Component: component_1744834887700_36.png
centerX: 0.464075382803298
centerY: 0.04022250748823278
width: 0.024146054181389872
height: 0.02053915275994865
Area: 0.00020941347594617847
CentroidX: 0.4755
CentroidY: 0.0515
