Location: 2025-04-16_190650-1.png_Gaussian-Closing.png
Component: component_1744834887603_318.png
centerX: 0.43168433451118965
centerY: 0.5459991442019684
width: 0.02120141342756184
height: 0.02781343602909713
Area: 0.00027090190931665684
CentroidX: 0.4407
CentroidY: 0.5606
