Location: 2025-04-16_190556-1.png_Mean-Medain.png
Component: component_1744834887329_221.png
centerX: 0.4799764428739694
centerY: 0.4300385109114249
width: 0.021790341578327443
height: 0.032520325203252036
Area: 0.0002787139643760209
CentroidX: 0.4912
CentroidY: 0.4443
