Location: 2025-04-16_190650-1.png_Mean-Medain.png
Component: component_1744834887043_270.png
centerX: 0.25618374558303886
centerY: 0.4719726144629867
width: 0.021790341578327443
height: 0.02781343602909713
Area: 0.000293834070942532
CentroidX: 0.2662
CentroidY: 0.4860
