Location: 2025-04-16_190556-1.png_Mean-Medain.png
Component: component_1744834887373_277.png
centerX: 0.9517078916372202
centerY: 0.5618314077877621
width: 0.025323910482921083
height: 0.03808301240907146
Area: 0.0004573832236369602
CentroidX: 0.9642
CentroidY: 0.5804
