Location: 2025-04-16_190556-1.png_Mean-Medain.png
Component: component_1744834887394_313.png
centerX: 0.14899882214369847
centerY: 0.6174582798459564
width: 0.022968197879858657
height: 0.03551561831407788
Area: 0.00043722308154827875
CentroidX: 0.1604
CentroidY: 0.6346
