Location: 2025-04-16_190650-1.png_Mean-Medain.png
Component: component_1744834887008_86.png
centerX: 0.7055359246171967
centerY: 0.1364997860504921
width: 0.023557126030624265
height: 0.025673940949935817
Area: 0.0002726659217494165
CentroidX: 0.7173
CentroidY: 0.1483
