Location: 2025-04-16_190556-1.png_Mean-Medain.png
Component: component_1744834887435_433.png
centerX: 0.27326266195524146
centerY: 0.905862216516902
width: 0.022968197879858657
height: 0.03551561831407788
Area: 0.0004276470140561551
CentroidX: 0.2845
CentroidY: 0.9234
