Location: 2025-04-16_190712-1.png_Gaussian-Median.png
Component: component_1744834887707_66.png
centerX: 0.48115429917550057
centerY: 0.094137783483098
width: 0.028857479387514724
height: 0.026957637997432605
Area: 0.0002782099608238039
CentroidX: 0.4956
CentroidY: 0.1086
