Location: 2025-04-16_190556-1.png_Mean-Medain.png
Component: component_1744834887405_349.png
centerX: 0.2067137809187279
centerY: 0.7154471544715447
width: 0.02591283863368669
height: 0.036799315361574665
Area: 0.00045108317923424725
CentroidX: 0.2202
CentroidY: 0.7328
