Location: 2025-04-16_190556-1.png_Mean-Medain.png
Component: component_1744834887395_316.png
centerX: 0.9134275618374559
centerY: 0.6576807873341891
width: 0.026501766784452298
height: 0.037655113393239195
Area: 0.0005123196108286171
CentroidX: 0.9265
CentroidY: 0.6758
