Location: 2025-04-16_190650-1.png_Gaussian-Closing.png
Component: component_1744834887487_47.png
centerX: 0.8451118963486455
centerY: 0.03979460847240052
width: 0.025323910482921083
height: 0.02396234488660676
Area: 0.0003177742396728412
CentroidX: 0.8574
CentroidY: 0.0514
