Location: easy21_Mean-Medain.png
Component: component_1744297380925_775.png
centerX: 0.5629032258064516
centerY: 0.6087164750957854
width: 0.016129032258064516
height: 0.01532567049808429
Area: 0.00010466876776665431
CentroidX: 0.5704
CentroidY: 0.6163
