Location: 2025-04-16_190556-1.png_Mean-Medain.png
Component: component_1744834887411_366.png
centerX: 0.2656065959952886
centerY: 0.7582370560547711
width: 0.028268551236749116
height: 0.037655113393239195
Area: 0.0004994675202470827
CentroidX: 0.2799
CentroidY: 0.7762
