Location: 2025-04-16_190650-1.png_Gaussian-Closing.png
Component: component_1744834887642_478.png
centerX: 0.21908127208480566
centerY: 0.8451005562687206
width: 0.02237926972909305
height: 0.029525032092426188
Area: 0.0003475104492536463
CentroidX: 0.2302
CentroidY: 0.8609
