Location: 2025-04-16_190556-1.png_Mean-Medain.png
Component: component_1744834887313_185.png
centerX: 0.2703180212014134
centerY: 0.3333333333333333
width: 0.02061248527679623
height: 0.0329482242190843
Area: 0.000272917923525525
CentroidX: 0.2811
CentroidY: 0.3484
