Location: 2025-04-16_190712-1.png_Gaussian-Median.png
Component: component_1744834887704_56.png
centerX: 0.666077738515901
centerY: 0.06632434745400086
width: 0.023557126030624265
height: 0.02610183996576808
Area: 0.00023713367131811546
CentroidX: 0.6766
CentroidY: 0.0799
