Location: 2025-04-16_190650-1.png_Gaussian-Closing.png
Component: component_1744834887546_198.png
centerX: 0.4575971731448763
centerY: 0.31407787762088146
width: 0.024734982332155476
height: 0.026957637997432605
Area: 0.0003623785540440489
CentroidX: 0.4692
CentroidY: 0.3276
