Location: 2025-04-16_190712-1.png_Gaussian-Median.png
Component: component_1744834887773_340.png
centerX: 0.3663133097762073
centerY: 0.6148908857509627
width: 0.02237926972909305
height: 0.03123662815575524
Area: 0.0002950940798230746
CentroidX: 0.3774
CentroidY: 0.6306
