Location: 2025-04-16_190556-1.png_Mean-Medain.png
Component: component_1744834887212_135.png
centerX: 0.7014134275618374
centerY: 0.2374839537869063
width: 0.023557126030624265
height: 0.0329482242190843
Area: 0.00026812988977946314
CentroidX: 0.7121
CentroidY: 0.2546
