Location: 2025-04-16_190712-1.png_Gaussian-Median.png
Component: component_1744834887783_388.png
centerX: 0.07891637220259129
centerY: 0.7133076593923834
width: 0.021790341578327443
height: 0.025246041934103552
Area: 0.00028047797680878057
CentroidX: 0.0888
CentroidY: 0.7269
