Location: 2025-04-16_190712-1.png_Gaussian-Median.png
Component: component_1744834887808_490.png
centerX: 0.7002355712603062
centerY: 0.9118528027385537
width: 0.02237926972909305
height: 0.03337612323491656
Area: 0.000287030022987602
CentroidX: 0.7112
CentroidY: 0.9272
