Location: 2025-04-16_190712-1.png_Gaussian-Median.png
Component: component_1744834887785_394.png
centerX: 0.6537102473498233
centerY: 0.7227214377406932
width: 0.024146054181389872
height: 0.032520325203252036
Area: 0.00027745395549547835
CentroidX: 0.6655
CentroidY: 0.7368
