Location: 2025-04-16_190650-1.png_Mean-Medain.png
Component: component_1744834887006_75.png
centerX: 0.9464075382803298
centerY: 0.10569105691056911
width: 0.02120141342756184
height: 0.024390243902439025
Area: 0.0002731699253016335
CentroidX: 0.9571
CentroidY: 0.1168
