Location: 2025-04-16_190556-1.png_Mean-Medain.png
Component: component_1744834887380_292.png
centerX: 0.18904593639575973
centerY: 0.5742404792468977
width: 0.024734982332155476
height: 0.03080872913992298
Area: 0.00042437099096674435
CentroidX: 0.2010
CentroidY: 0.5896
