Location: 2025-04-16_190650-1.png_Gaussian-Closing.png
Component: component_1744834887476_32.png
centerX: 0.19905771495877503
centerY: 0.005134788189987163
width: 0.02120141342756184
height: 0.029525032092426188
Area: 0.0003046701473151983
CentroidX: 0.2095
CentroidY: 0.0199
