Location: 2025-04-16_190712-1.png_Gaussian-Median.png
Component: component_1744834887718_126.png
centerX: 0.12367491166077739
centerY: 0.1998288403936671
width: 0.01884570082449941
height: 0.032520325203252036
Area: 0.0002784619625999124
CentroidX: 0.1321
CentroidY: 0.2167
