Location: 2025-04-16_190712-1.png_Gaussian-Median.png
Component: component_1744834887748_259.png
centerX: 0.08303886925795052
centerY: 0.4411638853230638
width: 0.026501766784452298
height: 0.03979460847240052
Area: 0.00034902245991029745
CentroidX: 0.0958
CentroidY: 0.4595
