Location: 2025-04-16_190650-1.png_Mean-Medain.png
Component: component_1744834887054_330.png
centerX: 0.08480565371024736
centerY: 0.5832263585793752
width: 0.024146054181389872
height: 0.02781343602909713
Area: 0.00029610208692750867
CentroidX: 0.0968
CentroidY: 0.5964
