Location: 2025-04-16_190712-1.png_Gaussian-Median.png
Component: component_1744834887759_299.png
centerX: 0.8716136631330977
centerY: 0.5151904150620453
width: 0.022968197879858657
height: 0.029525032092426188
Area: 0.00025527779919792874
CentroidX: 0.8834
CentroidY: 0.5295
