Location: 2025-04-16_190556-1.png_Mean-Medain.png
Component: component_1744834887402_342.png
centerX: 0.5541813898704359
centerY: 0.7098844672657253
width: 0.024734982332155476
height: 0.036371416345742404
Area: 0.0004362150744438447
CentroidX: 0.5670
CentroidY: 0.7282
