Location: 2025-04-16_190712-1.png_Gaussian-Median.png
Component: component_1744834887757_294.png
centerX: 0.08362779740871613
centerY: 0.5104835258878905
width: 0.026501766784452298
height: 0.04278990158322636
Area: 0.0003795146748194281
CentroidX: 0.0967
CentroidY: 0.5313
