Location: 2025-04-16_190712-1.png_Gaussian-Median.png
Component: component_1744834887789_404.png
centerX: 0.1967020023557126
centerY: 0.7385537013264869
width: 0.020023557126030624
height: 0.03423192126658109
Area: 0.00027619394661493573
CentroidX: 0.2068
CentroidY: 0.7545
