Location: 2025-04-16_190650-1.png_Gaussian-Closing.png
Component: component_1744834887637_455.png
centerX: 0.8928150765606596
centerY: 0.808301240907146
width: 0.0176678445229682
height: 0.029525032092426188
Area: 0.0002613258418245332
CentroidX: 0.9009
CentroidY: 0.8236
