Location: 2025-04-16_190650-1.png_Gaussian-Closing.png
Component: component_1744834887482_43.png
centerX: 0.6007067137809188
centerY: 0.038510911424903725
width: 0.024146054181389872
height: 0.025673940949935817
Area: 0.00031248220237456236
CentroidX: 0.6124
CentroidY: 0.0520
