Location: 2025-04-16_190556-1.png_Mean-Medain.png
Component: component_1744834887326_216.png
centerX: 0.7267373380447585
centerY: 0.4287548138639281
width: 0.02237926972909305
height: 0.03080872913992298
Area: 0.000272413919973308
CentroidX: 0.7376
CentroidY: 0.4439
