Location: 2025-04-16_190650-1.png_Mean-Medain.png
Component: component_1744834887019_153.png
centerX: 0.7043580683156655
centerY: 0.24390243902439024
width: 0.024734982332155476
height: 0.029525032092426188
Area: 0.0002862740176592765
CentroidX: 0.7165
CentroidY: 0.2579
