Location: 2025-04-16_190712-1.png_Gaussian-Median.png
Component: component_1744834887697_22.png
centerX: 0.9546525323910483
centerY: 0.020967051775780916
width: 0.02061248527679623
height: 0.03123662815575524
Area: 0.00026888589510778874
CentroidX: 0.9647
CentroidY: 0.0367
