Location: 2025-04-16_190650-1.png_Gaussian-Closing.png
Component: component_1744834887516_133.png
centerX: 0.13604240282685512
centerY: 0.17458279845956354
width: 0.02591283863368669
height: 0.02396234488660676
Area: 0.0002809819803609976
CentroidX: 0.1484
CentroidY: 0.1871
