Location: 2025-04-16_190712-1.png_Gaussian-Median.png
Component: component_1744834887752_280.png
centerX: 0.9570082449941107
centerY: 0.47839109970047067
width: 0.03121319199057715
height: 0.03337612323491656
Area: 0.0003414624066270419
CentroidX: 0.9701
CentroidY: 0.4952
