Location: 2025-04-16_190712-1.png_Gaussian-Median.png
Component: component_1744834887730_180.png
centerX: 0.5306242638398115
centerY: 0.28754813863928114
width: 0.02237926972909305
height: 0.029097133076593923
Area: 0.00025300978321295207
CentroidX: 0.5415
CentroidY: 0.3016
