Location: 2025-04-16_190712-1.png_Gaussian-Median.png
Component: component_1744834887710_86.png
centerX: 0.9187279151943463
centerY: 0.1279418057338468
width: 0.022968197879858657
height: 0.026529738981600343
Area: 0.0002409136979597432
CentroidX: 0.9283
CentroidY: 0.1420
