Location: 2025-04-16_190650-1.png_Gaussian-Closing.png
Component: component_1744834887604_325.png
centerX: 0.9322732626619552
centerY: 0.5622593068035944
width: 0.022968197879858657
height: 0.02610183996576808
Area: 0.0002862740176592765
CentroidX: 0.9427
CentroidY: 0.5762
