Location: 2025-04-16_190650-1.png_Mean-Medain.png
Component: component_1744834887008_88.png
centerX: 0.657243816254417
centerY: 0.13821138211382114
width: 0.025323910482921083
height: 0.02267864783910997
Area: 0.0002731699253016335
CentroidX: 0.6693
CentroidY: 0.1496
