Location: 2025-04-16_190712-1.png_Gaussian-Median.png
Component: component_1744834887751_276.png
centerX: 0.19022379269729092
centerY: 0.47368421052631576
width: 0.02120141342756184
height: 0.029097133076593923
Area: 0.0002630898542572928
CentroidX: 0.1999
CentroidY: 0.4896
