Location: 2025-04-16_190650-1.png_Gaussian-Closing.png
Component: component_1744834887575_266.png
centerX: 0.303886925795053
centerY: 0.4360290971330766
width: 0.02237926972909305
height: 0.026529738981600343
Area: 0.0003313823355827012
CentroidX: 0.3140
CentroidY: 0.4503
