Location: 2025-04-16_190556-1.png_Mean-Medain.png
Component: component_1744834887124_4.png
centerX: 0.6967020023557126
centerY: 0.005562687205819427
width: 0.020023557126030624
height: 0.025673940949935817
Area: 0.000223777577184364
CentroidX: 0.7061
CentroidY: 0.0187
