Location: 2025-04-16_190712-1.png_Gaussian-Median.png
Component: component_1744834887811_506.png
centerX: 0.1413427561837456
centerY: 0.9465126230209671
width: 0.02237926972909305
height: 0.03337612323491656
Area: 0.000293834070942532
CentroidX: 0.1522
CentroidY: 0.9619
