Location: 2025-04-16_190650-1.png_Mean-Medain.png
Component: component_1744834887002_50.png
centerX: 0.8939929328621908
centerY: 0.06974753958065896
width: 0.024734982332155476
height: 0.030380830124090714
Area: 0.00031701823434451566
CentroidX: 0.9056
CentroidY: 0.0841
