Location: 2025-04-16_190650-1.png_Gaussian-Closing.png
Component: component_1744834887504_80.png
centerX: 0.8963486454652533
centerY: 0.10141206675224647
width: 0.028857479387514724
height: 0.024818142918271287
Area: 0.0003291143195977245
CentroidX: 0.9102
CentroidY: 0.1134
