Location: 2025-04-16_190650-1.png_Gaussian-Closing.png
Component: component_1744834887615_374.png
centerX: 0.22379269729093051
centerY: 0.6469833119383825
width: 0.024146054181389872
height: 0.03551561831407788
Area: 0.00038833473698322624
CentroidX: 0.2352
CentroidY: 0.6647
