Location: 2025-04-16_190650-1.png_Gaussian-Closing.png
Component: component_1744834887634_446.png
centerX: 0.46996466431095407
centerY: 0.7800599058622165
width: 0.02120141342756184
height: 0.026957637997432605
Area: 0.0003263423000605308
CentroidX: 0.4794
CentroidY: 0.7946
