Location: 2025-04-16_190712-1.png_Gaussian-Median.png
Component: component_1744834887805_476.png
centerX: 0.9352179034157833
centerY: 0.8784766795036372
width: 0.0176678445229682
height: 0.03209242618741977
Area: 0.0002507417672279754
CentroidX: 0.9441
CentroidY: 0.8935
