Location: 2025-04-16_190712-1.png_Gaussian-Median.png
Component: component_1744834887775_352.png
centerX: 0.13427561837455831
centerY: 0.6427043217800599
width: 0.022968197879858657
height: 0.03893881044073599
Area: 0.00030870217573293455
CentroidX: 0.1451
CentroidY: 0.6615
