Location: 2025-04-16_190650-1.png_Mean-Medain.png
Component: component_1744834887028_190.png
centerX: 0.6542991755005889
centerY: 0.31407787762088146
width: 0.021790341578327443
height: 0.029525032092426188
Area: 0.0003369263746570886
CentroidX: 0.6651
CentroidY: 0.3280
