Location: 2025-04-16_190650-1.png_Mean-Medain.png
Component: component_1744834887056_341.png
centerX: 0.49411071849234395
centerY: 0.6080445014976466
width: 0.020023557126030624
height: 0.02610183996576808
Area: 0.00025855382228733947
CentroidX: 0.5032
CentroidY: 0.6212
