Location: 2025-04-16_190556-1.png_Mean-Medain.png
Component: component_1744834887148_77.png
centerX: 0.8621908127208481
centerY: 0.12665810868635002
width: 0.02120141342756184
height: 0.02995293110825845
Area: 0.00024973376012354134
CentroidX: 0.8727
CentroidY: 0.1406
