Location: 2025-04-16_190712-1.png_Gaussian-Median.png
Component: component_1744834887709_77.png
centerX: 0.6808009422850412
centerY: 0.09841677364142062
width: 0.024146054181389872
height: 0.025673940949935817
Area: 0.00023990569085530916
CentroidX: 0.6906
CentroidY: 0.1126
