Location: 2025-04-16_190650-1.png_Mean-Medain.png
Component: component_1744834886994_28.png
centerX: 0.8604240282685512
centerY: 0.006418485237483954
width: 0.020023557126030624
height: 0.03209242618741977
Area: 0.0003134902094789964
CentroidX: 0.8705
CentroidY: 0.0214
