Location: 2025-04-16_190556-1.png_Mean-Medain.png
Component: component_1744834887129_28.png
centerX: 0.9075382803297998
centerY: 0.05263157894736842
width: 0.019434628975265017
height: 0.03337612323491656
Area: 0.00024746574413856467
CentroidX: 0.9172
CentroidY: 0.0691
