Location: 2025-04-16_190650-1.png_Mean-Medain.png
Component: component_1744834887063_380.png
centerX: 0.3457008244994111
centerY: 0.6799315361574668
width: 0.026501766784452298
height: 0.02738553701326487
Area: 0.0003190342485533838
CentroidX: 0.3571
CentroidY: 0.6954
