Location: 2025-04-16_190650-1.png_Gaussian-Closing.png
Component: component_1744834887590_285.png
centerX: 0.13898704358068315
centerY: 0.4766795036371416
width: 0.020023557126030624
height: 0.0235344458707745
Area: 0.0002676258862272461
CentroidX: 0.1486
CentroidY: 0.4883
