Location: 2025-04-16_190650-1.png_Gaussian-Closing.png
Component: component_1744834887654_532.png
centerX: 0.3510011778563015
centerY: 0.9405220367993153
width: 0.019434628975265017
height: 0.030380830124090714
Area: 0.00030114212244967904
CentroidX: 0.3595
CentroidY: 0.9567
