Location: 2025-04-16_190712-1.png_Gaussian-Median.png
Component: component_1744834887746_247.png
centerX: 0.6949352179034158
centerY: 0.4154899443731279
width: 0.027090694935217905
height: 0.026529738981600343
Area: 0.0002759419448388272
CentroidX: 0.7078
CentroidY: 0.4295
