Location: 2025-04-16_190650-1.png_Gaussian-Closing.png
Component: component_1744834887647_502.png
centerX: 0.6012956419316844
centerY: 0.9028669234060762
width: 0.02061248527679623
height: 0.03337612323491656
Area: 0.0003263423000605308
CentroidX: 0.6111
CentroidY: 0.9203
