Location: 2025-04-16_190556-1.png_Mean-Medain.png
Component: component_1744834887197_122.png
centerX: 0.22673733804475854
centerY: 0.19469405220367994
width: 0.02120141342756184
height: 0.031664527171587506
Area: 0.00022629759494544917
CentroidX: 0.2374
CentroidY: 0.2101
