Location: 2025-04-16_190650-1.png_Mean-Medain.png
Component: component_1744834887052_323.png
centerX: 0.4387514723203769
centerY: 0.5755241762943946
width: 0.022968197879858657
height: 0.030380830124090714
Area: 0.0002799739732565635
CentroidX: 0.4489
CentroidY: 0.5913
