Location: 2025-04-16_190650-1.png_Mean-Medain.png
Component: component_1744834887052_320.png
centerX: 0.5895170789163722
centerY: 0.5721009841677364
width: 0.024146054181389872
height: 0.02866923406076166
Area: 0.00030139412422578756
CentroidX: 0.6010
CentroidY: 0.5861
