Location: 2025-04-16_190712-1.png_Gaussian-Median.png
Component: component_1744834887701_39.png
centerX: 0.06949352179034157
centerY: 0.04236200256739409
width: 0.022968197879858657
height: 0.028241335044929396
Area: 0.0002998821135691364
CentroidX: 0.0803
CentroidY: 0.0574
