Location: 2025-04-16_190650-1.png_Mean-Medain.png
Component: component_1744834887003_58.png
centerX: 0.35335689045936397
centerY: 0.07317073170731707
width: 0.02237926972909305
height: 0.024390243902439025
Area: 0.0003024021313302216
CentroidX: 0.3641
CentroidY: 0.0853
