Location: easy64_Gaussian-Closing.png
Component: component_1744297381267_436.png
centerX: 0.39117291414752114
centerY: 0.3232150491663104
width: 0.008464328899637243
height: 0.00983326207781103
Area: 5.867595004634624e-05
CentroidX: 0.3951
CentroidY: 0.3280
