Location: 2025-04-16_190650-1.png_Gaussian-Closing.png
Component: component_1744834887571_255.png
centerX: 0.71849234393404
centerY: 0.42618741976893454
width: 0.023557126030624265
height: 0.02738553701326487
Area: 0.0003122302005984538
CentroidX: 0.7295
CentroidY: 0.4398
