Location: 2025-04-16_190650-1.png_Mean-Medain.png
Component: component_1744834886992_25.png
centerX: 0.9063604240282686
centerY: 0.005562687205819427
width: 0.02061248527679623
height: 0.03080872913992298
Area: 0.0002966060904797257
CentroidX: 0.9166
CentroidY: 0.0206
