Location: 2025-04-16_190650-1.png_Mean-Medain.png
Component: component_1744834887023_160.png
centerX: 0.035924617196702
centerY: 0.2511767222935387
width: 0.02120141342756184
height: 0.0329482242190843
Area: 0.00032281427519501157
CentroidX: 0.0465
CentroidY: 0.2667
