Location: 2025-04-16_190556-1.png_Mean-Medain.png
Component: component_1744834887368_265.png
centerX: 0.502944640753828
centerY: 0.5181857081728712
width: 0.024146054181389872
height: 0.036371416345742404
Area: 0.0004394910975332554
CentroidX: 0.5145
CentroidY: 0.5363
