Location: easy43_Mean-Closing.png
Component: component_1744297380700_1250.png
centerX: 0.5749697702539298
centerY: 0.718683197947841
width: 0.009068923821039904
height: 0.00983326207781103
Area: 6.0743824937847434e-05
CentroidX: 0.5794
CentroidY: 0.7234
