Location: 2025-04-16_190556-1.png_Mean-Medain.png
Component: component_1744834887279_161.png
centerX: 0.5100117785630153
centerY: 0.2772785622593068
width: 0.02120141342756184
height: 0.02995293110825845
Area: 0.00024721374236245615
CentroidX: 0.5218
CentroidY: 0.2913
