Location: 2025-04-16_190556-1.png_Mean-Medain.png
Component: component_1744834887275_157.png
centerX: 0.8256772673733804
centerY: 0.2738553701326487
width: 0.021790341578327443
height: 0.03123662815575524
Area: 0.0002545217938696032
CentroidX: 0.8362
CentroidY: 0.2891
