Location: 2025-04-16_190650-1.png_Mean-Medain.png
Component: component_1744834887088_453.png
centerX: 0.5294464075382803
centerY: 0.8108686350021395
width: 0.022968197879858657
height: 0.02866923406076166
Area: 0.00030391414198687274
CentroidX: 0.5400
CentroidY: 0.8264
