Location: 2025-04-16_190712-1.png_Gaussian-Median.png
Component: component_1744834887711_92.png
centerX: 0.6207302709069493
centerY: 0.13093709884467267
width: 0.024734982332155476
height: 0.02738553701326487
Area: 0.0003054261526435238
CentroidX: 0.6326
CentroidY: 0.1456
