Location: 2025-04-16_190650-1.png_Gaussian-Closing.png
Component: component_1744834887504_83.png
centerX: 0.6590106007067138
centerY: 0.10483525887890457
width: 0.022968197879858657
height: 0.024390243902439025
Area: 0.00027644594839104425
CentroidX: 0.6699
CentroidY: 0.1167
