Location: 2025-04-16_190650-1.png_Mean-Medain.png
Component: component_1744834887070_413.png
centerX: 0.4016489988221437
centerY: 0.7441163885323063
width: 0.021790341578327443
height: 0.03337612323491656
Area: 0.0002950940798230746
CentroidX: 0.4113
CentroidY: 0.7622
