Location: 2025-04-16_190650-1.png_Mean-Medain.png
Component: component_1744834887018_144.png
centerX: 0.4558303886925795
centerY: 0.2421908429610612
width: 0.02237926972909305
height: 0.02781343602909713
Area: 0.0002696419004361143
CentroidX: 0.4669
CentroidY: 0.2561
