Location: 2025-04-16_190556-1.png_Mean-Medain.png
Component: component_1744834887207_134.png
centerX: 0.6607773851590106
centerY: 0.23705605477107403
width: 0.02061248527679623
height: 0.032520325203252036
Area: 0.00024116569973585173
CentroidX: 0.6704
CentroidY: 0.2537
