Location: 2025-04-16_190712-1.png_Gaussian-Median.png
Component: component_1744834887729_175.png
centerX: 0.7420494699646644
centerY: 0.27941805733846814
width: 0.021790341578327443
height: 0.026957637997432605
Area: 0.0002434337157208284
CentroidX: 0.7537
CentroidY: 0.2924
