Location: 2025-04-16_190556-1.png_Mean-Medain.png
Component: component_1744834887409_359.png
centerX: 0.5229681978798587
centerY: 0.7505348737697903
width: 0.028268551236749116
height: 0.032520325203252036
Area: 0.00045083117745813874
CentroidX: 0.5378
CentroidY: 0.7658
