Location: 2025-04-16_190712-1.png_Gaussian-Median.png
Component: component_1744834887743_237.png
centerX: 0.9128386336866903
centerY: 0.4065040650406504
width: 0.023557126030624265
height: 0.0235344458707745
Area: 0.00026938989866000576
CentroidX: 0.9240
CentroidY: 0.4184
