Location: 2025-04-16_190712-1.png_Gaussian-Median.png
Component: component_1744834887782_380.png
centerX: 0.2944640753828033
centerY: 0.6893453145057766
width: 0.021790341578327443
height: 0.029525032092426188
Area: 0.0002540177903173862
CentroidX: 0.3052
CentroidY: 0.7026
