Location: 2025-04-16_190650-1.png_Mean-Medain.png
Component: component_1744834887044_274.png
centerX: 0.9234393404004712
centerY: 0.4813863928112965
width: 0.02061248527679623
height: 0.029525032092426188
Area: 0.0003049221490913068
CentroidX: 0.9329
CentroidY: 0.4968
