Location: 2025-04-16_190556-1.png_Mean-Medain.png
Component: component_1744834887437_442.png
centerX: 0.0535924617196702
centerY: 0.9469405220367993
width: 0.02591283863368669
height: 0.04150620453572957
Area: 0.0005140836232613768
CentroidX: 0.0659
CentroidY: 0.9672
