Location: 2025-04-16_190556-1.png_Mean-Medain.png
Component: component_1744834887245_146.png
centerX: 0.842756183745583
centerY: 0.2396234488660676
width: 0.019434628975265017
height: 0.028241335044929396
Area: 0.00024015769263141767
CentroidX: 0.8516
CentroidY: 0.2532
