Location: 2025-04-16_190712-1.png_Gaussian-Median.png
Component: component_1744834887798_446.png
centerX: 0.5335689045936396
centerY: 0.8292682926829268
width: 0.01884570082449941
height: 0.0329482242190843
Area: 0.0002623338489289672
CentroidX: 0.5431
CentroidY: 0.8448
