Location: 2025-04-16_190712-1.png_Gaussian-Median.png
Component: component_1744834887766_321.png
centerX: 0.6054181389870436
centerY: 0.5759520753102267
width: 0.020023557126030624
height: 0.03594351732991014
Area: 0.00028047797680878057
CentroidX: 0.6152
CentroidY: 0.5935
