Location: 2025-04-16_190556-1.png_Mean-Medain.png
Component: component_1744834887334_231.png
centerX: 0.13015312131919907
centerY: 0.43431750106974754
width: 0.02061248527679623
height: 0.03594351732991014
Area: 0.0002532617849890606
CentroidX: 0.1396
CentroidY: 0.4506
