Location: 2025-04-16_190650-1.png_Gaussian-Closing.png
Component: component_1744834887563_238.png
centerX: 0.7137809187279152
centerY: 0.38596491228070173
width: 0.024734982332155476
height: 0.030380830124090714
Area: 0.00038631872277435813
CentroidX: 0.7258
CentroidY: 0.4009
