Location: 2025-04-16_190712-1.png_Gaussian-Median.png
Component: component_1744834887801_457.png
centerX: 0.07420494699646643
centerY: 0.8433889602053916
width: 0.02120141342756184
height: 0.03423192126658109
Area: 0.0003238222822994456
CentroidX: 0.0840
CentroidY: 0.8619
