Location: 2025-04-16_190650-1.png_Mean-Medain.png
Component: component_1744834887066_396.png
centerX: 0.3992932862190813
centerY: 0.7120239623448866
width: 0.02767962308598351
height: 0.02781343602909713
Area: 0.00035179447944749115
CentroidX: 0.4129
CentroidY: 0.7258
