Location: 2025-04-16_190556-1.png_Mean-Medain.png
Component: component_1744834887423_388.png
centerX: 0.045936395759717315
centerY: 0.811724433033804
width: 0.02767962308598351
height: 0.03808301240907146
Area: 0.0005014835344559508
CentroidX: 0.0596
CentroidY: 0.8295
