Location: 2025-04-16_190650-1.png_Gaussian-Closing.png
Component: component_1744834887556_222.png
centerX: 0.5106007067137809
centerY: 0.3513050919982884
width: 0.024146054181389872
height: 0.02610183996576808
Area: 0.00034927446168640596
CentroidX: 0.5216
CentroidY: 0.3648
