Location: 2025-04-16_190650-1.png_Gaussian-Closing.png
Component: component_1744834887652_522.png
centerX: 0.8103651354534747
centerY: 0.9345314505776636
width: 0.019434628975265017
height: 0.026957637997432605
Area: 0.00028451000522651684
CentroidX: 0.8196
CentroidY: 0.9491
