Location: 2025-04-16_190556-1.png_Mean-Medain.png
Component: component_1744834887302_176.png
centerX: 0.6360424028268551
centerY: 0.3286264441591784
width: 0.02061248527679623
height: 0.03209242618741977
Area: 0.00023007762158707695
CentroidX: 0.6468
CentroidY: 0.3436
