Location: 2025-04-16_190650-1.png_Gaussian-Closing.png
Component: component_1744834887611_349.png
centerX: 0.44287396937573614
centerY: 0.6059050064184852
width: 0.016489988221436984
height: 0.029097133076593923
Area: 0.0002124374972594807
CentroidX: 0.4504
CentroidY: 0.6201
