Location: 2025-04-16_190650-1.png_Gaussian-Closing.png
Component: component_1744834887476_31.png
centerX: 0.14487632508833923
centerY: 0.005134788189987163
width: 0.020023557126030624
height: 0.030380830124090714
Area: 0.000293834070942532
CentroidX: 0.1545
CentroidY: 0.0200
