Location: 2025-04-16_190556-1.png_Mean-Medain.png
Component: component_1744834887314_188.png
centerX: 0.12779740871613662
centerY: 0.33590072742832694
width: 0.023557126030624265
height: 0.032520325203252036
Area: 0.00029030604607701275
CentroidX: 0.1390
CentroidY: 0.3513
