Location: 2025-04-16_190650-1.png_Gaussian-Closing.png
Component: component_1744834887631_436.png
centerX: 0.7420494699646644
centerY: 0.7744972186563971
width: 0.026501766784452298
height: 0.03380402225074882
Area: 0.00030945818106126015
CentroidX: 0.7536
CentroidY: 0.7924
