Location: 2025-04-16_190650-1.png_Gaussian-Closing.png
Component: component_1744834887616_377.png
centerX: 0.8080094228504122
centerY: 0.670517757809157
width: 0.02237926972909305
height: 0.031664527171587506
Area: 0.00033919439064206526
CentroidX: 0.8171
CentroidY: 0.6875
