Location: 2025-04-16_190712-1.png_Gaussian-Median.png
Component: component_1744834887781_379.png
centerX: 0.5276796230859835
centerY: 0.6880616174582799
width: 0.02061248527679623
height: 0.03465982028241335
Area: 0.0002464577370341306
CentroidX: 0.5375
CentroidY: 0.7050
