Location: 2025-04-16_190712-1.png_Gaussian-Median.png
Component: component_1744834887803_471.png
centerX: 0.13427561837455831
centerY: 0.8741976893453145
width: 0.026501766784452298
height: 0.0410783055198973
Area: 0.0003260902982844223
CentroidX: 0.1475
CentroidY: 0.8948
