Location: 2025-04-16_190650-1.png_Mean-Medain.png
Component: component_1744834887067_399.png
centerX: 0.5141342756183745
centerY: 0.7128797603765511
width: 0.016489988221436984
height: 0.029097133076593923
Area: 0.0002570418116306884
CentroidX: 0.5218
CentroidY: 0.7277
