Location: 2025-04-16_190712-1.png_Gaussian-Median.png
Component: component_1744834887693_4.png
centerX: 0.06831566548881036
centerY: 0.0068463842533162175
width: 0.022968197879858657
height: 0.031664527171587506
Area: 0.00029559808337529164
CentroidX: 0.0793
CentroidY: 0.0231
