Location: 2025-04-16_190650-1.png_Mean-Medain.png
Component: component_1744834887096_505.png
centerX: 0.2856301531213192
centerY: 0.9092854086435601
width: 0.025323910482921083
height: 0.02995293110825845
Area: 0.0003180262414489497
CentroidX: 0.2969
CentroidY: 0.9254
