Location: 2025-04-16_190650-1.png_Gaussian-Closing.png
Component: component_1744834887618_387.png
centerX: 0.502944640753828
centerY: 0.676936243046641
width: 0.02120141342756184
height: 0.02866923406076166
Area: 0.00032256227341890306
CentroidX: 0.5126
CentroidY: 0.6925
