Location: 2025-04-16_190650-1.png_Gaussian-Closing.png
Component: component_1744834887645_493.png
centerX: 0.5406360424028268
centerY: 0.8767650834403081
width: 0.02061248527679623
height: 0.029525032092426188
Area: 0.00032281427519501157
CentroidX: 0.5495
CentroidY: 0.8921
