Location: 2025-04-16_190650-1.png_Mean-Medain.png
Component: component_1744834887097_509.png
centerX: 0.08892815076560659
centerY: 0.9165596919127086
width: 0.021790341578327443
height: 0.02995293110825845
Area: 0.0003185302450011668
CentroidX: 0.0986
CentroidY: 0.9318
