Location: 2025-04-16_190650-1.png_Mean-Medain.png
Component: component_1744834887010_98.png
centerX: 0.8480565371024735
centerY: 0.13949507916131793
width: 0.02061248527679623
height: 0.0235344458707745
Area: 0.00025099376900408396
CentroidX: 0.8576
CentroidY: 0.1510
