Location: 2025-04-16_190650-1.png_Mean-Medain.png
Component: component_1744834887016_132.png
centerX: 0.7544169611307421
centerY: 0.20453572956782198
width: 0.02120141342756184
height: 0.025246041934103552
Area: 0.00023763767487033248
CentroidX: 0.7650
CentroidY: 0.2170
