Location: 2025-04-16_190650-1.png_Mean-Medain.png
Component: component_1744834887095_500.png
centerX: 0.7532391048292109
centerY: 0.905862216516902
width: 0.024734982332155476
height: 0.02866923406076166
Area: 0.00033768237998541413
CentroidX: 0.7657
CentroidY: 0.9218
