Location: 2025-04-16_190712-1.png_Gaussian-Median.png
Component: component_1744834887741_226.png
centerX: 0.9081272084805654
centerY: 0.3761232349165597
width: 0.02061248527679623
height: 0.026957637997432605
Area: 0.00023032962336318546
CentroidX: 0.9183
CentroidY: 0.3889
