Location: 2025-04-16_190712-1.png_Gaussian-Median.png
Component: component_1744834887766_320.png
centerX: 0.4216725559481743
centerY: 0.576379974326059
width: 0.02061248527679623
height: 0.030380830124090714
Area: 0.00025578180275014577
CentroidX: 0.4311
CentroidY: 0.5910
