Location: 2025-04-16_190556-1.png_Mean-Medain.png
Component: component_1744834887367_260.png
centerX: 0.6489988221436984
centerY: 0.513050919982884
width: 0.022968197879858657
height: 0.04022250748823278
Area: 0.0004546112040997665
CentroidX: 0.6602
CentroidY: 0.5333
