Location: 2025-04-16_190650-1.png_Mean-Medain.png
Component: component_1744834887014_125.png
centerX: 0.9387514723203769
centerY: 0.20196833547282841
width: 0.022968197879858657
height: 0.029097133076593923
Area: 0.0002971100940319427
CentroidX: 0.9503
CentroidY: 0.2148
