Location: 2025-04-16_190650-1.png_Mean-Medain.png
Component: component_1744834887045_283.png
centerX: 0.5147232037691402
centerY: 0.5006418485237484
width: 0.0176678445229682
height: 0.02866923406076166
Area: 0.0002436857174969369
CentroidX: 0.5237
CentroidY: 0.5148
