Location: 2025-04-16_190712-1.png_Gaussian-Median.png
Component: component_1744834887799_449.png
centerX: 0.7037691401648999
centerY: 0.8331193838254172
width: 0.02061248527679623
height: 0.03337612323491656
Area: 0.0002882900318681446
CentroidX: 0.7132
CentroidY: 0.8500
