Location: 2025-04-16_190556-1.png_Mean-Medain.png
Component: component_1744834887323_206.png
centerX: 0.7290930506478209
centerY: 0.37911852802738555
width: 0.02061248527679623
height: 0.02866923406076166
Area: 0.00027694995194326127
CentroidX: 0.7397
CentroidY: 0.3926
