Location: 2025-04-16_190650-1.png_Mean-Medain.png
Component: component_1744834887074_430.png
centerX: 0.22084805653710246
centerY: 0.7770646127513907
width: 0.022968197879858657
height: 0.029097133076593923
Area: 0.00034473842971645267
CentroidX: 0.2309
CentroidY: 0.7931
