Location: 2025-04-16_190712-1.png_Gaussian-Median.png
Component: component_1744834887717_119.png
centerX: 0.6760895170789164
centerY: 0.16859221223791185
width: 0.027090694935217905
height: 0.02995293110825845
Area: 0.00027921796792823795
CentroidX: 0.6898
CentroidY: 0.1840
