Location: 2025-04-16_190556-1.png_Mean-Medain.png
Component: component_1744834887198_124.png
centerX: 0.3321554770318021
centerY: 0.1951219512195122
width: 0.02120141342756184
height: 0.029525032092426188
Area: 0.0002252895878410151
CentroidX: 0.3426
CentroidY: 0.2091
