Location: 2025-04-16_190712-1.png_Gaussian-Median.png
Component: component_1744834887722_139.png
centerX: 0.9034157832744405
centerY: 0.220795892169448
width: 0.02120141342756184
height: 0.024390243902439025
Area: 0.00024796974769078175
CentroidX: 0.9141
CentroidY: 0.2326
