Location: 2025-04-16_190650-1.png_Gaussian-Closing.png
Component: component_1744834887582_272.png
centerX: 0.7232037691401649
centerY: 0.4617030380830124
width: 0.02061248527679623
height: 0.02610183996576808
Area: 0.0002696419004361143
CentroidX: 0.7329
CentroidY: 0.4749
