Location: 2025-04-16_190650-1.png_Gaussian-Closing.png
Component: component_1744834887535_180.png
centerX: 0.4581861012956419
centerY: 0.27941805733846814
width: 0.024146054181389872
height: 0.02866923406076166
Area: 0.00029005404430090424
CentroidX: 0.4707
CentroidY: 0.2934
