Location: 2025-04-16_190556-1.png_Mean-Medain.png
Component: component_1744834887125_11.png
centerX: 0.45170789163722025
centerY: 0.0068463842533162175
width: 0.01707891637220259
height: 0.028241335044929396
Area: 0.00022276957007992993
CentroidX: 0.4595
CentroidY: 0.0205
