Location: 2025-04-16_190650-1.png_Mean-Medain.png
Component: component_1744834887058_348.png
centerX: 0.1513545347467609
centerY: 0.6148908857509627
width: 0.021790341578327443
height: 0.028241335044929396
Area: 0.00030719016507628347
CentroidX: 0.1607
CentroidY: 0.6295
