Location: 2025-04-16_190650-1.png_Mean-Medain.png
Component: component_1744834887037_237.png
centerX: 0.1896348645465253
centerY: 0.3996576807873342
width: 0.024734982332155476
height: 0.02396234488660676
Area: 0.0003414624066270419
CentroidX: 0.2015
CentroidY: 0.4119
