Location: 2025-04-16_190712-1.png_Gaussian-Median.png
Component: component_1744834887756_287.png
centerX: 0.5365135453474676
centerY: 0.4942233632862644
width: 0.02591283863368669
height: 0.02995293110825845
Area: 0.00027442993418217614
CentroidX: 0.5487
CentroidY: 0.5090
