Location: 2025-04-16_190650-1.png_Gaussian-Closing.png
Component: component_1744834887606_330.png
centerX: 0.5895170789163722
centerY: 0.5721009841677364
width: 0.024146054181389872
height: 0.028241335044929396
Area: 0.000300638118897462
CentroidX: 0.6009
CentroidY: 0.5861
