Location: 2025-04-16_190650-1.png_Gaussian-Closing.png
Component: component_1744834887507_90.png
centerX: 0.5618374558303887
centerY: 0.10611895592640137
width: 0.023557126030624265
height: 0.02396234488660676
Area: 0.00027115391109276536
CentroidX: 0.5736
CentroidY: 0.1175
