Location: 2025-04-16_190650-1.png_Gaussian-Closing.png
Component: component_1744834887602_314.png
centerX: 0.043580683156654886
centerY: 0.5455712451861361
width: 0.02237926972909305
height: 0.03080872913992298
Area: 0.00030895417750904307
CentroidX: 0.0550
CentroidY: 0.5600
