Location: 2025-04-16_190650-1.png_Mean-Medain.png
Component: component_1744834887089_463.png
centerX: 0.5889281507656066
centerY: 0.8421052631578947
width: 0.023557126030624265
height: 0.031664527171587506
Area: 0.00030693816330017496
CentroidX: 0.6004
CentroidY: 0.8587
