Location: 2025-04-16_190650-1.png_Mean-Medain.png
Component: component_1744834886989_10.png
centerX: 0.4552414605418139
centerY: 0.002995293110825845
width: 0.024734982332155476
height: 0.03123662815575524
Area: 0.00034121040485093337
CentroidX: 0.4667
CentroidY: 0.0185
