Location: 2025-04-16_190650-1.png_Mean-Medain.png
Component: component_1744834887002_48.png
centerX: 0.7502944640753828
centerY: 0.0693196405648267
width: 0.024146054181389872
height: 0.026957637997432605
Area: 0.0003182782432250583
CentroidX: 0.7619
CentroidY: 0.0817
