Location: 2025-04-16_190556-1.png_Mean-Medain.png
Component: component_1744834887335_232.png
centerX: 0.03828032979976443
centerY: 0.43517329910141206
width: 0.024734982332155476
height: 0.036371416345742404
Area: 0.00029559808337529164
CentroidX: 0.0493
CentroidY: 0.4519
