Location: 2025-04-16_190650-1.png_Mean-Medain.png
Component: component_1744834887017_141.png
centerX: 0.13427561837455831
centerY: 0.21052631578947367
width: 0.02120141342756184
height: 0.02738553701326487
Area: 0.0002676258862272461
CentroidX: 0.1446
CentroidY: 0.2240
