Location: 2025-04-16_190712-1.png_Gaussian-Median.png
Component: component_1744834887696_20.png
centerX: 0.8674911660777385
centerY: 0.015832263585793753
width: 0.022968197879858657
height: 0.029097133076593923
Area: 0.0002978660993602683
CentroidX: 0.8778
CentroidY: 0.0318
