Location: 2025-04-16_190650-1.png_Mean-Medain.png
Component: component_1744834887059_353.png
centerX: 0.9328621908127208
centerY: 0.6345742404792469
width: 0.02061248527679623
height: 0.029525032092426188
Area: 0.00028602201588316797
CentroidX: 0.9422
CentroidY: 0.6501
