Location: 2025-04-16_190712-1.png_Gaussian-Median.png
Component: component_1744834887790_409.png
centerX: 0.2944640753828033
centerY: 0.7543859649122807
width: 0.024146054181389872
height: 0.030380830124090714
Area: 0.0002590578258395565
CentroidX: 0.3056
CentroidY: 0.7695
