Location: 2025-04-16_190556-1.png_Mean-Medain.png
Component: component_1744834887428_400.png
centerX: 0.7379269729093051
centerY: 0.8446726572528883
width: 0.026501766784452298
height: 0.037227214377406934
Area: 0.00046695929112908387
CentroidX: 0.7507
CentroidY: 0.8627
