Location: 2025-04-16_190712-1.png_Gaussian-Median.png
Component: component_1744834887781_377.png
centerX: 0.7126030624263839
centerY: 0.686777920410783
width: 0.021790341578327443
height: 0.03123662815575524
Area: 0.0002462057352580221
CentroidX: 0.7224
CentroidY: 0.7020
