Location: 2025-04-16_190712-1.png_Gaussian-Median.png
Component: component_1744834887732_191.png
centerX: 0.9040047114252061
centerY: 0.3072314933675653
width: 0.025323910482921083
height: 0.026957637997432605
Area: 0.00025023776367575837
CentroidX: 0.9165
CentroidY: 0.3210
