Location: 2025-04-16_190556-1.png_Mean-Medain.png
Component: component_1744834887396_321.png
centerX: 0.5977620730270907
centerY: 0.6619597774925118
width: 0.026501766784452298
height: 0.036371416345742404
Area: 0.0004364670762199532
CentroidX: 0.6114
CentroidY: 0.6791
