Location: 2025-04-16_190650-1.png_Gaussian-Closing.png
Component: component_1744834887617_381.png
centerX: 0.8574793875147232
centerY: 0.6718014548566539
width: 0.02237926972909305
height: 0.02995293110825845
Area: 0.0003157582254639731
CentroidX: 0.8681
CentroidY: 0.6870
