Location: 2025-04-16_190650-1.png_Mean-Medain.png
Component: component_1744834887046_285.png
centerX: 0.26501766784452296
centerY: 0.5044929396662388
width: 0.01707891637220259
height: 0.03337612323491656
Area: 0.00027720195371936984
CentroidX: 0.2726
CentroidY: 0.5222
