Location: 2025-04-16_190556-1.png_Mean-Medain.png
Component: component_1744834887188_111.png
centerX: 0.07538280329799764
centerY: 0.16602481814291828
width: 0.02061248527679623
height: 0.02396234488660676
Area: 0.00019454537115577591
CentroidX: 0.0859
CentroidY: 0.1765
