Location: 2025-04-16_190556-1.png_Mean-Medain.png
Component: component_1744834887415_380.png
centerX: 0.598939929328622
centerY: 0.8040222507488233
width: 0.02767962308598351
height: 0.03594351732991014
Area: 0.0005022395397842764
CentroidX: 0.6119
CentroidY: 0.8227
