Location: 2025-04-16_190556-1.png_Mean-Medain.png
Component: component_1744834887351_237.png
centerX: 0.8798586572438163
centerY: 0.4689773213521609
width: 0.01884570082449941
height: 0.032520325203252036
Area: 0.00036817459489454484
CentroidX: 0.8890
CentroidY: 0.4845
