Location: 2025-04-16_190650-1.png_Mean-Medain.png
Component: component_1744834887009_95.png
centerX: 0.9411071849234394
centerY: 0.1386392811296534
width: 0.01884570082449941
height: 0.02610183996576808
Area: 0.0002434337157208284
CentroidX: 0.9501
CentroidY: 0.1516
