Location: 2025-04-16_190556-1.png_Mean-Medain.png
Component: component_1744834887369_267.png
centerX: 0.5535924617196702
centerY: 0.5190415062045357
width: 0.028857479387514724
height: 0.03551561831407788
Area: 0.0004946794865010208
CentroidX: 0.5682
CentroidY: 0.5361
