Location: 2025-04-16_190650-1.png_Gaussian-Closing.png
Component: component_1744834887503_77.png
centerX: 0.25382803297997647
centerY: 0.07531022678647839
width: 0.025323910482921083
height: 0.025673940949935817
Area: 0.0003444864279403441
CentroidX: 0.2667
CentroidY: 0.0870
