Location: 2025-04-16_190650-1.png_Mean-Medain.png
Component: component_1744834887005_69.png
centerX: 0.4558303886925795
centerY: 0.10440735986307231
width: 0.028268551236749116
height: 0.024390243902439025
Area: 0.0003316343373588097
CentroidX: 0.4695
CentroidY: 0.1169
