Location: 2025-04-16_190556-1.png_Mean-Medain.png
Component: component_1744834887365_254.png
centerX: 0.32685512367491165
centerY: 0.4796747967479675
width: 0.023557126030624265
height: 0.03123662815575524
Area: 0.0003505344705669486
CentroidX: 0.3383
CentroidY: 0.4953
