Location: 2025-04-16_190650-1.png_Mean-Medain.png
Component: component_1744834887097_510.png
centerX: 0.8551236749116607
centerY: 0.9336756525459992
width: 0.0176678445229682
height: 0.026957637997432605
Area: 0.00026535787024226944
CentroidX: 0.8631
CentroidY: 0.9484
