Location: 2025-04-16_190650-1.png_Gaussian-Closing.png
Component: component_1744834887639_468.png
centerX: 0.9375736160188457
centerY: 0.8399657680787335
width: 0.021790341578327443
height: 0.026957637997432605
Area: 0.00033264234446324375
CentroidX: 0.9478
CentroidY: 0.8547
