Location: 2025-04-16_190712-1.png_Gaussian-Median.png
Component: component_1744834887715_113.png
centerX: 0.45700824499411075
centerY: 0.16730851519041506
width: 0.01884570082449941
height: 0.028241335044929396
Area: 0.00024040969440752619
CentroidX: 0.4655
CentroidY: 0.1829
