Location: 2025-04-16_190712-1.png_Gaussian-Median.png
Component: component_1744834887701_40.png
centerX: 0.18669022379269729
centerY: 0.04193410355156183
width: 0.02061248527679623
height: 0.02267864783910997
Area: 0.00022554158961712363
CentroidX: 0.1960
CentroidY: 0.0543
