Location: easy21_Mean-Medain.png
Component: component_1744297381061_1039.png
centerX: 0.9258064516129032
centerY: 0.7705938697318008
width: 0.017741935483870968
height: 0.01532567049808429
Area: 0.00010775862068965517
CentroidX: 0.9338
CentroidY: 0.7781
