Location: 2025-04-16_190712-1.png_Gaussian-Median.png
Component: component_1744834887796_433.png
centerX: 0.6472320376914017
centerY: 0.7976037655113393
width: 0.02120141342756184
height: 0.03123662815575524
Area: 0.00023990569085530916
CentroidX: 0.6575
CentroidY: 0.8127
