Location: 2025-04-16_190556-1.png_Mean-Medain.png
Component: component_1744834887144_75.png
centerX: 0.9110718492343934
centerY: 0.12623020967051776
width: 0.01707891637220259
height: 0.03209242618741977
Area: 0.00020941347594617847
CentroidX: 0.9201
CentroidY: 0.1409
