Location: 2025-04-16_190556-1.png_Mean-Medain.png
Component: component_1744834887407_353.png
centerX: 0.8333333333333334
centerY: 0.7475395806589645
width: 0.024734982332155476
height: 0.037227214377406934
Area: 0.00044805915792094504
CentroidX: 0.8449
CentroidY: 0.7654
