Location: 2025-04-16_190712-1.png_Gaussian-Median.png
Component: component_1744834887703_50.png
centerX: 0.38103651354534745
centerY: 0.0646127513906718
width: 0.022968197879858657
height: 0.025246041934103552
Area: 0.00022554158961712363
CentroidX: 0.3918
CentroidY: 0.0787
