Location: 2025-04-16_190556-1.png_Mean-Medain.png
Component: component_1744834887388_302.png
centerX: 0.5341578327444052
centerY: 0.6106118955926402
width: 0.023557126030624265
height: 0.037655113393239195
Area: 0.0004147949234746206
CentroidX: 0.5454
CentroidY: 0.6295
