Location: 2025-04-16_190650-1.png_Mean-Medain.png
Component: component_1744834887096_501.png
centerX: 0.41813898704358066
centerY: 0.9071459135643988
width: 0.022968197879858657
height: 0.032520325203252036
Area: 0.00040194283289308623
CentroidX: 0.4282
CentroidY: 0.9250
