Location: 2025-04-16_190650-1.png_Gaussian-Closing.png
Component: component_1744834887633_443.png
centerX: 0.5241460541813898
centerY: 0.7779204107830552
width: 0.026501766784452298
height: 0.02610183996576808
Area: 0.0003064341597479579
CentroidX: 0.5361
CentroidY: 0.7921
