Location: 2025-04-16_190556-1.png_Mean-Medain.png
Component: component_1744834887131_38.png
centerX: 0.037102473498233215
centerY: 0.058622165169020114
width: 0.021790341578327443
height: 0.032520325203252036
Area: 0.0002658618737944865
CentroidX: 0.0482
CentroidY: 0.0736
