Location: 2025-04-16_190556-1.png_Mean-Medain.png
Component: component_1744834887378_290.png
centerX: 0.47820965842167257
centerY: 0.5733846812152332
width: 0.02944640753828033
height: 0.031664527171587506
Area: 0.0004815753941433779
CentroidX: 0.4922
CentroidY: 0.5890
