Location: 2025-04-16_190556-1.png_Mean-Medain.png
Component: component_1744834887330_226.png
centerX: 0.2703180212014134
centerY: 0.43089430894308944
width: 0.021790341578327443
height: 0.0329482242190843
Area: 0.0002857700141070594
CentroidX: 0.2799
CentroidY: 0.4456
