Location: 2025-04-16_190650-1.png_Mean-Medain.png
Component: component_1744834887008_87.png
centerX: 0.7555948174322733
centerY: 0.13735558408215662
width: 0.022968197879858657
height: 0.025246041934103552
Area: 0.0002779579590476954
CentroidX: 0.7664
CentroidY: 0.1501
