Location: 2025-04-16_190556-1.png_Mean-Medain.png
Component: component_1744834887436_437.png
centerX: 0.16136631330977622
centerY: 0.9080017115960634
width: 0.02591283863368669
height: 0.03508771929824561
Area: 0.0005004755273515167
CentroidX: 0.1734
CentroidY: 0.9256
