Location: 2025-04-16_190712-1.png_Gaussian-Median.png
Component: component_1744834887718_125.png
centerX: 0.7956419316843345
centerY: 0.19897304236200256
width: 0.024734982332155476
height: 0.025673940949935817
Area: 0.0002940860727186405
CentroidX: 0.8077
CentroidY: 0.2109
