Location: 2025-04-16_190556-1.png_Mean-Medain.png
Component: component_1744834887364_252.png
centerX: 0.41048292108362777
centerY: 0.47881899871630296
width: 0.024146054181389872
height: 0.03337612323491656
Area: 0.00036464657002902555
CentroidX: 0.4215
CentroidY: 0.4949
