Location: 2025-04-16_190556-1.png_Mean-Medain.png
Component: component_1744834887126_13.png
centerX: 0.555359246171967
centerY: 0.007702182284980745
width: 0.01884570082449941
height: 0.030380830124090714
Area: 0.00023058162513929398
CentroidX: 0.5644
CentroidY: 0.0223
