Location: 2025-04-16_190650-1.png_Gaussian-Closing.png
Component: component_1744834887476_29.png
centerX: 0.5541813898704359
centerY: 0.004706889174154899
width: 0.02120141342756184
height: 0.02995293110825845
Area: 0.00030038611712135345
CentroidX: 0.5641
CentroidY: 0.0197
