Location: 2025-04-16_190712-1.png_Gaussian-Median.png
Component: component_1744834887730_178.png
centerX: 0.6389870435806831
centerY: 0.28498074454428757
width: 0.024734982332155476
height: 0.024818142918271287
Area: 0.00025578180275014577
CentroidX: 0.6511
CentroidY: 0.2967
