Location: 2025-04-16_190650-1.png_Mean-Medain.png
Component: component_1744834887016_136.png
centerX: 0.40223792697290933
centerY: 0.20539152759948653
width: 0.022968197879858657
height: 0.026957637997432605
Area: 0.00028047797680878057
CentroidX: 0.4127
CentroidY: 0.2196
