Location: 2025-04-16_190650-1.png_Gaussian-Closing.png
Component: component_1744834887642_481.png
centerX: 0.2826855123674912
centerY: 0.8468121523320497
width: 0.024734982332155476
height: 0.030380830124090714
Area: 0.000342470413731476
CentroidX: 0.2942
CentroidY: 0.8620
