Location: 2025-04-16_190556-1.png_Mean-Medain.png
Component: component_1744834887438_444.png
centerX: 0.16607773851590105
centerY: 0.9473684210526315
width: 0.024734982332155476
height: 0.037655113393239195
Area: 0.00048283540302392053
CentroidX: 0.1782
CentroidY: 0.9663
