Location: 2025-04-16_190650-1.png_Mean-Medain.png
Component: component_1744834887068_405.png
centerX: 0.9034157832744405
centerY: 0.7398373983739838
width: 0.021790341578327443
height: 0.026529738981600343
Area: 0.0002703979057644398
CentroidX: 0.9136
CentroidY: 0.7547
