Location: 2025-04-16_190650-1.png_Mean-Medain.png
Component: component_1744834887029_192.png
centerX: 0.8545347467608951
centerY: 0.3157894736842105
width: 0.02061248527679623
height: 0.02781343602909713
Area: 0.0002787139643760209
CentroidX: 0.8651
CentroidY: 0.3295
