Location: 2025-04-16_190650-1.png_Gaussian-Closing.png
Component: component_1744834887602_313.png
centerX: 0.48115429917550057
centerY: 0.5400085579803167
width: 0.024734982332155476
height: 0.03209242618741977
Area: 0.000300638118897462
CentroidX: 0.4926
CentroidY: 0.5563
