Location: 2025-04-16_190650-1.png_Gaussian-Closing.png
Component: component_1744834887616_376.png
centerX: 0.15547703180212014
centerY: 0.6491228070175439
width: 0.01884570082449941
height: 0.029525032092426188
Area: 0.0002867780212114935
CentroidX: 0.1645
CentroidY: 0.6635
