Location: 2025-04-16_190650-1.png_Mean-Medain.png
Component: component_1744834887015_130.png
centerX: 0.5053003533568905
centerY: 0.20496362858365424
width: 0.02237926972909305
height: 0.026957637997432605
Area: 0.00027694995194326127
CentroidX: 0.5157
CentroidY: 0.2186
