Location: 2025-04-16_190650-1.png_Gaussian-Closing.png
Component: component_1744834887591_286.png
centerX: 0.9234393404004712
centerY: 0.4813863928112965
width: 0.02061248527679623
height: 0.029525032092426188
Area: 0.0002993781100169194
CentroidX: 0.9330
CentroidY: 0.4969
