Location: 2025-04-16_190712-1.png_Gaussian-Median.png
Component: component_1744834887700_34.png
centerX: 0.3745583038869258
centerY: 0.03936670945656825
width: 0.02237926972909305
height: 0.018827556696619598
Area: 0.00017564523794763706
CentroidX: 0.3849
CentroidY: 0.0495
