Location: 2025-04-16_190650-1.png_Mean-Medain.png
Component: component_1744834887100_526.png
centerX: 0.044169611307420496
centerY: 0.9469405220367993
width: 0.023557126030624265
height: 0.03209242618741977
Area: 0.00035759052029798706
CentroidX: 0.0554
CentroidY: 0.9625
