Location: 2025-04-16_190556-1.png_Mean-Medain.png
Component: component_1744834887128_23.png
centerX: 0.11837455830388692
centerY: 0.01198117244330338
width: 0.01884570082449941
height: 0.029097133076593923
Area: 0.00020538144752844218
CentroidX: 0.1276
CentroidY: 0.0255
