Location: 2025-04-16_190650-1.png_Gaussian-Closing.png
Component: component_1744834887631_434.png
centerX: 0.28857479387514723
centerY: 0.7749251176722294
width: 0.023557126030624265
height: 0.029525032092426188
Area: 0.00033642237110487156
CentroidX: 0.2992
CentroidY: 0.7900
