Location: 2025-04-16_190650-1.png_Gaussian-Closing.png
Component: component_1744834887574_263.png
centerX: 0.039458186101295645
centerY: 0.43517329910141206
width: 0.02120141342756184
height: 0.031664527171587506
Area: 0.0003129862059267794
CentroidX: 0.0498
CentroidY: 0.4502
