Location: 2025-04-16_190650-1.png_Gaussian-Closing.png
Component: component_1744834887594_292.png
centerX: 0.5647820965842167
centerY: 0.49893025246041933
width: 0.02120141342756184
height: 0.03209242618741977
Area: 0.00028224198924154016
CentroidX: 0.5747
CentroidY: 0.5149
