Location: 2025-04-16_190650-1.png_Mean-Medain.png
Component: component_1744834887015_128.png
centerX: 0.7031802120141343
centerY: 0.20410783055198972
width: 0.02120141342756184
height: 0.02610183996576808
Area: 0.0002517497743324095
CentroidX: 0.7131
CentroidY: 0.2174
