Location: 2025-04-16_190712-1.png_Gaussian-Median.png
Component: component_1744834887777_357.png
centerX: 0.5965842167255595
centerY: 0.6499786050492083
width: 0.022968197879858657
height: 0.03380402225074882
Area: 0.0002535137867651691
CentroidX: 0.6086
CentroidY: 0.6665
