Location: 2025-04-16_190650-1.png_Gaussian-Closing.png
Component: component_1744834887616_378.png
centerX: 0.6542991755005889
centerY: 0.6713735558408216
width: 0.02237926972909305
height: 0.03123662815575524
Area: 0.0002993781100169194
CentroidX: 0.6635
CentroidY: 0.6885
