Location: 2025-04-16_190650-1.png_Mean-Medain.png
Component: component_1744834887017_137.png
centerX: 0.4534746760895171
centerY: 0.2058194266153188
width: 0.024146054181389872
height: 0.02866923406076166
Area: 0.0002862740176592765
CentroidX: 0.4661
CentroidY: 0.2200
