Location: 2025-04-16_190556-1.png_Mean-Medain.png
Component: component_1744834887124_2.png
centerX: 0.8698468786808009
centerY: 0.004706889174154899
width: 0.0176678445229682
height: 0.031664527171587506
Area: 0.00024141770151196027
CentroidX: 0.8781
CentroidY: 0.0190
