Location: 2025-04-16_190556-1.png_Mean-Medain.png
Component: component_1744834887126_14.png
centerX: 0.5889281507656066
centerY: 0.007702182284980745
width: 0.0176678445229682
height: 0.02781343602909713
Area: 0.0002323456375720536
CentroidX: 0.5972
CentroidY: 0.0209
