Location: 2025-04-16_190650-1.png_Gaussian-Closing.png
Component: component_1744834887534_179.png
centerX: 0.5530035335689046
centerY: 0.2785622593068036
width: 0.02120141342756184
height: 0.02781343602909713
Area: 0.0002751859395105017
CentroidX: 0.5637
CentroidY: 0.2917
