Location: 2025-04-16_190650-1.png_Gaussian-Closing.png
Component: component_1744834887653_527.png
centerX: 0.41460541813898705
centerY: 0.9388104407359863
width: 0.034746760895170786
height: 0.026529738981600343
Area: 0.0004042108488780629
CentroidX: 0.4319
CentroidY: 0.9533
