Location: 2025-04-16_190556-1.png_Mean-Medain.png
Component: component_1744834887132_43.png
centerX: 0.6713780918727915
centerY: 0.058194266153187846
width: 0.020023557126030624
height: 0.03209242618741977
Area: 0.00024393771927304543
CentroidX: 0.6817
CentroidY: 0.0726
