Location: 2025-04-16_190712-1.png_Gaussian-Median.png
Component: component_1744834887726_155.png
centerX: 0.8574793875147232
centerY: 0.2443303380402225
width: 0.02120141342756184
height: 0.02781343602909713
Area: 0.00025502579742182023
CentroidX: 0.8674
CentroidY: 0.2578
