Location: 2025-04-16_190712-1.png_Gaussian-Median.png
Component: component_1744834887741_224.png
centerX: 0.08480565371024736
centerY: 0.37441163885323064
width: 0.024146054181389872
height: 0.03979460847240052
Area: 0.00036741858956621925
CentroidX: 0.0977
CentroidY: 0.3933
