Location: 2025-04-16_190556-1.png_Mean-Medain.png
Component: component_1744834887315_190.png
centerX: 0.03651354534746761
centerY: 0.337612323491656
width: 0.02120141342756184
height: 0.03508771929824561
Area: 0.00030013411534524493
CentroidX: 0.0464
CentroidY: 0.3538
