Location: 2025-04-16_190556-1.png_Mean-Medain.png
Component: component_1744834887376_284.png
centerX: 0.6171967020023557
centerY: 0.5673940949935815
width: 0.027090694935217905
height: 0.03551561831407788
Area: 0.00048308740480002905
CentroidX: 0.6300
CentroidY: 0.5866
