Location: 2025-04-16_190650-1.png_Gaussian-Closing.png
Component: component_1744834887569_248.png
centerX: 0.07597173144876325
centerY: 0.3996576807873342
width: 0.022968197879858657
height: 0.025246041934103552
Area: 0.0003157582254639731
CentroidX: 0.0871
CentroidY: 0.4122
