Location: 2025-04-16_190650-1.png_Gaussian-Closing.png
Component: component_1744834887585_283.png
centerX: 0.07656065959952886
centerY: 0.4762516046213094
width: 0.022968197879858657
height: 0.02866923406076166
Area: 0.00029459007627085753
CentroidX: 0.0876
CentroidY: 0.4907
