Location: 2025-04-16_190712-1.png_Gaussian-Median.png
Component: component_1744834887757_291.png
centerX: 0.1330977620730271
centerY: 0.5053487376979033
width: 0.025323910482921083
height: 0.036371416345742404
Area: 0.0003049221490913068
CentroidX: 0.1440
CentroidY: 0.5234
