Location: 2025-04-16_190650-1.png_Mean-Medain.png
Component: component_1744834887095_495.png
centerX: 0.8957597173144877
centerY: 0.904150620453573
width: 0.02120141342756184
height: 0.02995293110825845
Area: 0.00030996218461347717
CentroidX: 0.9044
CentroidY: 0.9214
