Location: 2025-04-16_190650-1.png_Mean-Medain.png
Component: component_1744834887026_174.png
centerX: 0.3032979976442874
centerY: 0.28284124946512623
width: 0.024146054181389872
height: 0.02866923406076166
Area: 0.00027190991642109095
CentroidX: 0.3145
CentroidY: 0.2974
