Location: easy21_Mean-Medain.png
Component: component_1744297380848_406.png
centerX: 0.09596774193548387
centerY: 0.3611111111111111
width: 0.01532258064516129
height: 0.014846743295019157
Area: 9.462674576690149e-05
CentroidX: 0.1026
CentroidY: 0.3686
