Location: 2025-04-16_190650-1.png_Mean-Medain.png
Component: component_1744834887022_155.png
centerX: 0.6525323910482921
centerY: 0.24475823705605476
width: 0.021790341578327443
height: 0.03123662815575524
Area: 0.00029030604607701275
CentroidX: 0.6631
CentroidY: 0.2595
