Location: 2025-04-16_190556-1.png_Mean-Medain.png
Component: component_1744834887215_137.png
centerX: 0.9399293286219081
centerY: 0.23705605477107403
width: 0.01884570082449941
height: 0.03465982028241335
Area: 0.00026812988977946314
CentroidX: 0.9490
CentroidY: 0.2548
