Location: 2025-04-16_190712-1.png_Gaussian-Median.png
Component: component_1744834887715_110.png
centerX: 0.3621908127208481
centerY: 0.16645271715875054
width: 0.02591283863368669
height: 0.03209242618741977
Area: 0.00029005404430090424
CentroidX: 0.3732
CentroidY: 0.1830
