Location: 2025-04-16_190712-1.png_Gaussian-Median.png
Component: component_1744834887774_345.png
centerX: 0.826266195524146
centerY: 0.6170303808301241
width: 0.024146054181389872
height: 0.03209242618741977
Area: 0.00031449821658343047
CentroidX: 0.8379
CentroidY: 0.6327
