Location: 2025-04-16_190556-1.png_Mean-Medain.png
Component: component_1744834887126_16.png
centerX: 0.3739693757361602
centerY: 0.008557980316645272
width: 0.018256772673733806
height: 0.026957637997432605
Area: 0.0002197455487666277
CentroidX: 0.3831
CentroidY: 0.0211
