Location: 2025-04-16_190556-1.png_Mean-Medain.png
Component: component_1744834887424_389.png
centerX: 0.10895170789163722
centerY: 0.811724433033804
width: 0.02591283863368669
height: 0.03594351732991014
Area: 0.00047174732487514573
CentroidX: 0.1217
CentroidY: 0.8289
