Location: 2025-04-16_190650-1.png_Gaussian-Closing.png
Component: component_1744834887635_449.png
centerX: 0.6967020023557126
centerY: 0.8048780487804879
width: 0.021790341578327443
height: 0.031664527171587506
Area: 0.00036187455049183185
CentroidX: 0.7059
CentroidY: 0.8228
