Location: 2025-04-16_190650-1.png_Mean-Medain.png
Component: component_1744834887012_109.png
centerX: 0.5565371024734982
centerY: 0.1715875053487377
width: 0.025323910482921083
height: 0.025246041934103552
Area: 0.0002837539998981913
CentroidX: 0.5693
CentroidY: 0.1836
