Location: 2025-04-16_190556-1.png_Mean-Medain.png
Component: component_1744834887439_447.png
centerX: 0.4958775029446408
centerY: 0.9490800171159607
width: 0.024146054181389872
height: 0.044929396662387676
Area: 0.0005614599571697782
CentroidX: 0.5073
CentroidY: 0.9720
