Location: 2025-04-16_190650-1.png_Mean-Medain.png
Component: component_1744834886989_11.png
centerX: 0.4040047114252061
centerY: 0.0034231921266581087
width: 0.021790341578327443
height: 0.032520325203252036
Area: 0.0003132382077028879
CentroidX: 0.4150
CentroidY: 0.0187
