Location: 2025-04-16_190650-1.png_Mean-Medain.png
Component: component_1744834887093_483.png
centerX: 0.47703180212014135
centerY: 0.8763371844244758
width: 0.023557126030624265
height: 0.03380402225074882
Area: 0.00039765880269924145
CentroidX: 0.4876
CentroidY: 0.8937
