Location: 2025-04-16_190650-1.png_Mean-Medain.png
Component: component_1744834887047_291.png
centerX: 0.04181389870435807
centerY: 0.5117672229353872
width: 0.024146054181389872
height: 0.02866923406076166
Area: 0.00030290613488243864
CentroidX: 0.0544
CentroidY: 0.5244
