Location: 2025-04-16_190712-1.png_Gaussian-Median.png
Component: component_1744834887778_361.png
centerX: 0.7126030624263839
centerY: 0.654257595207531
width: 0.02237926972909305
height: 0.03465982028241335
Area: 0.00026812988977946314
CentroidX: 0.7229
CentroidY: 0.6719
