Location: 2025-04-16_190650-1.png_Mean-Medain.png
Component: component_1744834887048_300.png
centerX: 0.6878680800942285
centerY: 0.5340179717586649
width: 0.02120141342756184
height: 0.031664527171587506
Area: 0.0003210502627622519
CentroidX: 0.6974
CentroidY: 0.5499
