Location: 2025-04-16_190556-1.png_Mean-Medain.png
Component: component_1744834887404_345.png
centerX: 0.35924617196702
centerY: 0.7124518613607189
width: 0.024146054181389872
height: 0.038510911424903725
Area: 0.00045133518101035577
CentroidX: 0.3715
CentroidY: 0.7306
