Location: 2025-04-16_190712-1.png_Gaussian-Median.png
Component: component_1744834887722_140.png
centerX: 0.9493521790341578
centerY: 0.220795892169448
width: 0.02237926972909305
height: 0.02396234488660676
Area: 0.00026812988977946314
CentroidX: 0.9594
CentroidY: 0.2329
