Location: 2025-04-16_190556-1.png_Mean-Medain.png
Component: component_1744834887409_356.png
centerX: 0.928150765606596
centerY: 0.7488232777064613
width: 0.027090694935217905
height: 0.036371416345742404
Area: 0.0004946794865010208
CentroidX: 0.9411
CentroidY: 0.7656
