Location: 2025-04-16_190650-1.png_Mean-Medain.png
Component: component_1744834887028_187.png
centerX: 0.9381625441696113
centerY: 0.31364997860504923
width: 0.021790341578327443
height: 0.029097133076593923
Area: 0.000321554266314469
CentroidX: 0.9490
CentroidY: 0.3278
