Location: 2025-04-16_190556-1.png_Mean-Medain.png
Component: component_1744834887325_213.png
centerX: 0.7968197879858657
centerY: 0.42704321780059906
width: 0.024734982332155476
height: 0.03380402225074882
Area: 0.00032533429295609676
CentroidX: 0.8082
CentroidY: 0.4435
