Location: 2025-04-16_190712-1.png_Gaussian-Median.png
Component: component_1744834887792_418.png
centerX: 0.8786808009422851
centerY: 0.7633718442447582
width: 0.024146054181389872
height: 0.031664527171587506
Area: 0.00026082183827231615
CentroidX: 0.8899
CentroidY: 0.7791
