Location: 2025-04-16_190556-1.png_Mean-Medain.png
Component: component_1744834887379_291.png
centerX: 0.14428739693757361
centerY: 0.57466837826273
width: 0.024146054181389872
height: 0.03508771929824561
Area: 0.0004011868275647607
CentroidX: 0.1563
CentroidY: 0.5919
