Location: 2025-04-16_190650-1.png_Gaussian-Closing.png
Component: component_1744834887614_368.png
centerX: 0.5017667844522968
centerY: 0.6405648267008985
width: 0.021790341578327443
height: 0.03080872913992298
Area: 0.0003213022645383605
CentroidX: 0.5114
CentroidY: 0.6567
