Location: 2025-04-16_190650-1.png_Mean-Medain.png
Component: component_1744834887093_484.png
centerX: 0.5406360424028268
centerY: 0.8763371844244758
width: 0.02061248527679623
height: 0.02995293110825845
Area: 0.0003245782876277712
CentroidX: 0.5495
CentroidY: 0.8921
