Location: 2025-04-16_190650-1.png_Mean-Medain.png
Component: component_1744834887060_360.png
centerX: 0.3409893992932862
centerY: 0.6427043217800599
width: 0.021790341578327443
height: 0.032520325203252036
Area: 0.000307442166852392
CentroidX: 0.3501
CentroidY: 0.6602
