Location: 2025-04-16_190712-1.png_Gaussian-Median.png
Component: component_1744834887706_60.png
centerX: 0.2332155477031802
centerY: 0.06803594351732992
width: 0.02237926972909305
height: 0.029525032092426188
Area: 0.00025779781695901393
CentroidX: 0.2436
CentroidY: 0.0832
