Location: 2025-04-16_190650-1.png_Mean-Medain.png
Component: component_1744834887064_386.png
centerX: 0.9375736160188457
centerY: 0.7068891741548995
width: 0.01884570082449941
height: 0.025246041934103552
Area: 0.00024040969440752619
CentroidX: 0.9464
CentroidY: 0.7197
