Location: 2025-04-16_190650-1.png_Mean-Medain.png
Component: component_1744834887018_147.png
centerX: 0.5011778563015312
centerY: 0.24304664099272572
width: 0.024146054181389872
height: 0.02738553701326487
Area: 0.00028778602831592756
CentroidX: 0.5133
CentroidY: 0.2569
