Location: 2025-04-16_190650-1.png_Mean-Medain.png
Component: component_1744834887073_428.png
centerX: 0.947585394581861
centerY: 0.7744972186563971
width: 0.020023557126030624
height: 0.028241335044929396
Area: 0.0002676258862272461
CentroidX: 0.9567
CentroidY: 0.7901
