Location: 2025-04-16_190712-1.png_Gaussian-Median.png
Component: component_1744834887763_310.png
centerX: 0.37043580683156657
centerY: 0.5412922550278134
width: 0.024734982332155476
height: 0.03080872913992298
Area: 0.0002756899430627187
CentroidX: 0.3833
CentroidY: 0.5567
