Location: 2025-04-16_190650-1.png_Mean-Medain.png
Component: component_1744834887001_47.png
centerX: 0.143698468786808
centerY: 0.04535729567821994
width: 0.026501766784452298
height: 0.02738553701326487
Area: 0.00034473842971645267
CentroidX: 0.1569
CentroidY: 0.0580
