Location: 2025-04-16_190712-1.png_Gaussian-Median.png
Component: component_1744834887721_135.png
centerX: 0.6784452296819788
centerY: 0.20196833547282841
width: 0.024734982332155476
height: 0.02139495079161318
Area: 0.0002504897654518669
CentroidX: 0.6905
CentroidY: 0.2116
