Location: 2025-04-16_190712-1.png_Gaussian-Median.png
Component: component_1744834887720_134.png
centerX: 0.36336866902237924
centerY: 0.20196833547282841
width: 0.024146054181389872
height: 0.02781343602909713
Area: 0.00025099376900408396
CentroidX: 0.3743
CentroidY: 0.2163
