Location: 2025-04-16_190650-1.png_Mean-Medain.png
Component: component_1744834887040_255.png
centerX: 0.1955241460541814
centerY: 0.4368848951647411
width: 0.02237926972909305
height: 0.02781343602909713
Area: 0.00030366214021076423
CentroidX: 0.2054
CentroidY: 0.4514
