Location: 2025-04-16_190650-1.png_Gaussian-Closing.png
Component: component_1744834887558_227.png
centerX: 0.19964664310954064
centerY: 0.3598630723149337
width: 0.024146054181389872
height: 0.029525032092426188
Area: 0.00039261876717707107
CentroidX: 0.2115
CentroidY: 0.3743
