Location: 2025-04-16_190556-1.png_Mean-Medain.png
Component: component_1744834887361_246.png
centerX: 0.18433451118963487
centerY: 0.4762516046213094
width: 0.024146054181389872
height: 0.037227214377406934
Area: 0.0003827906979088389
CentroidX: 0.1963
CentroidY: 0.4948
