Location: 2025-04-16_190650-1.png_Gaussian-Closing.png
Component: component_1744834887612_355.png
centerX: 0.2767962308598351
centerY: 0.6131792896876337
width: 0.02237926972909305
height: 0.02866923406076166
Area: 0.0002968580922558342
CentroidX: 0.2869
CentroidY: 0.6278
