Location: 2025-04-16_190650-1.png_Gaussian-Closing.png
Component: component_1744834887533_175.png
centerX: 0.9004711425206124
centerY: 0.2764227642276423
width: 0.02061248527679623
height: 0.02866923406076166
Area: 0.000272917923525525
CentroidX: 0.9104
CentroidY: 0.2906
