Location: 2025-04-16_190650-1.png_Mean-Medain.png
Component: component_1744834887012_108.png
centerX: 0.4540636042402827
centerY: 0.1715875053487377
width: 0.023557126030624265
height: 0.02396234488660676
Area: 0.0002575458151829054
CentroidX: 0.4660
CentroidY: 0.1830
