Location: 2025-04-16_190650-1.png_Mean-Medain.png
Component: component_1744834887001_45.png
centerX: 0.4587750294464075
centerY: 0.043645699614890884
width: 0.019434628975265017
height: 0.026957637997432605
Area: 0.00028173798568932313
CentroidX: 0.4688
CentroidY: 0.0561
