Location: 2025-04-16_190712-1.png_Gaussian-Median.png
Component: component_1744834887745_245.png
centerX: 0.8085983510011778
centerY: 0.4116388532306376
width: 0.02120141342756184
height: 0.02610183996576808
Area: 0.00023738567309422397
CentroidX: 0.8192
CentroidY: 0.4247
