Location: 2025-04-16_190712-1.png_Gaussian-Median.png
Component: component_1744834887717_122.png
centerX: 0.8510011778563016
centerY: 0.19597774925117672
width: 0.024734982332155476
height: 0.025673940949935817
Area: 0.0002890460371964702
CentroidX: 0.8629
CentroidY: 0.2089
