Location: 2025-04-16_190556-1.png_Mean-Medain.png
Component: component_1744834887400_337.png
centerX: 0.7149587750294464
centerY: 0.7073170731707317
width: 0.02120141342756184
height: 0.03594351732991014
Area: 0.00042059096432511654
CentroidX: 0.7251
CentroidY: 0.7250
