Location: 2025-04-16_190712-1.png_Gaussian-Median.png
Component: component_1744834887768_329.png
centerX: 0.8680800942285041
centerY: 0.5802310654685494
width: 0.022968197879858657
height: 0.03123662815575524
Area: 0.00027619394661493573
CentroidX: 0.8792
CentroidY: 0.5960
