Location: 2025-04-16_190712-1.png_Gaussian-Median.png
Component: component_1744834887772_338.png
centerX: 0.29093050647820967
centerY: 0.613607188703466
width: 0.022968197879858657
height: 0.03594351732991014
Area: 0.0003316343373588097
CentroidX: 0.3025
CentroidY: 0.6314
