Location: 2025-04-16_190650-1.png_Gaussian-Closing.png
Component: component_1744834887653_524.png
centerX: 0.6036513545347467
centerY: 0.9362430466409927
width: 0.025323910482921083
height: 0.03080872913992298
Area: 0.00029736209580805123
CentroidX: 0.6145
CentroidY: 0.9526
