Location: 2025-04-16_190556-1.png_Mean-Medain.png
Component: component_1744834887197_123.png
centerX: 0.4787985865724382
centerY: 0.19426615318784768
width: 0.022968197879858657
height: 0.029097133076593923
Area: 0.00022604559316934065
CentroidX: 0.4896
CentroidY: 0.2093
