Location: 2025-04-16_190556-1.png_Mean-Medain.png
Component: component_1744834887240_145.png
centerX: 0.8015312131919906
centerY: 0.2396234488660676
width: 0.021790341578327443
height: 0.030380830124090714
Area: 0.00023965368907920062
CentroidX: 0.8122
CentroidY: 0.2536
