Location: 2025-04-16_190650-1.png_Gaussian-Closing.png
Component: component_1744834887652_523.png
centerX: 0.7084805653710248
centerY: 0.9353872486093282
width: 0.024146054181389872
height: 0.03337612323491656
Area: 0.0003664105824617852
CentroidX: 0.7196
CentroidY: 0.9535
