Location: 2025-04-16_190712-1.png_Gaussian-Median.png
Component: component_1744834887802_466.png
centerX: 0.5341578327444052
centerY: 0.8664955070603337
width: 0.024734982332155476
height: 0.03209242618741977
Area: 0.0002968580922558342
CentroidX: 0.5468
CentroidY: 0.8816
