Location: 2025-04-16_190712-1.png_Gaussian-Median.png
Component: component_1744834887732_189.png
centerX: 0.12779740871613662
centerY: 0.3076593923833975
width: 0.0176678445229682
height: 0.024390243902439025
Area: 0.0002182335381099766
CentroidX: 0.1356
CentroidY: 0.3210
