Location: 2025-04-16_190556-1.png_Mean-Medain.png
Component: component_1744834887431_408.png
centerX: 0.21849234393404005
centerY: 0.8549422336328626
width: 0.02591283863368669
height: 0.03594351732991014
Area: 0.0004770393621734246
CentroidX: 0.2312
CentroidY: 0.8728
