Location: 2025-04-16_190712-1.png_Gaussian-Median.png
Component: component_1744834887785_395.png
centerX: 0.2956419316843345
centerY: 0.7235772357723578
width: 0.022968197879858657
height: 0.03209242618741977
Area: 0.0002540177903173862
CentroidX: 0.3071
CentroidY: 0.7384
