Location: 2025-04-16_190556-1.png_Mean-Medain.png
Component: component_1744834887436_438.png
centerX: 0.9458186101295641
centerY: 0.9409499358151476
width: 0.024734982332155476
height: 0.036371416345742404
Area: 0.0004377270851004958
CentroidX: 0.9589
CentroidY: 0.9577
