Location: 2025-04-16_190712-1.png_Gaussian-Median.png
Component: component_1744834887731_184.png
centerX: 0.18021201413427562
centerY: 0.2995293110825845
width: 0.019434628975265017
height: 0.029097133076593923
Area: 0.0002658618737944865
CentroidX: 0.1886
CentroidY: 0.3152
