Location: 2025-04-16_190556-1.png_Mean-Medain.png
Component: component_1744834887407_351.png
centerX: 0.15724381625441697
centerY: 0.7163029525032092
width: 0.02591283863368669
height: 0.037227214377406934
Area: 0.00045587121298030906
CentroidX: 0.1704
CentroidY: 0.7340
