Location: 2025-04-16_190556-1.png_Mean-Medain.png
Component: component_1744834887356_240.png
centerX: 0.6743227326266196
centerY: 0.4711168164313222
width: 0.024734982332155476
height: 0.031664527171587506
Area: 0.0004032028417736288
CentroidX: 0.6859
CentroidY: 0.4870
