Location: 2025-04-16_190712-1.png_Gaussian-Median.png
Component: component_1744834887797_441.png
centerX: 0.07302709069493522
centerY: 0.8112965340179717
width: 0.024734982332155476
height: 0.026957637997432605
Area: 0.0003202942574339264
CentroidX: 0.0839
CentroidY: 0.8265
