Location: 2025-04-16_190650-1.png_Mean-Medain.png
Component: component_1744834887036_236.png
centerX: 0.13191990577149587
centerY: 0.3992297817715019
width: 0.026501766784452298
height: 0.02610183996576808
Area: 0.0003752306446255833
CentroidX: 0.1437
CentroidY: 0.4127
