Location: 2025-04-16_190650-1.png_Gaussian-Closing.png
Component: component_1744834887598_301.png
centerX: 0.08539458186101295
centerY: 0.5113393239195549
width: 0.02061248527679623
height: 0.029525032092426188
Area: 0.0002925740620619894
CentroidX: 0.0952
CentroidY: 0.5257
