Location: 2025-04-16_190556-1.png_Mean-Medain.png
Component: component_1744834887377_288.png
centerX: 0.4293286219081272
centerY: 0.5729567821994009
width: 0.028268551236749116
height: 0.0329482242190843
Area: 0.0004742673426362309
CentroidX: 0.4430
CentroidY: 0.5896
