Location: 2025-04-16_190650-1.png_Mean-Medain.png
Component: component_1744834887028_188.png
centerX: 0.45700824499411075
centerY: 0.31407787762088146
width: 0.025323910482921083
height: 0.026957637997432605
Area: 0.000363386561148483
CentroidX: 0.4692
CentroidY: 0.3276
