Location: 2025-04-16_190650-1.png_Mean-Medain.png
Component: component_1744834887011_106.png
centerX: 0.657243816254417
centerY: 0.16859221223791185
width: 0.025323910482921083
height: 0.026529738981600343
Area: 0.00029282606383809794
CentroidX: 0.6695
CentroidY: 0.1822
