Location: 2025-04-16_190650-1.png_Gaussian-Closing.png
Component: component_1744834887564_241.png
centerX: 0.5035335689045937
centerY: 0.38853230637569536
width: 0.024146054181389872
height: 0.026529738981600343
Area: 0.0003744746392972578
CentroidX: 0.5153
CentroidY: 0.4015
