Location: 2025-04-16_190650-1.png_Mean-Medain.png
Component: component_1744834887098_512.png
centerX: 0.9352179034157833
centerY: 0.9341035515618314
width: 0.02237926972909305
height: 0.032520325203252036
Area: 0.00033264234446324375
CentroidX: 0.9457
CentroidY: 0.9505
