Location: 2025-04-16_190650-1.png_Gaussian-Closing.png
Component: component_1744834887563_237.png
centerX: 0.6124852767962309
centerY: 0.38596491228070173
width: 0.024146054181389872
height: 0.026529738981600343
Area: 0.0003638905647007
CentroidX: 0.6247
CentroidY: 0.3988
