Location: 2025-04-16_190556-1.png_Mean-Medain.png
Component: component_1744834887411_369.png
centerX: 0.16372202591283863
centerY: 0.7625160462130937
width: 0.02767962308598351
height: 0.0329482242190843
Area: 0.00043293905135443397
CentroidX: 0.1779
CentroidY: 0.7780
