Location: 2025-04-16_190650-1.png_Mean-Medain.png
Component: component_1744834887092_480.png
centerX: 0.8527679623085983
centerY: 0.8737697903294822
width: 0.02237926972909305
height: 0.029525032092426188
Area: 0.00031147419527012825
CentroidX: 0.8624
CentroidY: 0.8889
