Location: 2025-04-16_190556-1.png_Mean-Medain.png
Component: component_1744834887324_209.png
centerX: 0.13133097762073026
centerY: 0.384681215233205
width: 0.021790341578327443
height: 0.03080872913992298
Area: 0.00027720195371936984
CentroidX: 0.1430
CentroidY: 0.3979
