Location: 2025-04-16_190556-1.png_Mean-Medain.png
Component: component_1744834887375_282.png
centerX: 0.8109540636042403
centerY: 0.5648267008985879
width: 0.025323910482921083
height: 0.03594351732991014
Area: 0.0004656992822485413
CentroidX: 0.8235
CentroidY: 0.5819
