Location: 2025-04-16_190712-1.png_Gaussian-Median.png
Component: component_1744834887731_182.png
centerX: 0.4169611307420495
centerY: 0.29311082584510056
width: 0.023557126030624265
height: 0.026529738981600343
Area: 0.0002542697920934947
CentroidX: 0.4292
CentroidY: 0.3054
