Location: 2025-04-16_190650-1.png_Gaussian-Closing.png
Component: component_1744834887532_168.png
centerX: 0.3574793875147232
centerY: 0.24561403508771928
width: 0.024734982332155476
height: 0.02610183996576808
Area: 0.0002726659217494165
CentroidX: 0.3701
CentroidY: 0.2594
