Location: 2025-04-16_190650-1.png_Gaussian-Closing.png
Component: component_1744834887562_232.png
centerX: 0.8674911660777385
centerY: 0.3821138211382114
width: 0.02237926972909305
height: 0.03080872913992298
Area: 0.00037296262864060665
CentroidX: 0.8784
CentroidY: 0.3971
