Location: 2025-04-16_190650-1.png_Gaussian-Closing.png
Component: component_1744834887504_81.png
centerX: 0.8486454652532391
centerY: 0.10312366281557553
width: 0.022968197879858657
height: 0.021822849807445442
Area: 0.0002517497743324095
CentroidX: 0.8598
CentroidY: 0.1138
