Location: 2025-04-16_190712-1.png_Gaussian-Median.png
Component: component_1744834887703_51.png
centerX: 0.6160188457008245
centerY: 0.0646127513906718
width: 0.02237926972909305
height: 0.029525032092426188
Area: 0.0002338576482287047
CentroidX: 0.6259
CentroidY: 0.0793
