Location: 2025-04-16_190650-1.png_Mean-Medain.png
Component: component_1744834887019_150.png
centerX: 0.7585394581861012
centerY: 0.24304664099272572
width: 0.02120141342756184
height: 0.02781343602909713
Area: 0.00026611387557059504
CentroidX: 0.7694
CentroidY: 0.2561
