Location: 2025-04-16_190650-1.png_Gaussian-Closing.png
Component: component_1744834887607_336.png
centerX: 0.38574793875147234
centerY: 0.5776636713735558
width: 0.0176678445229682
height: 0.030380830124090714
Area: 0.00025225377788462653
CentroidX: 0.3944
CentroidY: 0.5930
