Location: 2025-04-16_190556-1.png_Mean-Medain.png
Component: component_1744834887429_403.png
centerX: 0.5789163722025913
centerY: 0.848951647411211
width: 0.03121319199057715
height: 0.036371416345742404
Area: 0.0005160996374702449
CentroidX: 0.5937
CentroidY: 0.8666
