Location: 2025-04-16_190650-1.png_Mean-Medain.png
Component: component_1744834887031_206.png
centerX: 0.7661955241460542
centerY: 0.3491655969191271
width: 0.024734982332155476
height: 0.028241335044929396
Area: 0.0003908547547443114
CentroidX: 0.7778
CentroidY: 0.3630
