Location: 2025-04-16_190650-1.png_Gaussian-Closing.png
Component: component_1744834887633_441.png
centerX: 0.4004711425206125
centerY: 0.7770646127513907
width: 0.02061248527679623
height: 0.026529738981600343
Area: 0.00029030604607701275
CentroidX: 0.4097
CentroidY: 0.7914
