Location: 2025-04-16_190650-1.png_Mean-Medain.png
Component: component_1744834887090_469.png
centerX: 0.3451118963486455
centerY: 0.8451005562687206
width: 0.023557126030624265
height: 0.03423192126658109
Area: 0.0003507864723430571
CentroidX: 0.3555
CentroidY: 0.8629
