Location: 2025-04-16_190712-1.png_Gaussian-Median.png
Component: component_1744834887816_513.png
centerX: 0.9687868080094229
centerY: 0.9576379974326059
width: 0.023557126030624265
height: 0.03508771929824561
Area: 0.00036263055582015744
CentroidX: 0.9803
CentroidY: 0.9735
