Location: 2025-04-16_190556-1.png_Mean-Medain.png
Component: component_1744834887130_34.png
centerX: 0.2832744405182568
centerY: 0.056910569105691054
width: 0.01884570082449941
height: 0.029097133076593923
Area: 0.00021848553988608512
CentroidX: 0.2927
CentroidY: 0.0698
