Location: 2025-04-16_190712-1.png_Gaussian-Median.png
Component: component_1744834887732_192.png
centerX: 0.7991755005889282
centerY: 0.31065468549422337
width: 0.023557126030624265
height: 0.02738553701326487
Area: 0.00023688166954200694
CentroidX: 0.8111
CentroidY: 0.3239
