Location: 2025-04-16_190650-1.png_Gaussian-Closing.png
Component: component_1744834887497_59.png
centerX: 0.030624263839811542
centerY: 0.044929396662387676
width: 0.025323910482921083
height: 0.02738553701326487
Area: 0.00033062633025437565
CentroidX: 0.0433
CentroidY: 0.0574
