Location: 2025-04-16_190556-1.png_Mean-Medain.png
Component: component_1744834887371_274.png
centerX: 0.04004711425206125
centerY: 0.5224646983311938
width: 0.023557126030624265
height: 0.03893881044073599
Area: 0.00045637521653252614
CentroidX: 0.0521
CentroidY: 0.5401
