Location: 2025-04-16_190650-1.png_Mean-Medain.png
Component: component_1744834887049_303.png
centerX: 0.48056537102473496
centerY: 0.5400085579803167
width: 0.025323910482921083
height: 0.03209242618741977
Area: 0.00030114212244967904
CentroidX: 0.4926
CentroidY: 0.5563
