Location: 2025-04-16_190650-1.png_Mean-Medain.png
Component: component_1744834887099_522.png
centerX: 0.2314487632508834
centerY: 0.9396662387676509
width: 0.024146054181389872
height: 0.031664527171587506
Area: 0.00034927446168640596
CentroidX: 0.2422
CentroidY: 0.9564
