Location: 2025-04-16_190650-1.png_Gaussian-Closing.png
Component: component_1744834887653_526.png
centerX: 0.5477031802120141
centerY: 0.938382541720154
width: 0.024734982332155476
height: 0.026529738981600343
Area: 0.00030845017395682604
CentroidX: 0.5589
CentroidY: 0.9524
