Location: 2025-04-16_190650-1.png_Mean-Medain.png
Component: component_1744834887033_219.png
centerX: 0.13957597173144876
centerY: 0.362002567394095
width: 0.024146054181389872
height: 0.026957637997432605
Area: 0.0003538104936563593
CentroidX: 0.1512
CentroidY: 0.3750
