Location: 2025-04-16_190650-1.png_Mean-Medain.png
Component: component_1744834887022_158.png
centerX: 0.1972909305064782
centerY: 0.24732563115104836
width: 0.024734982332155476
height: 0.025673940949935817
Area: 0.0002996301117930279
CentroidX: 0.2102
CentroidY: 0.2601
