Location: 2025-04-16_190650-1.png_Gaussian-Closing.png
Component: component_1744834887475_27.png
centerX: 0.3539458186101296
centerY: 0.004706889174154899
width: 0.025323910482921083
height: 0.03209242618741977
Area: 0.0003270983053888564
CentroidX: 0.3669
CentroidY: 0.0197
