Location: 2025-04-16_190556-1.png_Mean-Medain.png
Component: component_1744834887139_63.png
centerX: 0.16784452296819788
centerY: 0.09584937954642704
width: 0.018256772673733806
height: 0.029525032092426188
Area: 0.00019908140312572924
CentroidX: 0.1770
CentroidY: 0.1093
