Location: 2025-04-16_190556-1.png_Mean-Medain.png
Component: component_1744834887435_435.png
centerX: 0.43109540636042404
centerY: 0.9054343175010697
width: 0.02591283863368669
height: 0.036799315361574665
Area: 0.00046973131066627757
CentroidX: 0.4455
CentroidY: 0.9223
