Location: 2025-04-16_190556-1.png_Mean-Medain.png
Component: component_1744834887140_65.png
centerX: 0.6772673733804476
centerY: 0.09713307659392384
width: 0.02061248527679623
height: 0.028241335044929396
Area: 0.0002391496855269836
CentroidX: 0.6870
CentroidY: 0.1101
