Location: 2025-04-16_190712-1.png_Gaussian-Median.png
Component: component_1744834887784_389.png
centerX: 0.1348645465253239
centerY: 0.7128797603765511
width: 0.02120141342756184
height: 0.03979460847240052
Area: 0.00030593015619574085
CentroidX: 0.1459
CentroidY: 0.7317
