Location: 2025-04-16_190556-1.png_Mean-Medain.png
Component: component_1744834887434_428.png
centerX: 0.5394581861012956
centerY: 0.9028669234060762
width: 0.028268551236749116
height: 0.038510911424903725
Area: 0.0004936714793965868
CentroidX: 0.5531
CentroidY: 0.9211
