Location: 2025-04-16_190650-1.png_Mean-Medain.png
Component: component_1744834887096_504.png
centerX: 0.3510011778563015
centerY: 0.9080017115960634
width: 0.02767962308598351
height: 0.0329482242190843
Area: 0.0003858147192221411
CentroidX: 0.3625
CentroidY: 0.9261
