Location: 2025-04-16_190650-1.png_Mean-Medain.png
Component: component_1744834887054_329.png
centerX: 0.04122497055359246
centerY: 0.581086863500214
width: 0.02061248527679623
height: 0.02781343602909713
Area: 0.0003024021313302216
CentroidX: 0.0512
CentroidY: 0.5942
