Location: 2025-04-16_190556-1.png_Mean-Medain.png
Component: component_1744834887277_160.png
centerX: 0.45288574793875147
centerY: 0.2777064612751391
width: 0.021790341578327443
height: 0.03209242618741977
Area: 0.000252001776108518
CentroidX: 0.4640
CentroidY: 0.2928
