Location: 2025-04-16_190712-1.png_Gaussian-Median.png
Component: component_1744834887781_378.png
centerX: 0.7709069493521791
centerY: 0.686777920410783
width: 0.02767962308598351
height: 0.03423192126658109
Area: 0.00028501400877873386
CentroidX: 0.7854
CentroidY: 0.7028
