Location: 2025-04-16_190712-1.png_Gaussian-Median.png
Component: component_1744834887810_502.png
centerX: 0.1978798586572438
centerY: 0.9426615318784767
width: 0.027090694935217905
height: 0.037227214377406934
Area: 0.0002968580922558342
CentroidX: 0.2109
CentroidY: 0.9613
