Location: 2025-04-16_190556-1.png_Mean-Medain.png
Component: component_1744834887435_436.png
centerX: 0.21613663133097763
centerY: 0.9075738125802311
width: 0.025323910482921083
height: 0.03209242618741977
Area: 0.00040345484354973736
CentroidX: 0.2291
CentroidY: 0.9237
