Location: 2025-04-16_190556-1.png_Mean-Medain.png
Component: component_1744834887138_61.png
centerX: 0.29740871613663133
centerY: 0.09542148053059478
width: 0.019434628975265017
height: 0.03080872913992298
Area: 0.00021470551324445734
CentroidX: 0.3077
CentroidY: 0.1097
