Location: 2025-04-16_190650-1.png_Mean-Medain.png
Component: component_1744834887055_337.png
centerX: 0.5959952885747939
centerY: 0.6046213093709885
width: 0.02061248527679623
height: 0.025673940949935817
Area: 0.0002603178347200991
CentroidX: 0.6062
CentroidY: 0.6180
