Location: 2025-04-16_190650-1.png_Mean-Medain.png
Component: component_1744834887054_331.png
centerX: 0.9352179034157833
centerY: 0.5956354300385109
width: 0.01884570082449941
height: 0.03080872913992298
Area: 0.0002625858507050758
CentroidX: 0.9439
CentroidY: 0.6122
