Location: 2025-04-16_190556-1.png_Mean-Medain.png
Component: component_1744834887395_318.png
centerX: 0.8180212014134276
centerY: 0.6602481814291827
width: 0.027090694935217905
height: 0.037227214377406934
Area: 0.0004795593799345098
CentroidX: 0.8303
CentroidY: 0.6780
