Location: 2025-04-16_190712-1.png_Gaussian-Median.png
Component: component_1744834887713_99.png
centerX: 0.3539458186101296
centerY: 0.1339323919554985
width: 0.021790341578327443
height: 0.02781343602909713
Area: 0.0002658618737944865
CentroidX: 0.3630
CentroidY: 0.1491
