Location: 2025-04-16_190650-1.png_Gaussian-Closing.png
Component: component_1744834887478_36.png
centerX: 0.7438162544169611
centerY: 0.005134788189987163
width: 0.024146054181389872
height: 0.031664527171587506
Area: 0.00033642237110487156
CentroidX: 0.7558
CentroidY: 0.0194
