Location: 2025-04-16_190650-1.png_Gaussian-Closing.png
Component: component_1744834887620_401.png
centerX: 0.8975265017667845
centerY: 0.7086007702182285
width: 0.02061248527679623
height: 0.026957637997432605
Area: 0.00023864568197476657
CentroidX: 0.9066
CentroidY: 0.7226
