Location: 2025-04-16_190712-1.png_Gaussian-Median.png
Component: component_1744834887713_102.png
centerX: 0.2956419316843345
centerY: 0.13607188703465983
width: 0.02767962308598351
height: 0.029525032092426188
Area: 0.0002892980389725787
CentroidX: 0.3073
CentroidY: 0.1511
