Location: 2025-04-16_190712-1.png_Gaussian-Median.png
Component: component_1744834887717_124.png
centerX: 0.18021201413427562
centerY: 0.1985451433461703
width: 0.021790341578327443
height: 0.030380830124090714
Area: 0.0002686338933316802
CentroidX: 0.1904
CentroidY: 0.2147
