Location: 2025-04-16_190650-1.png_Gaussian-Closing.png
Component: component_1744834887619_394.png
centerX: 0.15371024734982333
centerY: 0.6837826272999572
width: 0.020023557126030624
height: 0.029097133076593923
Area: 0.00026359385780950985
CentroidX: 0.1634
CentroidY: 0.6978
