Location: 2025-04-16_190650-1.png_Mean-Medain.png
Component: component_1744834886990_14.png
centerX: 0.3539458186101296
centerY: 0.004278990158322636
width: 0.025323910482921083
height: 0.032520325203252036
Area: 0.00033339834979156935
CentroidX: 0.3669
CentroidY: 0.0197
