Location: 2025-04-16_190556-1.png_Mean-Medain.png
Component: component_1744834887385_296.png
centerX: 0.09599528857479388
centerY: 0.5768078733418913
width: 0.02591283863368669
height: 0.03423192126658109
Area: 0.0004392390957571469
CentroidX: 0.1092
CentroidY: 0.5938
