Location: 2025-04-16_190650-1.png_Mean-Medain.png
Component: component_1744834887042_265.png
centerX: 0.5594817432273262
centerY: 0.46598202824133506
width: 0.02237926972909305
height: 0.026957637997432605
Area: 0.0002971100940319427
CentroidX: 0.5707
CentroidY: 0.4794
