Location: 2025-04-16_190712-1.png_Gaussian-Median.png
Component: component_1744834887750_269.png
centerX: 0.5365135453474676
centerY: 0.4621309370988447
width: 0.023557126030624265
height: 0.025673940949935817
Area: 0.00024948175834743283
CentroidX: 0.5484
CentroidY: 0.4744
