Location: 2025-04-16_190650-1.png_Mean-Medain.png
Component: component_1744834887022_159.png
centerX: 0.25206124852767964
centerY: 0.24818142918271288
width: 0.023557126030624265
height: 0.025673940949935817
Area: 0.0002714059128688739
CentroidX: 0.2635
CentroidY: 0.2602
