Location: 2025-04-16_190650-1.png_Mean-Medain.png
Component: component_1744834887009_92.png
centerX: 0.45641931684334514
centerY: 0.13906718014548566
width: 0.022968197879858657
height: 0.02610183996576808
Area: 0.00026812988977946314
CentroidX: 0.4684
CentroidY: 0.1510
