Location: 2025-04-16_190650-1.png_Mean-Medain.png
Component: component_1744834887030_200.png
centerX: 0.07891637220259129
centerY: 0.32648694908001713
width: 0.024146054181389872
height: 0.02866923406076166
Area: 0.0002837539998981913
CentroidX: 0.0907
CentroidY: 0.3403
