Location: 2025-04-16_190556-1.png_Mean-Medain.png
Component: component_1744834887408_355.png
centerX: 0.8792697290930507
centerY: 0.7479674796747967
width: 0.028268551236749116
height: 0.037655113393239195
Area: 0.0005178636499030045
CentroidX: 0.8929
CentroidY: 0.7659
