Location: 2025-04-16_190712-1.png_Gaussian-Median.png
Component: component_1744834887784_392.png
centerX: 0.598939929328622
centerY: 0.7205819426615319
width: 0.02120141342756184
height: 0.03423192126658109
Area: 0.0002507417672279754
CentroidX: 0.6092
CentroidY: 0.7373
