Location: 2025-04-16_190650-1.png_Mean-Medain.png
Component: component_1744834887075_434.png
centerX: 0.5789163722025913
centerY: 0.7783483097988875
width: 0.02120141342756184
height: 0.032520325203252036
Area: 0.0002835019981220828
CentroidX: 0.5885
CentroidY: 0.7944
