Location: 2025-04-16_190712-1.png_Gaussian-Median.png
Component: component_1744834887723_142.png
centerX: 0.734982332155477
centerY: 0.2246469833119384
width: 0.024734982332155476
height: 0.023106546854942234
Area: 0.00027644594839104425
CentroidX: 0.7476
CentroidY: 0.2354
