Location: 2025-04-16_190650-1.png_Mean-Medain.png
Component: component_1744834887094_489.png
centerX: 0.284452296819788
centerY: 0.8810440735986307
width: 0.024146054181389872
height: 0.02610183996576808
Area: 0.0002996301117930279
CentroidX: 0.2943
CentroidY: 0.8959
