Location: 2025-04-16_190650-1.png_Gaussian-Closing.png
Component: component_1744834887557_224.png
centerX: 0.4028268551236749
centerY: 0.35686777920410784
width: 0.02767962308598351
height: 0.025246041934103552
Area: 0.0003858147192221411
CentroidX: 0.4163
CentroidY: 0.3688
