Location: 2025-04-16_190712-1.png_Gaussian-Median.png
Component: component_1744834887751_273.png
centerX: 0.08303886925795052
centerY: 0.47068891741548996
width: 0.024734982332155476
height: 0.04535729567821994
Area: 0.00035985853628296374
CentroidX: 0.0936
CentroidY: 0.4926
