Location: 2025-04-16_190712-1.png_Gaussian-Median.png
Component: component_1744834887745_244.png
centerX: 0.8651354534746761
centerY: 0.40907145913564397
width: 0.019434628975265017
height: 0.026957637997432605
Area: 0.00023587366243757286
CentroidX: 0.8748
CentroidY: 0.4215
