Location: 2025-04-16_190712-1.png_Gaussian-Median.png
Component: component_1744834887739_216.png
centerX: 0.5276796230859835
centerY: 0.35729567821994007
width: 0.02767962308598351
height: 0.024818142918271287
Area: 0.0002572938134067969
CentroidX: 0.5415
CentroidY: 0.3702
