Location: 2025-04-16_190712-1.png_Gaussian-Median.png
Component: component_1744834887807_489.png
centerX: 0.25559481743227325
centerY: 0.9118528027385537
width: 0.02120141342756184
height: 0.0329482242190843
Area: 0.00028224198924154016
CentroidX: 0.2659
CentroidY: 0.9277
