Location: 2025-04-16_190650-1.png_Gaussian-Closing.png
Component: component_1744834887502_74.png
centerX: 0.6030624263839811
centerY: 0.07488232777064613
width: 0.02237926972909305
height: 0.025246041934103552
Area: 0.0002464577370341306
CentroidX: 0.6154
CentroidY: 0.0854
