Location: 2025-04-16_190712-1.png_Gaussian-Median.png
Component: component_1744834887735_207.png
centerX: 0.07597173144876325
centerY: 0.34146341463414637
width: 0.024146054181389872
height: 0.03465982028241335
Area: 0.000315254221911756
CentroidX: 0.0880
CentroidY: 0.3583
