Location: 2025-04-16_190556-1.png_Mean-Medain.png
Component: component_1744834887258_150.png
centerX: 0.035924617196702
centerY: 0.24604193410355157
width: 0.02061248527679623
height: 0.031664527171587506
Area: 0.00022428158073658103
CentroidX: 0.0467
CentroidY: 0.2606
