Location: 2025-04-16_190556-1.png_Mean-Medain.png
Component: component_1744834887169_89.png
centerX: 0.0812720848056537
centerY: 0.13307659392383397
width: 0.022968197879858657
height: 0.029525032092426188
Area: 0.00022680159849766622
CentroidX: 0.0934
CentroidY: 0.1466
