Location: 2025-04-16_190712-1.png_Gaussian-Median.png
Component: component_1744834887699_30.png
centerX: 0.41813898704358066
centerY: 0.038510911424903725
width: 0.02237926972909305
height: 0.02011125374411639
Area: 0.00016581716867940485
CentroidX: 0.4283
CentroidY: 0.0500
