Location: 2025-04-16_190650-1.png_Gaussian-Closing.png
Component: component_1744834887584_278.png
centerX: 0.3627797408716137
centerY: 0.4664099272571673
width: 0.019434628975265017
height: 0.030380830124090714
Area: 0.0003081981721807175
CentroidX: 0.3710
CentroidY: 0.4827
