Location: 2025-04-16_190712-1.png_Gaussian-Median.png
Component: component_1744834887802_464.png
centerX: 0.47762073027090696
centerY: 0.8643560119811724
width: 0.02237926972909305
height: 0.03380402225074882
Area: 0.00029333006739031497
CentroidX: 0.4886
CentroidY: 0.8805
