Location: 2025-04-16_190712-1.png_Gaussian-Median.png
Component: component_1744834887785_393.png
centerX: 0.4752650176678445
centerY: 0.7222935387248609
width: 0.020023557126030624
height: 0.031664527171587506
Area: 0.00024141770151196027
CentroidX: 0.4851
CentroidY: 0.7371
