Location: 2025-04-16_190556-1.png_Mean-Medain.png
Component: component_1744834887184_105.png
centerX: 0.6036513545347467
centerY: 0.16131792896876337
width: 0.01884570082449941
height: 0.0329482242190843
Area: 0.00022806160737820881
CentroidX: 0.6124
CentroidY: 0.1771
