Location: internet_26.png_Mean-Closing.png
Component: component_1755080010233_214.png
centerX: 0.6485288190245868
centerY: 0.5605930995152552
width: 0.02418379685610641
height: 0.03421727972626176
Area: 0.000304682280512965
CentroidX: 0.6589
CentroidY: 0.5766
