Location: internet_26.png_Mean-Closing.png
Component: component_1755080010246_261.png
centerX: 0.6706972994760177
centerY: 0.6464214428286285
width: 0.027408303103587262
height: 0.031936127744510975
Area: 0.0002650310595484335
CentroidX: 0.6812
CentroidY: 0.6604
