Location: internet_26.png_Mean-Closing.png
Component: component_1755080010139_33.png
centerX: 0.3599355098750504
centerY: 0.06073567151411463
width: 0.02781136638452237
height: 0.03934987168520103
Area: 0.00032054276889877754
CentroidX: 0.3712
CentroidY: 0.0786
