Location: internet_26.png_Otsu.png
Component: component_1755080009784_1242.png
centerX: 0.22652156388553002
centerY: 0.7587681779298546
width: 0.022168480451430876
height: 0.03136583974907328
Area: 0.00021032386772490603
CentroidX: 0.2351
CentroidY: 0.7727
