Location: internet_26.png_Mean-Medain.png
Component: component_1755080009889_274.png
centerX: 0.7968561064087062
centerY: 0.6375819788993442
width: 0.02539298669891173
height: 0.03222127174222983
Area: 0.0002410104648191956
CentroidX: 0.8070
CentroidY: 0.6517
