Location: internet_26.png_Mean-Closing.png
Component: component_1755080010261_319.png
centerX: 0.05642885933091495
centerY: 0.7656116338751069
width: 0.024586860137041516
height: 0.03279155973766752
Area: 0.00026457133524739545
CentroidX: 0.0660
CentroidY: 0.7807
