Location: internet_26.png_Gaussian-Median.png
Component: component_1755080010575_367.png
centerX: 0.3873438129786376
centerY: 0.7485029940119761
width: 0.022168480451430876
height: 0.03706871970345024
Area: 0.00023963129191608147
CentroidX: 0.3957
CentroidY: 0.7647
