Location: internet_26.png_Gaussian-Median.png
Component: component_1755080010501_128.png
centerX: 0.17654171704957677
centerY: 0.29312802965497575
width: 0.020556227327690448
height: 0.039064727687482176
Area: 0.0002360684285830366
CentroidX: 0.1837
CentroidY: 0.3120
