Location: internet_26.png_Mean-Medain.png
Component: component_1755080009866_150.png
centerX: 0.02539298669891173
centerY: 0.3567151411462789
width: 0.02902055622732769
height: 0.036213287710293696
Area: 0.00032468028760812
CentroidX: 0.0373
CentroidY: 0.3742
