Location: internet_26.png_Gaussian-Median.png
Component: component_1755080010549_282.png
centerX: 0.9141475211608222
centerY: 0.5956658112346735
width: 0.026602176541717048
height: 0.034787567721699456
Area: 0.0002839946869662529
CentroidX: 0.9273
CentroidY: 0.6120
