Location: internet_26.png_Mean-Medain.png
Component: component_1755080009876_203.png
centerX: 0.7815397017331721
centerY: 0.49957228400342174
width: 0.026602176541717048
height: 0.03507271171941831
Area: 0.00030353296976036985
CentroidX: 0.7914
CentroidY: 0.5155
