Location: internet_26.png_Mean-Medain.png
Component: component_1755080009900_336.png
centerX: 0.09875050382910117
centerY: 0.7621899059024807
width: 0.022974607013301087
height: 0.03307670373538637
Area: 0.00025043481299047557
CentroidX: 0.1070
CentroidY: 0.7772
