Location: internet_26.png_Gaussian-Median.png
Component: component_1755080010503_135.png
centerX: 0.024586860137041516
centerY: 0.3028229255774166
width: 0.026602176541717048
height: 0.029369831765041345
Area: 0.0002090596258970514
CentroidX: 0.0351
CentroidY: 0.3142
