Location: internet_26.png_Mean-Medain.png
Component: component_1755080009870_173.png
centerX: 0.11326078194276501
centerY: 0.414599372683205
width: 0.022974607013301087
height: 0.03136583974907328
Area: 0.0002438837417006834
CentroidX: 0.1213
CentroidY: 0.4285
