Location: internet_26.png_Otsu.png
Component: component_1755080009715_36.png
centerX: 0.06811769447803305
centerY: 0.06187624750499002
width: 0.028214429665457477
height: 0.03877958368976333
Area: 0.00032054276889877754
CentroidX: 0.0792
CentroidY: 0.0795
