Location: internet_26.png_Mean-Closing.png
Component: component_1755080010230_204.png
centerX: 0.06449012494961709
centerY: 0.5238095238095238
width: 0.026199113260781944
height: 0.033932135728542916
Area: 0.00028514399771884804
CentroidX: 0.0743
CentroidY: 0.5404
