Location: internet_26.png_Mean-Closing.png
Component: component_1755080010207_131.png
centerX: 0.40991535671100365
centerY: 0.34331337325349304
width: 0.027408303103587262
height: 0.041060735671514116
Area: 0.0003585849548096759
CentroidX: 0.4205
CentroidY: 0.3624
