Location: internet_26.png_Gaussian-Median.png
Component: component_1755080010368_88.png
centerX: 0.12575574365175332
centerY: 0.18078129455374964
width: 0.02539298669891173
height: 0.03849443969204448
Area: 0.0003067510398676362
CentroidX: 0.1346
CentroidY: 0.1988
