Location: internet_26.png_Gaussian-Median.png
Component: component_1755080010563_328.png
centerX: 0.8645707376058042
centerY: 0.6752209865982322
width: 0.02539298669891173
height: 0.03051040775591674
Area: 0.00022020794019722402
CentroidX: 0.8758
CentroidY: 0.6884
