Location: internet_26.png_Gaussian-Median.png
Component: component_1755080010351_62.png
centerX: 0.12333736396614269
centerY: 0.12004562303963502
width: 0.02902055622732769
height: 0.03649843170801255
Area: 0.0003338747736288809
CentroidX: 0.1336
CentroidY: 0.1365
