Location: internet_26.png_Otsu.png
Component: component_1755080009758_999.png
centerX: 0.5179363160016123
centerY: 0.5149700598802395
width: 0.026602176541717048
height: 0.031080695751354435
Area: 0.00025261850342040625
CentroidX: 0.5291
CentroidY: 0.5279
