Location: internet_26.png_Otsu.png
Component: component_1755080009727_236.png
centerX: 0.9254332930270053
centerY: 0.21100655831194753
width: 0.030229746070133012
height: 0.03706871970345024
Area: 0.00021836904299307183
CentroidX: 0.9382
CentroidY: 0.2263
