Location: internet_26.png_Mean-Closing.png
Component: component_1755080010221_170.png
centerX: 0.6138653768641676
centerY: 0.44938694040490446
width: 0.027408303103587262
height: 0.03792415169660679
Area: 0.00030077462395414157
CentroidX: 0.6245
CentroidY: 0.4664
