Location: internet_26.png_Gaussian-Median.png
Component: component_1755080010538_238.png
centerX: 0.6928657799274486
centerY: 0.5052751639577987
width: 0.027408303103587262
height: 0.036213287710293696
Area: 0.0003126125247058713
CentroidX: 0.7031
CentroidY: 0.5212
