Location: internet_26.png_Gaussian-Median.png
Component: component_1755080010324_28.png
centerX: 0.6118500604594922
centerY: 0.05731394354148845
width: 0.029826682789197905
height: 0.034787567721699456
Area: 0.00028951137857870945
CentroidX: 0.6243
CentroidY: 0.0724
