Location: internet_26.png_Otsu.png
Component: component_1755080009713_26.png
centerX: 0.664248286981056
centerY: 0.05788423153692615
width: 0.025796049979846837
height: 0.035357855717137156
Area: 0.00024319415524912632
CentroidX: 0.6752
CentroidY: 0.0741
