Location: internet_26.png_Mean-Closing.png
Component: component_1755080010203_124.png
centerX: 0.7674324869004434
centerY: 0.33219275734245796
width: 0.027408303103587262
height: 0.03649843170801255
Area: 0.00032479521868337947
CentroidX: 0.7787
CentroidY: 0.3488
