Location: internet_26.png_Mean-Medain.png
Component: component_1755080009878_212.png
centerX: 0.2845626763401854
centerY: 0.5161106358711149
width: 0.029826682789197905
height: 0.038209295694325636
Area: 0.00034513801900431303
CentroidX: 0.2963
CentroidY: 0.5335
