Location: internet_26.png_Gaussian-Median.png
Component: component_1755080010552_291.png
centerX: 0.5844417573559049
centerY: 0.6053607071571143
width: 0.029423619508262798
height: 0.03364699173082407
Area: 0.00028043182363320806
CentroidX: 0.5962
CentroidY: 0.6200
