Location: internet_26.png_Gaussian-Median.png
Component: component_1755080010504_140.png
centerX: 0.8121725110842403
centerY: 0.33105218135158254
width: 0.02781136638452237
height: 0.035357855717137156
Area: 0.00026227271374220523
CentroidX: 0.8251
CentroidY: 0.3473
