Location: internet_26.png_Mean-Closing.png
Component: component_1755080010217_151.png
centerX: 0.4316807738814994
centerY: 0.4037639007698888
width: 0.027408303103587262
height: 0.03022526375819789
Area: 0.00024112539589445512
CentroidX: 0.4433
CentroidY: 0.4162
