Location: internet_26.png_Otsu.png
Component: component_1755080009749_690.png
centerX: 0.11366384522370013
centerY: 0.414599372683205
width: 0.020959290608625555
height: 0.030795551753635585
Area: 0.00013619332418252113
CentroidX: 0.1214
CentroidY: 0.4282
