Location: internet_26.png_Otsu.png
Component: component_1755080009719_61.png
centerX: 0.22249093107617895
centerY: 0.11747932706016538
width: 0.024989923417976623
height: 0.038209295694325636
Area: 0.00025388274524826087
CentroidX: 0.2305
CentroidY: 0.1345
