Location: internet_26.png_Gaussian-Median.png
Component: component_1755080010543_258.png
centerX: 0.8976219266424829
centerY: 0.547761619617907
width: 0.024586860137041516
height: 0.03136583974907328
Area: 0.0002760644427733466
CentroidX: 0.9079
CentroidY: 0.5624
