Location: internet_26.png_Otsu.png
Component: component_1755080009760_1015.png
centerX: 0.7787182587666264
centerY: 0.5546050755631594
width: 0.024989923417976623
height: 0.03307670373538637
Area: 0.00026721474997836424
CentroidX: 0.7884
CentroidY: 0.5687
