Location: internet_26.png_Gaussian-Median.png
Component: component_1755080010572_357.png
centerX: 0.8174123337363967
centerY: 0.7291132021670944
width: 0.030632809351068116
height: 0.031080695751354435
Area: 0.00024147018912023364
CentroidX: 0.8300
CentroidY: 0.7415
