Location: internet_26.png_Mean-Medain.png
Component: component_1755080009845_38.png
centerX: 0.020556227327690448
centerY: 0.061305959509552324
width: 0.029826682789197905
height: 0.03877958368976333
Area: 0.0003669749233036202
CentroidX: 0.0330
CentroidY: 0.0792
