Location: internet_26.png_Otsu.png
Component: component_1755080009750_705.png
centerX: 0.02257154373236598
centerY: 0.41830624465355004
width: 0.02015316404675534
height: 0.03222127174222983
Area: 0.00013148115009688116
CentroidX: 0.0300
CentroidY: 0.4327
