Location: internet_26.png_Otsu.png
Component: component_1755080009763_1028.png
centerX: 0.19588875453446192
centerY: 0.5731394354148845
width: 0.028617492946392584
height: 0.035357855717137156
Area: 0.0002811214100847651
CentroidX: 0.2065
CentroidY: 0.5888
