Location: internet_26.png_Otsu.png
Component: component_1755080009769_1056.png
centerX: 0.13986295848448208
centerY: 0.6276019389791845
width: 0.022974607013301087
height: 0.028514399771884802
Area: 0.0002390566365397839
CentroidX: 0.1493
CentroidY: 0.6411
