Location: internet_26.png_Otsu.png
Component: component_1755080009758_1004.png
centerX: 0.37525191455058443
centerY: 0.5175363558597091
width: 0.027408303103587262
height: 0.033361847733105215
Area: 0.0002707776133114091
CentroidX: 0.3862
CentroidY: 0.5325
