Location: internet_26.png_Mean-Medain.png
Component: component_1755080009876_202.png
centerX: 0.9375251914550584
centerY: 0.4981465640148275
width: 0.02418379685610641
height: 0.031080695751354435
Area: 0.00028640823954670266
CentroidX: 0.9472
CentroidY: 0.5116
