Location: internet_26.png_Mean-Closing.png
Component: component_1755080010260_316.png
centerX: 0.18218460298266828
centerY: 0.7610493299116053
width: 0.024586860137041516
height: 0.032506415739948676
Area: 0.0002736508901928969
CentroidX: 0.1923
CentroidY: 0.7754
