Location: internet_26.png_Mean-Closing.png
Component: component_1755080010171_66.png
centerX: 0.8722289399435711
centerY: 0.16310236669518108
width: 0.028214429665457477
height: 0.038209295694325636
Area: 0.0002973266916963562
CentroidX: 0.8839
CentroidY: 0.1793
