Location: internet_26.png_Gaussian-Median.png
Component: component_1755080010540_247.png
centerX: 0.24062877871825877
centerY: 0.5169660678642715
width: 0.030229746070133012
height: 0.03450242372398061
Area: 0.00030077462395414157
CentroidX: 0.2539
CentroidY: 0.5333
