Location: internet_26.png_Mean-Closing.png
Component: component_1755080010223_176.png
centerX: 0.2898024989923418
centerY: 0.46164813230681495
width: 0.02539298669891173
height: 0.03307670373538637
Area: 0.00023629829073355563
CentroidX: 0.2989
CentroidY: 0.4770
