Location: internet_26.png_Mean-Closing.png
Component: component_1755080010241_247.png
centerX: 0.1837968561064087
centerY: 0.6256059309951526
width: 0.02418379685610641
height: 0.031080695751354435
Area: 0.0002920398622344187
CentroidX: 0.1935
CentroidY: 0.6406
