Location: internet_26.png_Otsu.png
Component: component_1755080009781_1211.png
centerX: 0.8577186618299073
centerY: 0.7274023381807813
width: 0.026602176541717048
height: 0.030795551753635585
Area: 0.00020135924385466413
CentroidX: 0.8695
CentroidY: 0.7393
