Location: internet_26.png_Mean-Closing.png
Component: component_1755080010134_15.png
centerX: 0.019750100765820233
centerY: 0.007984031936127744
width: 0.022974607013301087
height: 0.037639007698887936
Area: 0.0003090496613728264
CentroidX: 0.0284
CentroidY: 0.0264
