Location: internet_26.png_Otsu.png
Component: component_1755080009719_62.png
centerX: 0.26803708182184605
centerY: 0.11776447105788423
width: 0.025796049979846837
height: 0.03992015968063872
Area: 0.0002837648248157339
CentroidX: 0.2785
CentroidY: 0.1360
