Location: internet_26.png_Mean-Closing.png
Component: component_1755080010260_317.png
centerX: 0.09875050382910117
centerY: 0.7621899059024807
width: 0.02257154373236598
height: 0.03279155973766752
Area: 0.00024526291460379753
CentroidX: 0.1070
CentroidY: 0.7772
