Location: internet_26.png_Otsu.png
Component: component_1755080009777_1153.png
centerX: 0.4498186215235792
centerY: 0.6957513544339892
width: 0.024586860137041516
height: 0.03136583974907328
Area: 0.00017653413159860967
CentroidX: 0.4597
CentroidY: 0.7089
