Location: internet_26.png_Gaussian-Median.png
Component: component_1755080010574_365.png
centerX: 0.4752116082224909
centerY: 0.7422298260621614
width: 0.024989923417976623
height: 0.03450242372398061
Area: 0.00023825211901296734
CentroidX: 0.4838
CentroidY: 0.7575
