Location: internet_26.png_Mean-Closing.png
Component: component_1755080010226_188.png
centerX: 0.7819427650141072
centerY: 0.49957228400342174
width: 0.026199113260781944
height: 0.03507271171941831
Area: 0.00030180900363147717
CentroidX: 0.7914
CentroidY: 0.5155
