Location: internet_26.png_Mean-Closing.png
Component: component_1755080010231_209.png
centerX: 0.8621523579201935
centerY: 0.549757627601939
width: 0.024989923417976623
height: 0.033932135728542916
Area: 0.0003019239347067367
CentroidX: 0.8732
CentroidY: 0.5656
