Location: internet_26.png_Mean-Medain.png
Component: component_1755080009887_264.png
centerX: 0.3180169286577993
centerY: 0.6193327630453379
width: 0.027005239822652155
height: 0.03136583974907328
Area: 0.00030858993707178834
CentroidX: 0.3295
CentroidY: 0.6339
