Location: internet_26.png_Otsu.png
Component: component_1755080009718_59.png
centerX: 0.4562676340185409
centerY: 0.11291702309666382
width: 0.03385731559854897
height: 0.04220131166238951
Area: 0.00029859093352421084
CentroidX: 0.4730
CentroidY: 0.1321
