Location: internet_26.png_Gaussian-Median.png
Component: component_1755080010536_229.png
centerX: 0.06690850463522773
centerY: 0.4699173082406615
width: 0.019750100765820233
height: 0.03450242372398061
Area: 0.0002060714179403041
CentroidX: 0.0742
CentroidY: 0.4868
