Location: internet_26.png_Mean-Closing.png
Component: component_1755080010149_51.png
centerX: 0.36316001612253124
centerY: 0.11548331907613345
width: 0.026602176541717048
height: 0.038209295694325636
Area: 0.0003180142852430683
CentroidX: 0.3740
CentroidY: 0.1332
