Location: internet_26.png_Otsu.png
Component: component_1755080009725_188.png
centerX: 0.17452640064490124
centerY: 0.1799258625605931
width: 0.029826682789197905
height: 0.039064727687482176
Area: 0.0002603188854627935
CentroidX: 0.1869
CentroidY: 0.1963
