Location: internet_26.png_Mean-Medain.png
Component: component_1755080009890_281.png
centerX: 0.4969770253929867
centerY: 0.6478471628172227
width: 0.026602176541717048
height: 0.03307670373538637
Area: 0.0002699730957845925
CentroidX: 0.5084
CentroidY: 0.6643
