Location: internet_26.png_Otsu.png
Component: component_1755080009764_1030.png
centerX: 0.10600564288593309
centerY: 0.5777017393783861
width: 0.029423619508262798
height: 0.033932135728542916
Area: 0.0002913502757828616
CentroidX: 0.1181
CentroidY: 0.5924
