Location: internet_26.png_Mean-Closing.png
Component: component_1755080010252_286.png
centerX: 0.5401047964530431
centerY: 0.692329626461363
width: 0.026602176541717048
height: 0.03051040775591674
Area: 0.00023836705008822685
CentroidX: 0.5508
CentroidY: 0.7058
