Location: internet_26.png_Otsu.png
Component: component_1755080009752_751.png
centerX: 0.6598145908907699
centerY: 0.4488166524094668
width: 0.027408303103587262
height: 0.03507271171941831
Area: 0.00026250257589272426
CentroidX: 0.6711
CentroidY: 0.4645
