Location: internet_26.png_Otsu.png
Component: component_1755080009709_8.png
centerX: 0.6715034260378879
centerY: 0.0071285999429712005
width: 0.03184199919387344
height: 0.04220131166238951
Area: 0.0003516890902941052
CentroidX: 0.6852
CentroidY: 0.0264
