Location: internet_26.png_Gaussian-Median.png
Component: component_1755080010344_55.png
centerX: 0.4111245465538089
centerY: 0.11291702309666382
width: 0.027005239822652155
height: 0.03992015968063872
Area: 0.00030054476180362255
CentroidX: 0.4231
CentroidY: 0.1313
