Location: internet_26.png_Gaussian-Median.png
Component: component_1755080010577_374.png
centerX: 0.13905683192261184
centerY: 0.7630453378956373
width: 0.0237807335751713
height: 0.03136583974907328
Area: 0.0002471018118079497
CentroidX: 0.1486
CentroidY: 0.7771
