Location: internet_26.png_Otsu.png
Component: component_1755080009765_1031.png
centerX: 0.05763804917372027
centerY: 0.5794126033646991
width: 0.026199113260781944
height: 0.031936127744510975
Area: 0.0002697432336340735
CentroidX: 0.0685
CentroidY: 0.5931
