Location: internet_26.png_Otsu.png
Component: component_1755080009775_1116.png
centerX: 0.9407496977025392
centerY: 0.6729398346164813
width: 0.02781136638452237
height: 0.025377815796977475
Area: 0.00018090151245847108
CentroidX: 0.9535
CentroidY: 0.6832
