Location: internet_26.png_Gaussian-Median.png
Component: component_1755080010554_301.png
centerX: 0.13986295848448208
centerY: 0.6276019389791845
width: 0.022974607013301087
height: 0.02879954376960365
Area: 0.00025916957471019844
CentroidX: 0.1493
CentroidY: 0.6410
