Location: internet_26.png_Otsu.png
Component: component_1755080009743_518.png
centerX: 0.07819427650141073
centerY: 0.3538637011690904
width: 0.02418379685610641
height: 0.03792415169660679
Area: 0.0002667550256773262
CentroidX: 0.0875
CentroidY: 0.3714
