Location: internet_26.png_Otsu.png
Component: component_1755080009768_1051.png
centerX: 0.362353889560661
centerY: 0.6176218990590248
width: 0.026602176541717048
height: 0.03592814371257485
Area: 0.00026342202449480037
CentroidX: 0.3725
CentroidY: 0.6336
