Location: internet_26.png_Mean-Closing.png
Component: component_1755080010238_234.png
centerX: 0.7920193470374849
centerY: 0.6007984031936128
width: 0.027005239822652155
height: 0.03051040775591674
Area: 0.00027123733761244713
CentroidX: 0.8025
CentroidY: 0.6142
