Location: internet_26.png_Mean-Medain.png
Component: component_1755080009879_217.png
centerX: 0.1523579201934704
centerY: 0.5212432278300542
width: 0.026199113260781944
height: 0.03450242372398061
Area: 0.00028686796384774066
CentroidX: 0.1632
CentroidY: 0.5372
