Location: internet_26.png_Mean-Closing.png
Component: component_1755080010234_221.png
centerX: 0.3264812575574365
centerY: 0.568577131451383
width: 0.023377670294236194
height: 0.03421727972626176
Area: 0.0002841096180415124
CentroidX: 0.3348
CentroidY: 0.5840
