Location: internet_26.png_Mean-Closing.png
Component: component_1755080010137_26.png
centerX: 0.8254735993550988
centerY: 0.057028799543769604
width: 0.029423619508262798
height: 0.03934987168520103
Area: 0.00032341604578026536
CentroidX: 0.8387
CentroidY: 0.0735
