Location: internet_26.png_Mean-Closing.png
Component: component_1755080010183_103.png
centerX: 0.7702539298669892
centerY: 0.2763045337895637
width: 0.02781136638452237
height: 0.034787567721699456
Area: 0.00032445042545760095
CentroidX: 0.7813
CentroidY: 0.2916
