Location: internet_26.png_Mean-Closing.png
Component: component_1755080010216_150.png
centerX: 0.5231761386537687
centerY: 0.39948674080410607
width: 0.02539298669891173
height: 0.029654975762760195
Area: 0.00024124032696971464
CentroidX: 0.5334
CentroidY: 0.4109
