Location: internet_26.png_Otsu.png
Component: component_1755080009776_1141.png
centerX: 0.7114066908504635
centerY: 0.6820644425434844
width: 0.020556227327690448
height: 0.028514399771884802
Area: 0.0001689486806314819
CentroidX: 0.7185
CentroidY: 0.6941
