Location: internet_26.png_Mean-Medain.png
Component: component_1755080009850_67.png
centerX: 0.6638452237001209
centerY: 0.16196179070430566
width: 0.02781136638452237
height: 0.041060735671514116
Area: 0.00032812821986590533
CentroidX: 0.6750
CentroidY: 0.1811
