Location: internet_26.png_Gaussian-Median.png
Component: component_1755080010561_322.png
centerX: 0.23901652559451833
centerY: 0.6672369546621043
width: 0.02418379685610641
height: 0.03022526375819789
Area: 0.0002480212604100258
CentroidX: 0.2478
CentroidY: 0.6813
