Location: internet_26.png_Otsu.png
Component: component_1755080009774_1099.png
centerX: 0.2809351068117695
centerY: 0.6646706586826348
width: 0.0237807335751713
height: 0.029654975762760195
Area: 0.00019423351718857442
CentroidX: 0.2907
CentroidY: 0.6772
