Location: internet_26.png_Gaussian-Median.png
Component: component_1755080010541_248.png
centerX: 0.37484885126964934
centerY: 0.5172512118619903
width: 0.028214429665457477
height: 0.03364699173082407
Area: 0.0002968669673953182
CentroidX: 0.3862
CentroidY: 0.5326
