Location: internet_26.png_Gaussian-Median.png
Component: component_1755080010567_338.png
centerX: 0.6267634018540911
centerY: 0.6889078984887368
width: 0.02539298669891173
height: 0.028229255774165955
Area: 0.00021767945654151477
CentroidX: 0.6366
CentroidY: 0.7011
