Location: internet_26.png_Mean-Medain.png
Component: component_1755080009858_110.png
centerX: 0.7702539298669892
centerY: 0.2763045337895637
width: 0.02781136638452237
height: 0.03507271171941831
Area: 0.00032514001190915803
CentroidX: 0.7813
CentroidY: 0.2916
