Location: internet_26.png_Mean-Medain.png
Component: component_1755080009901_339.png
centerX: 0.013301088270858524
centerY: 0.7701739378386085
width: 0.025796049979846837
height: 0.029369831765041345
Area: 0.0002613532651401291
CentroidX: 0.0238
CentroidY: 0.7838
