Location: internet_26.png_Otsu.png
Component: component_1755080009781_1214.png
centerX: 0.777509068923821
centerY: 0.7285429141716567
width: 0.028214429665457477
height: 0.034787567721699456
Area: 0.00021181797170327968
CentroidX: 0.7890
CentroidY: 0.7434
