Location: internet_26.png_Mean-Closing.png
Component: component_1755080010251_280.png
centerX: 0.7505038291011689
centerY: 0.6797832905617337
width: 0.02176541717049577
height: 0.029369831765041345
Area: 0.00022216176847663572
CentroidX: 0.7586
CentroidY: 0.6926
