Location: internet_26.png_Mean-Medain.png
Component: component_1755080009842_24.png
centerX: 0.9363160016122531
centerY: 0.052751639577986884
width: 0.031035872632003223
height: 0.03849443969204448
Area: 0.00032341604578026536
CentroidX: 0.9500
CentroidY: 0.0708
