Location: internet_26.png_Mean-Closing.png
Component: component_1755080010107_8.png
centerX: 0.16444981862152358
centerY: 0.0071285999429712005
width: 0.025796049979846837
height: 0.03706871970345024
Area: 0.00036030892093856856
CentroidX: 0.1753
CentroidY: 0.0244
