Location: internet_26.png_Otsu.png
Component: component_1755080009782_1228.png
centerX: 0.5646916565900847
centerY: 0.7385229540918163
width: 0.02257154373236598
height: 0.030795551753635585
Area: 0.00018848696342559885
CentroidX: 0.5730
CentroidY: 0.7523
