Location: internet_26.png_Otsu.png
Component: component_1755080009754_803.png
centerX: 0.10842402257154374
centerY: 0.46706586826347307
width: 0.02176541717049577
height: 0.035642999714856
Area: 0.0001359634620320021
CentroidX: 0.1178
CentroidY: 0.4843
