Location: internet_26.png_Mean-Closing.png
Component: component_1755080010181_97.png
centerX: 0.17452640064490124
centerY: 0.24037639007698888
width: 0.029423619508262798
height: 0.03507271171941831
Area: 0.000309624316749124
CentroidX: 0.1862
CentroidY: 0.2560
