Location: internet_26.png_Otsu.png
Component: component_1755080009783_1232.png
centerX: 0.42724707779121324
centerY: 0.742800114057599
width: 0.026602176541717048
height: 0.04163102366695181
Area: 0.00023825211901296734
CentroidX: 0.4364
CentroidY: 0.7624
