Location: internet_26.png_Mean-Medain.png
Component: component_1755080009857_105.png
centerX: 0.07980652962515115
centerY: 0.24208725406330198
width: 0.026602176541717048
height: 0.034787567721699456
Area: 0.00030318817653459133
CentroidX: 0.0892
CentroidY: 0.2579
