Location: internet_26.png_Mean-Closing.png
Component: component_1755080010228_197.png
centerX: 0.2845626763401854
centerY: 0.5161106358711149
width: 0.029826682789197905
height: 0.038209295694325636
Area: 0.0003420348799723062
CentroidX: 0.2963
CentroidY: 0.5335
