Location: internet_26.png_Mean-Closing.png
Component: component_1755080010139_31.png
centerX: 0.5042321644498187
centerY: 0.05959509552323924
width: 0.026199113260781944
height: 0.03649843170801255
Area: 0.0003010044861046606
CentroidX: 0.5154
CentroidY: 0.0761
