Location: internet_26.png_Otsu.png
Component: component_1755080009765_1032.png
centerX: 0.01652559451833938
centerY: 0.5808383233532934
width: 0.0237807335751713
height: 0.030795551753635585
Area: 0.0002467570185821712
CentroidX: 0.0253
CentroidY: 0.5961
