Location: internet_26.png_Gaussian-Median.png
Component: component_1755080010574_362.png
centerX: 0.6041918581217252
centerY: 0.7345309381237525
width: 0.024586860137041516
height: 0.03307670373538637
Area: 0.000244918121378019
CentroidX: 0.6141
CentroidY: 0.7498
