Location: internet_26.png_Mean-Medain.png
Component: component_1755080009843_28.png
centerX: 0.6118500604594922
centerY: 0.05731394354148845
width: 0.029826682789197905
height: 0.034787567721699456
Area: 0.00030858993707178834
CentroidX: 0.6242
CentroidY: 0.0724
