Location: internet_26.png_Mean-Medain.png
Component: component_1755080009901_337.png
centerX: 0.13905683192261184
centerY: 0.7630453378956373
width: 0.0237807335751713
height: 0.03136583974907328
Area: 0.00027250157944030176
CentroidX: 0.1484
CentroidY: 0.7771
