Location: internet_26.png_Gaussian-Median.png
Component: component_1755080010358_80.png
centerX: 0.4199919387343813
centerY: 0.17308240661534074
width: 0.024586860137041516
height: 0.04134587966923296
Area: 0.0003272087712638292
CentroidX: 0.4287
CentroidY: 0.1925
