Location: internet_26.png_Mean-Closing.png
Component: component_1755080010180_93.png
centerX: 0.324465941152761
centerY: 0.23467351012261192
width: 0.024586860137041516
height: 0.03592814371257485
Area: 0.00028123634116002463
CentroidX: 0.3346
CentroidY: 0.2508
