Location: internet_26.png_Mean-Closing.png
Component: component_1755080010254_292.png
centerX: 0.23821039903264812
centerY: 0.7120045623039635
width: 0.026602176541717048
height: 0.03165098374679213
Area: 0.0002766390981496442
CentroidX: 0.2489
CentroidY: 0.7255
