Location: internet_26.png_Otsu.png
Component: component_1755080009711_16.png
centerX: 0.11487303506650544
centerY: 0.00855431993156544
width: 0.030229746070133012
height: 0.03877958368976333
Area: 0.0003726065459913363
CentroidX: 0.1261
CentroidY: 0.0262
