Location: internet_26.png_Otsu.png
Component: component_1755080009773_1084.png
centerX: 0.4147521160822249
centerY: 0.6581123467351012
width: 0.02418379685610641
height: 0.03165098374679213
Area: 0.00021342700675691285
CentroidX: 0.4247
CentroidY: 0.6722
