Location: internet_26.png_Mean-Medain.png
Component: component_1755080009884_249.png
centerX: 0.8694074969770254
centerY: 0.5965212432278301
width: 0.025796049979846837
height: 0.03364699173082407
Area: 0.00029054575825604505
CentroidX: 0.8812
CentroidY: 0.6121
