Location: internet_26.png_Gaussian-Median.png
Component: component_1755080010323_27.png
centerX: 0.7226924627166466
centerY: 0.05674365554605076
width: 0.027005239822652155
height: 0.03649843170801255
Area: 0.0002933041040622733
CentroidX: 0.7324
CentroidY: 0.0731
