Location: internet_26.png_Gaussian-Median.png
Component: component_1755080010326_31.png
centerX: 0.40346634421604194
centerY: 0.05788423153692615
width: 0.02902055622732769
height: 0.03992015968063872
Area: 0.00032249659717818925
CentroidX: 0.4179
CentroidY: 0.0767
