Location: internet_26.png_Mean-Closing.png
Component: component_1755080010240_244.png
centerX: 0.27448609431680776
centerY: 0.6184773310521814
width: 0.023377670294236194
height: 0.033361847733105215
Area: 0.0002982461402984323
CentroidX: 0.2840
CentroidY: 0.6342
