Location: internet_26.png_Otsu.png
Component: component_1755080009762_1020.png
centerX: 0.6025796049979847
centerY: 0.564870259481038
width: 0.022974607013301087
height: 0.0290846877673225
Area: 0.00022756352901383276
CentroidX: 0.6114
CentroidY: 0.5782
