Location: internet_26.png_Mean-Closing.png
Component: component_1755080010149_52.png
centerX: 0.22208786779524387
centerY: 0.11719418306244654
width: 0.026199113260781944
height: 0.03849443969204448
Area: 0.0003122677314800927
CentroidX: 0.2307
CentroidY: 0.1347
