Location: internet_26.png_Mean-Medain.png
Component: component_1755080009864_143.png
centerX: 0.3615477629987908
centerY: 0.3461648132306815
width: 0.025796049979846837
height: 0.03992015968063872
Area: 0.00033042684137109555
CentroidX: 0.3721
CentroidY: 0.3651
