Location: internet_26.png_Gaussian-Median.png
Component: component_1755080010541_249.png
centerX: 0.10681176944780331
centerY: 0.5203877958368976
width: 0.031035872632003223
height: 0.034787567721699456
Area: 0.0003062913155665981
CentroidX: 0.1198
CentroidY: 0.5363
