Location: internet_26.png_Mean-Closing.png
Component: component_1755080010228_196.png
centerX: 0.5175332527206772
centerY: 0.5149700598802395
width: 0.027408303103587262
height: 0.031080695751354435
Area: 0.0002919249311591592
CentroidX: 0.5291
CentroidY: 0.5279
