Location: internet_26.png_Mean-Closing.png
Component: component_1755080010238_236.png
centerX: 0.7081821846029827
centerY: 0.6039349871685201
width: 0.027408303103587262
height: 0.032506415739948676
Area: 0.000274800200945492
CentroidX: 0.7203
CentroidY: 0.6181
