Location: internet_26.png_Otsu.png
Component: component_1755080009715_32.png
centerX: 0.309552599758162
centerY: 0.061305959509552324
width: 0.024586860137041516
height: 0.037639007698887936
Area: 0.0002933041040622733
CentroidX: 0.3202
CentroidY: 0.0781
