Location: internet_26.png_Mean-Closing.png
Component: component_1755080010185_111.png
centerX: 0.37525191455058443
centerY: 0.2917023096663815
width: 0.026602176541717048
height: 0.0427715996578272
Area: 0.0003013492793304391
CentroidX: 0.3857
CentroidY: 0.3112
