Location: internet_26.png_Otsu.png
Component: component_1755080009774_1113.png
centerX: 0.19427650141072147
centerY: 0.6700883946392928
width: 0.023377670294236194
height: 0.031936127744510975
Area: 0.00020216376138148073
CentroidX: 0.2032
CentroidY: 0.6840
