Location: internet_26.png_Mean-Medain.png
Component: component_1755080009885_253.png
centerX: 0.7920193470374849
centerY: 0.6007984031936128
width: 0.027005239822652155
height: 0.03051040775591674
Area: 0.0002711224065371876
CentroidX: 0.8025
CentroidY: 0.6142
