Location: internet_26.png_Mean-Closing.png
Component: component_1755080010209_133.png
centerX: 0.31076178960096734
centerY: 0.3478756772169946
width: 0.026199113260781944
height: 0.03792415169660679
Area: 0.00032674904696279117
CentroidX: 0.3210
CentroidY: 0.3658
