Location: internet_26.png_Otsu.png
Component: component_1755080009776_1130.png
centerX: 0.7896009673518742
centerY: 0.6780724265754206
width: 0.02418379685610641
height: 0.03165098374679213
Area: 0.00018940641202767495
CentroidX: 0.7993
CentroidY: 0.6908
