Location: internet_26.png_Mean-Medain.png
Component: component_1755080009842_26.png
centerX: 0.7714631197097944
centerY: 0.05588822355289421
width: 0.03426037887948408
height: 0.042486455660108356
Area: 0.0003742155810449694
CentroidX: 0.7862
CentroidY: 0.0750
