Location: internet_26.png_Mean-Closing.png
Component: component_1755080010182_101.png
centerX: 0.8669891172914147
centerY: 0.2725976618192187
width: 0.026602176541717048
height: 0.036213287710293696
Area: 0.0003159455258883971
CentroidX: 0.8772
CentroidY: 0.2878
