Location: internet_26.png_Mean-Medain.png
Component: component_1755080009851_69.png
centerX: 0.7218863361547763
centerY: 0.16253207869974337
width: 0.021362353889560662
height: 0.037639007698887936
Area: 0.00027514499417127054
CentroidX: 0.7291
CentroidY: 0.1791
