Location: internet_26.png_Gaussian-Median.png
Component: component_1755080010514_160.png
centerX: 0.02539298669891173
centerY: 0.3567151411462789
width: 0.02902055622732769
height: 0.036213287710293696
Area: 0.00029640724309428016
CentroidX: 0.0375
CentroidY: 0.3742
