Location: internet_26.png_Gaussian-Median.png
Component: component_1755080010550_286.png
centerX: 0.7496977025392987
centerY: 0.6005132591958939
width: 0.025796049979846837
height: 0.032506415739948676
Area: 0.000250090019764697
CentroidX: 0.7597
CentroidY: 0.6149
