Location: internet_26.png_Otsu.png
Component: component_1755080009756_988.png
centerX: 0.8218460298266828
centerY: 0.49786142001710865
width: 0.0237807335751713
height: 0.03364699173082407
Area: 0.00026319216234428134
CentroidX: 0.8309
CentroidY: 0.5131
