Location: internet_26.png_Otsu.png
Component: component_1755080009741_469.png
centerX: 0.562273276904474
centerY: 0.34160250926717994
width: 0.028214429665457477
height: 0.037639007698887936
Area: 0.0002060714179403041
CentroidX: 0.5749
CentroidY: 0.3585
