Location: internet_26.png_Otsu.png
Component: component_1755080009743_511.png
centerX: 0.12132204756146715
centerY: 0.35129740518962077
width: 0.025796049979846837
height: 0.03934987168520103
Area: 0.0002230812170787118
CentroidX: 0.1308
CentroidY: 0.3701
