Location: internet_26.png_Mean-Closing.png
Component: component_1755080010245_258.png
centerX: 0.7154373236598146
centerY: 0.6427145708582834
width: 0.02539298669891173
height: 0.030795551753635585
Area: 0.00024376881062542388
CentroidX: 0.7256
CentroidY: 0.6568
