Location: internet_26.png_Mean-Closing.png
Component: component_1755080010174_76.png
centerX: 0.32083837162434503
centerY: 0.17735956658112348
width: 0.028617492946392584
height: 0.03792415169660679
Area: 0.0003026135211582938
CentroidX: 0.3315
CentroidY: 0.1934
