Location: internet_26.png_Mean-Closing.png
Component: component_1755080010186_113.png
centerX: 0.17654171704957677
centerY: 0.2934131736526946
width: 0.020959290608625555
height: 0.03877958368976333
Area: 0.00024986015761417797
CentroidX: 0.1838
CentroidY: 0.3119
