Location: internet_26.png_Mean-Closing.png
Component: component_1755080010256_302.png
centerX: 0.8178153970173317
centerY: 0.7291132021670944
width: 0.030229746070133012
height: 0.031080695751354435
Area: 0.00024986015761417797
CentroidX: 0.8301
CentroidY: 0.7414
