Location: internet_26.png_Otsu.png
Component: component_1755080009706_1.png
centerX: 0.8847239016525594
centerY: 0.00427715996578272
width: 0.036275695284159616
height: 0.03934987168520103
Area: 0.00036754957867991773
CentroidX: 0.9012
CentroidY: 0.0217
