Location: internet_26.png_Gaussian-Median.png
Component: component_1755080010504_138.png
centerX: 0.9101168883514712
centerY: 0.32763045337895635
width: 0.02418379685610641
height: 0.034787567721699456
Area: 0.0002927294486859758
CentroidX: 0.9197
CentroidY: 0.3437
