Location: internet_26.png_Mean-Closing.png
Component: component_1755080010256_301.png
centerX: 0.7771060056428859
centerY: 0.7285429141716567
width: 0.02902055622732769
height: 0.03507271171941831
Area: 0.0002707776133114091
CentroidX: 0.7889
CentroidY: 0.7436
