Location: internet_26.png_Otsu.png
Component: component_1755080009718_58.png
centerX: 0.41152760983474407
centerY: 0.11320216709438266
width: 0.026199113260781944
height: 0.039635015682919876
Area: 0.0002583650571833818
CentroidX: 0.4232
CentroidY: 0.1310
