Location: internet_26.png_Mean-Medain.png
Component: component_1755080009892_290.png
centerX: 0.1487303506650544
centerY: 0.6715141146278871
width: 0.024989923417976623
height: 0.034787567721699456
Area: 0.00030548679803978155
CentroidX: 0.1582
CentroidY: 0.6868
