Location: internet_26.png_Gaussian-Median.png
Component: component_1755080010565_330.png
centerX: 0.8270858524788391
centerY: 0.6760764185913887
width: 0.02781136638452237
height: 0.03450242372398061
Area: 0.00025388274524826087
CentroidX: 0.8391
CentroidY: 0.6912
