Location: internet_26.png_Otsu.png
Component: component_1755080009751_748.png
centerX: 0.7867795243853285
centerY: 0.4431137724550898
width: 0.02539298669891173
height: 0.033361847733105215
Area: 0.00024055074051815756
CentroidX: 0.7968
CentroidY: 0.4566
