Location: internet_26.png_Gaussian-Median.png
Component: component_1755080010555_305.png
centerX: 0.8335348649738009
centerY: 0.6364414029084687
width: 0.02539298669891173
height: 0.03051040775591674
Area: 0.00021756452546625526
CentroidX: 0.8447
CentroidY: 0.6508
