Location: internet_26.png_Otsu.png
Component: component_1755080009757_998.png
centerX: 0.42241031841999194
centerY: 0.5152552038779584
width: 0.027005239822652155
height: 0.03307670373538637
Area: 0.00026043381653805307
CentroidX: 0.4336
CentroidY: 0.5304
