Location: internet_26.png_Otsu.png
Component: component_1755080009767_1043.png
centerX: 0.4961708988311165
centerY: 0.6065012831479898
width: 0.022974607013301087
height: 0.033361847733105215
Area: 0.0002457226389048356
CentroidX: 0.5052
CentroidY: 0.6213
