Location: internet_26.png_Mean-Medain.png
Component: component_1755080009870_168.png
centerX: 0.3422007255139057
centerY: 0.40804106073567153
width: 0.026199113260781944
height: 0.03165098374679213
Area: 0.0002513542615925516
CentroidX: 0.3525
CentroidY: 0.4215
