Location: internet_26.png_Otsu.png
Component: component_1755080009761_1017.png
centerX: 0.6916565900846433
centerY: 0.5588822355289421
width: 0.026199113260781944
height: 0.032506415739948676
Area: 0.0002583650571833818
CentroidX: 0.7014
CentroidY: 0.5734
