Location: internet_26.png_Mean-Closing.png
Component: component_1755080010176_81.png
centerX: 0.9250302297460702
centerY: 0.21100655831194753
width: 0.031035872632003223
height: 0.03735386370116909
Area: 0.0002960624498685016
CentroidX: 0.9384
CentroidY: 0.2269
