Location: internet_26.png_Otsu.png
Component: component_1755080009730_255.png
centerX: 0.2756952841596131
centerY: 0.23552894211576847
width: 0.026602176541717048
height: 0.036213287710293696
Area: 0.0002137717999826914
CentroidX: 0.2856
CentroidY: 0.2523
