Location: internet_26.png_Otsu.png
Component: component_1755080009737_379.png
centerX: 0.3264812575574365
centerY: 0.29740518962075846
width: 0.02257154373236598
height: 0.033932135728542916
Area: 0.0001641215754705824
CentroidX: 0.3348
CentroidY: 0.3120
