Location: internet_26.png_Otsu.png
Component: component_1755080009757_994.png
centerX: 0.6928657799274486
centerY: 0.5055603079555175
width: 0.027408303103587262
height: 0.035642999714856
Area: 0.0002867530327724812
CentroidX: 0.7033
CentroidY: 0.5212
