Location: internet_26.png_Gaussian-Median.png
Component: component_1755080010505_143.png
centerX: 0.7194679564691656
centerY: 0.33475905332192757
width: 0.028214429665457477
height: 0.038209295694325636
Area: 0.0002913502757828616
CentroidX: 0.7314
CentroidY: 0.3523
