Location: internet_26.png_Mean-Closing.png
Component: component_1755080010234_218.png
centerX: 0.47077791213220477
centerY: 0.566581123467351
width: 0.024989923417976623
height: 0.031080695751354435
Area: 0.00027123733761244713
CentroidX: 0.4801
CentroidY: 0.5807
