Location: internet_26.png_Mean-Closing.png
Component: component_1755080010183_105.png
centerX: 0.667875856509472
centerY: 0.28001140575990874
width: 0.035872632003224506
height: 0.03421727972626176
Area: 0.00036249261136849924
CentroidX: 0.6858
CentroidY: 0.2950
