Location: internet_26.png_Mean-Closing.png
Component: component_1755080010172_71.png
centerX: 0.46432889963724305
centerY: 0.17137154262902765
width: 0.02902055622732769
height: 0.04134587966923296
Area: 0.00031249759363061175
CentroidX: 0.4748
CentroidY: 0.1896
