Location: internet_26.png_Otsu.png
Component: component_1755080009776_1139.png
centerX: 0.750906892382104
centerY: 0.6800684345594525
width: 0.020959290608625555
height: 0.0290846877673225
Area: 0.00017733864912542624
CentroidX: 0.7587
CentroidY: 0.6919
