Location: internet_26.png_Gaussian-Median.png
Component: component_1755080010571_352.png
centerX: 0.9371221281741233
centerY: 0.7234103222127174
width: 0.030632809351068116
height: 0.032506415739948676
Area: 0.00025342302094722287
CentroidX: 0.9506
CentroidY: 0.7365
