Location: internet_26.png_Mean-Closing.png
Component: component_1755080010222_173.png
centerX: 0.4332930270052398
centerY: 0.45822640433418876
width: 0.02176541717049577
height: 0.03849443969204448
Area: 0.00028583358417040507
CentroidX: 0.4411
CentroidY: 0.4759
