Location: internet_26.png_Mean-Medain.png
Component: component_1755080009840_12.png
centerX: 0.6711003627569528
centerY: 0.006843455945252352
width: 0.032245062474808545
height: 0.0427715996578272
Area: 0.0003999601419031
CentroidX: 0.6852
CentroidY: 0.0264
