Location: internet_26.png_Mean-Medain.png
Component: component_1755080009855_92.png
centerX: 0.7166465135026199
centerY: 0.2167094382663245
width: 0.024989923417976623
height: 0.04077559167379527
Area: 0.0003106586964264596
CentroidX: 0.7263
CentroidY: 0.2356
