Location: internet_26.png_Otsu.png
Component: component_1755080009750_742.png
centerX: 0.9145505844417574
centerY: 0.43912175648702595
width: 0.02781136638452237
height: 0.032506415739948676
Area: 0.00025928450578545793
CentroidX: 0.9256
CentroidY: 0.4538
