Location: internet_26.png_Mean-Closing.png
Component: component_1755080010209_135.png
centerX: 0.2623941958887545
centerY: 0.35072711719418304
width: 0.02257154373236598
height: 0.038209295694325636
Area: 0.00027445540771971346
CentroidX: 0.2703
CentroidY: 0.3683
