Location: internet_26.png_Gaussian-Median.png
Component: component_1755080010544_262.png
centerX: 0.731962918178154
centerY: 0.5571713715426291
width: 0.02539298669891173
height: 0.034787567721699456
Area: 0.0002897412407292285
CentroidX: 0.7415
CentroidY: 0.5728
