Location: internet_26.png_Otsu.png
Component: component_1755080009776_1131.png
centerX: 0.014913341394598953
centerY: 0.6786427145708582
width: 0.026199113260781944
height: 0.027944111776447105
Area: 0.00021744959439099574
CentroidX: 0.0259
CentroidY: 0.6910
