Location: internet_26.png_Mean-Medain.png
Component: component_1755080009872_184.png
centerX: 0.6138653768641676
centerY: 0.44938694040490446
width: 0.02781136638452237
height: 0.03792415169660679
Area: 0.00030537186696452206
CentroidX: 0.6245
CentroidY: 0.4664
