Location: internet_26.png_Gaussian-Median.png
Component: component_1755080010319_9.png
centerX: 0.16444981862152358
centerY: 0.0071285999429712005
width: 0.025796049979846837
height: 0.03706871970345024
Area: 0.0003462873297569081
CentroidX: 0.1752
CentroidY: 0.0245
