Location: internet_26.png_Mean-Medain.png
Component: component_1755080009849_57.png
centerX: 0.26803708182184605
centerY: 0.11747932706016538
width: 0.026602176541717048
height: 0.040490447676076416
Area: 0.00036375685319635386
CentroidX: 0.2786
CentroidY: 0.1365
