Location: internet_26.png_Mean-Closing.png
Component: component_1755080010141_39.png
centerX: 0.1180975413139863
centerY: 0.06387225548902195
width: 0.028214429665457477
height: 0.03706871970345024
Area: 0.00032353097685552484
CentroidX: 0.1288
CentroidY: 0.0815
