Location: internet_26.png_Mean-Closing.png
Component: component_1755080010198_122.png
centerX: 0.8597339782345829
centerY: 0.330196749358426
width: 0.02418379685610641
height: 0.034787567721699456
Area: 0.0002790526507300939
CentroidX: 0.8693
CentroidY: 0.3447
