Location: internet_26.png_Mean-Medain.png
Component: component_1755080009848_54.png
centerX: 0.4111245465538089
centerY: 0.11291702309666382
width: 0.027408303103587262
height: 0.03992015968063872
Area: 0.00031410662868424494
CentroidX: 0.4232
CentroidY: 0.1313
