Location: internet_26.png_Mean-Medain.png
Component: component_1755080009862_133.png
centerX: 0.8597339782345829
centerY: 0.330196749358426
width: 0.024586860137041516
height: 0.034787567721699456
Area: 0.00029112041363234264
CentroidX: 0.8693
CentroidY: 0.3448
