Location: internet_26.png_Gaussian-Median.png
Component: component_1755080010508_156.png
centerX: 0.12132204756146715
centerY: 0.35129740518962077
width: 0.026199113260781944
height: 0.039635015682919876
Area: 0.0002941086215890899
CentroidX: 0.1306
CentroidY: 0.3706
