Location: internet_26.png_Mean-Closing.png
Component: component_1755080010238_237.png
centerX: 0.58484482063684
centerY: 0.6053607071571143
width: 0.02902055622732769
height: 0.033361847733105215
Area: 0.000289626309653969
CentroidX: 0.5963
CentroidY: 0.6199
