Location: internet_26.png_Mean-Medain.png
Component: component_1755080009839_6.png
centerX: 0.25755743651753327
centerY: 0.00570287995437696
width: 0.02902055622732769
height: 0.043912175648702596
Area: 0.0004277734621159018
CentroidX: 0.2705
CentroidY: 0.0264
