Location: internet_26.png_Otsu.png
Component: component_1755080009777_1150.png
centerX: 0.49657396211205157
centerY: 0.692329626461363
width: 0.024586860137041516
height: 0.029654975762760195
Area: 0.00016837402525518433
CentroidX: 0.5055
CentroidY: 0.7044
