Location: internet_26.png_Gaussian-Median.png
Component: component_1755080010317_2.png
centerX: 0.8843208383716243
centerY: 0.003992015968063872
width: 0.037081821846029824
height: 0.039635015682919876
Area: 0.00039605248534427663
CentroidX: 0.9011
CentroidY: 0.0218
