Location: internet_26.png_Gaussian-Median.png
Component: component_1755080010319_10.png
centerX: 0.45102781136638453
centerY: 0.006843455945252352
width: 0.035872632003224506
height: 0.04077559167379527
Area: 0.0004275435999653828
CentroidX: 0.4676
CentroidY: 0.0253
