Location: internet_26.png_Mean-Medain.png
Component: component_1755080009880_228.png
centerX: 0.7783151954856913
centerY: 0.5543199315654406
width: 0.025796049979846837
height: 0.033361847733105215
Area: 0.0003036479008356294
CentroidX: 0.7884
CentroidY: 0.5687
