Location: internet_26.png_Mean-Medain.png
Component: component_1755080009854_84.png
centerX: 0.12535268037081823
centerY: 0.18078129455374964
width: 0.026199113260781944
height: 0.03849443969204448
Area: 0.0003252549429844175
CentroidX: 0.1346
CentroidY: 0.1987
