Location: internet_26.png_Mean-Closing.png
Component: component_1755080010257_306.png
centerX: 0.6041918581217252
centerY: 0.7345309381237525
width: 0.024586860137041516
height: 0.03279155973766752
Area: 0.0002523886412698872
CentroidX: 0.6141
CentroidY: 0.7497
