Location: internet_26.png_Mean-Closing.png
Component: component_1755080010249_273.png
centerX: 0.9407496977025392
centerY: 0.6729398346164813
width: 0.028214429665457477
height: 0.025377815796977475
Area: 0.00021653014578891966
CentroidX: 0.9536
CentroidY: 0.6834
