Location: internet_26.png_Mean-Medain.png
Component: component_1755080009878_213.png
centerX: 0.32889963724304716
centerY: 0.5163957798688338
width: 0.024989923417976623
height: 0.030795551753635585
Area: 0.0002659505081505096
CentroidX: 0.3389
CentroidY: 0.5302
