Location: internet_26.png_Mean-Medain.png
Component: component_1755080009839_5.png
centerX: 0.2124143490528013
centerY: 0.005988023952095809
width: 0.02539298669891173
height: 0.04134587966923296
Area: 0.0004040976606124424
CentroidX: 0.2226
CentroidY: 0.0256
