Location: internet_26.png_Mean-Medain.png
Component: component_1755080009877_209.png
centerX: 0.5646916565900847
centerY: 0.5146849158825206
width: 0.025796049979846837
height: 0.033361847733105215
Area: 0.00029181000008389967
CentroidX: 0.5740
CentroidY: 0.5301
