Location: internet_26.png_Gaussian-Median.png
Component: component_1755080010358_79.png
centerX: 0.46432889963724305
centerY: 0.17137154262902765
width: 0.028617492946392584
height: 0.04163102366695181
Area: 0.0002941086215890899
CentroidX: 0.4749
CentroidY: 0.1897
