Location: internet_26.png_Gaussian-Median.png
Component: component_1755080010551_289.png
centerX: 0.7081821846029827
centerY: 0.6036498431708013
width: 0.027408303103587262
height: 0.03307670373538637
Area: 0.00026847899180621886
CentroidX: 0.7200
CentroidY: 0.6182
