Location: internet_26.png_Mean-Medain.png
Component: component_1755080009869_164.png
centerX: 0.4316807738814994
centerY: 0.40347875677216993
width: 0.027408303103587262
height: 0.03051040775591674
Area: 0.0002518139858935897
CentroidX: 0.4432
CentroidY: 0.4164
