Location: internet_26.png_Mean-Closing.png
Component: component_1755080010178_86.png
centerX: 0.6662636033857315
centerY: 0.22184203022526375
width: 0.0237807335751713
height: 0.03706871970345024
Area: 0.00026457133524739545
CentroidX: 0.6757
CentroidY: 0.2390
