Location: internet_26.png_Mean-Medain.png
Component: component_1755080009851_68.png
centerX: 0.822652156388553
centerY: 0.16224693470202453
width: 0.02418379685610641
height: 0.03735386370116909
Area: 0.00029284437976123527
CentroidX: 0.8317
CentroidY: 0.1790
