Location: internet_26.png_Mean-Closing.png
Component: component_1755080010232_212.png
centerX: 0.732365981459089
centerY: 0.5571713715426291
width: 0.024586860137041516
height: 0.034787567721699456
Area: 0.000295257932341685
CentroidX: 0.7416
CentroidY: 0.5726
