Location: internet_26.png_Mean-Closing.png
Component: component_1755080010179_89.png
centerX: 0.5155179363160016
centerY: 0.22583404619332764
width: 0.023377670294236194
height: 0.03877958368976333
Area: 0.00031341704223268786
CentroidX: 0.5234
CentroidY: 0.2435
