Location: internet_26.png_Otsu.png
Component: component_1755080009712_21.png
centerX: 0.8778718258766627
centerY: 0.05474764756201882
width: 0.035872632003224506
height: 0.03877958368976333
Area: 0.000299740244276806
CentroidX: 0.8952
CentroidY: 0.0725
