Location: internet_26.png_Mean-Medain.png
Component: component_1755080009846_44.png
centerX: 0.7243047158403869
centerY: 0.10664385514684915
width: 0.024989923417976623
height: 0.03792415169660679
Area: 0.00032410563223182244
CentroidX: 0.7344
CentroidY: 0.1242
