Location: internet_26.png_Otsu.png
Component: component_1755080009783_1236.png
centerX: 0.3873438129786376
centerY: 0.7487881380096949
width: 0.021362353889560662
height: 0.03649843170801255
Area: 0.0001918199646081247
CentroidX: 0.3957
CentroidY: 0.7640
