Location: internet_26.png_Gaussian-Median.png
Component: component_1755080010557_311.png
centerX: 0.7154373236598146
centerY: 0.6427145708582834
width: 0.02539298669891173
height: 0.030795551753635585
Area: 0.0002338847381531059
CentroidX: 0.7255
CentroidY: 0.6569
