Location: internet_26.png_Mean-Closing.png
Component: component_1755080010255_296.png
centerX: 0.05804111245465538
centerY: 0.7219846022241232
width: 0.026602176541717048
height: 0.0290846877673225
Area: 0.00022158711310033815
CentroidX: 0.0682
CentroidY: 0.7348
