Location: internet_26.png_Gaussian-Median.png
Component: component_1755080010545_268.png
centerX: 0.5139056831922612
centerY: 0.5651554034787568
width: 0.0237807335751713
height: 0.03022526375819789
Area: 0.00025939943686071747
CentroidX: 0.5235
CentroidY: 0.5794
