Location: internet_26.png_Mean-Closing.png
Component: component_1755080010235_225.png
centerX: 0.15195485691253527
centerY: 0.5754205873966353
width: 0.026602176541717048
height: 0.033361847733105215
Area: 0.0003122677314800927
CentroidX: 0.1626
CentroidY: 0.5906
