Location: internet_26.png_Mean-Closing.png
Component: component_1755080010225_185.png
centerX: 0.8948004836759371
centerY: 0.49672084402623323
width: 0.027408303103587262
height: 0.033932135728542916
Area: 0.0002989357267499894
CentroidX: 0.9063
CentroidY: 0.5128
