Location: internet_26.png_Gaussian-Median.png
Component: component_1755080010538_239.png
centerX: 0.6493349455864571
centerY: 0.5089820359281437
width: 0.028617492946392584
height: 0.035642999714856
Area: 0.00031548580158735905
CentroidX: 0.6603
CentroidY: 0.5249
