Location: internet_26.png_Gaussian-Median.png
Component: component_1755080010347_57.png
centerX: 0.22208786779524387
centerY: 0.11719418306244654
width: 0.026199113260781944
height: 0.03849443969204448
Area: 0.00029778641599739427
CentroidX: 0.2306
CentroidY: 0.1347
