Location: internet_26.png_Gaussian-Median.png
Component: component_1755080010505_142.png
centerX: 0.6694881096332124
centerY: 0.33361847733105215
width: 0.024586860137041516
height: 0.039064727687482176
Area: 0.00028353496266521485
CentroidX: 0.6790
CentroidY: 0.3517
