Location: internet_26.png_Gaussian-Median.png
Component: component_1755080010470_97.png
centerX: 0.6658605401047965
centerY: 0.22184203022526375
width: 0.024586860137041516
height: 0.03706871970345024
Area: 0.00024549277675431656
CentroidX: 0.6757
CentroidY: 0.2392
