Location: internet_26.png_Mean-Closing.png
Component: component_1755080010136_20.png
centerX: 0.5614671503426037
centerY: 0.009409751924721984
width: 0.02902055622732769
height: 0.03649843170801255
Area: 0.00037766351330275477
CentroidX: 0.5750
CentroidY: 0.0258
