Location: internet_26.png_Gaussian-Median.png
Component: component_1755080010567_337.png
centerX: 0.5868601370415155
centerY: 0.6871970345024238
width: 0.021362353889560662
height: 0.0290846877673225
Area: 0.00019526789686591004
CentroidX: 0.5944
CentroidY: 0.7005
