Location: internet_26.png_Gaussian-Median.png
Component: component_1755080010534_223.png
centerX: 0.2430471584038694
centerY: 0.46221842030225263
width: 0.024586860137041516
height: 0.03706871970345024
Area: 0.00024664208750691164
CentroidX: 0.2521
CentroidY: 0.4796
