Location: internet_26.png_Mean-Closing.png
Component: component_1755080010255_298.png
centerX: 0.018137847642079808
centerY: 0.7248360422013117
width: 0.026199113260781944
height: 0.030795551753635585
Area: 0.0002389417054645244
CentroidX: 0.0283
CentroidY: 0.7388
