Location: internet_26.png_Gaussian-Median.png
Component: component_1755080010324_29.png
centerX: 0.8254735993550988
centerY: 0.057028799543769604
width: 0.029423619508262798
height: 0.03934987168520103
Area: 0.00031180800717905467
CentroidX: 0.8386
CentroidY: 0.0738
