Location: internet_26.png_Mean-Medain.png
Component: component_1755080009854_86.png
centerX: 0.027408303103587262
centerY: 0.18420302252637583
width: 0.027408303103587262
height: 0.038209295694325636
Area: 0.00032376083900604387
CentroidX: 0.0374
CentroidY: 0.2013
