Location: internet_26.png_Mean-Medain.png
Component: component_1755080009870_172.png
centerX: 0.15638855300282145
centerY: 0.41231822070145424
width: 0.02418379685610641
height: 0.0290846877673225
Area: 0.00021561069718684355
CentroidX: 0.1647
CentroidY: 0.4249
