Location: internet_26.png_Mean-Closing.png
Component: component_1755080010224_181.png
centerX: 0.10842402257154374
centerY: 0.4673510122611919
width: 0.02176541717049577
height: 0.035357855717137156
Area: 0.00023537884213147955
CentroidX: 0.1164
CentroidY: 0.4843
