Location: internet_26.png_Mean-Medain.png
Component: component_1755080009882_238.png
centerX: 0.3264812575574365
centerY: 0.568291987453664
width: 0.023377670294236194
height: 0.03450242372398061
Area: 0.00028468427341781
CentroidX: 0.3349
CentroidY: 0.5840
