Location: internet_26.png_Mean-Medain.png
Component: component_1755080009899_330.png
centerX: 0.3873438129786376
centerY: 0.7485029940119761
width: 0.022168480451430876
height: 0.03706871970345024
Area: 0.00025652615997922966
CentroidX: 0.3958
CentroidY: 0.7646
