Location: internet_26.png_Gaussian-Median.png
Component: component_1755080010488_114.png
centerX: 0.9149536477226925
centerY: 0.2708867978329056
width: 0.032648125755743655
height: 0.03706871970345024
Area: 0.00033375984255362137
CentroidX: 0.9288
CentroidY: 0.2870
