Location: internet_26.png_Otsu.png
Component: component_1755080009749_680.png
centerX: 0.24667472793228537
centerY: 0.41231822070145424
width: 0.022974607013301087
height: 0.027944111776447105
Area: 0.00014676698310639617
CentroidX: 0.2570
CentroidY: 0.4223
