Location: internet_26.png_Mean-Closing.png
Component: component_1755080010150_53.png
centerX: 0.26803708182184605
centerY: 0.11747932706016538
width: 0.026602176541717048
height: 0.040490447676076416
Area: 0.00036168809384168267
CentroidX: 0.2785
CentroidY: 0.1365
