Location: Samociqulo_1709_page_10.png_Gaussian-Median.png
Component: component_1755610056209_1989.png
centerX: 0.4727272727272727
centerY: 0.4603125
width: 0.01769041769041769
height: 0.015625
Area: 0.00011793611793611793
CentroidX: 0.4801
CentroidY: 0.4681
