Location: internet_26.png_Mean-Medain.png
Component: component_1755080009862_132.png
centerX: 0.9101168883514712
centerY: 0.32763045337895635
width: 0.024989923417976623
height: 0.034787567721699456
Area: 0.0003229563214792273
CentroidX: 0.9198
CentroidY: 0.3437
