Location: internet_26.png_Otsu.png
Component: component_1755080009776_1144.png
centerX: 0.6670697299476017
centerY: 0.6866267465069861
width: 0.02015316404675534
height: 0.0290846877673225
Area: 0.00017745358020068575
CentroidX: 0.6744
CentroidY: 0.6990
