Location: internet_26.png_Otsu.png
Component: component_1755080009738_391.png
centerX: 0.024586860137041516
centerY: 0.3031080695751354
width: 0.025796049979846837
height: 0.0290846877673225
Area: 0.00015745557310553075
CentroidX: 0.0342
CentroidY: 0.3148
