Location: internet_26.png_Gaussian-Median.png
Component: component_1755080010573_358.png
centerX: 0.6920596533655784
centerY: 0.7308240661534074
width: 0.03184199919387344
height: 0.03792415169660679
Area: 0.00030318817653459133
CentroidX: 0.7055
CentroidY: 0.7470
