Location: internet_26.png_Mean-Medain.png
Component: component_1755080009854_89.png
centerX: 0.7666263603385731
centerY: 0.21243227830054176
width: 0.02781136638452237
height: 0.04163102366695181
Area: 0.00033318518717732383
CentroidX: 0.7790
CentroidY: 0.2316
