Location: internet_26.png_Mean-Medain.png
Component: component_1755080009898_322.png
centerX: 0.6924627166465135
centerY: 0.7308240661534074
width: 0.03143893591293833
height: 0.03792415169660679
Area: 0.0003166351123399542
CentroidX: 0.7055
CentroidY: 0.7469
