Location: internet_26.png_Gaussian-Median.png
Component: component_1755080010327_33.png
centerX: 0.4534461910519952
centerY: 0.05902480752780154
width: 0.02539298669891173
height: 0.04077559167379527
Area: 0.0003050270737387435
CentroidX: 0.4651
CentroidY: 0.0775
