Location: internet_26.png_Gaussian-Median.png
Component: component_1755080010319_7.png
centerX: 0.7803305118903668
centerY: 0.005988023952095809
width: 0.025796049979846837
height: 0.039635015682919876
Area: 0.00034272446642386327
CentroidX: 0.7901
CentroidY: 0.0246
