Location: internet_26.png_Otsu.png
Component: component_1755080009783_1231.png
centerX: 0.5199516324062878
centerY: 0.7413743940690048
width: 0.0237807335751713
height: 0.03022526375819789
Area: 0.00016722471450258923
CentroidX: 0.5293
CentroidY: 0.7541
