Location: internet_26.png_Mean-Closing.png
Component: component_1755080010134_13.png
centerX: 0.35832325675130994
centerY: 0.007698887938408896
width: 0.030632809351068116
height: 0.03992015968063872
Area: 0.0003839847224420279
CentroidX: 0.3713
CentroidY: 0.0264
