Location: internet_26.png_Mean-Closing.png
Component: component_1755080010251_281.png
centerX: 0.7114066908504635
centerY: 0.6817792985457656
width: 0.020959290608625555
height: 0.02879954376960365
Area: 0.0002090596258970514
CentroidX: 0.7185
CentroidY: 0.6946
