Location: internet_26.png_Mean-Closing.png
Component: component_1755080010221_167.png
centerX: 0.7863764611043934
centerY: 0.4431137724550898
width: 0.025796049979846837
height: 0.03364699173082407
Area: 0.0002727314415908208
CentroidX: 0.7968
CentroidY: 0.4566
