Location: internet_26.png_Otsu.png
Component: component_1755080009785_1246.png
centerX: 0.09875050382910117
centerY: 0.7621899059024807
width: 0.021362353889560662
height: 0.032506415739948676
Area: 0.00016320212686850633
CentroidX: 0.1067
CentroidY: 0.7764
