Location: internet_26.png_Mean-Closing.png
Component: component_1755080010186_114.png
centerX: 0.12374042724707779
centerY: 0.2962646136298831
width: 0.026199113260781944
height: 0.03364699173082407
Area: 0.00023629829073355563
CentroidX: 0.1325
CentroidY: 0.3105
