Location: internet_26.png_Otsu.png
Component: component_1755080009770_1063.png
centerX: 0.7972591696896413
centerY: 0.637867122897063
width: 0.024586860137041516
height: 0.031936127744510975
Area: 0.00019940541557525245
CentroidX: 0.8069
CentroidY: 0.6515
