Location: internet_26.png_Gaussian-Median.png
Component: component_1755080010552_290.png
centerX: 0.5384925433293027
centerY: 0.6053607071571143
width: 0.027005239822652155
height: 0.034787567721699456
Area: 0.0002869828949230002
CentroidX: 0.5495
CentroidY: 0.6204
