Location: internet_26.png_Mean-Medain.png
Component: component_1755080009861_122.png
centerX: 0.22128174123337363
centerY: 0.2962646136298831
width: 0.031035872632003223
height: 0.03735386370116909
Area: 0.0002611234029896101
CentroidX: 0.2348
CentroidY: 0.3126
