Location: internet_26.png_Mean-Closing.png
Component: component_1755080010141_37.png
centerX: 0.06771463119709795
centerY: 0.06159110350727117
width: 0.028617492946392584
height: 0.039064727687482176
Area: 0.00036030892093856856
CentroidX: 0.0792
CentroidY: 0.0796
