Location: internet_26.png_Mean-Medain.png
Component: component_1755080009863_139.png
centerX: 0.45747682386134625
centerY: 0.3413173652694611
width: 0.026602176541717048
height: 0.04077559167379527
Area: 0.0003678943719056963
CentroidX: 0.4684
CentroidY: 0.3605
