Location: internet_26.png_Mean-Closing.png
Component: component_1755080010220_163.png
centerX: 0.954856912535268
centerY: 0.43997718848018247
width: 0.023377670294236194
height: 0.03450242372398061
Area: 0.00028617837739618364
CentroidX: 0.9651
CentroidY: 0.4573
