Location: internet_26.png_Mean-Medain.png
Component: component_1755080009883_243.png
centerX: 0.19588875453446192
centerY: 0.5731394354148845
width: 0.028617492946392584
height: 0.035642999714856
Area: 0.0003157156637378781
CentroidX: 0.2065
CentroidY: 0.5889
