Location: internet_26.png_Mean-Medain.png
Component: component_1755080009853_81.png
centerX: 0.32083837162434503
centerY: 0.1770744225834046
width: 0.028617492946392584
height: 0.038209295694325636
Area: 0.00030617638449133863
CentroidX: 0.3314
CentroidY: 0.1934
