Location: internet_26.png_Gaussian-Median.png
Component: component_1755080010570_347.png
centerX: 0.23821039903264812
centerY: 0.7120045623039635
width: 0.026602176541717048
height: 0.031936127744510975
Area: 0.00026319216234428134
CentroidX: 0.2489
CentroidY: 0.7257
