Location: internet_26.png_Otsu.png
Component: component_1755080009768_1053.png
centerX: 0.3184199919387344
centerY: 0.6196179070430567
width: 0.026199113260781944
height: 0.031080695751354435
Area: 0.00026422654202161693
CentroidX: 0.3294
CentroidY: 0.6338
