Location: internet_26.png_Mean-Closing.png
Component: component_1755080010219_159.png
centerX: 0.11326078194276501
centerY: 0.414599372683205
width: 0.022974607013301087
height: 0.031080695751354435
Area: 0.00023549377320673906
CentroidX: 0.1212
CentroidY: 0.4284
