Location: internet_26.png_Mean-Closing.png
Component: component_1755080010248_270.png
centerX: 0.19387343812978639
centerY: 0.6700883946392928
width: 0.02418379685610641
height: 0.031936127744510975
Area: 0.00025939943686071747
CentroidX: 0.2028
CentroidY: 0.6845
