Location: internet_26.png_Otsu.png
Component: component_1755080009721_161.png
centerX: 0.6638452237001209
centerY: 0.16224693470202453
width: 0.027408303103587262
height: 0.04077559167379527
Area: 0.00025330808987196333
CentroidX: 0.6749
CentroidY: 0.1809
