Location: internet_26.png_Mean-Medain.png
Component: component_1755080009857_101.png
centerX: 0.2756952841596131
centerY: 0.2352437981180496
width: 0.027005239822652155
height: 0.036783575705731396
Area: 0.00028445441126729096
CentroidX: 0.2855
CentroidY: 0.2525
