Location: internet_26.png_Otsu.png
Component: component_1755080009765_1033.png
centerX: 0.9141475211608222
centerY: 0.5959509552323924
width: 0.026602176541717048
height: 0.03450242372398061
Area: 0.00025445740062455846
CentroidX: 0.9274
CentroidY: 0.6119
