Location: internet_26.png_Otsu.png
Component: component_1755080009740_462.png
centerX: 0.6215235792019347
centerY: 0.3376104932991161
width: 0.022974607013301087
height: 0.03649843170801255
Area: 0.00017239661288926723
CentroidX: 0.6302
CentroidY: 0.3536
