Location: internet_26.png_Mean-Medain.png
Component: component_1755080009893_296.png
centerX: 0.8270858524788391
centerY: 0.6763615625891075
width: 0.02781136638452237
height: 0.03421727972626176
Area: 0.00026526092169895253
CentroidX: 0.8394
CentroidY: 0.6911
