Location: internet_26.png_Mean-Medain.png
Component: component_1755080009870_167.png
centerX: 0.2974607013301088
centerY: 0.4074707727402338
width: 0.022974607013301087
height: 0.033932135728542916
Area: 0.00023158611664791565
CentroidX: 0.3052
CentroidY: 0.4229
