Location: internet_26.png_Gaussian-Median.png
Component: component_1755080010470_98.png
centerX: 0.566303909713825
centerY: 0.22355289421157684
width: 0.024586860137041516
height: 0.04134587966923296
Area: 0.0002769838913754227
CentroidX: 0.5751
CentroidY: 0.2423
