Location: internet_26.png_Mean-Closing.png
Component: component_1755080010252_284.png
centerX: 0.6267634018540911
centerY: 0.6889078984887368
width: 0.02539298669891173
height: 0.027944111776447105
Area: 0.00022342601030449035
CentroidX: 0.6367
CentroidY: 0.7010
