Location: internet_26.png_Mean-Medain.png
Component: component_1755080009853_83.png
centerX: 0.17412333736396615
centerY: 0.17964071856287425
width: 0.030632809351068116
height: 0.039635015682919876
Area: 0.0003287028752422029
CentroidX: 0.1866
CentroidY: 0.1966
