Location: internet_26.png_Mean-Closing.png
Component: component_1755080010242_248.png
centerX: 0.13986295848448208
centerY: 0.6276019389791845
width: 0.022974607013301087
height: 0.02879954376960365
Area: 0.0002676744742794023
CentroidX: 0.1494
CentroidY: 0.6410
