Location: internet_26.png_Otsu.png
Component: component_1755080009765_1036.png
centerX: 0.8335348649738009
centerY: 0.598517251211862
width: 0.025796049979846837
height: 0.03022526375819789
Area: 0.00022055273342300256
CentroidX: 0.8444
CentroidY: 0.6123
