Location: internet_26.png_Mean-Closing.png
Component: component_1755080010138_29.png
centerX: 0.40346634421604194
centerY: 0.058169375534645
width: 0.02902055622732769
height: 0.039635015682919876
Area: 0.00033916160309081843
CentroidX: 0.4179
CentroidY: 0.0767
