Location: internet_26.png_Gaussian-Median.png
Component: component_1755080010322_19.png
centerX: 0.06449012494961709
centerY: 0.00855431993156544
width: 0.023377670294236194
height: 0.03849443969204448
Area: 0.0003490456755631364
CentroidX: 0.0733
CentroidY: 0.0264
