Location: internet_26.png_Gaussian-Median.png
Component: component_1755080010369_89.png
centerX: 0.0769850866586054
centerY: 0.18391787852865696
width: 0.024989923417976623
height: 0.03649843170801255
Area: 0.0002616980583659077
CentroidX: 0.0861
CentroidY: 0.2007
