Location: internet_26.png_Mean-Medain.png
Component: component_1755080009844_35.png
centerX: 0.1652559451833938
centerY: 0.06073567151411463
width: 0.03184199919387344
height: 0.04020530367835757
Area: 0.000369848200185108
CentroidX: 0.1778
CentroidY: 0.0788
