Location: internet_26.png_Mean-Closing.png
Component: component_1755080010235_223.png
centerX: 0.23821039903264812
centerY: 0.5728542914171657
width: 0.026199113260781944
height: 0.034787567721699456
Area: 0.0003033031076098508
CentroidX: 0.2481
CentroidY: 0.5882
