Location: internet_26.png_Mean-Closing.png
Component: component_1755080010242_249.png
centerX: 0.09673518742442563
centerY: 0.6281722269746222
width: 0.026199113260781944
height: 0.03507271171941831
Area: 0.00032468028760812
CentroidX: 0.1071
CentroidY: 0.6450
