Location: internet_26.png_Mean-Medain.png
Component: component_1755080009888_271.png
centerX: 0.8335348649738009
centerY: 0.6367265469061876
width: 0.025796049979846837
height: 0.029940119760479042
Area: 0.00022721873578805422
CentroidX: 0.8451
CentroidY: 0.6506
