Location: internet_26.png_Gaussian-Median.png
Component: component_1755080010523_195.png
centerX: 0.3422007255139057
centerY: 0.40804106073567153
width: 0.026199113260781944
height: 0.03165098374679213
Area: 0.0002171048011652172
CentroidX: 0.3524
CentroidY: 0.4214
