Location: internet_26.png_Mean-Medain.png
Component: component_1755080009875_199.png
centerX: 0.8597339782345829
centerY: 0.49615055603079555
width: 0.0237807335751713
height: 0.03649843170801255
Area: 0.00031353197330794734
CentroidX: 0.8693
CentroidY: 0.5133
