Location: internet_26.png_Mean-Medain.png
Component: component_1755080009890_282.png
centerX: 0.580814187827489
centerY: 0.6501283147989735
width: 0.031035872632003223
height: 0.03022526375819789
Area: 0.00026227271374220523
CentroidX: 0.5946
CentroidY: 0.6637
