Location: internet_26.png_Mean-Medain.png
Component: component_1755080009889_276.png
centerX: 0.7553405884723902
centerY: 0.6407185628742516
width: 0.028214429665457477
height: 0.029369831765041345
Area: 0.00025215877911936824
CentroidX: 0.7659
CentroidY: 0.6530
