Location: internet_26.png_Mean-Closing.png
Component: component_1755080010135_17.png
centerX: 0.727932285368803
centerY: 0.008269175933846592
width: 0.03184199919387344
height: 0.037639007698887936
Area: 0.00036605547470154414
CentroidX: 0.7415
CentroidY: 0.0256
