Location: internet_26.png_Otsu.png
Component: component_1755080009778_1164.png
centerX: 0.3216444981862152
centerY: 0.7068719703450242
width: 0.02176541717049577
height: 0.03136583974907328
Area: 0.00018457930686677546
CentroidX: 0.3296
CentroidY: 0.7196
