Location: internet_26.png_Otsu.png
Component: component_1755080009730_254.png
centerX: 0.324465941152761
centerY: 0.23495865412033076
width: 0.02418379685610641
height: 0.035357855717137156
Area: 0.00020618634901556362
CentroidX: 0.3348
CentroidY: 0.2502
