Location: internet_26.png_Mean-Closing.png
Component: component_1755080010260_315.png
centerX: 0.22652156388553002
centerY: 0.7587681779298546
width: 0.022168480451430876
height: 0.03165098374679213
Area: 0.00024526291460379753
CentroidX: 0.2351
CentroidY: 0.7728
