Location: internet_26.png_Otsu.png
Component: component_1755080009717_51.png
centerX: 0.615074566706973
centerY: 0.1092101511263188
width: 0.02781136638452237
height: 0.032506415739948676
Area: 0.00025250357234514676
CentroidX: 0.6263
CentroidY: 0.1231
