Location: internet_26.png_Otsu.png
Component: component_1755080009727_238.png
centerX: 0.7670294236195082
centerY: 0.21243227830054176
width: 0.027005239822652155
height: 0.04163102366695181
Area: 0.0002499750886894375
CentroidX: 0.7785
CentroidY: 0.2311
