Location: internet_26.png_Gaussian-Median.png
Component: component_1755080010320_13.png
centerX: 0.309552599758162
centerY: 0.007698887938408896
width: 0.03184199919387344
height: 0.04020530367835757
Area: 0.00036938847588406995
CentroidX: 0.3228
CentroidY: 0.0268
