Location: internet_26.png_Gaussian-Median.png
Component: component_1755080010502_132.png
centerX: 0.3260781942765014
centerY: 0.29740518962075846
width: 0.022974607013301087
height: 0.03421727972626176
Area: 0.00021250755815483677
CentroidX: 0.3345
CentroidY: 0.3125
