Location: internet_26.png_Mean-Medain.png
Component: component_1755080009863_138.png
centerX: 0.6211205159209996
centerY: 0.3376104932991161
width: 0.024586860137041516
height: 0.03649843170801255
Area: 0.00031950838922144195
CentroidX: 0.6309
CentroidY: 0.3541
