Location: internet_26.png_Gaussian-Median.png
Component: component_1755080010516_178.png
centerX: 0.8299072954453849
centerY: 0.38551468491588253
width: 0.02539298669891173
height: 0.03592814371257485
Area: 0.00026422654202161693
CentroidX: 0.8400
CentroidY: 0.4022
