Location: internet_26.png_Gaussian-Median.png
Component: component_1755080010576_373.png
centerX: 0.09875050382910117
centerY: 0.7621899059024807
width: 0.02257154373236598
height: 0.03307670373538637
Area: 0.00023664308395933417
CentroidX: 0.1069
CentroidY: 0.7773
