Location: internet_26.png_Mean-Medain.png
Component: component_1755080009887_267.png
centerX: 0.13986295848448208
centerY: 0.6276019389791845
width: 0.022974607013301087
height: 0.02879954376960365
Area: 0.00026951337148355445
CentroidX: 0.1493
CentroidY: 0.6410
