Location: internet_26.png_Gaussian-Median.png
Component: component_1755080010552_292.png
centerX: 0.4957678355501814
centerY: 0.6062161391502708
width: 0.023377670294236194
height: 0.03364699173082407
Area: 0.0002766390981496442
CentroidX: 0.5052
CentroidY: 0.6215
