Location: internet_26.png_Mean-Medain.png
Component: component_1755080009859_112.png
centerX: 0.6674727932285369
centerY: 0.2797262617621899
width: 0.036275695284159616
height: 0.03450242372398061
Area: 0.00036375685319635386
CentroidX: 0.6858
CentroidY: 0.2950
