Location: internet_26.png_Mean-Closing.png
Component: component_1755080010178_87.png
centerX: 0.566303909713825
centerY: 0.22355289421157684
width: 0.024586860137041516
height: 0.041060735671514116
Area: 0.00029238465546019727
CentroidX: 0.5750
CentroidY: 0.2422
