Location: internet_26.png_Mean-Medain.png
Component: component_1755080009849_59.png
centerX: 0.16848045143087464
centerY: 0.11861990305104078
width: 0.031035872632003223
height: 0.03877958368976333
Area: 0.000339966120617635
CentroidX: 0.1819
CentroidY: 0.1377
