Location: internet_26.png_Otsu.png
Component: component_1755080009768_1052.png
centerX: 0.27488915759774285
centerY: 0.6184773310521814
width: 0.02257154373236598
height: 0.033361847733105215
Area: 0.00025756053965656525
CentroidX: 0.2840
CentroidY: 0.6340
