Location: internet_26.png_Mean-Medain.png
Component: component_1755080009846_41.png
centerX: 0.2571543732365981
centerY: 0.06159110350727117
width: 0.029826682789197905
height: 0.03706871970345024
Area: 0.00032582959836071506
CentroidX: 0.2694
CentroidY: 0.0779
