Location: internet_26.png_Otsu.png
Component: component_1755080009735_363.png
centerX: 0.37525191455058443
centerY: 0.2919874536641004
width: 0.025796049979846837
height: 0.04220131166238951
Area: 0.00022078259557352159
CentroidX: 0.3847
CentroidY: 0.3118
