Location: internet_26.png_Mean-Medain.png
Component: component_1755080009894_302.png
centerX: 0.5868601370415155
centerY: 0.6871970345024238
width: 0.021362353889560662
height: 0.02879954376960365
Area: 0.00020457731396193046
CentroidX: 0.5945
CentroidY: 0.7005
