Location: internet_26.png_Mean-Closing.png
Component: component_1755080010237_231.png
centerX: 0.9532446594115276
centerY: 0.5976618192187054
width: 0.026199113260781944
height: 0.03279155973766752
Area: 0.00028939644750344996
CentroidX: 0.9664
CentroidY: 0.6134
