Location: internet_26.png_Mean-Medain.png
Component: component_1755080009855_94.png
centerX: 0.566303909713825
centerY: 0.22355289421157684
width: 0.024989923417976623
height: 0.04134587966923296
Area: 0.0002959475187932421
CentroidX: 0.5750
CentroidY: 0.2422
