Location: internet_26.png_Mean-Closing.png
Component: component_1755080010230_201.png
centerX: 0.10681176944780331
centerY: 0.5203877958368976
width: 0.031035872632003223
height: 0.034787567721699456
Area: 0.00031939345814618246
CentroidX: 0.1199
CentroidY: 0.5362
