Location: internet_26.png_Gaussian-Median.png
Component: component_1755080010328_36.png
centerX: 0.3599355098750504
centerY: 0.06073567151411463
width: 0.02781136638452237
height: 0.03934987168520103
Area: 0.0003062913155665981
CentroidX: 0.3712
CentroidY: 0.0787
