Location: internet_26.png_Mean-Closing.png
Component: component_1755080010165_61.png
centerX: 0.6638452237001209
centerY: 0.16224693470202453
width: 0.02781136638452237
height: 0.04077559167379527
Area: 0.0003269789091133102
CentroidX: 0.6751
CentroidY: 0.1811
