Location: internet_26.png_Gaussian-Median.png
Component: component_1755080010539_242.png
centerX: 0.5650947198710198
centerY: 0.5146849158825206
width: 0.02539298669891173
height: 0.033361847733105215
Area: 0.0002792825128806129
CentroidX: 0.5740
CentroidY: 0.5302
