Location: internet_26.png_Mean-Medain.png
Component: component_1755080009875_194.png
centerX: 0.15155179363160015
centerY: 0.46592529227259766
width: 0.024586860137041516
height: 0.033932135728542916
Area: 0.0002250350453581235
CentroidX: 0.1605
CentroidY: 0.4813
