Location: internet_26.png_Otsu.png
Component: component_1755080009721_162.png
centerX: 0.7222893994357114
centerY: 0.1628172226974622
width: 0.020959290608625555
height: 0.03706871970345024
Area: 0.0002008995195536261
CentroidX: 0.7292
CentroidY: 0.1786
