Location: internet_26.png_Otsu.png
Component: component_1755080009751_746.png
centerX: 0.8278919790407094
centerY: 0.4414029084687767
width: 0.02418379685610641
height: 0.033932135728542916
Area: 0.0002588247814844199
CentroidX: 0.8366
CentroidY: 0.4561
