Location: internet_26.png_Otsu.png
Component: component_1755080009720_72.png
centerX: 0.024989923417976623
centerY: 0.12261191901910465
width: 0.02902055622732769
height: 0.033361847733105215
Area: 0.000270088026859852
CentroidX: 0.0361
CentroidY: 0.1370
