Location: internet_26.png_Otsu.png
Component: component_1755080009784_1241.png
centerX: 0.30511890366787586
centerY: 0.754205873966353
width: 0.023377670294236194
height: 0.03421727972626176
Area: 0.00022411559675604743
CentroidX: 0.3142
CentroidY: 0.7686
