Location: internet_26.png_Gaussian-Median.png
Component: component_1755080010501_129.png
centerX: 0.12374042724707779
centerY: 0.2962646136298831
width: 0.027005239822652155
height: 0.03364699173082407
Area: 0.00022652914933649716
CentroidX: 0.1326
CentroidY: 0.3106
