Location: internet_26.png_Gaussian-Median.png
Component: component_1755080010505_144.png
centerX: 0.6211205159209996
centerY: 0.3376104932991161
width: 0.024586860137041516
height: 0.03649843170801255
Area: 0.0002876724813745573
CentroidX: 0.6309
CentroidY: 0.3542
