Location: internet_26.png_Mean-Closing.png
Component: component_1755080010209_134.png
centerX: 0.1708988311164853
centerY: 0.35072711719418304
width: 0.027005239822652155
height: 0.036783575705731396
Area: 0.00033249560072576675
CentroidX: 0.1805
CentroidY: 0.3678
