Location: internet_26.png_Mean-Medain.png
Component: component_1755080009882_239.png
centerX: 0.3708182184602983
centerY: 0.5680068434559452
width: 0.024586860137041516
height: 0.029654975762760195
Area: 0.0002683640607309593
CentroidX: 0.3806
CentroidY: 0.5810
