Location: internet_26.png_Mean-Closing.png
Component: component_1755080010214_142.png
centerX: 0.7823458282950423
centerY: 0.38380382092956944
width: 0.026602176541717048
height: 0.036783575705731396
Area: 0.00029537286341694457
CentroidX: 0.7927
CentroidY: 0.4005
