Location: 2025-04-16_190055-1.png_Gaussian-Median.png
Component: component_1744832837796_339.png
centerX: 0.6525323910482921
centerY: 0.5459991442019684
width: 0.02061248527679623
height: 0.029525032092426188
Area: 0.00028602201588316797
CentroidX: 0.6612
CentroidY: 0.5584
