Location: 2025-04-16_190055-1.png_Gaussian-Median.png
Component: component_1744832837763_212.png
centerX: 0.5753828032979976
centerY: 0.34360290971330765
width: 0.020023557126030624
height: 0.032520325203252036
Area: 0.00027669795016715276
CentroidX: 0.5837
CentroidY: 0.3576
