Location: 2025-04-16_190055-1.png_Gaussian-Median.png
Component: component_1744832837796_341.png
centerX: 0.5706713780918727
centerY: 0.5524176294394523
width: 0.027090694935217905
height: 0.032520325203252036
Area: 0.0003157582254639731
CentroidX: 0.5817
CentroidY: 0.5663
