Location: 2025-04-16_190055-1.png_Gaussian-Median.png
Component: component_1744832837799_354.png
centerX: 0.12661955241460543
centerY: 0.5695335900727428
width: 0.02944640753828033
height: 0.0329482242190843
Area: 0.0003764906535061259
CentroidX: 0.1399
CentroidY: 0.5828
