Location: 2025-04-16_190055-1.png_Gaussian-Median.png
Component: component_1744832837777_278.png
centerX: 0.10600706713780919
centerY: 0.4360290971330766
width: 0.02120141342756184
height: 0.03123662815575524
Area: 0.00034095840307482486
CentroidX: 0.1160
CentroidY: 0.4494
