Location: 2025-04-16_190055-1.png_Mean-Medain.png
Component: component_1744832837346_106.png
centerX: 0.8404004711425206
centerY: 0.16730851519041506
width: 0.024146054181389872
height: 0.030380830124090714
Area: 0.000286526019435385
CentroidX: 0.8516
CentroidY: 0.1802
