Location: 2025-04-16_190055-1.png_Mean-Medain.png
Component: component_1744832837337_71.png
centerX: 0.14958775029446408
centerY: 0.08814719726144629
width: 0.021790341578327443
height: 0.029525032092426188
Area: 0.0002782099608238039
CentroidX: 0.1593
CentroidY: 0.1013
