Location: 2025-04-16_190055-1.png_Gaussian-Median.png
Component: component_1744832837829_433.png
centerX: 0.30683156654888105
centerY: 0.6949080017115961
width: 0.025323910482921083
height: 0.02781343602909713
Area: 0.00032533429295609676
CentroidX: 0.3176
CentroidY: 0.7065
