Location: 2025-04-16_190055-1.png_Gaussian-Median.png
Component: component_1744832837804_381.png
centerX: 0.15312131919905772
centerY: 0.6131792896876337
width: 0.02237926972909305
height: 0.03209242618741977
Area: 0.00033239034268713524
CentroidX: 0.1629
CentroidY: 0.6279
