Location: 2025-04-16_190055-1.png_Mean-Medain.png
Component: component_1744832837356_153.png
centerX: 0.2791519434628975
centerY: 0.25459991442019686
width: 0.02237926972909305
height: 0.03080872913992298
Area: 0.0002676258862272461
CentroidX: 0.2885
CentroidY: 0.2679
