Location: 2025-04-16_190055-1.png_Mean-Medain.png
Component: component_1744832837418_414.png
centerX: 0.9134275618374559
centerY: 0.6623876765083441
width: 0.01884570082449941
height: 0.02866923406076166
Area: 0.00026913789688389725
CentroidX: 0.9212
CentroidY: 0.6742
