Location: 2025-04-16_190055-1.png_Mean-Medain.png
Component: component_1744832837376_242.png
centerX: 0.46819787985865724
centerY: 0.38596491228070173
width: 0.022968197879858657
height: 0.032520325203252036
Area: 0.00031676623256840714
CentroidX: 0.4787
CentroidY: 0.3999
