Location: 2025-04-16_190055-1.png_Mean-Medain.png
Component: component_1744832837374_236.png
centerX: 0.6118963486454653
centerY: 0.37869062901155326
width: 0.024146054181389872
height: 0.029097133076593923
Area: 0.0003177742396728412
CentroidX: 0.6221
CentroidY: 0.3912
