Location: 2025-04-16_190055-1.png_Mean-Medain.png
Component: component_1744832837375_241.png
centerX: 0.6489988221436984
centerY: 0.38339751818570816
width: 0.021790341578327443
height: 0.02781343602909713
Area: 0.00029459007627085753
CentroidX: 0.6579
CentroidY: 0.3948
