Location: 2025-04-16_190055-1.png_Gaussian-Median.png
Component: component_1744832837835_464.png
centerX: 0.24440518256772673
centerY: 0.7342747111681643
width: 0.021790341578327443
height: 0.030380830124090714
Area: 0.0003024021313302216
CentroidX: 0.2543
CentroidY: 0.7472
