Location: 2025-04-16_190055-1.png_Mean-Medain.png
Component: component_1744832837357_158.png
centerX: 0.4917550058892815
centerY: 0.2550278134360291
width: 0.022968197879858657
height: 0.029097133076593923
Area: 0.00026611387557059504
CentroidX: 0.5017
CentroidY: 0.2679
