Location: 2025-04-16_190055-1.png_Gaussian-Median.png
Component: component_1744832837783_293.png
centerX: 0.5123674911660777
centerY: 0.464270432178006
width: 0.026501766784452298
height: 0.03508771929824561
Area: 0.0003291143195977245
CentroidX: 0.5258
CentroidY: 0.4791
