Location: 2025-04-16_190055-1.png_Mean-Medain.png
Component: component_1744832837439_502.png
centerX: 0.8256772673733804
centerY: 0.7911852802738554
width: 0.024734982332155476
height: 0.02781343602909713
Area: 0.0003134902094789964
CentroidX: 0.8362
CentroidY: 0.8029
