Location: 2025-04-16_190055-1.png_Mean-Medain.png
Component: component_1744832837334_58.png
centerX: 0.3586572438162544
centerY: 0.08600770218228498
width: 0.02120141342756184
height: 0.02995293110825845
Area: 0.00028728202476371054
CentroidX: 0.3680
CentroidY: 0.1012
