Location: 2025-04-16_190055-1.png_Mean-Medain.png
Component: component_1744832837428_448.png
centerX: 0.7161366313309776
centerY: 0.714163457424048
width: 0.024146054181389872
height: 0.02995293110825845
Area: 0.0002953460815991831
CentroidX: 0.7261
CentroidY: 0.7260
