Location: 2025-04-16_190055-1.png_Mean-Medain.png
Component: component_1744832837327_25.png
centerX: 0.9699646643109541
centerY: 0.012836970474967908
width: 0.021790341578327443
height: 0.028241335044929396
Area: 0.00028173798568932313
CentroidX: 0.9800
CentroidY: 0.0255
