Location: 2025-04-16_190055-1.png_Gaussian-Median.png
Component: component_1744832837800_361.png
centerX: 0.7873969375736161
centerY: 0.5819426615318785
width: 0.024734982332155476
height: 0.03123662815575524
Area: 0.00036036253983518077
CentroidX: 0.7972
CentroidY: 0.5943
