Location: 2025-04-16_190055-1.png_Gaussian-Median.png
Component: component_1744832837800_357.png
centerX: 0.9269729093050648
centerY: 0.5750962772785623
width: 0.022968197879858657
height: 0.02995293110825845
Area: 0.00028728202476371054
CentroidX: 0.9356
CentroidY: 0.5869
