Location: 2025-04-16_190055-1.png_Gaussian-Median.png
Component: component_1744832837776_274.png
centerX: 0.13722025912838634
centerY: 0.4321780059905862
width: 0.022968197879858657
height: 0.03423192126658109
Area: 0.00036489857180513406
CentroidX: 0.1474
CentroidY: 0.4474
