Location: 2025-04-16_190055-1.png_Gaussian-Median.png
Component: component_1744832838057_586.png
centerX: 0.8639575971731449
centerY: 0.9050064184852374
width: 0.01884570082449941
height: 0.03080872913992298
Area: 0.00030441814553908977
CentroidX: 0.8715
CentroidY: 0.9187
