Location: 2025-04-16_190055-1.png_Gaussian-Median.png
Component: component_1744832837840_482.png
centerX: 0.5765606595995288
centerY: 0.7599486521181001
width: 0.021790341578327443
height: 0.03465982028241335
Area: 0.00032205826986668603
CentroidX: 0.5868
CentroidY: 0.7751
