Location: 2025-04-16_190055-1.png_Mean-Medain.png
Component: component_1744832837407_364.png
centerX: 0.7567726737338045
centerY: 0.5840821566110398
width: 0.02237926972909305
height: 0.031664527171587506
Area: 0.00032987032492605005
CentroidX: 0.7662
CentroidY: 0.5976
