Location: 2025-04-16_190055-1.png_Mean-Medain.png
Component: component_1744832837330_39.png
centerX: 0.4829210836277974
centerY: 0.04835258878904578
width: 0.02061248527679623
height: 0.030380830124090714
Area: 0.00027921796792823795
CentroidX: 0.4927
CentroidY: 0.0617
