Location: 2025-04-16_190055-1.png_Gaussian-Median.png
Component: component_1744832837844_505.png
centerX: 0.6978798586572438
centerY: 0.7916131792896877
width: 0.019434628975265017
height: 0.03380402225074882
Area: 0.00031727023612062417
CentroidX: 0.7058
CentroidY: 0.8066
