Location: 2025-04-16_190055-1.png_Mean-Medain.png
Component: component_1744832837371_219.png
centerX: 0.5129564193168433
centerY: 0.34445870774497217
width: 0.021790341578327443
height: 0.03337612323491656
Area: 0.00030164612600189607
CentroidX: 0.5213
CentroidY: 0.3587
