Location: 2025-04-16_190055-1.png_Gaussian-Median.png
Component: component_1744832837826_419.png
centerX: 0.7373380447585395
centerY: 0.6730851519041506
width: 0.021790341578327443
height: 0.03209242618741977
Area: 0.0002925740620619894
CentroidX: 0.7456
CentroidY: 0.6868
