Location: 2025-04-16_190055-1.png_Mean-Medain.png
Component: component_1744832837396_322.png
centerX: 0.4581861012956419
centerY: 0.5117672229353872
width: 0.024146054181389872
height: 0.03123662815575524
Area: 0.0003482664545819719
CentroidX: 0.4685
CentroidY: 0.5262
