Location: 2025-04-16_190055-1.png_Gaussian-Median.png
Component: component_1744832837824_411.png
centerX: 0.9428739693757362
centerY: 0.6602481814291827
width: 0.01884570082449941
height: 0.03080872913992298
Area: 0.0002814859839132146
CentroidX: 0.9502
CentroidY: 0.6733
