Location: 2025-04-16_190055-1.png_Mean-Medain.png
Component: component_1744832837394_315.png
centerX: 0.826266195524146
centerY: 0.49978605049208386
width: 0.023557126030624265
height: 0.03551561831407788
Area: 0.0003512904758952741
CentroidX: 0.8356
CentroidY: 0.5151
