Location: 2025-04-16_190055-1.png_Gaussian-Median.png
Component: component_1744832837792_328.png
centerX: 0.12426383981154299
centerY: 0.5228925973470261
width: 0.02767962308598351
height: 0.02995293110825845
Area: 0.0003452424332686697
CentroidX: 0.1367
CentroidY: 0.5351
