Location: 2025-04-16_190055-1.png_Gaussian-Median.png
Component: component_1744832837714_27.png
centerX: 0.0535924617196702
centerY: 0.044929396662387676
width: 0.0176678445229682
height: 0.028241335044929396
Area: 0.0002477177459146732
CentroidX: 0.0609
CentroidY: 0.0580
