Location: 2025-04-16_190055-1.png_Mean-Medain.png
Component: component_1744832837385_279.png
centerX: 0.20789163722025913
centerY: 0.4338896020539153
width: 0.022968197879858657
height: 0.02995293110825845
Area: 0.0003265943018366393
CentroidX: 0.2184
CentroidY: 0.4462
