Location: 2025-04-16_190055-1.png_Gaussian-Median.png
Component: component_1744832837822_399.png
centerX: 0.4958775029446408
centerY: 0.6414206247325631
width: 0.020023557126030624
height: 0.031664527171587506
Area: 0.00030895417750904307
CentroidX: 0.5036
CentroidY: 0.6553
