Location: 2025-04-16_190055-1.png_Gaussian-Median.png
Component: component_1744832837710_15.png
centerX: 0.8197879858657244
centerY: 0.011553273427471117
width: 0.019434628975265017
height: 0.02995293110825845
Area: 0.0002698939022122228
CentroidX: 0.8276
CentroidY: 0.0257
