Location: 2025-04-16_190055-1.png_Gaussian-Median.png
Component: component_1744832837822_398.png
centerX: 0.428150765606596
centerY: 0.6405648267008985
width: 0.02237926972909305
height: 0.03551561831407788
Area: 0.00034347842083591005
CentroidX: 0.4377
CentroidY: 0.6554
