Location: 2025-04-16_190055-1.png_Mean-Medain.png
Component: component_1744832837433_473.png
centerX: 0.8280329799764429
centerY: 0.7458279845956355
width: 0.021790341578327443
height: 0.0329482242190843
Area: 0.0002978660993602683
CentroidX: 0.8368
CentroidY: 0.7593
