Location: 2025-04-16_190055-1.png_Mean-Medain.png
Component: component_1744832837445_529.png
centerX: 0.8209658421672555
centerY: 0.8232777064612752
width: 0.023557126030624265
height: 0.030380830124090714
Area: 0.0003160102272400816
CentroidX: 0.8312
CentroidY: 0.8360
