Location: 2025-04-16_190055-1.png_Mean-Medain.png
Component: component_1744832837381_263.png
centerX: 0.7402826855123675
centerY: 0.4150620453572957
width: 0.025323910482921083
height: 0.03551561831407788
Area: 0.0003641425664768085
CentroidX: 0.7515
CentroidY: 0.4307
