Location: 2025-04-16_190055-1.png_Mean-Medain.png
Component: component_1744832837366_197.png
centerX: 0.22084805653710246
centerY: 0.3025246041934104
width: 0.02061248527679623
height: 0.029097133076593923
Area: 0.0002862740176592765
CentroidX: 0.2298
CentroidY: 0.3161
