Location: 2025-04-16_190055-1.png_Mean-Medain.png
Component: component_1744832837421_430.png
centerX: 0.38574793875147234
centerY: 0.686777920410783
width: 0.021790341578327443
height: 0.030380830124090714
Area: 0.0002948420780469661
CentroidX: 0.3957
CentroidY: 0.6993
