Location: 2025-04-16_190055-1.png_Gaussian-Median.png
Component: component_1744832837827_422.png
centerX: 0.5565371024734982
centerY: 0.6773641420624733
width: 0.024734982332155476
height: 0.03337612323491656
Area: 0.00031979025388170936
CentroidX: 0.5664
CentroidY: 0.6914
