Location: 2025-04-16_190055-1.png_Gaussian-Median.png
Component: component_1744832837729_74.png
centerX: 0.9098939929328622
centerY: 0.12409071459135644
width: 0.019434628975265017
height: 0.029525032092426188
Area: 0.0002698939022122228
CentroidX: 0.9180
CentroidY: 0.1386
