Location: 2025-04-16_190055-1.png_Mean-Medain.png
Component: component_1744832837455_577.png
centerX: 0.8957597173144877
centerY: 0.8990158322635858
width: 0.019434628975265017
height: 0.03551561831407788
Area: 0.00033793438176152264
CentroidX: 0.9034
CentroidY: 0.9147
