Location: 2025-04-16_190055-1.png_Mean-Medain.png
Component: component_1744832837410_378.png
centerX: 0.2756183745583039
centerY: 0.6106118955926402
width: 0.028268551236749116
height: 0.02781343602909713
Area: 0.00035179447944749115
CentroidX: 0.2878
CentroidY: 0.6225
