Location: 2025-04-16_190055-1.png_Mean-Medain.png
Component: component_1744832837356_152.png
centerX: 0.7709069493521791
centerY: 0.25331621737270005
width: 0.025323910482921083
height: 0.03508771929824561
Area: 0.00033365035156767786
CentroidX: 0.7821
CentroidY: 0.2681
