Location: 2025-04-16_190055-1.png_Mean-Medain.png
Component: component_1744832837331_46.png
centerX: 0.7897526501766784
centerY: 0.05006418485237484
width: 0.02120141342756184
height: 0.02995293110825845
Area: 0.0002799739732565635
CentroidX: 0.7993
CentroidY: 0.0629
