Location: 2025-04-16_190055-1.png_Gaussian-Median.png
Component: component_1744832837734_98.png
centerX: 0.5235571260306242
centerY: 0.16645271715875054
width: 0.024146054181389872
height: 0.03123662815575524
Area: 0.00029459007627085753
CentroidX: 0.5331
CentroidY: 0.1801
