Location: 2025-04-16_190055-1.png_Gaussian-Median.png
Component: component_1744832837754_170.png
centerX: 0.9240282685512368
centerY: 0.2901155327342747
width: 0.02120141342756184
height: 0.03123662815575524
Area: 0.00027392593062995906
CentroidX: 0.9328
CentroidY: 0.3034
