Location: 2025-04-16_190055-1.png_Mean-Medain.png
Component: component_1744832837450_552.png
centerX: 0.07479387514723204
centerY: 0.8617886178861789
width: 0.027090694935217905
height: 0.02738553701326487
Area: 0.0003611185451635063
CentroidX: 0.0871
CentroidY: 0.8734
