Location: 2025-04-16_190055-1.png_Mean-Medain.png
Component: component_1744832837354_143.png
centerX: 0.5482921083627798
centerY: 0.2160890029952931
width: 0.02120141342756184
height: 0.032520325203252036
Area: 0.00027921796792823795
CentroidX: 0.5570
CentroidY: 0.2297
