Location: 2025-04-16_190055-1.png_Gaussian-Median.png
Component: component_1744832837970_526.png
centerX: 0.911660777385159
centerY: 0.8185708172871202
width: 0.030624263839811542
height: 0.030380830124090714
Area: 0.0003724586250883896
CentroidX: 0.9251
CentroidY: 0.8312
