Location: 2025-04-16_190055-1.png_Mean-Medain.png
Component: component_1744832837331_44.png
centerX: 0.44051825677267376
centerY: 0.049636285836542574
width: 0.02120141342756184
height: 0.030380830124090714
Area: 0.0002628378524811843
CentroidX: 0.4500
CentroidY: 0.0622
