Location: 2025-04-16_190055-1.png_Mean-Medain.png
Component: component_1744832837407_366.png
centerX: 0.6819787985865724
centerY: 0.5875053487376979
width: 0.02591283863368669
height: 0.03380402225074882
Area: 0.0003550705025369019
CentroidX: 0.6934
CentroidY: 0.6011
