Location: 2025-04-16_190055-1.png_Mean-Medain.png
Component: component_1744832837436_493.png
centerX: 0.15783274440518258
centerY: 0.7757809157038938
width: 0.023557126030624265
height: 0.030380830124090714
Area: 0.00030693816330017496
CentroidX: 0.1695
CentroidY: 0.7884
