Location: 2025-04-16_190055-1.png_Mean-Medain.png
Component: component_1744832837403_352.png
centerX: 0.39752650176678445
centerY: 0.5635430038510911
width: 0.02061248527679623
height: 0.02995293110825845
Area: 0.0002925740620619894
CentroidX: 0.4061
CentroidY: 0.5760
