Location: 2025-04-16_190055-1.png_Mean-Medain.png
Component: component_1744832837455_576.png
centerX: 0.07361601884570082
centerY: 0.8981600342319213
width: 0.025323910482921083
height: 0.02781343602909713
Area: 0.0003472584474775378
CentroidX: 0.0857
CentroidY: 0.9097
