Location: 2025-04-16_190055-1.png_Mean-Medain.png
Component: component_1744832837436_492.png
centerX: 0.23616018845700826
centerY: 0.7736414206247325
width: 0.021790341578327443
height: 0.02866923406076166
Area: 0.00027694995194326127
CentroidX: 0.2455
CentroidY: 0.7859
