Location: 2025-04-16_190055-1.png_Gaussian-Median.png
Component: component_1744832837777_279.png
centerX: 0.07420494699646643
centerY: 0.4373127941805734
width: 0.021790341578327443
height: 0.03209242618741977
Area: 0.000328862317821616
CentroidX: 0.0844
CentroidY: 0.4507
