Location: 2025-04-16_190055-1.png_Mean-Medain.png
Component: component_1744832837427_445.png
centerX: 0.7785630153121319
centerY: 0.707744972186564
width: 0.023557126030624265
height: 0.03209242618741977
Area: 0.00030139412422578756
CentroidX: 0.7890
CentroidY: 0.7214
