Location: easy21_Mean-Medain.png
Component: component_1744297381150_1199.png
centerX: 0.5717741935483871
centerY: 0.8840996168582376
width: 0.017741935483870968
height: 0.022509578544061302
Area: 0.00016762452107279692
CentroidX: 0.5782
CentroidY: 0.8925
