Location: 2025-04-16_190055-1.png_Mean-Medain.png
Component: component_1744832837327_27.png
centerX: 0.7791519434628975
centerY: 0.013692768506632435
width: 0.02120141342756184
height: 0.030380830124090714
Area: 0.0002925740620619894
CentroidX: 0.7886
CentroidY: 0.0276
