Location: 2025-04-16_190055-1.png_Gaussian-Median.png
Component: component_1744832837784_299.png
centerX: 0.2868080094228504
centerY: 0.4771074026529739
width: 0.024734982332155476
height: 0.032520325203252036
Area: 0.00034373042261201856
CentroidX: 0.2970
CentroidY: 0.4909
