Location: 2025-04-16_190055-1.png_Mean-Medain.png
Component: component_1744832837402_347.png
centerX: 0.4293286219081272
centerY: 0.5579803166452717
width: 0.02061248527679623
height: 0.03337612323491656
Area: 0.0003185302450011668
CentroidX: 0.4377
CentroidY: 0.5722
