Location: 2025-04-16_190055-1.png_Mean-Medain.png
Component: component_1744832837449_546.png
centerX: 0.24617196702002356
centerY: 0.8540864356011981
width: 0.025323910482921083
height: 0.030380830124090714
Area: 0.0003583465256263126
CentroidX: 0.2586
CentroidY: 0.8672
