Location: 2025-04-16_190055-1.png_Mean-Medain.png
Component: component_1744832837447_541.png
centerX: 0.4193168433451119
centerY: 0.8463842533162174
width: 0.023557126030624265
height: 0.03123662815575524
Area: 0.00035431449720857634
CentroidX: 0.4297
CentroidY: 0.8597
