Location: 2025-04-16_190055-1.png_Mean-Medain.png
Component: component_1744832837444_527.png
centerX: 0.850412249705536
centerY: 0.8207103123662816
width: 0.021790341578327443
height: 0.031664527171587506
Area: 0.00031979025388170936
CentroidX: 0.8596
CentroidY: 0.8349
