Location: 2025-04-16_190055-1.png_Mean-Medain.png
Component: component_1744832837461_596.png
centerX: 0.3869257950530035
centerY: 0.9358151476251605
width: 0.024146054181389872
height: 0.02866923406076166
Area: 0.00033062633025437565
CentroidX: 0.3975
CentroidY: 0.9485
