Location: 2025-04-16_190055-1.png_Mean-Medain.png
Component: component_1744832837416_404.png
centerX: 0.3280329799764429
centerY: 0.6495507060333762
width: 0.022968197879858657
height: 0.036799315361574665
Area: 0.0003578425220740956
CentroidX: 0.3379
CentroidY: 0.6651
