Location: 2025-04-16_190055-1.png_Mean-Medain.png
Component: component_1744832837355_146.png
centerX: 0.9440518256772674
centerY: 0.24775353016688062
width: 0.02591283863368669
height: 0.0329482242190843
Area: 0.00030996218461347717
CentroidX: 0.9558
CentroidY: 0.2612
