Location: easy26_Mean-Closing.png
Component: component_1744297381976_136.png
centerX: 0.7806451612903226
centerY: 0.10057471264367816
width: 0.016129032258064516
height: 0.0210727969348659
Area: 0.00014290569768879002
CentroidX: 0.7864
CentroidY: 0.1088
