Location: 2025-04-16_190055-1.png_Mean-Medain.png
Component: component_1744832837416_406.png
centerX: 0.25559481743227325
centerY: 0.654257595207531
width: 0.02237926972909305
height: 0.03337612323491656
Area: 0.0003344063568960034
CentroidX: 0.2653
CentroidY: 0.6679
