Location: 2025-04-16_190055-1.png_Gaussian-Median.png
Component: component_1744832837842_497.png
centerX: 0.11837455830388692
centerY: 0.7774925117672229
width: 0.02237926972909305
height: 0.031664527171587506
Area: 0.0003205462592100349
CentroidX: 0.1281
CentroidY: 0.7911
