Location: 2025-04-16_190055-1.png_Gaussian-Median.png
Component: component_1744832837758_188.png
centerX: 0.3032979976442874
centerY: 0.3008130081300813
width: 0.021790341578327443
height: 0.03380402225074882
Area: 0.0003316343373588097
CentroidX: 0.3122
CentroidY: 0.3158
