Location: 2025-04-16_190055-1.png_Mean-Medain.png
Component: component_1744832837342_90.png
centerX: 0.565959952885748
centerY: 0.12751390671801455
width: 0.022968197879858657
height: 0.02995293110825845
Area: 0.0002572938134067969
CentroidX: 0.5745
CentroidY: 0.1406
