Location: 2025-04-16_190055-1.png_Mean-Medain.png
Component: component_1744832837459_589.png
centerX: 0.5435806831566549
centerY: 0.9238339751818571
width: 0.025323910482921083
height: 0.03380402225074882
Area: 0.00037019060910341295
CentroidX: 0.5543
CentroidY: 0.9383
