Location: 2025-04-16_190055-1.png_Mean-Medain.png
Component: component_1744832837453_567.png
centerX: 0.46819787985865724
centerY: 0.8844672657252889
width: 0.024734982332155476
height: 0.03080872913992298
Area: 0.0003127342041506709
CentroidX: 0.4788
CentroidY: 0.8972
