Location: 2025-04-16_190055-1.png_Mean-Medain.png
Component: component_1744832837355_148.png
centerX: 0.8739693757361602
centerY: 0.25203252032520324
width: 0.02120141342756184
height: 0.0329482242190843
Area: 0.000286526019435385
CentroidX: 0.8835
CentroidY: 0.2668
