Location: 2025-04-16_190055-1.png_Mean-Medain.png
Component: component_1744832837400_339.png
centerX: 0.7326266195524146
centerY: 0.5412922550278134
width: 0.02767962308598351
height: 0.031664527171587506
Area: 0.0003623785540440489
CentroidX: 0.7451
CentroidY: 0.5545
