Location: 2025-04-16_190055-1.png_Gaussian-Median.png
Component: component_1744832837805_385.png
centerX: 0.9128386336866903
centerY: 0.6161745827984596
width: 0.022968197879858657
height: 0.03465982028241335
Area: 0.000329366321373833
CentroidX: 0.9222
CentroidY: 0.6304
