Location: 2025-04-16_190055-1.png_Gaussian-Median.png
Component: component_1744832837785_305.png
centerX: 0.10895170789163722
centerY: 0.4839537869062901
width: 0.022968197879858657
height: 0.03209242618741977
Area: 0.0003452424332686697
CentroidX: 0.1192
CentroidY: 0.4980
