Location: 2025-04-16_190055-1.png_Mean-Medain.png
Component: component_1744832837347_109.png
centerX: 0.7685512367491166
centerY: 0.1681643132220796
width: 0.022968197879858657
height: 0.03123662815575524
Area: 0.00030945818106126015
CentroidX: 0.7785
CentroidY: 0.1816
