Location: 2025-04-16_190055-1.png_Gaussian-Median.png
Component: component_1744832837758_190.png
centerX: 0.6978798586572438
centerY: 0.3008130081300813
width: 0.02767962308598351
height: 0.03080872913992298
Area: 0.00030996218461347717
CentroidX: 0.7095
CentroidY: 0.3143
