Location: 2025-04-16_190055-1.png_Mean-Medain.png
Component: component_1744832837445_528.png
centerX: 0.044169611307420496
centerY: 0.8228498074454429
width: 0.019434628975265017
height: 0.02738553701326487
Area: 0.00029585008515140015
CentroidX: 0.0531
CentroidY: 0.8356
