Location: 2025-04-16_190055-1.png_Mean-Medain.png
Component: component_1744832837404_355.png
centerX: 0.08186101295641932
centerY: 0.5695335900727428
width: 0.027090694935217905
height: 0.030380830124090714
Area: 0.0003593545327307467
CentroidX: 0.0936
CentroidY: 0.5823
