Location: 2025-04-16_190055-1.png_Mean-Medain.png
Component: component_1744832837424_436.png
centerX: 0.07832744405182568
centerY: 0.6974753958065897
width: 0.024146054181389872
height: 0.03080872913992298
Area: 0.00032961832314994154
CentroidX: 0.0882
CentroidY: 0.7102
