Location: 2025-04-16_190055-1.png_Gaussian-Median.png
Component: component_1744832837766_229.png
centerX: 0.9257950530035336
centerY: 0.3684210526315789
width: 0.021790341578327443
height: 0.02995293110825845
Area: 0.00028476200700262535
CentroidX: 0.9347
CentroidY: 0.3802
