Location: 2025-04-16_190055-1.png_Gaussian-Median.png
Component: component_1744832838037_560.png
centerX: 0.7820965842167256
centerY: 0.8677792041078306
width: 0.01884570082449941
height: 0.031664527171587506
Area: 0.0002867780212114935
CentroidX: 0.7895
CentroidY: 0.8817
