Location: 2025-04-16_190055-1.png_Gaussian-Median.png
Component: component_1744832837731_83.png
centerX: 0.10129564193168433
centerY: 0.1279418057338468
width: 0.020023557126030624
height: 0.03080872913992298
Area: 0.00029736209580805123
CentroidX: 0.1096
CentroidY: 0.1422
