Location: 2025-04-16_190055-1.png_Gaussian-Median.png
Component: component_1744832837839_477.png
centerX: 0.7520612485276796
centerY: 0.7505348737697903
width: 0.022968197879858657
height: 0.03080872913992298
Area: 0.0003530544883280337
CentroidX: 0.7616
CentroidY: 0.7639
