Location: 2025-04-16_190055-1.png_Gaussian-Median.png
Component: component_1744832837717_34.png
centerX: 0.35983510011778563
centerY: 0.04792468977321352
width: 0.02237926972909305
height: 0.0329482242190843
Area: 0.0002993781100169194
CentroidX: 0.3699
CentroidY: 0.0623
