Location: 2025-04-16_190055-1.png_Mean-Medain.png
Component: component_1744832837329_36.png
centerX: 0.8769140164899882
centerY: 0.047068891741549
width: 0.022968197879858657
height: 0.032520325203252036
Area: 0.0003119781988223453
CentroidX: 0.8865
CentroidY: 0.0618
