Location: 2025-04-16_190055-1.png_Gaussian-Median.png
Component: component_1744832837738_115.png
centerX: 0.6460541813898705
centerY: 0.1715875053487377
width: 0.024734982332155476
height: 0.02738553701326487
Area: 0.0002600658329439906
CentroidX: 0.6562
CentroidY: 0.1832
