Location: 2025-04-16_190055-1.png_Mean-Medain.png
Component: component_1744832837462_602.png
centerX: 0.30212014134275617
centerY: 0.9379546427043218
width: 0.024734982332155476
height: 0.03080872913992298
Area: 0.00036515057358124263
CentroidX: 0.3123
CentroidY: 0.9509
