Location: 2025-04-16_190055-1.png_Mean-Medain.png
Component: component_1744832837395_316.png
centerX: 0.7538280329799765
centerY: 0.5010697475395807
width: 0.02120141342756184
height: 0.03508771929824561
Area: 0.0003026541331063301
CentroidX: 0.7620
CentroidY: 0.5166
