Location: 2025-04-16_190055-1.png_Gaussian-Median.png
Component: component_1744832837829_428.png
centerX: 0.4210836277974087
centerY: 0.6846384253316218
width: 0.025323910482921083
height: 0.03209242618741977
Area: 0.0003510384741191656
CentroidX: 0.4315
CentroidY: 0.6979
