Location: 2025-04-16_190055-1.png_Mean-Medain.png
Component: component_1744832837378_252.png
centerX: 0.212603062426384
centerY: 0.3923833975181857
width: 0.022968197879858657
height: 0.03380402225074882
Area: 0.0003238222822994456
CentroidX: 0.2216
CentroidY: 0.4072
