Location: 2025-04-16_190055-1.png_Mean-Medain.png
Component: component_1744832837417_409.png
centerX: 0.15488810365135453
centerY: 0.6572528883183568
width: 0.022968197879858657
height: 0.030380830124090714
Area: 0.0003311303338065927
CentroidX: 0.1647
CentroidY: 0.6698
