Location: 2025-04-16_190055-1.png_Mean-Medain.png
Component: component_1744832837340_81.png
centerX: 0.22968197879858657
centerY: 0.1258023106546855
width: 0.021790341578327443
height: 0.03337612323491656
Area: 0.0003157582254639731
CentroidX: 0.2399
CentroidY: 0.1427
