Location: 2025-04-16_190055-1.png_Gaussian-Median.png
Component: component_1744832837740_123.png
centerX: 0.37220259128386335
centerY: 0.20967051775780915
width: 0.022968197879858657
height: 0.03080872913992298
Area: 0.00027946996970434646
CentroidX: 0.3822
CentroidY: 0.2238
