Location: 2025-04-16_190055-1.png_Mean-Medain.png
Component: component_1744832837343_93.png
centerX: 0.2750294464075383
centerY: 0.13008130081300814
width: 0.01707891637220259
height: 0.029097133076593923
Area: 0.00022806160737820881
CentroidX: 0.2818
CentroidY: 0.1440
