Location: 2025-04-16_190055-1.png_Mean-Medain.png
Component: component_1744832837456_579.png
centerX: 0.04004711425206125
centerY: 0.9011553273427471
width: 0.02061248527679623
height: 0.029525032092426188
Area: 0.000307442166852392
CentroidX: 0.0494
CentroidY: 0.9150
