Location: 2025-04-16_190055-1.png_Gaussian-Median.png
Component: component_1744832838069_608.png
centerX: 0.07714958775029446
centerY: 0.9375267436884895
width: 0.02120141342756184
height: 0.030380830124090714
Area: 0.0003018981277780046
CentroidX: 0.0858
CentroidY: 0.9510
