Location: 2025-04-16_190055-1.png_Gaussian-Median.png
Component: component_1744832837736_106.png
centerX: 0.7691401648998822
centerY: 0.1681643132220796
width: 0.02237926972909305
height: 0.03123662815575524
Area: 0.00030391414198687274
CentroidX: 0.7786
CentroidY: 0.1816
