Location: 2025-04-16_190055-1.png_Mean-Medain.png
Component: component_1744832837385_278.png
centerX: 0.2408716136631331
centerY: 0.433461703038083
width: 0.02120141342756184
height: 0.02866923406076166
Area: 0.0002918180567336639
CentroidX: 0.2503
CentroidY: 0.4455
