Location: 2025-04-16_190055-1.png_Gaussian-Median.png
Component: component_1744832837803_374.png
centerX: 0.46760895170789163
centerY: 0.6011981172443304
width: 0.02944640753828033
height: 0.03080872913992298
Area: 0.00039740680092313293
CentroidX: 0.4806
CentroidY: 0.6137
