Location: 2025-04-16_190055-1.png_Mean-Medain.png
Component: component_1744832837463_609.png
centerX: 0.765017667844523
centerY: 0.9520753102267865
width: 0.019434628975265017
height: 0.032520325203252036
Area: 0.0003328943462393523
CentroidX: 0.7732
CentroidY: 0.9663
