Location: 2025-04-16_190055-1.png_Mean-Medain.png
Component: component_1744832837332_51.png
centerX: 0.7479387514723204
centerY: 0.051347881899871634
width: 0.024146054181389872
height: 0.029525032092426188
Area: 0.00030895417750904307
CentroidX: 0.7589
CentroidY: 0.0642
