Location: 2025-04-16_190055-1.png_Gaussian-Median.png
Component: component_1744832837711_21.png
centerX: 0.9352179034157833
centerY: 0.013264869490800172
width: 0.02237926972909305
height: 0.028241335044929396
Area: 0.00027190991642109095
CentroidX: 0.9451
CentroidY: 0.0260
