Location: 2025-04-16_190055-1.png_Gaussian-Median.png
Component: component_1744832837795_338.png
centerX: 0.6919905771495878
centerY: 0.542148053059478
width: 0.026501766784452298
height: 0.03209242618741977
Area: 0.0003538104936563593
CentroidX: 0.7040
CentroidY: 0.5554
