Location: 2025-04-16_190055-1.png_Gaussian-Median.png
Component: component_1744832837724_57.png
centerX: 0.6590106007067138
centerY: 0.08557980316645272
width: 0.02237926972909305
height: 0.029525032092426188
Area: 0.00030618215797184936
CentroidX: 0.6677
CentroidY: 0.0996
