Location: 2025-04-16_190055-1.png_Gaussian-Median.png
Component: component_1744832837774_262.png
centerX: 0.5506478209658422
centerY: 0.41805733846812154
width: 0.025323910482921083
height: 0.03080872913992298
Area: 0.0003318863391349182
CentroidX: 0.5621
CentroidY: 0.4308
