Location: 2025-04-16_190055-1.png_Mean-Medain.png
Component: component_1744832837374_235.png
centerX: 0.7603062426383981
centerY: 0.3769790329482242
width: 0.021790341578327443
height: 0.02995293110825845
Area: 0.00027694995194326127
CentroidX: 0.7700
CentroidY: 0.3899
