Location: 2025-04-16_190055-1.png_Gaussian-Median.png
Component: component_1744832837751_159.png
centerX: 0.7290930506478209
centerY: 0.25673940949935814
width: 0.02237926972909305
height: 0.03337612323491656
Area: 0.00030996218461347717
CentroidX: 0.7375
CentroidY: 0.2709
