Location: 2025-04-16_190055-1.png_Gaussian-Median.png
Component: component_1744832837836_469.png
centerX: 0.04534746760895171
centerY: 0.7406931964056482
width: 0.016489988221436984
height: 0.026529738981600343
Area: 0.00016405315624664523
CentroidX: 0.0520
CentroidY: 0.7518
