Location: 2025-04-16_190055-1.png_Gaussian-Median.png
Component: component_1744832837801_362.png
centerX: 0.7567726737338045
centerY: 0.5840821566110398
width: 0.02237926972909305
height: 0.031664527171587506
Area: 0.00032558629473220527
CentroidX: 0.7661
CentroidY: 0.5976
