Location: 2025-04-16_190055-1.png_Mean-Medain.png
Component: component_1744832837463_607.png
centerX: 0.8021201413427562
centerY: 0.9486521181001284
width: 0.023557126030624265
height: 0.03465982028241335
Area: 0.00038379870501327294
CentroidX: 0.8118
CentroidY: 0.9642
