Location: 2025-04-16_190055-1.png_Gaussian-Median.png
Component: component_1744832837842_496.png
centerX: 0.19905771495877503
centerY: 0.7753530166880617
width: 0.023557126030624265
height: 0.029097133076593923
Area: 0.00030114212244967904
CentroidX: 0.2091
CentroidY: 0.7880
