Location: 2025-04-16_190055-1.png_Gaussian-Median.png
Component: component_1744832837987_530.png
centerX: 0.044169611307420496
centerY: 0.8228498074454429
width: 0.019434628975265017
height: 0.02738553701326487
Area: 0.0002867780212114935
CentroidX: 0.0530
CentroidY: 0.8356
