Location: 2025-04-16_190055-1.png_Gaussian-Median.png
Component: component_1744832837754_171.png
centerX: 0.8586572438162544
centerY: 0.2939666238767651
width: 0.025323910482921083
height: 0.03080872913992298
Area: 0.0002968580922558342
CentroidX: 0.8699
CentroidY: 0.3071
