Location: 2025-04-16_190055-1.png_Gaussian-Median.png
Component: component_1744832837838_473.png
centerX: 0.8280329799764429
centerY: 0.7458279845956355
width: 0.021790341578327443
height: 0.0329482242190843
Area: 0.00029837010291248534
CentroidX: 0.8368
CentroidY: 0.7593
