Location: 2025-04-16_190055-1.png_Gaussian-Median.png
Component: component_1744832837751_157.png
centerX: 0.2061248527679623
centerY: 0.2558836114676936
width: 0.02061248527679623
height: 0.02995293110825845
Area: 0.0002646018649139439
CentroidX: 0.2147
CentroidY: 0.2689
