Location: 2025-04-16_190055-1.png_Mean-Medain.png
Component: component_1744832837398_331.png
centerX: 0.0812720848056537
centerY: 0.5237483953786907
width: 0.024146054181389872
height: 0.03423192126658109
Area: 0.0003442344261642356
CentroidX: 0.0917
CentroidY: 0.5386
