Location: 2025-04-16_190055-1.png_Mean-Medain.png
Component: component_1744832837402_350.png
centerX: 0.2479387514723204
centerY: 0.5622593068035944
width: 0.022968197879858657
height: 0.03508771929824561
Area: 0.0003371783764331971
CentroidX: 0.2581
CentroidY: 0.5771
