Location: 2025-04-16_190055-1.png_Gaussian-Median.png
Component: component_1744832837801_364.png
centerX: 0.6819787985865724
centerY: 0.5875053487376979
width: 0.02591283863368669
height: 0.03380402225074882
Area: 0.00035154247767138264
CentroidX: 0.6934
CentroidY: 0.6011
