Location: 2025-04-16_190055-1.png_Gaussian-Median.png
Component: component_1744832838071_618.png
centerX: 0.7255594817432274
centerY: 0.9563543003851092
width: 0.021790341578327443
height: 0.029525032092426188
Area: 0.0003155062236878646
CentroidX: 0.7351
CentroidY: 0.9691
