Location: 2025-04-16_190055-1.png_Gaussian-Median.png
Component: component_1744832837762_209.png
centerX: 0.6354534746760895
centerY: 0.3427471116816431
width: 0.023557126030624265
height: 0.02866923406076166
Area: 0.0002923220602858809
CentroidX: 0.6451
CentroidY: 0.3560
