Location: 2025-04-16_190055-1.png_Mean-Medain.png
Component: component_1744832837363_180.png
centerX: 0.04711425206124853
centerY: 0.2991014120667522
width: 0.021790341578327443
height: 0.03465982028241335
Area: 0.0002787139643760209
CentroidX: 0.0560
CentroidY: 0.3138
