Location: 2025-04-16_190055-1.png_Gaussian-Median.png
Component: component_1744832837761_204.png
centerX: 0.6048292108362779
centerY: 0.34146341463414637
width: 0.023557126030624265
height: 0.032520325203252036
Area: 0.00029837010291248534
CentroidX: 0.6145
CentroidY: 0.3555
