Location: 2025-04-16_190055-1.png_Gaussian-Median.png
Component: component_1744832837730_82.png
centerX: 0.05535924617196702
centerY: 0.12751390671801455
width: 0.023557126030624265
height: 0.03380402225074882
Area: 0.00031122219349401974
CentroidX: 0.0660
CentroidY: 0.1426
