Location: 2025-04-16_190055-1.png_Gaussian-Median.png
Component: component_1744832837787_311.png
centerX: 0.8633686690223793
centerY: 0.4993581514762516
width: 0.023557126030624265
height: 0.03209242618741977
Area: 0.0003049221490913068
CentroidX: 0.8733
CentroidY: 0.5130
