Location: 2025-04-16_190055-1.png_Gaussian-Median.png
Component: component_1744832837757_184.png
centerX: 0.07832744405182568
centerY: 0.30038510911424904
width: 0.02120141342756184
height: 0.03123662815575524
Area: 0.00026334185603340133
CentroidX: 0.0874
CentroidY: 0.3146
