Location: 2025-04-16_190055-1.png_Gaussian-Median.png
Component: component_1744832837764_217.png
centerX: 0.11307420494699646
centerY: 0.3453145057766367
width: 0.02061248527679623
height: 0.032520325203252036
Area: 0.00030391414198687274
CentroidX: 0.1212
CentroidY: 0.3593
