Location: 2025-04-16_190055-1.png_Gaussian-Median.png
Component: component_1744832837739_119.png
centerX: 0.34275618374558303
centerY: 0.2092426187419769
width: 0.02120141342756184
height: 0.02866923406076166
Area: 0.00027367392885385054
CentroidX: 0.3517
CentroidY: 0.2220
