Location: 2025-04-16_190055-1.png_Gaussian-Median.png
Component: component_1744832837795_337.png
centerX: 0.7326266195524146
centerY: 0.5412922550278134
width: 0.02767962308598351
height: 0.031664527171587506
Area: 0.00036212655226794036
CentroidX: 0.7451
CentroidY: 0.5546
