Location: 2025-04-16_190055-1.png_Gaussian-Median.png
Component: component_1744832837756_180.png
centerX: 0.5064782096584217
centerY: 0.2995293110825845
width: 0.020023557126030624
height: 0.03423192126658109
Area: 0.00030719016507628347
CentroidX: 0.5147
CentroidY: 0.3140
