Location: 2025-04-16_190055-1.png_Mean-Medain.png
Component: component_1744832837388_291.png
centerX: 0.6301531213191991
centerY: 0.4595635430038511
width: 0.025323910482921083
height: 0.03337612323491656
Area: 0.0003258382965083138
CentroidX: 0.6409
CentroidY: 0.4746
