Location: 2025-04-16_190055-1.png_Gaussian-Median.png
Component: component_1744832837844_502.png
centerX: 0.8857479387514723
centerY: 0.7851946940522037
width: 0.024146054181389872
height: 0.03080872913992298
Area: 0.00030618215797184936
CentroidX: 0.8966
CentroidY: 0.7979
