Location: 2025-04-16_190055-1.png_Mean-Medain.png
Component: component_1744832837389_293.png
centerX: 0.591283863368669
centerY: 0.4617030380830124
width: 0.02061248527679623
height: 0.03337612323491656
Area: 0.00029811810113637683
CentroidX: 0.6005
CentroidY: 0.4762
