Location: 2025-04-16_190055-1.png_Gaussian-Median.png
Component: component_1744832837767_235.png
centerX: 0.7202591283863369
centerY: 0.37911852802738555
width: 0.025323910482921083
height: 0.02866923406076166
Area: 0.000307442166852392
CentroidX: 0.7327
CentroidY: 0.3912
