Location: 2025-04-16_190055-1.png_Mean-Medain.png
Component: component_1744832837403_353.png
centerX: 0.21201413427561838
centerY: 0.5643988018827557
width: 0.025323910482921083
height: 0.03594351732991014
Area: 0.00034902245991029745
CentroidX: 0.2233
CentroidY: 0.5796
