Location: 2025-04-16_190055-1.png_Gaussian-Median.png
Component: component_1744832837841_493.png
centerX: 0.270906949352179
centerY: 0.7732135216089003
width: 0.021790341578327443
height: 0.0329482242190843
Area: 0.0003258382965083138
CentroidX: 0.2812
CentroidY: 0.7879
