Location: 2025-04-16_190055-1.png_Gaussian-Median.png
Component: component_1744832837801_363.png
centerX: 0.7220259128386337
centerY: 0.5866495507060334
width: 0.022968197879858657
height: 0.03209242618741977
Area: 0.00034322641905980153
CentroidX: 0.7317
CentroidY: 0.5999
