Location: 2025-04-16_190055-1.png_Mean-Medain.png
Component: component_1744832837459_592.png
centerX: 0.42402826855123676
centerY: 0.9336756525459992
width: 0.025323910482921083
height: 0.029525032092426188
Area: 0.0003507864723430571
CentroidX: 0.4345
CentroidY: 0.9462
