Location: 2025-04-16_190055-1.png_Gaussian-Median.png
Component: component_1744832837763_214.png
centerX: 0.20965842167255594
centerY: 0.34403080872913994
width: 0.02237926972909305
height: 0.03380402225074882
Area: 0.00031424621480732195
CentroidX: 0.2187
CentroidY: 0.3589
