Location: 2025-04-16_190055-1.png_Mean-Medain.png
Component: component_1744832837419_422.png
centerX: 0.6283863368669023
centerY: 0.6756525459991441
width: 0.02120141342756184
height: 0.032520325203252036
Area: 0.0003182782432250583
CentroidX: 0.6374
CentroidY: 0.6895
