Location: 2025-04-16_190055-1.png_Mean-Medain.png
Component: component_1744832837430_460.png
centerX: 0.2767962308598351
centerY: 0.732135216089003
width: 0.024146054181389872
height: 0.029525032092426188
Area: 0.0003104661881656942
CentroidX: 0.2872
CentroidY: 0.7442
