Location: 2025-04-16_190055-1.png_Mean-Medain.png
Component: component_1744832837425_438.png
centerX: 0.2314487632508834
centerY: 0.6974753958065897
width: 0.024146054181389872
height: 0.03080872913992298
Area: 0.00033818638353763116
CentroidX: 0.2416
CentroidY: 0.7101
