Location: 2025-04-16_190055-1.png_Gaussian-Median.png
Component: component_1744832837742_127.png
centerX: 0.1967020023557126
centerY: 0.21138211382113822
width: 0.01884570082449941
height: 0.029097133076593923
Area: 0.00026510586846616093
CentroidX: 0.2052
CentroidY: 0.2254
