Location: 2025-04-16_190055-1.png_Mean-Medain.png
Component: component_1744832837438_499.png
centerX: 0.04299175500588928
centerY: 0.7813436029097133
width: 0.022968197879858657
height: 0.029525032092426188
Area: 0.0003260902982844223
CentroidX: 0.0527
CentroidY: 0.7940
