Location: 2025-04-16_190055-1.png_Gaussian-Median.png
Component: component_1744832837976_527.png
centerX: 0.8810365135453475
centerY: 0.8189987163029525
width: 0.024734982332155476
height: 0.03123662815575524
Area: 0.0003482664545819719
CentroidX: 0.8916
CentroidY: 0.8317
