Location: 2025-04-16_190055-1.png_Gaussian-Median.png
Component: component_1744832837709_13.png
centerX: 0.464075382803298
centerY: 0.010269576379974325
width: 0.02237926972909305
height: 0.028241335044929396
Area: 0.0002840060016742998
CentroidX: 0.4736
CentroidY: 0.0231
