Location: 2025-04-16_190055-1.png_Gaussian-Median.png
Component: component_1744832837834_460.png
centerX: 0.3121319199057715
centerY: 0.7308515190415062
width: 0.024146054181389872
height: 0.03123662815575524
Area: 0.00032231027164279454
CentroidX: 0.3227
CentroidY: 0.7437
