Location: 2025-04-16_190055-1.png_Mean-Medain.png
Component: component_1744832837440_505.png
centerX: 0.7950530035335689
centerY: 0.79204107830552
width: 0.021790341578327443
height: 0.02995293110825845
Area: 0.00030114212244967904
CentroidX: 0.8049
CentroidY: 0.8049
