Location: 2025-04-16_190055-1.png_Gaussian-Median.png
Component: component_1744832837713_26.png
centerX: 0.8992932862190812
centerY: 0.014976465554129225
width: 0.021790341578327443
height: 0.02866923406076166
Area: 0.00027367392885385054
CentroidX: 0.9090
CentroidY: 0.0272
