Location: 2025-04-16_190055-1.png_Gaussian-Median.png
Component: component_1744832837821_397.png
centerX: 0.5600706713780919
centerY: 0.6384253316217373
width: 0.02237926972909305
height: 0.0329482242190843
Area: 0.0003175222378967327
CentroidX: 0.5685
CentroidY: 0.6525
