Location: 2025-04-16_190055-1.png_Gaussian-Median.png
Component: component_1744832838032_542.png
centerX: 0.4534746760895171
centerY: 0.8446726572528883
width: 0.023557126030624265
height: 0.03123662815575524
Area: 0.0003414624066270419
CentroidX: 0.4637
CentroidY: 0.8571
