Location: 2025-04-16_190055-1.png_Gaussian-Median.png
Component: component_1744832837716_30.png
centerX: 0.2703180212014134
centerY: 0.04664099272571673
width: 0.02120141342756184
height: 0.03080872913992298
Area: 0.0003218062680905775
CentroidX: 0.2795
CentroidY: 0.0607
