Location: 2025-04-16_190055-1.png_Gaussian-Median.png
Component: component_1744832837805_386.png
centerX: 0.044169611307420496
centerY: 0.6170303808301241
width: 0.020023557126030624
height: 0.03380402225074882
Area: 0.0003205462592100349
CentroidX: 0.0521
CentroidY: 0.6313
