Location: 2025-04-16_190055-1.png_Gaussian-Median.png
Component: component_1744832837738_113.png
centerX: 0.5630153121319199
centerY: 0.1703038083012409
width: 0.024734982332155476
height: 0.02610183996576808
Area: 0.00024746574413856467
CentroidX: 0.5728
CentroidY: 0.1819
