Location: 2025-04-16_190055-1.png_Mean-Medain.png
Component: component_1744832837451_559.png
centerX: 0.7126030624263839
centerY: 0.8716302952503209
width: 0.020023557126030624
height: 0.03080872913992298
Area: 0.0002814859839132146
CentroidX: 0.7205
CentroidY: 0.8850
