Location: 2025-04-16_190055-1.png_Gaussian-Median.png
Component: component_1744832837753_168.png
centerX: 0.6584216725559482
centerY: 0.26144629867351304
width: 0.02237926972909305
height: 0.029097133076593923
Area: 0.000287030022987602
CentroidX: 0.6677
CentroidY: 0.2748
