Location: 2025-04-16_190055-1.png_Mean-Medain.png
Component: component_1744832837365_191.png
centerX: 0.3032979976442874
centerY: 0.3008130081300813
width: 0.021790341578327443
height: 0.03380402225074882
Area: 0.0003339023533437864
CentroidX: 0.3123
CentroidY: 0.3157
