Location: 2025-04-16_190055-1.png_Mean-Medain.png
Component: component_1744832837374_234.png
centerX: 0.7950530035335689
centerY: 0.3761232349165597
width: 0.02120141342756184
height: 0.030380830124090714
Area: 0.0002829979945698657
CentroidX: 0.8042
CentroidY: 0.3893
