Location: 2025-04-16_190055-1.png_Mean-Medain.png
Component: component_1744832837322_2.png
centerX: 0.03769140164899882
centerY: 0.0
width: 0.0447585394581861
height: 0.03123662815575524
Area: 0.00042739501228004656
CentroidX: 0.0661
CentroidY: 0.0119
