Location: 2025-04-16_190055-1.png_Gaussian-Median.png
Component: component_1744832837925_519.png
centerX: 0.32273262661955243
centerY: 0.8104407359863073
width: 0.02120141342756184
height: 0.029097133076593923
Area: 0.0002963540887036172
CentroidX: 0.3314
CentroidY: 0.8225
