Location: 2025-04-16_190055-1.png_Gaussian-Median.png
Component: component_1744832837791_323.png
centerX: 0.41460541813898705
centerY: 0.5139067180145486
width: 0.027090694935217905
height: 0.032520325203252036
Area: 0.000349778465238623
CentroidX: 0.4271
CentroidY: 0.5280
