Location: 2025-04-16_190055-1.png_Gaussian-Median.png
Component: component_1744832838038_569.png
centerX: 0.5465253239104829
centerY: 0.8806161745827985
width: 0.02061248527679623
height: 0.031664527171587506
Area: 0.0002966060904797257
CentroidX: 0.5550
CentroidY: 0.8945
