Location: 2025-04-16_190055-1.png_Mean-Medain.png
Component: component_1744832837336_69.png
centerX: 0.7585394581861012
centerY: 0.08729139922978177
width: 0.02120141342756184
height: 0.02738553701326487
Area: 0.00028602201588316797
CentroidX: 0.7671
CentroidY: 0.0998
