Location: 2025-04-16_190055-1.png_Gaussian-Median.png
Component: component_1744832837752_161.png
centerX: 0.1413427561837456
centerY: 0.25802310654685495
width: 0.019434628975265017
height: 0.02995293110825845
Area: 0.0002560338045262543
CentroidX: 0.1494
CentroidY: 0.2710
