Location: 2025-04-16_190055-1.png_Mean-Medain.png
Component: component_1744832837336_68.png
centerX: 0.23027090694935218
centerY: 0.08729139922978177
width: 0.024146054181389872
height: 0.0329482242190843
Area: 0.00033087833203048416
CentroidX: 0.2401
CentroidY: 0.1028
