Location: 2025-04-16_190055-1.png_Gaussian-Median.png
Component: component_1744832837823_403.png
centerX: 0.3280329799764429
centerY: 0.6495507060333762
width: 0.022968197879858657
height: 0.036799315361574665
Area: 0.00035431449720857634
CentroidX: 0.3379
CentroidY: 0.6651
