Location: 2025-04-16_190055-1.png_Gaussian-Median.png
Component: component_1744832837802_371.png
centerX: 0.4293286219081272
centerY: 0.5994865211810013
width: 0.024734982332155476
height: 0.032520325203252036
Area: 0.00037044261087952146
CentroidX: 0.4392
CentroidY: 0.6136
