Location: 2025-04-16_190055-1.png_Mean-Medain.png
Component: component_1744832837325_16.png
centerX: 0.37809187279151946
centerY: 0.011553273427471117
width: 0.02591283863368669
height: 0.024818142918271287
Area: 0.0002600658329439906
CentroidX: 0.3884
CentroidY: 0.0233
