Location: 2025-04-16_190055-1.png_Mean-Medain.png
Component: component_1744832837351_133.png
centerX: 0.1696113074204947
centerY: 0.212665810868635
width: 0.019434628975265017
height: 0.02781343602909713
Area: 0.00028198998746543165
CentroidX: 0.1782
CentroidY: 0.2254
