Location: 2025-04-16_190055-1.png_Gaussian-Median.png
Component: component_1744832837746_143.png
centerX: 0.9440518256772674
centerY: 0.24775353016688062
width: 0.02591283863368669
height: 0.032520325203252036
Area: 0.00030139412422578756
CentroidX: 0.9558
CentroidY: 0.2612
