Location: 2025-04-16_190055-1.png_Gaussian-Median.png
Component: component_1744832837718_38.png
centerX: 0.44051825677267376
centerY: 0.04920838682071031
width: 0.02120141342756184
height: 0.03080872913992298
Area: 0.00026611387557059504
CentroidX: 0.4500
CentroidY: 0.0622
