Location: 2025-04-16_190055-1.png_Gaussian-Median.png
Component: component_1744832837804_383.png
centerX: 0.9422850412249706
centerY: 0.6148908857509627
width: 0.026501766784452298
height: 0.03123662815575524
Area: 0.00032231027164279454
CentroidX: 0.9525
CentroidY: 0.6275
