Location: 2025-04-16_190055-1.png_Gaussian-Median.png
Component: component_1744832837788_315.png
centerX: 0.64075382803298
centerY: 0.5019255455712451
width: 0.023557126030624265
height: 0.03380402225074882
Area: 0.00033339834979156935
CentroidX: 0.6516
CentroidY: 0.5165
