Location: 2025-04-16_190055-1.png_Gaussian-Median.png
Component: component_1744832837802_373.png
centerX: 0.3957597173144876
centerY: 0.6007702182284981
width: 0.021790341578327443
height: 0.029097133076593923
Area: 0.0002658618737944865
CentroidX: 0.4046
CentroidY: 0.6128
