Location: 2025-04-16_190055-1.png_Gaussian-Median.png
Component: component_1744832837788_317.png
centerX: 0.607773851590106
centerY: 0.5070603337612324
width: 0.01884570082449941
height: 0.031664527171587506
Area: 0.0002923220602858809
CentroidX: 0.6154
CentroidY: 0.5203
