Location: 2025-04-16_190055-1.png_Mean-Medain.png
Component: component_1744832837439_501.png
centerX: 0.856301531213192
centerY: 0.7864783910997005
width: 0.024734982332155476
height: 0.029525032092426188
Area: 0.0003202942574339264
CentroidX: 0.8666
CentroidY: 0.7984
