Location: 2025-04-16_190055-1.png_Mean-Medain.png
Component: component_1744832837354_142.png
centerX: 0.6866902237926973
centerY: 0.21480530594779632
width: 0.023557126030624265
height: 0.031664527171587506
Area: 0.0003102141863895857
CentroidX: 0.6965
CentroidY: 0.2286
