Location: 2025-04-16_190055-1.png_Gaussian-Median.png
Component: component_1744832837753_167.png
centerX: 0.6207302709069493
centerY: 0.2610183996576808
width: 0.023557126030624265
height: 0.02866923406076166
Area: 0.0002898020425247957
CentroidX: 0.6304
CentroidY: 0.2734
