Location: 2025-04-16_190055-1.png_Mean-Medain.png
Component: component_1744832837403_351.png
centerX: 0.29034157832744406
centerY: 0.5631151048352588
width: 0.026501766784452298
height: 0.03337612323491656
Area: 0.0003480144528058634
CentroidX: 0.3022
CentroidY: 0.5773
