Location: 2025-04-16_190055-1.png_Mean-Medain.png
Component: component_1744832837347_112.png
centerX: 0.25206124852767964
centerY: 0.16859221223791185
width: 0.02591283863368669
height: 0.02738553701326487
Area: 0.00028602201588316797
CentroidX: 0.2609
CentroidY: 0.1807
