Location: 2025-04-16_190055-1.png_Mean-Medain.png
Component: component_1744832837323_7.png
centerX: 0.13898704358068315
centerY: 0.0038510911424903724
width: 0.025323910482921083
height: 0.02781343602909713
Area: 0.0003081981721807175
CentroidX: 0.1500
CentroidY: 0.0163
