Location: 2025-04-16_190055-1.png_Gaussian-Median.png
Component: component_1744832837764_218.png
centerX: 0.43992932862190814
centerY: 0.3453145057766367
width: 0.022968197879858657
height: 0.03337612323491656
Area: 0.0002998821135691364
CentroidX: 0.4489
CentroidY: 0.3599
