Location: 2025-04-16_190055-1.png_Gaussian-Median.png
Component: component_1744832837766_231.png
centerX: 0.8297997644287397
centerY: 0.3735558408215661
width: 0.01884570082449941
height: 0.02610183996576808
Area: 0.0002600658329439906
CentroidX: 0.8378
CentroidY: 0.3848
