Location: 2025-04-16_190055-1.png_Mean-Medain.png
Component: component_1744832837410_380.png
centerX: 0.23616018845700826
centerY: 0.6118955926401369
width: 0.026501766784452298
height: 0.028241335044929396
Area: 0.00033339834979156935
CentroidX: 0.2480
CentroidY: 0.6239
