Location: 2025-04-16_190055-1.png_Mean-Medain.png
Component: component_1744832837408_368.png
centerX: 0.6148409893992933
centerY: 0.5917843388960206
width: 0.022968197879858657
height: 0.029525032092426188
Area: 0.0003180262414489497
CentroidX: 0.6254
CentroidY: 0.6039
