Location: 2025-04-16_190055-1.png_Gaussian-Median.png
Component: component_1744832837825_414.png
centerX: 0.07656065959952886
centerY: 0.6632434745400085
width: 0.023557126030624265
height: 0.028241335044929396
Area: 0.0003150022201356475
CentroidX: 0.0867
CentroidY: 0.6753
