Location: 2025-04-16_190055-1.png_Mean-Medain.png
Component: component_1744832837444_524.png
centerX: 0.911660777385159
centerY: 0.8185708172871202
width: 0.030624263839811542
height: 0.030380830124090714
Area: 0.0003800186783716452
CentroidX: 0.9252
CentroidY: 0.8311
