Location: 2025-04-16_190055-1.png_Mean-Medain.png
Component: component_1744832837413_393.png
centerX: 0.6943462897526502
centerY: 0.6307231493367566
width: 0.025323910482921083
height: 0.032520325203252036
Area: 0.0003555745060891189
CentroidX: 0.7041
CentroidY: 0.6449
