Location: 2025-04-16_190055-1.png_Gaussian-Median.png
Component: component_1744832837938_521.png
centerX: 0.20906949352179033
centerY: 0.8130081300813008
width: 0.02120141342756184
height: 0.030380830124090714
Area: 0.00033516236222432894
CentroidX: 0.2183
CentroidY: 0.8263
