Location: 2025-04-16_190055-1.png_Gaussian-Median.png
Component: component_1744832838040_572.png
centerX: 0.46819787985865724
centerY: 0.8840393667094566
width: 0.024734982332155476
height: 0.03123662815575524
Area: 0.0003157582254639731
CentroidX: 0.4788
CentroidY: 0.8972
