Location: 2025-04-16_190055-1.png_Gaussian-Median.png
Component: component_1744832837797_347.png
centerX: 0.3674911660777385
centerY: 0.5609756097560976
width: 0.024146054181389872
height: 0.0329482242190843
Area: 0.0003245782876277712
CentroidX: 0.3773
CentroidY: 0.5753
