Location: 2025-04-16_190055-1.png_Mean-Medain.png
Component: component_1744832837443_522.png
centerX: 0.9499411071849234
centerY: 0.8168592212237912
width: 0.025323910482921083
height: 0.02866923406076166
Area: 0.00034095840307482486
CentroidX: 0.9605
CentroidY: 0.8287
