Location: 2025-04-16_190055-1.png_Mean-Medain.png
Component: component_1744832837449_550.png
centerX: 0.9299175500588928
centerY: 0.8575096277278562
width: 0.02061248527679623
height: 0.02995293110825845
Area: 0.0002799739732565635
CentroidX: 0.9381
CentroidY: 0.8702
