Location: 2025-04-16_190055-1.png_Mean-Medain.png
Component: component_1744832837420_426.png
centerX: 0.4575971731448763
centerY: 0.6824989302524604
width: 0.02120141342756184
height: 0.030380830124090714
Area: 0.00030038611712135345
CentroidX: 0.4656
CentroidY: 0.6952
