Location: easy16_Gaussian-Median.png
Component: component_1744297381838_801.png
centerX: 0.08225806451612903
centerY: 0.578544061302682
width: 0.016129032258064516
height: 0.0210727969348659
Area: 0.0001371122234581634
CentroidX: 0.0880
CentroidY: 0.5860
