Location: 2025-04-16_190055-1.png_Mean-Medain.png
Component: component_1744832837399_336.png
centerX: 0.8480565371024735
centerY: 0.5387248609328199
width: 0.022968197879858657
height: 0.028241335044929396
Area: 0.0002963540887036172
CentroidX: 0.8578
CentroidY: 0.5498
