Location: 2025-04-16_190055-1.png_Gaussian-Median.png
Component: component_1744832838037_562.png
centerX: 0.7126030624263839
centerY: 0.8716302952503209
width: 0.020023557126030624
height: 0.03123662815575524
Area: 0.00028324999634597427
CentroidX: 0.7204
CentroidY: 0.8850
