Location: 2025-04-16_190055-1.png_Gaussian-Median.png
Component: component_1744832837762_210.png
centerX: 0.18021201413427562
centerY: 0.34360290971330765
width: 0.02061248527679623
height: 0.03508771929824561
Area: 0.00030668616152406644
CentroidX: 0.1882
CentroidY: 0.3587
