Location: 2025-04-16_190055-1.png_Gaussian-Median.png
Component: component_1744832837745_142.png
centerX: 0.6171967020023557
centerY: 0.2186563970902867
width: 0.02120141342756184
height: 0.03080872913992298
Area: 0.000286526019435385
CentroidX: 0.6260
CentroidY: 0.2321
