Location: 2025-04-16_190055-1.png_Gaussian-Median.png
Component: component_1744832837716_32.png
centerX: 0.3168433451118963
centerY: 0.04749679075738126
width: 0.019434628975265017
height: 0.02995293110825845
Area: 0.0002890460371964702
CentroidX: 0.3255
CentroidY: 0.0613
