Location: 2025-04-16_190055-1.png_Gaussian-Median.png
Component: component_1744832837788_316.png
centerX: 0.5677267373380448
centerY: 0.5066324347454001
width: 0.027090694935217905
height: 0.03337612323491656
Area: 0.00034373042261201856
CentroidX: 0.5806
CentroidY: 0.5220
