Location: 2025-04-16_190055-1.png_Gaussian-Median.png
Component: component_1744832837715_28.png
centerX: 0.09010600706713781
centerY: 0.044929396662387676
width: 0.024734982332155476
height: 0.029525032092426188
Area: 0.00031172619704623677
CentroidX: 0.1011
CentroidY: 0.0580
