Location: 2025-04-16_190055-1.png_Mean-Medain.png
Component: component_1744832837394_312.png
centerX: 0.676678445229682
centerY: 0.49893025246041933
width: 0.021790341578327443
height: 0.03423192126658109
Area: 0.0003260902982844223
CentroidX: 0.6859
CentroidY: 0.5144
