Location: 2025-04-16_190055-1.png_Mean-Medain.png
Component: component_1744832837332_47.png
centerX: 0.833922261484099
centerY: 0.049636285836542574
width: 0.021790341578327443
height: 0.03080872913992298
Area: 0.00029736209580805123
CentroidX: 0.8435
CentroidY: 0.0636
