Location: 2025-04-16_190055-1.png_Gaussian-Median.png
Component: component_1744832837782_290.png
centerX: 0.6654888103651354
centerY: 0.45999144201968334
width: 0.023557126030624265
height: 0.03337612323491656
Area: 0.00033339834979156935
CentroidX: 0.6759
CentroidY: 0.4749
