Location: 2025-04-16_190055-1.png_Mean-Medain.png
Component: component_1744832837372_227.png
centerX: 0.3474676089517079
centerY: 0.3465982028241335
width: 0.02120141342756184
height: 0.032520325203252036
Area: 0.00029837010291248534
CentroidX: 0.3555
CentroidY: 0.3610
