Location: 2025-04-16_190055-1.png_Gaussian-Median.png
Component: component_1744832837831_440.png
centerX: 0.9075382803297998
centerY: 0.7030380830124091
width: 0.024146054181389872
height: 0.029525032092426188
Area: 0.000279721971480455
CentroidX: 0.9173
CentroidY: 0.7150
