Location: 2025-04-16_190055-1.png_Mean-Medain.png
Component: component_1744832837367_203.png
centerX: 0.8604240282685512
centerY: 0.3329054343175011
width: 0.02237926972909305
height: 0.03380402225074882
Area: 0.0003081981721807175
CentroidX: 0.8698
CentroidY: 0.3479
