Location: 2025-04-16_190055-1.png_Mean-Medain.png
Component: component_1744832837401_342.png
centerX: 0.6118963486454653
centerY: 0.5502781343602909
width: 0.024146054181389872
height: 0.03209242618741977
Area: 0.0003270983053888564
CentroidX: 0.6230
CentroidY: 0.5628
