Location: 2025-04-16_190055-1.png_Mean-Medain.png
Component: component_1744832837458_583.png
centerX: 0.7644287396937574
centerY: 0.9097133076593924
width: 0.01884570082449941
height: 0.03508771929824561
Area: 0.0003243262858516627
CentroidX: 0.7720
CentroidY: 0.9249
