Location: 2025-04-16_190055-1.png_Gaussian-Median.png
Component: component_1744832837799_355.png
centerX: 0.04299175500588928
centerY: 0.5699614890885751
width: 0.02591283863368669
height: 0.03423192126658109
Area: 0.00037422263752114927
CentroidX: 0.0533
CentroidY: 0.5845
