Location: 2025-04-16_190055-1.png_Mean-Medain.png
Component: component_1744832837431_464.png
centerX: 0.20730270906949352
centerY: 0.7351305091998288
width: 0.022968197879858657
height: 0.029097133076593923
Area: 0.00030693816330017496
CentroidX: 0.2180
CentroidY: 0.7472
