Location: 2025-04-16_190055-1.png_Mean-Medain.png
Component: component_1744832837406_362.png
centerX: 0.8197879858657244
centerY: 0.581086863500214
width: 0.024146054181389872
height: 0.029097133076593923
Area: 0.0003346583586721119
CentroidX: 0.8298
CentroidY: 0.5926
