Location: 2025-04-16_190055-1.png_Mean-Medain.png
Component: component_1744832837373_230.png
centerX: 0.8898704358068316
centerY: 0.3679931536157467
width: 0.021790341578327443
height: 0.03380402225074882
Area: 0.00031122219349401974
CentroidX: 0.8984
CentroidY: 0.3824
