Location: 2025-04-16_190055-1.png_Mean-Medain.png
Component: component_1744832837380_257.png
centerX: 0.9187279151943463
centerY: 0.4056482670089859
width: 0.024734982332155476
height: 0.03123662815575524
Area: 0.0003210502627622519
CentroidX: 0.9295
CentroidY: 0.4188
