Location: 2025-04-16_190055-1.png_Mean-Medain.png
Component: component_1744832837342_88.png
centerX: 0.4375736160188457
centerY: 0.1279418057338468
width: 0.02061248527679623
height: 0.031664527171587506
Area: 0.00027392593062995906
CentroidX: 0.4467
CentroidY: 0.1423
