Location: 2025-04-16_190055-1.png_Mean-Medain.png
Component: component_1744832837335_61.png
centerX: 0.7055359246171967
centerY: 0.08600770218228498
width: 0.028268551236749116
height: 0.029097133076593923
Area: 0.0003235702805233371
CentroidX: 0.7189
CentroidY: 0.0984
