Location: 2025-04-16_190055-1.png_Mean-Medain.png
Component: component_1744832837445_531.png
centerX: 0.7202591283863369
centerY: 0.82798459563543
width: 0.023557126030624265
height: 0.03123662815575524
Area: 0.000329366321373833
CentroidX: 0.7320
CentroidY: 0.8413
