Location: 2025-04-16_190055-1.png_Mean-Medain.png
Component: component_1744832837455_575.png
centerX: 0.15547703180212014
centerY: 0.8973042362002568
width: 0.021790341578327443
height: 0.02610183996576808
Area: 0.00030668616152406644
CentroidX: 0.1654
CentroidY: 0.9092
