Location: 2025-04-16_190055-1.png_Gaussian-Median.png
Component: component_1744832837792_327.png
centerX: 0.16489988221436985
centerY: 0.5216089002995293
width: 0.027090694935217905
height: 0.02995293110825845
Area: 0.0003155062236878646
CentroidX: 0.1776
CentroidY: 0.5340
