Location: 2025-04-16_190055-1.png_Mean-Medain.png
Component: component_1744832837416_405.png
centerX: 0.2921083627797409
centerY: 0.6516902011125374
width: 0.022968197879858657
height: 0.03465982028241335
Area: 0.0003399503959703908
CentroidX: 0.3012
CentroidY: 0.6664
