Location: 2025-04-16_190055-1.png_Gaussian-Median.png
Component: component_1744832837787_312.png
centerX: 0.7885747938751473
centerY: 0.49978605049208386
width: 0.020023557126030624
height: 0.03380402225074882
Area: 0.0003021501295541131
CentroidX: 0.7968
CentroidY: 0.5145
