Location: 2025-04-16_190055-1.png_Gaussian-Median.png
Component: component_1744832838036_557.png
centerX: 0.8745583038869258
centerY: 0.8639281129653402
width: 0.020023557126030624
height: 0.026957637997432605
Area: 0.0002431817139447199
CentroidX: 0.8827
CentroidY: 0.8750
