Location: easy26_Mean-Closing.png
Component: component_1744297382199_1128.png
centerX: 0.8733870967741936
centerY: 0.860632183908046
width: 0.016129032258064516
height: 0.020114942528735632
Area: 0.00013402237053516253
CentroidX: 0.8789
CentroidY: 0.8680
