Location: 2025-04-16_190055-1.png_Mean-Medain.png
Component: component_1744832837350_128.png
centerX: 0.0895170789163722
centerY: 0.21052631578947367
width: 0.01884570082449941
height: 0.02866923406076166
Area: 0.0002751859395105017
CentroidX: 0.0973
CentroidY: 0.2243
