Location: 2025-04-16_190055-1.png_Gaussian-Median.png
Component: component_1744832837753_169.png
centerX: 0.9546525323910483
centerY: 0.2888318356867779
width: 0.021790341578327443
height: 0.031664527171587506
Area: 0.00028728202476371054
CentroidX: 0.9640
CentroidY: 0.3022
