Location: 2025-04-16_190055-1.png_Gaussian-Median.png
Component: component_1744832837778_282.png
centerX: 0.9369846878680801
centerY: 0.4462986735130509
width: 0.02061248527679623
height: 0.03465982028241335
Area: 0.00031399421303121344
CentroidX: 0.9449
CentroidY: 0.4614
