Location: 2025-04-16_190055-1.png_Mean-Medain.png
Component: component_1744832837392_303.png
centerX: 0.20906949352179033
centerY: 0.47881899871630296
width: 0.02591283863368669
height: 0.03123662815575524
Area: 0.0003477624510297549
CentroidX: 0.2199
CentroidY: 0.4924
