Location: 2025-04-16_190055-1.png_Gaussian-Median.png
Component: component_1744832837747_149.png
centerX: 0.7709069493521791
centerY: 0.25331621737270005
width: 0.025323910482921083
height: 0.03508771929824561
Area: 0.0003328943462393523
CentroidX: 0.7820
CentroidY: 0.2682
