Location: 2025-04-16_190055-1.png_Mean-Medain.png
Component: component_1744832837420_424.png
centerX: 0.6696113074204947
centerY: 0.6773641420624733
width: 0.02120141342756184
height: 0.03080872913992298
Area: 0.0002726659217494165
CentroidX: 0.6778
CentroidY: 0.6899
