Location: 2025-04-16_190055-1.png_Mean-Medain.png
Component: component_1744832837392_302.png
centerX: 0.2502944640753828
centerY: 0.47796320068463843
width: 0.02237926972909305
height: 0.030380830124090714
Area: 0.0003218062680905775
CentroidX: 0.2599
CentroidY: 0.4911
