Location: easy21_Mean-Medain.png
Component: component_1744297380908_699.png
centerX: 0.8129032258064516
centerY: 0.5627394636015326
width: 0.016935483870967744
height: 0.022509578544061302
Area: 0.0001506303299962922
CentroidX: 0.8185
CentroidY: 0.5710
