Location: 2025-04-16_190055-1.png_Gaussian-Median.png
Component: component_1744832837732_88.png
centerX: 0.34334511189634864
centerY: 0.12836970474967907
width: 0.01884570082449941
height: 0.03337612323491656
Area: 0.0002840060016742998
CentroidX: 0.3519
CentroidY: 0.1433
