Location: 2025-04-16_190055-1.png_Gaussian-Median.png
Component: component_1744832837757_187.png
centerX: 0.2591283863368669
centerY: 0.30038510911424904
width: 0.021790341578327443
height: 0.032520325203252036
Area: 0.00029837010291248534
CentroidX: 0.2680
CentroidY: 0.3144
