Location: 2025-04-16_190055-1.png_Mean-Medain.png
Component: component_1744832837365_190.png
centerX: 0.2591283863368669
centerY: 0.30038510911424904
width: 0.021790341578327443
height: 0.032520325203252036
Area: 0.00029887410646470237
CentroidX: 0.2680
CentroidY: 0.3144
