Location: easy64_Gaussian-Closing.png
Component: component_1744297381246_329.png
centerX: 0.7176541717049577
centerY: 0.28088926891834115
width: 0.009068923821039904
height: 0.01410859341598974
Area: 8.245651129860992e-05
CentroidX: 0.7212
CentroidY: 0.2866
