Location: 2025-04-16_190055-1.png_Gaussian-Median.png
Component: component_1744832837770_248.png
centerX: 0.1071849234393404
centerY: 0.39152759948652116
width: 0.022968197879858657
height: 0.03080872913992298
Area: 0.00030996218461347717
CentroidX: 0.1165
CentroidY: 0.4047
