Location: 2025-04-16_190055-1.png_Mean-Medain.png
Component: component_1744832837425_439.png
centerX: 0.26855123674911663
centerY: 0.6974753958065897
width: 0.025323910482921083
height: 0.02781343602909713
Area: 0.0003240742840755542
CentroidX: 0.2792
CentroidY: 0.7087
