Location: 2025-04-16_190055-1.png_Gaussian-Median.png
Component: component_1744832837732_89.png
centerX: 0.38869257950530034
centerY: 0.12965340179717585
width: 0.02120141342756184
height: 0.03123662815575524
Area: 0.00027770595727158687
CentroidX: 0.3983
CentroidY: 0.1435
