Location: easy16_Gaussian-Median.png
Component: component_1744297381744_315.png
centerX: 0.8346774193548387
centerY: 0.22126436781609196
width: 0.016935483870967744
height: 0.020593869731800767
Area: 0.00014290569768879002
CentroidX: 0.8407
CentroidY: 0.2291
