Location: easy16_Gaussian-Median.png
Component: component_1744297381817_671.png
centerX: 0.7008064516129032
centerY: 0.446360153256705
width: 0.01532258064516129
height: 0.021551724137931036
Area: 0.00014367816091954023
CentroidX: 0.7059
CentroidY: 0.4543
