Location: 2025-04-16_190055-1.png_Gaussian-Median.png
Component: component_1744832837736_104.png
centerX: 0.05594817432273263
centerY: 0.16773641420624733
width: 0.026501766784452298
height: 0.029525032092426188
Area: 0.00030668616152406644
CentroidX: 0.0656
CentroidY: 0.1813
