Location: 2025-04-16_190055-1.png_Mean-Medain.png
Component: component_1744832837459_588.png
centerX: 0.5836277974087162
centerY: 0.9212665810868635
width: 0.02237926972909305
height: 0.031664527171587506
Area: 0.0003512904758952741
CentroidX: 0.5935
CentroidY: 0.9348
