Location: easy26_Mean-Closing.png
Component: component_1744297382038_453.png
centerX: 0.3282258064516129
centerY: 0.3242337164750958
width: 0.01532258064516129
height: 0.0210727969348659
Area: 0.00011625571622790755
CentroidX: 0.3327
CentroidY: 0.3318
