Location: 2025-04-16_190055-1.png_Mean-Medain.png
Component: component_1744832837343_94.png
centerX: 0.38869257950530034
centerY: 0.13008130081300814
width: 0.02120141342756184
height: 0.03080872913992298
Area: 0.00027619394661493573
CentroidX: 0.3983
CentroidY: 0.1436
