Location: 2025-04-16_190055-1.png_Mean-Medain.png
Component: component_1744832837435_484.png
centerX: 0.5441696113074205
centerY: 0.7633718442447582
width: 0.02120141342756184
height: 0.029097133076593923
Area: 0.00030139412422578756
CentroidX: 0.5532
CentroidY: 0.7758
