Location: 2025-04-16_190055-1.png_Mean-Medain.png
Component: component_1744832837408_369.png
centerX: 0.5795053003533569
centerY: 0.5939238339751819
width: 0.02237926972909305
height: 0.03337612323491656
Area: 0.00034373042261201856
CentroidX: 0.5896
CentroidY: 0.6075
