Location: 2025-04-16_190055-1.png_Gaussian-Median.png
Component: component_1744832838035_552.png
centerX: 0.11955241460541814
centerY: 0.8579375267436885
width: 0.030035335689045935
height: 0.03209242618741977
Area: 0.00038682272632657516
CentroidX: 0.1334
CentroidY: 0.8712
