Location: 2025-04-16_190055-1.png_Mean-Medain.png
Component: component_1744832837441_509.png
centerX: 0.6030624263839811
centerY: 0.7958921694480102
width: 0.020023557126030624
height: 0.03465982028241335
Area: 0.0003230662769711201
CentroidX: 0.6105
CentroidY: 0.8109
