Location: 2025-04-16_190055-1.png_Gaussian-Median.png
Component: component_1744832837745_140.png
centerX: 0.5482921083627798
centerY: 0.2160890029952931
width: 0.02061248527679623
height: 0.032520325203252036
Area: 0.0002701459039883313
CentroidX: 0.5570
CentroidY: 0.2298
