Location: 2025-04-16_190055-1.png_Mean-Medain.png
Component: component_1744832837387_288.png
centerX: 0.8327444051825678
centerY: 0.4535729567821994
width: 0.023557126030624265
height: 0.03594351732991014
Area: 0.000363386561148483
CentroidX: 0.8431
CentroidY: 0.4695
