Location: 2025-04-16_190055-1.png_Gaussian-Median.png
Component: component_1744832837728_69.png
centerX: 0.8733804475853946
centerY: 0.08814719726144629
width: 0.02061248527679623
height: 0.02995293110825845
Area: 0.0002855180123309509
CentroidX: 0.8826
CentroidY: 0.1022
