Location: internet_12.png_Otsu.png
Component: component_1755088957499_40.png
centerX: 0.7380088673921805
centerY: 0.05303678357570573
width: 0.026602176541717048
height: 0.034787567721699456
Area: 0.0004107636629774941
CentroidX: 0.7498
CentroidY: 0.0693
