Location: internet_12.png_Mean-Medain.png
Component: component_1755088957634_32.png
centerX: 0.39500201531640466
centerY: 0.05788423153692615
width: 0.03385731559854897
height: 0.032506415739948676
Area: 0.0004581152659844128
CentroidX: 0.4094
CentroidY: 0.0731
