Location: internet_12.png_Mean-Medain.png
Component: component_1755088957687_257.png
centerX: 0.6674727932285369
centerY: 0.5503279155973767
width: 0.027005239822652155
height: 0.033361847733105215
Area: 0.00046259757791953376
CentroidX: 0.6811
CentroidY: 0.5658
