Location: internet_12.png_Otsu.png
Component: component_1755088957527_392.png
centerX: 0.6904474002418379
centerY: 0.33276304533789564
width: 0.030632809351068116
height: 0.04077559167379527
Area: 0.0004038677984619234
CentroidX: 0.7047
CentroidY: 0.3522
