Location: Kurtxevani_1764_page_10.png_Otsu.png
Component: component_1755610055869_857.png
centerX: 0.4563106796116505
centerY: 0.2885874649204864
width: 0.013592233009708738
height: 0.01824134705332086
Area: 0.00014410225205179205
CentroidX: 0.4626
CentroidY: 0.2974
