Location: internet_12.png_Gaussian-Closing.png
Component: component_1755088957016_13.png
centerX: 0.8089480048367593
centerY: 0.006843455945252352
width: 0.030229746070133012
height: 0.033361847733105215
Area: 0.0004408756046954861
CentroidX: 0.8240
CentroidY: 0.0229
