Location: internet_12.png_Otsu.png
Component: component_1755088957518_276.png
centerX: 0.7081821846029827
centerY: 0.2352437981180496
width: 0.030229746070133012
height: 0.03735386370116909
Area: 0.000375020098571786
CentroidX: 0.7233
CentroidY: 0.2528
