Location: internet_12.png_Gaussian-Closing.png
Component: component_1755088957027_66.png
centerX: 0.6307940346634422
centerY: 0.1459937268320502
width: 0.028617492946392584
height: 0.037639007698887936
Area: 0.00042547484061071153
CentroidX: 0.6438
CentroidY: 0.1636
