Location: internet_12.png_Otsu.png
Component: component_1755088957537_523.png
centerX: 0.5957275292220878
centerY: 0.43798118049615054
width: 0.03426037887948408
height: 0.03992015968063872
Area: 0.00043846205211503633
CentroidX: 0.6089
CentroidY: 0.4564
