Location: internet_12.png_Gaussian-Closing.png
Component: component_1755088957037_108.png
centerX: 0.04312777106005643
centerY: 0.22554890219560877
width: 0.026199113260781944
height: 0.037639007698887936
Area: 0.000424900185234414
CentroidX: 0.0564
CentroidY: 0.2441
