Location: internet_12.png_Mean-Medain.png
Component: component_1755088957654_118.png
centerX: 0.7081821846029827
centerY: 0.23495865412033076
width: 0.030229746070133012
height: 0.03792415169660679
Area: 0.0004442086058780119
CentroidX: 0.7233
CentroidY: 0.2530
