Location: internet_12.png_Mean-Closing.png
Component: component_1755088957148_31.png
centerX: 0.34582829504232165
centerY: 0.05902480752780154
width: 0.0354695687222894
height: 0.03279155973766752
Area: 0.0004975366247984253
CentroidX: 0.3617
CentroidY: 0.0745
