Location: internet_12.png_Mean-Closing.png
Component: component_1755088957173_136.png
centerX: 0.4163643692059653
centerY: 0.2988309096093527
width: 0.027408303103587262
height: 0.038209295694325636
Area: 0.0004390367074913339
CentroidX: 0.4293
CentroidY: 0.3170
