Location: internet_12.png_Mean-Closing.png
Component: component_1755088957415_305.png
centerX: 0.05723498589278517
centerY: 0.701739378386085
width: 0.023377670294236194
height: 0.03051040775591674
Area: 0.00040731573071970875
CentroidX: 0.0694
CentroidY: 0.7167
