Location: internet_12.png_Gaussian-Closing.png
Component: component_1755088957047_155.png
centerX: 0.731962918178154
centerY: 0.3282007413743941
width: 0.0354695687222894
height: 0.03934987168520103
Area: 0.0004777684798537893
CentroidX: 0.7502
CentroidY: 0.3481
