Location: internet_12.png_Mean-Closing.png
Component: component_1755088957159_81.png
centerX: 0.7178557033454253
centerY: 0.18905047048759624
width: 0.02902055622732769
height: 0.03592814371257485
Area: 0.00045064474609254456
CentroidX: 0.7325
CentroidY: 0.2069
