Location: internet_12.png_Mean-Closing.png
Component: component_1755088957168_114.png
centerX: 0.37726723095526
centerY: 0.24978614200171087
width: 0.025796049979846837
height: 0.04020530367835757
Area: 0.00048029696350949854
CentroidX: 0.3906
CentroidY: 0.2692
