Location: internet_12.png_Otsu.png
Component: component_1755088957517_268.png
centerX: 0.9278516727126159
centerY: 0.2315369261477046
width: 0.03143893591293833
height: 0.03735386370116909
Area: 0.00039444345029064344
CentroidX: 0.9427
CentroidY: 0.2492
