Location: Paraklitoni_1720_page_10.png_Mean-Medain.png
Component: component_1755610055626_2220.png
centerX: 0.3445121951219512
centerY: 0.819047619047619
width: 0.011432926829268292
height: 0.012531328320802004
Area: 8.443364508833058e-05
CentroidX: 0.3494
CentroidY: 0.8252
