Location: internet_12.png_Otsu.png
Component: component_1755088957531_434.png
centerX: 0.14107214832728737
centerY: 0.37781579697747364
width: 0.027408303103587262
height: 0.04134587966923296
Area: 0.0003692735448088104
CentroidX: 0.1557
CentroidY: 0.3985
