Location: internet_12.png_Mean-Closing.png
Component: component_1755088957360_223.png
centerX: 0.9334945586457074
centerY: 0.523524379811805
width: 0.031035872632003223
height: 0.03507271171941831
Area: 0.0004884570698529239
CentroidX: 0.9489
CentroidY: 0.5407
