Location: internet_12.png_Otsu.png
Component: component_1755088957548_677.png
centerX: 0.42402257154373235
centerY: 0.5697177074422584
width: 0.03143893591293833
height: 0.034787567721699456
Area: 0.0004072007996444492
CentroidX: 0.4397
CentroidY: 0.5860
