Location: Kurtxevani_1764_page_10.png_Otsu.png
Component: component_1755610055963_1512.png
centerX: 0.4511326860841424
centerY: 0.6234798877455566
width: 0.01488673139158576
height: 0.01777362020579981
Area: 0.00015772536411551188
CentroidX: 0.4586
CentroidY: 0.6319
