Location: internet_12.png_Otsu.png
Component: component_1755088957526_383.png
centerX: 0.09028617492946392
centerY: 0.3273453093812375
width: 0.03788794840790004
height: 0.038209295694325636
Area: 0.0003685839583572534
CentroidX: 0.1051
CentroidY: 0.3452
