Location: internet_12.png_Otsu.png
Component: component_1755088957540_595.png
centerX: 0.705763804917372
centerY: 0.4895922440832621
width: 0.032648125755743655
height: 0.036783575705731396
Area: 0.0004542076094255894
CentroidX: 0.7207
CentroidY: 0.5079
