Location: internet_12.png_Gaussian-Closing.png
Component: component_1755088957072_268.png
centerX: 0.7815397017331721
centerY: 0.5968063872255489
width: 0.0237807335751713
height: 0.03421727972626176
Area: 0.00039708686502161223
CentroidX: 0.7929
CentroidY: 0.6126
