Location: internet_12.png_Mean-Closing.png
Component: component_1755088957354_222.png
centerX: 0.3365578395808142
centerY: 0.5203877958368976
width: 0.02257154373236598
height: 0.038209295694325636
Area: 0.00043340508480361784
CentroidX: 0.3476
CentroidY: 0.5379
