Location: internet_12.png_Mean-Medain.png
Component: component_1755088957665_161.png
centerX: 0.6900443369609028
centerY: 0.33276304533789564
width: 0.03143893591293833
height: 0.04077559167379527
Area: 0.00047029795996192104
CentroidX: 0.7047
CentroidY: 0.3524
