Location: internet_12.png_Mean-Medain.png
Component: component_1755088957632_24.png
centerX: 0.7835550181378477
centerY: 0.05161106358711149
width: 0.030229746070133012
height: 0.041060735671514116
Area: 0.0005083401458728194
CentroidX: 0.7999
CentroidY: 0.0720
