Location: internet_12.png_Mean-Closing.png
Component: component_1755088957157_70.png
centerX: 0.4349052801289803
centerY: 0.15226689478186484
width: 0.026602176541717048
height: 0.03934987168520103
Area: 0.00045328816082351335
CentroidX: 0.4490
CentroidY: 0.1716
