Location: internet_12.png_Mean-Closing.png
Component: component_1755088957380_269.png
centerX: 0.5231761386537687
centerY: 0.6213287710293698
width: 0.028617492946392584
height: 0.04220131166238951
Area: 0.00045271350544721575
CentroidX: 0.5371
CentroidY: 0.6411
