Location: internet_12.png_Otsu.png
Component: component_1755088957539_586.png
centerX: 0.826682789197904
centerY: 0.4801824921585401
width: 0.029423619508262798
height: 0.03592814371257485
Area: 0.0003875475857750728
CentroidX: 0.8417
CentroidY: 0.4970
