Location: internet_12.png_Otsu.png
Component: component_1755088957543_630.png
centerX: 0.9334945586457074
centerY: 0.523524379811805
width: 0.030632809351068116
height: 0.03507271171941831
Area: 0.00041938349362195744
CentroidX: 0.9489
CentroidY: 0.5404
