Location: internet_12.png_Mean-Medain.png
Component: component_1755088957649_92.png
centerX: 0.8153970173317211
centerY: 0.1899059024807528
width: 0.030632809351068116
height: 0.034787567721699456
Area: 0.00042961235932005397
CentroidX: 0.8292
CentroidY: 0.2056
