Location: internet_12.png_Mean-Closing.png
Component: component_1755088957375_257.png
centerX: 0.1430874647319629
centerY: 0.5933846592529227
width: 0.022974607013301087
height: 0.035642999714856
Area: 0.00045960936996278646
CentroidX: 0.1542
CentroidY: 0.6106
