Location: internet_12.png_Mean-Medain.png
Component: component_1755088957664_156.png
centerX: 0.09028617492946392
centerY: 0.3273453093812375
width: 0.03788794840790004
height: 0.03849443969204448
Area: 0.00048029696350949854
CentroidX: 0.1055
CentroidY: 0.3454
