Location: internet_12.png_Otsu.png
Component: component_1755088957510_160.png
centerX: 0.09834744054816606
centerY: 0.165098374679213
width: 0.030229746070133012
height: 0.03792415169660679
Area: 0.00045535692017818454
CentroidX: 0.1136
CentroidY: 0.1833
