Location: internet_12.png_Mean-Medain.png
Component: component_1755088957688_264.png
centerX: 0.4655380894800484
centerY: 0.5651554034787568
width: 0.03184199919387344
height: 0.036213287710293696
Area: 0.0004960425208200516
CentroidX: 0.4834
CentroidY: 0.5828
