Location: Samociqulo_1709_page_10.png_Gaussian-Median.png
Component: component_1755610056265_2723.png
centerX: 0.23587223587223588
centerY: 0.6646875
width: 0.01769041769041769
height: 0.0125
Area: 0.0001312960687960688
CentroidX: 0.2443
CentroidY: 0.6707
