Location: internet_12.png_Mean-Medain.png
Component: component_1755088957689_270.png
centerX: 0.9177750906892382
centerY: 0.5842600513259196
width: 0.032245062474808545
height: 0.035642999714856
Area: 0.0004435190194264549
CentroidX: 0.9337
CentroidY: 0.6005
