Location: internet_12.png_Mean-Closing.png
Component: component_1755088957325_185.png
centerX: 0.25755743651753327
centerY: 0.4231536926147705
width: 0.02902055622732769
height: 0.04077559167379527
Area: 0.0004658156480268001
CentroidX: 0.2709
CentroidY: 0.4420
