Location: internet_12.png_Gaussian-Closing.png
Component: component_1755088957024_49.png
centerX: 0.5268037081821846
centerY: 0.10949529512403763
width: 0.028214429665457477
height: 0.033361847733105215
Area: 0.00043030194577161105
CentroidX: 0.5409
CentroidY: 0.1246
