Location: internet_12.png_Otsu.png
Component: component_1755088957531_439.png
centerX: 0.09391374445787988
centerY: 0.3800969489592244
width: 0.024989923417976623
height: 0.04134587966923296
Area: 0.00036605547470154414
CentroidX: 0.1078
CentroidY: 0.4002
