Location: internet_12.png_Mean-Closing.png
Component: component_1755088957163_96.png
centerX: 0.2966545747682386
centerY: 0.20872540633019676
width: 0.026199113260781944
height: 0.037639007698887936
Area: 0.00047156220178977567
CentroidX: 0.3097
CentroidY: 0.2265
