Location: internet_12.png_Mean-Closing.png
Component: component_1755088957140_2.png
centerX: 0.13381700927045545
centerY: 0.003136583974907328
width: 0.037081821846029824
height: 0.03934987168520103
Area: 0.0006145364594126079
CentroidX: 0.1543
CentroidY: 0.0239
