Location: internet_12.png_Mean-Closing.png
Component: component_1755088957279_173.png
centerX: 0.6352277307537283
centerY: 0.3886512688907898
width: 0.041112454655380895
height: 0.03649843170801255
Area: 0.00044823119351209486
CentroidX: 0.6511
CentroidY: 0.4061
