Location: internet_12.png_Mean-Medain.png
Component: component_1755088957650_99.png
centerX: 0.47158403869407495
centerY: 0.1941830624465355
width: 0.03345425231761386
height: 0.041060735671514116
Area: 0.000520637770925587
CentroidX: 0.4890
CentroidY: 0.2139
