Location: internet_12.png_Gaussian-Closing.png
Component: component_1755088957051_171.png
centerX: 0.1825876662636034
centerY: 0.3723980610208155
width: 0.027005239822652155
height: 0.039635015682919876
Area: 0.00041547583706313403
CentroidX: 0.1961
CentroidY: 0.3918
