Location: internet_12.png_Mean-Medain.png
Component: component_1755088957684_248.png
centerX: 0.7791213220475615
centerY: 0.5355004277159966
width: 0.03667875856509472
height: 0.038209295694325636
Area: 0.000540635778020742
CentroidX: 0.7982
CentroidY: 0.5545
