Location: internet_12.png_Mean-Medain.png
Component: component_1755088957633_28.png
centerX: 0.6706972994760177
centerY: 0.05531793555745652
width: 0.02418379685610641
height: 0.03877958368976333
Area: 0.0004419099843728217
CentroidX: 0.6836
CentroidY: 0.0734
