Location: internet_12.png_Mean-Medain.png
Component: component_1755088957697_302.png
centerX: 0.7351874244256348
centerY: 0.6429997148560023
width: 0.03466344216041919
height: 0.03934987168520103
Area: 0.0004997203152283559
CentroidX: 0.7507
CentroidY: 0.6612
