Location: Paraklitoni_1720_page_10.png_Mean-Medain.png
Component: component_1755610055270_631.png
centerX: 0.2660060975609756
centerY: 0.23508771929824562
width: 0.011432926829268292
height: 0.012030075187969926
Area: 7.564643315606088e-05
CentroidX: 0.2712
CentroidY: 0.2409
