Location: internet_12.png_Otsu.png
Component: component_1755088957542_625.png
centerX: 0.3365578395808142
centerY: 0.5203877958368976
width: 0.022168480451430876
height: 0.038209295694325636
Area: 0.0003655957504005061
CentroidX: 0.3474
CentroidY: 0.5374
