Location: internet_12.png_Mean-Medain.png
Component: component_1755088957689_268.png
centerX: 0.29866989117291415
centerY: 0.5788423153692615
width: 0.027005239822652155
height: 0.039064727687482176
Area: 0.0004946633479169375
CentroidX: 0.3137
CentroidY: 0.5979
