Location: internet_12.png_Gaussian-Closing.png
Component: component_1755088957055_189.png
centerX: 0.8895606610237807
centerY: 0.4151696606786427
width: 0.03829101168883515
height: 0.036783575705731396
Area: 0.00047868792845586535
CentroidX: 0.9054
CentroidY: 0.4331
