Location: internet_12.png_Otsu.png
Component: component_1755088957532_453.png
centerX: 0.6352277307537283
centerY: 0.3889364128885087
width: 0.041112454655380895
height: 0.03592814371257485
Area: 0.0003436439150259394
CentroidX: 0.6510
CentroidY: 0.4054
