Location: internet_12.png_Mean-Medain.png
Component: component_1755088957649_91.png
centerX: 0.7642079806529625
centerY: 0.18933561448531508
width: 0.032245062474808545
height: 0.039064727687482176
Area: 0.0004270838756643447
CentroidX: 0.7798
CentroidY: 0.2083
