Location: internet_12.png_Gaussian-Closing.png
Component: component_1755088957069_253.png
centerX: 0.3740427247077791
centerY: 0.5745651554034787
width: 0.030229746070133012
height: 0.038209295694325636
Area: 0.0004688038559835474
CentroidX: 0.3882
CentroidY: 0.5936
