Location: internet_12.png_Otsu.png
Component: component_1755088957564_948.png
centerX: 0.05723498589278517
centerY: 0.701739378386085
width: 0.023377670294236194
height: 0.03051040775591674
Area: 0.00037030792448614606
CentroidX: 0.0695
CentroidY: 0.7166
