Location: Paraklitoni_1720_page_10.png_Mean-Medain.png
Component: component_1755610055168_148.png
centerX: 0.16996951219512196
centerY: 0.06766917293233082
width: 0.011432926829268292
height: 0.012030075187969926
Area: 7.946696008313467e-05
CentroidX: 0.1754
CentroidY: 0.0734
