Location: internet_12.png_Mean-Closing.png
Component: component_1755088957335_196.png
centerX: 0.4893188230552197
centerY: 0.45052751639577987
width: 0.024989923417976623
height: 0.03649843170801255
Area: 0.00045340309189877283
CentroidX: 0.5009
CentroidY: 0.4678
