Location: internet_12.png_Otsu.png
Component: component_1755088957532_454.png
centerX: 0.5904877065699314
centerY: 0.3900769888793841
width: 0.03345425231761386
height: 0.03649843170801255
Area: 0.0004012243837309546
CentroidX: 0.6051
CentroidY: 0.4071
