Location: internet_12.png_Otsu.png
Component: component_1755088957510_149.png
centerX: 0.34542523176138656
centerY: 0.15939549472483605
width: 0.023377670294236194
height: 0.033932135728542916
Area: 0.0003349091533062165
CentroidX: 0.3567
CentroidY: 0.1753
