Location: internet_12.png_Otsu.png
Component: component_1755088957525_368.png
centerX: 0.18782748891575976
centerY: 0.3179355574565155
width: 0.022974607013301087
height: 0.03849443969204448
Area: 0.00038444444674306594
CentroidX: 0.1990
CentroidY: 0.3367
