Location: internet_12.png_Mean-Medain.png
Component: component_1755088957692_285.png
centerX: 0.6626360338573156
centerY: 0.604220131166239
width: 0.03184199919387344
height: 0.03507271171941831
Area: 0.0004091546279238609
CentroidX: 0.6795
CentroidY: 0.6230
