Location: internet_12.png_Mean-Medain.png
Component: component_1755088957691_277.png
centerX: 0.8178153970173317
centerY: 0.5922440832620474
width: 0.028617492946392584
height: 0.04077559167379527
Area: 0.00047822820415482735
CentroidX: 0.8320
CentroidY: 0.6106
