Location: internet_12.png_Otsu.png
Component: component_1755088957522_328.png
centerX: 0.7081821846029827
centerY: 0.28115198175078415
width: 0.028617492946392584
height: 0.039064727687482176
Area: 0.00037007806233562703
CentroidX: 0.7229
CentroidY: 0.3002
