Location: internet_12.png_Gaussian-Closing.png
Component: component_1755088957075_283.png
centerX: 0.864167674324869
centerY: 0.6318790989449672
width: 0.032245062474808545
height: 0.040490447676076416
Area: 0.0004923647264117473
CentroidX: 0.8781
CentroidY: 0.6505
