Location: Kurtxevani_1794_page_10.png_Mean-Medain.png
Component: component_1755610054970_1503.png
centerX: 0.6732904734073641
centerY: 0.43278977523137946
width: 0.012273524254821741
height: 0.014543851917144116
Area: 0.0001228666093632599
CentroidX: 0.6794
CentroidY: 0.4396
