Location: internet_12.png_Mean-Medain.png
Component: component_1755088957661_143.png
centerX: 0.5054413542926239
centerY: 0.2954091816367265
width: 0.029826682789197905
height: 0.033932135728542916
Area: 0.0003658256125510251
CentroidX: 0.5205
CentroidY: 0.3124
