Location: internet_12.png_Otsu.png
Component: component_1755088957521_324.png
centerX: 0.7988714228133817
centerY: 0.2791559737667522
width: 0.026602176541717048
height: 0.03450242372398061
Area: 0.0003592745412612329
CentroidX: 0.8118
CentroidY: 0.2961
