Location: internet_12.png_Mean-Medain.png
Component: component_1755088957670_185.png
centerX: 0.6352277307537283
centerY: 0.3886512688907898
width: 0.041515517936316
height: 0.03649843170801255
Area: 0.0004578854038338938
CentroidX: 0.6514
CentroidY: 0.4061
