Location: internet_12.png_Mean-Closing.png
Component: component_1755088957371_242.png
centerX: 0.5497783151954857
centerY: 0.5608782435129741
width: 0.027005239822652155
height: 0.03706871970345024
Area: 0.0004301870146963515
CentroidX: 0.5631
CentroidY: 0.5785
