Location: internet_12.png_Mean-Closing.png
Component: component_1755088957337_198.png
centerX: 0.38694074969770254
centerY: 0.4656401482748788
width: 0.030229746070133012
height: 0.039635015682919876
Area: 0.0004759295826496371
CentroidX: 0.4000
CentroidY: 0.4844
