Location: internet_12.png_Otsu.png
Component: component_1755088957516_243.png
centerX: 0.13865376864167675
centerY: 0.21442828628457372
width: 0.02902055622732769
height: 0.039635015682919876
Area: 0.00041145324942905114
CentroidX: 0.1536
CentroidY: 0.2332
