Location: internet_12.png_Gaussian-Closing.png
Component: component_1755088957019_26.png
centerX: 0.615074566706973
centerY: 0.05531793555745652
width: 0.032245062474808545
height: 0.035357855717137156
Area: 0.0004471968138347592
CentroidX: 0.6286
CentroidY: 0.0720
