Location: internet_12.png_Otsu.png
Component: component_1755088957506_83.png
centerX: 0.3430068520757759
centerY: 0.11206159110350727
width: 0.02176541717049577
height: 0.03279155973766752
Area: 0.0003290476684679814
CentroidX: 0.3538
CentroidY: 0.1277
