Location: internet_12.png_Mean-Medain.png
Component: component_1755088957695_298.png
centerX: 0.8222490931076178
centerY: 0.6361562589107499
width: 0.039500201531640466
height: 0.04020530367835757
Area: 0.000539486467268147
CentroidX: 0.8387
CentroidY: 0.6544
