Location: internet_12.png_Otsu.png
Component: component_1755088957522_326.png
centerX: 0.8839177750906893
centerY: 0.2802965497576276
width: 0.029423619508262798
height: 0.038209295694325636
Area: 0.0003796173415821665
CentroidX: 0.8985
CentroidY: 0.2997
