Location: internet_12.png_Mean-Closing.png
Component: component_1755088957339_202.png
centerX: 0.290608625554212
centerY: 0.47305389221556887
width: 0.03426037887948408
height: 0.03792415169660679
Area: 0.00047225178824133275
CentroidX: 0.3043
CentroidY: 0.4919
