Location: Kurtxevani_1764_page_10.png_Otsu.png
Component: component_1755610055988_1771.png
centerX: 0.6446601941747573
centerY: 0.745088868101029
width: 0.016181229773462782
height: 0.01777362020579981
Area: 0.00017316489112106104
CentroidX: 0.6527
CentroidY: 0.7537
