Location: internet_12.png_Otsu.png
Component: component_1755088957562_934.png
centerX: 0.38008867392180573
centerY: 0.6832050185343599
width: 0.031035872632003223
height: 0.03222127174222983
Area: 0.00040674107534341116
CentroidX: 0.3922
CentroidY: 0.6983
