Location: internet_12.png_Mean-Closing.png
Component: component_1755088957167_109.png
centerX: 0.7081821846029827
centerY: 0.2352437981180496
width: 0.030229746070133012
height: 0.037639007698887936
Area: 0.0004424846397491193
CentroidX: 0.7233
CentroidY: 0.2530
