Location: internet_12.png_Mean-Closing.png
Component: component_1755088957147_25.png
centerX: 0.615074566706973
centerY: 0.05531793555745652
width: 0.032245062474808545
height: 0.035357855717137156
Area: 0.0004765042380259347
CentroidX: 0.6288
CentroidY: 0.0720
