Location: Samociqulo_1709_page_10.png_Gaussian-Median.png
Component: component_1755610056298_3241.png
centerX: 0.3326781326781327
centerY: 0.8034375
width: 0.01818181818181818
height: 0.0140625
Area: 0.00013498157248157248
CentroidX: 0.3417
CentroidY: 0.8104
