Location: internet_12.png_Mean-Medain.png
Component: component_1755088957688_260.png
centerX: 0.58484482063684
centerY: 0.5574565155403479
width: 0.031035872632003223
height: 0.04134587966923296
Area: 0.00051994818447403
CentroidX: 0.6005
CentroidY: 0.5776
