Location: internet_12.png_Otsu.png
Component: component_1755088957529_419.png
centerX: 0.9451833937928255
centerY: 0.3669803250641574
width: 0.03909713825070536
height: 0.035642999714856
Area: 0.0003899611383555225
CentroidX: 0.9613
CentroidY: 0.3840
