Location: internet_12.png_Otsu.png
Component: component_1755088957516_266.png
centerX: 0.6670697299476017
centerY: 0.23182207014542344
width: 0.030632809351068116
height: 0.036783575705731396
Area: 0.0003969719339463527
CentroidX: 0.6815
CentroidY: 0.2485
