Location: Kurtxevani_1794_page_10.png_Mean-Medain.png
Component: component_1755610055110_2648.png
centerX: 0.12974868497954412
centerY: 0.8435434111943587
width: 0.01636469900642899
height: 0.020713970912296167
Area: 0.00018314079508863267
CentroidX: 0.1384
CentroidY: 0.8537
