Location: internet_12.png_Mean-Closing.png
Component: component_1755088957378_267.png
centerX: 0.5937122128174124
centerY: 0.615340747077274
width: 0.029826682789197905
height: 0.037639007698887936
Area: 0.00045236871222143724
CentroidX: 0.6080
CentroidY: 0.6329
