Location: internet_12.png_Otsu.png
Component: component_1755088957539_589.png
centerX: 0.7871825876662636
centerY: 0.48246364414029086
width: 0.030229746070133012
height: 0.04220131166238951
Area: 0.00044972529749046845
CentroidX: 0.8042
CentroidY: 0.5032
