Location: internet_12.png_Otsu.png
Component: component_1755088957564_945.png
centerX: 0.014913341394598953
centerY: 0.7000285143997719
width: 0.020556227327690448
height: 0.03022526375819789
Area: 0.0002657206459999906
CentroidX: 0.0257
CentroidY: 0.7155
