Location: Paraklitoni_1720_page_10.png_Mean-Medain.png
Component: component_1755610055499_2000.png
centerX: 0.14329268292682926
centerY: 0.7323308270676692
width: 0.012195121951219513
height: 0.011528822055137845
Area: 8.252338162479369e-05
CentroidX: 0.1494
CentroidY: 0.7379
