Location: internet_12.png_Otsu.png
Component: component_1755088957522_327.png
centerX: 0.010479645304312777
centerY: 0.2808668377530653
width: 0.02781136638452237
height: 0.03649843170801255
Area: 0.0003985809689999859
CentroidX: 0.0248
CentroidY: 0.2971
