Location: internet_12.png_Gaussian-Closing.png
Component: component_1755088957080_302.png
centerX: 0.4727932285368803
centerY: 0.6789278585685772
width: 0.032245062474808545
height: 0.034787567721699456
Area: 0.0004778834109290488
CentroidX: 0.4869
CentroidY: 0.6949
