Location: internet_12.png_Mean-Medain.png
Component: component_1755088957683_244.png
centerX: 0.8569125352680371
centerY: 0.5278015397775877
width: 0.030632809351068116
height: 0.03992015968063872
Area: 0.0004758146515743776
CentroidX: 0.8731
CentroidY: 0.5480
