Location: internet_12.png_Otsu.png
Component: component_1755088957521_323.png
centerX: 0.9338976219266425
centerY: 0.2780153977758768
width: 0.03143893591293833
height: 0.041060735671514116
Area: 0.00043202591190050373
CentroidX: 0.9493
CentroidY: 0.2981
