Location: internet_12.png_Otsu.png
Component: component_1755088957561_927.png
centerX: 0.5122934300685208
centerY: 0.6749358426005133
width: 0.036275695284159616
height: 0.03706871970345024
Area: 0.0004491506421141709
CentroidX: 0.5296
CentroidY: 0.6926
