Location: internet_12.png_Otsu.png
Component: component_1755088957523_331.png
centerX: 0.6049979846835953
centerY: 0.2865697177074423
width: 0.029423619508262798
height: 0.03649843170801255
Area: 0.00035053977954151004
CentroidX: 0.6208
CentroidY: 0.3048
