Location: internet_12.png_Mean-Closing.png
Component: component_1755088957175_143.png
centerX: 0.9189842805320435
centerY: 0.3236384374108925
width: 0.036275695284159616
height: 0.03934987168520103
Area: 0.0005256947382370055
CentroidX: 0.9374
CentroidY: 0.3432
