Location: internet_12.png_Mean-Closing.png
Component: component_1755088957166_105.png
centerX: 0.8432083837162434
centerY: 0.23296264613629883
width: 0.028617492946392584
height: 0.03592814371257485
Area: 0.0004281182553416803
CentroidX: 0.8581
CentroidY: 0.2506
