Location: internet_12.png_Gaussian-Closing.png
Component: component_1755088957063_228.png
centerX: 0.37807335751713017
centerY: 0.5161106358711149
width: 0.029423619508262798
height: 0.03450242372398061
Area: 0.0004637468886721289
CentroidX: 0.3927
CentroidY: 0.5334
