Location: internet_12.png_Otsu.png
Component: component_1755088957506_82.png
centerX: 0.42845626763401856
centerY: 0.11149130310806958
width: 0.028617492946392584
height: 0.034787567721699456
Area: 0.00033054177244635504
CentroidX: 0.4439
CentroidY: 0.1284
