Location: internet_12.png_Mean-Closing.png
Component: component_1755088957217_167.png
centerX: 0.14107214832728737
centerY: 0.37781579697747364
width: 0.027408303103587262
height: 0.04163102366695181
Area: 0.00046225278469375525
CentroidX: 0.1558
CentroidY: 0.3990
