Location: Paraklitoni_1720_page_10.png_Mean-Medain.png
Component: component_1755610055278_702.png
centerX: 0.7698170731707317
centerY: 0.2586466165413534
width: 0.011432926829268292
height: 0.014035087719298246
Area: 7.984901277584204e-05
CentroidX: 0.7751
CentroidY: 0.2644
