Location: Kurtxevani_1764_page_10.png_Otsu.png
Component: component_1755610055964_1516.png
centerX: 0.26731391585760517
centerY: 0.6248830682881198
width: 0.013592233009708738
height: 0.01777362020579981
Area: 0.00014440498787543027
CentroidX: 0.2740
CentroidY: 0.6336
