Location: internet_12.png_Mean-Closing.png
Component: component_1755088957145_19.png
centerX: 0.01128577186618299
centerY: 0.01140575990875392
width: 0.037484885126964934
height: 0.038209295694325636
Area: 0.0005664952699541322
CentroidX: 0.0293
CentroidY: 0.0302
