Location: internet_12.png_Mean-Closing.png
Component: component_1755088957161_89.png
centerX: 0.47158403869407495
centerY: 0.1941830624465355
width: 0.03345425231761386
height: 0.04077559167379527
Area: 0.0005169599765172827
CentroidX: 0.4891
CentroidY: 0.2138
