Location: internet_12.png_Mean-Medain.png
Component: component_1755088957699_311.png
centerX: 0.6521563885530028
centerY: 0.6555460507556315
width: 0.02418379685610641
height: 0.033361847733105215
Area: 0.0003969719339463527
CentroidX: 0.6652
CentroidY: 0.6718
