Location: internet_12.png_Mean-Medain.png
Component: component_1755088957693_287.png
centerX: 0.5937122128174124
centerY: 0.615340747077274
width: 0.029826682789197905
height: 0.03792415169660679
Area: 0.0004628274400700528
CentroidX: 0.6081
CentroidY: 0.6330
