Location: internet_12.png_Otsu.png
Component: component_1755088957523_341.png
centerX: 0.5062474808544941
centerY: 0.2956943256344454
width: 0.02902055622732769
height: 0.033361847733105215
Area: 0.00031249759363061175
CentroidX: 0.5208
CentroidY: 0.3122
