Location: internet_12.png_Mean-Medain.png
Component: component_1755088957690_276.png
centerX: 0.8548972188633616
centerY: 0.5905332192757342
width: 0.027408303103587262
height: 0.03279155973766752
Area: 0.00038432951566780646
CentroidX: 0.8683
CentroidY: 0.6061
