Location: internet_12.png_Otsu.png
Component: component_1755088957551_718.png
centerX: 0.7384119306731157
centerY: 0.5965212432278301
width: 0.029826682789197905
height: 0.03592814371257485
Area: 0.0003772037890017167
CentroidX: 0.7528
CentroidY: 0.6130
