Location: internet_12.png_Otsu.png
Component: component_1755088957534_487.png
centerX: 0.34421604191858124
centerY: 0.4137439406900485
width: 0.028617492946392584
height: 0.037639007698887936
Area: 0.000349620330939434
CentroidX: 0.3595
CentroidY: 0.4318
