Location: internet_12.png_Mean-Medain.png
Component: component_1755088957630_22.png
centerX: 0.9427650141072148
centerY: 0.04818933561448532
width: 0.039500201531640466
height: 0.03934987168520103
Area: 0.0005260395314627841
CentroidX: 0.9591
CentroidY: 0.0668
