Location: internet_12.png_Mean-Closing.png
Component: component_1755088957174_139.png
centerX: 0.27327690447400244
centerY: 0.3088109495295124
width: 0.029423619508262798
height: 0.03792415169660679
Area: 0.00042363594340655937
CentroidX: 0.2874
CentroidY: 0.3281
