Location: internet_12.png_Gaussian-Closing.png
Component: component_1755088957055_192.png
centerX: 0.7952438532849657
centerY: 0.41830624465355004
width: 0.028617492946392584
height: 0.037639007698887936
Area: 0.00044340408835119534
CentroidX: 0.8088
CentroidY: 0.4366
