Location: internet_12.png_Mean-Closing.png
Component: component_1755088957171_128.png
centerX: 0.010479645304312777
centerY: 0.2808668377530653
width: 0.02781136638452237
height: 0.036783575705731396
Area: 0.0004658156480268001
CentroidX: 0.0246
CentroidY: 0.2975
