Location: internet_12.png_Gaussian-Closing.png
Component: component_1755088957064_230.png
centerX: 0.9334945586457074
centerY: 0.523524379811805
width: 0.030632809351068116
height: 0.03507271171941831
Area: 0.0004630573022205718
CentroidX: 0.9488
CentroidY: 0.5406
