Location: internet_12.png_Mean-Medain.png
Component: component_1755088957693_289.png
centerX: 0.5227730753728336
centerY: 0.6213287710293698
width: 0.029423619508262798
height: 0.04220131166238951
Area: 0.0004661604412525786
CentroidX: 0.5372
CentroidY: 0.6413
