Location: internet_12.png_Mean-Medain.png
Component: component_1755088957703_325.png
centerX: 0.10116888351471182
centerY: 0.6994582264043342
width: 0.03345425231761386
height: 0.030795551753635585
Area: 0.0004458176409316451
CentroidX: 0.1143
CentroidY: 0.7138
