Location: internet_12.png_Otsu.png
Component: component_1755088957535_503.png
centerX: 0.7384119306731157
centerY: 0.4245794126033647
width: 0.039500201531640466
height: 0.041060735671514116
Area: 0.00043329015372835835
CentroidX: 0.7539
CentroidY: 0.4431
