Location: internet_12.png_Gaussian-Closing.png
Component: component_1755088957053_182.png
centerX: 0.539701733172108
centerY: 0.3949244368406045
width: 0.030229746070133012
height: 0.03735386370116909
Area: 0.00046259757791953376
CentroidX: 0.5530
CentroidY: 0.4134
