Location: internet_12.png_Mean-Closing.png
Component: component_1755088957149_35.png
centerX: 0.0028214429665457475
centerY: 0.06871970345024238
width: 0.028617492946392584
height: 0.03136583974907328
Area: 0.00045731074845759624
CentroidX: 0.0186
CentroidY: 0.0841
