Location: internet_12.png_Mean-Medain.png
Component: component_1755088957674_201.png
centerX: 0.16404675534058846
centerY: 0.4308525805531794
width: 0.029826682789197905
height: 0.03877958368976333
Area: 0.0004159355613641721
CentroidX: 0.1762
CentroidY: 0.4485
