Location: internet_12.png_Mean-Closing.png
Component: component_1755088957414_303.png
centerX: 0.10116888351471182
centerY: 0.6994582264043342
width: 0.03305118903667876
height: 0.030795551753635585
Area: 0.00044524298555534755
CentroidX: 0.1143
CentroidY: 0.7138
