Location: internet_12.png_Mean-Medain.png
Component: component_1755088957675_203.png
centerX: 0.6392583635630794
centerY: 0.4351297405189621
width: 0.03990326481257558
height: 0.043912175648702596
Area: 0.0005647713038252395
CentroidX: 0.6577
CentroidY: 0.4575
