Location: internet_12.png_Mean-Medain.png
Component: component_1755088957687_255.png
centerX: 0.01128577186618299
centerY: 0.5451953236384374
width: 0.02902055622732769
height: 0.03849443969204448
Area: 0.00048558379297143606
CentroidX: 0.0250
CentroidY: 0.5642
