Location: internet_12.png_Mean-Closing.png
Component: component_1755088957337_199.png
centerX: 0.9371221281741233
centerY: 0.46678072426575423
width: 0.03184199919387344
height: 0.03877958368976333
Area: 0.0004839747579178029
CentroidX: 0.9550
CentroidY: 0.4863
