Location: Samociqulo_1709_page_10.png_Gaussian-Median.png
Component: component_1755610056220_2072.png
centerX: 0.21277641277641277
centerY: 0.485625
width: 0.01818181818181818
height: 0.0121875
Area: 0.00011164004914004913
CentroidX: 0.2222
CentroidY: 0.4913
