Location: internet_12.png_Otsu.png
Component: component_1755088957553_802.png
centerX: 0.9048770656993148
centerY: 0.6270316509837468
width: 0.0354695687222894
height: 0.03877958368976333
Area: 0.0005525886098477312
CentroidX: 0.9214
CentroidY: 0.6460
