Location: internet_12.png_Mean-Closing.png
Component: component_1755088957257_171.png
centerX: 0.694478033051189
centerY: 0.3840889649272883
width: 0.039500201531640466
height: 0.033932135728542916
Area: 0.0004469669516842402
CentroidX: 0.7091
CentroidY: 0.3996
