Location: internet_12.png_Mean-Medain.png
Component: component_1755088957652_107.png
centerX: 0.13825070536074163
centerY: 0.21414314228685485
width: 0.029423619508262798
height: 0.04020530367835757
Area: 0.0004809865499610556
CentroidX: 0.1535
CentroidY: 0.2335
