Location: internet_12.png_Mean-Closing.png
Component: component_1755088957155_63.png
centerX: 0.5796049979846836
centerY: 0.14684915882520672
width: 0.025796049979846837
height: 0.04020530367835757
Area: 0.00043466932663147246
CentroidX: 0.5938
CentroidY: 0.1657
