Location: internet_12.png_Gaussian-Closing.png
Component: component_1755088957062_221.png
centerX: 0.6142684401451027
centerY: 0.4964357000285144
width: 0.028214429665457477
height: 0.04134587966923296
Area: 0.0005305218433979051
CentroidX: 0.6284
CentroidY: 0.5164
