Location: internet_12.png_Otsu.png
Component: component_1755088957533_472.png
centerX: 0.437726723095526
centerY: 0.4057599087539207
width: 0.025796049979846837
height: 0.041060735671514116
Area: 0.00035306826319721934
CentroidX: 0.4511
CentroidY: 0.4250
