Location: internet_12.png_Mean-Medain.png
Component: component_1755088957665_162.png
centerX: 0.6404675534058847
centerY: 0.3367550613059595
width: 0.030229746070133012
height: 0.041060735671514116
Area: 0.0004761594448001561
CentroidX: 0.6555
CentroidY: 0.3566
