Location: internet_12.png_Otsu.png
Component: component_1755088957498_19.png
centerX: 0.9588875453446191
centerY: 0.008269175933846592
width: 0.037081821846029824
height: 0.03022526375819789
Area: 0.0004559315755544821
CentroidX: 0.9758
CentroidY: 0.0232
