Location: Kurtxevani_1794_page_10.png_Mean-Medain.png
Component: component_1755610054603_519.png
centerX: 0.3652834599649328
centerY: 0.10092551784927281
width: 0.012273524254821741
height: 0.013662406346408109
Area: 0.00010921476387845324
CentroidX: 0.3714
CentroidY: 0.1073
