Location: internet_12.png_Gaussian-Closing.png
Component: component_1755088957075_280.png
centerX: 0.9492140266021766
centerY: 0.6293128029654976
width: 0.03506650544135429
height: 0.035357855717137156
Area: 0.0004447832612543095
CentroidX: 0.9653
CentroidY: 0.6456
