Location: internet_12.png_Mean-Closing.png
Component: component_1755088957142_11.png
centerX: 0.758565094719871
centerY: 0.006273167949814656
width: 0.03345425231761386
height: 0.035642999714856
Area: 0.0005419000198485967
CentroidX: 0.7728
CentroidY: 0.0229
