Location: internet_12.png_Mean-Medain.png
Component: component_1755088957643_59.png
centerX: 0.0028214429665457475
centerY: 0.12147134302822926
width: 0.027005239822652155
height: 0.034787567721699456
Area: 0.00046765454523095226
CentroidX: 0.0168
CentroidY: 0.1388
