Location: internet_12.png_Gaussian-Closing.png
Component: component_1755088957059_207.png
centerX: 0.9371221281741233
centerY: 0.46678072426575423
width: 0.03143893591293833
height: 0.03877958368976333
Area: 0.0004660455101773191
CentroidX: 0.9549
CentroidY: 0.4863
