Location: internet_12.png_Gaussian-Closing.png
Component: component_1755088957043_140.png
centerX: 0.46432889963724305
centerY: 0.29426860564585117
width: 0.028214429665457477
height: 0.03992015968063872
Area: 0.00041949842469721693
CentroidX: 0.4781
CentroidY: 0.3141
