Location: internet_12.png_Gaussian-Closing.png
Component: component_1755088957053_181.png
centerX: 0.5904877065699314
centerY: 0.3900769888793841
width: 0.03345425231761386
height: 0.03649843170801255
Area: 0.00047834313523008684
CentroidX: 0.6052
CentroidY: 0.4079
