Location: internet_12.png_Gaussian-Closing.png
Component: component_1755088957056_196.png
centerX: 0.6936719064893189
centerY: 0.4291417165668663
width: 0.03184199919387344
height: 0.03450242372398061
Area: 0.0004015691769567332
CentroidX: 0.7062
CentroidY: 0.4461
