Location: internet_12.png_Otsu.png
Component: component_1755088957526_385.png
centerX: 0.731962918178154
centerY: 0.3282007413743941
width: 0.0354695687222894
height: 0.03934987168520103
Area: 0.0004382321899645173
CentroidX: 0.7504
CentroidY: 0.3479
