Location: internet_12.png_Otsu.png
Component: component_1755088957539_585.png
centerX: 0.24385328496573963
centerY: 0.47875677216994583
width: 0.02539298669891173
height: 0.03735386370116909
Area: 0.00038007706588320453
CentroidX: 0.2568
CentroidY: 0.4974
