Location: internet_12.png_Gaussian-Closing.png
Component: component_1755088957028_68.png
centerX: 0.7879887142281338
centerY: 0.14684915882520672
width: 0.032245062474808545
height: 0.036213287710293696
Area: 0.0004319109808252442
CentroidX: 0.8023
CentroidY: 0.1633
