Location: internet_12.png_Otsu.png
Component: component_1755088957522_330.png
centerX: 0.6606207174526401
centerY: 0.28286284573709725
width: 0.027005239822652155
height: 0.039635015682919876
Area: 0.00036536588824998705
CentroidX: 0.6759
CentroidY: 0.3016
