Location: Kurtxevani_1794_page_10.png_Mean-Medain.png
Component: component_1755610054794_730.png
centerX: 0.3495032144944477
centerY: 0.1771705597179374
width: 0.013442431326709527
height: 0.014543851917144116
Area: 0.00012570001125633296
CentroidX: 0.3557
CentroidY: 0.1842
