Location: internet_12.png_Mean-Medain.png
Component: component_1755088957677_214.png
centerX: 0.9371221281741233
centerY: 0.46678072426575423
width: 0.032245062474808545
height: 0.03877958368976333
Area: 0.0004829403782404673
CentroidX: 0.9550
CentroidY: 0.4863
