Location: internet_12.png_Otsu.png
Component: component_1755088957528_411.png
centerX: 0.41031841999193874
centerY: 0.3532934131736527
width: 0.02902055622732769
height: 0.03934987168520103
Area: 0.00037145723523874114
CentroidX: 0.4252
CentroidY: 0.3720
