Location: internet_12.png_Gaussian-Closing.png
Component: component_1755088957029_71.png
centerX: 0.4836759371221282
centerY: 0.1508411747932706
width: 0.024586860137041516
height: 0.03706871970345024
Area: 0.00040674107534341116
CentroidX: 0.4956
CentroidY: 0.1679
