Location: internet_12.png_Mean-Medain.png
Component: component_1755088957700_315.png
centerX: 0.5550181378476421
centerY: 0.6720844026233248
width: 0.0471584038694075
height: 0.03279155973766752
Area: 0.0005056967311418505
CentroidX: 0.5712
CentroidY: 0.6868
