Location: internet_12.png_Mean-Medain.png
Component: component_1755088957701_321.png
centerX: 0.27972591696896415
centerY: 0.6897633304818933
width: 0.029423619508262798
height: 0.03307670373538637
Area: 0.00045144926361936113
CentroidX: 0.2928
CentroidY: 0.7057
