Location: internet_12.png_Otsu.png
Component: component_1755088957553_809.png
centerX: 0.9496170898831117
centerY: 0.6295979469632165
width: 0.03506650544135429
height: 0.034787567721699456
Area: 0.0004230612880302618
CentroidX: 0.9652
CentroidY: 0.6455
