Location: internet_12.png_Otsu.png
Component: component_1755088957505_80.png
centerX: 0.5272067714631197
centerY: 0.10949529512403763
width: 0.028214429665457477
height: 0.033361847733105215
Area: 0.0003992705554515429
CentroidX: 0.5410
CentroidY: 0.1245
