Location: internet_12.png_Mean-Closing.png
Component: component_1755088957177_149.png
centerX: 0.04836759371221282
centerY: 0.33048189335614486
width: 0.027408303103587262
height: 0.033932135728542916
Area: 0.00040329314308562586
CentroidX: 0.0620
CentroidY: 0.3464
