Location: internet_12.png_Gaussian-Closing.png
Component: component_1755088957050_167.png
centerX: 0.2724707779121322
centerY: 0.3646991730824066
width: 0.031035872632003223
height: 0.04220131166238951
Area: 0.00047064275318769956
CentroidX: 0.2879
CentroidY: 0.3847
