Location: internet_12.png_Mean-Medain.png
Component: component_1755088957680_230.png
centerX: 0.6610237807335752
centerY: 0.4955802680353579
width: 0.03184199919387344
height: 0.039064727687482176
Area: 0.0005092595944748954
CentroidX: 0.6753
CentroidY: 0.5145
