Location: internet_12.png_Mean-Medain.png
Component: component_1755088957654_115.png
centerX: 0.7557436517533253
centerY: 0.23353293413173654
width: 0.030229746070133012
height: 0.03877958368976333
Area: 0.0004779983420043083
CentroidX: 0.7711
CentroidY: 0.2518
