Location: Samociqulo_1709_page_10.png_Gaussian-Median.png
Component: component_1755610056253_2510.png
centerX: 0.2855036855036855
centerY: 0.6109375
width: 0.019164619164619166
height: 0.014375
Area: 0.00014864864864864866
CentroidX: 0.2958
CentroidY: 0.6182
