Location: internet_12.png_Mean-Medain.png
Component: component_1755088957625_6.png
centerX: 0.3667875856509472
centerY: 0.003992015968063872
width: 0.02418379685610641
height: 0.033932135728542916
Area: 0.0004967321072716086
CentroidX: 0.3802
CentroidY: 0.0212
