Location: internet_12.png_Otsu.png
Component: component_1755088957525_372.png
centerX: 0.1422813381700927
centerY: 0.32249786142001713
width: 0.022974607013301087
height: 0.03507271171941831
Area: 0.0003652509571747275
CentroidX: 0.1527
CentroidY: 0.3395
