Location: internet_12.png_Otsu.png
Component: component_1755088957537_563.png
centerX: 0.43571140669085046
centerY: 0.45879669232962644
width: 0.03385731559854897
height: 0.03992015968063872
Area: 0.00039352400168856733
CentroidX: 0.4500
CentroidY: 0.4773
