Location: internet_12.png_Mean-Medain.png
Component: component_1755088957655_122.png
centerX: 0.42563482466747277
centerY: 0.24779013401767894
width: 0.02781136638452237
height: 0.036783575705731396
Area: 0.00042961235932005397
CentroidX: 0.4371
CentroidY: 0.2652
