Location: internet_12.png_Mean-Medain.png
Component: component_1755088957633_27.png
centerX: 0.615074566706973
centerY: 0.05531793555745652
width: 0.032648125755743655
height: 0.035642999714856
Area: 0.00047661916910119416
CentroidX: 0.6288
CentroidY: 0.0720
