Location: internet_12.png_Mean-Medain.png
Component: component_1755088957659_138.png
centerX: 0.8399838774687626
centerY: 0.28172226974622183
width: 0.030229746070133012
height: 0.036783575705731396
Area: 0.0004168550099662482
CentroidX: 0.8549
CentroidY: 0.2993
