Location: internet_12.png_Gaussian-Closing.png
Component: component_1755088957082_308.png
centerX: 0.18823055219669488
centerY: 0.696036498431708
width: 0.03426037887948408
height: 0.033361847733105215
Area: 0.00046696495877939523
CentroidX: 0.2033
CentroidY: 0.7119
