Location: internet_12.png_Gaussian-Closing.png
Component: component_1755088957052_177.png
centerX: 0.05280128980249899
centerY: 0.38294838893641286
width: 0.024989923417976623
height: 0.04020530367835757
Area: 0.0004328304294273203
CentroidX: 0.0661
CentroidY: 0.4034
