Location: internet_12.png_Gaussian-Closing.png
Component: component_1755088957059_210.png
centerX: 0.290608625554212
centerY: 0.47305389221556887
width: 0.03466344216041919
height: 0.03792415169660679
Area: 0.00044547284770586653
CentroidX: 0.3041
CentroidY: 0.4919
