Location: internet_12.png_Mean-Closing.png
Component: component_1755088957180_151.png
centerX: 0.6900443369609028
centerY: 0.33276304533789564
width: 0.03143893591293833
height: 0.040490447676076416
Area: 0.00046868892490828785
CentroidX: 0.7047
CentroidY: 0.3524
