Location: Paraklitoni_1720_page_10.png_Mean-Medain.png
Component: component_1755610055323_1209.png
centerX: 0.2774390243902439
centerY: 0.4431077694235589
width: 0.012195121951219513
height: 0.012531328320802004
Area: 8.74900666299896e-05
CentroidX: 0.2830
CentroidY: 0.4488
