Location: internet_12.png_Mean-Closing.png
Component: component_1755088957172_131.png
centerX: 0.660217654171705
centerY: 0.2825777017393784
width: 0.02781136638452237
height: 0.04020530367835757
Area: 0.00047937751490742243
CentroidX: 0.6752
CentroidY: 0.3028
