Location: internet_12.png_Mean-Closing.png
Component: component_1755088957155_62.png
centerX: 0.6307940346634422
centerY: 0.1459937268320502
width: 0.028617492946392584
height: 0.03792415169660679
Area: 0.0004540926783503299
CentroidX: 0.6438
CentroidY: 0.1636
