Location: internet_12.png_Mean-Medain.png
Component: component_1755088957678_223.png
centerX: 0.7871825876662636
centerY: 0.48246364414029086
width: 0.030632809351068116
height: 0.04220131166238951
Area: 0.000514546423936833
CentroidX: 0.8044
CentroidY: 0.5037
