Location: internet_12.png_Gaussian-Closing.png
Component: component_1755088957044_141.png
centerX: 0.505844417573559
centerY: 0.2954091816367265
width: 0.029423619508262798
height: 0.033932135728542916
Area: 0.00035214881459514323
CentroidX: 0.5206
CentroidY: 0.3123
