Location: internet_12.png_Gaussian-Closing.png
Component: component_1755088957076_287.png
centerX: 0.7795243853284965
centerY: 0.6401482748788138
width: 0.03305118903667876
height: 0.03706871970345024
Area: 0.0004677694763062118
CentroidX: 0.7952
CentroidY: 0.6570
