Location: internet_12.png_Mean-Closing.png
Component: component_1755088957170_124.png
centerX: 0.9338976219266425
centerY: 0.27773025377815796
width: 0.03143893591293833
height: 0.04134587966923296
Area: 0.0005021338678088057
CentroidX: 0.9494
CentroidY: 0.2983
