Location: internet_12.png_Mean-Closing.png
Component: component_1755088957173_134.png
centerX: 0.46432889963724305
centerY: 0.29426860564585117
width: 0.028617492946392584
height: 0.03992015968063872
Area: 0.0004511044703935826
CentroidX: 0.4782
CentroidY: 0.3141
