Location: internet_12.png_Mean-Closing.png
Component: component_1755088957146_21.png
centerX: 0.8931882305521966
centerY: 0.05018534359851725
width: 0.030632809351068116
height: 0.036213287710293696
Area: 0.0004714472707145161
CentroidX: 0.9079
CentroidY: 0.0674
