Location: Kurtxevani_1764_page_10.png_Otsu.png
Component: component_1755610055869_855.png
centerX: 0.18381877022653723
centerY: 0.2885874649204864
width: 0.016828478964401296
height: 0.019176800748362956
Area: 0.000211915076546753
CentroidX: 0.1916
CentroidY: 0.2980
