Location: internet_12.png_Gaussian-Closing.png
Component: component_1755088957014_7.png
centerX: 0.4091092301491334
centerY: 0.00427715996578272
width: 0.029826682789197905
height: 0.03992015968063872
Area: 0.0005552320245787
CentroidX: 0.4251
CentroidY: 0.0239
