Location: internet_12.png_Gaussian-Closing.png
Component: component_1755088957024_48.png
centerX: 0.5828295042321644
centerY: 0.1092101511263188
width: 0.026602176541717048
height: 0.032506415739948676
Area: 0.00041133831835379165
CentroidX: 0.5947
CentroidY: 0.1239
