Location: Paraklitoni_1720_page_10.png_Mean-Medain.png
Component: component_1755610055227_340.png
centerX: 0.35289634146341464
centerY: 0.13283208020050125
width: 0.010670731707317074
height: 0.012030075187969926
Area: 7.641053854147564e-05
CentroidX: 0.3583
CentroidY: 0.1385
