Location: internet_12.png_Mean-Closing.png
Component: component_1755088957371_243.png
centerX: 0.5118903667875857
centerY: 0.5642999714856002
width: 0.026199113260781944
height: 0.03364699173082407
Area: 0.00045133433254410164
CentroidX: 0.5260
CentroidY: 0.5817
