Location: internet_12.png_Otsu.png
Component: component_1755088957550_698.png
centerX: 0.22047561467150342
centerY: 0.587111491303108
width: 0.02176541717049577
height: 0.035642999714856
Area: 0.0003785829619048309
CentroidX: 0.2323
CentroidY: 0.6048
