Location: Paraklitoni_1720_page_10.png_Mean-Medain.png
Component: component_1755610055259_511.png
centerX: 0.33460365853658536
centerY: 0.19398496240601504
width: 0.011432926829268292
height: 0.012531328320802004
Area: 8.175927623937893e-05
CentroidX: 0.3395
CentroidY: 0.2000
