Location: internet_12.png_Otsu.png
Component: component_1755088957542_619.png
centerX: 0.47762998790810157
centerY: 0.5138294838893641
width: 0.03466344216041919
height: 0.03450242372398061
Area: 0.00041938349362195744
CentroidX: 0.4896
CentroidY: 0.5302
