Location: internet_12.png_Mean-Medain.png
Component: component_1755088957662_149.png
centerX: 0.2365981459089077
centerY: 0.3128029654975763
width: 0.0237807335751713
height: 0.03849443969204448
Area: 0.00043202591190050373
CentroidX: 0.2483
CentroidY: 0.3323
