Location: internet_12.png_Gaussian-Closing.png
Component: component_1755088957057_201.png
centerX: 0.014510278113663845
centerY: 0.43741089250071286
width: 0.030229746070133012
height: 0.0427715996578272
Area: 0.00048156120533735317
CentroidX: 0.0290
CentroidY: 0.4579
