Location: internet_12.png_Gaussian-Closing.png
Component: component_1755088957037_112.png
centerX: 0.8432083837162434
centerY: 0.23296264613629883
width: 0.028617492946392584
height: 0.03592814371257485
Area: 0.0004185789760951409
CentroidX: 0.8580
CentroidY: 0.2507
