Location: internet_12.png_Mean-Closing.png
Component: component_1755088957159_79.png
centerX: 0.051592099959693674
centerY: 0.17365269461077845
width: 0.0237807335751713
height: 0.034787567721699456
Area: 0.0004215671840518882
CentroidX: 0.0648
CentroidY: 0.1903
