Location: internet_12.png_Mean-Medain.png
Component: component_1755088957639_54.png
centerX: 0.2889963724304716
centerY: 0.11291702309666382
width: 0.03143893591293833
height: 0.036213287710293696
Area: 0.00045868992136071035
CentroidX: 0.3036
CentroidY: 0.1300
