Location: internet_12.png_Mean-Medain.png
Component: component_1755088957667_174.png
centerX: 0.2317613865376864
centerY: 0.3686911890504705
width: 0.025796049979846837
height: 0.03992015968063872
Area: 0.00044340408835119534
CentroidX: 0.2449
CentroidY: 0.3877
