Location: Paraklitoni_1720_page_10.png_Mean-Medain.png
Component: component_1755610055651_2269.png
centerX: 0.7804878048780488
centerY: 0.8365914786967419
width: 0.010670731707317074
height: 0.014536340852130326
Area: 0.00010200806895286997
CentroidX: 0.7858
CentroidY: 0.8434
