Location: internet_12.png_Otsu.png
Component: component_1755088957543_631.png
centerX: 0.28657799274486095
centerY: 0.525235243798118
width: 0.03305118903667876
height: 0.036783575705731396
Area: 0.000405132040289778
CentroidX: 0.3003
CentroidY: 0.5418
