Location: internet_12.png_Gaussian-Closing.png
Component: component_1755088957017_19.png
centerX: 0.9588875453446191
centerY: 0.008269175933846592
width: 0.037484885126964934
height: 0.03022526375819789
Area: 0.00046340209544635033
CentroidX: 0.9758
CentroidY: 0.0232
