Location: internet_12.png_Gaussian-Closing.png
Component: component_1755088957022_40.png
centerX: 0.9355098750503829
centerY: 0.09951525520387795
width: 0.03869407496977025
height: 0.03649843170801255
Area: 0.00044800133136157583
CentroidX: 0.9482
CentroidY: 0.1159
