Location: internet_12.png_Otsu.png
Component: component_1755088957517_271.png
centerX: 0.7984683595324465
centerY: 0.23353293413173654
width: 0.031035872632003223
height: 0.03735386370116909
Area: 0.0003678943719056963
CentroidX: 0.8153
CentroidY: 0.2513
