Location: internet_12.png_Otsu.png
Component: component_1755088957525_357.png
centerX: 0.2365981459089077
centerY: 0.31308810949529514
width: 0.023377670294236194
height: 0.03792415169660679
Area: 0.0003715721663140007
CentroidX: 0.2484
CentroidY: 0.3320
