Location: internet_12.png_Mean-Medain.png
Component: component_1755088957701_320.png
centerX: 0.32245062474808545
centerY: 0.6869118905047049
width: 0.04675534058847239
height: 0.033932135728542916
Area: 0.0005474167114610533
CentroidX: 0.3420
CentroidY: 0.7034
