Location: internet_12.png_Gaussian-Closing.png
Component: component_1755088957058_206.png
centerX: 0.3873438129786376
centerY: 0.4656401482748788
width: 0.028617492946392584
height: 0.039635015682919876
Area: 0.00045834512813493184
CentroidX: 0.3998
CentroidY: 0.4845
