Location: Samociqulo_1709_page_10.png_Gaussian-Median.png
Component: component_1755610056187_1775.png
centerX: 0.6918918918918919
centerY: 0.38
width: 0.015233415233415233
height: 0.0125
Area: 0.00010595823095823095
CentroidX: 0.6987
CentroidY: 0.3851
