Location: internet_12.png_Mean-Closing.png
Component: component_1755088957150_39.png
centerX: 0.8786779524385329
centerY: 0.1003706871970345
width: 0.039500201531640466
height: 0.04077559167379527
Area: 0.0005375326389887353
CentroidX: 0.8979
CentroidY: 0.1193
