Location: internet_12.png_Otsu.png
Component: component_1755088957542_617.png
centerX: 0.426440951229343
centerY: 0.5132591958939264
width: 0.025796049979846837
height: 0.036783575705731396
Area: 0.00036042385201382805
CentroidX: 0.4397
CentroidY: 0.5304
