Location: internet_12.png_Mean-Closing.png
Component: component_1755088957375_259.png
centerX: 0.7384119306731157
centerY: 0.5965212432278301
width: 0.029826682789197905
height: 0.03592814371257485
Area: 0.00043765753458821976
CentroidX: 0.7528
CentroidY: 0.6132
