Location: internet_12.png_Otsu.png
Component: component_1755088957554_810.png
centerX: 0.42200725513905685
centerY: 0.6301682349586541
width: 0.02257154373236598
height: 0.03934987168520103
Area: 0.0003501949863157315
CentroidX: 0.4331
CentroidY: 0.6484
