Location: internet_12.png_Mean-Medain.png
Component: component_1755088957668_178.png
centerX: 0.79242241031842
centerY: 0.37496435700028513
width: 0.03184199919387344
height: 0.03450242372398061
Area: 0.000455471851253444
CentroidX: 0.8060
CentroidY: 0.3912
