Location: internet_12.png_Gaussian-Closing.png
Component: component_1755088957066_236.png
centerX: 0.7791213220475615
centerY: 0.5357855717137154
width: 0.036275695284159616
height: 0.038209295694325636
Area: 0.0005104089052274906
CentroidX: 0.7981
CentroidY: 0.5543
