Location: internet_12.png_Mean-Closing.png
Component: component_1755088957149_34.png
centerX: 0.18057234985892784
centerY: 0.06615340747077274
width: 0.02902055622732769
height: 0.031936127744510975
Area: 0.0005112134227543071
CentroidX: 0.1940
CentroidY: 0.0817
