Location: internet_17.png_Gaussian-Closing.png
Component: component_1755086410988_290.png
centerX: 0.12898024989923418
centerY: 0.8003992015968064
width: 0.026602176541717048
height: 0.020530367835757058
Area: 0.00020055472632784756
CentroidX: 0.1402
CentroidY: 0.8107
