Location: internet_27.png_Otsu.png
Component: component_1755079634749_396.png
centerX: 0.7771060056428859
centerY: 0.16823495865412033
width: 0.011688835147118097
height: 0.006273167949814656
Area: 2.1951835374566695e-05
CentroidX: 0.7815
CentroidY: 0.1718
