Location: internet_17.png_Otsu.png
Component: component_1755086411122_1393.png
centerX: 0.7460701330108828
centerY: 0.7573424579412603
width: 0.006449012494961709
height: 0.01283147989734816
Area: 4.022587634082902e-05
CentroidX: 0.7495
CentroidY: 0.7628
