Location: Kurtxevani_1794_page_10.png_Mean-Medain.png
Component: component_1755610055100_2527.png
centerX: 0.7931034482758621
centerY: 0.8025561921551344
width: 0.015780245470485097
height: 0.008373732921992068
Area: 8.474447480191301e-05
CentroidX: 0.8015
CentroidY: 0.8064
