Location: internet_30.png_Gaussian-Median.png
Component: component_1755078353873_82.png
centerX: 0.7291414752116082
centerY: 0.14399771884801824
width: 0.022168480451430876
height: 0.017678927858568578
Area: 0.00014251453332179425
CentroidX: 0.7425
CentroidY: 0.1542
