Location: internet_13.png_Gaussian-Median.png
Component: component_1755088480735_158.png
centerX: 0.26158806932688433
centerY: 0.28885086968919305
width: 0.02781136638452237
height: 0.026803535785571715
Area: 0.0002957176566427231
CentroidX: 0.2730
CentroidY: 0.3028
