Location: Kurtxevani_1764_page_10.png_Otsu.png
Component: component_1755610055832_596.png
centerX: 0.18705501618122977
centerY: 0.1716557530402245
width: 0.020064724919093852
height: 0.012628624883068288
Area: 0.0001746785702392521
CentroidX: 0.1974
CentroidY: 0.1770
