Location: Samociqulo_1709_page_10.png_Gaussian-Median.png
Component: component_1755610056103_650.png
centerX: 0.342014742014742
centerY: 0.111875
width: 0.01425061425061425
height: 0.0053125
Area: 4.437960687960688e-05
CentroidX: 0.3484
CentroidY: 0.1147
