Location: Paraklitoni_1720_page_10.png_Mean-Medain.png
Component: component_1755610055683_2387.png
centerX: 0.8239329268292683
centerY: 0.8661654135338346
width: 0.024390243902439025
height: 0.013533834586466165
Area: 0.0001577877620881472
CentroidX: 0.8370
CentroidY: 0.8718
