Location: internet_17.png_Otsu.png
Component: component_1755086411086_641.png
centerX: 0.3857315598548972
centerY: 0.3367550613059595
width: 0.007658202337767029
height: 0.010835471913316224
Area: 2.390566365397839e-05
CentroidX: 0.3887
CentroidY: 0.3437
