Location: internet_20.png_Otsu.png
Component: component_1755083652397_495.png
centerX: 0.686819830713422
centerY: 0.20587396635300828
width: 0.02176541717049577
height: 0.01568291987453664
Area: 8.102640805795561e-05
CentroidX: 0.7026
CentroidY: 0.2129
