Location: Dedata_17.png_Otsu.png
Component: component_1755512340205_236.png
centerX: 0.927016129032258
centerY: 0.21915075520091193
width: 0.012903225806451613
height: 0.02108862923909946
Area: 5.826032598203697e-05
CentroidX: 0.9325
CentroidY: 0.2309
