Location: Kurtxevani_1764_page_10.png_Otsu.png
Component: component_1755610055871_871.png
centerX: 0.7585760517799353
centerY: 0.29045837231057064
width: 0.037540453074433655
height: 0.025724976613657625
Area: 0.00038174987360779366
CentroidX: 0.7767
CentroidY: 0.3022
