Location: Samociqulo_1709_page_10.png_Gaussian-Median.png
Component: component_1755610056234_2249.png
centerX: 0.4864864864864865
centerY: 0.5359375
width: 0.015724815724815724
height: 0.0046875
Area: 4.484029484029484e-05
CentroidX: 0.4940
CentroidY: 0.5383
