Location: Paraklitoni_1720_page_10.png_Mean-Medain.png
Component: component_1755610055377_1707.png
centerX: 0.5480182926829268
centerY: 0.6150375939849624
width: 0.037347560975609755
height: 0.014035087719298246
Area: 0.00029494467877009596
CentroidX: 0.5640
CentroidY: 0.6209
