Location: internet_17.png_Gaussian-Closing.png
Component: component_1755086410989_294.png
centerX: 0.07295445384925434
centerY: 0.8072426575420587
width: 0.024586860137041516
height: 0.019389791844881665
Area: 0.0002011293817041451
CentroidX: 0.0836
CentroidY: 0.8172
