Location: Dedata_19.png_Otsu.png
Component: component_1755511661606_162.png
centerX: 0.7665322580645161
centerY: 0.22143060701054432
width: 0.007258064516129033
height: 0.008549444286121402
Area: 2.528061482455253e-05
CentroidX: 0.7697
CentroidY: 0.2257
