Location: internet_23.png_Otsu.png
Component: component_1755081841780_139.png
centerX: 0.7754937525191455
centerY: 0.1596806387225549
width: 0.024586860137041516
height: 0.05332192757342458
Area: 0.00013159608117214067
CentroidX: 0.7872
CentroidY: 0.1881
