Location: Dedata_31.png_Otsu.png
Component: component_1755503061809_953.png
centerX: 0.2838709677419355
centerY: 0.689085209461385
width: 0.017338709677419354
height: 0.006269592476489028
Area: 2.4246407854457203e-05
CentroidX: 0.2891
CentroidY: 0.6925
