Location: Samociqulo_1709_page_10.png_Gaussian-Median.png
Component: component_1755610056137_1127.png
centerX: 0.4515970515970516
centerY: 0.250625
width: 0.016216216216216217
height: 0.013125
Area: 0.00011071867321867322
CentroidX: 0.4588
CentroidY: 0.2573
