Location: internet_17.png_Otsu.png
Component: component_1755086411065_46.png
centerX: 0.4212011285771866
centerY: 0.11149130310806958
width: 0.023377670294236194
height: 0.018249215854006275
Area: 0.00016952333600777944
CentroidX: 0.4313
CentroidY: 0.1209
