Location: Kurtxevani_1784_page_10.png_Gaussian-Closing.png
Component: component_1755610055728_220.png
centerX: 0.6458557588805167
centerY: 0.2749003984063745
width: 0.03982777179763186
height: 0.020717131474103586
Area: 0.000464021202595431
CentroidX: 0.6634
CentroidY: 0.2825
