Location: Samociqulo_1709_page_10.png_Gaussian-Median.png
Component: component_1755610056243_2378.png
centerX: 0.343980343980344
centerY: 0.56875
width: 0.012285012285012284
height: 0.0078125
Area: 6.065724815724816e-05
CentroidX: 0.3504
CentroidY: 0.5720
