Location: Paraklitoni_1720_page_10.png_Mean-Medain.png
Component: component_1755610055362_1599.png
centerX: 0.3155487804878049
centerY: 0.5734335839598997
width: 0.02972560975609756
height: 0.009523809523809525
Area: 0.0001749801332599792
CentroidX: 0.3303
CentroidY: 0.5771
