Location: Kurtxevani_1784_page_10.png_Gaussian-Closing.png
Component: component_1755610055704_5.png
centerX: 0.5457481162540366
centerY: 0.0
width: 0.04305705059203445
height: 0.036653386454183264
Area: 0.0008173977931117296
CentroidX: 0.5644
CentroidY: 0.0150
