Location: internet_18.png_Gaussian-Median.png
Component: component_1755084392175_63.png
centerX: 0.8972188633615478
centerY: 0.13088109495295125
width: 0.02539298669891173
height: 0.029940119760479042
Area: 0.00022813818439013032
CentroidX: 0.9134
CentroidY: 0.1507
