Location: internet_21.png_Otsu.png
Component: component_1755082376953_1783.png
centerX: 0.12696493349455865
centerY: 0.5443398916452808
width: 0.0068520757758968156
height: 0.016253207869974338
Area: 4.217970462024072e-05
CentroidX: 0.1297
CentroidY: 0.5518
