Location: Dedata_29.png_Otsu.png
Component: component_1755504603629_364.png
centerX: 0.9209677419354839
centerY: 0.62182958107723
width: 0.03790322580645161
height: 0.030493017953833
Area: 0.0005349148273104184
CentroidX: 0.9405
CentroidY: 0.6365
