Location: Dedata_13.png_Otsu.png
Component: component_1755520268432_92.png
centerX: 0.2782258064516129
centerY: 0.16728412653177543
width: 0.010080645161290322
height: 0.010829296095753777
Area: 3.389900624201362e-05
CentroidX: 0.2811
CentroidY: 0.1732
