Location: Kurtxevani_1784_page_10.png_Gaussian-Closing.png
Component: component_1755610055759_485.png
centerX: 0.2131324004305705
centerY: 0.6462151394422311
width: 0.038751345532831
height: 0.0199203187250996
Area: 0.0004219934042087838
CentroidX: 0.2314
CentroidY: 0.6537
