Location: Dedata_31.png_Mean-Closing.png
Component: component_1755503061310_68.png
centerX: 0.06330645161290323
centerY: 0.09603875748076375
width: 0.017338709677419354
height: 0.018808777429467086
Area: 0.00011445223802388329
CentroidX: 0.0709
CentroidY: 0.1059
