Location: Samociqulo_1709_page_10.png_Gaussian-Median.png
Component: component_1755610056233_2245.png
centerX: 0.5459459459459459
centerY: 0.5346875
width: 0.015724815724815724
height: 0.0053125
Area: 4.484029484029484e-05
CentroidX: 0.5521
CentroidY: 0.5374
