Location: Samociqulo_1709_page_10.png_Gaussian-Median.png
Component: component_1755610056091_518.png
centerX: 0.8368550368550368
centerY: 0.07375
width: 0.0068796068796068794
height: 0.0075
Area: 2.7641277641277643e-05
CentroidX: 0.8401
CentroidY: 0.0773
