Location: Samociqulo_1709_page_10.png_Gaussian-Median.png
Component: component_1755610056323_3625.png
centerX: 0.6673218673218673
centerY: 0.889375
width: 0.016216216216216217
height: 0.0109375
Area: 9.183046683046683e-05
CentroidX: 0.6746
CentroidY: 0.8942
