Location: Dedata_31.png_Mean-Closing.png
Component: component_1755503061322_107.png
centerX: 0.4907258064516129
centerY: 0.1664291821031633
width: 0.01975806451612903
height: 0.018238814477058992
Area: 0.00011387767859605254
CentroidX: 0.4992
CentroidY: 0.1758
