Location: Samociqulo_1709_page_10.png_Gaussian-Median.png
Component: component_1755610056079_246.png
centerX: 0.8830466830466831
centerY: 0.02625
width: 0.008353808353808353
height: 0.015625
Area: 2.2727272727272726e-05
CentroidX: 0.8871
CentroidY: 0.0337
