Location: Kurtxevani_1764_page_10.png_Otsu.png
Component: component_1755610055880_955.png
centerX: 0.49967637540453075
centerY: 0.32787652011225443
width: 0.010355987055016181
height: 0.007951356407857811
Area: 3.875018542569198e-05
CentroidX: 0.5056
CentroidY: 0.3310
