Location: Paraklitoni_1720_page_10.png_Mean-Medain.png
Component: component_1755610055264_547.png
centerX: 0.8315548780487805
centerY: 0.20150375939849624
width: 0.025914634146341462
height: 0.008020050125313283
Area: 0.0001298979155205086
CentroidX: 0.8444
CentroidY: 0.2048
