Location: Kurtxevani_1784_page_10.png_Gaussian-Closing.png
Component: component_1755610055709_85.png
centerX: 0.7685683530678149
centerY: 0.09561752988047809
width: 0.10656620021528525
height: 0.028685258964143426
Area: 0.0009855089866583184
CentroidX: 0.8143
CentroidY: 0.1099
