Location: Paraklitoni_1720_page_10.png_Mean-Medain.png
Component: component_1755610055677_2344.png
centerX: 0.7202743902439024
centerY: 0.8581453634085213
width: 0.025152439024390245
height: 0.014536340852130326
Area: 0.00021242129714530228
CentroidX: 0.7312
CentroidY: 0.8654
