Location: internet_30.png_Mean-Medain.png
Component: component_1755078353663_237.png
centerX: 0.852881902458686
centerY: 0.45708582834331335
width: 0.01894397420395002
height: 0.015968063872255488
Area: 0.00012366583697923436
CentroidX: 0.8643
CentroidY: 0.4661
