Location: Kurtxevani_1764_page_10.png_Otsu.png
Component: component_1755610055802_77.png
centerX: 0.9055016181229774
centerY: 0.02478952291861553
width: 0.009061488673139158
height: 0.007015902712815715
Area: 7.568395590955465e-06
CentroidX: 0.9099
CentroidY: 0.0278
