Location: internet_13.png_Gaussian-Closing.png
Component: component_1755088480533_275.png
centerX: 0.460298266827892
centerY: 0.6190476190476191
width: 0.02418379685610641
height: 0.010835471913316224
Area: 0.0001310214257958431
CentroidX: 0.4739
CentroidY: 0.6235
