Location: Dedata_13.png_Otsu.png
Component: component_1755520268591_403.png
centerX: 0.6903225806451613
centerY: 0.46736962097463663
width: 0.00967741935483871
height: 0.010829296095753777
Area: 4.0793719375982496e-05
CentroidX: 0.6957
CentroidY: 0.4726
