Location: Dedata_13.png_Otsu.png
Component: component_1755520268432_94.png
centerX: 0.2685483870967742
centerY: 0.16813907096038758
width: 0.008870967741935484
height: 0.011399259048161869
Area: 3.7001627152299616e-05
CentroidX: 0.2711
CentroidY: 0.1743
