Location: internet_11.png_Otsu.png
Component: component_1755091163679_766.png
centerX: 0.44417573559048773
centerY: 0.3937838608497291
width: 0.012091898428053204
height: 0.025092671799258625
Area: 0.00010654110676556715
CentroidX: 0.4518
CentroidY: 0.4059
