Location: Kurtxevani_1794_page_10.png_Mean-Medain.png
Component: component_1755610055093_2459.png
centerX: 0.5406195207481005
centerY: 0.7805200528867342
width: 0.009935710111046173
height: 0.020273248126928163
Area: 9.041127858805917e-05
CentroidX: 0.5450
CentroidY: 0.7914
