Location: Kurtxevani_1784_page_10.png_Gaussian-Closing.png
Component: component_1755610055732_252.png
centerX: 0.55005382131324
centerY: 0.33386454183266934
width: 0.022604951560818085
height: 0.0199203187250996
Area: 0.0002676055734006922
CentroidX: 0.5615
CentroidY: 0.3454
