Location: Kurtxevani_1784_page_10.png_Gaussian-Closing.png
Component: component_1755610055760_497.png
centerX: 0.40365984930032295
centerY: 0.6717131474103586
width: 0.1216361679224973
height: 0.027091633466135457
Area: 0.001154477890376063
CentroidX: 0.4623
CentroidY: 0.6846
