Location: Paraklitoni_1720_page_10.png_Mean-Medain.png
Component: component_1755610055236_360.png
centerX: 0.32164634146341464
centerY: 0.13734335839598996
width: 0.01524390243902439
height: 0.011528822055137845
Area: 0.0001016260162601626
CentroidX: 0.3282
CentroidY: 0.1417
