Location: internet_13.png_Gaussian-Median.png
Component: component_1755088480603_44.png
centerX: 0.2688432083837162
centerY: 0.06187624750499002
width: 0.027005239822652155
height: 0.01311662389506701
Area: 0.00012493007880708899
CentroidX: 0.2859
CentroidY: 0.0667
