Location: Kurtxevani_1764_page_10.png_Otsu.png
Component: component_1755610055974_1610.png
centerX: 0.2543689320388349
centerY: 0.6637043966323667
width: 0.011650485436893204
height: 0.010757717492984098
Area: 8.47660306187012e-05
CentroidX: 0.2605
CentroidY: 0.6683
