Location: Dedata_31.png_Otsu.png
Component: component_1755503061765_856.png
centerX: 0.4064516129032258
centerY: 0.6634368766030208
width: 0.015725806451612902
height: 0.028498147620404674
Area: 7.595675635922375e-05
CentroidX: 0.4133
CentroidY: 0.6772
