Location: Kurtxevani_1764_page_10.png_Otsu.png
Component: component_1755610055875_921.png
centerX: 0.49902912621359224
centerY: 0.31898971000935455
width: 0.012297734627831715
height: 0.007951356407857811
Area: 5.328150496032647e-05
CentroidX: 0.5053
CentroidY: 0.3228
