Location: Dedata_13.png_Otsu.png
Component: component_1755520268437_118.png
centerX: 0.7903225806451613
centerY: 0.2450840695354802
width: 0.008064516129032258
height: 0.022798518096323737
Area: 5.7685766554206234e-05
CentroidX: 0.7947
CentroidY: 0.2556
