Location: Paraklitoni_1720_page_10.png_Mean-Medain.png
Component: component_1755610055506_2053.png
centerX: 0.4298780487804878
centerY: 0.7518796992481203
width: 0.038109756097560975
height: 0.02205513784461153
Area: 0.0003132832080200501
CentroidX: 0.4487
CentroidY: 0.7640
