Location: Dedata_31.png_Otsu.png
Component: component_1755503061512_137.png
centerX: 0.05887096774193548
centerY: 0.13479623824451412
width: 0.013306451612903225
height: 0.01738387004844685
Area: 9.284880353744748e-05
CentroidX: 0.0634
CentroidY: 0.1449
