Location: Kurtxevani_1794_page_10.png_Mean-Medain.png
Component: component_1755610055044_2059.png
centerX: 0.9801285797779077
centerY: 0.6408109299250772
width: 0.019871420222092345
height: 0.023358307624504186
Area: 0.00017180718751634035
CentroidX: 0.9930
CentroidY: 0.6531
