Location: Dedata_30.png_Mean-Medain.png
Component: component_1755503806235_118.png
centerX: 0.655241935483871
centerY: 0.31433456825306355
width: 0.05766129032258065
height: 0.03277286976346538
Area: 0.0008036937276496382
CentroidX: 0.6855
CentroidY: 0.3271
