Location: internet_27.png_Otsu.png
Component: component_1755079634776_1095.png
centerX: 0.8823055219669488
centerY: 0.37553464499572287
width: 0.012494961708988311
height: 0.004562303963501569
Area: 3.195083892214419e-05
CentroidX: 0.8884
CentroidY: 0.3777
