Location: internet_27.png_Otsu.png
Component: component_1755079634808_1810.png
centerX: 0.31721080209592906
centerY: 0.694325634445395
width: 0.007255139056831923
height: 0.007984031936127744
Area: 1.1378176450691638e-05
CentroidX: 0.3199
CentroidY: 0.6997
