Location: Dedata_22.png_Otsu.png
Component: component_1755510404104_505.png
centerX: 0.2806451612903226
centerY: 0.43089199202051864
width: 0.02620967741935484
height: 0.01054431461954973
Area: 0.00010905137940227434
CentroidX: 0.2934
CentroidY: 0.4353
