Location: Paraklitoni_1720_page_10.png_Mean-Medain.png
Component: component_1755610055464_1899.png
centerX: 0.18445121951219512
centerY: 0.6912280701754386
width: 0.018292682926829267
height: 0.012030075187969926
Area: 0.0001104132281924323
CentroidX: 0.1937
CentroidY: 0.6976
