Location: internet_27.png_Otsu.png
Component: component_1755079634774_1059.png
centerX: 0.8242644095122934
centerY: 0.35785571713715425
width: 0.026199113260781944
height: 0.011690903906472769
Area: 0.000115046006334771
CentroidX: 0.8395
CentroidY: 0.3618
