Location: internet_8.png_Mean-Closing.png
Component: component_1755092786796_26.png
centerX: 0.6376461104393389
centerY: 0.07698887938408897
width: 0.04070939137444579
height: 0.023096663815226688
Area: 0.0004039827295371829
CentroidX: 0.6553
CentroidY: 0.0888
