Location: Paraklitoni_1720_page_10.png_Mean-Medain.png
Component: component_1755610055327_1241.png
centerX: 0.7347560975609756
centerY: 0.4496240601503759
width: 0.03353658536585366
height: 0.013032581453634085
Area: 0.00020057766367137357
CentroidX: 0.7508
CentroidY: 0.4545
