Location: Kurtxevani_1764_page_10.png_Otsu.png
Component: component_1755610055984_1721.png
centerX: 0.8932038834951457
centerY: 0.7212347988774556
width: 0.012297734627831715
height: 0.013564078578110383
Area: 0.00013471744151900727
CentroidX: 0.8994
CentroidY: 0.7274
