Location: internet_26.png_Otsu.png
Component: component_1755080009781_1218.png
centerX: 0.6924627166465135
centerY: 0.7311092101511263
width: 0.007658202337767029
height: 0.037639007698887936
Area: 0.0001289526664411719
CentroidX: 0.6965
CentroidY: 0.7495
