Location: Dedata_24.png_Otsu.png
Component: component_1755507995219_207.png
centerX: 0.5431451612903225
centerY: 0.1823881447705899
width: 0.010887096774193548
height: 0.00968937019093759
Area: 4.5849842340893e-05
CentroidX: 0.5500
CentroidY: 0.1883
