Location: Samociqulo_1709_page_10.png_Gaussian-Median.png
Component: component_1755610056300_3270.png
centerX: 0.5272727272727272
centerY: 0.80875
width: 0.03783783783783784
height: 0.016875
Area: 0.00030866093366093366
CentroidX: 0.5450
CentroidY: 0.8166
