Location: internet_15.png_Gaussian-Closing.png
Component: component_1755087704782_155.png
centerX: 0.422813381700927
centerY: 0.4585115483319076
width: 0.015719467956469165
height: 0.019104647847162818
Area: 9.59674478416921e-05
CentroidX: 0.4291
CentroidY: 0.4683
