Location: internet_17.png_Mean-Closing.png
Component: component_1755086411445_229.png
centerX: 0.014913341394598953
centerY: 0.6455660108354719
width: 0.037484885126964934
height: 0.03649843170801255
Area: 0.0008317561916530847
CentroidX: 0.0331
CentroidY: 0.6622
