Location: internet_17.png_Gaussian-Median.png
Component: component_1755086411299_329.png
centerX: 0.28214429665457474
centerY: 0.7921300256629598
width: 0.013704151551793631
height: 0.03222127174222983
Area: 0.00017929247740483794
CentroidX: 0.2888
CentroidY: 0.8080
