Location: Dedata_13.png_Otsu.png
Component: component_1755520268570_294.png
centerX: 0.8407258064516129
centerY: 0.3981191222570533
width: 0.007661290322580645
height: 0.012824166429182103
Area: 2.6774469336912455e-05
CentroidX: 0.8446
CentroidY: 0.4031
