Location: internet_26.png_Otsu.png
Component: component_1755080009748_663.png
centerX: 0.3857315598548972
centerY: 0.40547476475620187
width: 0.006045949214026602
height: 0.033932135728542916
Area: 7.619930289705612e-05
CentroidX: 0.3893
CentroidY: 0.4217
