Location: internet_15.png_Otsu.png
Component: component_1755087705386_902.png
centerX: 0.4316807738814994
centerY: 0.628457370972341
width: 0.012494961708988311
height: 0.016823495865412035
Area: 9.792127612110379e-05
CentroidX: 0.4368
CentroidY: 0.6379
