Location: Paraklitoni_1720_page_10.png_Mean-Medain.png
Component: component_1755610055691_2587.png
centerX: 0.49314024390243905
centerY: 0.9408521303258145
width: 0.019817073170731708
height: 0.016541353383458645
Area: 9.589522586955193e-05
CentroidX: 0.5027
CentroidY: 0.9497
