Location: Dedata_21.png_Otsu.png
Component: component_1755511065880_98.png
centerX: 0.3217741935483871
centerY: 0.06782559133656313
width: 0.02903225806451613
height: 0.01909375890567113
Area: 0.00021591943297879186
CentroidX: 0.3361
CentroidY: 0.0787
