Location: Paraklitoni_1720_page_10.png_Mean-Medain.png
Component: component_1755610055302_943.png
centerX: 0.7202743902439024
centerY: 0.34385964912280703
width: 0.03429878048780488
height: 0.015037593984962405
Area: 0.0002280854575463048
CentroidX: 0.7373
CentroidY: 0.3498
