Location: internet_26.png_Mean-Closing.png
Component: component_1755080010187_116.png
centerX: 0.2708585247883918
centerY: 0.2962646136298831
width: 0.012494961708988311
height: 0.036783575705731396
Area: 0.00015642119342819513
CentroidX: 0.2793
CentroidY: 0.3146
