Location: Dedata_31.png_Otsu.png
Component: component_1755503061523_235.png
centerX: 0.6387096774193548
centerY: 0.20461669991450557
width: 0.017741935483870968
height: 0.015104018238814477
Area: 8.986109451272764e-05
CentroidX: 0.6459
CentroidY: 0.2136
