Location: Dedata_22.png_Otsu.png
Component: component_1755510404068_176.png
centerX: 0.5721774193548387
centerY: 0.26417782844115134
width: 0.006048387096774193
height: 0.00968937019093759
Area: 2.3671848426626464e-05
CentroidX: 0.5747
CentroidY: 0.2700
