Location: Kurtxevani_1764_page_10.png_Otsu.png
Component: component_1755610055928_1216.png
centerX: 0.4673139158576052
centerY: 0.4794200187090739
width: 0.022006472491909384
height: 0.01403180542563143
Area: 0.00020646583172126507
CentroidX: 0.4775
CentroidY: 0.4849
