Location: internet_21.png_Otsu.png
Component: component_1755082376898_1317.png
centerX: 0.7501007658202338
centerY: 0.455945252352438
width: 0.005642885933091495
height: 0.020815511833475905
Area: 5.470719182352747e-05
CentroidX: 0.7523
CentroidY: 0.4677
