Location: Samociqulo_1709_page_10.png_Gaussian-Median.png
Component: component_1755610056256_2557.png
centerX: 0.8565110565110565
centerY: 0.618125
width: 0.04078624078624079
height: 0.016875
Area: 0.00031004299754299754
CentroidX: 0.8758
CentroidY: 0.6272
