Location: Samociqulo_1709_page_10.png_Gaussian-Median.png
Component: component_1755610056119_830.png
centerX: 0.17542997542997543
centerY: 0.166875
width: 0.053562653562653564
height: 0.016875
Area: 0.0003356879606879607
CentroidX: 0.2033
CentroidY: 0.1749
