Location: Dedata_30.png_Otsu.png
Component: component_1755503806545_85.png
centerX: 0.6358870967741935
centerY: 0.18495297805642633
width: 0.02379032258064516
height: 0.023083499572527786
Area: 0.00015421175042977045
CentroidX: 0.6462
CentroidY: 0.1963
