Location: Paraklitoni_1720_page_10.png_Mean-Medain.png
Component: component_1755610055543_2159.png
centerX: 0.2576219512195122
centerY: 0.7949874686716792
width: 0.04649390243902439
height: 0.015538847117794486
Area: 0.00030946268109297633
CentroidX: 0.2780
CentroidY: 0.8039
