Location: internet_26.png_Otsu.png
Component: component_1755080009735_355.png
centerX: 0.5227730753728336
centerY: 0.28714000570287995
width: 0.007658202337767029
height: 0.039064727687482176
Area: 0.00010838000396971934
CentroidX: 0.5264
CentroidY: 0.3075
