Location: internet_23.png_Otsu.png
Component: component_1755081841781_178.png
centerX: 0.31237404272470776
centerY: 0.17792985457656116
width: 0.009673518742442563
height: 0.023952095808383235
Area: 5.528184719982503e-05
CentroidX: 0.3168
CentroidY: 0.1869
