Location: internet_30.png_Gaussian-Median.png
Component: component_1755078353972_412.png
centerX: 0.03667875856509472
centerY: 0.7664670658682635
width: 0.019750100765820233
height: 0.018249215854006275
Area: 0.00011585052386158758
CentroidX: 0.0486
CentroidY: 0.7762
