Location: Paraklitoni_1720_page_10.png_Mean-Medain.png
Component: component_1755610055337_1338.png
centerX: 0.5640243902439024
centerY: 0.48621553884711777
width: 0.025152439024390245
height: 0.015538847117794486
Area: 0.0001772724494162235
CentroidX: 0.5768
CentroidY: 0.4936
