Location: Samociqulo_1709_page_10.png_Gaussian-Median.png
Component: component_1755610056227_2176.png
centerX: 0.7916461916461917
centerY: 0.5140625
width: 0.016707616707616706
height: 0.0134375
Area: 0.00010580466830466831
CentroidX: 0.7988
CentroidY: 0.5216
