Location: Paraklitoni_1720_page_10.png_Mean-Medain.png
Component: component_1755610055362_1601.png
centerX: 0.4108231707317073
centerY: 0.5734335839598997
width: 0.014481707317073171
height: 0.009523809523809525
Area: 9.665933125496669e-05
CentroidX: 0.4181
CentroidY: 0.5771
