Location: Kurtxevani_1784_page_10.png_Gaussian-Closing.png
Component: component_1755610055718_148.png
centerX: 0.07319698600645856
centerY: 0.17609561752988048
width: 0.04305705059203445
height: 0.020717131474103586
Area: 0.0003911158380471655
CentroidX: 0.0961
CentroidY: 0.1828
