Location: internet_21.png_Mean-Medain.png
Component: component_1755082376387_297.png
centerX: 0.7307537283353487
centerY: 0.7005988023952096
width: 0.015316404675534058
height: 0.02480752780153978
Area: 0.00015228367471885272
CentroidX: 0.7370
CentroidY: 0.7141
