Location: Dedata_22.png_Otsu.png
Component: component_1755510404084_331.png
centerX: 0.9040322580645161
centerY: 0.3733257338273012
width: 0.02338709677419355
height: 0.010829296095753777
Area: 0.00010204175438273932
CentroidX: 0.9166
CentroidY: 0.3781
