Location: Samociqulo_1709_page_10.png_Gaussian-Median.png
Component: component_1755610056222_2089.png
centerX: 0.7085995085995086
centerY: 0.4884375
width: 0.02113022113022113
height: 0.0090625
Area: 9.198402948402948e-05
CentroidX: 0.7185
CentroidY: 0.4919
