Location: Dedata_30.png_Gaussian-Median.png
Component: component_1755503806828_88.png
centerX: 0.32903225806451614
centerY: 0.2231404958677686
width: 0.022983870967741935
height: 0.013679110857794243
Area: 0.0001254837790382335
CentroidX: 0.3411
CentroidY: 0.2289
