Location: Dedata_17.png_Otsu.png
Component: component_1755512340219_351.png
centerX: 0.3935483870967742
centerY: 0.29495582787118835
width: 0.02379032258064516
height: 0.014249073810202337
Area: 5.5617352614015575e-05
CentroidX: 0.4069
CentroidY: 0.3032
