Location: Kurtxevani_1764_page_10.png_Otsu.png
Component: component_1755610055995_1834.png
centerX: 0.7456310679611651
centerY: 0.775023386342376
width: 0.032362459546925564
height: 0.019176800748362956
Area: 0.0002885072399272223
CentroidX: 0.7605
CentroidY: 0.7858
