Location: Kurtxevani_1764_page_10.png_Otsu.png
Component: component_1755610055939_1301.png
centerX: 0.6226537216828479
centerY: 0.509822263797942
width: 0.019417475728155338
height: 0.012628624883068288
Area: 0.00016105545817553227
CentroidX: 0.6329
CentroidY: 0.5150
