Location: internet_17.png_Otsu.png
Component: component_1755086411120_1342.png
centerX: 0.1841999193873438
centerY: 0.7450812660393499
width: 0.02539298669891173
height: 0.01568291987453664
Area: 0.00017343099256660285
CentroidX: 0.1948
CentroidY: 0.7533
