Location: Dedata_17.png_Otsu.png
Component: component_1755512340193_139.png
centerX: 0.7612903225806451
centerY: 0.13451125676831005
width: 0.007258064516129033
height: 0.017098888572242805
Area: 6.2167330091286e-05
CentroidX: 0.7642
CentroidY: 0.1438
