Location: Kurtxevani_1764_page_10.png_Otsu.png
Component: component_1755610055874_901.png
centerX: 0.4368932038834951
centerY: 0.29747427502338636
width: 0.016828478964401296
height: 0.008886810102899906
Area: 7.053744690770493e-05
CentroidX: 0.4463
CentroidY: 0.3019
