Location: Samociqulo_1709_page_10.png_Gaussian-Median.png
Component: component_1755610056303_3365.png
centerX: 0.20393120393120392
centerY: 0.8284375
width: 0.014742014742014743
height: 0.0096875
Area: 9.29054054054054e-05
CentroidX: 0.2111
CentroidY: 0.8328
