Location: Dedata_13.png_Otsu.png
Component: component_1755520268567_250.png
centerX: 0.16008064516129034
centerY: 0.37104588201766886
width: 0.039112903225806454
height: 0.018238814477058992
Area: 0.00016179593487713621
CentroidX: 0.1772
CentroidY: 0.3816
