Location: Dedata_22.png_Otsu.png
Component: component_1755510404061_127.png
centerX: 0.3342741935483871
centerY: 0.2054716443431177
width: 0.0125
height: 0.024793388429752067
Area: 6.262697763355059e-05
CentroidX: 0.3407
CentroidY: 0.2190
