Location: Dedata_10.png_Otsu.png
Component: component_1755521621697_256.png
centerX: 0.12580645161290321
centerY: 0.13080649757765744
width: 0.016935483870967744
height: 0.015388999715018524
Area: 7.756552275714982e-05
CentroidX: 0.1323
CentroidY: 0.1402
