Location: Kurtxevani_1764_page_10.png_Otsu.png
Component: component_1755610056006_1944.png
centerX: 0.2504854368932039
centerY: 0.8175865294667914
width: 0.027831715210355986
height: 0.010757717492984098
Area: 0.0002346202633196194
CentroidX: 0.2645
CentroidY: 0.8226
