Location: Kurtxevani_1764_page_10.png_Otsu.png
Component: component_1755610055923_1162.png
centerX: 0.18058252427184465
centerY: 0.45042095416276895
width: 0.013592233009708738
height: 0.010757717492984098
Area: 0.000101113765095165
CentroidX: 0.1876
CentroidY: 0.4552
