Location: Kurtxevani_1784_page_10.png_Gaussian-Closing.png
Component: component_1755610055737_297.png
centerX: 0.20990312163616792
centerY: 0.400796812749004
width: 0.03767491926803014
height: 0.023107569721115537
Area: 0.0004297127957491884
CentroidX: 0.2262
CentroidY: 0.4130
