Location: Dedata_24.png_Otsu.png
Component: component_1755507995210_85.png
centerX: 0.6858870967741936
centerY: 0.13166144200626959
width: 0.018951612903225806
height: 0.009974351667141636
Area: 3.826565789352724e-05
CentroidX: 0.6995
CentroidY: 0.1377
