Location: Dedata_1.png_Otsu.png
Component: component_1755524255287_833.png
centerX: 0.1935483870967742
centerY: 0.9284696494727843
width: 0.021774193548387097
height: 0.017953833000854943
Area: 8.871197565706616e-05
CentroidX: 0.2035
CentroidY: 0.9415
