Location: Samociqulo_1709_page_10.png_Gaussian-Median.png
Component: component_1755610056093_556.png
centerX: 0.171990171990172
centerY: 0.08375
width: 0.0171990171990172
height: 0.005
Area: 4.837223587223587e-05
CentroidX: 0.1793
CentroidY: 0.0864
