Location: Kurtxevani_1794_page_10.png_Mean-Medain.png
Component: component_1755610054602_476.png
centerX: 0.9275277615429574
centerY: 0.08241516086381666
width: 0.013442431326709527
height: 0.00749228735125606
Area: 4.32737743669343e-05
CentroidX: 0.9340
CentroidY: 0.0858
