Location: Paraklitoni_1720_page_10.png_Mean-Medain.png
Component: component_1755610055673_2338.png
centerX: 0.03201219512195122
centerY: 0.8556390977443609
width: 0.022865853658536585
height: 0.011528822055137845
Area: 8.405159239562321e-05
CentroidX: 0.0440
CentroidY: 0.8609
