Location: Dedata_8.png_Otsu.png
Component: component_1755522187212_71.png
centerX: 0.8741935483870967
centerY: 0.062125961812482186
width: 0.02056451612903226
height: 0.01054431461954973
Area: 0.0001190487134465292
CentroidX: 0.8860
CentroidY: 0.0658
