Location: internet_30.png_Gaussian-Median.png
Component: component_1755078353913_212.png
centerX: 0.4800483675937122
centerY: 0.37867122897063016
width: 0.019750100765820233
height: 0.019674935842600515
Area: 0.0001389516699887494
CentroidX: 0.4922
CentroidY: 0.3895
