Location: Kurtxevani_1764_page_10.png_Otsu.png
Component: component_1755610055833_600.png
centerX: 0.8983818770226537
centerY: 0.1716557530402245
width: 0.022006472491909384
height: 0.01637043966323667
Area: 0.00020646583172126507
CentroidX: 0.9098
CentroidY: 0.1792
