Location: Kurtxevani_1784_page_10.png_Gaussian-Closing.png
Component: component_1755610055761_500.png
centerX: 0.759956942949408
centerY: 0.6709163346613546
width: 0.1108719052744887
height: 0.02948207171314741
Area: 0.0010712800037739247
CentroidX: 0.8121
CentroidY: 0.6844
