Location: Kurtxevani_1764_page_10.png_Otsu.png
Component: component_1755610055914_1104.png
centerX: 0.7184466019417476
centerY: 0.4186155285313377
width: 0.011003236245954692
height: 0.01028999064546305
Area: 6.751008867132275e-05
CentroidX: 0.7242
CentroidY: 0.4231
