Location: internet_11.png_Otsu.png
Component: component_1755091163685_947.png
centerX: 0.6166868198307134
centerY: 0.437125748502994
width: 0.006449012494961709
height: 0.02480752780153978
Area: 0.00010044975977681305
CentroidX: 0.6199
CentroidY: 0.4503
