Location: Paraklitoni_1720_page_10.png_Mean-Medain.png
Component: component_1755610055684_2410.png
centerX: 0.555640243902439
centerY: 0.881203007518797
width: 0.035823170731707314
height: 0.013032581453634085
Area: 0.0002296136683171343
CentroidX: 0.5713
CentroidY: 0.8894
