Location: Paraklitoni_1720_page_10.png_Mean-Medain.png
Component: component_1755610055342_1396.png
centerX: 0.8772865853658537
centerY: 0.505764411027569
width: 0.052591463414634144
height: 0.016040100250626566
Area: 0.0003996271165719176
CentroidX: 0.9024
CentroidY: 0.5144
