Location: internet_27.png_Otsu.png
Component: component_1755079634761_734.png
centerX: 0.2656187021362354
centerY: 0.25092671799258626
width: 0.02418379685610641
height: 0.02765896777872826
Area: 9.861086257266086e-05
CentroidX: 0.2768
CentroidY: 0.2637
