Location: Kurtxevani_1764_page_10.png_Otsu.png
Component: component_1755610056012_2028.png
centerX: 0.6925566343042071
centerY: 0.8447146866230122
width: 0.009708737864077669
height: 0.011693171188026192
Area: 8.749065303144517e-05
CentroidX: 0.6971
CentroidY: 0.8505
