Location: Kurtxevani_1784_page_10.png_Gaussian-Closing.png
Component: component_1755610055739_313.png
centerX: 0.48116254036598494
centerY: 0.4342629482071713
width: 0.05059203444564048
height: 0.022310756972111555
Area: 0.0004554441008838703
CentroidX: 0.5058
CentroidY: 0.4470
