Location: internet_18.png_Otsu.png
Component: component_1755084392596_186.png
centerX: 0.10237807335751713
centerY: 0.13373253493013973
width: 0.023377670294236194
height: 0.014257199885942401
Area: 8.045175268165804e-05
CentroidX: 0.1169
CentroidY: 0.1376
