Location: Kurtxevani_1784_page_10.png_Gaussian-Closing.png
Component: component_1755610055771_585.png
centerX: 0.0968783638320775
centerY: 0.8087649402390438
width: 0.03552206673842842
height: 0.022310756972111555
Area: 0.0003825387363356048
CentroidX: 0.1120
CentroidY: 0.8203
