Location: internet_21.png_Otsu.png
Component: component_1755082376581_102.png
centerX: 0.25634824667472794
centerY: 0.06729398346164814
width: 0.027005239822652155
height: 0.042486455660108356
Area: 0.00017538482084601453
CentroidX: 0.2699
CentroidY: 0.0891
