Location: Kurtxevani_1764_page_10.png_Otsu.png
Component: component_1755610055807_137.png
centerX: 0.6233009708737864
centerY: 0.0617399438727783
width: 0.009061488673139158
height: 0.008886810102899906
Area: 3.390641224748048e-05
CentroidX: 0.6280
CentroidY: 0.0664
