Location: Dedata_30.png_Gaussian-Closing.png
Component: component_1755503806702_54.png
centerX: 0.32056451612903225
centerY: 0.13850099743516672
width: 0.021370967741935483
height: 0.013394129381590196
Area: 0.00011893380156096305
CentroidX: 0.3330
CentroidY: 0.1436
