Location: internet_13.png_Gaussian-Closing.png
Component: component_1755088480484_59.png
centerX: 0.45747682386134625
centerY: 0.09552323923581409
width: 0.019750100765820233
height: 0.007413743940690049
Area: 8.746254827248825e-05
CentroidX: 0.4681
CentroidY: 0.0988
