Location: internet_7.png_Otsu.png
Component: component_1755093286112_984.png
centerX: 0.8069326884320839
centerY: 0.763615625891075
width: 0.012898024989923419
height: 0.015968063872255488
Area: 7.459026784342297e-05
CentroidX: 0.8140
CentroidY: 0.7713
