Location: internet_30.png_Gaussian-Median.png
Component: component_1755078353922_242.png
centerX: 0.479242241031842
centerY: 0.4299971485600228
width: 0.019750100765820233
height: 0.01568291987453664
Area: 0.00012653911386072215
CentroidX: 0.4907
CentroidY: 0.4389
