Location: Kurtxevani_1794_page_10.png_Mean-Medain.png
Component: component_1755610055053_2169.png
centerX: 0.24430157802454705
centerY: 0.6897311591009255
width: 0.011689070718877849
height: 0.007933010136624064
Area: 4.0955536454419965e-05
CentroidX: 0.2501
CentroidY: 0.6942
