Location: Kurtxevani_1784_page_10.png_Gaussian-Closing.png
Component: component_1755610055776_623.png
centerX: 0.9730893433799784
centerY: 0.851792828685259
width: 0.022604951560818085
height: 0.03187250996015936
Area: 0.0003156373429854318
CentroidX: 0.9824
CentroidY: 0.8689
