Location: Kurtxevani_1794_page_10.png_Mean-Medain.png
Component: component_1755610054686_663.png
centerX: 0.6551724137931034
centerY: 0.15381225209343324
width: 0.015780245470485097
height: 0.013662406346408109
Area: 0.00010354796009230708
CentroidX: 0.6607
CentroidY: 0.1615
