Location: Dedata_30.png_Otsu.png
Component: component_1755503806545_86.png
centerX: 0.6512096774193549
centerY: 0.18580792248503847
width: 0.021774193548387097
height: 0.013394129381590196
Area: 0.00011709521139190469
CentroidX: 0.6648
CentroidY: 0.1901
