Location: internet_13.png_Mean-Closing.png
Component: component_1755088481046_13.png
centerX: 0.9173720274083031
centerY: 0.00998003992015968
width: 0.031035872632003223
height: 0.021670943826632448
Area: 0.0002769838913754227
CentroidX: 0.9309
CentroidY: 0.0199
