Location: Kurtxevani_1794_page_10.png_Mean-Medain.png
Component: component_1755610055119_2748.png
centerX: 0.24780829924021042
centerY: 0.870868223887175
width: 0.01928696668614845
height: 0.008373732921992068
Area: 8.088074494772244e-05
CentroidX: 0.2574
CentroidY: 0.8748
