Location: Dedata_31.png_Otsu.png
Component: component_1755503061544_306.png
centerX: 0.19798387096774195
centerY: 0.3029353092049017
width: 0.01653225806451613
height: 0.020518666286691366
Area: 0.00010663822980538523
CentroidX: 0.2048
CentroidY: 0.3140
