Location: internet_30.png_Mean-Medain.png
Component: component_1755078353477_139.png
centerX: 0.7887948407900041
centerY: 0.27003136583974907
width: 0.020959290608625555
height: 0.017678927858568578
Area: 0.00014331905084861085
CentroidX: 0.8009
CentroidY: 0.2799
