Location: Dedata_8.png_Otsu.png
Component: component_1755522187211_70.png
centerX: 0.7266129032258064
centerY: 0.06184098033627814
width: 0.01935483870967742
height: 0.011969222000569962
Area: 9.733036707452725e-05
CentroidX: 0.7384
CentroidY: 0.0663
