Location: Paraklitoni_1720_page_10.png_Mean-Medain.png
Component: component_1755610055543_2150.png
centerX: 0.7301829268292683
centerY: 0.7819548872180451
width: 0.03429878048780488
height: 0.008020050125313283
Area: 0.00016695702671312427
CentroidX: 0.7470
CentroidY: 0.7858
