Location: Paraklitoni_1720_page_10.png_Mean-Medain.png
Component: component_1755610055306_1002.png
centerX: 0.8208841463414634
centerY: 0.36140350877192984
width: 0.018292682926829267
height: 0.012030075187969926
Area: 0.00010888501742160279
CentroidX: 0.8288
CentroidY: 0.3687
