Location: internet_13.png_Gaussian-Median.png
Component: component_1755088480780_182.png
centerX: 0.9020556227327691
centerY: 0.34530938123752497
width: 0.036275695284159616
height: 0.028514399771884802
Area: 0.0006106288028537845
CentroidX: 0.9187
CentroidY: 0.3580
