Location: Dedata_1.png_Otsu.png
Component: component_1755524255235_247.png
centerX: 0.6076612903225806
centerY: 0.5445996010259333
width: 0.010080645161290322
height: 0.007694499857509262
Area: 3.516303698324125e-05
CentroidX: 0.6138
CentroidY: 0.5492
