Location: Dedata_31.png_Mean-Closing.png
Component: component_1755503061288_45.png
centerX: 0.06330645161290323
centerY: 0.0524365916215446
width: 0.021774193548387097
height: 0.01937874038187518
Area: 0.00013697496759484826
CentroidX: 0.0721
CentroidY: 0.0632
