Location: Kurtxevani_1764_page_10.png_Otsu.png
Component: component_1755610055986_1731.png
centerX: 0.3786407766990291
centerY: 0.7240411599625819
width: 0.01423948220064725
height: 0.009822263797942002
Area: 6.811556031859918e-05
CentroidX: 0.3853
CentroidY: 0.7291
