Location: internet_17.png_Otsu.png
Component: component_1755086411084_542.png
centerX: 0.18540910923014914
centerY: 0.3256344453949244
width: 0.026199113260781944
height: 0.019104647847162818
Area: 9.481813708909698e-05
CentroidX: 0.1970
CentroidY: 0.3356
