Location: Kurtxevani_1794_page_10.png_Mean-Medain.png
Component: component_1755610055128_3106.png
centerX: 0.9795441262419637
centerY: 0.9563684442485677
width: 0.012857977790765635
height: 0.013221683561040106
Area: 5.538012791006473e-05
CentroidX: 0.9855
CentroidY: 0.9640
