Location: internet_21.png_Otsu.png
Component: component_1755082376983_2137.png
centerX: 0.20999596936719064
centerY: 0.6170516110635871
width: 0.015719467956469165
height: 0.01853435985172512
Area: 0.00010067962192733207
CentroidX: 0.2159
CentroidY: 0.6294
