Location: internet_21.png_Otsu.png
Component: component_1755082376600_357.png
centerX: 0.8399838774687626
centerY: 0.19275734245794127
width: 0.010479645304312777
height: 0.040490447676076416
Area: 0.0001640066443953229
CentroidX: 0.8442
CentroidY: 0.2132
