Location: Dedata_17.png_Otsu.png
Component: component_1755512340188_109.png
centerX: 0.655241935483871
centerY: 0.11598746081504702
width: 0.02217741935483871
height: 0.01937874038187518
Area: 0.00014444424015664788
CentroidX: 0.6668
CentroidY: 0.1238
