Location: Dedata_24.png_Otsu.png
Component: component_1755507995232_344.png
centerX: 0.3532258064516129
centerY: 0.23824451410658307
width: 0.00564516129032258
height: 0.008549444286121402
Area: 2.229290579983269e-05
CentroidX: 0.3562
CentroidY: 0.2413
