Location: internet_17.png_Gaussian-Closing.png
Component: component_1755086410980_249.png
centerX: 0.16162837565497784
centerY: 0.6903336184773311
width: 0.013704151551793631
height: 0.032506415739948676
Area: 0.00014964025998788396
CentroidX: 0.1672
CentroidY: 0.7065
