Location: Samociqulo_1709_page_10.png_Gaussian-Median.png
Component: component_1755610056301_3274.png
centerX: 0.7390663390663391
centerY: 0.80875
width: 0.008353808353808353
height: 0.0078125
Area: 3.86977886977887e-05
CentroidX: 0.7432
CentroidY: 0.8127
