Location: Kurtxevani_1784_page_10.png_Gaussian-Closing.png
Component: component_1755610055775_617.png
centerX: 0.04413347685683531
centerY: 0.847011952191235
width: 0.0861141011840689
height: 0.022310756972111555
Area: 0.0009846512764871622
CentroidX: 0.0842
CentroidY: 0.8550
