Location: internet_30.png_Mean-Medain.png
Component: component_1755078353446_30.png
centerX: 0.8484482063683998
centerY: 0.05645851154833191
width: 0.018540910923014912
height: 0.018249215854006275
Area: 0.00014929546676210542
CentroidX: 0.8599
CentroidY: 0.0671
