Location: Samociqulo_1709_page_10.png_Gaussian-Median.png
Component: component_1755610056135_1101.png
centerX: 0.6226044226044226
centerY: 0.2428125
width: 0.020147420147420148
height: 0.0075
Area: 6.787469287469288e-05
CentroidX: 0.6343
CentroidY: 0.2463
