Location: internet_21.png_Otsu.png
Component: component_1755082376985_2161.png
centerX: 0.7900040306328093
centerY: 0.6213287710293698
width: 0.018137847642079808
height: 0.042486455660108356
Area: 0.00013056170149480505
CentroidX: 0.7956
CentroidY: 0.6436
