Location: Kurtxevani_1794_page_10.png_Mean-Medain.png
Component: component_1755610054984_1572.png
centerX: 0.5821157218001168
centerY: 0.45702952842661965
width: 0.02863822326125073
height: 0.016747465843984136
Area: 0.00023646026707646245
CentroidX: 0.5950
CentroidY: 0.4650
