Location: Samociqulo_1709_page_10.png_Gaussian-Median.png
Component: component_1755610056223_2104.png
centerX: 0.49926289926289924
centerY: 0.4940625
width: 0.0068796068796068794
height: 0.0059375
Area: 1.6584766584766584e-05
CentroidX: 0.5024
CentroidY: 0.4972
