Location: Kurtxevani_1784_page_10.png_Gaussian-Closing.png
Component: component_1755610055748_395.png
centerX: 0.2217438105489774
centerY: 0.5346613545816733
width: 0.11840688912809473
height: 0.028685258964143426
Area: 0.0012351026464647332
CentroidX: 0.2842
CentroidY: 0.5490
