Location: Dedata_31.png_Mean-Medain.png
Component: component_1755503060956_184.png
centerX: 0.15120967741935484
centerY: 0.304645198062126
width: 0.014919354838709677
height: 0.0176688515246509
Area: 9.951369290028406e-05
CentroidX: 0.1567
CentroidY: 0.3150
