Location: internet_26.png_Otsu.png
Component: component_1755080009779_1185.png
centerX: 0.24385328496573963
centerY: 0.7171371542629028
width: 0.020959290608625555
height: 0.014827487881380098
Area: 0.00011424148880795442
CentroidX: 0.2572
CentroidY: 0.7224
