Location: Dedata_10.png_Otsu.png
Component: component_1755521621693_241.png
centerX: 0.8169354838709677
centerY: 0.12368196067255628
width: 0.024596774193548387
height: 0.014249073810202337
Area: 7.607166824478989e-05
CentroidX: 0.8309
CentroidY: 0.1332
