Location: Kurtxevani_1764_page_10.png_Otsu.png
Component: component_1755610055812_434.png
centerX: 0.0343042071197411
centerY: 0.12394761459307764
width: 0.015533980582524271
height: 0.009822263797942002
Area: 6.932650361315206e-05
CentroidX: 0.0424
CentroidY: 0.1283
