Location: internet_27.png_Otsu.png
Component: component_1755079634754_533.png
centerX: 0.2623941958887545
centerY: 0.20786997433704021
width: 0.014510278113663845
height: 0.012261191901910464
Area: 5.171898386678017e-05
CentroidX: 0.2710
CentroidY: 0.2116
