Location: Dedata_31.png_Mean-Medain.png
Component: component_1755503060926_75.png
centerX: 0.014919354838709677
centerY: 0.09746366486178398
width: 0.014112903225806451
height: 0.015958962667426618
Area: 0.00010365052078066539
CentroidX: 0.0197
CentroidY: 0.1069
