Location: Dedata_24.png_Otsu.png
Component: component_1755507995214_141.png
centerX: 0.24838709677419354
centerY: 0.14961527500712454
width: 0.020967741935483872
height: 0.009404388714733543
Area: 7.503746127469457e-05
CentroidX: 0.2594
CentroidY: 0.1554
