Location: internet_21.png_Mean-Medain.png
Component: component_1755082376335_234.png
centerX: 0.15598548972188633
centerY: 0.5500427715996579
width: 0.0177347843611447
height: 0.023666951810664385
Area: 0.000115046006334771
CentroidX: 0.1616
CentroidY: 0.5653
