Location: internet_17.png_Gaussian-Closing.png
Component: component_1755086410950_112.png
centerX: 0.6811769447803305
centerY: 0.29426860564585117
width: 0.009270455461507456
height: 0.011120615911035072
Area: 4.8730775910032875e-05
CentroidX: 0.6858
CentroidY: 0.2993
