Location: Dedata_16.png_Gaussian-Closing.png
Component: component_1755519378814_380.png
centerX: 0.9657258064516129
centerY: 0.7403818751781134
width: 0.008064516129032258
height: 0.017953833000854943
Area: 8.66435617168755e-05
CentroidX: 0.9698
CentroidY: 0.7492
