Location: internet_17.png_Gaussian-Median.png
Component: component_1755086411240_109.png
centerX: 0.7162434502216848
centerY: 0.24493869404049046
width: 0.02781136638452237
height: 0.01568291987453664
Area: 0.00016917854278200093
CentroidX: 0.7286
CentroidY: 0.2524
