Location: internet_21.png_Mean-Medain.png
Component: component_1755082376333_226.png
centerX: 0.3567110036275695
centerY: 0.5315084117479327
width: 0.014510278113663845
height: 0.02281151981750784
Area: 0.00011826407644203733
CentroidX: 0.3619
CentroidY: 0.5452
