Location: Samociqulo_1709_page_10.png_Gaussian-Median.png
Component: component_1755610056138_1135.png
centerX: 0.36412776412776415
centerY: 0.251875
width: 0.04176904176904177
height: 0.011875
Area: 0.0002632063882063882
CentroidX: 0.3837
CentroidY: 0.2572
