Location: Kurtxevani_1784_page_10.png_Gaussian-Closing.png
Component: component_1755610055765_535.png
centerX: 0.39181916038751347
centerY: 0.7139442231075698
width: 0.030139935414424113
height: 0.019123505976095617
Area: 0.000357665141372079
CentroidX: 0.4083
CentroidY: 0.7206
