Location: internet_26.png_Otsu.png
Component: component_1755080009725_193.png
centerX: 0.0769850866586054
centerY: 0.18420302252637583
width: 0.008464328899637243
height: 0.03592814371257485
Area: 0.00013941139428978744
CentroidX: 0.0814
CentroidY: 0.2029
