Location: Samociqulo_1709_page_10.png_Gaussian-Median.png
Component: component_1755610056088_379.png
centerX: 0.1371007371007371
centerY: 0.0521875
width: 0.011302211302211302
height: 0.0075
Area: 3.4244471744471746e-05
CentroidX: 0.1426
CentroidY: 0.0557
