Location: Kurtxevani_1764_page_10.png_Otsu.png
Component: component_1755610055949_1394.png
centerX: 0.8168284789644013
centerY: 0.5612722170252572
width: 0.04271844660194175
height: 0.0304022450888681
Area: 0.0006178838160456041
CentroidX: 0.8383
CentroidY: 0.5781
