Location: Kurtxevani_1794_page_10.png_Mean-Medain.png
Component: component_1755610054936_1415.png
centerX: 0.41379310344827586
centerY: 0.4067871308946673
width: 0.014611338398597311
height: 0.013221683561040106
Area: 0.00011642705960627562
CentroidX: 0.4213
CentroidY: 0.4132
