Location: Dedata_22.png_Otsu.png
Component: component_1755510404093_478.png
centerX: 0.2536290322580645
centerY: 0.40581362211456257
width: 0.0068548387096774195
height: 0.010829296095753777
Area: 2.4706055396721793e-05
CentroidX: 0.2569
CentroidY: 0.4125
