Location: Samociqulo_1709_page_10.png_Gaussian-Median.png
Component: component_1755610056222_2088.png
centerX: 0.17444717444717445
centerY: 0.4884375
width: 0.008353808353808353
height: 0.0078125
Area: 4.484029484029484e-05
CentroidX: 0.1781
CentroidY: 0.4924
