Location: internet_30.png_Gaussian-Median.png
Component: component_1755078353956_382.png
centerX: 0.08464328899637243
centerY: 0.7108639863130881
width: 0.020959290608625555
height: 0.020530367835757058
Area: 0.00015607640020241662
CentroidX: 0.0971
CentroidY: 0.7225
