Location: internet_17.png_Gaussian-Median.png
Component: component_1755086411237_103.png
centerX: 0.044740024183796856
centerY: 0.23838038209295695
width: 0.005642885933091495
height: 0.025092671799258625
Area: 0.00011688490353892319
CentroidX: 0.0472
CentroidY: 0.2513
