Location: Samociqulo_1709_page_10.png_Gaussian-Median.png
Component: component_1755610056219_2053.png
centerX: 0.6722358722358722
centerY: 0.4825
width: 0.040294840294840296
height: 0.0146875
Area: 0.00023587223587223587
CentroidX: 0.6933
CentroidY: 0.4901
