Location: Paraklitoni_1720_page_10.png_Mean-Medain.png
Component: component_1755610055336_1309.png
centerX: 0.09832317073170732
centerY: 0.4781954887218045
width: 0.09603658536585366
height: 0.1268170426065163
Area: 0.003657008374595024
CentroidX: 0.1247
CentroidY: 0.5367
