Location: Dedata_17.png_Otsu.png
Component: component_1755512340237_548.png
centerX: 0.2814516129032258
centerY: 0.4115132516386435
width: 0.016129032258064516
height: 0.0353377030493018
Area: 9.870930970132103e-05
CentroidX: 0.2891
CentroidY: 0.4287
