Location: Kurtxevani_1784_page_10.png_Gaussian-Closing.png
Component: component_1755610055721_169.png
centerX: 0.48116254036598494
centerY: 0.20796812749003984
width: 0.05597416576964478
height: 0.0199203187250996
Area: 0.0006612945419613258
CentroidX: 0.5056
CentroidY: 0.2160
