Location: Dedata_13.png_Otsu.png
Component: component_1755520268559_228.png
centerX: 0.6201612903225806
centerY: 0.36363636363636365
width: 0.008870967741935484
height: 0.010829296095753777
Area: 3.7576186580130354e-05
CentroidX: 0.6241
CentroidY: 0.3689
