Location: Paraklitoni_1720_page_10.png_Mean-Medain.png
Component: component_1755610055257_501.png
centerX: 0.23170731707317074
centerY: 0.19047619047619047
width: 0.0350609756097561
height: 0.021052631578947368
Area: 0.0002590317256556024
CentroidX: 0.2499
CentroidY: 0.2007
