Location: Samociqulo_1709_page_10.png_Gaussian-Median.png
Component: component_1755610056099_599.png
centerX: 0.18525798525798526
centerY: 0.0909375
width: 0.02702702702702703
height: 0.0084375
Area: 0.00014895577395577397
CentroidX: 0.1999
CentroidY: 0.0949
