Location: internet_27.png_Otsu.png
Component: component_1755079634761_706.png
centerX: 0.31600161225312373
centerY: 0.24807527801539778
width: 0.017331721080209594
height: 0.018249215854006275
Area: 4.781132730795678e-05
CentroidX: 0.3258
CentroidY: 0.2551
