Location: internet_12.png_Otsu.png
Component: component_1755088957524_349.png
centerX: 0.6654574768238614
centerY: 0.30367835757057315
width: 0.01007658202337767
height: 0.00855431993156544
Area: 1.2297625052767729e-05
CentroidX: 0.6696
CentroidY: 0.3075
