Location: internet_21.png_Otsu.png
Component: component_1755082376985_2153.png
centerX: 0.16283756549778317
centerY: 0.6204733390362133
width: 0.015719467956469165
height: 0.022241231822070145
Area: 0.00010056469085207255
CentroidX: 0.1688
CentroidY: 0.6350
