Location: internet_13.png_Gaussian-Closing.png
Component: component_1755088480486_68.png
centerX: 0.021362353889560662
centerY: 0.1074992871400057
width: 0.028617492946392584
height: 0.009694895922440832
Area: 0.00010113934622837012
CentroidX: 0.0398
CentroidY: 0.1116
