Location: Kurtxevani_1764_page_10.png_Otsu.png
Component: component_1755610055805_95.png
centerX: 0.9016181229773462
centerY: 0.03928905519176801
width: 0.031067961165048542
height: 0.013096351730589336
Area: 1.937509271284599e-05
CentroidX: 0.9154
CentroidY: 0.0441
