Location: internet_17.png_Otsu.png
Component: component_1755086411055_24.png
centerX: 0.7061668681983071
centerY: 0.061305959509552324
width: 0.020959290608625555
height: 0.01568291987453664
Area: 0.00020837003944549433
CentroidX: 0.7161
CentroidY: 0.0690
