Location: internet_21.png_Otsu.png
Component: component_1755082376911_1527.png
centerX: 0.8690044336960903
centerY: 0.49500998003992014
width: 0.012494961708988311
height: 0.04505275163957799
Area: 9.642717214273014e-05
CentroidX: 0.8733
CentroidY: 0.5200
