Location: internet_17.png_Otsu.png
Component: component_1755086411075_223.png
centerX: 0.044740024183796856
centerY: 0.2386655260906758
width: 0.005642885933091495
height: 0.02480752780153978
Area: 8.424447816522192e-05
CentroidX: 0.0470
CentroidY: 0.2514
