Location: Dedata_13.png_Otsu.png
Component: component_1755520268603_473.png
centerX: 0.39153225806451614
centerY: 0.5286406383585067
width: 0.012903225806451613
height: 0.028498147620404674
Area: 8.124270309526654e-05
CentroidX: 0.3980
CentroidY: 0.5399
