Location: Kurtxevani_1784_page_10.png_Gaussian-Closing.png
Component: component_1755610055771_582.png
centerX: 0.34768568353067814
centerY: 0.8071713147410359
width: 0.03336921420882669
height: 0.026294820717131476
Area: 0.0004708828839646795
CentroidX: 0.3643
CentroidY: 0.8198
