Location: Samociqulo_1709_page_10.png_Gaussian-Median.png
Component: component_1755610056192_1829.png
centerX: 0.7189189189189189
centerY: 0.4025
width: 0.03783783783783784
height: 0.015
Area: 0.00023617936117936118
CentroidX: 0.7359
CentroidY: 0.4110
