Location: Samociqulo_1709_page_10.png_Gaussian-Median.png
Component: component_1755610056084_301.png
centerX: 0.13267813267813267
centerY: 0.038125
width: 0.0068796068796068794
height: 0.005625
Area: 1.550982800982801e-05
CentroidX: 0.1362
CentroidY: 0.0411
