Location: internet_26.png_Mean-Medain.png
Component: component_1755080009862_128.png
centerX: 0.2841596130592503
centerY: 0.3033932135728543
width: 0.02015316404675534
height: 0.014257199885942401
Area: 0.00011021890117387152
CentroidX: 0.2965
CentroidY: 0.3087
