Location: Kurtxevani_1764_page_10.png_Otsu.png
Component: component_1755610055971_1594.png
centerX: 0.8129449838187702
centerY: 0.6594948550046773
width: 0.018770226537216828
height: 0.013096351730589336
Area: 0.0001677156462955731
CentroidX: 0.8228
CentroidY: 0.6649
