Location: Kurtxevani_1784_page_10.png_Gaussian-Closing.png
Component: component_1755610055746_378.png
centerX: 0.310010764262648
centerY: 0.503585657370518
width: 0.03444564047362755
height: 0.022310756972111555
Area: 0.0003722462142817321
CentroidX: 0.3258
CentroidY: 0.5150
