Location: Dedata_1.png_Otsu.png
Component: component_1755524255275_671.png
centerX: 0.1217741935483871
centerY: 0.8224565403248789
width: 0.02056451612903226
height: 0.01909375890567113
Area: 9.055056582612453e-05
CentroidX: 0.1310
CentroidY: 0.8364
