Location: Dedata_17.png_Otsu.png
Component: component_1755512340217_343.png
centerX: 0.02217741935483871
centerY: 0.2841265317754346
width: 0.007258064516129033
height: 0.012539184952978056
Area: 4.929719890787744e-05
CentroidX: 0.0255
CentroidY: 0.2904
