Location: internet_30.png_Mean-Closing.png
Component: component_1755078353353_199.png
centerX: 0.9427650141072148
centerY: 0.40290846877673225
width: 0.017331721080209594
height: 0.01853435985172512
Area: 0.0001369978417093377
CentroidX: 0.9531
CentroidY: 0.4134
