Location: Paraklitoni_1720_page_10.png_Mean-Medain.png
Component: component_1755610055682_2381.png
centerX: 0.5548780487804879
centerY: 0.8651629072681705
width: 0.06173780487804878
height: 0.013533834586466165
Area: 0.00048788128858732197
CentroidX: 0.5857
CentroidY: 0.8704
