Location: Dedata_18.png_Otsu.png
Component: component_1755511906259_78.png
centerX: 0.48104838709677417
centerY: 0.06697064690795099
width: 0.007661290322580645
height: 0.028498147620404674
Area: 5.8605061638735415e-05
CentroidX: 0.4842
CentroidY: 0.0768
