Location: Dedata_22.png_Otsu.png
Component: component_1755510404090_390.png
centerX: 0.9036290322580646
centerY: 0.3878597891137076
width: 0.00564516129032258
height: 0.017953833000854943
Area: 3.0681473446161487e-05
CentroidX: 0.9061
CentroidY: 0.3987
