Location: Kurtxevani_1764_page_10.png_Otsu.png
Component: component_1755610055807_116.png
centerX: 0.1825242718446602
centerY: 0.05659494855004677
width: 0.009061488673139158
height: 0.007015902712815715
Area: 1.755867777101668e-05
CentroidX: 0.1855
CentroidY: 0.0615
