Location: Dedata_1.png_Otsu.png
Component: component_1755524255252_444.png
centerX: 0.7225806451612903
centerY: 0.707609005414648
width: 0.02338709677419355
height: 0.007409518381305215
Area: 4.113845503268094e-05
CentroidX: 0.7387
CentroidY: 0.7123
