Location: internet_13.png_Mean-Closing.png
Component: component_1755088481062_66.png
centerX: 0.17452640064490124
centerY: 0.10721414314228686
width: 0.02257154373236598
height: 0.007984031936127744
Area: 6.90735762309664e-05
CentroidX: 0.1883
CentroidY: 0.1099
