Location: Kurtxevani_1784_page_10.png_Gaussian-Closing.png
Component: component_1755610055752_425.png
centerX: 0.04413347685683531
centerY: 0.5705179282868525
width: 0.05382131324004306
height: 0.030278884462151396
Area: 0.0007041800505191291
CentroidX: 0.0682
CentroidY: 0.5853
