Location: internet_24.png_Otsu.png
Component: component_1755081216016_1035.png
centerX: 0.1608222490931076
centerY: 0.5340747077274023
width: 0.008464328899637243
height: 0.018249215854006275
Area: 7.436040569290394e-05
CentroidX: 0.1652
CentroidY: 0.5431
