Location: Kurtxevani_1784_page_10.png_Gaussian-Closing.png
Component: component_1755610055716_127.png
centerX: 0.13993541442411195
centerY: 0.1641434262948207
width: 0.060279870828848225
height: 0.030278884462151396
Area: 0.0006038279604938695
CentroidX: 0.1764
CentroidY: 0.1797
