Location: Samociqulo_1709_page_10.png_Gaussian-Median.png
Component: component_1755610056287_3040.png
centerX: 0.5518427518427519
centerY: 0.7575
width: 0.008353808353808353
height: 0.00875
Area: 4.6375921375921376e-05
CentroidX: 0.5553
CentroidY: 0.7611
