Location: Samociqulo_1709_page_10.png_Gaussian-Median.png
Component: component_1755610056195_1841.png
centerX: 0.6737100737100737
centerY: 0.4071875
width: 0.03587223587223587
height: 0.01125
Area: 0.00022957616707616708
CentroidX: 0.6911
CentroidY: 0.4120
