Location: Samociqulo_1709_page_10.png_Gaussian-Median.png
Component: component_1755610056232_2234.png
centerX: 0.09828009828009827
centerY: 0.5309375
width: 0.05012285012285012
height: 0.02125
Area: 0.00036686117936117935
CentroidX: 0.1220
CentroidY: 0.5428
