Location: internet_15.png_Otsu.png
Component: component_1755087705334_523.png
centerX: 0.7867795243853285
centerY: 0.3592814371257485
width: 0.018137847642079808
height: 0.020815511833475905
Area: 0.0001149310752595115
CentroidX: 0.7929
CentroidY: 0.3703
