Location: Paraklitoni_1720_page_10.png_Mean-Medain.png
Component: component_1755610055308_1022.png
centerX: 0.6272865853658537
centerY: 0.36641604010025064
width: 0.026676829268292682
height: 0.009022556390977444
Area: 0.00015893392016626934
CentroidX: 0.6405
CentroidY: 0.3704
