Location: internet_17.png_Gaussian-Closing.png
Component: component_1755086410966_190.png
centerX: 0.49979846835953246
centerY: 0.5049900199600799
width: 0.026602176541717048
height: 0.022241231822070145
Area: 0.0002007845884783666
CentroidX: 0.5107
CentroidY: 0.5179
