Location: internet_26.png_Otsu.png
Component: component_1755080009749_674.png
centerX: 0.39177750906892383
centerY: 0.41174793270601656
width: 0.018540910923014912
height: 0.011976047904191617
Area: 6.734961010207374e-05
CentroidX: 0.4037
CentroidY: 0.4153
