Location: Dedata_10.png_Otsu.png
Component: component_1755521621695_246.png
centerX: 0.5790322580645161
centerY: 0.12710173838700484
width: 0.025
height: 0.011969222000569962
Area: 6.055856369335993e-05
CentroidX: 0.5930
CentroidY: 0.1352
