Location: Kurtxevani_1784_page_10.png_Gaussian-Closing.png
Component: component_1755610055728_218.png
centerX: 0.193756727664155
centerY: 0.27410358565737053
width: 0.07319698600645856
height: 0.023107569721115537
Area: 0.000849133069444504
CentroidX: 0.2285
CentroidY: 0.2830
