Location: Kurtxevani_1784_page_10.png_Gaussian-Closing.png
Component: component_1755610055773_603.png
centerX: 0.7007534983853606
centerY: 0.8390438247011952
width: 0.0688912809472551
height: 0.030278884462151396
Area: 0.0007788008354097068
CentroidX: 0.7360
CentroidY: 0.8529
