Location: internet_26.png_Mean-Medain.png
Component: component_1755080009867_155.png
centerX: 0.8698105602579606
centerY: 0.38551468491588253
width: 0.012898024989923419
height: 0.035357855717137156
Area: 0.000170097991384077
CentroidX: 0.8780
CentroidY: 0.4038
