Location: Kurtxevani_1794_page_10.png_Mean-Medain.png
Component: component_1755610054610_558.png
centerX: 0.9117475160724723
centerY: 0.10665491405905686
width: 0.009351256575102279
height: 0.009255178492728075
Area: 5.92438577642553e-05
CentroidX: 0.9164
CentroidY: 0.1106
