Location: Paraklitoni_1720_page_10.png_Mean-Medain.png
Component: component_1755610055689_2466.png
centerX: 0.2942073170731707
centerY: 0.9072681704260651
width: 0.025152439024390245
height: 0.02456140350877193
Area: 0.00023037777370254906
CentroidX: 0.3059
CentroidY: 0.9180
