Location: Dedata_31.png_Gaussian-Closing.png
Component: component_1755503061919_57.png
centerX: 0.8346774193548387
centerY: 0.07950983186092904
width: 0.013306451612903225
height: 0.0176688515246509
Area: 9.756019084565954e-05
CentroidX: 0.8391
CentroidY: 0.0897
