Location: Dedata_31.png_Gaussian-Closing.png
Component: component_1755503061915_42.png
centerX: 0.27741935483870966
centerY: 0.049016813907096037
width: 0.02056451612903226
height: 0.021373610715303505
Area: 0.0001346767298835253
CentroidX: 0.2854
CentroidY: 0.0618
