Location: Dedata_17.png_Otsu.png
Component: component_1755512340209_263.png
centerX: 0.7895161290322581
centerY: 0.23510971786833856
width: 0.008064516129032258
height: 0.010259333143345683
Area: 2.0913963173038913e-05
CentroidX: 0.7935
CentroidY: 0.2399
