Location: Samociqulo_1709_page_10.png_Gaussian-Median.png
Component: component_1755610056104_671.png
centerX: 0.46584766584766585
centerY: 0.1175
width: 0.03636363636363636
height: 0.020625
Area: 0.0002859336609336609
CentroidX: 0.4852
CentroidY: 0.1283
