Location: Kurtxevani_1764_page_10.png_Otsu.png
Component: component_1755610055850_718.png
centerX: 0.8647249190938512
centerY: 0.22637979420018708
width: 0.05501618122977346
height: 0.020112254443405052
Area: 0.0006269658907547507
CentroidX: 0.8924
CentroidY: 0.2369
