Location: Dedata_16.png_Gaussian-Closing.png
Component: component_1755519378623_1.png
centerX: 0.0
centerY: 0.0005699629524080935
width: 0.5326612903225807
height: 0.007409518381305215
Area: 0.0006724643543330974
CentroidX: 0.2522
CentroidY: 0.0040
