Location: Samociqulo_1709_page_10.png_Gaussian-Median.png
Component: component_1755610056278_2913.png
centerX: 0.8683046683046683
centerY: 0.72125
width: 0.03341523341523341
height: 0.0175
Area: 0.0002976044226044226
CentroidX: 0.8834
CentroidY: 0.7305
