Location: internet_15.png_Otsu.png
Component: component_1755087705398_996.png
centerX: 0.012494961708988311
centerY: 0.7228400342172797
width: 0.020959290608625555
height: 0.020245223838038208
Area: 0.00011447135095847345
CentroidX: 0.0193
CentroidY: 0.7356
