Location: Samociqulo_1709_page_10.png_Gaussian-Median.png
Component: component_1755610056077_146.png
centerX: 0.9027027027027027
centerY: 0.0025
width: 0.020147420147420148
height: 0.0409375
Area: 0.00010672604422604422
CentroidX: 0.9124
CentroidY: 0.0196
