Location: Dedata_10.png_Otsu.png
Component: component_1755521621700_330.png
centerX: 0.8205645161290323
centerY: 0.15104018238814476
width: 0.008870967741935484
height: 0.012824166429182103
Area: 3.1715680416256816e-05
CentroidX: 0.8231
CentroidY: 0.1592
