Location: internet_21.png_Otsu.png
Component: component_1755082376958_1827.png
centerX: 0.8673921805723499
centerY: 0.5537496435700029
width: 0.00886739218057235
height: 0.018249215854006275
Area: 4.0570669566607555e-05
CentroidX: 0.8711
CentroidY: 0.5623
