Location: internet_23.png_Gaussian-Closing.png
Component: component_1755081841681_55.png
centerX: 0.7638049173720274
centerY: 0.21984602224123181
width: 0.037081821846029824
height: 0.04790419161676647
Area: 0.00034651719190742714
CentroidX: 0.7801
CentroidY: 0.2429
