Location: Dedata_19.png_Mean-Closing.png
Component: component_1755511662006_141.png
centerX: 0.7161290322580646
centerY: 0.3633513821601596
width: 0.02338709677419355
height: 0.04930179538330009
Area: 0.0004984877595859495
CentroidX: 0.7254
CentroidY: 0.3862
