Location: Dedata_2.png_Mean-Closing.png
Component: component_1755523806995_207.png
centerX: 0.29758064516129035
centerY: 0.5616984895981761
width: 0.02338709677419355
height: 0.04445711028783129
Area: 0.00045780895209553314
CentroidX: 0.3074
CentroidY: 0.5824
