Location: Dedata_19.png_Gaussian-Closing.png
Component: component_1755511661492_189.png
centerX: 0.7040322580645161
centerY: 0.4799088059276147
width: 0.02379032258064516
height: 0.04588201766885153
Area: 0.00046401419391610513
CentroidX: 0.7133
CentroidY: 0.5021
