Location: internet_7.png_Mean-Medain.png
Component: component_1755093286428_130.png
centerX: 0.30350665054413545
centerY: 0.36127744510978044
width: 0.037081821846029824
height: 0.04733390362132877
Area: 0.0004242105987828569
CentroidX: 0.3210
CentroidY: 0.3835
