Location: Dedata_2.png_Mean-Closing.png
Component: component_1755523806944_149.png
centerX: 0.9495967741935484
centerY: 0.40581362211456257
width: 0.028225806451612902
height: 0.040467369620974636
Area: 0.0004526379172450565
CentroidX: 0.9606
CentroidY: 0.4239
