Location: Dedata_19.png_Mean-Closing.png
Component: component_1755511662059_285.png
centerX: 0.9016129032258065
centerY: 0.7722998005129666
width: 0.025
height: 0.04075235109717868
Area: 0.0004186239991174767
CentroidX: 0.9115
CentroidY: 0.7919
