Location: internet_7.png_Mean-Medain.png
Component: component_1755093286454_260.png
centerX: 0.49294639258363565
centerY: 0.8214998574280011
width: 0.031035872632003223
height: 0.05018534359851725
Area: 0.0005959176252205671
CentroidX: 0.5072
CentroidY: 0.8449
