Location: Dedata_2.png_Gaussian-Closing.png
Component: component_1755523807405_200.png
centerX: 0.728225806451613
centerY: 0.5277856939298946
width: 0.02338709677419355
height: 0.04018238814477059
Area: 0.000390125851497072
CentroidX: 0.7368
CentroidY: 0.5463
