Location: Dedata_2.png_Gaussian-Closing.png
Component: component_1755523807369_42.png
centerX: 0.8895161290322581
centerY: 0.10914790538614991
width: 0.03346774193548387
height: 0.03932744371615845
Area: 0.0005087149174013366
CentroidX: 0.9056
CentroidY: 0.1262
