Location: Dedata_19.png_Gaussian-Median.png
Component: component_1755511661062_56.png
centerX: 0.6919354838709677
centerY: 0.12453690510116842
width: 0.022983870967741935
height: 0.0481618694784839
Area: 0.0004058687798196343
CentroidX: 0.7004
CentroidY: 0.1466
