Location: internet_7.png_Mean-Medain.png
Component: component_1755093286451_243.png
centerX: 0.01652559451833938
centerY: 0.7596236099230111
width: 0.028617492946392584
height: 0.04562303963501568
Area: 0.0003715721663140007
CentroidX: 0.0284
CentroidY: 0.7818
