Location: Dedata_2.png_Gaussian-Closing.png
Component: component_1755523807399_170.png
centerX: 0.3056451612903226
centerY: 0.4536905101168424
width: 0.024596774193548387
height: 0.03932744371615845
Area: 0.000421956443798895
CentroidX: 0.3154
CentroidY: 0.4716
