Location: Dedata_19.png_Mean-Closing.png
Component: component_1755511661972_68.png
centerX: 0.14193548387096774
centerY: 0.13850099743516672
width: 0.02056451612903226
height: 0.04730692504987176
Area: 0.00042011785362983665
CentroidX: 0.1491
CentroidY: 0.1609
