Location: Dedata_2.png_Mean-Closing.png
Component: component_1755523806998_216.png
centerX: 0.7806451612903226
centerY: 0.5802222855514392
width: 0.020967741935483872
height: 0.04274722143060701
Area: 0.000440572169260611
CentroidX: 0.7891
CentroidY: 0.6001
