Location: internet_7.png_Otsu.png
Component: component_1755093286025_65.png
centerX: 0.18178153970173316
centerY: 0.07271171941830624
width: 0.026602176541717048
height: 0.0427715996578272
Area: 0.00023836705008822685
CentroidX: 0.1943
CentroidY: 0.0926
