Location: Dedata_19.png_Otsu.png
Component: component_1755511661633_287.png
centerX: 0.7463709677419355
centerY: 0.542319749216301
width: 0.02338709677419355
height: 0.040467369620974636
Area: 0.00036955662398073156
CentroidX: 0.7551
CentroidY: 0.5613
