Location: Dedata_2.png_Gaussian-Median.png
Component: component_1755523807121_61.png
centerX: 0.0721774193548387
centerY: 0.12567683100598462
width: 0.03024193548387097
height: 0.03818751781134226
Area: 0.00047458608738819074
CentroidX: 0.0839
CentroidY: 0.1426
