Location: internet_7.png_Gaussian-Closing.png
Component: component_1755093286181_17.png
centerX: 0.7855703345425232
centerY: 0.06045052751639578
width: 0.03385731559854897
height: 0.04590818363273453
Area: 0.00033812722341348283
CentroidX: 0.7976
CentroidY: 0.0833
