Location: Dedata_2.png_Mean-Closing.png
Component: component_1755523806885_7.png
centerX: 0.6854838709677419
centerY: 0.00883442576232545
width: 0.028629032258064516
height: 0.04417212881162724
Area: 0.0005258367883506927
CentroidX: 0.6985
CentroidY: 0.0284
