Location: internet_7.png_Gaussian-Closing.png
Component: component_1755093286183_24.png
centerX: 0.5521966948810964
centerY: 0.06558311947533504
width: 0.035872632003224506
height: 0.046193327630453376
Area: 0.00032111742427507514
CentroidX: 0.5663
CentroidY: 0.0861
