Location: internet_7.png_Mean-Closing.png
Component: component_1755093286307_49.png
centerX: 0.4030632809351068
centerY: 0.12660393498716851
width: 0.03305118903667876
height: 0.045337895637296836
Area: 0.0003585849548096759
CentroidX: 0.4171
CentroidY: 0.1470
