Location: Dedata_2.png_Mean-Closing.png
Component: component_1755523806990_193.png
centerX: 0.7733870967741936
centerY: 0.5246508976916501
width: 0.025806451612903226
height: 0.04217725847819892
Area: 0.00043723972457919267
CentroidX: 0.7833
CentroidY: 0.5439
