Location: Dedata_19.png_Mean-Closing.png
Component: component_1755511662053_260.png
centerX: 0.11411290322580646
centerY: 0.6996295240809347
width: 0.024193548387096774
height: 0.04474209176403534
Area: 0.0004437897020564631
CentroidX: 0.1238
CentroidY: 0.7211
