Location: internet_7.png_Mean-Closing.png
Component: component_1755093286298_10.png
centerX: 0.6158806932688432
centerY: 0.014257199885942401
width: 0.037081821846029824
height: 0.036783575705731396
Area: 0.00037444544319548844
CentroidX: 0.6321
CentroidY: 0.0304
