Location: internet_7.png_Gaussian-Closing.png
Component: component_1755093286182_21.png
centerX: 0.9467956469165659
centerY: 0.06273167949814656
width: 0.035872632003224506
height: 0.04020530367835757
Area: 0.00036674506115310116
CentroidX: 0.9634
CentroidY: 0.0814
