Location: Dedata_19.png_Gaussian-Median.png
Component: component_1755511661071_103.png
centerX: 0.7637096774193548
centerY: 0.24622399544029638
width: 0.028629032258064516
height: 0.05072670276432032
Area: 0.000536178858051646
CentroidX: 0.7746
CentroidY: 0.2689
