Location: Dedata_19.png_Gaussian-Closing.png
Component: component_1755511661528_308.png
centerX: 0.24919354838709679
centerY: 0.8187517811342263
width: 0.02258064516129032
height: 0.042462239954402965
Area: 0.00039587144577537945
CentroidX: 0.2582
CentroidY: 0.8389
