Location: Dedata_19.png_Gaussian-Median.png
Component: component_1755511661105_232.png
centerX: 0.8540322580645161
centerY: 0.6010259333143345
width: 0.028225806451612902
height: 0.042462239954402965
Area: 0.00046022210169242226
CentroidX: 0.8655
CentroidY: 0.6209
