Location: internet_7.png_Otsu.png
Component: component_1755093286118_1066.png
centerX: 0.7742845626763402
centerY: 0.8195038494439693
width: 0.035872632003224506
height: 0.04590818363273453
Area: 0.0005297173258710884
CentroidX: 0.7903
CentroidY: 0.8413
