Location: Dedata_19.png_Mean-Closing.png
Component: component_1755511661915_7.png
centerX: 0.36935483870967745
centerY: 0.009404388714733543
width: 0.024193548387096774
height: 0.04189227700199487
Area: 0.00042172662002776273
CentroidX: 0.3787
CentroidY: 0.0282
