Location: Dedata_19.png_Gaussian-Closing.png
Component: component_1755511661394_28.png
centerX: 0.9100806451612903
centerY: 0.06269592476489028
width: 0.02056451612903226
height: 0.043032202906811055
Area: 0.00035025142720561874
CentroidX: 0.9177
CentroidY: 0.0821
