Location: Dedata_2.png_Mean-Closing.png
Component: component_1755523806903_66.png
centerX: 0.44233870967741934
centerY: 0.17041892277001994
width: 0.03024193548387097
height: 0.04103733257338273
Area: 0.000543188483071181
CentroidX: 0.4555
CentroidY: 0.1887
