Location: Dedata_2.png_Mean-Closing.png
Component: component_1755523806949_156.png
centerX: 0.7588709677419355
centerY: 0.4169278996865204
width: 0.024596774193548387
height: 0.039612425192362494
Area: 0.0004143722593515292
CentroidX: 0.7691
CentroidY: 0.4347
