Location: Dedata_2.png_Mean-Closing.png
Component: component_1755523807008_270.png
centerX: 0.2560483870967742
centerY: 0.7449415787973782
width: 0.025
height: 0.039897406668566546
Area: 0.0004074775462175604
CentroidX: 0.2655
CentroidY: 0.7632
