Location: internet_7.png_Mean-Closing.png
Component: component_1755093286321_112.png
centerX: 0.8178153970173317
centerY: 0.3427430852580553
width: 0.03426037887948408
height: 0.05503279155973767
Area: 0.0004311064632984276
CentroidX: 0.8330
CentroidY: 0.3699
