Location: Dedata_2.png_Gaussian-Closing.png
Component: component_1755523807374_69.png
centerX: 0.3818548387096774
centerY: 0.170703904246224
width: 0.038306451612903226
height: 0.047591906526075804
Area: 0.0006222478603406908
CentroidX: 0.3992
CentroidY: 0.1909
