Location: Dedata_2.png_Gaussian-Closing.png
Component: component_1755523807383_105.png
centerX: 0.5850806451612903
centerY: 0.2738671986320889
width: 0.03185483870967742
height: 0.043032202906811055
Area: 0.0005427288355289165
CentroidX: 0.5986
CentroidY: 0.2926
