Location: Dedata_19.png_Gaussian-Closing.png
Component: component_1755511661523_299.png
centerX: 0.6427419354838709
centerY: 0.7856939298945569
width: 0.02379032258064516
height: 0.04274722143060701
Area: 0.0003989740666856654
CentroidX: 0.6522
CentroidY: 0.8058
