Location: Kurtxevani_1764_page_10.png_Otsu.png
Component: component_1755610055969_1573.png
centerX: 0.18058252427184465
centerY: 0.6552853133769878
width: 0.01423948220064725
height: 0.02245088868101029
Area: 0.00020404394513215933
CentroidX: 0.1866
CentroidY: 0.6664
