Location: internet_7.png_Gaussian-Closing.png
Component: component_1755093286225_204.png
centerX: 0.7875856509471987
centerY: 0.6837753065297976
width: 0.029826682789197905
height: 0.04020530367835757
Area: 0.0003729513392171148
CentroidX: 0.7984
CentroidY: 0.7027
