Location: Dedata_19.png_Mean-Closing.png
Component: component_1755511662024_181.png
centerX: 0.7951612903225806
centerY: 0.47335423197492166
width: 0.027016129032258064
height: 0.04588201766885153
Area: 0.0005040035300931246
CentroidX: 0.8059
CentroidY: 0.4948
