Location: Dedata_2.png_Mean-Medain.png
Component: component_1755523807302_269.png
centerX: 0.4504032258064516
centerY: 0.7198632088914221
width: 0.020161290322580645
height: 0.042462239954402965
Area: 0.0003802434293383833
CentroidX: 0.4582
CentroidY: 0.7399
