Location: Dedata_2.png_Mean-Medain.png
Component: component_1755523807308_292.png
centerX: 0.4
centerY: 0.7933884297520661
width: 0.024596774193548387
height: 0.04588201766885153
Area: 0.0005122771858538872
CentroidX: 0.4086
CentroidY: 0.8146
