Location: internet_7.png_Mean-Closing.png
Component: component_1755093286296_4.png
centerX: 0.5562273276904474
centerY: 0.01311662389506701
width: 0.0354695687222894
height: 0.03877958368976333
Area: 0.00036708985437887973
CentroidX: 0.5706
CentroidY: 0.0312
