Location: internet_7.png_Otsu.png
Component: component_1755093286098_874.png
centerX: 0.913341394598952
centerY: 0.6814941545480467
width: 0.02902055622732769
height: 0.046193327630453376
Area: 0.00032376083900604387
CentroidX: 0.9249
CentroidY: 0.7021
