Location: internet_7.png_Otsu.png
Component: component_1755093286017_1.png
centerX: 0.6807738814993954
centerY: 0.011120615911035072
width: 0.030229746070133012
height: 0.04077559167379527
Area: 0.00030652117771711715
CentroidX: 0.6923
CentroidY: 0.0289
