Location: Dedata_2.png_Mean-Medain.png
Component: component_1755523807253_80.png
centerX: 0.8044354838709677
centerY: 0.2097463664861784
width: 0.031451612903225803
height: 0.04160729552579082
Area: 0.0005621489441895954
CentroidX: 0.8177
CentroidY: 0.2280
