Location: Dedata_19.png_Gaussian-Median.png
Component: component_1755511661079_137.png
centerX: 0.28225806451612906
centerY: 0.32516386434881733
width: 0.024193548387096774
height: 0.04987175833570818
Area: 0.0005231938149826713
CentroidX: 0.2923
CentroidY: 0.3483
