Location: Dedata_2.png_Mean-Medain.png
Component: component_1755523807254_82.png
centerX: 0.65
centerY: 0.2140210886292391
width: 0.03064516129032258
height: 0.04132231404958678
Area: 0.0005273306428630526
CentroidX: 0.6621
CentroidY: 0.2323
