Location: internet_7.png_Mean-Closing.png
Component: component_1755093286328_134.png
centerX: 0.8234582829504232
centerY: 0.4111776447105788
width: 0.030229746070133012
height: 0.04077559167379527
Area: 0.0003276684955648673
CentroidX: 0.8345
CentroidY: 0.4309
