Location: Dedata_2.png_Gaussian-Median.png
Component: component_1755523807127_96.png
centerX: 0.33225806451612905
centerY: 0.2279851809632374
width: 0.02903225806451613
height: 0.045597036192647475
Area: 0.0005490489892350546
CentroidX: 0.3439
CentroidY: 0.2484
