Location: Dedata_19.png_Gaussian-Median.png
Component: component_1755511661079_136.png
centerX: 0.33306451612903226
centerY: 0.32459390139640926
width: 0.024193548387096774
height: 0.04930179538330009
Area: 0.0005046930014065215
CentroidX: 0.3425
CentroidY: 0.3478
