Location: Dedata_19.png_Mean-Closing.png
Component: component_1755511662076_326.png
centerX: 0.02943548387096774
centerY: 0.8865773724707894
width: 0.022983870967741935
height: 0.04331718438301511
Area: 0.00042666783110710706
CentroidX: 0.0377
CentroidY: 0.9069
