Location: internet_7.png_Mean-Closing.png
Component: component_1755093286336_171.png
centerX: 0.5493752519145506
centerY: 0.549757627601939
width: 0.02418379685610641
height: 0.03849443969204448
Area: 0.00038570868857092057
CentroidX: 0.5592
CentroidY: 0.5664
