Location: internet_7.png_Mean-Closing.png
Component: component_1755093286299_17.png
centerX: 0.7855703345425232
centerY: 0.06045052751639578
width: 0.03385731559854897
height: 0.04562303963501568
Area: 0.00035513702255189053
CentroidX: 0.7975
CentroidY: 0.0831
