Location: Dedata_19.png_Mean-Closing.png
Component: component_1755511662073_324.png
centerX: 0.16088709677419355
centerY: 0.8823026503277287
width: 0.02620967741935484
height: 0.045027073240239385
Area: 0.000441376552459574
CentroidX: 0.1692
CentroidY: 0.9031
