Location: internet_7.png_Gaussian-Closing.png
Component: component_1755093286197_81.png
centerX: 0.5090689238210399
centerY: 0.23781009409751924
width: 0.037081821846029824
height: 0.04704875962360992
Area: 0.0005285680151184934
CentroidX: 0.5279
CentroidY: 0.2616
