Location: Dedata_2.png_Mean-Closing.png
Component: component_1755523806909_100.png
centerX: 0.6375
centerY: 0.27158734682245655
width: 0.029838709677419355
height: 0.04160729552579082
Area: 0.0005499682843195838
CentroidX: 0.6509
CentroidY: 0.2900
