Location: internet_7.png_Otsu.png
Component: component_1755093286019_3.png
centerX: 0.5562273276904474
centerY: 0.01311662389506701
width: 0.03506650544135429
height: 0.03877958368976333
Area: 0.0002967520363200587
CentroidX: 0.5708
CentroidY: 0.0305
