Location: Dedata_19.png_Otsu.png
Component: component_1755511661666_389.png
centerX: 0.028629032258064516
centerY: 0.8301510401823882
width: 0.02258064516129032
height: 0.04417212881162724
Area: 0.000379209222368288
CentroidX: 0.0372
CentroidY: 0.8512
