Location: internet_7.png_Mean-Closing.png
Component: component_1755093286309_63.png
centerX: 0.46997178557033453
centerY: 0.18078129455374964
width: 0.04675534058847239
height: 0.046763615625891077
Area: 0.0006679794094082808
CentroidX: 0.4947
CentroidY: 0.2021
