Location: Dedata_2.png_Gaussian-Median.png
Component: component_1755523807130_110.png
centerX: 0.6375
centerY: 0.2718723282986606
width: 0.02943548387096774
height: 0.04132231404958678
Area: 0.0005194017227589884
CentroidX: 0.6508
CentroidY: 0.2903
