Location: Dedata_19.png_Otsu.png
Component: component_1755511661636_299.png
centerX: 0.1495967741935484
centerY: 0.5776574522656027
width: 0.022983870967741935
height: 0.043032202906811055
Area: 0.00042184153191332887
CentroidX: 0.1593
CentroidY: 0.5982
