Location: Dedata_19.png_Otsu.png
Component: component_1755511661635_295.png
centerX: 0.33306451612903226
centerY: 0.5705329153605015
width: 0.02338709677419355
height: 0.045597036192647475
Area: 0.00042873624504729776
CentroidX: 0.3420
CentroidY: 0.5928
