Location: Dedata_19.png_Gaussian-Closing.png
Component: component_1755511661513_264.png
centerX: 0.24637096774193548
centerY: 0.6916500427472214
width: 0.02379032258064516
height: 0.04474209176403534
Area: 0.00040770736998869267
CentroidX: 0.2554
CentroidY: 0.7130
