Location: Dedata_2.png_Mean-Medain.png
Component: component_1755523807249_65.png
centerX: 0.5951612903225807
centerY: 0.16842405243659161
width: 0.031048387096774193
height: 0.04075235109717868
Area: 0.0005420393642155195
CentroidX: 0.6088
CentroidY: 0.1865
