Location: Dedata_19.png_Gaussian-Median.png
Component: component_1755511661120_287.png
centerX: 0.3254032258064516
centerY: 0.750356226845255
width: 0.02217741935483871
height: 0.04730692504987176
Area: 0.00043379236801220823
CentroidX: 0.3344
CentroidY: 0.7725
