Location: internet_7.png_Gaussian-Closing.png
Component: component_1755093286181_19.png
centerX: 0.7263200322450625
centerY: 0.061305959509552324
width: 0.03345425231761386
height: 0.047619047619047616
Area: 0.00036111343846538513
CentroidX: 0.7391
CentroidY: 0.0839
