Location: internet_7.png_Gaussian-Closing.png
Component: component_1755093286184_30.png
centerX: 0.29343006852075776
centerY: 0.07242657542058739
width: 0.0354695687222894
height: 0.04505275163957799
Area: 0.0003628374045942778
CentroidX: 0.3095
CentroidY: 0.0934
