Location: Dedata_2.png_Mean-Medain.png
Component: component_1755523807287_231.png
centerX: 0.294758064516129
centerY: 0.6238244514106583
width: 0.025403225806451612
height: 0.043032202906811055
Area: 0.0004704492595078094
CentroidX: 0.3038
CentroidY: 0.6437
