Location: internet_7.png_Mean-Medain.png
Component: component_1755093286404_12.png
centerX: 0.9572752922208787
centerY: 0.014257199885942401
width: 0.03305118903667876
height: 0.03992015968063872
Area: 0.00038904168975344643
CentroidX: 0.9705
CentroidY: 0.0331
