Location: internet_7.png_Mean-Closing.png
Component: component_1755093286302_29.png
centerX: 0.2365981459089077
centerY: 0.07242657542058739
width: 0.03385731559854897
height: 0.04077559167379527
Area: 0.000374560374270748
CentroidX: 0.2500
CentroidY: 0.0907
