Location: Dedata_2.png_Gaussian-Closing.png
Component: component_1755523807388_127.png
centerX: 0.3975806451612903
centerY: 0.3322884012539185
width: 0.034274193548387094
height: 0.040467369620974636
Area: 0.0005233087268682375
CentroidX: 0.4113
CentroidY: 0.3492
