Location: Dedata_2.png_Mean-Closing.png
Component: component_1755523806891_17.png
centerX: 0.2060483870967742
centerY: 0.015104018238814477
width: 0.027822580645161292
height: 0.04588201766885153
Area: 0.0005557138785978912
CentroidX: 0.2172
CentroidY: 0.0363
