Location: internet_7.png_Otsu.png
Component: component_1755093286108_973.png
centerX: 0.018540910923014912
centerY: 0.7601938979184488
width: 0.026199113260781944
height: 0.044767607641859136
Area: 0.0002589397125596794
CentroidX: 0.0290
CentroidY: 0.7824
