Location: internet_7.png_Otsu.png
Component: component_1755093286041_326.png
centerX: 0.8609431680773881
centerY: 0.28001140575990874
width: 0.03184199919387344
height: 0.045337895637296836
Area: 0.00035479222932611196
CentroidX: 0.8757
CentroidY: 0.3012
