Location: Dedata_2.png_Gaussian-Closing.png
Component: component_1755523807410_223.png
centerX: 0.7362903225806452
centerY: 0.5850669706469079
width: 0.021370967741935483
height: 0.03932744371615845
Area: 0.00038035834122394945
CentroidX: 0.7444
CentroidY: 0.6033
