Location: Dedata_2.png_Mean-Closing.png
Component: component_1755523806902_61.png
centerX: 0.652016129032258
centerY: 0.16443431176973497
width: 0.028225806451612902
height: 0.04132231404958678
Area: 0.0005313525588578678
CentroidX: 0.6620
CentroidY: 0.1836
