Location: Dedata_19.png_Mean-Closing.png
Component: component_1755511662022_173.png
centerX: 0.24475806451612903
centerY: 0.45027073240239385
width: 0.02379032258064516
height: 0.047591906526075804
Area: 0.0005091745649436013
CentroidX: 0.2541
CentroidY: 0.4724
