Location: Dedata_19.png_Mean-Closing.png
Component: component_1755511662070_315.png
centerX: 0.5447580645161291
centerY: 0.8520946138500998
width: 0.027822580645161292
height: 0.04474209176403534
Area: 0.0004579238639810993
CentroidX: 0.5554
CentroidY: 0.8719
