Location: internet_7.png_Gaussian-Closing.png
Component: component_1755093286181_18.png
centerX: 0.8395808141878275
centerY: 0.06073567151411463
width: 0.037081821846029824
height: 0.043912175648702596
Area: 0.00033410463577939994
CentroidX: 0.8547
CentroidY: 0.0810
