Location: internet_7.png_Gaussian-Closing.png
Component: component_1755093286185_35.png
centerX: 0.8694074969770254
centerY: 0.1146278870829769
width: 0.0354695687222894
height: 0.04163102366695181
Area: 0.0004967321072716086
CentroidX: 0.8866
CentroidY: 0.1358
