Location: Dedata_2.png_Gaussian-Median.png
Component: component_1755523807149_207.png
centerX: 0.728225806451613
centerY: 0.5277856939298946
width: 0.02338709677419355
height: 0.040467369620974636
Area: 0.0003910451465816012
CentroidX: 0.7368
CentroidY: 0.5463
