Location: Dedata_19.png_Gaussian-Closing.png
Component: component_1755511661505_235.png
centerX: 0.5540322580645162
centerY: 0.6189797663151895
width: 0.02903225806451613
height: 0.047591906526075804
Area: 0.0005034289706652939
CentroidX: 0.5649
CentroidY: 0.6418
