Location: internet_7.png_Mean-Medain.png
Component: component_1755093286452_246.png
centerX: 0.6082224909310762
centerY: 0.7596236099230111
width: 0.02418379685610641
height: 0.04847447961220416
Area: 0.0004581152659844128
CentroidX: 0.6185
CentroidY: 0.7816
