Location: internet_7.png_Mean-Closing.png
Component: component_1755093286347_223.png
centerX: 0.6086255542120113
centerY: 0.75990875392073
width: 0.0237807335751713
height: 0.04790419161676647
Area: 0.00044501312340482853
CentroidX: 0.6184
CentroidY: 0.7815
