Location: Dedata_2.png_Mean-Closing.png
Component: component_1755523806996_208.png
centerX: 0.24637096774193548
centerY: 0.5685380450270733
width: 0.02217741935483871
height: 0.04588201766885153
Area: 0.0004442493495987277
CentroidX: 0.2550
CentroidY: 0.5898
