Location: internet_7.png_Otsu.png
Component: component_1755093286021_13.png
centerX: 0.1608222490931076
centerY: 0.017678927858568578
width: 0.04433696090286175
height: 0.04419731964642144
Area: 0.00035755057513234023
CentroidX: 0.1785
CentroidY: 0.0368
