Location: internet_7.png_Mean-Closing.png
Component: component_1755093286299_15.png
centerX: 0.23337363966142685
centerY: 0.018249215854006275
width: 0.028617492946392584
height: 0.041060735671514116
Area: 0.00032743863341434825
CentroidX: 0.2426
CentroidY: 0.0365
