Location: Dedata_19.png_Otsu.png
Component: component_1755511661631_280.png
centerX: 0.055645161290322584
centerY: 0.5232259903106298
width: 0.022983870967741935
height: 0.04160729552579082
Area: 0.00042138188437106425
CentroidX: 0.0644
CentroidY: 0.5424
