Location: internet_7.png_Mean-Medain.png
Component: component_1755093286402_2.png
centerX: 0.6803708182184603
centerY: 0.010835471913316224
width: 0.030632809351068116
height: 0.04134587966923296
Area: 0.0003780083065285333
CentroidX: 0.6921
CentroidY: 0.0291
