Location: internet_7.png_Otsu.png
Component: component_1755093286056_692.png
centerX: 0.42241031841999194
centerY: 0.48731109210151125
width: 0.03345425231761386
height: 0.045337895637296836
Area: 0.0002558365735276726
CentroidX: 0.4386
CentroidY: 0.5045
