Location: Dedata_19.png_Mean-Closing.png
Component: component_1755511662019_161.png
centerX: 0.7596774193548387
centerY: 0.4197777144485608
width: 0.025403225806451612
height: 0.04531205471644343
Area: 0.0004952702267900974
CentroidX: 0.7698
CentroidY: 0.4405
