Location: Dedata_19.png_Otsu.png
Component: component_1755511661622_243.png
centerX: 0.8048387096774193
centerY: 0.41806782559133654
width: 0.02338709677419355
height: 0.04417212881162724
Area: 0.00042689765487823934
CentroidX: 0.8145
CentroidY: 0.4381
