Location: Dedata_19.png_Mean-Closing.png
Component: component_1755511661968_64.png
centerX: 0.1028225806451613
centerY: 0.13736107153035051
width: 0.01975806451612903
height: 0.050156739811912224
Area: 0.00044896073690693975
CentroidX: 0.1105
CentroidY: 0.1616
