Location: internet_7.png_Mean-Medain.png
Component: component_1755093286404_10.png
centerX: 0.09028617492946392
centerY: 0.014257199885942401
width: 0.0354695687222894
height: 0.04590818363273453
Area: 0.0004022587634082902
CentroidX: 0.1053
CentroidY: 0.0370
