Location: Dedata_2.png_Gaussian-Median.png
Component: component_1755523807112_16.png
centerX: 0.4508064516129032
centerY: 0.009974351667141636
width: 0.02661290322580645
height: 0.042462239954402965
Area: 0.0005110131551126596
CentroidX: 0.4619
CentroidY: 0.0287
