Location: Dedata_19.png_Otsu.png
Component: component_1755511661589_17.png
centerX: 0.6975806451612904
centerY: 0.011684240524365916
width: 0.02217741935483871
height: 0.04730692504987176
Area: 0.00035841017108081524
CentroidX: 0.7071
CentroidY: 0.0326
