Location: Dedata_2.png_Mean-Closing.png
Component: component_1755523807006_261.png
centerX: 0.6733870967741935
centerY: 0.7024793388429752
width: 0.02217741935483871
height: 0.04331718438301511
Area: 0.0004267827429926732
CentroidX: 0.6819
CentroidY: 0.7222
