Location: Dedata_19.png_Mean-Closing.png
Component: component_1755511661917_12.png
centerX: 0.8693548387096774
centerY: 0.009974351667141636
width: 0.022983870967741935
height: 0.04417212881162724
Area: 0.000395526710118681
CentroidX: 0.8793
CentroidY: 0.0300
