Location: internet_7.png_Gaussian-Closing.png
Component: component_1755093286207_125.png
centerX: 0.2523176138653769
centerY: 0.3652694610778443
width: 0.03466344216041919
height: 0.04220131166238951
Area: 0.00034812622696106033
CentroidX: 0.2685
CentroidY: 0.3855
