Location: Dedata_19.png_Gaussian-Median.png
Component: component_1755511661094_194.png
centerX: 0.5653225806451613
centerY: 0.4853234539754916
width: 0.02338709677419355
height: 0.042462239954402965
Area: 0.0004310344827586207
CentroidX: 0.5743
CentroidY: 0.5055
