Location: Dedata_19.png_Otsu.png
Component: component_1755511661642_323.png
centerX: 0.02056451612903226
centerY: 0.6483328583642063
width: 0.027016129032258064
height: 0.04531205471644343
Area: 0.00044965020822033665
CentroidX: 0.0299
CentroidY: 0.6695
