Location: internet_7.png_Otsu.png
Component: component_1755093286036_305.png
centerX: 0.9338976219266425
centerY: 0.22241231822070145
width: 0.0354695687222894
height: 0.039635015682919876
Area: 0.00040628135104237316
CentroidX: 0.9533
CentroidY: 0.2422
