Location: Dedata_19.png_Otsu.png
Component: component_1755511661600_70.png
centerX: 0.18467741935483872
centerY: 0.13793103448275862
width: 0.01935483870967742
height: 0.04588201766885153
Area: 0.0003172717160481343
CentroidX: 0.1920
CentroidY: 0.1593
