Location: Dedata_19.png_Otsu.png
Component: component_1755511661651_349.png
centerX: 0.7955645161290322
centerY: 0.71900826446281
width: 0.02217741935483871
height: 0.04132231404958678
Area: 0.00033519797019645336
CentroidX: 0.8040
CentroidY: 0.7384
