Location: internet_7.png_Otsu.png
Component: component_1755093286048_392.png
centerX: 0.25272067714631197
centerY: 0.3652694610778443
width: 0.03385731559854897
height: 0.04220131166238951
Area: 0.0002689387161072569
CentroidX: 0.2690
CentroidY: 0.3843
