Location: Dedata_19.png_Mean-Closing.png
Component: component_1755511661979_75.png
centerX: 0.7625
centerY: 0.18210316329438586
width: 0.01935483870967742
height: 0.048446850954687946
Area: 0.0003779451916270604
CentroidX: 0.7703
CentroidY: 0.2044
