Location: Dedata_2.png_Gaussian-Median.png
Component: component_1755523807171_288.png
centerX: 0.8971774193548387
centerY: 0.7532060416072955
width: 0.022983870967741935
height: 0.04018238814477059
Area: 0.00043068974710192226
CentroidX: 0.9066
CentroidY: 0.7713
