Location: internet_7.png_Gaussian-Closing.png
Component: component_1755093286225_205.png
centerX: 0.7251108424022572
centerY: 0.6854861705161106
width: 0.02902055622732769
height: 0.04305674365554605
Area: 0.0003891566208287059
CentroidX: 0.7357
CentroidY: 0.7058
