Location: Dedata_19.png_Gaussian-Median.png
Component: component_1755511661078_130.png
centerX: 0.6262096774193548
centerY: 0.3103448275862069
width: 0.024596774193548387
height: 0.0481618694784839
Area: 0.0004975684645014203
CentroidX: 0.6360
CentroidY: 0.3321
