Location: internet_7.png_Otsu.png
Component: component_1755093286099_876.png
centerX: 0.7251108424022572
centerY: 0.6852010265183918
width: 0.02902055622732769
height: 0.04305674365554605
Area: 0.00033651818835984964
CentroidX: 0.7357
CentroidY: 0.7056
