Location: Dedata_2.png_Mean-Medain.png
Component: component_1755523807304_277.png
centerX: 0.9483870967741935
centerY: 0.7514961527500712
width: 0.025403225806451612
height: 0.040467369620974636
Area: 0.00046596769597072963
CentroidX: 0.9580
CentroidY: 0.7699
