Location: internet_7.png_Mean-Medain.png
Component: component_1755093286410_39.png
centerX: 0.8178153970173317
centerY: 0.11633875106929
width: 0.03667875856509472
height: 0.0427715996578272
Area: 0.0004824806539394293
CentroidX: 0.8345
CentroidY: 0.1376
