Location: Dedata_19.png_Gaussian-Closing.png
Component: component_1755511661498_214.png
centerX: 0.5096774193548387
centerY: 0.5557138785978911
width: 0.027419354838709678
height: 0.04616699914505557
Area: 0.0005114728026549242
CentroidX: 0.5203
CentroidY: 0.5782
