Location: Dedata_2.png_Mean-Closing.png
Component: component_1755523806889_8.png
centerX: 0.02943548387096774
centerY: 0.009404388714733543
width: 0.03024193548387097
height: 0.048446850954687946
Area: 0.0005537603765432667
CentroidX: 0.0420
CentroidY: 0.0310
