Location: Dedata_2.png_Gaussian-Median.png
Component: component_1755523807127_98.png
centerX: 0.26895161290322583
centerY: 0.2299800512966657
width: 0.03346774193548387
height: 0.04645198062125962
Area: 0.0005986909237996305
CentroidX: 0.2829
CentroidY: 0.2503
