Location: Dedata_19.png_Otsu.png
Component: component_1755511661630_275.png
centerX: 0.3294354838709677
centerY: 0.5075520091194072
width: 0.02217741935483871
height: 0.045027073240239385
Area: 0.0004294257163606946
CentroidX: 0.3383
CentroidY: 0.5286
