Location: internet_7.png_Mean-Closing.png
Component: component_1755093286342_205.png
centerX: 0.9633212414349053
centerY: 0.6860564585115483
width: 0.029423619508262798
height: 0.044767607641859136
Area: 0.00039731672717213125
CentroidX: 0.9742
CentroidY: 0.7066
