Location: Dedata_19.png_Gaussian-Median.png
Component: component_1755511661152_326.png
centerX: 0.5447580645161291
centerY: 0.8518096323738957
width: 0.027822580645161292
height: 0.045027073240239385
Area: 0.0004298853639029592
CentroidX: 0.5554
CentroidY: 0.8720
