Location: internet_7.png_Gaussian-Closing.png
Component: component_1755093286179_11.png
centerX: 0.9572752922208787
centerY: 0.014257199885942401
width: 0.032648125755743655
height: 0.039635015682919876
Area: 0.00036180302491694216
CentroidX: 0.9704
CentroidY: 0.0331
