Location: Dedata_19.png_Otsu.png
Component: component_1755511661665_385.png
centerX: 0.20846774193548387
centerY: 0.8207466514676546
width: 0.01975806451612903
height: 0.0438871473354232
Area: 0.0003497917796633541
CentroidX: 0.2161
CentroidY: 0.8412
