Location: internet_7.png_Otsu.png
Component: component_1755093286060_726.png
centerX: 0.014510278113663845
centerY: 0.5029940119760479
width: 0.026602176541717048
height: 0.04020530367835757
Area: 0.00025641122890397017
CentroidX: 0.0242
CentroidY: 0.5225
