Location: Dedata_2.png_Mean-Closing.png
Component: component_1755523806905_78.png
centerX: 0.8044354838709677
centerY: 0.21003134796238246
width: 0.031451612903225803
height: 0.04132231404958678
Area: 0.0005612296491050662
CentroidX: 0.8177
CentroidY: 0.2280
