Location: Dedata_2.png_Gaussian-Closing.png
Component: component_1755523807384_107.png
centerX: 0.47258064516129034
centerY: 0.27785693929894556
width: 0.03346774193548387
height: 0.0438871473354232
Area: 0.0005720313663482841
CentroidX: 0.4870
CentroidY: 0.2978
