Location: Dedata_19.png_Gaussian-Closing.png
Component: component_1755511661497_211.png
centerX: 0.6544354838709677
centerY: 0.5431746936449131
width: 0.027822580645161292
height: 0.04474209176403534
Area: 0.00048952463251179
CentroidX: 0.6654
CentroidY: 0.5643
