Location: Dedata_19.png_Otsu.png
Component: component_1755511661591_29.png
centerX: 0.7137096774193549
centerY: 0.06497577657452265
width: 0.021370967741935483
height: 0.04331718438301511
Area: 0.0003227874865553094
CentroidX: 0.7219
CentroidY: 0.0846
