Location: internet_7.png_Mean-Medain.png
Component: component_1755093286421_93.png
centerX: 0.07013301088270858
centerY: 0.2440832620473339
width: 0.04191858121725111
height: 0.04647847162817223
Area: 0.0005483361600631294
CentroidX: 0.0908
CentroidY: 0.2677
