Location: internet_7.png_Mean-Closing.png
Component: component_1755093286335_168.png
centerX: 0.8653768641676743
centerY: 0.5463358996293128
width: 0.028617492946392584
height: 0.0427715996578272
Area: 0.00039248962201123174
CentroidX: 0.8754
CentroidY: 0.5666
