Location: internet_7.png_Mean-Medain.png
Component: component_1755093286424_109.png
centerX: 0.3232567513099557
centerY: 0.30367835757057315
width: 0.03345425231761386
height: 0.047619047619047616
Area: 0.0004721368571660732
CentroidX: 0.3400
CentroidY: 0.3263
