Location: Dedata_19.png_Gaussian-Median.png
Component: component_1755511661072_108.png
centerX: 0.4866935483870968
centerY: 0.25391849529780564
width: 0.02379032258064516
height: 0.048446850954687946
Area: 0.00047125364270677244
CentroidX: 0.4965
CentroidY: 0.2766
