Location: internet_7.png_Gaussian-Closing.png
Component: component_1755093286203_108.png
centerX: 0.01007658202337767
centerY: 0.3082406615340747
width: 0.03466344216041919
height: 0.049044767607641856
Area: 0.0005077654904965217
CentroidX: 0.0284
CentroidY: 0.3330
