Location: Dedata_2.png_Gaussian-Median.png
Component: component_1755523807114_30.png
centerX: 0.8088709677419355
centerY: 0.06041607295525791
width: 0.028629032258064516
height: 0.040467369620974636
Area: 0.0004747009992737569
CentroidX: 0.8208
CentroidY: 0.0778
