Location: Dedata_19.png_Gaussian-Median.png
Component: component_1755511661096_200.png
centerX: 0.3294354838709677
centerY: 0.5072670276432032
width: 0.02258064516129032
height: 0.04588201766885153
Area: 0.00046447384145836975
CentroidX: 0.3384
CentroidY: 0.5289
