Location: Dedata_2.png_Gaussian-Median.png
Component: component_1755523807143_176.png
centerX: 0.3056451612903226
centerY: 0.4536905101168424
width: 0.024596774193548387
height: 0.03932744371615845
Area: 0.0004221862675700273
CentroidX: 0.3154
CentroidY: 0.4716
