Location: Dedata_19.png_Otsu.png
Component: component_1755511661610_187.png
centerX: 0.4411290322580645
centerY: 0.25705329153605017
width: 0.02338709677419355
height: 0.04616699914505557
Area: 0.00043379236801220823
CentroidX: 0.4497
CentroidY: 0.2781
