Location: Dedata_2.png_Mean-Medain.png
Component: component_1755523807309_299.png
centerX: 0.06814516129032258
centerY: 0.822741521801083
width: 0.024596774193548387
height: 0.04445711028783129
Area: 0.0004796422103531012
CentroidX: 0.0781
CentroidY: 0.8437
