Location: Dedata_2.png_Gaussian-Closing.png
Component: component_1755523807387_122.png
centerX: 0.6338709677419355
centerY: 0.3200341977771445
width: 0.0375
height: 0.04531205471644343
Area: 0.0005587015876226109
CentroidX: 0.6485
CentroidY: 0.3394
