Location: Dedata_2.png_Gaussian-Closing.png
Component: component_1755523807391_137.png
centerX: 0.8483870967741935
centerY: 0.3559418637788544
width: 0.02903225806451613
height: 0.03562268452550584
Area: 0.0004036854539938775
CentroidX: 0.8590
CentroidY: 0.3720
