Location: internet_7.png_Otsu.png
Component: component_1755093286057_695.png
centerX: 0.7303506650544136
centerY: 0.48902195608782434
width: 0.0237807335751713
height: 0.034787567721699456
Area: 0.00019503803471539101
CentroidX: 0.7408
CentroidY: 0.5041
