Location: internet_7.png_Otsu.png
Component: component_1755093286108_971.png
centerX: 0.5465538089480049
centerY: 0.757912745936698
width: 0.030632809351068116
height: 0.04505275163957799
Area: 0.0003368629815856282
CentroidX: 0.5621
CentroidY: 0.7783
