Location: Dedata_2.png_Mean-Closing.png
Component: component_1755523806911_107.png
centerX: 0.2620967741935484
centerY: 0.28327158734682245
width: 0.03346774193548387
height: 0.039042462239954404
Area: 0.000521355224813613
CentroidX: 0.2752
CentroidY: 0.3003
