Location: Dedata_19.png_Gaussian-Closing.png
Component: component_1755511661432_77.png
centerX: 0.8431451612903226
centerY: 0.18010829296095754
width: 0.025
height: 0.04588201766885153
Area: 0.000440572169260611
CentroidX: 0.8527
CentroidY: 0.2028
