Location: Dedata_19.png_Mean-Closing.png
Component: component_1755511662050_250.png
centerX: 0.5346774193548387
centerY: 0.6788258763180394
width: 0.02258064516129032
height: 0.04616699914505557
Area: 0.0004464326754244845
CentroidX: 0.5440
CentroidY: 0.7004
