Location: internet_7.png_Mean-Medain.png
Component: component_1755093286433_150.png
centerX: 0.2422410318419992
centerY: 0.42001710863986313
width: 0.035872632003224506
height: 0.04932991160536071
Area: 0.0004088098346980824
CentroidX: 0.2614
CentroidY: 0.4437
