Location: internet_7.png_Otsu.png
Component: component_1755093286024_62.png
centerX: 0.41878274889157596
centerY: 0.07043056743655546
width: 0.03788794840790004
height: 0.04647847162817223
Area: 0.00024032087836763853
CentroidX: 0.4332
CentroidY: 0.0913
