Location: Dedata_19.png_Mean-Closing.png
Component: component_1755511661928_38.png
centerX: 0.3278225806451613
centerY: 0.06811057281276717
width: 0.024596774193548387
height: 0.05272157309774864
Area: 0.0004803316816664981
CentroidX: 0.3372
CentroidY: 0.0925
