Location: internet_7.png_Mean-Medain.png
Component: component_1755093286456_265.png
centerX: 0.8762595727529222
centerY: 0.8223552894211577
width: 0.03385731559854897
height: 0.03735386370116909
Area: 0.00044524298555534755
CentroidX: 0.8934
CentroidY: 0.8398
