Location: Dedata_19.png_Mean-Closing.png
Component: component_1755511662016_150.png
centerX: 0.24233870967741936
centerY: 0.38728982616129953
width: 0.02217741935483871
height: 0.047021943573667714
Area: 0.0004996368784416109
CentroidX: 0.2518
CentroidY: 0.4094
