Location: Dedata_2.png_Mean-Closing.png
Component: component_1755523806891_16.png
centerX: 0.2745967741935484
centerY: 0.01396409233399829
width: 0.02943548387096774
height: 0.04616699914505557
Area: 0.000601448809053218
CentroidX: 0.2866
CentroidY: 0.0352
