Location: Paraklitoni_1720_page_10.png_Mean-Medain.png
Component: component_1755610055541_2139.png
centerX: 0.41539634146341464
centerY: 0.7814536340852131
width: 0.011432926829268292
height: 0.012030075187969926
Area: 7.908490739042729e-05
CentroidX: 0.4210
CentroidY: 0.7870
