Location: Dedata_19.png_Gaussian-Median.png
Component: component_1755511661106_236.png
centerX: 0.6588709677419354
centerY: 0.6121402108862924
width: 0.025403225806451612
height: 0.04588201766885153
Area: 0.000481021152979895
CentroidX: 0.6685
CentroidY: 0.6343
