Location: Dedata_2.png_Gaussian-Closing.png
Component: component_1755523807398_169.png
centerX: 0.3564516129032258
centerY: 0.4488458250213736
width: 0.02379032258064516
height: 0.03932744371615845
Area: 0.00042138188437106425
CentroidX: 0.3661
CentroidY: 0.4668
