Location: internet_7.png_Mean-Closing.png
Component: component_1755093286306_47.png
centerX: 0.45747682386134625
centerY: 0.12603364699173084
width: 0.041515517936316
height: 0.043912175648702596
Area: 0.0003742155810449694
CentroidX: 0.4770
CentroidY: 0.1459
