Location: internet_7.png_Mean-Medain.png
Component: component_1755093286412_47.png
centerX: 0.23941958887545345
centerY: 0.12489307100085544
width: 0.028617492946392584
height: 0.04163102366695181
Area: 0.00034778143373528176
CentroidX: 0.2518
CentroidY: 0.1451
