Location: internet_7.png_Otsu.png
Component: component_1755093286024_58.png
centerX: 0.48327287384119305
centerY: 0.06871970345024238
width: 0.032648125755743655
height: 0.04305674365554605
Area: 0.0002507796062162541
CentroidX: 0.4974
CentroidY: 0.0880
