Location: Dedata_2.png_Mean-Medain.png
Component: component_1755523807230_5.png
centerX: 0.9306451612903226
centerY: 0.006554573952693075
width: 0.029838709677419355
height: 0.04132231404958678
Area: 0.0005395113027330643
CentroidX: 0.9427
CentroidY: 0.0249
