Location: Dedata_19.png_Gaussian-Median.png
Component: component_1755511661113_259.png
centerX: 0.5766129032258065
centerY: 0.676546024508407
width: 0.022983870967741935
height: 0.04274722143060701
Area: 0.0003921942654372627
CentroidX: 0.5855
CentroidY: 0.6967
