Location: Dedata_2.png_Gaussian-Closing.png
Component: component_1755523807367_35.png
centerX: 0.27983870967741936
centerY: 0.0706754060986036
width: 0.02661290322580645
height: 0.04417212881162724
Area: 0.0005169885731620993
CentroidX: 0.2921
CentroidY: 0.0913
