Location: Dedata_19.png_Otsu.png
Component: component_1755511661632_283.png
centerX: 0.8838709677419355
centerY: 0.5314904531205472
width: 0.02620967741935484
height: 0.043032202906811055
Area: 0.0004291958925895623
CentroidX: 0.8948
CentroidY: 0.5517
