Location: Dedata_2.png_Gaussian-Median.png
Component: component_1755523807111_15.png
centerX: 0.5645161290322581
centerY: 0.009404388714733543
width: 0.03024193548387097
height: 0.04189227700199487
Area: 0.0005326165895990954
CentroidX: 0.5777
CentroidY: 0.0291
