Location: internet_7.png_Gaussian-Closing.png
Component: component_1755093286194_71.png
centerX: 0.010882708585247884
centerY: 0.18619903051040776
width: 0.035872632003224506
height: 0.043912175648702596
Area: 0.0004996053841530965
CentroidX: 0.0273
CentroidY: 0.2087
