Location: Dedata_19.png_Gaussian-Closing.png
Component: component_1755511661483_153.png
centerX: 0.43629032258064515
centerY: 0.3804502707324024
width: 0.02620967741935484
height: 0.04417212881162724
Area: 0.00047125364270677244
CentroidX: 0.4462
CentroidY: 0.4014
