Location: Dedata_19.png_Mean-Closing.png
Component: component_1755511661978_74.png
centerX: 0.8419354838709677
centerY: 0.18010829296095754
width: 0.02620967741935484
height: 0.04588201766885153
Area: 0.0004956149624467958
CentroidX: 0.8520
CentroidY: 0.2028
