Location: Dedata_2.png_Mean-Medain.png
Component: component_1755523807287_228.png
centerX: 0.43951612903225806
centerY: 0.6115702479338843
width: 0.027016129032258064
height: 0.04360216585921915
Area: 0.00048113606486546116
CentroidX: 0.4502
CentroidY: 0.6310
