Location: Dedata_19.png_Gaussian-Median.png
Component: component_1755511661070_93.png
centerX: 0.22701612903225807
centerY: 0.19948703334283271
width: 0.020967741935483872
height: 0.04673696209746366
Area: 0.00039679074085990863
CentroidX: 0.2352
CentroidY: 0.2207
