Location: Dedata_19.png_Otsu.png
Component: component_1755511661667_394.png
centerX: 0.7362903225806452
centerY: 0.840980336278142
width: 0.021774193548387097
height: 0.04417212881162724
Area: 0.00036070840879213816
CentroidX: 0.7460
CentroidY: 0.8622
