Location: Dedata_19.png_Gaussian-Median.png
Component: component_1755511661069_92.png
centerX: 0.18266129032258063
centerY: 0.19948703334283271
width: 0.022983870967741935
height: 0.04787688800227985
Area: 0.0003998933617701946
CentroidX: 0.1917
CentroidY: 0.2218
