Location: Dedata_19.png_Mean-Closing.png
Component: component_1755511662037_214.png
centerX: 0.24233870967741936
centerY: 0.5748076375035622
width: 0.02258064516129032
height: 0.04673696209746366
Area: 0.0005028544112374631
CentroidX: 0.2514
CentroidY: 0.5972
