Location: Dedata_19.png_Otsu.png
Component: component_1755511661609_183.png
centerX: 0.6270161290322581
centerY: 0.2507836990595611
width: 0.025403225806451612
height: 0.04787688800227985
Area: 0.0004668869910552588
CentroidX: 0.6361
CentroidY: 0.2724
