Location: Dedata_2.png_Gaussian-Median.png
Component: component_1755523807135_134.png
centerX: 0.2754032258064516
centerY: 0.33713308634938727
width: 0.03306451612903226
height: 0.04474209176403534
Area: 0.000553300729001002
CentroidX: 0.2891
CentroidY: 0.3575
