Location: internet_7.png_Gaussian-Closing.png
Component: component_1755093286219_171.png
centerX: 0.5493752519145506
centerY: 0.549757627601939
width: 0.02418379685610641
height: 0.038209295694325636
Area: 0.00036731971652939876
CentroidX: 0.5592
CentroidY: 0.5665
