Location: N_01-1.png_Gaussian-Median.png
Component: component_1744889758486_100.png
centerX: 0.5120918984280532
centerY: 0.1710863986313088
width: 0.02418379685610641
height: 0.02352437981180496
Area: 0.00019317040474242395
CentroidX: 0.5222
CentroidY: 0.1833
