Location: N_02-1.png_Mean-Medain.png
Component: component_1744889758056_36.png
centerX: 0.6348246674727932
centerY: 0.055603079555175364
width: 0.022974607013301087
height: 0.027801539777587682
Area: 0.00020325560659644607
CentroidX: 0.6444
CentroidY: 0.0711
