Location: N_01-1.png_Mean-Closing.png
Component: component_1744889758601_16.png
centerX: 0.8869407496977025
centerY: 0.008982035928143712
width: 0.01995163240628779
height: 0.0290846877673225
Area: 0.0002389417054645244
CentroidX: 0.8944
CentroidY: 0.0247
