Location: N_01-1.png_Gaussian-Closing.png
Component: component_1744889757939_464.png
centerX: 0.7345828295042321
centerY: 0.9341317365269461
width: 0.01995163240628779
height: 0.02480752780153978
Area: 0.00019058445554908494
CentroidX: 0.7440
CentroidY: 0.9475
