Location: N_02-1.png_Mean-Medain.png
Component: component_1744889758284_321.png
centerX: 0.466142684401451
centerY: 0.6334473909324209
width: 0.021160822249093107
height: 0.029940119760479042
Area: 0.00022032287127248353
CentroidX: 0.4739
CentroidY: 0.6504
