Location: N_02-1.png_Mean-Medain.png
Component: component_1744889758080_61.png
centerX: 0.02781136638452237
centerY: 0.12959794696321641
width: 0.02357920193470375
height: 0.02523524379811805
Area: 0.00019187743014575443
CentroidX: 0.0381
CentroidY: 0.1438
