Location: N_01-1.png_Gaussian-Closing.png
Component: component_1744889757859_120.png
centerX: 0.12575574365175332
centerY: 0.21043627031650983
width: 0.02176541717049577
height: 0.02566295979469632
Area: 0.00019394618950042565
CentroidX: 0.1351
CentroidY: 0.2247
