Location: N_01-1.png_Mean-Closing.png
Component: component_1744889758688_331.png
centerX: 0.48125755743651755
centerY: 0.6770744225834047
width: 0.020556227327690448
height: 0.02566295979469632
Area: 0.00019032586062975104
CentroidX: 0.4902
CentroidY: 0.6916
