Location: N_01-1.png_Gaussian-Closing.png
Component: component_1744889757853_100.png
centerX: 0.5120918984280532
centerY: 0.1710863986313088
width: 0.02357920193470375
height: 0.02352437981180496
Area: 0.00019317040474242395
CentroidX: 0.5221
CentroidY: 0.1833
