Location: N_01-1.png_Mean-Closing.png
Component: component_1744889758689_334.png
centerX: 0.5828295042321644
centerY: 0.6796407185628742
width: 0.019347037484885126
height: 0.026518391787852865
Area: 0.00017274140611504577
CentroidX: 0.5912
CentroidY: 0.6942
