Location: N_02-1.png_Mean-Medain.png
Component: component_1744889758374_472.png
centerX: 0.5592503022974608
centerY: 0.9285714285714286
width: 0.021160822249093107
height: 0.023952095808383235
Area: 0.00020532436595111728
CentroidX: 0.5682
CentroidY: 0.9419
