Location: N_02-1.png_Mean-Medain.png
Component: component_1744889758381_501.png
centerX: 0.7031438935912938
centerY: 0.9657827202737382
width: 0.019347037484885126
height: 0.02566295979469632
Area: 0.0002073931253057885
CentroidX: 0.7112
CentroidY: 0.9799
