Location: N_01-1.png_Gaussian-Closing.png
Component: component_1744889757925_431.png
centerX: 0.26118500604594924
centerY: 0.8712574850299402
width: 0.02720677146311971
height: 0.024379811804961505
Area: 0.00019213602506508833
CentroidX: 0.2729
CentroidY: 0.8849
