Location: N_01-1.png_Mean-Closing.png
Component: component_1744889758644_162.png
centerX: 0.6112454655380894
centerY: 0.32677502138579984
width: 0.018742442563482467
height: 0.02737382378100941
Area: 0.0002094618846604597
CentroidX: 0.6190
CentroidY: 0.3418
