Location: N_02-1.png_Mean-Medain.png
Component: component_1744889758356_436.png
centerX: 0.6124546553808948
centerY: 0.8597091531223268
width: 0.024788391777509067
height: 0.028656971770744225
Area: 0.0002102376694184614
CentroidX: 0.6237
CentroidY: 0.8751
