Location: N_01-1.png_Gaussian-Median.png
Component: component_1744889758478_73.png
centerX: 0.8355501813784765
centerY: 0.1313088109495295
width: 0.020556227327690448
height: 0.023952095808383235
Area: 0.0001789476841790594
CentroidX: 0.8451
CentroidY: 0.1440
