Location: N_01-1.png_Gaussian-Closing.png
Component: component_1744889757868_167.png
centerX: 0.7079806529625151
centerY: 0.3297690333618477
width: 0.021160822249093107
height: 0.02480752780153978
Area: 0.00020118684724177487
CentroidX: 0.7172
CentroidY: 0.3432
