Location: N_01-1.png_Gaussian-Median.png
Component: component_1744889758502_169.png
centerX: 0.6517533252720678
centerY: 0.3306244653550043
width: 0.01995163240628779
height: 0.02523524379811805
Area: 0.00019523916409709514
CentroidX: 0.6600
CentroidY: 0.3444
