Location: N_01-1.png_Mean-Closing.png
Component: component_1744889758695_359.png
centerX: 0.5792019347037485
centerY: 0.7172797262617622
width: 0.019347037484885126
height: 0.027801539777587682
Area: 0.0002094618846604597
CentroidX: 0.5866
CentroidY: 0.7327
