Location: N_01-1.png_Mean-Closing.png
Component: component_1744889758691_340.png
centerX: 0.9431680773881499
centerY: 0.6817792985457656
width: 0.017533252720677146
height: 0.023952095808383235
Area: 0.0001742929756310492
CentroidX: 0.9503
CentroidY: 0.6949
