Location: N_01-1.png_Mean-Closing.png
Component: component_1744889758665_238.png
centerX: 0.09008464328899637
centerY: 0.45893926432848586
width: 0.018742442563482467
height: 0.02523524379811805
Area: 0.0001804992536950628
CentroidX: 0.0982
CentroidY: 0.4729
