Location: N_01-1.png_Gaussian-Median.png
Component: component_1744889758495_141.png
centerX: 0.9449818621523579
centerY: 0.2831479897348161
width: 0.019347037484885126
height: 0.02480752780153978
Area: 0.00019446337933909345
CentroidX: 0.9527
CentroidY: 0.2966
