Location: N_02-1.png_Mean-Medain.png
Component: component_1744889758149_100.png
centerX: 0.837968561064087
centerY: 0.18306244653550044
width: 0.022370012091898428
height: 0.02523524379811805
Area: 0.00020118684724177487
CentroidX: 0.8480
CentroidY: 0.1974
