Location: N_01-1.png_Mean-Closing.png
Component: component_1744889758667_249.png
centerX: 0.5683192261185006
centerY: 0.49529512403763903
width: 0.020556227327690448
height: 0.026518391787852865
Area: 0.00019291180982309005
CentroidX: 0.5764
CentroidY: 0.5098
