Location: N_01-1.png_Mean-Closing.png
Component: component_1744889758666_244.png
centerX: 0.8458282950423216
centerY: 0.4931565440547476
width: 0.018742442563482467
height: 0.024379811804961505
Area: 0.00019317040474242395
CentroidX: 0.8539
CentroidY: 0.5068
