Location: N_01-1.png_Mean-Closing.png
Component: component_1744889758631_116.png
centerX: 0.17412333736396615
centerY: 0.20915312232677502
width: 0.022974607013301087
height: 0.02737382378100941
Area: 0.00021721973224047672
CentroidX: 0.1838
CentroidY: 0.2240
