Location: N_02-1.png_Mean-Medain.png
Component: component_1744889758167_135.png
centerX: 0.8022974607013301
centerY: 0.2506415739948674
width: 0.02418379685610641
height: 0.02480752780153978
Area: 0.00020170403708044267
CentroidX: 0.8120
CentroidY: 0.2648
