Location: N_02-1.png_Mean-Medain.png
Component: component_1744889758203_179.png
centerX: 0.46856106408706166
centerY: 0.33746792130025666
width: 0.02176541717049577
height: 0.02523524379811805
Area: 0.00019911808788710365
CentroidX: 0.4778
CentroidY: 0.3514
