Location: N_01-1.png_Mean-Closing.png
Component: component_1744889758627_101.png
centerX: 0.93409915356711
centerY: 0.20059880239520958
width: 0.019347037484885126
height: 0.028656971770744225
Area: 0.00022782212393316666
CentroidX: 0.9415
CentroidY: 0.2158
