Location: N_02-1.png_Mean-Medain.png
Component: component_1744889758371_465.png
centerX: 0.30652962515114873
centerY: 0.8990590248075278
width: 0.019347037484885126
height: 0.02566295979469632
Area: 0.00019679073361309856
CentroidX: 0.3151
CentroidY: 0.9131
