Location: N_02-1.png_Mean-Medain.png
Component: component_1744889758162_123.png
centerX: 0.3282950423216445
centerY: 0.2446535500427716
width: 0.02781136638452237
height: 0.027801539777587682
Area: 0.00022678774425583106
CentroidX: 0.3402
CentroidY: 0.2604
