Location: N_01-1.png_Mean-Closing.png
Component: component_1744889758668_254.png
centerX: 0.2781136638452237
centerY: 0.49700598802395207
width: 0.024788391777509067
height: 0.026090675791274595
Area: 0.0002092032897411258
CentroidX: 0.2882
CentroidY: 0.5116
