Location: N_01-1.png_Gaussian-Closing.png
Component: component_1744889757894_286.png
centerX: 0.23458282950423218
centerY: 0.5868263473053892
width: 0.020556227327690448
height: 0.026090675791274595
Area: 0.0002102376694184614
CentroidX: 0.2427
CentroidY: 0.6014
