Location: N_01-1.png_Mean-Closing.png
Component: component_1744889758653_187.png
centerX: 0.039298669891172915
centerY: 0.37339606501283146
width: 0.022370012091898428
height: 0.026090675791274595
Area: 0.0002123064287731326
CentroidX: 0.0479
CentroidY: 0.3878
