Location: N_02-1.png_Mean-Medain.png
Component: component_1744889758191_142.png
centerX: 0.03325272067714631
centerY: 0.28956372968349015
width: 0.021160822249093107
height: 0.030367835757057315
Area: 0.0002115306440151309
CentroidX: 0.0410
CentroidY: 0.3072
