Location: N_01-1.png_Gaussian-Closing.png
Component: component_1744889757949_495.png
centerX: 0.05501813784764208
centerY: 0.9734816082121471
width: 0.022370012091898428
height: 0.026518391787852865
Area: 0.00021928849159514794
CentroidX: 0.0653
CentroidY: 0.9872
