Location: N_01-1.png_Gaussian-Median.png
Component: component_1744889758492_127.png
centerX: 0.939540507859734
centerY: 0.24807527801539778
width: 0.01995163240628779
height: 0.02566295979469632
Area: 0.00019834230312910196
CentroidX: 0.9489
CentroidY: 0.2619
