Location: N_01-1.png_Gaussian-Closing.png
Component: component_1744889757876_207.png
centerX: 0.6638452237001209
centerY: 0.4067579127459367
width: 0.022370012091898428
height: 0.023952095808383235
Area: 0.00017662032990505428
CentroidX: 0.6731
CentroidY: 0.4199
