Location: N_02-1.png_Mean-Medain.png
Component: component_1744889758297_356.png
centerX: 0.42503022974607013
centerY: 0.7104362703165098
width: 0.01995163240628779
height: 0.028656971770744225
Area: 0.00022523617473982764
CentroidX: 0.4327
CentroidY: 0.7264
