Location: N_01-1.png_Gaussian-Median.png
Component: component_1744889758493_134.png
centerX: 0.46311970979443773
centerY: 0.2506415739948674
width: 0.022974607013301087
height: 0.021813515825491875
Area: 0.00017144843151837628
CentroidX: 0.4731
CentroidY: 0.2625
