Location: N_01-1.png_Gaussian-Closing.png
Component: component_1744889757848_74.png
centerX: 0.5538089480048367
centerY: 0.13216424294268606
width: 0.02539298669891173
height: 0.026090675791274595
Area: 0.00018618834192040863
CentroidX: 0.5660
CentroidY: 0.1457
