Location: N_01-1.png_Gaussian-Closing.png
Component: component_1744889757888_267.png
centerX: 0.22914147521160821
centerY: 0.5466210436270317
width: 0.022370012091898428
height: 0.026090675791274595
Area: 0.00020299701167711217
CentroidX: 0.2391
CentroidY: 0.5608
