Location: N_01-1.png_Gaussian-Median.png
Component: component_1744889758545_366.png
centerX: 0.09068923821039904
centerY: 0.7557741659538066
width: 0.02781136638452237
height: 0.02694610778443114
Area: 0.00021799551699847844
CentroidX: 0.1026
CentroidY: 0.7701
