Location: N_02-1.png_Mean-Medain.png
Component: component_1744889758293_343.png
centerX: 0.6118500604594922
centerY: 0.6766467065868264
width: 0.020556227327690448
height: 0.028656971770744225
Area: 0.00022911509852983618
CentroidX: 0.6198
CentroidY: 0.6930
