Location: N_01-1.png_Gaussian-Median.png
Component: component_1744889758489_117.png
centerX: 0.17412333736396615
centerY: 0.20915312232677502
width: 0.022974607013301087
height: 0.02737382378100941
Area: 0.00021644394748247502
CentroidX: 0.1837
CentroidY: 0.2240
