Location: N_01-1.png_Mean-Closing.png
Component: component_1744889758611_58.png
centerX: 0.7436517533252721
centerY: 0.09409751924721985
width: 0.02418379685610641
height: 0.026518391787852865
Area: 0.00019006726571041714
CentroidX: 0.7542
CentroidY: 0.1092
