Location: N_01-1.png_Mean-Closing.png
Component: component_1744889758676_279.png
centerX: 0.7243047158403869
centerY: 0.5530367835757057
width: 0.020556227327690448
height: 0.02523524379811805
Area: 0.00018877429111374764
CentroidX: 0.7328
CentroidY: 0.5673
