Location: N_01-1.png_Mean-Closing.png
Component: component_1744889758716_423.png
centerX: 0.8252720677146312
centerY: 0.8656971770744226
width: 0.016324062877871828
height: 0.02352437981180496
Area: 0.00016653512805103214
CentroidX: 0.8318
CentroidY: 0.8787
