Location: N_01-1.png_Mean-Closing.png
Component: component_1744889758600_7.png
centerX: 0.11729141475211609
centerY: 0.007271171941830625
width: 0.02539298669891173
height: 0.030795551753635585
Area: 0.000302556055620664
CentroidX: 0.1272
CentroidY: 0.0242
