Location: N_01-1.png_Gaussian-Closing.png
Component: component_1744889757879_223.png
centerX: 0.7563482466747279
centerY: 0.4448246364414029
width: 0.021160822249093107
height: 0.026518391787852865
Area: 0.00019498056917776124
CentroidX: 0.7653
CentroidY: 0.4590
