Location: N_01-1.png_Gaussian-Closing.png
Component: component_1744889757923_420.png
centerX: 0.4147521160822249
centerY: 0.8374679213002566
width: 0.021160822249093107
height: 0.02480752780153978
Area: 0.0001755859502277187
CentroidX: 0.4234
CentroidY: 0.8517
