Location: N_01-1.png_Gaussian-Closing.png
Component: component_1744889757870_179.png
centerX: 0.36698911729141476
centerY: 0.33532934131736525
width: 0.022370012091898428
height: 0.02480752780153978
Area: 0.00020687593546712068
CentroidX: 0.3769
CentroidY: 0.3486
