Location: N_01-1.png_Gaussian-Closing.png
Component: component_1744889757904_337.png
centerX: 0.7762998790810157
centerY: 0.6800684345594525
width: 0.021160822249093107
height: 0.02480752780153978
Area: 0.00019136024030708663
CentroidX: 0.7858
CentroidY: 0.6941
