Location: N_02-1.png_Mean-Medain.png
Component: component_1744889758201_175.png
centerX: 0.8905683192261185
centerY: 0.33447390932420873
width: 0.01995163240628779
height: 0.027801539777587682
Area: 0.00020325560659644607
CentroidX: 0.8981
CentroidY: 0.3504
