Location: N_01-1.png_Gaussian-Closing.png
Component: component_1744889757900_318.png
centerX: 0.8192261185006046
centerY: 0.6411462788708298
width: 0.02539298669891173
height: 0.029940119760479042
Area: 0.00022989088328783787
CentroidX: 0.8306
CentroidY: 0.6580
