Location: N_01-1.png_Mean-Closing.png
Component: component_1744889758684_309.png
centerX: 0.28536880290205563
centerY: 0.636869118905047
width: 0.02357920193470375
height: 0.023952095808383235
Area: 0.00020015246756443928
CentroidX: 0.2947
CentroidY: 0.6504
