Location: N_02-1.png_Mean-Medain.png
Component: component_1744889758348_417.png
centerX: 0.5556227327690447
centerY: 0.8250641573994867
width: 0.02418379685610641
height: 0.02523524379811805
Area: 0.00019730792345176636
CentroidX: 0.5673
CentroidY: 0.8390
