Location: N_02-1.png_Mean-Medain.png
Component: component_1744889758377_482.png
centerX: 0.6995163240628779
centerY: 0.9315654405474765
width: 0.02720677146311971
height: 0.02694610778443114
Area: 0.00023532137659384978
CentroidX: 0.7114
CentroidY: 0.9463
