Location: N_02-1.png_Mean-Medain.png
Component: component_1744889758085_73.png
centerX: 0.5096735187424426
centerY: 0.14029084687767324
width: 0.01995163240628779
height: 0.026518391787852865
Area: 0.00019653213869376467
CentroidX: 0.5181
CentroidY: 0.1554
