Location: N_01-1.png_Gaussian-Median.png
Component: component_1744889758490_121.png
centerX: 0.6487303506650545
centerY: 0.24550898203592814
width: 0.020556227327690448
height: 0.026090675791274595
Area: 0.00019213602506508833
CentroidX: 0.6573
CentroidY: 0.2599
