Location: N_01-1.png_Mean-Closing.png
Component: component_1744889758613_62.png
centerX: 0.41414752116082226
centerY: 0.12959794696321641
width: 0.02599758162031439
height: 0.02694610778443114
Area: 0.00020584155578978508
CentroidX: 0.4260
CentroidY: 0.1441
