Location: N_02-1.png_Mean-Medain.png
Component: component_1744889758027_20.png
centerX: 0.5495767835550182
centerY: 0.010265183917878529
width: 0.02357920193470375
height: 0.03122326775021386
Area: 0.00023557997151318368
CentroidX: 0.5587
CentroidY: 0.0278
