Location: N_01-1.png_Mean-Closing.png
Component: component_1744889758665_240.png
centerX: 0.044740024183796856
centerY: 0.4602224123182207
width: 0.020556227327690448
height: 0.024379811804961505
Area: 0.00019911808788710365
CentroidX: 0.0525
CentroidY: 0.4746
