Location: N_02-1.png_Mean-Medain.png
Component: component_1744889758090_81.png
centerX: 0.9244256348246674
centerY: 0.1467065868263473
width: 0.020556227327690448
height: 0.026518391787852865
Area: 0.00017093124167970848
CentroidX: 0.9321
CentroidY: 0.1624
