Location: N_01-1.png_Gaussian-Median.png
Component: component_1744889758551_392.png
centerX: 0.0501813784764208
centerY: 0.7968349016253208
width: 0.02176541717049577
height: 0.024379811804961505
Area: 0.0002045485811931156
CentroidX: 0.0598
CentroidY: 0.8098
