Location: N_01-1.png_Mean-Closing.png
Component: component_1744889758623_94.png
centerX: 0.17230955259975816
centerY: 0.17023096663815226
width: 0.02418379685610641
height: 0.026090675791274595
Area: 0.00019420478441975955
CentroidX: 0.1831
CentroidY: 0.1840
