Location: N_02-1.png_Mean-Medain.png
Component: component_1744889758197_161.png
centerX: 0.8893591293833132
centerY: 0.2981180496150556
width: 0.021160822249093107
height: 0.029940119760479042
Area: 0.00022084006111115133
CentroidX: 0.8983
CentroidY: 0.3144
