Location: N_01-1.png_Mean-Closing.png
Component: component_1744889758608_41.png
centerX: 0.0773881499395405
centerY: 0.09110350727117195
width: 0.02599758162031439
height: 0.026518391787852865
Area: 0.00022963228836850397
CentroidX: 0.0886
CentroidY: 0.1057
