Location: N_02-1.png_Mean-Medain.png
Component: component_1744889758022_13.png
centerX: 0.20314389359129384
centerY: 0.007698887938408896
width: 0.01995163240628779
height: 0.02566295979469632
Area: 0.00017222421627637797
CentroidX: 0.2107
CentroidY: 0.0229
