Location: N_01-1.png_Gaussian-Median.png
Component: component_1744889758537_327.png
centerX: 0.14691656590084642
centerY: 0.674508126603935
width: 0.022974607013301087
height: 0.026090675791274595
Area: 0.0002102376694184614
CentroidX: 0.1571
CentroidY: 0.6885
