Location: N_02-1.png_Mean-Medain.png
Component: component_1744889758232_239.png
centerX: 0.4752116082224909
centerY: 0.4550898203592814
width: 0.024788391777509067
height: 0.027801539777587682
Area: 0.00022032287127248353
CentroidX: 0.4854
CentroidY: 0.4706
