Location: N_02-1.png_Mean-Medain.png
Component: component_1744889758284_322.png
centerX: 0.6698911729141476
centerY: 0.6330196749358425
width: 0.020556227327690448
height: 0.028229255774165955
Area: 0.00020532436595111728
CentroidX: 0.6787
CentroidY: 0.6483
