Location: N_01-1.png_Mean-Closing.png
Component: component_1744889758645_164.png
centerX: 0.5513905683192262
centerY: 0.3289136013686912
width: 0.021160822249093107
height: 0.026090675791274595
Area: 0.0002123064287731326
CentroidX: 0.5614
CentroidY: 0.3433
