Location: N_01-1.png_Gaussian-Median.png
Component: component_1744889758493_132.png
centerX: 0.08343409915356712
centerY: 0.2506415739948674
width: 0.022370012091898428
height: 0.027801539777587682
Area: 0.00019601494885509687
CentroidX: 0.0935
CentroidY: 0.2658
