Location: N_01-1.png_Gaussian-Median.png
Component: component_1744889758517_240.png
centerX: 0.2714631197097944
centerY: 0.4593669803250642
width: 0.019347037484885126
height: 0.023952095808383235
Area: 0.0001848953673237391
CentroidX: 0.2795
CentroidY: 0.4724
