Location: N_01-1.png_Gaussian-Closing.png
Component: component_1744889757867_159.png
centerX: 0.2708585247883918
centerY: 0.2946963216424294
width: 0.01995163240628779
height: 0.023952095808383235
Area: 0.00019730792345176636
CentroidX: 0.2792
CentroidY: 0.3079
