Location: N_01-1.png_Mean-Closing.png
Component: component_1744889758709_398.png
centerX: 0.5344619105199516
centerY: 0.7985457656116339
width: 0.02176541717049577
height: 0.027801539777587682
Area: 0.00019523916409709514
CentroidX: 0.5443
CentroidY: 0.8136
