Location: N_02-1.png_Mean-Medain.png
Component: component_1744889758162_122.png
centerX: 0.08162031438935913
centerY: 0.2446535500427716
width: 0.02176541717049577
height: 0.026518391787852865
Area: 0.00022678774425583106
CentroidX: 0.0903
CentroidY: 0.2594
