Location: N_02-1.png_Mean-Medain.png
Component: component_1744889758164_126.png
centerX: 0.12333736396614269
centerY: 0.24679213002566297
width: 0.022974607013301087
height: 0.02523524379811805
Area: 0.0002089446948217919
CentroidX: 0.1329
CentroidY: 0.2607
