Location: N_01-1.png_Gaussian-Closing.png
Component: component_1744889757892_281.png
centerX: 0.8101571946795647
centerY: 0.5556030795551754
width: 0.02357920193470375
height: 0.022668947818648418
Area: 0.0001807578486143967
CentroidX: 0.8202
CentroidY: 0.5688
