Location: N_01-1.png_Gaussian-Median.png
Component: component_1744889758555_411.png
centerX: 0.6729141475211609
centerY: 0.8331907613344739
width: 0.02599758162031439
height: 0.027801539777587682
Area: 0.00019885949296776976
CentroidX: 0.6842
CentroidY: 0.8487
