Location: N_02-1.png_Mean-Medain.png
Component: component_1744889758284_323.png
centerX: 0.38210399032648124
centerY: 0.6343028229255774
width: 0.021160822249093107
height: 0.02951240376390077
Area: 0.00022704633917516496
CentroidX: 0.3908
CentroidY: 0.6513
