Location: N_02-1.png_Mean-Medain.png
Component: component_1744889758258_293.png
centerX: 0.7696493349455864
centerY: 0.58169375534645
width: 0.022370012091898428
height: 0.03122326775021386
Area: 0.00022239163062715475
CentroidX: 0.7795
CentroidY: 0.5994
