Location: N_01-1.png_Gaussian-Closing.png
Component: component_1744889757923_422.png
centerX: 0.907496977025393
centerY: 0.864841745081266
width: 0.017533252720677146
height: 0.02737382378100941
Area: 0.00018748131651707812
CentroidX: 0.9152
CentroidY: 0.8806
