Location: N_02-1.png_Mean-Medain.png
Component: component_1744889758257_292.png
centerX: 0.12817412333736397
centerY: 0.58169375534645
width: 0.022370012091898428
height: 0.027801539777587682
Area: 0.00020299701167711217
CentroidX: 0.1381
CentroidY: 0.5974
