Location: N_01-1.png_Gaussian-Closing.png
Component: component_1744889757851_91.png
centerX: 0.07920193470374849
centerY: 0.16937553464499572
width: 0.024788391777509067
height: 0.02694610778443114
Area: 0.0002104962643377953
CentroidX: 0.0903
CentroidY: 0.1837
