Location: N_01-1.png_Gaussian-Median.png
Component: component_1744889758545_365.png
centerX: 0.19830713422007254
centerY: 0.7549187339606501
width: 0.022974607013301087
height: 0.02566295979469632
Area: 0.00019006726571041714
CentroidX: 0.2084
CentroidY: 0.7697
