Location: N_02-1.png_Mean-Medain.png
Component: component_1744889758058_37.png
centerX: 0.7321644498186215
centerY: 0.055603079555175364
width: 0.021160822249093107
height: 0.026518391787852865
Area: 0.00019291180982309005
CentroidX: 0.7404
CentroidY: 0.0697
