Location: N_01-1.png_Gaussian-Closing.png
Component: component_1744889757861_128.png
centerX: 0.6952841596130592
centerY: 0.24935842600513258
width: 0.01995163240628779
height: 0.02352437981180496
Area: 0.0001755859502277187
CentroidX: 0.7035
CentroidY: 0.2622
