Location: N_01-1.png_Mean-Closing.png
Component: component_1744889758655_198.png
centerX: 0.26964933494558646
centerY: 0.37852865697177074
width: 0.021160822249093107
height: 0.023952095808383235
Area: 0.00019058445554908494
CentroidX: 0.2787
CentroidY: 0.3913
