Location: N_02-1.png_Mean-Medain.png
Component: component_1744889758197_162.png
centerX: 0.932285368802902
centerY: 0.29769033361847735
width: 0.017533252720677146
height: 0.02694610778443114
Area: 0.00019498056917776124
CentroidX: 0.9392
CentroidY: 0.3131
