Location: N_01-1.png_Gaussian-Median.png
Component: component_1744889758443_17.png
centerX: 0.5453446191051995
centerY: 0.009409751924721984
width: 0.02599758162031439
height: 0.02951240376390077
Area: 0.0002648011973979145
CentroidX: 0.5573
CentroidY: 0.0258
