Location: N_01-1.png_Mean-Closing.png
Component: component_1744889758714_413.png
centerX: 0.09068923821039904
centerY: 0.8361847733105218
width: 0.024788391777509067
height: 0.02694610778443114
Area: 0.00021101345417646311
CentroidX: 0.1016
CentroidY: 0.8512
