Location: N_02-1.png_Mean-Medain.png
Component: component_1744889758359_444.png
centerX: 0.35368802902055624
centerY: 0.8652694610778443
width: 0.01995163240628779
height: 0.02523524379811805
Area: 0.00019523916409709514
CentroidX: 0.3624
CentroidY: 0.8792
