Location: N_01-1.png_Gaussian-Closing.png
Component: component_1744889757878_216.png
centerX: 0.1825876662636034
centerY: 0.4136013686911891
width: 0.022974607013301087
height: 0.02566295979469632
Area: 0.0002133408084504682
CentroidX: 0.1920
CentroidY: 0.4271
