Location: N_01-1.png_Gaussian-Closing.png
Component: component_1744889757853_101.png
centerX: 0.93409915356711
centerY: 0.20059880239520958
width: 0.019347037484885126
height: 0.028656971770744225
Area: 0.00022549476965916156
CentroidX: 0.9415
CentroidY: 0.2158
