Location: N_02-1.png_Mean-Medain.png
Component: component_1744889758003_8.png
centerX: 0.2478839177750907
centerY: 0.00641573994867408
width: 0.02599758162031439
height: 0.028656971770744225
Area: 0.00022084006111115133
CentroidX: 0.2600
CentroidY: 0.0220
