Location: N_01-1.png_Mean-Closing.png
Component: component_1744889758619_79.png
centerX: 0.6523579201934704
centerY: 0.1330196749358426
width: 0.02418379685610641
height: 0.022668947818648418
Area: 0.0001843781774850713
CentroidX: 0.6630
CentroidY: 0.1452
