Location: N_01-1.png_Gaussian-Median.png
Component: component_1744889758452_23.png
centerX: 0.026602176541717048
centerY: 0.0504704875962361
width: 0.02720677146311971
height: 0.030367835757057315
Area: 0.0002968669673953182
CentroidX: 0.0375
CentroidY: 0.0671
