Location: N_01-1.png_Gaussian-Closing.png
Component: component_1744889757921_410.png
centerX: 0.45828295042321643
centerY: 0.834901625320787
width: 0.02599758162031439
height: 0.030367835757057315
Area: 0.00021773692207914451
CentroidX: 0.4692
CentroidY: 0.8524
