Location: N_01-1.png_Gaussian-Closing.png
Component: component_1744889757899_309.png
centerX: 0.28536880290205563
centerY: 0.636869118905047
width: 0.02357920193470375
height: 0.023952095808383235
Area: 0.00019963527772577145
CentroidX: 0.2947
CentroidY: 0.6504
