Location: N_02-1.png_Mean-Medain.png
Component: component_1744889758143_87.png
centerX: 0.2708585247883918
centerY: 0.17065868263473055
width: 0.022370012091898428
height: 0.026518391787852865
Area: 0.00021566816272447332
CentroidX: 0.2800
CentroidY: 0.1857
