Location: N_02-1.png_Mean-Medain.png
Component: component_1744889758132_84.png
centerX: 0.1735187424425635
centerY: 0.16894781864841746
width: 0.021160822249093107
height: 0.027801539777587682
Area: 0.00021463378304713773
CentroidX: 0.1823
CentroidY: 0.1846
