Location: N_02-1.png_Mean-Medain.png
Component: component_1744889758193_148.png
centerX: 0.36275695284159615
centerY: 0.2946963216424294
width: 0.02176541717049577
height: 0.026518391787852865
Area: 0.00019575635393576294
CentroidX: 0.3712
CentroidY: 0.3099
