Location: N_02-1.png_Mean-Medain.png
Component: component_1744889758223_217.png
centerX: 0.18742442563482467
centerY: 0.4153122326775021
width: 0.019347037484885126
height: 0.02523524379811805
Area: 0.00018877429111374764
CentroidX: 0.1957
CentroidY: 0.4295
