Location: N_02-1.png_Mean-Medain.png
Component: component_1744889758235_251.png
centerX: 0.6783555018137848
centerY: 0.48674080410607357
width: 0.01995163240628779
height: 0.026090675791274595
Area: 0.00019394618950042565
CentroidX: 0.6871
CentroidY: 0.5014
