Location: N_01-1.png_Mean-Closing.png
Component: component_1744889758700_369.png
centerX: 0.9534461910519951
centerY: 0.7574850299401198
width: 0.022974607013301087
height: 0.029940119760479042
Area: 0.00022678774425583106
CentroidX: 0.9617
CentroidY: 0.7739
