Location: N_02-1.png_Mean-Medain.png
Component: component_1744889758375_475.png
centerX: 0.6076178960096735
centerY: 0.9289991445680068
width: 0.02176541717049577
height: 0.02480752780153978
Area: 0.00019239461998442226
CentroidX: 0.6175
CentroidY: 0.9422
