Location: N_02-1.png_Mean-Medain.png
Component: component_1744889758271_302.png
centerX: 0.3875453446191052
centerY: 0.5868263473053892
width: 0.016324062877871828
height: 0.028229255774165955
Area: 0.00019291180982309005
CentroidX: 0.3936
CentroidY: 0.6027
