Location: N_02-1.png_Mean-Medain.png
Component: component_1744889758329_374.png
centerX: 0.8784764207980653
centerY: 0.7480752780153977
width: 0.022370012091898428
height: 0.02480752780153978
Area: 0.00019213602506508833
CentroidX: 0.8883
CentroidY: 0.7621
