Location: N_02-1.png_Mean-Medain.png
Component: component_1744889758024_15.png
centerX: 0.6904474002418379
centerY: 0.007698887938408896
width: 0.021160822249093107
height: 0.028656971770744225
Area: 0.0002073931253057885
CentroidX: 0.6982
CentroidY: 0.0239
