Location: N_02-1.png_Mean-Medain.png
Component: component_1744889758370_462.png
centerX: 0.40084643288996374
centerY: 0.8964927288280582
width: 0.022370012091898428
height: 0.023952095808383235
Area: 0.00019032586062975104
CentroidX: 0.4102
CentroidY: 0.9102
