Location: N_02-1.png_Mean-Medain.png
Component: component_1744889758377_483.png
centerX: 0.8512696493349455
centerY: 0.9315654405474765
width: 0.020556227327690448
height: 0.02694610778443114
Area: 0.00021799551699847844
CentroidX: 0.8600
CentroidY: 0.9468
