Location: N_02-1.png_Mean-Medain.png
Component: component_1744889758206_188.png
centerX: 0.7611850060459492
centerY: 0.37254063301967494
width: 0.020556227327690448
height: 0.029940119760479042
Area: 0.00021437518812780383
CentroidX: 0.7701
CentroidY: 0.3893
