Location: N_02-1.png_Mean-Medain.png
Component: component_1744889758369_457.png
centerX: 0.6662636033857315
centerY: 0.894781864841745
width: 0.022974607013301087
height: 0.024379811804961505
Area: 0.00020558296087045118
CentroidX: 0.6755
CentroidY: 0.9085
