Location: N_01-1.png_Mean-Closing.png
Component: component_1744889758604_28.png
centerX: 0.36094316807738813
centerY: 0.05260906757912746
width: 0.02599758162031439
height: 0.029940119760479042
Area: 0.00025419880570522456
CentroidX: 0.3717
CentroidY: 0.0685
