Location: N_01-1.png_Gaussian-Closing.png
Component: component_1744889757876_204.png
centerX: 0.8083434099153567
centerY: 0.402480752780154
width: 0.020556227327690448
height: 0.02480752780153978
Area: 0.00018748131651707812
CentroidX: 0.8175
CentroidY: 0.4161
