Location: N_01-1.png_Gaussian-Closing.png
Component: component_1744889757875_200.png
centerX: 0.3192261185006046
centerY: 0.38023952095808383
width: 0.020556227327690448
height: 0.023952095808383235
Area: 0.00019058445554908494
CentroidX: 0.3280
CentroidY: 0.3937
