Location: N_02-1.png_Mean-Medain.png
Component: component_1744889758278_305.png
centerX: 0.5767835550181378
centerY: 0.5893926432848589
width: 0.021160822249093107
height: 0.02352437981180496
Area: 0.00019653213869376467
CentroidX: 0.5857
CentroidY: 0.6024
