Location: N_02-1.png_Mean-Medain.png
Component: component_1744889758234_249.png
centerX: 0.772067714631197
centerY: 0.48502994011976047
width: 0.022370012091898428
height: 0.024379811804961505
Area: 0.0001833437978077357
CentroidX: 0.7823
CentroidY: 0.4984
