Location: N_01-1.png_Gaussian-Median.png
Component: component_1744889758520_250.png
centerX: 0.5683192261185006
centerY: 0.49529512403763903
width: 0.020556227327690448
height: 0.02694610778443114
Area: 0.00019136024030708663
CentroidX: 0.5764
CentroidY: 0.5099
