Location: N_01-1.png_Gaussian-Closing.png
Component: component_1744889757899_313.png
centerX: 0.3851269649334946
centerY: 0.6377245508982036
width: 0.021160822249093107
height: 0.030367835757057315
Area: 0.00022109865603048523
CentroidX: 0.3928
CentroidY: 0.6550
