Location: N_01-1.png_Gaussian-Closing.png
Component: component_1744889757861_127.png
centerX: 0.939540507859734
centerY: 0.24807527801539778
width: 0.01995163240628779
height: 0.02523524379811805
Area: 0.00019937668280643755
CentroidX: 0.9489
CentroidY: 0.2619
