Location: N_02-1.png_Mean-Medain.png
Component: component_1744889758158_114.png
centerX: 0.7980652962515115
centerY: 0.21599657827202737
width: 0.019347037484885126
height: 0.02523524379811805
Area: 0.00019110164538775273
CentroidX: 0.8063
CentroidY: 0.2305
