Location: N_02-1.png_Mean-Medain.png
Component: component_1744889758211_205.png
centerX: 0.8851269649334945
centerY: 0.4093242087254063
width: 0.022370012091898428
height: 0.027801539777587682
Area: 0.00019782511329043416
CentroidX: 0.8939
CentroidY: 0.4249
