Location: N_01-1.png_Gaussian-Median.png
Component: component_1744889758527_284.png
centerX: 0.045949214026602174
centerY: 0.5812660393498716
width: 0.020556227327690448
height: 0.028229255774165955
Area: 0.00022290882046582255
CentroidX: 0.0534
CentroidY: 0.5972
