Location: N_01-1.png_Gaussian-Closing.png
Component: component_1744889757844_54.png
centerX: 0.4576783555018138
centerY: 0.09366980325064157
width: 0.022370012091898428
height: 0.028229255774165955
Area: 0.00019860089804843586
CentroidX: 0.4679
CentroidY: 0.1090
