Location: N_02-1.png_Mean-Medain.png
Component: component_1744889758373_471.png
centerX: 0.44740024183796856
centerY: 0.9285714285714286
width: 0.024788391777509067
height: 0.023096663815226688
Area: 0.0002042899862737817
CentroidX: 0.4588
CentroidY: 0.9412
