Location: N_01-1.png_Mean-Closing.png
Component: component_1744889758609_47.png
centerX: 0.7986698911729141
centerY: 0.09281437125748503
width: 0.02176541717049577
height: 0.027801539777587682
Area: 0.0001848953673237391
CentroidX: 0.8086
CentroidY: 0.1079
