Location: N_01-1.png_Mean-Closing.png
Component: component_1744889758599_6.png
centerX: 0.024788391777509067
centerY: 0.006843455945252352
width: 0.026602176541717048
height: 0.028229255774165955
Area: 0.0002446307936898702
CentroidX: 0.0360
CentroidY: 0.0231
