Location: N_01-1.png_Gaussian-Median.png
Component: component_1744889758533_305.png
centerX: 0.046553808948004836
centerY: 0.6295979469632165
width: 0.019347037484885126
height: 0.022668947818648418
Area: 0.00020247982183844437
CentroidX: 0.0540
CentroidY: 0.6425
