Location: N_01-1.png_Gaussian-Closing.png
Component: component_1744889757888_268.png
centerX: 0.6185006045949214
centerY: 0.5479041916167665
width: 0.022974607013301087
height: 0.023952095808383235
Area: 0.0001784304943403916
CentroidX: 0.6281
CentroidY: 0.5609
