Location: N_01-1.png_Gaussian-Closing.png
Component: component_1744889757929_447.png
centerX: 0.6813784764207981
centerY: 0.9020530367835757
width: 0.02176541717049577
height: 0.027801539777587682
Area: 0.00019704932853243246
CentroidX: 0.6904
CentroidY: 0.9175
