Location: N_01-1.png_Gaussian-Closing.png
Component: component_1744889757879_221.png
centerX: 0.941354292623942
centerY: 0.4405474764756202
width: 0.020556227327690448
height: 0.028656971770744225
Area: 0.00022213303570782085
CentroidX: 0.9504
CentroidY: 0.4568
