Location: N_02-1.png_Mean-Medain.png
Component: component_1744889758381_499.png
centerX: 0.4915356711003628
centerY: 0.9649272882805817
width: 0.022370012091898428
height: 0.02566295979469632
Area: 0.00021825411191781234
CentroidX: 0.5018
CentroidY: 0.9791
