Location: N_01-1.png_Gaussian-Median.png
Component: component_1744889758490_120.png
centerX: 0.12515114873035066
centerY: 0.21043627031650983
width: 0.022370012091898428
height: 0.026090675791274595
Area: 0.00019472197425842735
CentroidX: 0.1350
CentroidY: 0.2247
