Location: N_01-1.png_Gaussian-Median.png
Component: component_1744889758573_493.png
centerX: 0.596130592503023
centerY: 0.9709153122326775
width: 0.044740024183796856
height: 0.0290846877673225
Area: 0.00022859790869116835
CentroidX: 0.6130
CentroidY: 0.9885
