Location: N_02-1.png_Mean-Medain.png
Component: component_1744889758289_331.png
centerX: 0.2629987908101572
centerY: 0.6672369546621043
width: 0.020556227327690448
height: 0.027801539777587682
Area: 0.0002117892389344648
CentroidX: 0.2710
CentroidY: 0.6833
