Location: N_01-1.png_Gaussian-Median.png
Component: component_1744889758553_400.png
centerX: 0.49455864570737607
centerY: 0.7985457656116339
width: 0.02357920193470375
height: 0.026518391787852865
Area: 0.00019394618950042565
CentroidX: 0.5049
CentroidY: 0.8133
