Location: N_01-1.png_Gaussian-Closing.png
Component: component_1744889757940_467.png
centerX: 0.6813784764207981
centerY: 0.9362703165098375
width: 0.022370012091898428
height: 0.026090675791274595
Area: 0.0002084275049831241
CentroidX: 0.6906
CentroidY: 0.9505
