Location: N_01-1.png_Mean-Closing.png
Component: component_1744889758735_489.png
centerX: 0.8772672309552599
centerY: 0.9709153122326775
width: 0.024788391777509067
height: 0.0290846877673225
Area: 0.00021825411191781234
CentroidX: 0.8883
CentroidY: 0.9870
