Location: N_02-1.png_Mean-Medain.png
Component: component_1744889758197_159.png
centerX: 0.7569528415961306
centerY: 0.2968349016253208
width: 0.02539298669891173
height: 0.026518391787852865
Area: 0.0002076517202251224
CentroidX: 0.7670
CentroidY: 0.3123
