Location: N_02-1.png_Mean-Medain.png
Component: component_1744889758348_418.png
centerX: 0.06831922611850061
centerY: 0.825491873396065
width: 0.02357920193470375
height: 0.026090675791274595
Area: 0.00020222122691911047
CentroidX: 0.0793
CentroidY: 0.8398
