Location: N_02-1.png_Mean-Medain.png
Component: component_1744889758290_334.png
centerX: 0.914752116082225
centerY: 0.6689478186484175
width: 0.021160822249093107
height: 0.03122326775021386
Area: 0.00023454559183584808
CentroidX: 0.9235
CentroidY: 0.6864
