Location: N_01-1.png_Gaussian-Closing.png
Component: component_1744889757905_344.png
centerX: 0.2992744860943168
centerY: 0.713857998289136
width: 0.021160822249093107
height: 0.027801539777587682
Area: 0.00020351420151578
CentroidX: 0.3079
CentroidY: 0.7300
