Location: N_02-1.png_Mean-Medain.png
Component: component_1744889758379_492.png
centerX: 0.407496977025393
centerY: 0.9615055603079555
width: 0.02176541717049577
height: 0.028229255774165955
Area: 0.0002329940223198447
CentroidX: 0.4176
CentroidY: 0.9765
