Location: N_01-1.png_Mean-Closing.png
Component: component_1744889758659_214.png
centerX: 0.37122128174123337
centerY: 0.41231822070145424
width: 0.01995163240628779
height: 0.024379811804961505
Area: 0.0001779133045017238
CentroidX: 0.3796
CentroidY: 0.4258
