Location: N_01-1.png_Mean-Closing.png
Component: component_1744889758725_453.png
centerX: 0.6408706166868199
centerY: 0.9041916167664671
width: 0.021160822249093107
height: 0.026090675791274595
Area: 0.00020558296087045118
CentroidX: 0.6501
CentroidY: 0.9185
