Location: N_01-1.png_Mean-Closing.png
Component: component_1744889758719_435.png
centerX: 0.09492140266021766
centerY: 0.8716852010265184
width: 0.024788391777509067
height: 0.02566295979469632
Area: 0.00019885949296776976
CentroidX: 0.1051
CentroidY: 0.8858
