Location: N_01-1.png_Gaussian-Median.png
Component: component_1744889758466_44.png
centerX: 0.8373639661426844
centerY: 0.09153122326775022
width: 0.022370012091898428
height: 0.0320786997433704
Area: 0.00022058146619181743
CentroidX: 0.8470
CentroidY: 0.1086
