Location: N_02-1.png_Mean-Medain.png
Component: component_1744889758228_229.png
centerX: 0.628174123337364
centerY: 0.44781864841745084
width: 0.02418379685610641
height: 0.0290846877673225
Area: 0.0002073931253057885
CentroidX: 0.6367
CentroidY: 0.4649
