Location: N_01-1.png_Mean-Closing.png
Component: component_1744889758725_452.png
centerX: 0.051390568319226115
centerY: 0.9046193327630453
width: 0.020556227327690448
height: 0.0213857998289136
Area: 0.00019084305046841883
CentroidX: 0.0597
CentroidY: 0.9162
