Location: N_01-1.png_Gaussian-Median.png
Component: component_1744889758516_235.png
centerX: 0.3210399032648126
centerY: 0.45637296834901625
width: 0.01995163240628779
height: 0.02523524379811805
Area: 0.00019446337933909345
CentroidX: 0.3294
CentroidY: 0.4700
