Location: N_02-1.png_Mean-Medain.png
Component: component_1744889758161_120.png
centerX: 0.6983071342200725
centerY: 0.21813515825491872
width: 0.020556227327690448
height: 0.02523524379811805
Area: 0.00018153363337239842
CentroidX: 0.7064
CentroidY: 0.2317
