Location: N_01-1.png_Gaussian-Closing.png
Component: component_1744889757873_190.png
centerX: 0.6590084643288996
centerY: 0.3729683490162532
width: 0.022370012091898428
height: 0.026518391787852865
Area: 0.00019704932853243246
CentroidX: 0.6679
CentroidY: 0.3876
