Location: N_01-1.png_Gaussian-Median.png
Component: component_1744889758509_205.png
centerX: 0.8083434099153567
centerY: 0.402480752780154
width: 0.020556227327690448
height: 0.02523524379811805
Area: 0.00018877429111374764
CentroidX: 0.8175
CentroidY: 0.4161
