Location: N_01-1.png_Gaussian-Median.png
Component: component_1744889758506_188.png
centerX: 0.6590084643288996
centerY: 0.37254063301967494
width: 0.022370012091898428
height: 0.02694610778443114
Area: 0.00019704932853243246
CentroidX: 0.6679
CentroidY: 0.3876
