Location: N_01-1.png_Mean-Closing.png
Component: component_1744889758707_389.png
centerX: 0.0501813784764208
centerY: 0.7968349016253208
width: 0.02176541717049577
height: 0.024379811804961505
Area: 0.0002071345303864546
CentroidX: 0.0598
CentroidY: 0.8098
