Location: N_01-1.png_Mean-Closing.png
Component: component_1744889758647_173.png
centerX: 0.7563482466747279
centerY: 0.3319076133447391
width: 0.02176541717049577
height: 0.022241231822070145
Area: 0.00018722272159774422
CentroidX: 0.7660
CentroidY: 0.3440
