Location: N_02-1.png_Mean-Medain.png
Component: component_1744889758090_80.png
centerX: 0.7484885126964933
centerY: 0.1454234388366125
width: 0.022370012091898428
height: 0.027801539777587682
Area: 0.0002141165932084699
CentroidX: 0.7572
CentroidY: 0.1609
