Location: N_01-1.png_Gaussian-Median.png
Component: component_1744889758526_276.png
centerX: 0.6698911729141476
centerY: 0.5500427715996579
width: 0.021160822249093107
height: 0.02737382378100941
Area: 0.00019342899966175785
CentroidX: 0.6802
CentroidY: 0.5644
