Location: N_02-1.png_Mean-Medain.png
Component: component_1744889758163_124.png
centerX: 0.46795646916565903
centerY: 0.2446535500427716
width: 0.01995163240628779
height: 0.02737382378100941
Area: 0.00019989387264510538
CentroidX: 0.4766
CentroidY: 0.2597
