Location: N_01-1.png_Gaussian-Median.png
Component: component_1744889758526_275.png
centerX: 0.47158403869407495
centerY: 0.5496150556030795
width: 0.021160822249093107
height: 0.02480752780153978
Area: 0.00019084305046841883
CentroidX: 0.4804
CentroidY: 0.5634
