Location: N_01-1.png_Gaussian-Median.png
Component: component_1744889758445_19.png
centerX: 0.8385731559854898
centerY: 0.010265183917878529
width: 0.026602176541717048
height: 0.0290846877673225
Area: 0.0002510956666732177
CentroidX: 0.8500
CentroidY: 0.0263
