Location: N_02-1.png_Mean-Medain.png
Component: component_1744889758212_207.png
centerX: 0.656590084643289
centerY: 0.41060735671514115
width: 0.02357920193470375
height: 0.02352437981180496
Area: 0.00018256801304973401
CentroidX: 0.6671
CentroidY: 0.4238
