Location: N_02-1.png_Mean-Medain.png
Component: component_1744889758069_52.png
centerX: 0.4111245465538089
centerY: 0.09880239520958084
width: 0.02418379685610641
height: 0.02737382378100941
Area: 0.00021618535256314112
CentroidX: 0.4226
CentroidY: 0.1133
