Location: N_01-1.png_Gaussian-Closing.png
Component: component_1744889757841_38.png
centerX: 0.7920193470374849
centerY: 0.05431993156544055
width: 0.024788391777509067
height: 0.02694610778443114
Area: 0.00020584155578978508
CentroidX: 0.8028
CentroidY: 0.0698
