Location: N_01-1.png_Gaussian-Closing.png
Component: component_1744889757842_42.png
centerX: 0.6523579201934704
centerY: 0.09110350727117195
width: 0.02539298669891173
height: 0.030367835757057315
Area: 0.00021644394748247502
CentroidX: 0.6638
CentroidY: 0.1078
