Location: N_01-1.png_Gaussian-Median.png
Component: component_1744889758550_385.png
centerX: 0.9081015719467956
centerY: 0.7929854576561164
width: 0.02418379685610641
height: 0.02694610778443114
Area: 0.00019342899966175785
CentroidX: 0.9184
CentroidY: 0.8087
