Location: N_01-1.png_Mean-Closing.png
Component: component_1744889758637_141.png
centerX: 0.9449818621523579
centerY: 0.2831479897348161
width: 0.019347037484885126
height: 0.02480752780153978
Area: 0.00019937668280643755
CentroidX: 0.9526
CentroidY: 0.2966
