Location: N_02-1.png_Mean-Medain.png
Component: component_1744889758254_287.png
centerX: 0.07557436517533253
centerY: 0.5804106073567151
width: 0.018137847642079808
height: 0.02951240376390077
Area: 0.00018903288603308154
CentroidX: 0.0834
CentroidY: 0.5960
