Location: N_02-1.png_Mean-Medain.png
Component: component_1744889758147_95.png
centerX: 0.599758162031439
centerY: 0.1804961505560308
width: 0.020556227327690448
height: 0.02694610778443114
Area: 0.00022032287127248353
CentroidX: 0.6081
CentroidY: 0.1958
