Location: N_01-1.png_Gaussian-Median.png
Component: component_1744889758567_463.png
centerX: 0.466142684401451
centerY: 0.9080410607356715
width: 0.022370012091898428
height: 0.023952095808383235
Area: 0.00019006726571041714
CentroidX: 0.4756
CentroidY: 0.9220
