Location: N_02-1.png_Mean-Medain.png
Component: component_1744889758085_72.png
centerX: 0.5556227327690447
centerY: 0.1394354148845167
width: 0.01995163240628779
height: 0.028656971770744225
Area: 0.0002079103151444563
CentroidX: 0.5631
CentroidY: 0.1555
