Location: N_02-1.png_Mean-Medain.png
Component: component_1744889758337_386.png
centerX: 0.9238210399032648
centerY: 0.7775876817792986
width: 0.022370012091898428
height: 0.028229255774165955
Area: 0.00020661734054778678
CentroidX: 0.9325
CentroidY: 0.7929
