Location: N_02-1.png_Mean-Medain.png
Component: component_1744889758365_445.png
centerX: 0.2545344619105199
centerY: 0.8656971770744226
width: 0.022974607013301087
height: 0.02523524379811805
Area: 0.00020351420151578
CentroidX: 0.2648
CentroidY: 0.8796
