Location: N_02-1.png_Mean-Medain.png
Component: component_1744889758236_253.png
centerX: 0.48065296251511486
centerY: 0.4940119760479042
width: 0.022370012091898428
height: 0.026090675791274595
Area: 0.00020480717611244949
CentroidX: 0.4896
CentroidY: 0.5091
