Location: N_01-1.png_Gaussian-Median.png
Component: component_1744889758541_344.png
centerX: 0.14631197097944376
centerY: 0.712147134302823
width: 0.022370012091898428
height: 0.030367835757057315
Area: 0.00020610015070911898
CentroidX: 0.1559
CentroidY: 0.7293
