Location: N_01-1.png_Gaussian-Median.png
Component: component_1744889758496_143.png
centerX: 0.6499395405078597
centerY: 0.286142001710864
width: 0.018742442563482467
height: 0.028229255774165955
Area: 0.00022446038998182594
CentroidX: 0.6575
CentroidY: 0.3018
