Location: N_01-1.png_Mean-Closing.png
Component: component_1744889758703_381.png
centerX: 0.5749697702539298
centerY: 0.7613344739093242
width: 0.021160822249093107
height: 0.028229255774165955
Area: 0.00019523916409709514
CentroidX: 0.5843
CentroidY: 0.7768
