Location: N_01-1.png_Gaussian-Median.png
Component: component_1744889758474_61.png
centerX: 0.17472793228536881
centerY: 0.1283147989734816
width: 0.022974607013301087
height: 0.02694610778443114
Area: 0.00019498056917776124
CentroidX: 0.1845
CentroidY: 0.1433
