Location: N_02-1.png_Mean-Medain.png
Component: component_1744889758152_110.png
centerX: 0.4558645707376058
centerY: 0.21086398631308811
width: 0.02176541717049577
height: 0.022668947818648418
Area: 0.00016912107724437116
CentroidX: 0.4649
CentroidY: 0.2236
