Location: N_01-1.png_Gaussian-Closing.png
Component: component_1744889757903_333.png
centerX: 0.6311970979443773
centerY: 0.6779298545765612
width: 0.021160822249093107
height: 0.026090675791274595
Area: 0.00019368759458109175
CentroidX: 0.6395
CentroidY: 0.6928
