Location: N_02-1.png_Mean-Medain.png
Component: component_1744889757999_7.png
centerX: 0.16626360338573157
centerY: 0.005988023952095809
width: 0.022370012091898428
height: 0.030367835757057315
Area: 0.0002389417054645244
CentroidX: 0.1763
CentroidY: 0.0225
