Location: N_02-1.png_Mean-Medain.png
Component: component_1744889758351_425.png
centerX: 0.3591293833131802
centerY: 0.8297690333618477
width: 0.021160822249093107
height: 0.023952095808383235
Area: 0.00019704932853243246
CentroidX: 0.3681
CentroidY: 0.8432
