Location: N_02-1.png_Mean-Medain.png
Component: component_1744889758034_26.png
centerX: 0.21463119709794437
centerY: 0.05431993156544055
width: 0.02539298669891173
height: 0.02737382378100941
Area: 0.00022394320014315814
CentroidX: 0.2251
CentroidY: 0.0694
