Location: N_02-1.png_Mean-Medain.png
Component: component_1744889758341_396.png
centerX: 0.2587666263603386
centerY: 0.786142001710864
width: 0.022370012091898428
height: 0.029940119760479042
Area: 0.00023454559183584808
CentroidX: 0.2675
CentroidY: 0.8033
