Location: N_02-1.png_Mean-Medain.png
Component: component_1744889758081_63.png
centerX: 0.12515114873035066
centerY: 0.1313088109495295
width: 0.02418379685610641
height: 0.026518391787852865
Area: 0.00019420478441975955
CentroidX: 0.1346
CentroidY: 0.1455
