Location: N_02-1.png_Mean-Medain.png
Component: component_1744889758210_201.png
centerX: 0.4183796856106409
centerY: 0.37852865697177074
width: 0.02539298669891173
height: 0.02566295979469632
Area: 0.000208686099902458
CentroidX: 0.4297
CentroidY: 0.3927
