Location: N_01-1.png_Gaussian-Closing.png
Component: component_1744889757910_365.png
centerX: 0.30290205562273276
centerY: 0.7566295979469632
width: 0.02539298669891173
height: 0.028229255774165955
Area: 0.0002071345303864546
CentroidX: 0.3141
CentroidY: 0.7724
