Location: N_02-1.png_Mean-Medain.png
Component: component_1744889758377_484.png
centerX: 0.74546553808948
centerY: 0.932420872540633
width: 0.02418379685610641
height: 0.02694610778443114
Area: 0.0002363557562711854
CentroidX: 0.7554
CentroidY: 0.9476
