Location: N_02-1.png_Mean-Medain.png
Component: component_1744889758204_184.png
centerX: 0.8089480048367593
centerY: 0.3712574850299401
width: 0.02357920193470375
height: 0.0290846877673225
Area: 0.00022730493409449886
CentroidX: 0.8189
CentroidY: 0.3881
