Location: N_01-1.png_Gaussian-Closing.png
Component: component_1744889757874_196.png
centerX: 0.22974607013301088
centerY: 0.3776732249786142
width: 0.02418379685610641
height: 0.02523524379811805
Area: 0.00019963527772577145
CentroidX: 0.2397
CentroidY: 0.3917
