Location: N_01-1.png_Gaussian-Median.png
Component: component_1744889758533_308.png
centerX: 0.6293833131801693
centerY: 0.6347305389221557
width: 0.02902055622732769
height: 0.03293413173652695
Area: 0.00027824813320327733
CentroidX: 0.6413
CentroidY: 0.6523
