Location: N_02-1.png_Mean-Medain.png
Component: component_1744889758209_196.png
centerX: 0.7146311970979444
centerY: 0.37510692899914455
width: 0.022370012091898428
height: 0.028229255774165955
Area: 0.00022290882046582255
CentroidX: 0.7248
CentroidY: 0.3909
