Location: N_01-1.png_Gaussian-Closing.png
Component: component_1744889757834_9.png
centerX: 0.16686819830713423
centerY: 0.008126603934987169
width: 0.02418379685610641
height: 0.030795551753635585
Area: 0.0002800582976386146
CentroidX: 0.1764
CentroidY: 0.0252
