Location: N_01-1.png_Mean-Closing.png
Component: component_1744889758688_327.png
centerX: 0.435912938331318
centerY: 0.6753635585970915
width: 0.02176541717049577
height: 0.026090675791274595
Area: 0.00020066965740310708
CentroidX: 0.4454
CentroidY: 0.6900
