Location: N_02-1.png_Mean-Medain.png
Component: component_1744889758149_103.png
centerX: 0.0761789600967352
centerY: 0.20444824636441403
width: 0.022974607013301087
height: 0.026090675791274595
Area: 0.00019808370820976806
CentroidX: 0.0860
CentroidY: 0.2188
