Location: N_01-1.png_Mean-Closing.png
Component: component_1744889758638_142.png
centerX: 0.8972188633615478
centerY: 0.2844311377245509
width: 0.02176541717049577
height: 0.02566295979469632
Area: 0.00021075485925712922
CentroidX: 0.9075
CentroidY: 0.2984
