Location: N_02-1.png_Mean-Medain.png
Component: component_1744889758231_238.png
centerX: 0.4274486094316808
centerY: 0.4550898203592814
width: 0.024788391777509067
height: 0.028656971770744225
Area: 0.00021825411191781234
CentroidX: 0.4383
CentroidY: 0.4717
