Location: N_01-1.png_Mean-Closing.png
Component: component_1744889758684_312.png
centerX: 0.33192261185006044
centerY: 0.6377245508982036
width: 0.022974607013301087
height: 0.026090675791274595
Area: 0.0002117892389344648
CentroidX: 0.3416
CentroidY: 0.6527
