Location: N_01-1.png_Mean-Closing.png
Component: component_1744889758640_146.png
centerX: 0.6952841596130592
centerY: 0.28699743370402053
width: 0.022370012091898428
height: 0.02694610778443114
Area: 0.00021592675764380722
CentroidX: 0.7052
CentroidY: 0.3022
