Location: N_01-1.png_Mean-Closing.png
Component: component_1744889758636_135.png
centerX: 0.1293833131801693
centerY: 0.25192472198460225
width: 0.020556227327690448
height: 0.02566295979469632
Area: 0.00020041106248377318
CentroidX: 0.1380
CentroidY: 0.2657
