Location: N_02-1.png_Mean-Medain.png
Component: component_1744889758207_192.png
centerX: 0.22067714631197097
centerY: 0.3746792130025663
width: 0.021160822249093107
height: 0.02566295979469632
Area: 0.00019446337933909345
CentroidX: 0.2292
CentroidY: 0.3891
