Location: N_01-1.png_Gaussian-Closing.png
Component: component_1744889757943_476.png
centerX: 0.4649334945586457
centerY: 0.9396920444824637
width: 0.017533252720677146
height: 0.026518391787852865
Area: 0.00019860089804843586
CentroidX: 0.4720
CentroidY: 0.9545
