Location: N_02-1.png_Mean-Medain.png
Component: component_1744889758344_402.png
centerX: 0.5060459492140266
centerY: 0.7895637296834902
width: 0.022370012091898428
height: 0.027801539777587682
Area: 0.00021954708651448183
CentroidX: 0.5147
CentroidY: 0.8046
