Location: N_02-1.png_Mean-Medain.png
Component: component_1744889758338_391.png
centerX: 0.12333736396614269
centerY: 0.7827202737382378
width: 0.02176541717049577
height: 0.0290846877673225
Area: 0.00020687593546712068
CentroidX: 0.1327
CentroidY: 0.7980
