Location: N_01-1.png_Gaussian-Median.png
Component: component_1744889758482_83.png
centerX: 0.937726723095526
centerY: 0.16595380667236956
width: 0.019347037484885126
height: 0.028656971770744225
Area: 0.00022084006111115133
CentroidX: 0.9459
CentroidY: 0.1809
