Location: N_01-1.png_Gaussian-Closing.png
Component: component_1744889757943_474.png
centerX: 0.05259975816203144
centerY: 0.9396920444824637
width: 0.020556227327690448
height: 0.02523524379811805
Area: 0.00021825411191781234
CentroidX: 0.0620
CentroidY: 0.9526
