Location: N_01-1.png_Mean-Closing.png
Component: component_1744889758738_496.png
centerX: 0.3645707376058041
centerY: 0.9734816082121471
width: 0.018137847642079808
height: 0.026518391787852865
Area: 0.00019265321490375615
CentroidX: 0.3724
CentroidY: 0.9874
