Location: N_02-1.png_Mean-Medain.png
Component: component_1744889758297_355.png
centerX: 0.7932285368802902
centerY: 0.7082976903336184
width: 0.02539298669891173
height: 0.027801539777587682
Area: 0.00022161584586915303
CentroidX: 0.8031
CentroidY: 0.7244
