Location: N_01-1.png_Gaussian-Closing.png
Component: component_1744889757951_501.png
centerX: 0.20616686819830712
centerY: 0.979469632164243
width: 0.017533252720677146
height: 0.020530367835757058
Area: 0.00016317339409969146
CentroidX: 0.2135
CentroidY: 0.9910
