Location: N_01-1.png_Gaussian-Median.png
Component: component_1744889758536_321.png
centerX: 0.8675937122128174
centerY: 0.6415739948674081
width: 0.02357920193470375
height: 0.0290846877673225
Area: 0.0002128236186118004
CentroidX: 0.8772
CentroidY: 0.6581
