Location: N_01-1.png_Gaussian-Closing.png
Component: component_1744889757849_80.png
centerX: 0.6995163240628779
centerY: 0.1330196749358426
width: 0.02418379685610641
height: 0.022668947818648418
Area: 0.0001750687603890509
CentroidX: 0.7103
CentroidY: 0.1452
