Location: N_02-1.png_Mean-Medain.png
Component: component_1744889758203_182.png
centerX: 0.6118500604594922
centerY: 0.34046193327630453
width: 0.02357920193470375
height: 0.022241231822070145
Area: 0.00018515396224307303
CentroidX: 0.6216
CentroidY: 0.3530
