Location: N_02-1.png_Mean-Medain.png
Component: component_1744889758075_56.png
centerX: 0.45223700120918986
centerY: 0.09923011120615911
width: 0.02176541717049577
height: 0.028656971770744225
Area: 0.00021515097288580553
CentroidX: 0.4619
CentroidY: 0.1149
