Location: N_01-1.png_Gaussian-Median.png
Component: component_1744889758531_298.png
centerX: 0.9516324062877872
centerY: 0.5983746792130026
width: 0.017533252720677146
height: 0.02951240376390077
Area: 0.00023195964264250907
CentroidX: 0.9590
CentroidY: 0.6157
