Location: N_01-1.png_Gaussian-Median.png
Component: component_1744889758536_323.png
centerX: 0.9558645707376058
centerY: 0.6441402908468776
width: 0.020556227327690448
height: 0.030367835757057315
Area: 0.00025006128699588213
CentroidX: 0.9637
CentroidY: 0.6620
