Location: N_01-1.png_Gaussian-Median.png
Component: component_1744889758483_88.png
centerX: 0.07920193470374849
centerY: 0.16894781864841746
width: 0.024788391777509067
height: 0.027801539777587682
Area: 0.0002128236186118004
CentroidX: 0.0902
CentroidY: 0.1838
