Location: N_01-1.png_Mean-Closing.png
Component: component_1744889758667_247.png
centerX: 0.6704957678355502
centerY: 0.4948674080410607
width: 0.021160822249093107
height: 0.024379811804961505
Area: 0.0001828266079690679
CentroidX: 0.6799
CentroidY: 0.5083
