Location: N_01-1.png_Mean-Closing.png
Component: component_1744889758606_36.png
centerX: 0.4558645707376058
centerY: 0.05389221556886228
width: 0.022974607013301087
height: 0.02694610778443114
Area: 0.00020661734054778678
CentroidX: 0.4657
CentroidY: 0.0682
