Location: N_01-1.png_Mean-Closing.png
Component: component_1744889758608_43.png
centerX: 0.837968561064087
centerY: 0.09153122326775022
width: 0.02176541717049577
height: 0.0320786997433704
Area: 0.00022032287127248353
CentroidX: 0.8470
CentroidY: 0.1086
