Location: N_01-1.png_Gaussian-Closing.png
Component: component_1744889757920_408.png
centerX: 0.6735187424425635
centerY: 0.8331907613344739
width: 0.02539298669891173
height: 0.027801539777587682
Area: 0.00019808370820976806
CentroidX: 0.6842
CentroidY: 0.8487
