Location: N_01-1.png_Gaussian-Median.png
Component: component_1744889758504_179.png
centerX: 0.36638452237001207
centerY: 0.33532934131736525
width: 0.022974607013301087
height: 0.02480752780153978
Area: 0.0002089446948217919
CentroidX: 0.3768
CentroidY: 0.3485
