Location: N_02-1.png_Mean-Medain.png
Component: component_1744889758352_428.png
centerX: 0.8512696493349455
centerY: 0.8528656971770744
width: 0.02539298669891173
height: 0.026518391787852865
Area: 0.0002130822135311343
CentroidX: 0.8619
CentroidY: 0.8677
