Location: N_01-1.png_Gaussian-Closing.png
Component: component_1744889757839_30.png
centerX: 0.5985489721886336
centerY: 0.05260906757912746
width: 0.028415961305925032
height: 0.0290846877673225
Area: 0.0002412690597385295
CentroidX: 0.6114
CentroidY: 0.0687
