Location: N_02-1.png_Mean-Medain.png
Component: component_1744889758236_254.png
centerX: 0.5900846432889963
centerY: 0.49358426005132594
width: 0.02176541717049577
height: 0.02523524379811805
Area: 0.0002042899862737817
CentroidX: 0.5995
CentroidY: 0.5071
