Location: N_01-1.png_Mean-Closing.png
Component: component_1744889758645_167.png
centerX: 0.7079806529625151
centerY: 0.3297690333618477
width: 0.021160822249093107
height: 0.02480752780153978
Area: 0.00020144544216110877
CentroidX: 0.7173
CentroidY: 0.3432
