Location: N_02-1.png_Mean-Medain.png
Component: component_1744889758342_398.png
centerX: 0.6523579201934704
centerY: 0.787852865697177
width: 0.022974607013301087
height: 0.02694610778443114
Area: 0.00019523916409709514
CentroidX: 0.6625
CentroidY: 0.8028
