Location: N_02-1.png_Mean-Medain.png
Component: component_1744889758162_121.png
centerX: 0.7478839177750907
centerY: 0.21813515825491872
width: 0.01995163240628779
height: 0.023952095808383235
Area: 0.00016472496361569485
CentroidX: 0.7560
CentroidY: 0.2316
