Location: N_02-1.png_Mean-Medain.png
Component: component_1744889758196_158.png
centerX: 0.6148730350665055
centerY: 0.2968349016253208
width: 0.022974607013301087
height: 0.026090675791274595
Area: 0.0002104962643377953
CentroidX: 0.6230
CentroidY: 0.3112
