Location: N_02-1.png_Mean-Medain.png
Component: component_1744889758198_163.png
centerX: 0.07920193470374849
centerY: 0.3314798973481608
width: 0.022974607013301087
height: 0.026518391787852865
Area: 0.00022963228836850397
CentroidX: 0.0874
CentroidY: 0.3464
