Location: N_01-1.png_Gaussian-Closing.png
Component: component_1744889757851_88.png
centerX: 0.4195888754534462
centerY: 0.16894781864841746
width: 0.024788391777509067
height: 0.026518391787852865
Area: 0.0002115306440151309
CentroidX: 0.4304
CentroidY: 0.1829
