Location: N_01-1.png_Gaussian-Median.png
Component: component_1744889758486_98.png
centerX: 0.6009673518742442
centerY: 0.17023096663815226
width: 0.02357920193470375
height: 0.023952095808383235
Area: 0.00019860089804843586
CentroidX: 0.6118
CentroidY: 0.1833
