Location: N_01-1.png_Gaussian-Closing.png
Component: component_1744889757851_89.png
centerX: 0.654776299879081
centerY: 0.16852010265183917
width: 0.026602176541717048
height: 0.02523524379811805
Area: 0.00018670553175907642
CentroidX: 0.6659
CentroidY: 0.1823
