Location: N_01-1.png_Gaussian-Median.png
Component: component_1744889758531_297.png
centerX: 0.6777509068923822
centerY: 0.5953806672369547
width: 0.01995163240628779
height: 0.02951240376390077
Area: 0.00021670254240180892
CentroidX: 0.6860
CentroidY: 0.6120
