Location: N_01-1.png_Gaussian-Closing.png
Component: component_1744889757855_110.png
centerX: 0.4153567110036276
centerY: 0.20658682634730538
width: 0.018137847642079808
height: 0.027801539777587682
Area: 0.00019627354377443077
CentroidX: 0.4226
CentroidY: 0.2218
