Location: N_02-1.png_Mean-Medain.png
Component: component_1744889758145_90.png
centerX: 0.40991535671100365
centerY: 0.174508126603935
width: 0.01995163240628779
height: 0.027801539777587682
Area: 0.0002092032897411258
CentroidX: 0.4179
CentroidY: 0.1901
