Location: N_02-1.png_Mean-Medain.png
Component: component_1744889758243_275.png
centerX: 0.18802902055622733
centerY: 0.537639007698888
width: 0.022370012091898428
height: 0.02694610778443114
Area: 0.00022471898490115984
CentroidX: 0.1965
CentroidY: 0.5532
