Location: N_01-1.png_Gaussian-Median.png
Component: component_1744889758499_153.png
centerX: 0.4655380894800484
centerY: 0.2925577416595381
width: 0.021160822249093107
height: 0.022241231822070145
Area: 0.00018515396224307303
CentroidX: 0.4754
CentroidY: 0.3048
