Location: N_02-1.png_Mean-Medain.png
Component: component_1744889758338_390.png
centerX: 0.07194679564691657
centerY: 0.7827202737382378
width: 0.02599758162031439
height: 0.02951240376390077
Area: 0.00021928849159514794
CentroidX: 0.0835
CentroidY: 0.7990
