Location: N_02-1.png_Mean-Medain.png
Component: component_1744889758378_487.png
centerX: 0.06892382103990327
centerY: 0.9568006843455945
width: 0.022370012091898428
height: 0.026518391787852865
Area: 0.00021877130175648014
CentroidX: 0.0790
CentroidY: 0.9712
