Location: N_02-1.png_Mean-Medain.png
Component: component_1744889758153_111.png
centerX: 0.40931076178960096
centerY: 0.2125748502994012
width: 0.019347037484885126
height: 0.023952095808383235
Area: 0.0001745515705503831
CentroidX: 0.4167
CentroidY: 0.2255
