Location: N_02-1.png_Mean-Medain.png
Component: component_1744889758019_11.png
centerX: 0.4117291414752116
centerY: 0.007271171941830625
width: 0.02418379685610641
height: 0.028656971770744225
Area: 0.0002389417054645244
CentroidX: 0.4217
CentroidY: 0.0233
