Location: N_01-1.png_Gaussian-Median.png
Component: component_1744889758529_294.png
centerX: 0.5707376058041113
centerY: 0.5936698032506416
width: 0.02539298669891173
height: 0.02737382378100941
Area: 0.0002141165932084699
CentroidX: 0.5809
CentroidY: 0.6096
