Location: N_01-1.png_Gaussian-Median.png
Component: component_1744889758497_147.png
centerX: 0.8422007255139057
centerY: 0.2865697177074423
width: 0.018742442563482467
height: 0.02523524379811805
Area: 0.00018773991143641202
CentroidX: 0.8510
CentroidY: 0.3004
