Location: N_02-1.png_Mean-Medain.png
Component: component_1744889758349_419.png
centerX: 0.3083434099153567
centerY: 0.8272027373823782
width: 0.020556227327690448
height: 0.028229255774165955
Area: 0.00021437518812780383
CentroidX: 0.3163
CentroidY: 0.8433
