Location: N_01-1.png_Gaussian-Closing.png
Component: component_1744889757928_445.png
centerX: 0.5985489721886336
centerY: 0.9011976047904192
width: 0.02539298669891173
height: 0.02566295979469632
Area: 0.0002135994033698021
CentroidX: 0.6098
CentroidY: 0.9156
