Location: N_02-1.png_Mean-Medain.png
Component: component_1744889758210_202.png
centerX: 0.46856106408706166
centerY: 0.378956372968349
width: 0.01995163240628779
height: 0.02480752780153978
Area: 0.00019213602506508833
CentroidX: 0.4764
CentroidY: 0.3932
