Location: N_01-1.png_Mean-Closing.png
Component: component_1744889758732_479.png
centerX: 0.3174123337363966
centerY: 0.9422583404619332
width: 0.018742442563482467
height: 0.024379811804961505
Area: 0.0001758445451470526
CentroidX: 0.3258
CentroidY: 0.9551
