Location: N_01-1.png_Mean-Closing.png
Component: component_1744889758660_220.png
centerX: 0.04232164449818621
centerY: 0.41573994867408043
width: 0.020556227327690448
height: 0.02523524379811805
Area: 0.00019549775901642904
CentroidX: 0.0499
CentroidY: 0.4304
