Location: N_01-1.png_Gaussian-Median.png
Component: component_1744889758488_111.png
centerX: 0.45949214026602175
centerY: 0.20658682634730538
width: 0.022370012091898428
height: 0.026090675791274595
Area: 0.00019291180982309005
CentroidX: 0.4693
CentroidY: 0.2202
