Location: N_01-1.png_Gaussian-Median.png
Component: component_1744889758535_317.png
centerX: 0.43047158403869407
centerY: 0.6385799828913601
width: 0.022370012091898428
height: 0.028656971770744225
Area: 0.0002130822135311343
CentroidX: 0.4399
CentroidY: 0.6547
