Location: N_02-1.png_Mean-Medain.png
Component: component_1744889757987_4.png
centerX: 0.058645707376058044
centerY: 0.0051325919589392645
width: 0.02720677146311971
height: 0.030367835757057315
Area: 0.00024695814796387534
CentroidX: 0.0697
CentroidY: 0.0224
