Location: N_01-1.png_Mean-Closing.png
Component: component_1744889758715_418.png
centerX: 0.3615477629987908
centerY: 0.8370402053036784
width: 0.01995163240628779
height: 0.026518391787852865
Area: 0.00016886248232503726
CentroidX: 0.3695
CentroidY: 0.8517
