Location: N_01-1.png_Mean-Closing.png
Component: component_1744889758726_458.png
centerX: 0.4105199516324063
centerY: 0.907185628742515
width: 0.02357920193470375
height: 0.02694610778443114
Area: 0.00019782511329043416
CentroidX: 0.4210
CentroidY: 0.9227
