Location: N_01-1.png_Mean-Closing.png
Component: component_1744889758604_26.png
centerX: 0.07315598548972188
centerY: 0.05260906757912746
width: 0.024788391777509067
height: 0.02951240376390077
Area: 0.00024385500893186853
CentroidX: 0.0838
CentroidY: 0.0685
