Location: N_01-1.png_Gaussian-Closing.png
Component: component_1744889757902_328.png
centerX: 0.1946795646916566
centerY: 0.676218990590248
width: 0.021160822249093107
height: 0.02566295979469632
Area: 0.00020273841675777827
CentroidX: 0.2032
CentroidY: 0.6902
