Location: N_01-1.png_Mean-Closing.png
Component: component_1744889758681_303.png
centerX: 0.045949214026602174
centerY: 0.6300256629597947
width: 0.01995163240628779
height: 0.022668947818648418
Area: 0.0002071345303864546
CentroidX: 0.0539
CentroidY: 0.6424
