Location: N_01-1.png_Mean-Closing.png
Component: component_1744889758717_429.png
centerX: 0.6777509068923822
centerY: 0.869546621043627
width: 0.018137847642079808
height: 0.024379811804961505
Area: 0.00017377578579238137
CentroidX: 0.6856
CentroidY: 0.8836
