Location: N_02-1.png_Mean-Medain.png
Component: component_1744889758150_105.png
centerX: 0.17110036275695284
centerY: 0.20744225834046193
width: 0.019347037484885126
height: 0.024379811804961505
Area: 0.0001745515705503831
CentroidX: 0.1790
CentroidY: 0.2211
