Location: N_01-1.png_Mean-Closing.png
Component: component_1744889758656_202.png
centerX: 0.9480048367593712
centerY: 0.39820359281437123
width: 0.02176541717049577
height: 0.02694610778443114
Area: 0.00019911808788710365
CentroidX: 0.9570
CentroidY: 0.4133
