Location: N_01-1.png_Mean-Closing.png
Component: component_1744889758632_123.png
centerX: 0.6009673518742442
centerY: 0.24679213002566297
width: 0.021160822249093107
height: 0.022668947818648418
Area: 0.00016627653313169824
CentroidX: 0.6091
CentroidY: 0.2593
