Location: N_01-1.png_Gaussian-Median.png
Component: component_1744889758503_172.png
centerX: 0.46009673518742444
centerY: 0.3319076133447391
width: 0.022370012091898428
height: 0.023952095808383235
Area: 0.00019006726571041714
CentroidX: 0.4706
CentroidY: 0.3453
