Location: N_01-1.png_Gaussian-Median.png
Component: component_1744889758558_424.png
centerX: 0.31257557436517536
centerY: 0.8383233532934131
width: 0.02357920193470375
height: 0.027801539777587682
Area: 0.00020222122691911047
CentroidX: 0.3226
CentroidY: 0.8543
