Location: N_02-1.png_Mean-Medain.png
Component: component_1744889758377_481.png
centerX: 0.40205562273276907
centerY: 0.9315654405474765
width: 0.022974607013301087
height: 0.022668947818648418
Area: 0.00020066965740310708
CentroidX: 0.4127
CentroidY: 0.9436
