Location: N_02-1.png_Mean-Medain.png
Component: component_1744889758029_21.png
centerX: 0.4921402660217654
centerY: 0.05175363558597092
width: 0.02357920193470375
height: 0.02951240376390077
Area: 0.00022678774425583106
CentroidX: 0.5014
CentroidY: 0.0679
