Location: N_02-1.png_Mean-Medain.png
Component: component_1744889758207_191.png
centerX: 0.8482466747279322
centerY: 0.3738237810094098
width: 0.020556227327690448
height: 0.02737382378100941
Area: 0.00020610015070911898
CentroidX: 0.8567
CentroidY: 0.3892
