Location: N_02-1.png_Mean-Medain.png
Component: component_1744889758356_438.png
centerX: 0.4528415961305925
centerY: 0.8627031650983746
width: 0.02176541717049577
height: 0.024379811804961505
Area: 0.0001786890892597255
CentroidX: 0.4614
CentroidY: 0.8763
