Location: N_02-1.png_Mean-Medain.png
Component: component_1744889758342_397.png
centerX: 0.31197097944377267
centerY: 0.7882805816937554
width: 0.021160822249093107
height: 0.0290846877673225
Area: 0.0002428206292545329
CentroidX: 0.3200
CentroidY: 0.8045
