Location: N_01-1.png_Mean-Closing.png
Component: component_1744889758627_103.png
centerX: 0.8010882708585247
centerY: 0.20230966638152267
width: 0.021160822249093107
height: 0.026090675791274595
Area: 0.00018541255716240693
CentroidX: 0.8108
CentroidY: 0.2169
