Location: N_02-1.png_Mean-Medain.png
Component: component_1744889758280_310.png
centerX: 0.841596130592503
centerY: 0.6274593669803251
width: 0.021160822249093107
height: 0.0290846877673225
Area: 0.00021075485925712922
CentroidX: 0.8493
CentroidY: 0.6436
