Location: N_02-1.png_Mean-Medain.png
Component: component_1744889758079_59.png
centerX: 0.30652962515114873
centerY: 0.10051325919589392
width: 0.01995163240628779
height: 0.02523524379811805
Area: 0.0001836023927270696
CentroidX: 0.3149
CentroidY: 0.1143
