Location: N_01-1.png_Mean-Closing.png
Component: component_1744889758625_97.png
centerX: 0.3186215235792019
centerY: 0.17023096663815226
width: 0.022974607013301087
height: 0.02566295979469632
Area: 0.00018205082321106622
CentroidX: 0.3288
CentroidY: 0.1840
