Location: N_02-1.png_Mean-Medain.png
Component: component_1744889758349_421.png
centerX: 0.40447400241837966
centerY: 0.8280581693755347
width: 0.022370012091898428
height: 0.024379811804961505
Area: 0.00019032586062975104
CentroidX: 0.4143
CentroidY: 0.8414
