Location: N_01-1.png_Gaussian-Closing.png
Component: component_1744889757852_95.png
centerX: 0.22309552599758162
centerY: 0.17065868263473055
width: 0.020556227327690448
height: 0.02480752780153978
Area: 0.00019420478441975955
CentroidX: 0.2319
CentroidY: 0.1843
