Location: N_01-1.png_Gaussian-Closing.png
Component: component_1744889757850_83.png
centerX: 0.8337363966142685
centerY: 0.16680923866552608
width: 0.01995163240628779
height: 0.026090675791274595
Area: 0.00019601494885509687
CentroidX: 0.8424
CentroidY: 0.1807
