Location: N_01-1.png_Mean-Closing.png
Component: component_1744889758705_385.png
centerX: 0.09250302297460701
centerY: 0.7946963216424294
width: 0.02418379685610641
height: 0.026518391787852865
Area: 0.0002115306440151309
CentroidX: 0.1025
CentroidY: 0.8096
