Location: N_01-1.png_Mean-Closing.png
Component: component_1744889758678_291.png
centerX: 0.47218863361547764
centerY: 0.5932420872540634
width: 0.02176541717049577
height: 0.026090675791274595
Area: 0.00020351420151578
CentroidX: 0.4808
CentroidY: 0.6072
