Location: N_02-1.png_Mean-Medain.png
Component: component_1744889758211_204.png
centerX: 0.7599758162031439
centerY: 0.40889649272882805
width: 0.024788391777509067
height: 0.02352437981180496
Area: 0.00018980867079108324
CentroidX: 0.7700
CentroidY: 0.4226
