Location: N_01-1.png_Gaussian-Median.png
Component: component_1744889758563_447.png
centerX: 0.8730350665054414
centerY: 0.8994867408041061
width: 0.02418379685610641
height: 0.026518391787852865
Area: 0.00020480717611244949
CentroidX: 0.8838
CentroidY: 0.9147
