Location: N_01-1.png_Mean-Closing.png
Component: component_1744889758694_354.png
centerX: 0.8760580411124547
centerY: 0.7142857142857143
width: 0.01995163240628779
height: 0.024379811804961505
Area: 0.0001836023927270696
CentroidX: 0.8852
CentroidY: 0.7279
