Location: N_01-1.png_Gaussian-Median.png
Component: component_1744889758481_81.png
centerX: 0.7956469165659008
centerY: 0.16638152266894782
width: 0.01995163240628779
height: 0.02523524379811805
Area: 0.00018567115208174083
CentroidX: 0.8039
CentroidY: 0.1805
