Location: N_02-1.png_Mean-Medain.png
Component: component_1744889758341_395.png
centerX: 0.752720677146312
centerY: 0.7852865697177075
width: 0.02357920193470375
height: 0.023952095808383235
Area: 0.0001810164435337306
CentroidX: 0.7634
CentroidY: 0.7987
