Location: N_01-1.png_Gaussian-Median.png
Component: component_1744889758473_58.png
centerX: 0.7436517533252721
centerY: 0.09409751924721985
width: 0.024788391777509067
height: 0.026518391787852865
Area: 0.00019084305046841883
CentroidX: 0.7542
CentroidY: 0.1092
