Location: N_01-1.png_Mean-Closing.png
Component: component_1744889758611_55.png
centerX: 0.5078597339782346
centerY: 0.0932420872540633
width: 0.02176541717049577
height: 0.03122326775021386
Area: 0.00021980568143381573
CentroidX: 0.5170
CentroidY: 0.1103
