Location: N_01-1.png_Mean-Closing.png
Component: component_1744889758657_205.png
centerX: 0.7581620314389359
centerY: 0.4050470487596236
width: 0.019347037484885126
height: 0.024379811804961505
Area: 0.00017687892482438818
CentroidX: 0.7657
CentroidY: 0.4182
