Location: N_01-1.png_Mean-Closing.png
Component: component_1744889758628_107.png
centerX: 0.6051995163240629
centerY: 0.20487596236099231
width: 0.021160822249093107
height: 0.02352437981180496
Area: 0.00019213602506508833
CentroidX: 0.6149
CentroidY: 0.2172
