Location: N_01-1.png_Mean-Closing.png
Component: component_1744889758712_405.png
centerX: 0.8246674727932285
centerY: 0.8319076133447391
width: 0.022974607013301087
height: 0.02523524379811805
Area: 0.0001802406587757289
CentroidX: 0.8344
CentroidY: 0.8459
