Location: N_01-1.png_Gaussian-Median.png
Component: component_1744889758565_457.png
centerX: 0.051390568319226115
centerY: 0.9041916167664671
width: 0.020556227327690448
height: 0.021813515825491875
Area: 0.00019058445554908494
CentroidX: 0.0596
CentroidY: 0.9161
