Location: N_01-1.png_Mean-Closing.png
Component: component_1744889758642_154.png
centerX: 0.036275695284159616
centerY: 0.2934131736526946
width: 0.01995163240628779
height: 0.02737382378100941
Area: 0.00019213602506508833
CentroidX: 0.0445
CentroidY: 0.3092
