Location: easy26_Mean-Closing.png
Component: component_1744297381991_216.png
centerX: 0.3419354838709677
centerY: 0.16618773946360152
width: 0.016129032258064516
height: 0.014367816091954023
Area: 9.539920899765172e-05
CentroidX: 0.3488
CentroidY: 0.1740
