Location: N_01-1.png_Gaussian-Median.png
Component: component_1744889758507_191.png
centerX: 0.45949214026602175
centerY: 0.37339606501283146
width: 0.022974607013301087
height: 0.02523524379811805
Area: 0.00017351719087304747
CentroidX: 0.4686
CentroidY: 0.3880
