Location: N_01-1.png_Gaussian-Closing.png
Component: component_1744889757946_483.png
centerX: 0.4147521160822249
centerY: 0.9700598802395209
width: 0.018137847642079808
height: 0.028229255774165955
Area: 0.00019860089804843586
CentroidX: 0.4227
CentroidY: 0.9862
