Location: N_01-1.png_Mean-Closing.png
Component: component_1744889758600_11.png
centerX: 0.2140266021765417
centerY: 0.008982035928143712
width: 0.02418379685610641
height: 0.03165098374679213
Area: 0.00028652317062196215
CentroidX: 0.2244
CentroidY: 0.0264
