Location: N_01-1.png_Gaussian-Closing.png
Component: component_1744889757872_186.png
centerX: 0.08645707376058041
centerY: 0.37254063301967494
width: 0.02418379685610641
height: 0.027801539777587682
Area: 0.00021799551699847844
CentroidX: 0.0967
CentroidY: 0.3882
