Location: N_02-1.png_Mean-Medain.png
Component: component_1744889758372_468.png
centerX: 0.11064087061668681
centerY: 0.9268605645851155
width: 0.02539298669891173
height: 0.026090675791274595
Area: 0.00022497757982049374
CentroidX: 0.1218
CentroidY: 0.9414
