Location: N_01-1.png_Gaussian-Closing.png
Component: component_1744889757899_308.png
centerX: 0.5834340991535671
centerY: 0.6360136869118905
width: 0.022974607013301087
height: 0.02951240376390077
Area: 0.0002446307936898702
CentroidX: 0.5925
CentroidY: 0.6533
