Location: N_02-1.png_Mean-Medain.png
Component: component_1744889758089_79.png
centerX: 0.8349455864570737
centerY: 0.14285714285714285
width: 0.022370012091898428
height: 0.030367835757057315
Area: 0.00022446038998182594
CentroidX: 0.8438
CentroidY: 0.1603
