Location: N_01-1.png_Gaussian-Median.png
Component: component_1744889758573_492.png
centerX: 0.9558645707376058
centerY: 0.9704875962360993
width: 0.044135429262394194
height: 0.0290846877673225
Area: 0.00025885351425323475
CentroidX: 0.9668
CentroidY: 0.9880
