Location: N_01-1.png_Mean-Closing.png
Component: component_1744889758680_300.png
centerX: 0.8657799274486094
centerY: 0.5996578272027374
width: 0.020556227327690448
height: 0.026518391787852865
Area: 0.00020558296087045118
CentroidX: 0.8748
CentroidY: 0.6145
