Location: N_01-1.png_Gaussian-Closing.png
Component: component_1744889757914_381.png
centerX: 0.5749697702539298
centerY: 0.7613344739093242
width: 0.021160822249093107
height: 0.028229255774165955
Area: 0.00019653213869376467
CentroidX: 0.5844
CentroidY: 0.7767
