Location: N_02-1.png_Mean-Medain.png
Component: component_1744889758089_78.png
centerX: 0.7031438935912938
centerY: 0.14328485885372114
width: 0.024788391777509067
height: 0.028656971770744225
Area: 0.000213857998289136
CentroidX: 0.7136
CentroidY: 0.1592
