Location: N_01-1.png_Mean-Closing.png
Component: component_1744889758694_357.png
centerX: 0.5290205562273277
centerY: 0.7159965782720273
width: 0.018742442563482467
height: 0.02737382378100941
Area: 0.00021127204909579701
CentroidX: 0.5369
CentroidY: 0.7312
