Location: N_01-1.png_Gaussian-Median.png
Component: component_1744889758501_160.png
centerX: 0.3137847642079806
centerY: 0.2946963216424294
width: 0.022370012091898428
height: 0.02352437981180496
Area: 0.00019136024030708663
CentroidX: 0.3236
CentroidY: 0.3073
