Location: N_02-1.png_Mean-Medain.png
Component: component_1744889758254_288.png
centerX: 0.8428053204353083
centerY: 0.5804106073567151
width: 0.024788391777509067
height: 0.030367835757057315
Area: 0.00022161584586915303
CentroidX: 0.8534
CentroidY: 0.5977
