Location: N_01-1.png_Mean-Closing.png
Component: component_1744889758629_112.png
centerX: 0.5060459492140266
centerY: 0.20658682634730538
width: 0.021160822249093107
height: 0.026518391787852865
Area: 0.00019601494885509687
CentroidX: 0.5150
CentroidY: 0.2206
