Location: N_01-1.png_Gaussian-Median.png
Component: component_1744889758568_469.png
centerX: 0.5634824667472793
centerY: 0.9337040205303678
width: 0.01995163240628779
height: 0.02523524379811805
Area: 0.00019187743014575443
CentroidX: 0.5721
CentroidY: 0.9479
