Location: N_01-1.png_Gaussian-Closing.png
Component: component_1744889757872_189.png
centerX: 0.45949214026602175
centerY: 0.37339606501283146
width: 0.022974607013301087
height: 0.02523524379811805
Area: 0.00017377578579238137
CentroidX: 0.4687
CentroidY: 0.3880
