Location: N_01-1.png_Mean-Closing.png
Component: component_1744889758620_81.png
centerX: 0.7956469165659008
centerY: 0.16638152266894782
width: 0.01995163240628779
height: 0.02480752780153978
Area: 0.0001838609876464035
CentroidX: 0.8039
CentroidY: 0.1804
