Location: N_01-1.png_Gaussian-Median.png
Component: component_1744889758504_177.png
centerX: 0.1807738814993954
centerY: 0.334901625320787
width: 0.02176541717049577
height: 0.02566295979469632
Area: 0.00021721973224047672
CentroidX: 0.1898
CentroidY: 0.3496
