Location: N_01-1.png_Mean-Closing.png
Component: component_1744889758658_212.png
centerX: 0.5114873035066505
centerY: 0.40975192472198463
width: 0.021160822249093107
height: 0.02352437981180496
Area: 0.00018696412667841032
CentroidX: 0.5205
CentroidY: 0.4227
