Location: N_01-1.png_Mean-Closing.png
Component: component_1744889758647_178.png
centerX: 0.27327690447400244
centerY: 0.334901625320787
width: 0.018137847642079808
height: 0.02566295979469632
Area: 0.0002040313913544478
CentroidX: 0.2810
CentroidY: 0.3488
