Location: N_01-1.png_Gaussian-Median.png
Component: component_1744889758441_15.png
centerX: 0.7418379685610641
centerY: 0.008982035928143712
width: 0.026602176541717048
height: 0.0320786997433704
Area: 0.0002428206292545329
CentroidX: 0.7539
CentroidY: 0.0265
