Location: N_02-1.png_Mean-Medain.png
Component: component_1744889758087_74.png
centerX: 0.8748488512696493
centerY: 0.14157399486740804
width: 0.018742442563482467
height: 0.03122326775021386
Area: 0.0002386831105451905
CentroidX: 0.8821
CentroidY: 0.1592
