Location: N_01-1.png_Gaussian-Closing.png
Component: component_1744889757919_401.png
centerX: 0.4498186215235792
centerY: 0.7994011976047904
width: 0.02357920193470375
height: 0.026518391787852865
Area: 0.00020687593546712068
CentroidX: 0.4596
CentroidY: 0.8140
