Location: N_02-1.png_Mean-Medain.png
Component: component_1744889758148_98.png
centerX: 0.7914147521160823
centerY: 0.18263473053892215
width: 0.02357920193470375
height: 0.02566295979469632
Area: 0.0002130822135311343
CentroidX: 0.8017
CentroidY: 0.1970
