Location: N_01-1.png_Mean-Closing.png
Component: component_1744889758673_269.png
centerX: 0.2799274486094317
centerY: 0.5483319076133447
width: 0.021160822249093107
height: 0.02566295979469632
Area: 0.00020273841675777827
CentroidX: 0.2888
CentroidY: 0.5624
