Location: N_01-1.png_Gaussian-Closing.png
Component: component_1744889757929_451.png
centerX: 0.5592503022974608
centerY: 0.9033361847733106
width: 0.02176541717049577
height: 0.022668947818648418
Area: 0.00016937967216370506
CentroidX: 0.5687
CentroidY: 0.9161
