Location: N_01-1.png_Mean-Closing.png
Component: component_1744889758720_439.png
centerX: 0.5078597339782346
centerY: 0.8725406330196749
width: 0.016928657799274487
height: 0.024379811804961505
Area: 0.00017377578579238137
CentroidX: 0.5149
CentroidY: 0.8860
