Location: N_01-1.png_Gaussian-Closing.png
Component: component_1744889757849_81.png
centerX: 0.7956469165659008
centerY: 0.16638152266894782
width: 0.019347037484885126
height: 0.02480752780153978
Area: 0.00018230941813040011
CentroidX: 0.8038
CentroidY: 0.1804
