Location: N_02-1.png_Mean-Medain.png
Component: component_1744889757983_1.png
centerX: 0.11185006045949214
centerY: 0.004704875962360992
width: 0.024788391777509067
height: 0.03165098374679213
Area: 0.00025859491933390085
CentroidX: 0.1218
CentroidY: 0.0226
