Location: N_02-1.png_Mean-Medain.png
Component: component_1744889758241_268.png
centerX: 0.720677146311971
centerY: 0.5316509837467921
width: 0.02539298669891173
height: 0.033361847733105215
Area: 0.00025756053965656525
CentroidX: 0.7318
CentroidY: 0.5508
