Location: N_02-1.png_Mean-Medain.png
Component: component_1744889758069_53.png
centerX: 0.49818621523579204
centerY: 0.09837467921300257
width: 0.02357920193470375
height: 0.028229255774165955
Area: 0.00023195964264250907
CentroidX: 0.5079
CentroidY: 0.1140
