Location: N_02-1.png_Mean-Medain.png
Component: component_1744889758081_64.png
centerX: 0.1759371221281741
centerY: 0.1313088109495295
width: 0.018742442563482467
height: 0.02694610778443114
Area: 0.00018903288603308154
CentroidX: 0.1827
CentroidY: 0.1465
