Location: N_02-1.png_Mean-Medain.png
Component: component_1744889758033_25.png
centerX: 0.02418379685610641
centerY: 0.05431993156544055
width: 0.022974607013301087
height: 0.026090675791274595
Area: 0.0002045485811931156
CentroidX: 0.0340
CentroidY: 0.0693
