Location: N_02-1.png_Mean-Medain.png
Component: component_1744889758238_260.png
centerX: 0.08101571946795647
centerY: 0.4965782720273738
width: 0.020556227327690448
height: 0.02480752780153978
Area: 0.00019704932853243246
CentroidX: 0.0894
CentroidY: 0.5108
