Location: N_01-1.png_Mean-Closing.png
Component: component_1744889758628_105.png
centerX: 0.6505441354292624
centerY: 0.20316509837467922
width: 0.02539298669891173
height: 0.02480752780153978
Area: 0.00019498056917776124
CentroidX: 0.6613
CentroidY: 0.2169
