Location: N_02-1.png_Mean-Medain.png
Component: component_1744889758249_286.png
centerX: 0.032648125755743655
centerY: 0.5799828913601369
width: 0.020556227327690448
height: 0.02694610778443114
Area: 0.00020532436595111728
CentroidX: 0.0411
CentroidY: 0.5950
