Location: N_02-1.png_Mean-Medain.png
Component: component_1744889758146_91.png
centerX: 0.45828295042321643
centerY: 0.17835757057313945
width: 0.02176541717049577
height: 0.026518391787852865
Area: 0.0002141165932084699
CentroidX: 0.4668
CentroidY: 0.1931
