Location: N_02-1.png_Mean-Medain.png
Component: component_1744889758149_102.png
centerX: 0.02599758162031439
centerY: 0.20487596236099231
width: 0.01995163240628779
height: 0.02523524379811805
Area: 0.0002071345303864546
CentroidX: 0.0340
CentroidY: 0.2182
