Location: N_01-1.png_Mean-Closing.png
Component: component_1744889758667_246.png
centerX: 0.9401451027811366
centerY: 0.4940119760479042
width: 0.02176541717049577
height: 0.024379811804961505
Area: 0.0002094618846604597
CentroidX: 0.9494
CentroidY: 0.5075
