Location: N_01-1.png_Mean-Closing.png
Component: component_1744889758692_345.png
centerX: 0.34582829504232165
centerY: 0.713857998289136
width: 0.02176541717049577
height: 0.02694610778443114
Area: 0.00019317040474242395
CentroidX: 0.3555
CentroidY: 0.7290
