Location: N_02-1.png_Mean-Medain.png
Component: component_1744889758375_474.png
centerX: 0.15538089480048367
centerY: 0.9294268605645851
width: 0.022974607013301087
height: 0.02523524379811805
Area: 0.00020196263199977657
CentroidX: 0.1649
CentroidY: 0.9435
