Location: N_01-1.png_Mean-Closing.png
Component: component_1744889758643_157.png
centerX: 0.17896009673518742
centerY: 0.2938408896492729
width: 0.01995163240628779
height: 0.024379811804961505
Area: 0.00020351420151578
CentroidX: 0.1871
CentroidY: 0.3066
