Location: N_02-1.png_Mean-Medain.png
Component: component_1744889758257_291.png
centerX: 0.909310761789601
centerY: 0.5812660393498716
width: 0.022974607013301087
height: 0.029940119760479042
Area: 0.00023997608514186001
CentroidX: 0.9200
CentroidY: 0.5975
