Location: N_01-1.png_Mean-Closing.png
Component: component_1744889758654_191.png
centerX: 0.5060459492140266
centerY: 0.3746792130025663
width: 0.02176541717049577
height: 0.02737382378100941
Area: 0.0001838609876464035
CentroidX: 0.5158
CentroidY: 0.3898
