Location: N_01-1.png_Gaussian-Closing.png
Component: component_1744889757880_226.png
centerX: 0.6142684401451027
centerY: 0.44696321642429426
width: 0.022370012091898428
height: 0.028229255774165955
Area: 0.00020351420151578
CentroidX: 0.6250
CentroidY: 0.4615
