Location: N_02-1.png_Mean-Medain.png
Component: component_1744889758227_227.png
centerX: 0.7696493349455864
centerY: 0.44568006843455943
width: 0.02357920193470375
height: 0.02694610778443114
Area: 0.00019368759458109175
CentroidX: 0.7789
CentroidY: 0.4613
