Location: N_01-1.png_Mean-Closing.png
Component: component_1744889758726_455.png
centerX: 0.14510278113663846
centerY: 0.9059024807527801
width: 0.02418379685610641
height: 0.027801539777587682
Area: 0.0002115306440151309
CentroidX: 0.1564
CentroidY: 0.9209
