Location: N_02-1.png_Mean-Medain.png
Component: component_1744889758166_131.png
centerX: 0.5598548972188634
centerY: 0.24721984602224123
width: 0.022974607013301087
height: 0.026090675791274595
Area: 0.00020015246756443928
CentroidX: 0.5699
CentroidY: 0.2612
