Location: N_01-1.png_Mean-Closing.png
Component: component_1744889758710_401.png
centerX: 0.4498186215235792
centerY: 0.7994011976047904
width: 0.02357920193470375
height: 0.026518391787852865
Area: 0.0002084275049831241
CentroidX: 0.4596
CentroidY: 0.8141
