Location: N_01-1.png_Gaussian-Closing.png
Component: component_1744889757901_323.png
centerX: 0.094316807738815
centerY: 0.6715141146278871
width: 0.020556227327690448
height: 0.02737382378100941
Area: 0.0002135994033698021
CentroidX: 0.1028
CentroidY: 0.6867
