Location: N_01-1.png_Mean-Closing.png
Component: component_1744889758724_450.png
centerX: 0.094316807738815
centerY: 0.9033361847733106
width: 0.024788391777509067
height: 0.024379811804961505
Area: 0.0002045485811931156
CentroidX: 0.1053
CentroidY: 0.9168
