Location: N_02-1.png_Mean-Medain.png
Component: component_1744889758285_325.png
centerX: 0.5181378476420798
centerY: 0.6360136869118905
width: 0.018742442563482467
height: 0.027801539777587682
Area: 0.0002097204795797936
CentroidX: 0.5261
CentroidY: 0.6523
