Location: N_01-1.png_Mean-Closing.png
Component: component_1744889758658_211.png
centerX: 0.42503022974607013
centerY: 0.40975192472198463
width: 0.01995163240628779
height: 0.02566295979469632
Area: 0.0001843781774850713
CentroidX: 0.4336
CentroidY: 0.4238
