Location: N_02-1.png_Mean-Medain.png
Component: component_1744889758199_167.png
centerX: 0.21825876662636035
centerY: 0.3331907613344739
width: 0.02418379685610641
height: 0.026518391787852865
Area: 0.0002133408084504682
CentroidX: 0.2283
CentroidY: 0.3484
