Location: N_02-1.png_Mean-Medain.png
Component: component_1744889758365_446.png
centerX: 0.02539298669891173
centerY: 0.8900769888793841
width: 0.019347037484885126
height: 0.02566295979469632
Area: 0.00020299701167711217
CentroidX: 0.0320
CentroidY: 0.9041
