Location: N_01-1.png_Gaussian-Closing.png
Component: component_1744889757877_209.png
centerX: 0.469770253929867
centerY: 0.4093242087254063
width: 0.019347037484885126
height: 0.023952095808383235
Area: 0.00017144843151837628
CentroidX: 0.4776
CentroidY: 0.4223
