Location: N_01-1.png_Gaussian-Closing.png
Component: component_1744889757875_201.png
centerX: 0.9099153567110037
centerY: 0.39820359281437123
width: 0.018742442563482467
height: 0.028656971770744225
Area: 0.00020041106248377318
CentroidX: 0.9179
CentroidY: 0.4145
