Location: N_02-1.png_Mean-Medain.png
Component: component_1744889758240_264.png
centerX: 0.13724304715840388
centerY: 0.49786142001710865
width: 0.019347037484885126
height: 0.024379811804961505
Area: 0.00018567115208174083
CentroidX: 0.1453
CentroidY: 0.5116
