Location: N_02-1.png_Mean-Medain.png
Component: component_1744889758085_71.png
centerX: 0.4649334945586457
centerY: 0.1394354148845167
width: 0.018742442563482467
height: 0.026518391787852865
Area: 0.00019291180982309005
CentroidX: 0.4723
CentroidY: 0.1542
