Location: N_02-1.png_Mean-Medain.png
Component: component_1744889758068_51.png
centerX: 0.2642079806529625
centerY: 0.09880239520958084
width: 0.020556227327690448
height: 0.024379811804961505
Area: 0.00018256801304973401
CentroidX: 0.2731
CentroidY: 0.1122
