Location: N_01-1.png_Mean-Closing.png
Component: component_1744889758686_320.png
centerX: 0.9135429262394196
centerY: 0.6432848588537211
width: 0.022370012091898428
height: 0.028229255774165955
Area: 0.0002135994033698021
CentroidX: 0.9228
CentroidY: 0.6595
