Location: N_01-1.png_Mean-Closing.png
Component: component_1744889758676_281.png
centerX: 0.8101571946795647
centerY: 0.5556030795551754
width: 0.02357920193470375
height: 0.023096663815226688
Area: 0.00018618834192040863
CentroidX: 0.8203
CentroidY: 0.5688
