Location: N_02-1.png_Mean-Medain.png
Component: component_1744889758241_267.png
centerX: 0.9105199516324063
centerY: 0.5299401197604791
width: 0.02781136638452237
height: 0.0290846877673225
Area: 0.0002601464888499043
CentroidX: 0.9242
CentroidY: 0.5462
