Location: N_01-1.png_Mean-Closing.png
Component: component_1744889758618_75.png
centerX: 0.6045949214026602
centerY: 0.1317365269461078
width: 0.02539298669891173
height: 0.02523524379811805
Area: 0.00019989387264510538
CentroidX: 0.6156
CentroidY: 0.1454
