Location: N_02-1.png_Mean-Medain.png
Component: component_1744889758348_415.png
centerX: 0.12031438935912939
centerY: 0.8250641573994867
width: 0.02357920193470375
height: 0.02480752780153978
Area: 0.00019446337933909345
CentroidX: 0.1302
CentroidY: 0.8390
