Location: N_01-1.png_Gaussian-Median.png
Component: component_1744889758574_499.png
centerX: 0.3264812575574365
centerY: 0.9726261762189906
width: 0.020556227327690448
height: 0.02737382378100941
Area: 0.00019058445554908494
CentroidX: 0.3361
CentroidY: 0.9872
