Location: N_01-1.png_Mean-Closing.png
Component: component_1744889758607_39.png
centerX: 0.8893591293833132
centerY: 0.05389221556886228
width: 0.021160822249093107
height: 0.027801539777587682
Area: 0.0002133408084504682
CentroidX: 0.8989
CentroidY: 0.0694
