Location: N_02-1.png_Mean-Medain.png
Component: component_1744889758236_255.png
centerX: 0.3252720677146312
centerY: 0.49443969204448246
width: 0.022974607013301087
height: 0.023096663815226688
Area: 0.00018179222829173232
CentroidX: 0.3348
CentroidY: 0.5076
