Location: N_02-1.png_Mean-Medain.png
Component: component_1744889758375_476.png
centerX: 0.8875453446191052
centerY: 0.9294268605645851
width: 0.024788391777509067
height: 0.028229255774165955
Area: 0.00023583856643251758
CentroidX: 0.8976
CentroidY: 0.9447
