Location: N_01-1.png_Mean-Closing.png
Component: component_1744889758641_149.png
centerX: 0.6064087061668681
centerY: 0.28828058169375537
width: 0.02418379685610641
height: 0.024379811804961505
Area: 0.0002045485811931156
CentroidX: 0.6176
CentroidY: 0.3016
