Location: N_02-1.png_Mean-Medain.png
Component: component_1744889758025_17.png
centerX: 0.5012091898428053
centerY: 0.008982035928143712
width: 0.02539298669891173
height: 0.030795551753635585
Area: 0.0002394588953031922
CentroidX: 0.5112
CentroidY: 0.0263
