Location: N_01-1.png_Gaussian-Closing.png
Component: component_1744889757838_27.png
centerX: 0.2666263603385732
centerY: 0.05260906757912746
width: 0.024788391777509067
height: 0.028656971770744225
Area: 0.0002125650236924665
CentroidX: 0.2766
CentroidY: 0.0685
