Location: N_01-1.png_Gaussian-Median.png
Component: component_1744889758468_56.png
centerX: 0.6039903264812576
centerY: 0.09409751924721985
width: 0.020556227327690448
height: 0.026518391787852865
Area: 0.00018980867079108324
CentroidX: 0.6132
CentroidY: 0.1083
