Location: N_02-1.png_Mean-Medain.png
Component: component_1744889758337_387.png
centerX: 0.8845223700120919
centerY: 0.7805816937553465
width: 0.021160822249093107
height: 0.02694610778443114
Area: 0.00018929148095241544
CentroidX: 0.8943
CentroidY: 0.7952
