Location: N_01-1.png_Gaussian-Median.png
Component: component_1744889758554_406.png
centerX: 0.9099153567110037
centerY: 0.830196749358426
width: 0.021160822249093107
height: 0.02737382378100941
Area: 0.00019575635393576294
CentroidX: 0.9184
CentroidY: 0.8459
