Location: N_01-1.png_Mean-Closing.png
Component: component_1744889758600_9.png
centerX: 0.16686819830713423
centerY: 0.008126603934987169
width: 0.02418379685610641
height: 0.030795551753635585
Area: 0.00028471300618662486
CentroidX: 0.1764
CentroidY: 0.0252
