Location: N_02-1.png_Mean-Medain.png
Component: component_1744889758064_46.png
centerX: 0.21463119709794437
centerY: 0.09751924721984602
width: 0.02176541717049577
height: 0.026518391787852865
Area: 0.00017765470958238988
CentroidX: 0.2221
CentroidY: 0.1124
