Location: N_01-1.png_Gaussian-Closing.png
Component: component_1744889757845_56.png
centerX: 0.6039903264812576
centerY: 0.09409751924721985
width: 0.020556227327690448
height: 0.026090675791274595
Area: 0.00018618834192040863
CentroidX: 0.6131
CentroidY: 0.1082
