Location: N_01-1.png_Gaussian-Closing.png
Component: component_1744889757861_126.png
centerX: 0.8972188633615478
centerY: 0.24807527801539778
width: 0.01995163240628779
height: 0.02523524379811805
Area: 0.0001804992536950628
CentroidX: 0.9057
CentroidY: 0.2624
