Location: N_01-1.png_Mean-Closing.png
Component: component_1744889758725_454.png
centerX: 0.7781136638452237
centerY: 0.9046193327630453
width: 0.020556227327690448
height: 0.02352437981180496
Area: 0.00018955007587174934
CentroidX: 0.7875
CentroidY: 0.9177
