Location: N_01-1.png_Gaussian-Median.png
Component: component_1744889758536_324.png
centerX: 0.04534461910519952
centerY: 0.6715141146278871
width: 0.02357920193470375
height: 0.026090675791274595
Area: 0.000242562034335199
CentroidX: 0.0547
CentroidY: 0.6858
