Location: N_01-1.png_Mean-Closing.png
Component: component_1744889758654_194.png
centerX: 0.13905683192261184
centerY: 0.3776732249786142
width: 0.020556227327690448
height: 0.023952095808383235
Area: 0.0001836023927270696
CentroidX: 0.1477
CentroidY: 0.3909
