Location: N_01-1.png_Gaussian-Median.png
Component: component_1744889758573_496.png
centerX: 0.837968561064087
centerY: 0.9717707442258341
width: 0.026602176541717048
height: 0.02737382378100941
Area: 0.00020635874562845288
CentroidX: 0.8498
CentroidY: 0.9863
