Location: N_01-1.png_Mean-Closing.png
Component: component_1744889758732_478.png
centerX: 0.14389359129383314
centerY: 0.9405474764756202
width: 0.022370012091898428
height: 0.027801539777587682
Area: 0.0002446307936898702
CentroidX: 0.1527
CentroidY: 0.9563
