Location: N_02-1.png_Mean-Medain.png
Component: component_1744889758214_209.png
centerX: 0.8065296251511487
centerY: 0.41060735671514115
width: 0.022370012091898428
height: 0.023952095808383235
Area: 0.00018515396224307303
CentroidX: 0.8161
CentroidY: 0.4241
