Location: N_01-1.png_Gaussian-Closing.png
Component: component_1744889757916_392.png
centerX: 0.5761789600967352
centerY: 0.7964071856287425
width: 0.02539298669891173
height: 0.026518391787852865
Area: 0.00019808370820976806
CentroidX: 0.5861
CentroidY: 0.8117
