Location: N_01-1.png_Gaussian-Closing.png
Component: component_1744889757837_21.png
centerX: 0.026602176541717048
centerY: 0.0504704875962361
width: 0.02720677146311971
height: 0.030367835757057315
Area: 0.00029479820804064697
CentroidX: 0.0374
CentroidY: 0.0672
