Location: N_01-1.png_Gaussian-Median.png
Component: component_1744889758556_417.png
centerX: 0.051390568319226115
centerY: 0.8357570573139436
width: 0.02357920193470375
height: 0.02566295979469632
Area: 0.00022652914933649716
CentroidX: 0.0618
CentroidY: 0.8496
