Location: N_02-1.png_Mean-Medain.png
Component: component_1744889758088_76.png
centerX: 0.6493349455864571
centerY: 0.1424294268605646
width: 0.022370012091898428
height: 0.0290846877673225
Area: 0.00021127204909579701
CentroidX: 0.6589
CentroidY: 0.1586
