Location: N_02-1.png_Mean-Medain.png
Component: component_1744889758211_206.png
centerX: 0.6136638452237001
centerY: 0.4101796407185629
width: 0.022974607013301087
height: 0.02523524379811805
Area: 0.00019420478441975955
CentroidX: 0.6232
CentroidY: 0.4246
