Location: N_01-1.png_Gaussian-Median.png
Component: component_1744889758495_140.png
centerX: 0.3059250302297461
centerY: 0.2540633019674936
width: 0.019347037484885126
height: 0.02523524379811805
Area: 0.0001848953673237391
CentroidX: 0.3146
CentroidY: 0.2671
