Location: N_02-1.png_Mean-Medain.png
Component: component_1744889758147_92.png
centerX: 0.5024183796856106
centerY: 0.17835757057313945
width: 0.02539298669891173
height: 0.026518391787852865
Area: 0.00021825411191781234
CentroidX: 0.5132
CentroidY: 0.1931
