Location: N_02-1.png_Mean-Medain.png
Component: component_1744889758300_367.png
centerX: 0.07073760580411124
centerY: 0.7386655260906758
width: 0.02599758162031439
height: 0.027801539777587682
Area: 0.00022239163062715475
CentroidX: 0.0824
CentroidY: 0.7542
