Location: N_02-1.png_Mean-Medain.png
Component: component_1744889758291_338.png
centerX: 0.7569528415961306
centerY: 0.6723695466210436
width: 0.02599758162031439
height: 0.03165098374679213
Area: 0.00025523318538256016
CentroidX: 0.7678
CentroidY: 0.6901
