Location: N_01-1.png_Gaussian-Median.png
Component: component_1744889758513_225.png
centerX: 0.8077388149939541
centerY: 0.4448246364414029
width: 0.020556227327690448
height: 0.027801539777587682
Area: 0.00019498056917776124
CentroidX: 0.8160
CentroidY: 0.4599
