Location: N_01-1.png_Gaussian-Closing.png
Component: component_1744889757846_59.png
centerX: 0.8905683192261185
centerY: 0.09452523524379812
width: 0.02418379685610641
height: 0.02523524379811805
Area: 0.00018618834192040863
CentroidX: 0.9010
CentroidY: 0.1084
