Location: N_01-1.png_Mean-Closing.png
Component: component_1744889758633_125.png
centerX: 0.74546553808948
centerY: 0.24807527801539778
width: 0.01995163240628779
height: 0.02523524379811805
Area: 0.00018256801304973401
CentroidX: 0.7536
CentroidY: 0.2623
