Location: N_01-1.png_Gaussian-Median.png
Component: component_1744889758544_363.png
centerX: 0.7327690447400241
centerY: 0.716852010265184
width: 0.020556227327690448
height: 0.024379811804961505
Area: 0.00018696412667841032
CentroidX: 0.7417
CentroidY: 0.7303
