Location: N_02-1.png_Mean-Medain.png
Component: component_1744889758202_178.png
centerX: 0.4189842805320435
centerY: 0.3366124893071001
width: 0.019347037484885126
height: 0.024379811804961505
Area: 0.0001794648740177272
CentroidX: 0.4266
CentroidY: 0.3508
