Location: N_01-1.png_Gaussian-Closing.png
Component: component_1744889757902_326.png
centerX: 0.33675937122128174
centerY: 0.6740804106073567
width: 0.019347037484885126
height: 0.02737382378100941
Area: 0.00018644693683974253
CentroidX: 0.3443
CentroidY: 0.6896
