Location: N_01-1.png_Gaussian-Closing.png
Component: component_1744889757836_18.png
centerX: 0.5967351874244257
centerY: 0.009409751924721984
width: 0.02902055622732769
height: 0.03122326775021386
Area: 0.0002694559059459247
CentroidX: 0.6084
CentroidY: 0.0265
