Location: N_02-1.png_Mean-Medain.png
Component: component_1744889758166_134.png
centerX: 0.6112454655380894
centerY: 0.24978614200171087
width: 0.024788391777509067
height: 0.02566295979469632
Area: 0.00022109865603048523
CentroidX: 0.6219
CentroidY: 0.2643
