Location: N_01-1.png_Gaussian-Closing.png
Component: component_1744889757854_106.png
centerX: 0.7496977025392987
centerY: 0.20316509837467922
width: 0.02176541717049577
height: 0.023096663815226688
Area: 0.0001781718994210577
CentroidX: 0.7596
CentroidY: 0.2160
