Location: N_02-1.png_Mean-Medain.png
Component: component_1744889758237_257.png
centerX: 0.42563482466747277
centerY: 0.49529512403763903
width: 0.021160822249093107
height: 0.022668947818648418
Area: 0.0001841195825657374
CentroidX: 0.4351
CentroidY: 0.5080
