Location: N_01-1.png_Gaussian-Median.png
Component: component_1744889758497_150.png
centerX: 0.5133010882708585
centerY: 0.2904191616766467
width: 0.022974607013301087
height: 0.023952095808383235
Area: 0.00019110164538775273
CentroidX: 0.5231
CentroidY: 0.3037
