Location: N_01-1.png_Gaussian-Median.png
Component: component_1744889758473_57.png
centerX: 0.7001209189842805
centerY: 0.09409751924721985
width: 0.022974607013301087
height: 0.02737382378100941
Area: 0.00019601494885509687
CentroidX: 0.7100
CentroidY: 0.1091
