Location: N_02-1.png_Mean-Medain.png
Component: component_1744889758367_451.png
centerX: 0.06711003627569528
centerY: 0.893071000855432
width: 0.020556227327690448
height: 0.021813515825491875
Area: 0.00016446636869636095
CentroidX: 0.0757
CentroidY: 0.9053
