Location: N_01-1.png_Gaussian-Median.png
Component: component_1744889758528_290.png
centerX: 0.4268440145102781
centerY: 0.5915312232677502
width: 0.018137847642079808
height: 0.02694610778443114
Area: 0.00019032586062975104
CentroidX: 0.4336
CentroidY: 0.6070
