Location: N_01-1.png_Mean-Closing.png
Component: component_1744889758646_171.png
centerX: 0.41233373639661425
centerY: 0.3323353293413174
width: 0.024788391777509067
height: 0.02480752780153978
Area: 0.00020066965740310708
CentroidX: 0.4236
CentroidY: 0.3460
