Location: N_01-1.png_Mean-Closing.png
Component: component_1744889758675_275.png
centerX: 0.8941958887545345
centerY: 0.5500427715996579
width: 0.01995163240628779
height: 0.026518391787852865
Area: 0.00018567115208174083
CentroidX: 0.9026
CentroidY: 0.5651
