Location: N_01-1.png_Gaussian-Closing.png
Component: component_1744889757835_12.png
centerX: 0.2593712212817412
centerY: 0.00855431993156544
width: 0.02539298669891173
height: 0.032506415739948676
Area: 0.0003007458911853267
CentroidX: 0.2695
CentroidY: 0.0261
