Location: N_02-1.png_Mean-Medain.png
Component: component_1744889758295_349.png
centerX: 0.17412333736396615
centerY: 0.7031650983746792
width: 0.020556227327690448
height: 0.026090675791274595
Area: 0.00022446038998182594
CentroidX: 0.1817
CentroidY: 0.7182
