Location: N_01-1.png_Gaussian-Closing.png
Component: component_1744889757864_144.png
centerX: 0.7998790810157195
centerY: 0.286142001710864
width: 0.020556227327690448
height: 0.02523524379811805
Area: 0.00019213602506508833
CentroidX: 0.8089
CentroidY: 0.3000
