Location: N_01-1.png_Mean-Closing.png
Component: component_1744889758605_32.png
centerX: 0.21523579201934703
centerY: 0.053464499572284004
width: 0.024788391777509067
height: 0.027801539777587682
Area: 0.00021902989667581404
CentroidX: 0.2259
CentroidY: 0.0691
