Location: N_01-1.png_Mean-Closing.png
Component: component_1744889758707_387.png
centerX: 0.7212817412333736
centerY: 0.7959794696321643
width: 0.021160822249093107
height: 0.026518391787852865
Area: 0.00019420478441975955
CentroidX: 0.7296
CentroidY: 0.8110
