Location: N_02-1.png_Mean-Medain.png
Component: component_1744889758168_136.png
centerX: 0.6614268440145102
centerY: 0.25192472198460225
width: 0.022974607013301087
height: 0.02523524379811805
Area: 0.00019627354377443077
CentroidX: 0.6716
CentroidY: 0.2664
