Location: N_02-1.png_Mean-Medain.png
Component: component_1744889758237_256.png
centerX: 0.528415961305925
centerY: 0.4948674080410607
width: 0.020556227327690448
height: 0.023096663815226688
Area: 0.00017636173498572038
CentroidX: 0.5373
CentroidY: 0.5072
