Location: N_01-1.png_Gaussian-Median.png
Component: component_1744889758498_151.png
centerX: 0.4159613059250302
centerY: 0.2917023096663815
width: 0.021160822249093107
height: 0.026090675791274595
Area: 0.0002071345303864546
CentroidX: 0.4252
CentroidY: 0.3063
