Location: N_01-1.png_Mean-Closing.png
Component: component_1744889758707_388.png
centerX: 0.8216444981862152
centerY: 0.795551753635586
width: 0.021160822249093107
height: 0.022668947818648418
Area: 0.00017222421627637797
CentroidX: 0.8312
CentroidY: 0.8077
