Location: N_02-1.png_Mean-Medain.png
Component: component_1744889758356_437.png
centerX: 0.40386940749697703
centerY: 0.8627031650983746
width: 0.01995163240628779
height: 0.02523524379811805
Area: 0.00018696412667841032
CentroidX: 0.4122
CentroidY: 0.8766
