Location: N_02-1.png_Mean-Medain.png
Component: component_1744889758245_278.png
centerX: 0.5719467956469165
centerY: 0.5384944396920445
width: 0.02418379685610641
height: 0.028656971770744225
Area: 0.0002379073257871888
CentroidX: 0.5821
CentroidY: 0.5547
