Location: N_01-1.png_Gaussian-Median.png
Component: component_1744889758563_443.png
centerX: 0.5556227327690447
centerY: 0.8725406330196749
width: 0.021160822249093107
height: 0.023096663815226688
Area: 0.0001742929756310492
CentroidX: 0.5648
CentroidY: 0.8853
