Location: N_02-1.png_Mean-Medain.png
Component: component_1744889758370_463.png
centerX: 0.6130592503022975
centerY: 0.8969204448246364
width: 0.022370012091898428
height: 0.0213857998289136
Area: 0.0001841195825657374
CentroidX: 0.6230
CentroidY: 0.9089
