Location: N_01-1.png_Gaussian-Closing.png
Component: component_1744889757870_175.png
centerX: 0.037484885126964934
centerY: 0.33447390932420873
width: 0.022370012091898428
height: 0.02737382378100941
Area: 0.00023480418675518198
CentroidX: 0.0464
CentroidY: 0.3501
