Location: N_01-1.png_Gaussian-Closing.png
Component: component_1744889757855_109.png
centerX: 0.5519951632406288
centerY: 0.20573139435414883
width: 0.020556227327690448
height: 0.023952095808383235
Area: 0.00017300000103437967
CentroidX: 0.5616
CentroidY: 0.2190
