Location: N_01-1.png_Mean-Closing.png
Component: component_1744889758610_53.png
centerX: 0.4111245465538089
centerY: 0.09366980325064157
width: 0.022370012091898428
height: 0.02694610778443114
Area: 0.00019342899966175785
CentroidX: 0.4208
CentroidY: 0.1083
