Location: N_01-1.png_Mean-Closing.png
Component: component_1744889758675_278.png
centerX: 0.8506650544135429
centerY: 0.5521813515825492
width: 0.02176541717049577
height: 0.02566295979469632
Area: 0.00019834230312910196
CentroidX: 0.8601
CentroidY: 0.5667
