Location: N_01-1.png_Mean-Closing.png
Component: component_1744889758627_104.png
centerX: 0.8911729141475212
centerY: 0.20230966638152267
width: 0.017533252720677146
height: 0.026090675791274595
Area: 0.00018670553175907642
CentroidX: 0.8982
CentroidY: 0.2168
