Location: N_02-1.png_Mean-Medain.png
Component: component_1744889758203_180.png
centerX: 0.562273276904474
centerY: 0.33746792130025666
width: 0.01995163240628779
height: 0.02523524379811805
Area: 0.0001848953673237391
CentroidX: 0.5701
CentroidY: 0.3518
