Location: N_02-1.png_Mean-Medain.png
Component: component_1744889758289_330.png
centerX: 0.22128174123337363
centerY: 0.6672369546621043
width: 0.018742442563482467
height: 0.026090675791274595
Area: 0.00019161883522642053
CentroidX: 0.2284
CentroidY: 0.6821
