Location: N_01-1.png_Gaussian-Closing.png
Component: component_1744889757870_178.png
centerX: 0.27327690447400244
centerY: 0.334901625320787
width: 0.017533252720677146
height: 0.02566295979469632
Area: 0.00020066965740310708
CentroidX: 0.2809
CentroidY: 0.3488
