Location: N_02-1.png_Mean-Medain.png
Component: component_1744889758331_377.png
centerX: 0.7496977025392987
centerY: 0.7489307100085543
width: 0.02418379685610641
height: 0.02737382378100941
Area: 0.00020610015070911898
CentroidX: 0.7597
CentroidY: 0.7644
