Location: N_01-1.png_Gaussian-Median.png
Component: component_1744889758539_339.png
centerX: 0.7756952841596131
centerY: 0.6800684345594525
width: 0.02176541717049577
height: 0.02480752780153978
Area: 0.00019084305046841883
CentroidX: 0.7857
CentroidY: 0.6941
