Location: N_01-1.png_Mean-Closing.png
Component: component_1744889758663_231.png
centerX: 0.47158403869407495
centerY: 0.4508126603934987
width: 0.022974607013301087
height: 0.026518391787852865
Area: 0.00019394618950042565
CentroidX: 0.4821
CentroidY: 0.4655
