Location: N_01-1.png_Gaussian-Closing.png
Component: component_1744889757852_93.png
centerX: 0.12333736396614269
centerY: 0.17023096663815226
width: 0.02539298669891173
height: 0.024379811804961505
Area: 0.00019265321490375615
CentroidX: 0.1351
CentroidY: 0.1829
