Location: N_02-1.png_Mean-Medain.png
Component: component_1744889758330_375.png
centerX: 0.30713422007255137
centerY: 0.7489307100085543
width: 0.02418379685610641
height: 0.030795551753635585
Area: 0.00024747533780254314
CentroidX: 0.3171
CentroidY: 0.7661
