Location: N_01-1.png_Gaussian-Closing.png
Component: component_1744889757875_199.png
centerX: 0.36275695284159615
centerY: 0.37852865697177074
width: 0.022370012091898428
height: 0.023952095808383235
Area: 0.00019808370820976806
CentroidX: 0.3723
CentroidY: 0.3915
