Location: N_01-1.png_Mean-Closing.png
Component: component_1744889758619_76.png
centerX: 0.747279322853688
centerY: 0.1317365269461078
width: 0.01995163240628779
height: 0.02352437981180496
Area: 0.00015981166014835074
CentroidX: 0.7557
CentroidY: 0.1441
