Location: N_02-1.png_Mean-Medain.png
Component: component_1744889758357_441.png
centerX: 0.5556227327690447
centerY: 0.8639863130881095
width: 0.022370012091898428
height: 0.02352437981180496
Area: 0.00018748131651707812
CentroidX: 0.5660
CentroidY: 0.8767
