Location: N_01-1.png_Gaussian-Median.png
Component: component_1744889758481_82.png
centerX: 0.8337363966142685
centerY: 0.16638152266894782
width: 0.01995163240628779
height: 0.026518391787852865
Area: 0.00019653213869376467
CentroidX: 0.8424
CentroidY: 0.1807
