Location: N_01-1.png_Mean-Closing.png
Component: component_1744889758631_117.png
centerX: 0.08827085852478839
centerY: 0.20958083832335328
width: 0.018137847642079808
height: 0.030795551753635585
Area: 0.00021980568143381573
CentroidX: 0.0960
CentroidY: 0.2255
