Location: N_01-1.png_Gaussian-Closing.png
Component: component_1744889757927_438.png
centerX: 0.3186215235792019
centerY: 0.8725406330196749
width: 0.020556227327690448
height: 0.02737382378100941
Area: 0.00020170403708044267
CentroidX: 0.3274
CentroidY: 0.8882
