Location: N_02-1.png_Mean-Medain.png
Component: component_1744889758200_173.png
centerX: 0.8010882708585247
centerY: 0.33447390932420873
width: 0.02418379685610641
height: 0.028229255774165955
Area: 0.00022239163062715475
CentroidX: 0.8114
CentroidY: 0.3505
