Location: N_01-1.png_Gaussian-Median.png
Component: component_1744889758548_382.png
centerX: 0.8688029020556227
centerY: 0.7596236099230111
width: 0.02176541717049577
height: 0.028229255774165955
Area: 0.00021644394748247502
CentroidX: 0.8790
CentroidY: 0.7749
