Location: N_01-1.png_Gaussian-Median.png
Component: component_1744889758518_244.png
centerX: 0.7146311970979444
centerY: 0.49272882805816937
width: 0.022370012091898428
height: 0.026090675791274595
Area: 0.00019782511329043416
CentroidX: 0.7242
CentroidY: 0.5076
