Location: N_01-1.png_Mean-Closing.png
Component: component_1744889758644_161.png
centerX: 0.941354292623942
centerY: 0.3263473053892216
width: 0.022370012091898428
height: 0.024379811804961505
Area: 0.0002097204795797936
CentroidX: 0.9503
CentroidY: 0.3399
