Location: N_01-1.png_Gaussian-Median.png
Component: component_1744889758524_268.png
centerX: 0.5665054413542926
centerY: 0.5457656116338752
width: 0.022974607013301087
height: 0.0290846877673225
Area: 0.0002089446948217919
CentroidX: 0.5764
CentroidY: 0.5618
