Location: N_02-1.png_Mean-Medain.png
Component: component_1744889758195_155.png
centerX: 0.7103990326481258
centerY: 0.2951240376390077
width: 0.026602176541717048
height: 0.029940119760479042
Area: 0.0002332526172391786
CentroidX: 0.7205
CentroidY: 0.3125
