Location: N_01-1.png_Mean-Closing.png
Component: component_1744889758656_201.png
centerX: 0.9099153567110037
centerY: 0.39820359281437123
width: 0.018742442563482467
height: 0.028656971770744225
Area: 0.00020247982183844437
CentroidX: 0.9179
CentroidY: 0.4144
