Location: N_01-1.png_Gaussian-Closing.png
Component: component_1744889757929_452.png
centerX: 0.051390568319226115
centerY: 0.9046193327630453
width: 0.020556227327690448
height: 0.0213857998289136
Area: 0.00018955007587174934
CentroidX: 0.0596
CentroidY: 0.9162
