Location: N_02-1.png_Mean-Medain.png
Component: component_1744889758352_429.png
centerX: 0.8095525997581621
centerY: 0.8545765611633875
width: 0.024788391777509067
height: 0.028656971770744225
Area: 0.00021696113732114282
CentroidX: 0.8205
CentroidY: 0.8704
