Location: N_02-1.png_Mean-Medain.png
Component: component_1744889758066_49.png
centerX: 0.8270858524788391
centerY: 0.0979469632164243
width: 0.022974607013301087
height: 0.030367835757057315
Area: 0.00023118385788450737
CentroidX: 0.8359
CentroidY: 0.1143
