Location: N_01-1.png_Gaussian-Median.png
Component: component_1744889758547_377.png
centerX: 0.44740024183796856
centerY: 0.7587681779298546
width: 0.02357920193470375
height: 0.026518391787852865
Area: 0.0002099790744991275
CentroidX: 0.4573
CentroidY: 0.7738
