Location: N_02-1.png_Mean-Medain.png
Component: component_1744889758194_151.png
centerX: 0.31680773881499397
centerY: 0.2951240376390077
width: 0.022370012091898428
height: 0.027801539777587682
Area: 0.00018825710127507982
CentroidX: 0.3256
CentroidY: 0.3110
