Location: N_01-1.png_Gaussian-Median.png
Component: component_1744889758522_259.png
centerX: 0.46372430471584036
centerY: 0.49871685201026517
width: 0.02176541717049577
height: 0.02523524379811805
Area: 0.00018773991143641202
CentroidX: 0.4740
CentroidY: 0.5119
