Location: N_02-1.png_Mean-Medain.png
Component: component_1744889758230_234.png
centerX: 0.08524788391777509
centerY: 0.45466210436270316
width: 0.022370012091898428
height: 0.02737382378100941
Area: 0.0002141165932084699
CentroidX: 0.0939
CentroidY: 0.4701
