Location: N_01-1.png_Gaussian-Closing.png
Component: component_1744889757884_250.png
centerX: 0.6136638452237001
centerY: 0.4957228400342173
width: 0.02357920193470375
height: 0.026090675791274595
Area: 0.00019058445554908494
CentroidX: 0.6245
CentroidY: 0.5098
