Location: N_02-1.png_Mean-Medain.png
Component: component_1744889758357_442.png
centerX: 0.2067714631197098
centerY: 0.864841745081266
width: 0.02418379685610641
height: 0.023096663815226688
Area: 0.00019834230312910196
CentroidX: 0.2168
CentroidY: 0.8779
