Location: easy21_Mean-Medain.png
Component: component_1744297380909_705.png
centerX: 0.3556451612903226
centerY: 0.5636973180076629
width: 0.016129032258064516
height: 0.014846743295019157
Area: 9.424051415152639e-05
CentroidX: 0.3620
CentroidY: 0.5715
