Location: N_02-1.png_Mean-Medain.png
Component: component_1744889758140_85.png
centerX: 0.12454655380894801
centerY: 0.169803250641574
width: 0.01995163240628779
height: 0.02480752780153978
Area: 0.00019808370820976806
CentroidX: 0.1323
CentroidY: 0.1835
