Location: N_02-1.png_Mean-Medain.png
Component: component_1744889758255_289.png
centerX: 0.8089480048367593
centerY: 0.5812660393498716
width: 0.02418379685610641
height: 0.028656971770744225
Area: 0.0002141165932084699
CentroidX: 0.8201
CentroidY: 0.5978
