Location: N_02-1.png_Mean-Medain.png
Component: component_1744889758344_403.png
centerX: 0.5580411124546554
centerY: 0.7895637296834902
width: 0.022974607013301087
height: 0.026090675791274595
Area: 0.0002042899862737817
CentroidX: 0.5672
CentroidY: 0.8042
