Location: N_02-1.png_Mean-Medain.png
Component: component_1744889758151_108.png
centerX: 0.3645707376058041
centerY: 0.20786997433704021
width: 0.01995163240628779
height: 0.02480752780153978
Area: 0.00018955007587174934
CentroidX: 0.3733
CentroidY: 0.2213
