Location: N_01-1.png_Gaussian-Closing.png
Component: component_1744889757852_98.png
centerX: 0.601571946795647
centerY: 0.17065868263473055
width: 0.022974607013301087
height: 0.02352437981180496
Area: 0.00019808370820976806
CentroidX: 0.6119
CentroidY: 0.1834
