Location: N_01-1.png_Gaussian-Median.png
Component: component_1744889758464_40.png
centerX: 0.1717049576783555
centerY: 0.05517536355859709
width: 0.022370012091898428
height: 0.02566295979469632
Area: 0.00021644394748247502
CentroidX: 0.1808
CentroidY: 0.0696
