Location: N_01-1.png_Mean-Closing.png
Component: component_1744889758640_145.png
centerX: 0.5610640870616687
centerY: 0.28699743370402053
width: 0.02539298669891173
height: 0.02523524379811805
Area: 0.0002135994033698021
CentroidX: 0.5723
CentroidY: 0.3009
