Location: N_01-1.png_Gaussian-Median.png
Component: component_1744889758492_129.png
centerX: 0.7908101571946796
centerY: 0.24893071000855432
width: 0.01995163240628779
height: 0.022241231822070145
Area: 0.00015929447030968292
CentroidX: 0.7998
CentroidY: 0.2611
