Location: N_02-1.png_Mean-Medain.png
Component: component_1744889758351_426.png
centerX: 0.8929866989117291
centerY: 0.8515825491873396
width: 0.02357920193470375
height: 0.02523524379811805
Area: 0.0002040313913544478
CentroidX: 0.9035
CentroidY: 0.8656
