Location: N_01-1.png_Mean-Closing.png
Component: component_1744889758627_102.png
centerX: 0.8391777509068924
centerY: 0.20145423438836613
width: 0.020556227327690448
height: 0.02694610778443114
Area: 0.00019704932853243246
CentroidX: 0.8482
CentroidY: 0.2158
