Location: N_01-1.png_Mean-Closing.png
Component: component_1744889758675_276.png
centerX: 0.5223700120918985
centerY: 0.5508982035928144
width: 0.022974607013301087
height: 0.02694610778443114
Area: 0.00019420478441975955
CentroidX: 0.5323
CentroidY: 0.5658
