Location: N_02-1.png_Mean-Medain.png
Component: component_1744889758204_185.png
centerX: 0.08403869407496976
centerY: 0.3721129170230967
width: 0.020556227327690448
height: 0.02566295979469632
Area: 0.0002102376694184614
CentroidX: 0.0915
CentroidY: 0.3872
