Location: N_01-1.png_Gaussian-Closing.png
Component: component_1744889757928_443.png
centerX: 0.8730350665054414
centerY: 0.8994867408041061
width: 0.02357920193470375
height: 0.026518391787852865
Area: 0.00020196263199977657
CentroidX: 0.8838
CentroidY: 0.9147
