Location: N_02-1.png_Mean-Medain.png
Component: component_1744889758357_439.png
centerX: 0.5030229746070133
centerY: 0.8622754491017964
width: 0.02418379685610641
height: 0.026518391787852865
Area: 0.00019756651837110026
CentroidX: 0.5128
CentroidY: 0.8776
