Location: N_01-1.png_Gaussian-Median.png
Component: component_1744889758488_109.png
centerX: 0.5519951632406288
centerY: 0.20573139435414883
width: 0.020556227327690448
height: 0.023952095808383235
Area: 0.0001742929756310492
CentroidX: 0.5615
CentroidY: 0.2190
