Location: N_01-1.png_Gaussian-Median.png
Component: component_1744889758521_257.png
centerX: 0.4274486094316808
centerY: 0.49700598802395207
width: 0.019347037484885126
height: 0.024379811804961505
Area: 0.00018748131651707812
CentroidX: 0.4357
CentroidY: 0.5106
