Location: N_01-1.png_Gaussian-Closing.png
Component: component_1744889757845_57.png
centerX: 0.7001209189842805
centerY: 0.09409751924721985
width: 0.022974607013301087
height: 0.02694610778443114
Area: 0.00019549775901642904
CentroidX: 0.7101
CentroidY: 0.1091
