Location: N_01-1.png_Gaussian-Closing.png
Component: component_1744889757911_373.png
centerX: 0.40326481257557434
centerY: 0.7587681779298546
width: 0.022974607013301087
height: 0.024379811804961505
Area: 0.00019136024030708663
CentroidX: 0.4127
CentroidY: 0.7725
