Location: N_01-1.png_Gaussian-Median.png
Component: component_1744889758571_487.png
centerX: 0.20556227327690446
centerY: 0.9452523524379812
width: 0.018137847642079808
height: 0.024379811804961505
Area: 0.00018773991143641202
CentroidX: 0.2126
CentroidY: 0.9590
