Location: N_02-1.png_Mean-Medain.png
Component: component_1744889758232_241.png
centerX: 0.23155985489721886
centerY: 0.45637296834901625
width: 0.02176541717049577
height: 0.02951240376390077
Area: 0.00021902989667581404
CentroidX: 0.2394
CentroidY: 0.4730
