Location: N_01-1.png_Gaussian-Median.png
Component: component_1744889758523_264.png
centerX: 0.04353083434099154
centerY: 0.5384944396920445
width: 0.020556227327690448
height: 0.026518391787852865
Area: 0.0002084275049831241
CentroidX: 0.0514
CentroidY: 0.5532
