Location: N_02-1.png_Mean-Medain.png
Component: component_1744889758214_208.png
centerX: 0.7055622732769045
centerY: 0.41060735671514115
width: 0.02720677146311971
height: 0.022668947818648418
Area: 0.00019032586062975104
CentroidX: 0.7176
CentroidY: 0.4237
