Location: N_02-1.png_Mean-Medain.png
Component: component_1744889758037_30.png
centerX: 0.1596130592503023
centerY: 0.05517536355859709
width: 0.02418379685610641
height: 0.026090675791274595
Area: 0.0002076517202251224
CentroidX: 0.1695
CentroidY: 0.0698
