Location: N_01-1.png_Gaussian-Median.png
Component: component_1744889758538_334.png
centerX: 0.5314389359129383
centerY: 0.6770744225834047
width: 0.021160822249093107
height: 0.02694610778443114
Area: 0.0001848953673237391
CentroidX: 0.5404
CentroidY: 0.6919
