Location: N_01-1.png_Gaussian-Closing.png
Component: component_1744889757850_82.png
centerX: 0.937726723095526
centerY: 0.16638152266894782
width: 0.019347037484885126
height: 0.028229255774165955
Area: 0.00022032287127248353
CentroidX: 0.9460
CentroidY: 0.1809
