Location: N_01-1.png_Gaussian-Closing.png
Component: component_1744889757869_170.png
centerX: 0.2279322853688029
centerY: 0.3323353293413174
width: 0.019347037484885126
height: 0.02737382378100941
Area: 0.0002130822135311343
CentroidX: 0.2358
CentroidY: 0.3475
