Location: N_01-1.png_Gaussian-Closing.png
Component: component_1744889757946_484.png
centerX: 0.5634824667472793
centerY: 0.9704875962360993
width: 0.020556227327690448
height: 0.02480752780153978
Area: 0.0002037727964351139
CentroidX: 0.5713
CentroidY: 0.9842
