Location: N_01-1.png_Gaussian-Median.png
Component: component_1744889758487_107.png
centerX: 0.7043530834340992
centerY: 0.20402053036783577
width: 0.022974607013301087
height: 0.026518391787852865
Area: 0.00019860089804843586
CentroidX: 0.7144
CentroidY: 0.2187
