Location: N_01-1.png_Mean-Closing.png
Component: component_1744889758730_473.png
centerX: 0.782950423216445
centerY: 0.9384088964927289
width: 0.020556227327690448
height: 0.022668947818648418
Area: 0.00017765470958238988
CentroidX: 0.7920
CentroidY: 0.9509
