Location: N_01-1.png_Mean-Closing.png
Component: component_1744889758633_124.png
centerX: 0.5120918984280532
centerY: 0.24850299401197604
width: 0.01995163240628779
height: 0.022668947818648418
Area: 0.00016317339409969146
CentroidX: 0.5198
CentroidY: 0.2609
