Location: N_01-1.png_Mean-Closing.png
Component: component_1744889758731_475.png
centerX: 0.2666263603385732
centerY: 0.9396920444824637
width: 0.02176541717049577
height: 0.023952095808383235
Area: 0.00019084305046841883
CentroidX: 0.2759
CentroidY: 0.9532
