Location: N_02-1.png_Mean-Medain.png
Component: component_1744889758005_9.png
centerX: 0.7823458282950423
centerY: 0.00641573994867408
width: 0.022974607013301087
height: 0.02951240376390077
Area: 0.00022316741538515645
CentroidX: 0.7912
CentroidY: 0.0233
