Location: N_02-1.png_Mean-Medain.png
Component: component_1744889758242_271.png
centerX: 0.6747279322853688
centerY: 0.5350727117194183
width: 0.02418379685610641
height: 0.029940119760479042
Area: 0.0002508370717538838
CentroidX: 0.6854
CentroidY: 0.5516
