Location: N_02-1.png_Mean-Medain.png
Component: component_1744889758288_329.png
centerX: 0.17291414752116083
centerY: 0.665098374679213
width: 0.021160822249093107
height: 0.02737382378100941
Area: 0.00021877130175648014
CentroidX: 0.1814
CentroidY: 0.6802
