Location: N_01-1.png_Gaussian-Closing.png
Component: component_1744889757902_329.png
centerX: 0.2370012091898428
centerY: 0.676218990590248
width: 0.02357920193470375
height: 0.02566295979469632
Area: 0.00020066965740310708
CentroidX: 0.2480
CentroidY: 0.6901
