Location: N_01-1.png_Gaussian-Median.png
Component: component_1744889758474_60.png
centerX: 0.5556227327690447
centerY: 0.09538066723695467
width: 0.02176541717049577
height: 0.027801539777587682
Area: 0.0002079103151444563
CentroidX: 0.5655
CentroidY: 0.1102
