Location: N_01-1.png_Mean-Closing.png
Component: component_1744889758691_341.png
centerX: 0.907496977025393
centerY: 0.6826347305389222
width: 0.017533252720677146
height: 0.023096663815226688
Area: 0.00017610314006638649
CentroidX: 0.9147
CentroidY: 0.6956
