Location: N_01-1.png_Gaussian-Median.png
Component: component_1744889758428_5.png
centerX: 0.024788391777509067
centerY: 0.00641573994867408
width: 0.026602176541717048
height: 0.028656971770744225
Area: 0.0002389417054645244
CentroidX: 0.0360
CentroidY: 0.0231
