Location: N_01-1.png_Mean-Closing.png
Component: component_1744889758659_217.png
centerX: 0.1354292623941959
centerY: 0.4144568006843456
width: 0.022370012091898428
height: 0.026090675791274595
Area: 0.0002073931253057885
CentroidX: 0.1449
CentroidY: 0.4288
