Location: N_02-1.png_Mean-Medain.png
Component: component_1744889758219_214.png
centerX: 0.22370012091898428
centerY: 0.41317365269461076
width: 0.02418379685610641
height: 0.0290846877673225
Area: 0.00022084006111115133
CentroidX: 0.2340
CentroidY: 0.4297
