Location: N_01-1.png_Mean-Closing.png
Component: component_1744889758684_311.png
centerX: 0.7267230955259976
centerY: 0.636869118905047
width: 0.02599758162031439
height: 0.030795551753635585
Area: 0.00023454559183584808
CentroidX: 0.7383
CentroidY: 0.6544
