Location: N_02-1.png_Mean-Medain.png
Component: component_1744889758194_150.png
centerX: 0.22249093107617895
centerY: 0.29555175363558595
width: 0.018742442563482467
height: 0.026090675791274595
Area: 0.00017196562135704408
CentroidX: 0.2298
CentroidY: 0.3106
