Location: N_01-1.png_Gaussian-Median.png
Component: component_1744889758530_296.png
centerX: 0.6221281741233373
centerY: 0.5945252352437981
width: 0.022370012091898428
height: 0.02694610778443114
Area: 0.0002094618846604597
CentroidX: 0.6315
CentroidY: 0.6096
