Location: N_02-1.png_Mean-Medain.png
Component: component_1744889758034_28.png
centerX: 0.6837968561064087
centerY: 0.05389221556886228
width: 0.02357920193470375
height: 0.02694610778443114
Area: 0.00019911808788710365
CentroidX: 0.6934
CentroidY: 0.0689
